 0.00000000e+00  1.48000000e+00  0.00000000e+00  1.48148160e-12  1.40887973e+00  1.81255425e+00  9.21445674e-01  1.60595847e+00  3.30851637e+01  1.52790831e+00  5.18768270e+00 
 1.00000000e-02  1.48000000e+00  1.00000000e-02  1.48148160e-12  1.40887973e+00  1.81255425e+00  9.21445674e-01  1.60595847e+00  3.30851637e+01  1.52790831e+00  5.18768270e+00 
 2.00000000e-02  1.48000000e+00  2.00000000e-02  1.48148160e-12  1.40887973e+00  1.81255425e+00  9.21445674e-01  1.60595847e+00  3.30851637e+01  1.52790831e+00  5.18768270e+00 
 3.00000000e-02  1.48000000e+00  3.00000000e-02  1.48148160e-12  1.40887973e+00  1.81255425e+00  9.21445674e-01  1.60595847e+00  3.30851637e+01  1.52790831e+00  5.18768270e+00 
 4.00000000e-02  1.48000000e+00  4.00000000e-02  1.48148160e-12  1.40887973e+00  1.81255425e+00  9.21445674e-01  1.60595847e+00  3.30851637e+01  1.52790831e+00  5.18768270e+00 
 5.00000000e-02  1.48000000e+00  5.00000000e-02  1.48148160e-12  1.40887973e+00  1.81255425e+00  9.21445674e-01  1.60595847e+00  3.30851637e+01  1.52790831e+00  5.18768270e+00 
 6.00000000e-02  1.48000000e+00  6.00000000e-02  1.48148160e-12  1.40887973e+00  1.81255425e+00  9.21445674e-01  1.60595847e+00  3.30851637e+01  1.52790831e+00  5.18768270e+00 
 7.00000000e-02  1.48000000e+00  7.00000000e-02  1.48148160e-12  1.40887973e+00  1.81255425e+00  9.21445674e-01  1.60595847e+00  3.30851637e+01  1.52790831e+00  5.18768270e+00 
 8.00000000e-02  1.48000000e+00  8.00000000e-02  1.48148160e-12  1.40887973e+00  1.81255425e+00  9.21445674e-01  1.60595847e+00  3.30851637e+01  1.52790831e+00  5.18768270e+00 
 9.00000000e-02  1.48000000e+00  9.00000000e-02  1.48148160e-12  1.40887973e+00  1.81255425e+00  9.21445674e-01  1.60595847e+00  3.30851637e+01  1.52790831e+00  5.18768270e+00 
 1.00000000e-01  1.48000000e+00  1.00000000e-01  1.48148160e-12  1.40887973e+00  1.81255425e+00  9.21445674e-01  1.60595847e+00  3.30851637e+01  1.52790831e+00  5.18768270e+00 
 1.10000000e-01  1.48000000e+00  1.10000000e-01  1.48148160e-12  1.40887973e+00  1.81255425e+00  9.21445674e-01  1.60595847e+00  3.30851637e+01  1.52790831e+00  5.18768270e+00 
 1.20000000e-01  1.48000000e+00  1.20000000e-01  1.48148160e-12  1.40887973e+00  1.81255425e+00  9.21445674e-01  1.60595847e+00  3.30851637e+01  1.52790831e+00  5.18768270e+00 
 1.30000000e-01  1.48000000e+00  1.30000000e-01  1.48148160e-12  1.40887973e+00  1.81255425e+00  9.21445674e-01  1.60595847e+00  3.30851637e+01  1.52790831e+00  5.18768270e+00 
 1.40000000e-01  1.48000000e+00  1.40000000e-01  1.48148160e-12  1.40887973e+00  1.81255425e+00  9.21445674e-01  1.60595847e+00  3.30851637e+01  1.52790831e+00  5.18768270e+00 
 1.50000000e-01  1.48000000e+00  1.50000000e-01  1.48148160e-12  1.40887973e+00  1.81255425e+00  9.21445674e-01  1.60595847e+00  3.30851637e+01  1.52790831e+00  5.18768270e+00 
 1.60000000e-01  1.48000000e+00  1.60000000e-01  1.48148160e-12  1.40887973e+00  1.81255425e+00  9.21445674e-01  1.60595847e+00  3.30851637e+01  1.52790831e+00  5.18768270e+00 
 1.70000000e-01  1.48000000e+00  1.70000000e-01  1.48148160e-12  1.40887973e+00  1.81255425e+00  9.21445674e-01  1.60595847e+00  3.30851637e+01  1.52790831e+00  5.18768270e+00 
 1.80000000e-01  1.48000000e+00  1.80000000e-01  1.48148160e-12  1.40887973e+00  1.81255425e+00  9.21445674e-01  1.60595847e+00  3.30851637e+01  1.52790831e+00  5.18768270e+00 
 1.90000000e-01  1.48000000e+00  1.90000000e-01  1.48148160e-12  1.40887973e+00  1.81255425e+00  9.21445674e-01  1.60595847e+00  3.30851637e+01  1.52790831e+00  5.18768270e+00 
 2.00000000e-01  1.48000000e+00  2.00000000e-01  1.48148160e-12  1.40887973e+00  1.81255425e+00  9.21445674e-01  1.60595847e+00  3.30851637e+01  1.52790831e+00  5.18768270e+00 
 2.10000000e-01  1.48000000e+00  2.10000000e-01  1.48148160e-12  1.40887973e+00  1.81255425e+00  9.21445674e-01  1.60595847e+00  3.30851637e+01  1.52790831e+00  5.18768270e+00 
 2.20000000e-01  1.48000000e+00  2.20000000e-01  1.48148160e-12  1.40887973e+00  1.81255425e+00  9.21445674e-01  1.60595847e+00  3.30851637e+01  1.52790831e+00  5.18768270e+00 
 2.30000000e-01  1.48000000e+00  2.30000000e-01  1.48148160e-12  1.40887973e+00  1.81255425e+00  9.21445674e-01  1.60595847e+00  3.30851637e+01  1.52790831e+00  5.18768270e+00 
 2.40000000e-01  1.48000000e+00  2.40000000e-01  1.48148160e-12  1.40887973e+00  1.81255425e+00  9.21445674e-01  1.60595847e+00  3.30851637e+01  1.52790831e+00  5.18768270e+00 
 2.50000000e-01  1.48000000e+00  2.50000000e-01  1.48148160e-12  1.40887973e+00  1.81255425e+00  9.21445674e-01  1.60595847e+00  3.30851637e+01  1.52790831e+00  5.18768270e+00 
 2.60000000e-01  1.48000000e+00  2.60000000e-01  1.48148160e-12  1.40887973e+00  1.81255425e+00  9.21445674e-01  1.60595847e+00  3.30851637e+01  1.52790831e+00  5.18768270e+00 
 2.70000000e-01  1.48000000e+00  2.70000000e-01  1.48148160e-12  1.40887973e+00  1.81255425e+00  9.21445674e-01  1.60595847e+00  3.30851637e+01  1.52790831e+00  5.18768270e+00 
 2.80000000e-01  1.48000000e+00  2.80000000e-01  1.48148160e-12  1.40887973e+00  1.81255425e+00  9.21445674e-01  1.60595847e+00  3.30851637e+01  1.52790831e+00  5.18768270e+00 
 2.90000000e-01  1.48000000e+00  2.90000000e-01  1.48148160e-12  1.40887973e+00  1.81255425e+00  9.21445674e-01  1.60595847e+00  3.30851637e+01  1.52790831e+00  5.18768270e+00 
 3.00000000e-01  1.48000000e+00  3.00000000e-01  1.48148160e-12  1.40887973e+00  1.81255425e+00  9.21445674e-01  1.60595847e+00  3.30851637e+01  1.52790831e+00  5.18768270e+00 
 3.10000000e-01  1.48000000e+00  3.10000000e-01  1.48148160e-12  1.40887973e+00  1.81255425e+00  9.21445674e-01  1.60595847e+00  3.30851637e+01  1.52790831e+00  5.18768270e+00 
 3.20000000e-01  1.48000000e+00  3.20000000e-01  1.48148160e-12  1.40887973e+00  1.81255425e+00  9.21445674e-01  1.60595847e+00  3.30851637e+01  1.52790831e+00  5.18768270e+00 
 3.30000000e-01  1.48000000e+00  3.30000000e-01  1.48148160e-12  1.40887973e+00  1.81255425e+00  9.21445674e-01  1.60595847e+00  3.30851637e+01  1.52790831e+00  5.18768270e+00 
 3.40000000e-01  1.48000000e+00  3.40000000e-01  1.48148160e-12  1.40887973e+00  1.81255425e+00  9.21445674e-01  1.60595847e+00  3.30851637e+01  1.52790831e+00  5.18768270e+00 
 3.50000000e-01  1.48000000e+00  3.50000000e-01  1.48148160e-12  1.40887973e+00  1.81255425e+00  9.21445674e-01  1.60595847e+00  3.30851637e+01  1.52790831e+00  5.18768270e+00 
 3.60000000e-01  1.48000000e+00  3.60000000e-01  1.48148160e-12  1.40887973e+00  1.81255425e+00  9.21445674e-01  1.60595847e+00  3.30851637e+01  1.52790831e+00  5.18768270e+00 
 3.70000000e-01  1.48000000e+00  3.70000000e-01  1.48148160e-12  1.40887973e+00  1.81255425e+00  9.21445674e-01  1.60595847e+00  3.30851637e+01  1.52790831e+00  5.18768270e+00 
 3.80000000e-01  1.48000000e+00  3.80000000e-01  1.48148160e-12  1.40887973e+00  1.81255425e+00  9.21445674e-01  1.60595847e+00  3.30851637e+01  1.52790831e+00  5.18768270e+00 
 3.90000000e-01  1.48000000e+00  3.90000000e-01  1.48148160e-12  1.40887973e+00  1.81255425e+00  9.21445674e-01  1.60595847e+00  3.30851637e+01  1.52790831e+00  5.18768270e+00 
 4.00000000e-01  1.48000000e+00  4.00000000e-01  1.48148160e-12  1.40887973e+00  1.81255425e+00  9.21445674e-01  1.60595847e+00  3.30851637e+01  1.52790831e+00  5.18768270e+00 
 4.10000000e-01  1.48000000e+00  4.10000000e-01  1.48148160e-12  1.40887973e+00  1.81255425e+00  9.21445674e-01  1.60595847e+00  3.30851637e+01  1.52790831e+00  5.18768270e+00 
 4.20000000e-01  1.48000000e+00  4.20000000e-01  1.48148160e-12  1.40887973e+00  1.81255425e+00  9.21445674e-01  1.60595847e+00  3.30851637e+01  1.52790831e+00  5.18768270e+00 
 4.30000000e-01  1.48000000e+00  4.30000000e-01  1.48148160e-12  1.40887973e+00  1.81255425e+00  9.21445674e-01  1.60595847e+00  3.30851637e+01  1.52790831e+00  5.18768270e+00 
 4.40000000e-01  1.48000000e+00  4.40000000e-01  1.48148160e-12  1.40887973e+00  1.81255425e+00  9.21445674e-01  1.60595847e+00  3.30851637e+01  1.52790831e+00  5.18768270e+00 
 4.50000000e-01  1.48000000e+00  4.50000000e-01  1.48148160e-12  1.40887973e+00  1.81255425e+00  9.21445674e-01  1.60595847e+00  3.30851637e+01  1.52790831e+00  5.18768270e+00 
 4.60000000e-01  1.48000000e+00  4.60000000e-01  1.48148160e-12  1.40887973e+00  1.81255425e+00  9.21445674e-01  1.60595847e+00  3.30851637e+01  1.52790831e+00  5.18768270e+00 
 4.70000000e-01  1.48000000e+00  4.70000000e-01  1.48148160e-12  1.40887973e+00  1.81255425e+00  9.21445674e-01  1.60595847e+00  3.30851637e+01  1.52790831e+00  5.18768270e+00 
 4.80000000e-01  1.48000000e+00  4.80000000e-01  1.48325796e-12  1.40887973e+00  1.81255425e+00  9.21445674e-01  1.60595847e+00  3.30851637e+01  1.52790831e+00  5.18768270e+00 
 4.90000000e-01  1.48000000e+00  4.90000000e-01  1.48503432e-12  1.40887973e+00  1.81255425e+00  9.21445674e-01  1.60595847e+00  3.30851637e+01  1.52790831e+00  5.18768270e+00 
 5.00000000e-01  1.48000000e+00  5.00000000e-01  1.49036339e-12  1.40887973e+00  1.81255425e+00  9.21445674e-01  1.60595847e+00  3.30851637e+01  1.52790831e+00  5.18768270e+00 
 5.10000000e-01  1.48000000e+00  5.10000000e-01  1.50279789e-12  1.40887973e+00  1.81255425e+00  9.21445674e-01  1.60595847e+00  3.30851637e+01  1.52790831e+00  5.18768270e+00 
 5.20000000e-01  1.48000000e+00  5.20000000e-01  1.53654867e-12  1.40887973e+00  1.81255425e+00  9.21445674e-01  1.60595847e+00  3.30851637e+01  1.52790831e+00  5.18768270e+00 
 5.30000000e-01  1.48000000e+00  5.30000000e-01  1.62536651e-12  1.40887973e+00  1.81255425e+00  9.21445674e-01  1.60595847e+00  3.30851637e+01  1.52790831e+00  5.18768270e+00 
 5.40000000e-01  1.48000000e+00  5.40000000e-01  1.85274018e-12  1.40887973e+00  1.81255425e+00  9.21445674e-01  1.60595847e+00  3.30851637e+01  1.52790831e+00  5.18768270e+00 
 5.50000000e-01  1.48000000e+00  5.50000000e-01  2.46025422e-12  1.40887973e+00  1.81255425e+00  9.21445674e-01  1.60595847e+00  3.30851637e+01  1.52790831e+00  5.18768270e+00 
 5.60000000e-01  1.48000000e+00  5.60000000e-01  4.04831724e-12  1.40887973e+00  1.81255425e+00  9.21445674e-01  1.60595847e+00  3.30851637e+01  1.52790831e+00  5.18768270e+00 
 5.70000000e-01  1.48000000e+00  5.70000000e-01  8.19611046e-12  1.40887973e+00  1.81255425e+00  9.21445674e-01  1.60595847e+00  3.30851637e+01  1.52790831e+00  5.18768270e+00 
 5.80000000e-01  1.48000000e+00  5.80000000e-01  1.89803728e-11  1.40887973e+00  1.81255425e+00  9.21445674e-01  1.60595847e+00  3.30851637e+01  1.52790831e+00  5.18768270e+00 
 5.90000000e-01  1.48000000e+00  5.90000000e-01  4.68052264e-11  1.40887973e+00  1.81255425e+00  9.21445674e-01  1.60595847e+00  3.30851637e+01  1.52790831e+00  5.18768270e+00 
 6.00000000e-01  1.48000000e+00  6.00000000e-01  1.17665877e-10  1.40887973e+00  1.81255425e+00  9.21445674e-01  1.60595847e+00  3.30851637e+01  1.52790831e+00  5.18768270e+00 
 6.10000000e-01  1.48000000e+00  6.10000000e-01  2.94692271e-10  1.40887973e+00  1.81255425e+00  9.21445674e-01  1.60595847e+00  3.30851637e+01  1.52790831e+00  5.18768270e+00 
 6.20000000e-01  1.48000000e+00  6.20000000e-01  7.24494242e-10  1.40887973e+00  1.81255425e+00  9.21445674e-01  1.60595847e+00  3.30851637e+01  1.52790831e+00  5.18768270e+00 
 6.30000000e-01  1.48000000e+00  6.30000000e-01  1.72676629e-09  1.40887973e+00  1.81255425e+00  9.21445674e-01  1.60595847e+00  3.30851637e+01  1.52790831e+00  5.18768270e+00 
 6.40000000e-01  1.48000000e+00  6.40000000e-01  3.94353883e-09  1.40887973e+00  1.81255425e+00  9.21445674e-01  1.60595847e+00  3.30851637e+01  1.52790831e+00  5.18768270e+00 
 6.50000000e-01  1.48000000e+00  6.50000000e-01  8.54653237e-09  1.40887973e+00  1.81255425e+00  9.21445674e-01  1.60595847e+00  3.30851637e+01  1.52790831e+00  5.18768270e+00 
 6.60000000e-01  1.48000000e+00  6.60000000e-01  1.74879506e-08  1.40887973e+00  1.81255425e+00  9.21445674e-01  1.60595847e+00  3.30851637e+01  1.52790831e+00  5.18768270e+00 
 6.70000000e-01  1.48000000e+00  6.70000000e-01  3.38303661e-08  1.40887973e+00  1.81255425e+00  9.21445674e-01  1.60595847e+00  3.30851637e+01  1.52790831e+00  5.18768270e+00 
 6.80000000e-01  1.48000000e+00  6.80000000e-01  6.23169125e-08  1.40887973e+00  1.81255425e+00  9.21445674e-01  1.60595847e+00  3.30851637e+01  1.52790831e+00  5.18768270e+00 
 6.90000000e-01  1.48000000e+00  6.90000000e-01  1.10449095e-07  1.40887973e+00  1.81255425e+00  9.21445674e-01  1.60595847e+00  3.30851637e+01  1.52790831e+00  5.18768270e+00 
 7.00000000e-01  1.48000000e+00  7.00000000e-01  1.90393138e-07  1.40887973e+00  1.81255425e+00  9.21445674e-01  1.60595847e+00  3.30851637e+01  1.52790831e+00  5.18768270e+00 
 7.10000000e-01  1.48000000e+00  7.10000000e-01  3.22150711e-07  1.40887973e+00  1.81255425e+00  9.21445674e-01  1.60595847e+00  3.30851637e+01  1.52790831e+00  5.18768270e+00 
 7.20000000e-01  1.48000000e+00  7.20000000e-01  5.38641430e-07  1.40887973e+00  1.81255425e+00  9.21445674e-01  1.60595847e+00  3.30851637e+01  1.52790831e+00  5.18768270e+00 
 7.30000000e-01  1.48000000e+00  7.30000000e-01  8.93371077e-07  1.40887973e+00  1.81255425e+00  9.21445674e-01  1.60595847e+00  3.30851637e+01  1.52790831e+00  5.18768270e+00 
 7.40000000e-01  1.48000000e+00  7.40000000e-01  1.47043540e-06  1.40887973e+00  1.81255425e+00  9.21445674e-01  1.60595847e+00  3.30851637e+01  1.52790831e+00  5.18768270e+00 
 7.50000000e-01  1.48000000e+00  7.50000000e-01  2.39363096e-06  1.40887973e+00  1.81255425e+00  9.21445674e-01  1.60595847e+00  3.30851637e+01  1.52790831e+00  5.18768270e+00 
 7.60000000e-01  1.48000000e+00  7.60000000e-01  3.82689356e-06  1.40887973e+00  1.81255425e+00  9.21445674e-01  1.60595847e+00  3.30851637e+01  1.52790831e+00  5.18768270e+00 
 7.70000000e-01  1.48000000e+00  7.70000000e-01  5.95760419e-06  1.40887973e+00  1.81255425e+00  9.21445674e-01  1.60595847e+00  3.30851637e+01  1.52790831e+00  5.18768270e+00 
 7.80000000e-01  1.48000000e+00  7.80000000e-01  8.96431083e-06  1.40887973e+00  1.81255425e+00  9.21445674e-01  1.60595847e+00  3.30851637e+01  1.52790831e+00  5.18768270e+00 
 7.90000000e-01  1.48000000e+00  7.90000000e-01  1.29848846e-05  1.40887973e+00  1.81255425e+00  9.21445674e-01  1.60595847e+00  3.30851637e+01  1.52790831e+00  5.18768270e+00 
 8.00000000e-01  1.48000000e+00  8.00000000e-01  1.81021185e-05  1.40887973e+00  1.81255425e+00  9.21445674e-01  1.60595847e+00  3.30851637e+01  1.52790831e+00  5.18768270e+00 
 8.10000000e-01  1.48000000e+00  8.10000000e-01  2.43492703e-05  1.40887973e+00  1.81255425e+00  9.21445674e-01  1.60595847e+00  3.30851637e+01  1.52790831e+00  5.18768270e+00 
 8.20000000e-01  1.48000000e+00  8.20000000e-01  3.17257575e-05  1.40887973e+00  1.81255425e+00  9.21445674e-01  1.60595847e+00  3.30851637e+01  1.52790831e+00  5.18768270e+00 
 8.30000000e-01  1.48000000e+00  8.30000000e-01  4.02127913e-05  1.40887973e+00  1.81255425e+00  9.21445674e-01  1.60595847e+00  3.30851637e+01  1.52790831e+00  5.18768270e+00 
 8.40000000e-01  1.48000000e+00  8.40000000e-01  4.97843239e-05  1.40887973e+00  1.81255425e+00  9.21445674e-01  1.60595847e+00  3.30851637e+01  1.52790831e+00  5.18768270e+00 
 8.50000000e-01  1.48000000e+00  8.50000000e-01  6.04131308e-05  1.40887973e+00  1.81255425e+00  9.21445674e-01  1.60595847e+00  3.30851637e+01  1.52790831e+00  5.18768270e+00 
 8.60000000e-01  1.48000000e+00  8.60000000e-01  7.20735046e-05  1.40887973e+00  1.81255425e+00  9.21445674e-01  1.60595847e+00  3.30851637e+01  1.52790831e+00  5.18768270e+00 
 8.70000000e-01  1.48000000e+00  8.70000000e-01  8.47420448e-05  1.40887973e+00  1.81255425e+00  9.21445674e-01  1.60595847e+00  3.30851637e+01  1.52790831e+00  5.18768270e+00 
 8.80000000e-01  1.48000000e+00  8.80000000e-01  9.83975529e-05  1.40887973e+00  1.81255425e+00  9.21445674e-01  1.60595847e+00  3.30851637e+01  1.52790831e+00  5.18768270e+00 
 8.90000000e-01  1.48000000e+00  8.90000000e-01  1.13020600e-04  1.40887973e+00  1.81255425e+00  9.21445674e-01  1.60595847e+00  3.30851637e+01  1.52790831e+00  5.18768270e+00 
 9.00000000e-01  1.48000000e+00  9.00000000e-01  1.28593042e-04  1.40887973e+00  1.81255425e+00  9.21445674e-01  1.60595847e+00  3.30851637e+01  1.52790831e+00  5.18768270e+00 
 9.10000000e-01  1.48000000e+00  9.10000000e-01  1.45097592e-04  1.40887973e+00  1.81255425e+00  9.21445674e-01  1.60595847e+00  3.30851637e+01  1.52790831e+00  5.18768270e+00 
 9.20000000e-01  1.48000000e+00  9.20000000e-01  1.62517493e-04  1.40887973e+00  1.81255425e+00  9.21445674e-01  1.60595847e+00  3.30851637e+01  1.52790831e+00  5.18768270e+00 
 9.30000000e-01  1.48000000e+00  9.30000000e-01  1.80836272e-04  1.40887973e+00  1.81255425e+00  9.21445674e-01  1.60595847e+00  3.30851637e+01  1.52790831e+00  5.18768270e+00 
 9.40000000e-01  1.48000000e+00  9.40000000e-01  2.00037577e-04  1.40887973e+00  1.81255425e+00  9.21445674e-01  1.60595847e+00  3.30851637e+01  1.52790831e+00  5.18768270e+00 
 9.50000000e-01  1.48000000e+00  9.50000000e-01  2.20105067e-04  1.40887973e+00  1.81255425e+00  9.21445674e-01  1.60595847e+00  3.30851637e+01  1.52790831e+00  5.18768270e+00 
 9.60000000e-01  1.48000000e+00  9.60000000e-01  2.41022347e-04  1.40887973e+00  1.81255425e+00  9.21445674e-01  1.60595847e+00  3.30851637e+01  1.52790831e+00  5.18768270e+00 
 9.70000000e-01  1.48000000e+00  9.70000000e-01  2.62772925e-04  1.40887973e+00  1.81255425e+00  9.21445674e-01  1.60595847e+00  3.30851637e+01  1.52790831e+00  5.18768270e+00 
 9.80000000e-01  1.48000000e+00  9.80000000e-01  2.85340207e-04  1.40887973e+00  1.81255425e+00  9.21445674e-01  1.60595847e+00  3.30851637e+01  1.52790831e+00  5.18768270e+00 
 9.90000000e-01  1.48000000e+00  9.90000000e-01  3.08707491e-04  1.40887973e+00  1.81255425e+00  9.21445674e-01  1.60595847e+00  3.30851637e+01  1.52790831e+00  5.18768270e+00 
 1.00000000e+00  1.48000000e+00  1.00000000e+00  3.32857974e-04  1.40887973e+00  1.81255425e+00  9.21445674e-01  1.60595847e+00  3.30851637e+01  1.52790831e+00  5.18768270e+00 
 1.01000000e+00  1.48000000e+00  1.01000000e+00  3.57774767e-04  1.40887973e+00  1.81255425e+00  9.21445674e-01  1.60595847e+00  3.30851637e+01  1.52790831e+00  5.18768270e+00 
 1.02000000e+00  1.48000000e+00  1.02000000e+00  3.83440905e-04  1.40887973e+00  1.81255425e+00  9.21445674e-01  1.60595847e+00  3.30851637e+01  1.52790831e+00  5.18768270e+00 
 1.03000000e+00  1.48000000e+00  1.03000000e+00  4.09839370e-04  1.40887973e+00  1.81255425e+00  9.21445674e-01  1.60595847e+00  3.30851637e+01  1.52790831e+00  5.18768270e+00 
 1.04000000e+00  1.48000000e+00  1.04000000e+00  4.36953108e-04  1.40887973e+00  1.81255425e+00  9.21445674e-01  1.60595847e+00  3.30851637e+01  1.52790831e+00  5.18768270e+00 
 1.05000000e+00  1.48000000e+00  1.05000000e+00  4.64765047e-04  1.40887973e+00  1.81255425e+00  9.21445674e-01  1.60595847e+00  3.30851637e+01  1.52790831e+00  5.18768270e+00 
 1.06000000e+00  1.48000000e+00  1.06000000e+00  4.93258117e-04  1.40887973e+00  1.81255425e+00  9.21445674e-01  1.60595847e+00  3.30851637e+01  1.52790831e+00  5.18768270e+00 
 1.07000000e+00  1.48000000e+00  1.07000000e+00  5.22415269e-04  1.40887973e+00  1.81255425e+00  9.21445674e-01  1.60595847e+00  3.30851637e+01  1.52790831e+00  5.18768270e+00 
 1.08000000e+00  1.48000000e+00  1.08000000e+00  5.52219489e-04  1.40887973e+00  1.81255425e+00  9.21445674e-01  1.60595847e+00  3.30851637e+01  1.52790831e+00  5.18768270e+00 
 1.09000000e+00  1.48000000e+00  1.09000000e+00  5.82653819e-04  1.40887973e+00  1.81255425e+00  9.21445674e-01  1.60595847e+00  3.30851637e+01  1.52790831e+00  5.18768270e+00 
 1.10000000e+00  1.48000000e+00  1.10000000e+00  6.13701369e-04  1.40887973e+00  1.81255425e+00  9.21445674e-01  1.60595847e+00  3.30851637e+01  1.52790831e+00  5.18768270e+00 
 1.11000000e+00  1.48000000e+00  1.11000000e+00  6.45345335e-04  1.40887973e+00  1.81255425e+00  9.21445674e-01  1.60595847e+00  3.30851637e+01  1.52790831e+00  5.18768270e+00 
 1.12000000e+00  1.48000000e+00  1.12000000e+00  6.77569012e-04  1.40887973e+00  1.81255425e+00  9.21445674e-01  1.60595847e+00  3.30851637e+01  1.52790831e+00  5.18768270e+00 
 1.13000000e+00  1.48000000e+00  1.13000000e+00  7.10355808e-04  1.40887973e+00  1.81255425e+00  9.21445674e-01  1.60595847e+00  3.30851637e+01  1.52790831e+00  5.18768270e+00 
 1.14000000e+00  1.48000000e+00  1.14000000e+00  7.43689255e-04  1.40887973e+00  1.81255425e+00  9.21445674e-01  1.60595847e+00  3.30851637e+01  1.52790831e+00  5.18768270e+00 
 1.15000000e+00  1.48000000e+00  1.15000000e+00  7.77553019e-04  1.40887973e+00  1.81255425e+00  9.21445674e-01  1.60595847e+00  3.30851637e+01  1.52790831e+00  5.18768270e+00 
 1.16000000e+00  1.48000000e+00  1.16000000e+00  8.11930916e-04  1.40887973e+00  1.81255425e+00  9.21445674e-01  1.60595847e+00  3.30851637e+01  1.52790831e+00  5.18768270e+00 
 1.17000000e+00  1.48000000e+00  1.17000000e+00  8.46806917e-04  1.40887973e+00  1.81255425e+00  9.21445674e-01  1.60595847e+00  3.30851637e+01  1.52790831e+00  5.18768270e+00 
 1.18000000e+00  1.48000000e+00  1.18000000e+00  8.82165160e-04  1.40887973e+00  1.81255425e+00  9.21445674e-01  1.60595847e+00  3.30851637e+01  1.52790831e+00  5.18768270e+00 
 1.19000000e+00  1.48000000e+00  1.19000000e+00  9.17989954e-04  1.40887973e+00  1.81255425e+00  9.21445674e-01  1.60595847e+00  3.30851637e+01  1.52790831e+00  5.18768270e+00 
 1.20000000e+00  1.48000000e+00  1.20000000e+00  9.54265792e-04  1.40887973e+00  1.81255425e+00  9.21445674e-01  1.60595847e+00  3.30851637e+01  1.52790831e+00  5.18768270e+00 
 1.21000000e+00  1.48000000e+00  1.21000000e+00  9.90977356e-04  1.40887973e+00  1.81255425e+00  9.21445674e-01  1.60595847e+00  3.30851637e+01  1.52790831e+00  5.18768270e+00 
 1.22000000e+00  1.48000000e+00  1.22000000e+00  1.02810952e-03  1.40887973e+00  1.81255425e+00  9.21445674e-01  1.60595847e+00  3.30851637e+01  1.52790831e+00  5.18768270e+00 
 1.23000000e+00  1.48000000e+00  1.23000000e+00  1.06564736e-03  1.40887973e+00  1.81255425e+00  9.21445674e-01  1.60595847e+00  3.30851637e+01  1.52790831e+00  5.18768270e+00 
 1.24000000e+00  1.48000000e+00  1.24000000e+00  1.10357616e-03  1.40887973e+00  1.81255425e+00  9.21445674e-01  1.60595847e+00  3.30851637e+01  1.52790831e+00  5.18768270e+00 
 1.25000000e+00  1.48000000e+00  1.25000000e+00  1.14188141e-03  1.40887973e+00  1.81255425e+00  9.21445674e-01  1.60595847e+00  3.30851637e+01  1.52790831e+00  5.18768270e+00 
 1.26000000e+00  1.48000000e+00  1.26000000e+00  1.18054881e-03  1.40887973e+00  1.81255425e+00  9.21445674e-01  1.60595847e+00  3.30851637e+01  1.52790831e+00  5.18768270e+00 
 1.27000000e+00  1.48000000e+00  1.27000000e+00  1.21956428e-03  1.40887973e+00  1.81255425e+00  9.21445674e-01  1.60595847e+00  3.30851637e+01  1.52790831e+00  5.18768270e+00 
 1.28000000e+00  1.48000000e+00  1.28000000e+00  1.25891396e-03  1.40887973e+00  1.81255425e+00  9.21445674e-01  1.60595847e+00  3.30851637e+01  1.52790831e+00  5.18768270e+00 
 1.29000000e+00  1.48000000e+00  1.29000000e+00  1.29858422e-03  1.40887973e+00  1.81255425e+00  9.21445674e-01  1.60595847e+00  3.30851637e+01  1.52790831e+00  5.18768270e+00 
 1.30000000e+00  1.48000000e+00  1.30000000e+00  1.33856163e-03  1.40887973e+00  1.81255425e+00  9.21445674e-01  1.60595847e+00  3.30851637e+01  1.52790831e+00  5.18768270e+00 
 1.31000000e+00  1.48000000e+00  1.31000000e+00  1.37883300e-03  1.40887973e+00  1.81255425e+00  9.21445674e-01  1.60595847e+00  3.30851637e+01  1.52790831e+00  5.18768270e+00 
 1.32000000e+00  1.48000000e+00  1.32000000e+00  1.41938536e-03  1.40887973e+00  1.81255425e+00  9.21445674e-01  1.60595847e+00  3.30851637e+01  1.52790831e+00  5.18768270e+00 
 1.33000000e+00  1.48000000e+00  1.33000000e+00  1.46020599e-03  1.40887973e+00  1.81255425e+00  9.21445674e-01  1.60595847e+00  3.30851637e+01  1.52790831e+00  5.18768270e+00 
 1.34000000e+00  1.48000000e+00  1.34000000e+00  1.50128235e-03  1.40887973e+00  1.81255425e+00  9.21445674e-01  1.60595847e+00  3.30851637e+01  1.52790831e+00  5.18768270e+00 
 1.35000000e+00  1.48000000e+00  1.35000000e+00  1.54260218e-03  1.40887973e+00  1.81255425e+00  9.21445674e-01  1.60595847e+00  3.30851637e+01  1.52790831e+00  5.18768270e+00 
 1.36000000e+00  1.48000000e+00  1.36000000e+00  1.58415339e-03  1.40887973e+00  1.81255425e+00  9.21445674e-01  1.60595847e+00  3.30851637e+01  1.52790831e+00  5.18768270e+00 
 1.37000000e+00  1.48000000e+00  1.37000000e+00  1.62592416e-03  1.40887973e+00  1.81255425e+00  9.21445674e-01  1.60595847e+00  3.30851637e+01  1.52790831e+00  5.18768270e+00 
 1.38000000e+00  1.48000000e+00  1.38000000e+00  1.66790286e-03  1.40887973e+00  1.81255425e+00  9.21445674e-01  1.60595847e+00  3.30851637e+01  1.52790831e+00  5.18768270e+00 
 1.39000000e+00  1.48000000e+00  1.39000000e+00  1.71007812e-03  1.40887973e+00  1.81255425e+00  9.21445674e-01  1.60595847e+00  3.30851637e+01  1.52790831e+00  5.18768270e+00 
 1.40000000e+00  1.48000000e+00  1.40000000e+00  1.75243876e-03  1.40887973e+00  1.81255425e+00  9.21445674e-01  1.60595847e+00  3.30851637e+01  1.52790831e+00  5.18768270e+00 
 1.41000000e+00  1.48000000e+00  1.41000000e+00  1.79497383e-03  1.40887973e+00  1.81255425e+00  9.21445674e-01  1.60595847e+00  3.30851637e+01  1.52790831e+00  5.18768270e+00 
 1.42000000e+00  1.48000000e+00  1.42000000e+00  1.83767259e-03  1.40887973e+00  1.81255425e+00  9.21445674e-01  1.60595847e+00  3.30851637e+01  1.52790831e+00  5.18768270e+00 
 1.43000000e+00  1.48000000e+00  1.43000000e+00  1.88052453e-03  1.40887973e+00  1.81255425e+00  9.21445674e-01  1.60595847e+00  3.30851637e+01  1.52790831e+00  5.18768270e+00 
 1.44000000e+00  1.48000000e+00  1.44000000e+00  1.92351935e-03  1.40887973e+00  1.81255425e+00  9.21445674e-01  1.60595847e+00  3.30851637e+01  1.52790831e+00  5.18768270e+00 
 1.45000000e+00  1.48000000e+00  1.45000000e+00  1.96664695e-03  1.40887973e+00  1.81255425e+00  9.21445674e-01  1.60595847e+00  3.30851637e+01  1.52790831e+00  5.18768270e+00 
 1.46000000e+00  1.48000000e+00  1.46000000e+00  2.00989745e-03  1.40887973e+00  1.81255425e+00  9.21445674e-01  1.60595847e+00  3.30851637e+01  1.52790831e+00  5.18768270e+00 
 1.47000000e+00  1.48000000e+00  1.47000000e+00  2.05326116e-03  1.40887973e+00  1.81255425e+00  9.21445674e-01  1.60595847e+00  3.30851637e+01  1.52790831e+00  5.18768270e+00 
 1.48000000e+00  1.48000000e+00  1.48000000e+00  2.09672860e-03  1.40887973e+00  1.81255425e+00  9.21445674e-01  1.60595847e+00  3.30851637e+01  1.52790831e+00  5.18768270e+00 
 1.49000000e+00  1.48000000e+00  1.49000000e+00  2.14029051e-03  1.40887973e+00  1.81255425e+00  9.21445674e-01  1.60595847e+00  3.30851637e+01  1.52790831e+00  5.18768270e+00 
 1.50000000e+00  1.48000000e+00  1.50000000e+00  2.18393779e-03  1.40887973e+00  1.81255425e+00  9.21445674e-01  1.60595847e+00  3.30851637e+01  1.52790831e+00  5.18768270e+00 
 1.51000000e+00  1.48000000e+00  1.51000000e+00  2.22766156e-03  1.40887973e+00  1.81255425e+00  9.21445674e-01  1.60595847e+00  3.30851637e+01  1.52790831e+00  5.18768270e+00 
 1.52000000e+00  1.48000000e+00  1.52000000e+00  2.27145313e-03  1.40887973e+00  1.81255425e+00  9.21445674e-01  1.60595847e+00  3.30851637e+01  1.52790831e+00  5.18768270e+00 
 1.53000000e+00  1.48000000e+00  1.53000000e+00  2.31530397e-03  1.40887973e+00  1.81255425e+00  9.21445674e-01  1.60595847e+00  3.30851637e+01  1.52790831e+00  5.18768270e+00 
 1.54000000e+00  1.48000000e+00  1.54000000e+00  2.35920577e-03  1.40887973e+00  1.81255425e+00  9.21445674e-01  1.60595847e+00  3.30851637e+01  1.52790831e+00  5.18768270e+00 
 1.55000000e+00  1.48000000e+00  1.55000000e+00  2.40315039e-03  1.40887973e+00  1.81255425e+00  9.21445674e-01  1.60595847e+00  3.30851637e+01  1.52790831e+00  5.18768270e+00 
 1.56000000e+00  1.48000000e+00  1.56000000e+00  2.44712984e-03  1.40887973e+00  1.81255425e+00  9.21445674e-01  1.60595847e+00  3.30851637e+01  1.52790831e+00  5.18768270e+00 
 1.57000000e+00  1.48000000e+00  1.57000000e+00  2.49113634e-03  1.40887973e+00  1.81255425e+00  9.21445674e-01  1.60595847e+00  3.30851637e+01  1.52790831e+00  5.18768270e+00 
 1.58000000e+00  1.48000000e+00  1.58000000e+00  2.53516226e-03  1.40887973e+00  1.81255425e+00  9.21445674e-01  1.60595847e+00  3.30851637e+01  1.52790831e+00  5.18768270e+00 
 1.59000000e+00  1.48000000e+00  1.59000000e+00  2.57920014e-03  1.40887973e+00  1.81255425e+00  9.21445674e-01  1.60595847e+00  3.30851637e+01  1.52790831e+00  5.18768270e+00 
 1.60000000e+00  1.48000000e+00  1.60000000e+00  2.62324270e-03  1.40887973e+00  1.81255425e+00  9.21445674e-01  1.60595847e+00  3.30851637e+01  1.52790831e+00  5.18768270e+00 
 1.61000000e+00  1.48000000e+00  1.61000000e+00  2.66728279e-03  1.40887973e+00  1.81255425e+00  9.21445674e-01  1.60595847e+00  3.30851637e+01  1.52790831e+00  5.18768270e+00 
 1.62000000e+00  1.48000000e+00  1.62000000e+00  2.71131344e-03  1.40887973e+00  1.81255425e+00  9.21445674e-01  1.60595847e+00  3.30851637e+01  1.52790831e+00  5.18768270e+00 
 1.63000000e+00  1.48000000e+00  1.63000000e+00  2.75532783e-03  1.40887973e+00  1.81255425e+00  9.21445674e-01  1.60595847e+00  3.30851637e+01  1.52790831e+00  5.18768270e+00 
 1.64000000e+00  1.48000000e+00  1.64000000e+00  2.79931928e-03  1.40887973e+00  1.81255425e+00  9.21445674e-01  1.60595847e+00  3.30851637e+01  1.52790831e+00  5.18768270e+00 
 1.65000000e+00  1.48000000e+00  1.65000000e+00  2.84328127e-03  1.40887973e+00  1.81255425e+00  9.21445674e-01  1.60595847e+00  3.30851637e+01  1.52790831e+00  5.18768270e+00 
 1.66000000e+00  1.48000000e+00  1.66000000e+00  2.88720740e-03  1.40887973e+00  1.81255425e+00  9.21445674e-01  1.60595847e+00  3.30851637e+01  1.52790831e+00  5.18768270e+00 
 1.67000000e+00  1.48000000e+00  1.67000000e+00  2.93109144e-03  1.40887973e+00  1.81255425e+00  9.21445674e-01  1.60595847e+00  3.30851637e+01  1.52790831e+00  5.18768270e+00 
 1.68000000e+00  1.48000000e+00  1.68000000e+00  2.97492728e-03  1.40887973e+00  1.81255425e+00  9.21445674e-01  1.60595847e+00  3.30851637e+01  1.52790831e+00  5.18768270e+00 
 1.69000000e+00  1.48000000e+00  1.69000000e+00  3.01870893e-03  1.40887973e+00  1.81255425e+00  9.21445674e-01  1.60595847e+00  3.30851637e+01  1.52790831e+00  5.18768270e+00 
 1.70000000e+00  1.48000000e+00  1.70000000e+00  3.06243055e-03  1.40887973e+00  1.81255425e+00  9.21445674e-01  1.60595847e+00  3.30851637e+01  1.52790831e+00  5.18768270e+00 
 1.71000000e+00  1.48000000e+00  1.71000000e+00  3.10608643e-03  1.40887973e+00  1.81255425e+00  9.21445674e-01  1.60595847e+00  3.30851637e+01  1.52790831e+00  5.18768270e+00 
 1.72000000e+00  1.48000000e+00  1.72000000e+00  3.14967096e-03  1.40887973e+00  1.81255425e+00  9.21445674e-01  1.60595847e+00  3.30851637e+01  1.52790831e+00  5.18768270e+00 
 1.73000000e+00  1.48000000e+00  1.73000000e+00  3.19317867e-03  1.40887973e+00  1.81255425e+00  9.21445674e-01  1.60595847e+00  3.30851637e+01  1.52790831e+00  5.18768270e+00 
 1.74000000e+00  1.48000000e+00  1.74000000e+00  3.23660419e-03  1.40887973e+00  1.81255425e+00  9.21445674e-01  1.60595847e+00  3.30851637e+01  1.52790831e+00  5.18768270e+00 
 1.75000000e+00  1.48000000e+00  1.75000000e+00  3.27994228e-03  1.40887973e+00  1.81255425e+00  9.21445674e-01  1.60595847e+00  3.30851637e+01  1.52790831e+00  5.18768270e+00 
 1.76000000e+00  1.48000000e+00  1.76000000e+00  3.32318779e-03  1.40887973e+00  1.81255425e+00  9.21445674e-01  1.60595847e+00  3.30851637e+01  1.52790831e+00  5.18768270e+00 
 1.77000000e+00  1.48000000e+00  1.77000000e+00  3.36633570e-03  1.40887973e+00  1.81255425e+00  9.21445674e-01  1.60595847e+00  3.30851637e+01  1.52790831e+00  5.18768270e+00 
 1.78000000e+00  1.48000000e+00  1.78000000e+00  3.40938109e-03  1.40887973e+00  1.81255425e+00  9.21445674e-01  1.60595847e+00  3.30851637e+01  1.52790831e+00  5.18768270e+00 
 1.79000000e+00  1.48000000e+00  1.79000000e+00  3.45231912e-03  1.40887973e+00  1.81255425e+00  9.21445674e-01  1.60595847e+00  3.30851637e+01  1.52790831e+00  5.18768270e+00 
 1.80000000e+00  1.48000000e+00  1.80000000e+00  3.49514507e-03  1.40887973e+00  1.81255425e+00  9.21445674e-01  1.60595847e+00  3.30851637e+01  1.52790831e+00  5.18768270e+00 
 1.81000000e+00  1.48000000e+00  1.81000000e+00  3.53785431e-03  1.40887973e+00  1.81255425e+00  9.21445674e-01  1.60595847e+00  3.30851637e+01  1.52790831e+00  5.18768270e+00 
 1.82000000e+00  1.48000000e+00  1.82000000e+00  3.58044229e-03  1.40887973e+00  1.81255425e+00  9.21445674e-01  1.60595847e+00  3.30851637e+01  1.52790831e+00  5.18768270e+00 
 1.83000000e+00  1.48000000e+00  1.83000000e+00  3.62290457e-03  1.40887973e+00  1.81255425e+00  9.21445674e-01  1.60595847e+00  3.30851637e+01  1.52790831e+00  5.18768270e+00 
 1.84000000e+00  1.48000000e+00  1.84000000e+00  3.66523679e-03  1.40887973e+00  1.81255425e+00  9.21445674e-01  1.60595847e+00  3.30851637e+01  1.52790831e+00  5.18768270e+00 
 1.85000000e+00  1.48000000e+00  1.85000000e+00  3.70743466e-03  1.40887973e+00  1.81255425e+00  9.21445674e-01  1.60595847e+00  3.30851637e+01  1.52790831e+00  5.18768270e+00 
