 0.00000000e+00  1.48000000e+00  0.00000000e+00  1.48148160e-12  1.19320894e+00  1.85173121e+00  9.19527168e-01  1.68774711e+00  3.26818586e+01  1.50311197e+00  5.22691558e+00 
 1.00000000e-02  1.48000000e+00  1.00000000e-02  1.48148160e-12  1.19320894e+00  1.85173121e+00  9.19527168e-01  1.68774711e+00  3.26818586e+01  1.50311197e+00  5.22691558e+00 
 2.00000000e-02  1.48000000e+00  2.00000000e-02  1.48148160e-12  1.19320894e+00  1.85173121e+00  9.19527168e-01  1.68774711e+00  3.26818586e+01  1.50311197e+00  5.22691558e+00 
 3.00000000e-02  1.48000000e+00  3.00000000e-02  1.48148160e-12  1.19320894e+00  1.85173121e+00  9.19527168e-01  1.68774711e+00  3.26818586e+01  1.50311197e+00  5.22691558e+00 
 4.00000000e-02  1.48000000e+00  4.00000000e-02  1.48148160e-12  1.19320894e+00  1.85173121e+00  9.19527168e-01  1.68774711e+00  3.26818586e+01  1.50311197e+00  5.22691558e+00 
 5.00000000e-02  1.48000000e+00  5.00000000e-02  1.48148160e-12  1.19320894e+00  1.85173121e+00  9.19527168e-01  1.68774711e+00  3.26818586e+01  1.50311197e+00  5.22691558e+00 
 6.00000000e-02  1.48000000e+00  6.00000000e-02  1.48148160e-12  1.19320894e+00  1.85173121e+00  9.19527168e-01  1.68774711e+00  3.26818586e+01  1.50311197e+00  5.22691558e+00 
 7.00000000e-02  1.48000000e+00  7.00000000e-02  1.48148160e-12  1.19320894e+00  1.85173121e+00  9.19527168e-01  1.68774711e+00  3.26818586e+01  1.50311197e+00  5.22691558e+00 
 8.00000000e-02  1.48000000e+00  8.00000000e-02  1.48148160e-12  1.19320894e+00  1.85173121e+00  9.19527168e-01  1.68774711e+00  3.26818586e+01  1.50311197e+00  5.22691558e+00 
 9.00000000e-02  1.48000000e+00  9.00000000e-02  1.48148160e-12  1.19320894e+00  1.85173121e+00  9.19527168e-01  1.68774711e+00  3.26818586e+01  1.50311197e+00  5.22691558e+00 
 1.00000000e-01  1.48000000e+00  1.00000000e-01  1.48148160e-12  1.19320894e+00  1.85173121e+00  9.19527168e-01  1.68774711e+00  3.26818586e+01  1.50311197e+00  5.22691558e+00 
 1.10000000e-01  1.48000000e+00  1.10000000e-01  1.48148160e-12  1.19320894e+00  1.85173121e+00  9.19527168e-01  1.68774711e+00  3.26818586e+01  1.50311197e+00  5.22691558e+00 
 1.20000000e-01  1.48000000e+00  1.20000000e-01  1.48148160e-12  1.19320894e+00  1.85173121e+00  9.19527168e-01  1.68774711e+00  3.26818586e+01  1.50311197e+00  5.22691558e+00 
 1.30000000e-01  1.48000000e+00  1.30000000e-01  1.48148160e-12  1.19320894e+00  1.85173121e+00  9.19527168e-01  1.68774711e+00  3.26818586e+01  1.50311197e+00  5.22691558e+00 
 1.40000000e-01  1.48000000e+00  1.40000000e-01  1.48148160e-12  1.19320894e+00  1.85173121e+00  9.19527168e-01  1.68774711e+00  3.26818586e+01  1.50311197e+00  5.22691558e+00 
 1.50000000e-01  1.48000000e+00  1.50000000e-01  1.48148160e-12  1.19320894e+00  1.85173121e+00  9.19527168e-01  1.68774711e+00  3.26818586e+01  1.50311197e+00  5.22691558e+00 
 1.60000000e-01  1.48000000e+00  1.60000000e-01  1.48148160e-12  1.19320894e+00  1.85173121e+00  9.19527168e-01  1.68774711e+00  3.26818586e+01  1.50311197e+00  5.22691558e+00 
 1.70000000e-01  1.48000000e+00  1.70000000e-01  1.48148160e-12  1.19320894e+00  1.85173121e+00  9.19527168e-01  1.68774711e+00  3.26818586e+01  1.50311197e+00  5.22691558e+00 
 1.80000000e-01  1.48000000e+00  1.80000000e-01  1.48148160e-12  1.19320894e+00  1.85173121e+00  9.19527168e-01  1.68774711e+00  3.26818586e+01  1.50311197e+00  5.22691558e+00 
 1.90000000e-01  1.48000000e+00  1.90000000e-01  1.48148160e-12  1.19320894e+00  1.85173121e+00  9.19527168e-01  1.68774711e+00  3.26818586e+01  1.50311197e+00  5.22691558e+00 
 2.00000000e-01  1.48000000e+00  2.00000000e-01  1.48148160e-12  1.19320894e+00  1.85173121e+00  9.19527168e-01  1.68774711e+00  3.26818586e+01  1.50311197e+00  5.22691558e+00 
 2.10000000e-01  1.48000000e+00  2.10000000e-01  1.48148160e-12  1.19320894e+00  1.85173121e+00  9.19527168e-01  1.68774711e+00  3.26818586e+01  1.50311197e+00  5.22691558e+00 
 2.20000000e-01  1.48000000e+00  2.20000000e-01  1.48148160e-12  1.19320894e+00  1.85173121e+00  9.19527168e-01  1.68774711e+00  3.26818586e+01  1.50311197e+00  5.22691558e+00 
 2.30000000e-01  1.48000000e+00  2.30000000e-01  1.48148160e-12  1.19320894e+00  1.85173121e+00  9.19527168e-01  1.68774711e+00  3.26818586e+01  1.50311197e+00  5.22691558e+00 
 2.40000000e-01  1.48000000e+00  2.40000000e-01  1.48148160e-12  1.19320894e+00  1.85173121e+00  9.19527168e-01  1.68774711e+00  3.26818586e+01  1.50311197e+00  5.22691558e+00 
 2.50000000e-01  1.48000000e+00  2.50000000e-01  1.48148160e-12  1.19320894e+00  1.85173121e+00  9.19527168e-01  1.68774711e+00  3.26818586e+01  1.50311197e+00  5.22691558e+00 
 2.60000000e-01  1.48000000e+00  2.60000000e-01  1.48148160e-12  1.19320894e+00  1.85173121e+00  9.19527168e-01  1.68774711e+00  3.26818586e+01  1.50311197e+00  5.22691558e+00 
 2.70000000e-01  1.48000000e+00  2.70000000e-01  1.48148160e-12  1.19320894e+00  1.85173121e+00  9.19527168e-01  1.68774711e+00  3.26818586e+01  1.50311197e+00  5.22691558e+00 
 2.80000000e-01  1.48000000e+00  2.80000000e-01  1.48148160e-12  1.19320894e+00  1.85173121e+00  9.19527168e-01  1.68774711e+00  3.26818586e+01  1.50311197e+00  5.22691558e+00 
 2.90000000e-01  1.48000000e+00  2.90000000e-01  1.48148160e-12  1.19320894e+00  1.85173121e+00  9.19527168e-01  1.68774711e+00  3.26818586e+01  1.50311197e+00  5.22691558e+00 
 3.00000000e-01  1.48000000e+00  3.00000000e-01  1.48148160e-12  1.19320894e+00  1.85173121e+00  9.19527168e-01  1.68774711e+00  3.26818586e+01  1.50311197e+00  5.22691558e+00 
 3.10000000e-01  1.48000000e+00  3.10000000e-01  1.48148160e-12  1.19320894e+00  1.85173121e+00  9.19527168e-01  1.68774711e+00  3.26818586e+01  1.50311197e+00  5.22691558e+00 
 3.20000000e-01  1.48000000e+00  3.20000000e-01  1.48148160e-12  1.19320894e+00  1.85173121e+00  9.19527168e-01  1.68774711e+00  3.26818586e+01  1.50311197e+00  5.22691558e+00 
 3.30000000e-01  1.48000000e+00  3.30000000e-01  1.48148160e-12  1.19320894e+00  1.85173121e+00  9.19527168e-01  1.68774711e+00  3.26818586e+01  1.50311197e+00  5.22691558e+00 
 3.40000000e-01  1.48000000e+00  3.40000000e-01  1.48148160e-12  1.19320894e+00  1.85173121e+00  9.19527168e-01  1.68774711e+00  3.26818586e+01  1.50311197e+00  5.22691558e+00 
 3.50000000e-01  1.48000000e+00  3.50000000e-01  1.48148160e-12  1.19320894e+00  1.85173121e+00  9.19527168e-01  1.68774711e+00  3.26818586e+01  1.50311197e+00  5.22691558e+00 
 3.60000000e-01  1.48000000e+00  3.60000000e-01  1.48148160e-12  1.19320894e+00  1.85173121e+00  9.19527168e-01  1.68774711e+00  3.26818586e+01  1.50311197e+00  5.22691558e+00 
 3.70000000e-01  1.48000000e+00  3.70000000e-01  1.48148160e-12  1.19320894e+00  1.85173121e+00  9.19527168e-01  1.68774711e+00  3.26818586e+01  1.50311197e+00  5.22691558e+00 
 3.80000000e-01  1.48000000e+00  3.80000000e-01  1.48148160e-12  1.19320894e+00  1.85173121e+00  9.19527168e-01  1.68774711e+00  3.26818586e+01  1.50311197e+00  5.22691558e+00 
 3.90000000e-01  1.48000000e+00  3.90000000e-01  1.48148160e-12  1.19320894e+00  1.85173121e+00  9.19527168e-01  1.68774711e+00  3.26818586e+01  1.50311197e+00  5.22691558e+00 
 4.00000000e-01  1.48000000e+00  4.00000000e-01  1.48325796e-12  1.19320894e+00  1.85173121e+00  9.19527168e-01  1.68774711e+00  3.26818586e+01  1.50311197e+00  5.22691558e+00 
 4.10000000e-01  1.48000000e+00  4.10000000e-01  1.48503432e-12  1.19320894e+00  1.85173121e+00  9.19527168e-01  1.68774711e+00  3.26818586e+01  1.50311197e+00  5.22691558e+00 
 4.20000000e-01  1.48000000e+00  4.20000000e-01  1.48503432e-12  1.19320894e+00  1.85173121e+00  9.19527168e-01  1.68774711e+00  3.26818586e+01  1.50311197e+00  5.22691558e+00 
 4.30000000e-01  1.48000000e+00  4.30000000e-01  1.49391610e-12  1.19320894e+00  1.85173121e+00  9.19527168e-01  1.68774711e+00  3.26818586e+01  1.50311197e+00  5.22691558e+00 
 4.40000000e-01  1.48000000e+00  4.40000000e-01  1.50990331e-12  1.19320894e+00  1.85173121e+00  9.19527168e-01  1.68774711e+00  3.26818586e+01  1.50311197e+00  5.22691558e+00 
 4.50000000e-01  1.48000000e+00  4.50000000e-01  1.56141766e-12  1.19320894e+00  1.85173121e+00  9.19527168e-01  1.68774711e+00  3.26818586e+01  1.50311197e+00  5.22691558e+00 
 4.60000000e-01  1.48000000e+00  4.60000000e-01  1.68753900e-12  1.19320894e+00  1.85173121e+00  9.19527168e-01  1.68774711e+00  3.26818586e+01  1.50311197e+00  5.22691558e+00 
 4.70000000e-01  1.48000000e+00  4.70000000e-01  2.01971773e-12  1.19320894e+00  1.85173121e+00  9.19527168e-01  1.68774711e+00  3.26818586e+01  1.50311197e+00  5.22691558e+00 
 4.80000000e-01  1.48000000e+00  4.80000000e-01  2.88835622e-12  1.19320894e+00  1.85173121e+00  9.19527168e-01  1.68774711e+00  3.26818586e+01  1.50311197e+00  5.22691558e+00 
 4.90000000e-01  1.48000000e+00  4.90000000e-01  5.16031662e-12  1.19320894e+00  1.85173121e+00  9.19527168e-01  1.68774711e+00  3.26818586e+01  1.50311197e+00  5.22691558e+00 
 5.00000000e-01  1.48000000e+00  5.00000000e-01  1.10738085e-11  1.19320894e+00  1.85173121e+00  9.19527168e-01  1.68774711e+00  3.26818586e+01  1.50311197e+00  5.22691558e+00 
 5.10000000e-01  1.48000000e+00  5.10000000e-01  2.63788991e-11  1.19320894e+00  1.85173121e+00  9.19527168e-01  1.68774711e+00  3.26818586e+01  1.50311197e+00  5.22691558e+00 
 5.20000000e-01  1.48000000e+00  5.20000000e-01  6.55937527e-11  1.19320894e+00  1.85173121e+00  9.19527168e-01  1.68774711e+00  3.26818586e+01  1.50311197e+00  5.22691558e+00 
 5.30000000e-01  1.48000000e+00  5.30000000e-01  1.64650515e-10  1.19320894e+00  1.85173121e+00  9.19527168e-01  1.68774711e+00  3.26818586e+01  1.50311197e+00  5.22691558e+00 
 5.40000000e-01  1.48000000e+00  5.40000000e-01  4.09380974e-10  1.19320894e+00  1.85173121e+00  9.19527168e-01  1.68774711e+00  3.26818586e+01  1.50311197e+00  5.22691558e+00 
 5.50000000e-01  1.48000000e+00  5.50000000e-01  9.94830884e-10  1.19320894e+00  1.85173121e+00  9.19527168e-01  1.68774711e+00  3.26818586e+01  1.50311197e+00  5.22691558e+00 
 5.60000000e-01  1.48000000e+00  5.60000000e-01  2.33455211e-09  1.19320894e+00  1.85173121e+00  9.19527168e-01  1.68774711e+00  3.26818586e+01  1.50311197e+00  5.22691558e+00 
 5.70000000e-01  1.48000000e+00  5.70000000e-01  5.23172083e-09  1.19320894e+00  1.85173121e+00  9.19527168e-01  1.68774711e+00  3.26818586e+01  1.50311197e+00  5.22691558e+00 
 5.80000000e-01  1.48000000e+00  5.80000000e-01  1.11031717e-08  1.19320894e+00  1.85173121e+00  9.19527168e-01  1.68774711e+00  3.26818586e+01  1.50311197e+00  5.22691558e+00 
 5.90000000e-01  1.48000000e+00  5.90000000e-01  2.22485941e-08  1.19320894e+00  1.85173121e+00  9.19527168e-01  1.68774711e+00  3.26818586e+01  1.50311197e+00  5.22691558e+00 
 6.00000000e-01  1.48000000e+00  6.00000000e-01  4.22377884e-08  1.19320894e+00  1.85173121e+00  9.19527168e-01  1.68774711e+00  3.26818586e+01  1.50311197e+00  5.22691558e+00 
 6.10000000e-01  1.48000000e+00  6.10000000e-01  7.66201218e-08  1.19320894e+00  1.85173121e+00  9.19527168e-01  1.68774711e+00  3.26818586e+01  1.50311197e+00  5.22691558e+00 
 6.20000000e-01  1.48000000e+00  6.20000000e-01  1.34244010e-07  1.19320894e+00  1.85173121e+00  9.19527168e-01  1.68774711e+00  3.26818586e+01  1.50311197e+00  5.22691558e+00 
 6.30000000e-01  1.48000000e+00  6.30000000e-01  2.29533047e-07  1.19320894e+00  1.85173121e+00  9.19527168e-01  1.68774711e+00  3.26818586e+01  1.50311197e+00  5.22691558e+00 
 6.40000000e-01  1.48000000e+00  6.40000000e-01  3.86219487e-07  1.19320894e+00  1.85173121e+00  9.19527168e-01  1.68774711e+00  3.26818586e+01  1.50311197e+00  5.22691558e+00 
 6.50000000e-01  1.48000000e+00  6.50000000e-01  6.43231113e-07  1.19320894e+00  1.85173121e+00  9.19527168e-01  1.68774711e+00  3.26818586e+01  1.50311197e+00  5.22691558e+00 
 6.60000000e-01  1.48000000e+00  6.60000000e-01  1.06323582e-06  1.19320894e+00  1.85173121e+00  9.19527168e-01  1.68774711e+00  3.26818586e+01  1.50311197e+00  5.22691558e+00 
 6.70000000e-01  1.48000000e+00  6.70000000e-01  1.74283164e-06  1.19320894e+00  1.85173121e+00  9.19527168e-01  1.68774711e+00  3.26818586e+01  1.50311197e+00  5.22691558e+00 
 6.80000000e-01  1.48000000e+00  6.80000000e-01  2.81964968e-06  1.19320894e+00  1.85173121e+00  9.19527168e-01  1.68774711e+00  3.26818586e+01  1.50311197e+00  5.22691558e+00 
 6.90000000e-01  1.48000000e+00  6.90000000e-01  4.46762702e-06  1.19320894e+00  1.85173121e+00  9.19527168e-01  1.68774711e+00  3.26818586e+01  1.50311197e+00  5.22691558e+00 
 7.00000000e-01  1.48000000e+00  7.00000000e-01  6.87430546e-06  1.19320894e+00  1.85173121e+00  9.19527168e-01  1.68774711e+00  3.26818586e+01  1.50311197e+00  5.22691558e+00 
 7.10000000e-01  1.48000000e+00  7.10000000e-01  1.02069994e-05  1.19320894e+00  1.85173121e+00  9.19527168e-01  1.68774711e+00  3.26818586e+01  1.50311197e+00  5.22691558e+00 
 7.20000000e-01  1.48000000e+00  7.20000000e-01  1.45860167e-05  1.19320894e+00  1.85173121e+00  9.19527168e-01  1.68774711e+00  3.26818586e+01  1.50311197e+00  5.22691558e+00 
 7.30000000e-01  1.48000000e+00  7.30000000e-01  2.00776652e-05  1.19320894e+00  1.85173121e+00  9.19527168e-01  1.68774711e+00  3.26818586e+01  1.50311197e+00  5.22691558e+00 
 7.40000000e-01  1.48000000e+00  7.40000000e-01  2.67042759e-05  1.19320894e+00  1.85173121e+00  9.19527168e-01  1.68774711e+00  3.26818586e+01  1.50311197e+00  5.22691558e+00 
 7.50000000e-01  1.48000000e+00  7.50000000e-01  3.44603616e-05  1.19320894e+00  1.85173121e+00  9.19527168e-01  1.68774711e+00  3.26818586e+01  1.50311197e+00  5.22691558e+00 
 7.60000000e-01  1.48000000e+00  7.60000000e-01  4.33265915e-05  1.19320894e+00  1.85173121e+00  9.19527168e-01  1.68774711e+00  3.26818586e+01  1.50311197e+00  5.22691558e+00 
 7.70000000e-01  1.48000000e+00  7.70000000e-01  5.32788188e-05  1.19320894e+00  1.85173121e+00  9.19527168e-01  1.68774711e+00  3.26818586e+01  1.50311197e+00  5.22691558e+00 
 7.80000000e-01  1.48000000e+00  7.80000000e-01  6.42927772e-05  1.19320894e+00  1.85173121e+00  9.19527168e-01  1.68774711e+00  3.26818586e+01  1.50311197e+00  5.22691558e+00 
 7.90000000e-01  1.48000000e+00  7.90000000e-01  7.63459837e-05  1.19320894e+00  1.85173121e+00  9.19527168e-01  1.68774711e+00  3.26818586e+01  1.50311197e+00  5.22691558e+00 
 8.00000000e-01  1.48000000e+00  8.00000000e-01  8.94181546e-05  1.19320894e+00  1.85173121e+00  9.19527168e-01  1.68774711e+00  3.26818586e+01  1.50311197e+00  5.22691558e+00 
 8.10000000e-01  1.48000000e+00  8.10000000e-01  1.03490962e-04  1.19320894e+00  1.85173121e+00  9.19527168e-01  1.68774711e+00  3.26818586e+01  1.50311197e+00  5.22691558e+00 
 8.20000000e-01  1.48000000e+00  8.20000000e-01  1.18547577e-04  1.19320894e+00  1.85173121e+00  9.19527168e-01  1.68774711e+00  3.26818586e+01  1.50311197e+00  5.22691558e+00 
 8.30000000e-01  1.48000000e+00  8.30000000e-01  1.34572208e-04  1.19320894e+00  1.85173121e+00  9.19527168e-01  1.68774711e+00  3.26818586e+01  1.50311197e+00  5.22691558e+00 
 8.40000000e-01  1.48000000e+00  8.40000000e-01  1.51549708e-04  1.19320894e+00  1.85173121e+00  9.19527168e-01  1.68774711e+00  3.26818586e+01  1.50311197e+00  5.22691558e+00 
 8.50000000e-01  1.48000000e+00  8.50000000e-01  1.69465279e-04  1.19320894e+00  1.85173121e+00  9.19527168e-01  1.68774711e+00  3.26818586e+01  1.50311197e+00  5.22691558e+00 
 8.60000000e-01  1.48000000e+00  8.60000000e-01  1.88304259e-04  1.19320894e+00  1.85173121e+00  9.19527168e-01  1.68774711e+00  3.26818586e+01  1.50311197e+00  5.22691558e+00 
 8.70000000e-01  1.48000000e+00  8.70000000e-01  2.08051975e-04  1.19320894e+00  1.85173121e+00  9.19527168e-01  1.68774711e+00  3.26818586e+01  1.50311197e+00  5.22691558e+00 
 8.80000000e-01  1.48000000e+00  8.80000000e-01  2.28693653e-04  1.19320894e+00  1.85173121e+00  9.19527168e-01  1.68774711e+00  3.26818586e+01  1.50311197e+00  5.22691558e+00 
 8.90000000e-01  1.48000000e+00  8.90000000e-01  2.50214358e-04  1.19320894e+00  1.85173121e+00  9.19527168e-01  1.68774711e+00  3.26818586e+01  1.50311197e+00  5.22691558e+00 
 9.00000000e-01  1.48000000e+00  9.00000000e-01  2.72598969e-04  1.19320894e+00  1.85173121e+00  9.19527168e-01  1.68774711e+00  3.26818586e+01  1.50311197e+00  5.22691558e+00 
 9.10000000e-01  1.48000000e+00  9.10000000e-01  2.95832168e-04  1.19320894e+00  1.85173121e+00  9.19527168e-01  1.68774711e+00  3.26818586e+01  1.50311197e+00  5.22691558e+00 
 9.20000000e-01  1.48000000e+00  9.20000000e-01  3.19898438e-04  1.19320894e+00  1.85173121e+00  9.19527168e-01  1.68774711e+00  3.26818586e+01  1.50311197e+00  5.22691558e+00 
 9.30000000e-01  1.48000000e+00  9.30000000e-01  3.44782079e-04  1.19320894e+00  1.85173121e+00  9.19527168e-01  1.68774711e+00  3.26818586e+01  1.50311197e+00  5.22691558e+00 
 9.40000000e-01  1.48000000e+00  9.40000000e-01  3.70467215e-04  1.19320894e+00  1.85173121e+00  9.19527168e-01  1.68774711e+00  3.26818586e+01  1.50311197e+00  5.22691558e+00 
 9.50000000e-01  1.48000000e+00  9.50000000e-01  3.96937818e-04  1.19320894e+00  1.85173121e+00  9.19527168e-01  1.68774711e+00  3.26818586e+01  1.50311197e+00  5.22691558e+00 
 9.60000000e-01  1.48000000e+00  9.60000000e-01  4.24177722e-04  1.19320894e+00  1.85173121e+00  9.19527168e-01  1.68774711e+00  3.26818586e+01  1.50311197e+00  5.22691558e+00 
 9.70000000e-01  1.48000000e+00  9.70000000e-01  4.52170642e-04  1.19320894e+00  1.85173121e+00  9.19527168e-01  1.68774711e+00  3.26818586e+01  1.50311197e+00  5.22691558e+00 
 9.80000000e-01  1.48000000e+00  9.80000000e-01  4.80900201e-04  1.19320894e+00  1.85173121e+00  9.19527168e-01  1.68774711e+00  3.26818586e+01  1.50311197e+00  5.22691558e+00 
 9.90000000e-01  1.48000000e+00  9.90000000e-01  5.10349951e-04  1.19320894e+00  1.85173121e+00  9.19527168e-01  1.68774711e+00  3.26818586e+01  1.50311197e+00  5.22691558e+00 
 1.00000000e+00  1.48000000e+00  1.00000000e+00  5.40503391e-04  1.19320894e+00  1.85173121e+00  9.19527168e-01  1.68774711e+00  3.26818586e+01  1.50311197e+00  5.22691558e+00 
 1.01000000e+00  1.48000000e+00  1.01000000e+00  5.71343986e-04  1.19320894e+00  1.85173121e+00  9.19527168e-01  1.68774711e+00  3.26818586e+01  1.50311197e+00  5.22691558e+00 
 1.02000000e+00  1.48000000e+00  1.02000000e+00  6.02855184e-04  1.19320894e+00  1.85173121e+00  9.19527168e-01  1.68774711e+00  3.26818586e+01  1.50311197e+00  5.22691558e+00 
 1.03000000e+00  1.48000000e+00  1.03000000e+00  6.35020436e-04  1.19320894e+00  1.85173121e+00  9.19527168e-01  1.68774711e+00  3.26818586e+01  1.50311197e+00  5.22691558e+00 
 1.04000000e+00  1.48000000e+00  1.04000000e+00  6.67823212e-04  1.19320894e+00  1.85173121e+00  9.19527168e-01  1.68774711e+00  3.26818586e+01  1.50311197e+00  5.22691558e+00 
 1.05000000e+00  1.48000000e+00  1.05000000e+00  7.01247019e-04  1.19320894e+00  1.85173121e+00  9.19527168e-01  1.68774711e+00  3.26818586e+01  1.50311197e+00  5.22691558e+00 
 1.06000000e+00  1.48000000e+00  1.06000000e+00  7.35275413e-04  1.19320894e+00  1.85173121e+00  9.19527168e-01  1.68774711e+00  3.26818586e+01  1.50311197e+00  5.22691558e+00 
 1.07000000e+00  1.48000000e+00  1.07000000e+00  7.69892019e-04  1.19320894e+00  1.85173121e+00  9.19527168e-01  1.68774711e+00  3.26818586e+01  1.50311197e+00  5.22691558e+00 
 1.08000000e+00  1.48000000e+00  1.08000000e+00  8.05080539e-04  1.19320894e+00  1.85173121e+00  9.19527168e-01  1.68774711e+00  3.26818586e+01  1.50311197e+00  5.22691558e+00 
 1.09000000e+00  1.48000000e+00  1.09000000e+00  8.40824769e-04  1.19320894e+00  1.85173121e+00  9.19527168e-01  1.68774711e+00  3.26818586e+01  1.50311197e+00  5.22691558e+00 
 1.10000000e+00  1.48000000e+00  1.10000000e+00  8.77108612e-04  1.19320894e+00  1.85173121e+00  9.19527168e-01  1.68774711e+00  3.26818586e+01  1.50311197e+00  5.22691558e+00 
 1.11000000e+00  1.48000000e+00  1.11000000e+00  9.13916084e-04  1.19320894e+00  1.85173121e+00  9.19527168e-01  1.68774711e+00  3.26818586e+01  1.50311197e+00  5.22691558e+00 
 1.12000000e+00  1.48000000e+00  1.12000000e+00  9.51231330e-04  1.19320894e+00  1.85173121e+00  9.19527168e-01  1.68774711e+00  3.26818586e+01  1.50311197e+00  5.22691558e+00 
 1.13000000e+00  1.48000000e+00  1.13000000e+00  9.89038634e-04  1.19320894e+00  1.85173121e+00  9.19527168e-01  1.68774711e+00  3.26818586e+01  1.50311197e+00  5.22691558e+00 
 1.14000000e+00  1.48000000e+00  1.14000000e+00  1.02732242e-03  1.19320894e+00  1.85173121e+00  9.19527168e-01  1.68774711e+00  3.26818586e+01  1.50311197e+00  5.22691558e+00 
 1.15000000e+00  1.48000000e+00  1.15000000e+00  1.06606728e-03  1.19320894e+00  1.85173121e+00  9.19527168e-01  1.68774711e+00  3.26818586e+01  1.50311197e+00  5.22691558e+00 
 1.16000000e+00  1.48000000e+00  1.16000000e+00  1.10525796e-03  1.19320894e+00  1.85173121e+00  9.19527168e-01  1.68774711e+00  3.26818586e+01  1.50311197e+00  5.22691558e+00 
 1.17000000e+00  1.48000000e+00  1.17000000e+00  1.14487936e-03  1.19320894e+00  1.85173121e+00  9.19527168e-01  1.68774711e+00  3.26818586e+01  1.50311197e+00  5.22691558e+00 
 1.18000000e+00  1.48000000e+00  1.18000000e+00  1.18491659e-03  1.19320894e+00  1.85173121e+00  9.19527168e-01  1.68774711e+00  3.26818586e+01  1.50311197e+00  5.22691558e+00 
 1.19000000e+00  1.48000000e+00  1.19000000e+00  1.22535493e-03  1.19320894e+00  1.85173121e+00  9.19527168e-01  1.68774711e+00  3.26818586e+01  1.50311197e+00  5.22691558e+00 
 1.20000000e+00  1.48000000e+00  1.20000000e+00  1.26617982e-03  1.19320894e+00  1.85173121e+00  9.19527168e-01  1.68774711e+00  3.26818586e+01  1.50311197e+00  5.22691558e+00 
 1.21000000e+00  1.48000000e+00  1.21000000e+00  1.30737694e-03  1.19320894e+00  1.85173121e+00  9.19527168e-01  1.68774711e+00  3.26818586e+01  1.50311197e+00  5.22691558e+00 
 1.22000000e+00  1.48000000e+00  1.22000000e+00  1.34893213e-03  1.19320894e+00  1.85173121e+00  9.19527168e-01  1.68774711e+00  3.26818586e+01  1.50311197e+00  5.22691558e+00 
 1.23000000e+00  1.48000000e+00  1.23000000e+00  1.39083144e-03  1.19320894e+00  1.85173121e+00  9.19527168e-01  1.68774711e+00  3.26818586e+01  1.50311197e+00  5.22691558e+00 
 1.24000000e+00  1.48000000e+00  1.24000000e+00  1.43306114e-03  1.19320894e+00  1.85173121e+00  9.19527168e-01  1.68774711e+00  3.26818586e+01  1.50311197e+00  5.22691558e+00 
 1.25000000e+00  1.48000000e+00  1.25000000e+00  1.47560767e-03  1.19320894e+00  1.85173121e+00  9.19527168e-01  1.68774711e+00  3.26818586e+01  1.50311197e+00  5.22691558e+00 
 1.26000000e+00  1.48000000e+00  1.26000000e+00  1.51845773e-03  1.19320894e+00  1.85173121e+00  9.19527168e-01  1.68774711e+00  3.26818586e+01  1.50311197e+00  5.22691558e+00 
 1.27000000e+00  1.48000000e+00  1.27000000e+00  1.56159818e-03  1.19320894e+00  1.85173121e+00  9.19527168e-01  1.68774711e+00  3.26818586e+01  1.50311197e+00  5.22691558e+00 
 1.28000000e+00  1.48000000e+00  1.28000000e+00  1.60501612e-03  1.19320894e+00  1.85173121e+00  9.19527168e-01  1.68774711e+00  3.26818586e+01  1.50311197e+00  5.22691558e+00 
 1.29000000e+00  1.48000000e+00  1.29000000e+00  1.64869885e-03  1.19320894e+00  1.85173121e+00  9.19527168e-01  1.68774711e+00  3.26818586e+01  1.50311197e+00  5.22691558e+00 
 1.30000000e+00  1.48000000e+00  1.30000000e+00  1.69263391e-03  1.19320894e+00  1.85173121e+00  9.19527168e-01  1.68774711e+00  3.26818586e+01  1.50311197e+00  5.22691558e+00 
 1.31000000e+00  1.48000000e+00  1.31000000e+00  1.73680901e-03  1.19320894e+00  1.85173121e+00  9.19527168e-01  1.68774711e+00  3.26818586e+01  1.50311197e+00  5.22691558e+00 
 1.32000000e+00  1.48000000e+00  1.32000000e+00  1.78121212e-03  1.19320894e+00  1.85173121e+00  9.19527168e-01  1.68774711e+00  3.26818586e+01  1.50311197e+00  5.22691558e+00 
 1.33000000e+00  1.48000000e+00  1.33000000e+00  1.82583139e-03  1.19320894e+00  1.85173121e+00  9.19527168e-01  1.68774711e+00  3.26818586e+01  1.50311197e+00  5.22691558e+00 
 1.34000000e+00  1.48000000e+00  1.34000000e+00  1.87065520e-03  1.19320894e+00  1.85173121e+00  9.19527168e-01  1.68774711e+00  3.26818586e+01  1.50311197e+00  5.22691558e+00 
 1.35000000e+00  1.48000000e+00  1.35000000e+00  1.91567214e-03  1.19320894e+00  1.85173121e+00  9.19527168e-01  1.68774711e+00  3.26818586e+01  1.50311197e+00  5.22691558e+00 
 1.36000000e+00  1.48000000e+00  1.36000000e+00  1.96087101e-03  1.19320894e+00  1.85173121e+00  9.19527168e-01  1.68774711e+00  3.26818586e+01  1.50311197e+00  5.22691558e+00 
 1.37000000e+00  1.48000000e+00  1.37000000e+00  2.00624081e-03  1.19320894e+00  1.85173121e+00  9.19527168e-01  1.68774711e+00  3.26818586e+01  1.50311197e+00  5.22691558e+00 
 1.38000000e+00  1.48000000e+00  1.38000000e+00  2.05177078e-03  1.19320894e+00  1.85173121e+00  9.19527168e-01  1.68774711e+00  3.26818586e+01  1.50311197e+00  5.22691558e+00 
 1.39000000e+00  1.48000000e+00  1.39000000e+00  2.09745033e-03  1.19320894e+00  1.85173121e+00  9.19527168e-01  1.68774711e+00  3.26818586e+01  1.50311197e+00  5.22691558e+00 
 1.40000000e+00  1.48000000e+00  1.40000000e+00  2.14326909e-03  1.19320894e+00  1.85173121e+00  9.19527168e-01  1.68774711e+00  3.26818586e+01  1.50311197e+00  5.22691558e+00 
 1.41000000e+00  1.48000000e+00  1.41000000e+00  2.18921690e-03  1.19320894e+00  1.85173121e+00  9.19527168e-01  1.68774711e+00  3.26818586e+01  1.50311197e+00  5.22691558e+00 
 1.42000000e+00  1.48000000e+00  1.42000000e+00  2.23528381e-03  1.19320894e+00  1.85173121e+00  9.19527168e-01  1.68774711e+00  3.26818586e+01  1.50311197e+00  5.22691558e+00 
 1.43000000e+00  1.48000000e+00  1.43000000e+00  2.28146003e-03  1.19320894e+00  1.85173121e+00  9.19527168e-01  1.68774711e+00  3.26818586e+01  1.50311197e+00  5.22691558e+00 
 1.44000000e+00  1.48000000e+00  1.44000000e+00  2.32773602e-03  1.19320894e+00  1.85173121e+00  9.19527168e-01  1.68774711e+00  3.26818586e+01  1.50311197e+00  5.22691558e+00 
 1.45000000e+00  1.48000000e+00  1.45000000e+00  2.37410238e-03  1.19320894e+00  1.85173121e+00  9.19527168e-01  1.68774711e+00  3.26818586e+01  1.50311197e+00  5.22691558e+00 
 1.46000000e+00  1.48000000e+00  1.46000000e+00  2.42054994e-03  1.19320894e+00  1.85173121e+00  9.19527168e-01  1.68774711e+00  3.26818586e+01  1.50311197e+00  5.22691558e+00 
 1.47000000e+00  1.48000000e+00  1.47000000e+00  2.46706970e-03  1.19320894e+00  1.85173121e+00  9.19527168e-01  1.68774711e+00  3.26818586e+01  1.50311197e+00  5.22691558e+00 
 1.48000000e+00  1.48000000e+00  1.48000000e+00  2.51365285e-03  1.19320894e+00  1.85173121e+00  9.19527168e-01  1.68774711e+00  3.26818586e+01  1.50311197e+00  5.22691558e+00 
 1.49000000e+00  1.48000000e+00  1.49000000e+00  2.56029077e-03  1.19320894e+00  1.85173121e+00  9.19527168e-01  1.68774711e+00  3.26818586e+01  1.50311197e+00  5.22691558e+00 
 1.50000000e+00  1.48000000e+00  1.50000000e+00  2.60697501e-03  1.19320894e+00  1.85173121e+00  9.19527168e-01  1.68774711e+00  3.26818586e+01  1.50311197e+00  5.22691558e+00 
 1.51000000e+00  1.48000000e+00  1.51000000e+00  2.65369730e-03  1.19320894e+00  1.85173121e+00  9.19527168e-01  1.68774711e+00  3.26818586e+01  1.50311197e+00  5.22691558e+00 
 1.52000000e+00  1.48000000e+00  1.52000000e+00  2.70044954e-03  1.19320894e+00  1.85173121e+00  9.19527168e-01  1.68774711e+00  3.26818586e+01  1.50311197e+00  5.22691558e+00 
 1.53000000e+00  1.48000000e+00  1.53000000e+00  2.74722382e-03  1.19320894e+00  1.85173121e+00  9.19527168e-01  1.68774711e+00  3.26818586e+01  1.50311197e+00  5.22691558e+00 
 1.54000000e+00  1.48000000e+00  1.54000000e+00  2.79401236e-03  1.19320894e+00  1.85173121e+00  9.19527168e-01  1.68774711e+00  3.26818586e+01  1.50311197e+00  5.22691558e+00 
 1.55000000e+00  1.48000000e+00  1.55000000e+00  2.84080758e-03  1.19320894e+00  1.85173121e+00  9.19527168e-01  1.68774711e+00  3.26818586e+01  1.50311197e+00  5.22691558e+00 
 1.56000000e+00  1.48000000e+00  1.56000000e+00  2.88760204e-03  1.19320894e+00  1.85173121e+00  9.19527168e-01  1.68774711e+00  3.26818586e+01  1.50311197e+00  5.22691558e+00 
 1.57000000e+00  1.48000000e+00  1.57000000e+00  2.93438847e-03  1.19320894e+00  1.85173121e+00  9.19527168e-01  1.68774711e+00  3.26818586e+01  1.50311197e+00  5.22691558e+00 
 1.58000000e+00  1.48000000e+00  1.58000000e+00  2.98115974e-03  1.19320894e+00  1.85173121e+00  9.19527168e-01  1.68774711e+00  3.26818586e+01  1.50311197e+00  5.22691558e+00 
 1.59000000e+00  1.48000000e+00  1.59000000e+00  3.02790889e-03  1.19320894e+00  1.85173121e+00  9.19527168e-01  1.68774711e+00  3.26818586e+01  1.50311197e+00  5.22691558e+00 
 1.60000000e+00  1.48000000e+00  1.60000000e+00  3.07462910e-03  1.19320894e+00  1.85173121e+00  9.19527168e-01  1.68774711e+00  3.26818586e+01  1.50311197e+00  5.22691558e+00 
 1.61000000e+00  1.48000000e+00  1.61000000e+00  3.12131368e-03  1.19320894e+00  1.85173121e+00  9.19527168e-01  1.68774711e+00  3.26818586e+01  1.50311197e+00  5.22691558e+00 
 1.62000000e+00  1.48000000e+00  1.62000000e+00  3.16795611e-03  1.19320894e+00  1.85173121e+00  9.19527168e-01  1.68774711e+00  3.26818586e+01  1.50311197e+00  5.22691558e+00 
 1.63000000e+00  1.48000000e+00  1.63000000e+00  3.21454998e-03  1.19320894e+00  1.85173121e+00  9.19527168e-01  1.68774711e+00  3.26818586e+01  1.50311197e+00  5.22691558e+00 
 1.64000000e+00  1.48000000e+00  1.64000000e+00  3.26108904e-03  1.19320894e+00  1.85173121e+00  9.19527168e-01  1.68774711e+00  3.26818586e+01  1.50311197e+00  5.22691558e+00 
 1.65000000e+00  1.48000000e+00  1.65000000e+00  3.30756715e-03  1.19320894e+00  1.85173121e+00  9.19527168e-01  1.68774711e+00  3.26818586e+01  1.50311197e+00  5.22691558e+00 
 1.66000000e+00  1.48000000e+00  1.66000000e+00  3.35397831e-03  1.19320894e+00  1.85173121e+00  9.19527168e-01  1.68774711e+00  3.26818586e+01  1.50311197e+00  5.22691558e+00 
 1.67000000e+00  1.48000000e+00  1.67000000e+00  3.40031665e-03  1.19320894e+00  1.85173121e+00  9.19527168e-01  1.68774711e+00  3.26818586e+01  1.50311197e+00  5.22691558e+00 
 1.68000000e+00  1.48000000e+00  1.68000000e+00  3.44657641e-03  1.19320894e+00  1.85173121e+00  9.19527168e-01  1.68774711e+00  3.26818586e+01  1.50311197e+00  5.22691558e+00 
 1.69000000e+00  1.48000000e+00  1.69000000e+00  3.49275196e-03  1.19320894e+00  1.85173121e+00  9.19527168e-01  1.68774711e+00  3.26818586e+01  1.50311197e+00  5.22691558e+00 
 1.70000000e+00  1.48000000e+00  1.70000000e+00  3.53883778e-03  1.19320894e+00  1.85173121e+00  9.19527168e-01  1.68774711e+00  3.26818586e+01  1.50311197e+00  5.22691558e+00 
 1.71000000e+00  1.48000000e+00  1.71000000e+00  3.58482846e-03  1.19320894e+00  1.85173121e+00  9.19527168e-01  1.68774711e+00  3.26818586e+01  1.50311197e+00  5.22691558e+00 
 1.72000000e+00  1.48000000e+00  1.72000000e+00  3.63071872e-03  1.19320894e+00  1.85173121e+00  9.19527168e-01  1.68774711e+00  3.26818586e+01  1.50311197e+00  5.22691558e+00 
 1.73000000e+00  1.48000000e+00  1.73000000e+00  3.67650335e-03  1.19320894e+00  1.85173121e+00  9.19527168e-01  1.68774711e+00  3.26818586e+01  1.50311197e+00  5.22691558e+00 
 1.74000000e+00  1.48000000e+00  1.74000000e+00  3.72217728e-03  1.19320894e+00  1.85173121e+00  9.19527168e-01  1.68774711e+00  3.26818586e+01  1.50311197e+00  5.22691558e+00 
 1.75000000e+00  1.48000000e+00  1.75000000e+00  3.76773553e-03  1.19320894e+00  1.85173121e+00  9.19527168e-01  1.68774711e+00  3.26818586e+01  1.50311197e+00  5.22691558e+00 
 1.76000000e+00  1.48000000e+00  1.76000000e+00  3.81317320e-03  1.19320894e+00  1.85173121e+00  9.19527168e-01  1.68774711e+00  3.26818586e+01  1.50311197e+00  5.22691558e+00 
 1.77000000e+00  1.48000000e+00  1.77000000e+00  3.85848552e-03  1.19320894e+00  1.85173121e+00  9.19527168e-01  1.68774711e+00  3.26818586e+01  1.50311197e+00  5.22691558e+00 
 1.78000000e+00  1.48000000e+00  1.78000000e+00  3.90366779e-03  1.19320894e+00  1.85173121e+00  9.19527168e-01  1.68774711e+00  3.26818586e+01  1.50311197e+00  5.22691558e+00 
 1.79000000e+00  1.48000000e+00  1.79000000e+00  3.94871539e-03  1.19320894e+00  1.85173121e+00  9.19527168e-01  1.68774711e+00  3.26818586e+01  1.50311197e+00  5.22691558e+00 
 1.80000000e+00  1.48000000e+00  1.80000000e+00  3.99362381e-03  1.19320894e+00  1.85173121e+00  9.19527168e-01  1.68774711e+00  3.26818586e+01  1.50311197e+00  5.22691558e+00 
 1.81000000e+00  1.48000000e+00  1.81000000e+00  4.03838862e-03  1.19320894e+00  1.85173121e+00  9.19527168e-01  1.68774711e+00  3.26818586e+01  1.50311197e+00  5.22691558e+00 
 1.82000000e+00  1.48000000e+00  1.82000000e+00  4.08300547e-03  1.19320894e+00  1.85173121e+00  9.19527168e-01  1.68774711e+00  3.26818586e+01  1.50311197e+00  5.22691558e+00 
 1.83000000e+00  1.48000000e+00  1.83000000e+00  4.12747007e-03  1.19320894e+00  1.85173121e+00  9.19527168e-01  1.68774711e+00  3.26818586e+01  1.50311197e+00  5.22691558e+00 
 1.84000000e+00  1.48000000e+00  1.84000000e+00  4.17177824e-03  1.19320894e+00  1.85173121e+00  9.19527168e-01  1.68774711e+00  3.26818586e+01  1.50311197e+00  5.22691558e+00 
 1.85000000e+00  1.48000000e+00  1.85000000e+00  4.21592585e-03  1.19320894e+00  1.85173121e+00  9.19527168e-01  1.68774711e+00  3.26818586e+01  1.50311197e+00  5.22691558e+00 
