 0.00000000e+00  1.48000000e+00  0.00000000e+00  1.48148160e-12  1.35079950e+00  1.69444096e+00  9.26371037e-01  1.73431379e+00  3.01080790e+01  1.31273695e+00  5.51057153e+00 
 1.00000000e-02  1.48000000e+00  1.00000000e-02  1.48148160e-12  1.35079950e+00  1.69444096e+00  9.26371037e-01  1.73431379e+00  3.01080790e+01  1.31273695e+00  5.51057153e+00 
 2.00000000e-02  1.48000000e+00  2.00000000e-02  1.48148160e-12  1.35079950e+00  1.69444096e+00  9.26371037e-01  1.73431379e+00  3.01080790e+01  1.31273695e+00  5.51057153e+00 
 3.00000000e-02  1.48000000e+00  3.00000000e-02  1.48148160e-12  1.35079950e+00  1.69444096e+00  9.26371037e-01  1.73431379e+00  3.01080790e+01  1.31273695e+00  5.51057153e+00 
 4.00000000e-02  1.48000000e+00  4.00000000e-02  1.48148160e-12  1.35079950e+00  1.69444096e+00  9.26371037e-01  1.73431379e+00  3.01080790e+01  1.31273695e+00  5.51057153e+00 
 5.00000000e-02  1.48000000e+00  5.00000000e-02  1.48148160e-12  1.35079950e+00  1.69444096e+00  9.26371037e-01  1.73431379e+00  3.01080790e+01  1.31273695e+00  5.51057153e+00 
 6.00000000e-02  1.48000000e+00  6.00000000e-02  1.48148160e-12  1.35079950e+00  1.69444096e+00  9.26371037e-01  1.73431379e+00  3.01080790e+01  1.31273695e+00  5.51057153e+00 
 7.00000000e-02  1.48000000e+00  7.00000000e-02  1.48148160e-12  1.35079950e+00  1.69444096e+00  9.26371037e-01  1.73431379e+00  3.01080790e+01  1.31273695e+00  5.51057153e+00 
 8.00000000e-02  1.48000000e+00  8.00000000e-02  1.48148160e-12  1.35079950e+00  1.69444096e+00  9.26371037e-01  1.73431379e+00  3.01080790e+01  1.31273695e+00  5.51057153e+00 
 9.00000000e-02  1.48000000e+00  9.00000000e-02  1.48148160e-12  1.35079950e+00  1.69444096e+00  9.26371037e-01  1.73431379e+00  3.01080790e+01  1.31273695e+00  5.51057153e+00 
 1.00000000e-01  1.48000000e+00  1.00000000e-01  1.48148160e-12  1.35079950e+00  1.69444096e+00  9.26371037e-01  1.73431379e+00  3.01080790e+01  1.31273695e+00  5.51057153e+00 
 1.10000000e-01  1.48000000e+00  1.10000000e-01  1.48148160e-12  1.35079950e+00  1.69444096e+00  9.26371037e-01  1.73431379e+00  3.01080790e+01  1.31273695e+00  5.51057153e+00 
 1.20000000e-01  1.48000000e+00  1.20000000e-01  1.48148160e-12  1.35079950e+00  1.69444096e+00  9.26371037e-01  1.73431379e+00  3.01080790e+01  1.31273695e+00  5.51057153e+00 
 1.30000000e-01  1.48000000e+00  1.30000000e-01  1.48148160e-12  1.35079950e+00  1.69444096e+00  9.26371037e-01  1.73431379e+00  3.01080790e+01  1.31273695e+00  5.51057153e+00 
 1.40000000e-01  1.48000000e+00  1.40000000e-01  1.48148160e-12  1.35079950e+00  1.69444096e+00  9.26371037e-01  1.73431379e+00  3.01080790e+01  1.31273695e+00  5.51057153e+00 
 1.50000000e-01  1.48000000e+00  1.50000000e-01  1.48148160e-12  1.35079950e+00  1.69444096e+00  9.26371037e-01  1.73431379e+00  3.01080790e+01  1.31273695e+00  5.51057153e+00 
 1.60000000e-01  1.48000000e+00  1.60000000e-01  1.48148160e-12  1.35079950e+00  1.69444096e+00  9.26371037e-01  1.73431379e+00  3.01080790e+01  1.31273695e+00  5.51057153e+00 
 1.70000000e-01  1.48000000e+00  1.70000000e-01  1.48148160e-12  1.35079950e+00  1.69444096e+00  9.26371037e-01  1.73431379e+00  3.01080790e+01  1.31273695e+00  5.51057153e+00 
 1.80000000e-01  1.48000000e+00  1.80000000e-01  1.48148160e-12  1.35079950e+00  1.69444096e+00  9.26371037e-01  1.73431379e+00  3.01080790e+01  1.31273695e+00  5.51057153e+00 
 1.90000000e-01  1.48000000e+00  1.90000000e-01  1.48148160e-12  1.35079950e+00  1.69444096e+00  9.26371037e-01  1.73431379e+00  3.01080790e+01  1.31273695e+00  5.51057153e+00 
 2.00000000e-01  1.48000000e+00  2.00000000e-01  1.48148160e-12  1.35079950e+00  1.69444096e+00  9.26371037e-01  1.73431379e+00  3.01080790e+01  1.31273695e+00  5.51057153e+00 
 2.10000000e-01  1.48000000e+00  2.10000000e-01  1.48148160e-12  1.35079950e+00  1.69444096e+00  9.26371037e-01  1.73431379e+00  3.01080790e+01  1.31273695e+00  5.51057153e+00 
 2.20000000e-01  1.48000000e+00  2.20000000e-01  1.48148160e-12  1.35079950e+00  1.69444096e+00  9.26371037e-01  1.73431379e+00  3.01080790e+01  1.31273695e+00  5.51057153e+00 
 2.30000000e-01  1.48000000e+00  2.30000000e-01  1.48148160e-12  1.35079950e+00  1.69444096e+00  9.26371037e-01  1.73431379e+00  3.01080790e+01  1.31273695e+00  5.51057153e+00 
 2.40000000e-01  1.48000000e+00  2.40000000e-01  1.48148160e-12  1.35079950e+00  1.69444096e+00  9.26371037e-01  1.73431379e+00  3.01080790e+01  1.31273695e+00  5.51057153e+00 
 2.50000000e-01  1.48000000e+00  2.50000000e-01  1.48148160e-12  1.35079950e+00  1.69444096e+00  9.26371037e-01  1.73431379e+00  3.01080790e+01  1.31273695e+00  5.51057153e+00 
 2.60000000e-01  1.48000000e+00  2.60000000e-01  1.48148160e-12  1.35079950e+00  1.69444096e+00  9.26371037e-01  1.73431379e+00  3.01080790e+01  1.31273695e+00  5.51057153e+00 
 2.70000000e-01  1.48000000e+00  2.70000000e-01  1.48148160e-12  1.35079950e+00  1.69444096e+00  9.26371037e-01  1.73431379e+00  3.01080790e+01  1.31273695e+00  5.51057153e+00 
 2.80000000e-01  1.48000000e+00  2.80000000e-01  1.48148160e-12  1.35079950e+00  1.69444096e+00  9.26371037e-01  1.73431379e+00  3.01080790e+01  1.31273695e+00  5.51057153e+00 
 2.90000000e-01  1.48000000e+00  2.90000000e-01  1.48148160e-12  1.35079950e+00  1.69444096e+00  9.26371037e-01  1.73431379e+00  3.01080790e+01  1.31273695e+00  5.51057153e+00 
 3.00000000e-01  1.48000000e+00  3.00000000e-01  1.48148160e-12  1.35079950e+00  1.69444096e+00  9.26371037e-01  1.73431379e+00  3.01080790e+01  1.31273695e+00  5.51057153e+00 
 3.10000000e-01  1.48000000e+00  3.10000000e-01  1.48148160e-12  1.35079950e+00  1.69444096e+00  9.26371037e-01  1.73431379e+00  3.01080790e+01  1.31273695e+00  5.51057153e+00 
 3.20000000e-01  1.48000000e+00  3.20000000e-01  1.48148160e-12  1.35079950e+00  1.69444096e+00  9.26371037e-01  1.73431379e+00  3.01080790e+01  1.31273695e+00  5.51057153e+00 
 3.30000000e-01  1.48000000e+00  3.30000000e-01  1.48148160e-12  1.35079950e+00  1.69444096e+00  9.26371037e-01  1.73431379e+00  3.01080790e+01  1.31273695e+00  5.51057153e+00 
 3.40000000e-01  1.48000000e+00  3.40000000e-01  1.48148160e-12  1.35079950e+00  1.69444096e+00  9.26371037e-01  1.73431379e+00  3.01080790e+01  1.31273695e+00  5.51057153e+00 
 3.50000000e-01  1.48000000e+00  3.50000000e-01  1.48148160e-12  1.35079950e+00  1.69444096e+00  9.26371037e-01  1.73431379e+00  3.01080790e+01  1.31273695e+00  5.51057153e+00 
 3.60000000e-01  1.48000000e+00  3.60000000e-01  1.48148160e-12  1.35079950e+00  1.69444096e+00  9.26371037e-01  1.73431379e+00  3.01080790e+01  1.31273695e+00  5.51057153e+00 
 3.70000000e-01  1.48000000e+00  3.70000000e-01  1.48148160e-12  1.35079950e+00  1.69444096e+00  9.26371037e-01  1.73431379e+00  3.01080790e+01  1.31273695e+00  5.51057153e+00 
 3.80000000e-01  1.48000000e+00  3.80000000e-01  1.48148160e-12  1.35079950e+00  1.69444096e+00  9.26371037e-01  1.73431379e+00  3.01080790e+01  1.31273695e+00  5.51057153e+00 
 3.90000000e-01  1.48000000e+00  3.90000000e-01  1.48148160e-12  1.35079950e+00  1.69444096e+00  9.26371037e-01  1.73431379e+00  3.01080790e+01  1.31273695e+00  5.51057153e+00 
 4.00000000e-01  1.48000000e+00  4.00000000e-01  1.48148160e-12  1.35079950e+00  1.69444096e+00  9.26371037e-01  1.73431379e+00  3.01080790e+01  1.31273695e+00  5.51057153e+00 
 4.10000000e-01  1.48000000e+00  4.10000000e-01  1.48325796e-12  1.35079950e+00  1.69444096e+00  9.26371037e-01  1.73431379e+00  3.01080790e+01  1.31273695e+00  5.51057153e+00 
 4.20000000e-01  1.48000000e+00  4.20000000e-01  1.48148160e-12  1.35079950e+00  1.69444096e+00  9.26371037e-01  1.73431379e+00  3.01080790e+01  1.31273695e+00  5.51057153e+00 
 4.30000000e-01  1.48000000e+00  4.30000000e-01  1.48503432e-12  1.35079950e+00  1.69444096e+00  9.26371037e-01  1.73431379e+00  3.01080790e+01  1.31273695e+00  5.51057153e+00 
 4.40000000e-01  1.48000000e+00  4.40000000e-01  1.48681067e-12  1.35079950e+00  1.69444096e+00  9.26371037e-01  1.73431379e+00  3.01080790e+01  1.31273695e+00  5.51057153e+00 
 4.50000000e-01  1.48000000e+00  4.50000000e-01  1.49924517e-12  1.35079950e+00  1.69444096e+00  9.26371037e-01  1.73431379e+00  3.01080790e+01  1.31273695e+00  5.51057153e+00 
 4.60000000e-01  1.48000000e+00  4.60000000e-01  1.52233781e-12  1.35079950e+00  1.69444096e+00  9.26371037e-01  1.73431379e+00  3.01080790e+01  1.31273695e+00  5.51057153e+00 
 4.70000000e-01  1.48000000e+00  4.70000000e-01  1.59161573e-12  1.35079950e+00  1.69444096e+00  9.26371037e-01  1.73431379e+00  3.01080790e+01  1.31273695e+00  5.51057153e+00 
 4.80000000e-01  1.48000000e+00  4.80000000e-01  1.76569870e-12  1.35079950e+00  1.69444096e+00  9.26371037e-01  1.73431379e+00  3.01080790e+01  1.31273695e+00  5.51057153e+00 
 4.90000000e-01  1.48000000e+00  4.90000000e-01  2.22044605e-12  1.35079950e+00  1.69444096e+00  9.26371037e-01  1.73431379e+00  3.01080790e+01  1.31273695e+00  5.51057153e+00 
 5.00000000e-01  1.48000000e+00  5.00000000e-01  3.40882877e-12  1.35079950e+00  1.69444096e+00  9.26371037e-01  1.73431379e+00  3.01080790e+01  1.31273695e+00  5.51057153e+00 
 5.10000000e-01  1.48000000e+00  5.10000000e-01  6.50679510e-12  1.35079950e+00  1.69444096e+00  9.26371037e-01  1.73431379e+00  3.01080790e+01  1.31273695e+00  5.51057153e+00 
 5.20000000e-01  1.48000000e+00  5.20000000e-01  1.45394807e-11  1.35079950e+00  1.69444096e+00  9.26371037e-01  1.73431379e+00  3.01080790e+01  1.31273695e+00  5.51057153e+00 
 5.30000000e-01  1.48000000e+00  5.30000000e-01  3.52162743e-11  1.35079950e+00  1.69444096e+00  9.26371037e-01  1.73431379e+00  3.01080790e+01  1.31273695e+00  5.51057153e+00 
 5.40000000e-01  1.48000000e+00  5.40000000e-01  8.78266349e-11  1.35079950e+00  1.69444096e+00  9.26371037e-01  1.73431379e+00  3.01080790e+01  1.31273695e+00  5.51057153e+00 
 5.50000000e-01  1.48000000e+00  5.50000000e-01  2.19353424e-10  1.35079950e+00  1.69444096e+00  9.26371037e-01  1.73431379e+00  3.01080790e+01  1.31273695e+00  5.51057153e+00 
 5.60000000e-01  1.48000000e+00  5.60000000e-01  5.39669642e-10  1.35079950e+00  1.69444096e+00  9.26371037e-01  1.73431379e+00  3.01080790e+01  1.31273695e+00  5.51057153e+00 
 5.70000000e-01  1.48000000e+00  5.70000000e-01  1.29112721e-09  1.35079950e+00  1.69444096e+00  9.26371037e-01  1.73431379e+00  3.01080790e+01  1.31273695e+00  5.51057153e+00 
 5.80000000e-01  1.48000000e+00  5.80000000e-01  2.96831182e-09  1.35079950e+00  1.69444096e+00  9.26371037e-01  1.73431379e+00  3.01080790e+01  1.31273695e+00  5.51057153e+00 
 5.90000000e-01  1.48000000e+00  5.90000000e-01  6.49080079e-09  1.35079950e+00  1.69444096e+00  9.26371037e-01  1.73431379e+00  3.01080790e+01  1.31273695e+00  5.51057153e+00 
 6.00000000e-01  1.48000000e+00  6.00000000e-01  1.34158107e-08  1.35079950e+00  1.69444096e+00  9.26371037e-01  1.73431379e+00  3.01080790e+01  1.31273695e+00  5.51057153e+00 
 6.10000000e-01  1.48000000e+00  6.10000000e-01  2.62054556e-08  1.35079950e+00  1.69444096e+00  9.26371037e-01  1.73431379e+00  3.01080790e+01  1.31273695e+00  5.51057153e+00 
 6.20000000e-01  1.48000000e+00  6.20000000e-01  4.86631873e-08  1.35079950e+00  1.69444096e+00  9.26371037e-01  1.73431379e+00  3.01080790e+01  1.31273695e+00  5.51057153e+00 
 6.30000000e-01  1.48000000e+00  6.30000000e-01  8.67585186e-08  1.35079950e+00  1.69444096e+00  9.26371037e-01  1.73431379e+00  3.01080790e+01  1.31273695e+00  5.51057153e+00 
 6.40000000e-01  1.48000000e+00  6.40000000e-01  1.50110788e-07  1.35079950e+00  1.69444096e+00  9.26371037e-01  1.73431379e+00  3.01080790e+01  1.31273695e+00  5.51057153e+00 
 6.50000000e-01  1.48000000e+00  6.50000000e-01  2.54481431e-07  1.35079950e+00  1.69444096e+00  9.26371037e-01  1.73431379e+00  3.01080790e+01  1.31273695e+00  5.51057153e+00 
 6.60000000e-01  1.48000000e+00  6.60000000e-01  4.25795266e-07  1.35079950e+00  1.69444096e+00  9.26371037e-01  1.73431379e+00  3.01080790e+01  1.31273695e+00  5.51057153e+00 
 6.70000000e-01  1.48000000e+00  6.70000000e-01  7.06298788e-07  1.35079950e+00  1.69444096e+00  9.26371037e-01  1.73431379e+00  3.01080790e+01  1.31273695e+00  5.51057153e+00 
 6.80000000e-01  1.48000000e+00  6.80000000e-01  1.16290039e-06  1.35079950e+00  1.69444096e+00  9.26371037e-01  1.73431379e+00  3.01080790e+01  1.31273695e+00  5.51057153e+00 
 6.90000000e-01  1.48000000e+00  6.90000000e-01  1.89558464e-06  1.35079950e+00  1.69444096e+00  9.26371037e-01  1.73431379e+00  3.01080790e+01  1.31273695e+00  5.51057153e+00 
 7.00000000e-01  1.48000000e+00  7.00000000e-01  3.03998206e-06  1.35079950e+00  1.69444096e+00  9.26371037e-01  1.73431379e+00  3.01080790e+01  1.31273695e+00  5.51057153e+00 
 7.10000000e-01  1.48000000e+00  7.10000000e-01  4.75641237e-06  1.35079950e+00  1.69444096e+00  9.26371037e-01  1.73431379e+00  3.01080790e+01  1.31273695e+00  5.51057153e+00 
 7.20000000e-01  1.48000000e+00  7.20000000e-01  7.20431631e-06  1.35079950e+00  1.69444096e+00  9.26371037e-01  1.73431379e+00  3.01080790e+01  1.31273695e+00  5.51057153e+00 
 7.30000000e-01  1.48000000e+00  7.30000000e-01  1.05136243e-05  1.35079950e+00  1.69444096e+00  9.26371037e-01  1.73431379e+00  3.01080790e+01  1.31273695e+00  5.51057153e+00 
 7.40000000e-01  1.48000000e+00  7.40000000e-01  1.47686304e-05  1.35079950e+00  1.69444096e+00  9.26371037e-01  1.73431379e+00  3.01080790e+01  1.31273695e+00  5.51057153e+00 
 7.50000000e-01  1.48000000e+00  7.50000000e-01  2.00094419e-05  1.35079950e+00  1.69444096e+00  9.26371037e-01  1.73431379e+00  3.01080790e+01  1.31273695e+00  5.51057153e+00 
 7.60000000e-01  1.48000000e+00  7.60000000e-01  2.62441596e-05  1.35079950e+00  1.69444096e+00  9.26371037e-01  1.73431379e+00  3.01080790e+01  1.31273695e+00  5.51057153e+00 
 7.70000000e-01  1.48000000e+00  7.70000000e-01  3.34625888e-05  1.35079950e+00  1.69444096e+00  9.26371037e-01  1.73431379e+00  3.01080790e+01  1.31273695e+00  5.51057153e+00 
 7.80000000e-01  1.48000000e+00  7.80000000e-01  4.16464945e-05  1.35079950e+00  1.69444096e+00  9.26371037e-01  1.73431379e+00  3.01080790e+01  1.31273695e+00  5.51057153e+00 
 7.90000000e-01  1.48000000e+00  7.90000000e-01  5.07756141e-05  1.35079950e+00  1.69444096e+00  9.26371037e-01  1.73431379e+00  3.01080790e+01  1.31273695e+00  5.51057153e+00 
 8.00000000e-01  1.48000000e+00  8.00000000e-01  6.08305003e-05  1.35079950e+00  1.69444096e+00  9.26371037e-01  1.73431379e+00  3.01080790e+01  1.31273695e+00  5.51057153e+00 
 8.10000000e-01  1.48000000e+00  8.10000000e-01  7.17934939e-05  1.35079950e+00  1.69444096e+00  9.26371037e-01  1.73431379e+00  3.01080790e+01  1.31273695e+00  5.51057153e+00 
 8.20000000e-01  1.48000000e+00  8.20000000e-01  8.36487712e-05  1.35079950e+00  1.69444096e+00  9.26371037e-01  1.73431379e+00  3.01080790e+01  1.31273695e+00  5.51057153e+00 
 8.30000000e-01  1.48000000e+00  8.30000000e-01  9.63820207e-05  1.35079950e+00  1.69444096e+00  9.26371037e-01  1.73431379e+00  3.01080790e+01  1.31273695e+00  5.51057153e+00 
 8.40000000e-01  1.48000000e+00  8.40000000e-01  1.09980031e-04  1.35079950e+00  1.69444096e+00  9.26371037e-01  1.73431379e+00  3.01080790e+01  1.31273695e+00  5.51057153e+00 
 8.50000000e-01  1.48000000e+00  8.50000000e-01  1.24430311e-04  1.35079950e+00  1.69444096e+00  9.26371037e-01  1.73431379e+00  3.01080790e+01  1.31273695e+00  5.51057153e+00 
 8.60000000e-01  1.48000000e+00  8.60000000e-01  1.39720785e-04  1.35079950e+00  1.69444096e+00  9.26371037e-01  1.73431379e+00  3.01080790e+01  1.31273695e+00  5.51057153e+00 
 8.70000000e-01  1.48000000e+00  8.70000000e-01  1.55839563e-04  1.35079950e+00  1.69444096e+00  9.26371037e-01  1.73431379e+00  3.01080790e+01  1.31273695e+00  5.51057153e+00 
 8.80000000e-01  1.48000000e+00  8.80000000e-01  1.72774785e-04  1.35079950e+00  1.69444096e+00  9.26371037e-01  1.73431379e+00  3.01080790e+01  1.31273695e+00  5.51057153e+00 
 8.90000000e-01  1.48000000e+00  8.90000000e-01  1.90514510e-04  1.35079950e+00  1.69444096e+00  9.26371037e-01  1.73431379e+00  3.01080790e+01  1.31273695e+00  5.51057153e+00 
 9.00000000e-01  1.48000000e+00  9.00000000e-01  2.09046651e-04  1.35079950e+00  1.69444096e+00  9.26371037e-01  1.73431379e+00  3.01080790e+01  1.31273695e+00  5.51057153e+00 
 9.10000000e-01  1.48000000e+00  9.10000000e-01  2.28358935e-04  1.35079950e+00  1.69444096e+00  9.26371037e-01  1.73431379e+00  3.01080790e+01  1.31273695e+00  5.51057153e+00 
 9.20000000e-01  1.48000000e+00  9.20000000e-01  2.48438883e-04  1.35079950e+00  1.69444096e+00  9.26371037e-01  1.73431379e+00  3.01080790e+01  1.31273695e+00  5.51057153e+00 
 9.30000000e-01  1.48000000e+00  9.30000000e-01  2.69273806e-04  1.35079950e+00  1.69444096e+00  9.26371037e-01  1.73431379e+00  3.01080790e+01  1.31273695e+00  5.51057153e+00 
 9.40000000e-01  1.48000000e+00  9.40000000e-01  2.90850806e-04  1.35079950e+00  1.69444096e+00  9.26371037e-01  1.73431379e+00  3.01080790e+01  1.31273695e+00  5.51057153e+00 
 9.50000000e-01  1.48000000e+00  9.50000000e-01  3.13156790e-04  1.35079950e+00  1.69444096e+00  9.26371037e-01  1.73431379e+00  3.01080790e+01  1.31273695e+00  5.51057153e+00 
 9.60000000e-01  1.48000000e+00  9.60000000e-01  3.36178474e-04  1.35079950e+00  1.69444096e+00  9.26371037e-01  1.73431379e+00  3.01080790e+01  1.31273695e+00  5.51057153e+00 
 9.70000000e-01  1.48000000e+00  9.70000000e-01  3.59902403e-04  1.35079950e+00  1.69444096e+00  9.26371037e-01  1.73431379e+00  3.01080790e+01  1.31273695e+00  5.51057153e+00 
 9.80000000e-01  1.48000000e+00  9.80000000e-01  3.84314969e-04  1.35079950e+00  1.69444096e+00  9.26371037e-01  1.73431379e+00  3.01080790e+01  1.31273695e+00  5.51057153e+00 
 9.90000000e-01  1.48000000e+00  9.90000000e-01  4.09402433e-04  1.35079950e+00  1.69444096e+00  9.26371037e-01  1.73431379e+00  3.01080790e+01  1.31273695e+00  5.51057153e+00 
 1.00000000e+00  1.48000000e+00  1.00000000e+00  4.35150935e-04  1.35079950e+00  1.69444096e+00  9.26371037e-01  1.73431379e+00  3.01080790e+01  1.31273695e+00  5.51057153e+00 
 1.01000000e+00  1.48000000e+00  1.01000000e+00  4.61546518e-04  1.35079950e+00  1.69444096e+00  9.26371037e-01  1.73431379e+00  3.01080790e+01  1.31273695e+00  5.51057153e+00 
 1.02000000e+00  1.48000000e+00  1.02000000e+00  4.88575138e-04  1.35079950e+00  1.69444096e+00  9.26371037e-01  1.73431379e+00  3.01080790e+01  1.31273695e+00  5.51057153e+00 
 1.03000000e+00  1.48000000e+00  1.03000000e+00  5.16222687e-04  1.35079950e+00  1.69444096e+00  9.26371037e-01  1.73431379e+00  3.01080790e+01  1.31273695e+00  5.51057153e+00 
 1.04000000e+00  1.48000000e+00  1.04000000e+00  5.44475003e-04  1.35079950e+00  1.69444096e+00  9.26371037e-01  1.73431379e+00  3.01080790e+01  1.31273695e+00  5.51057153e+00 
 1.05000000e+00  1.48000000e+00  1.05000000e+00  5.73317894e-04  1.35079950e+00  1.69444096e+00  9.26371037e-01  1.73431379e+00  3.01080790e+01  1.31273695e+00  5.51057153e+00 
 1.06000000e+00  1.48000000e+00  1.06000000e+00  6.02737146e-04  1.35079950e+00  1.69444096e+00  9.26371037e-01  1.73431379e+00  3.01080790e+01  1.31273695e+00  5.51057153e+00 
 1.07000000e+00  1.48000000e+00  1.07000000e+00  6.32718538e-04  1.35079950e+00  1.69444096e+00  9.26371037e-01  1.73431379e+00  3.01080790e+01  1.31273695e+00  5.51057153e+00 
 1.08000000e+00  1.48000000e+00  1.08000000e+00  6.63247862e-04  1.35079950e+00  1.69444096e+00  9.26371037e-01  1.73431379e+00  3.01080790e+01  1.31273695e+00  5.51057153e+00 
 1.09000000e+00  1.48000000e+00  1.09000000e+00  6.94310930e-04  1.35079950e+00  1.69444096e+00  9.26371037e-01  1.73431379e+00  3.01080790e+01  1.31273695e+00  5.51057153e+00 
 1.10000000e+00  1.48000000e+00  1.10000000e+00  7.25893589e-04  1.35079950e+00  1.69444096e+00  9.26371037e-01  1.73431379e+00  3.01080790e+01  1.31273695e+00  5.51057153e+00 
 1.11000000e+00  1.48000000e+00  1.11000000e+00  7.57981733e-04  1.35079950e+00  1.69444096e+00  9.26371037e-01  1.73431379e+00  3.01080790e+01  1.31273695e+00  5.51057153e+00 
 1.12000000e+00  1.48000000e+00  1.12000000e+00  7.90561316e-04  1.35079950e+00  1.69444096e+00  9.26371037e-01  1.73431379e+00  3.01080790e+01  1.31273695e+00  5.51057153e+00 
 1.13000000e+00  1.48000000e+00  1.13000000e+00  8.23618357e-04  1.35079950e+00  1.69444096e+00  9.26371037e-01  1.73431379e+00  3.01080790e+01  1.31273695e+00  5.51057153e+00 
 1.14000000e+00  1.48000000e+00  1.14000000e+00  8.57138960e-04  1.35079950e+00  1.69444096e+00  9.26371037e-01  1.73431379e+00  3.01080790e+01  1.31273695e+00  5.51057153e+00 
 1.15000000e+00  1.48000000e+00  1.15000000e+00  8.91109314e-04  1.35079950e+00  1.69444096e+00  9.26371037e-01  1.73431379e+00  3.01080790e+01  1.31273695e+00  5.51057153e+00 
 1.16000000e+00  1.48000000e+00  1.16000000e+00  9.25515707e-04  1.35079950e+00  1.69444096e+00  9.26371037e-01  1.73431379e+00  3.01080790e+01  1.31273695e+00  5.51057153e+00 
 1.17000000e+00  1.48000000e+00  1.17000000e+00  9.60344533e-04  1.35079950e+00  1.69444096e+00  9.26371037e-01  1.73431379e+00  3.01080790e+01  1.31273695e+00  5.51057153e+00 
 1.18000000e+00  1.48000000e+00  1.18000000e+00  9.95582302e-04  1.35079950e+00  1.69444096e+00  9.26371037e-01  1.73431379e+00  3.01080790e+01  1.31273695e+00  5.51057153e+00 
 1.19000000e+00  1.48000000e+00  1.19000000e+00  1.03121564e-03  1.35079950e+00  1.69444096e+00  9.26371037e-01  1.73431379e+00  3.01080790e+01  1.31273695e+00  5.51057153e+00 
 1.20000000e+00  1.48000000e+00  1.20000000e+00  1.06723132e-03  1.35079950e+00  1.69444096e+00  9.26371037e-01  1.73431379e+00  3.01080790e+01  1.31273695e+00  5.51057153e+00 
 1.21000000e+00  1.48000000e+00  1.21000000e+00  1.10361621e-03  1.35079950e+00  1.69444096e+00  9.26371037e-01  1.73431379e+00  3.01080790e+01  1.31273695e+00  5.51057153e+00 
 1.22000000e+00  1.48000000e+00  1.22000000e+00  1.14035737e-03  1.35079950e+00  1.69444096e+00  9.26371037e-01  1.73431379e+00  3.01080790e+01  1.31273695e+00  5.51057153e+00 
 1.23000000e+00  1.48000000e+00  1.23000000e+00  1.17744196e-03  1.35079950e+00  1.69444096e+00  9.26371037e-01  1.73431379e+00  3.01080790e+01  1.31273695e+00  5.51057153e+00 
 1.24000000e+00  1.48000000e+00  1.24000000e+00  1.21485732e-03  1.35079950e+00  1.69444096e+00  9.26371037e-01  1.73431379e+00  3.01080790e+01  1.31273695e+00  5.51057153e+00 
 1.25000000e+00  1.48000000e+00  1.25000000e+00  1.25259093e-03  1.35079950e+00  1.69444096e+00  9.26371037e-01  1.73431379e+00  3.01080790e+01  1.31273695e+00  5.51057153e+00 
 1.26000000e+00  1.48000000e+00  1.26000000e+00  1.29063043e-03  1.35079950e+00  1.69444096e+00  9.26371037e-01  1.73431379e+00  3.01080790e+01  1.31273695e+00  5.51057153e+00 
 1.27000000e+00  1.48000000e+00  1.27000000e+00  1.32896364e-03  1.35079950e+00  1.69444096e+00  9.26371037e-01  1.73431379e+00  3.01080790e+01  1.31273695e+00  5.51057153e+00 
 1.28000000e+00  1.48000000e+00  1.28000000e+00  1.36757851e-03  1.35079950e+00  1.69444096e+00  9.26371037e-01  1.73431379e+00  3.01080790e+01  1.31273695e+00  5.51057153e+00 
 1.29000000e+00  1.48000000e+00  1.29000000e+00  1.40646320e-03  1.35079950e+00  1.69444096e+00  9.26371037e-01  1.73431379e+00  3.01080790e+01  1.31273695e+00  5.51057153e+00 
 1.30000000e+00  1.48000000e+00  1.30000000e+00  1.44560601e-03  1.35079950e+00  1.69444096e+00  9.26371037e-01  1.73431379e+00  3.01080790e+01  1.31273695e+00  5.51057153e+00 
 1.31000000e+00  1.48000000e+00  1.31000000e+00  1.48499541e-03  1.35079950e+00  1.69444096e+00  9.26371037e-01  1.73431379e+00  3.01080790e+01  1.31273695e+00  5.51057153e+00 
 1.32000000e+00  1.48000000e+00  1.32000000e+00  1.52462007e-03  1.35079950e+00  1.69444096e+00  9.26371037e-01  1.73431379e+00  3.01080790e+01  1.31273695e+00  5.51057153e+00 
 1.33000000e+00  1.48000000e+00  1.33000000e+00  1.56446882e-03  1.35079950e+00  1.69444096e+00  9.26371037e-01  1.73431379e+00  3.01080790e+01  1.31273695e+00  5.51057153e+00 
 1.34000000e+00  1.48000000e+00  1.34000000e+00  1.60453066e-03  1.35079950e+00  1.69444096e+00  9.26371037e-01  1.73431379e+00  3.01080790e+01  1.31273695e+00  5.51057153e+00 
 1.35000000e+00  1.48000000e+00  1.35000000e+00  1.64479478e-03  1.35079950e+00  1.69444096e+00  9.26371037e-01  1.73431379e+00  3.01080790e+01  1.31273695e+00  5.51057153e+00 
 1.36000000e+00  1.48000000e+00  1.36000000e+00  1.68525053e-03  1.35079950e+00  1.69444096e+00  9.26371037e-01  1.73431379e+00  3.01080790e+01  1.31273695e+00  5.51057153e+00 
 1.37000000e+00  1.48000000e+00  1.37000000e+00  1.72588747e-03  1.35079950e+00  1.69444096e+00  9.26371037e-01  1.73431379e+00  3.01080790e+01  1.31273695e+00  5.51057153e+00 
 1.38000000e+00  1.48000000e+00  1.38000000e+00  1.76669531e-03  1.35079950e+00  1.69444096e+00  9.26371037e-01  1.73431379e+00  3.01080790e+01  1.31273695e+00  5.51057153e+00 
 1.39000000e+00  1.48000000e+00  1.39000000e+00  1.80766393e-03  1.35079950e+00  1.69444096e+00  9.26371037e-01  1.73431379e+00  3.01080790e+01  1.31273695e+00  5.51057153e+00 
 1.40000000e+00  1.48000000e+00  1.40000000e+00  1.84878342e-03  1.35079950e+00  1.69444096e+00  9.26371037e-01  1.73431379e+00  3.01080790e+01  1.31273695e+00  5.51057153e+00 
 1.41000000e+00  1.48000000e+00  1.41000000e+00  1.89004403e-03  1.35079950e+00  1.69444096e+00  9.26371037e-01  1.73431379e+00  3.01080790e+01  1.31273695e+00  5.51057153e+00 
 1.42000000e+00  1.48000000e+00  1.42000000e+00  1.93143616e-03  1.35079950e+00  1.69444096e+00  9.26371037e-01  1.73431379e+00  3.01080790e+01  1.31273695e+00  5.51057153e+00 
 1.43000000e+00  1.48000000e+00  1.43000000e+00  1.97295044e-03  1.35079950e+00  1.69444096e+00  9.26371037e-01  1.73431379e+00  3.01080790e+01  1.31273695e+00  5.51057153e+00 
 1.44000000e+00  1.48000000e+00  1.44000000e+00  2.01457762e-03  1.35079950e+00  1.69444096e+00  9.26371037e-01  1.73431379e+00  3.01080790e+01  1.31273695e+00  5.51057153e+00 
 1.45000000e+00  1.48000000e+00  1.45000000e+00  2.05630866e-03  1.35079950e+00  1.69444096e+00  9.26371037e-01  1.73431379e+00  3.01080790e+01  1.31273695e+00  5.51057153e+00 
 1.46000000e+00  1.48000000e+00  1.46000000e+00  2.09813466e-03  1.35079950e+00  1.69444096e+00  9.26371037e-01  1.73431379e+00  3.01080790e+01  1.31273695e+00  5.51057153e+00 
 1.47000000e+00  1.48000000e+00  1.47000000e+00  2.14004690e-03  1.35079950e+00  1.69444096e+00  9.26371037e-01  1.73431379e+00  3.01080790e+01  1.31273695e+00  5.51057153e+00 
 1.48000000e+00  1.48000000e+00  1.48000000e+00  2.18203685e-03  1.35079950e+00  1.69444096e+00  9.26371037e-01  1.73431379e+00  3.01080790e+01  1.31273695e+00  5.51057153e+00 
 1.49000000e+00  1.48000000e+00  1.49000000e+00  2.22409612e-03  1.35079950e+00  1.69444096e+00  9.26371037e-01  1.73431379e+00  3.01080790e+01  1.31273695e+00  5.51057153e+00 
 1.50000000e+00  1.48000000e+00  1.50000000e+00  2.26621648e-03  1.35079950e+00  1.69444096e+00  9.26371037e-01  1.73431379e+00  3.01080790e+01  1.31273695e+00  5.51057153e+00 
 1.51000000e+00  1.48000000e+00  1.51000000e+00  2.30838987e-03  1.35079950e+00  1.69444096e+00  9.26371037e-01  1.73431379e+00  3.01080790e+01  1.31273695e+00  5.51057153e+00 
 1.52000000e+00  1.48000000e+00  1.52000000e+00  2.35060840e-03  1.35079950e+00  1.69444096e+00  9.26371037e-01  1.73431379e+00  3.01080790e+01  1.31273695e+00  5.51057153e+00 
 1.53000000e+00  1.48000000e+00  1.53000000e+00  2.39286432e-03  1.35079950e+00  1.69444096e+00  9.26371037e-01  1.73431379e+00  3.01080790e+01  1.31273695e+00  5.51057153e+00 
 1.54000000e+00  1.48000000e+00  1.54000000e+00  2.43515004e-03  1.35079950e+00  1.69444096e+00  9.26371037e-01  1.73431379e+00  3.01080790e+01  1.31273695e+00  5.51057153e+00 
 1.55000000e+00  1.48000000e+00  1.55000000e+00  2.47745813e-03  1.35079950e+00  1.69444096e+00  9.26371037e-01  1.73431379e+00  3.01080790e+01  1.31273695e+00  5.51057153e+00 
 1.56000000e+00  1.48000000e+00  1.56000000e+00  2.51978130e-03  1.35079950e+00  1.69444096e+00  9.26371037e-01  1.73431379e+00  3.01080790e+01  1.31273695e+00  5.51057153e+00 
 1.57000000e+00  1.48000000e+00  1.57000000e+00  2.56211241e-03  1.35079950e+00  1.69444096e+00  9.26371037e-01  1.73431379e+00  3.01080790e+01  1.31273695e+00  5.51057153e+00 
 1.58000000e+00  1.48000000e+00  1.58000000e+00  2.60444447e-03  1.35079950e+00  1.69444096e+00  9.26371037e-01  1.73431379e+00  3.01080790e+01  1.31273695e+00  5.51057153e+00 
 1.59000000e+00  1.48000000e+00  1.59000000e+00  2.64677063e-03  1.35079950e+00  1.69444096e+00  9.26371037e-01  1.73431379e+00  3.01080790e+01  1.31273695e+00  5.51057153e+00 
 1.60000000e+00  1.48000000e+00  1.60000000e+00  2.68908417e-03  1.35079950e+00  1.69444096e+00  9.26371037e-01  1.73431379e+00  3.01080790e+01  1.31273695e+00  5.51057153e+00 
 1.61000000e+00  1.48000000e+00  1.61000000e+00  2.73137853e-03  1.35079950e+00  1.69444096e+00  9.26371037e-01  1.73431379e+00  3.01080790e+01  1.31273695e+00  5.51057153e+00 
 1.62000000e+00  1.48000000e+00  1.62000000e+00  2.77364725e-03  1.35079950e+00  1.69444096e+00  9.26371037e-01  1.73431379e+00  3.01080790e+01  1.31273695e+00  5.51057153e+00 
 1.63000000e+00  1.48000000e+00  1.63000000e+00  2.81588404e-03  1.35079950e+00  1.69444096e+00  9.26371037e-01  1.73431379e+00  3.01080790e+01  1.31273695e+00  5.51057153e+00 
 1.64000000e+00  1.48000000e+00  1.64000000e+00  2.85808272e-03  1.35079950e+00  1.69444096e+00  9.26371037e-01  1.73431379e+00  3.01080790e+01  1.31273695e+00  5.51057153e+00 
 1.65000000e+00  1.48000000e+00  1.65000000e+00  2.90023724e-03  1.35079950e+00  1.69444096e+00  9.26371037e-01  1.73431379e+00  3.01080790e+01  1.31273695e+00  5.51057153e+00 
 1.66000000e+00  1.48000000e+00  1.66000000e+00  2.94234167e-03  1.35079950e+00  1.69444096e+00  9.26371037e-01  1.73431379e+00  3.01080790e+01  1.31273695e+00  5.51057153e+00 
 1.67000000e+00  1.48000000e+00  1.67000000e+00  2.98439021e-03  1.35079950e+00  1.69444096e+00  9.26371037e-01  1.73431379e+00  3.01080790e+01  1.31273695e+00  5.51057153e+00 
 1.68000000e+00  1.48000000e+00  1.68000000e+00  3.02637717e-03  1.35079950e+00  1.69444096e+00  9.26371037e-01  1.73431379e+00  3.01080790e+01  1.31273695e+00  5.51057153e+00 
 1.69000000e+00  1.48000000e+00  1.69000000e+00  3.06829699e-03  1.35079950e+00  1.69444096e+00  9.26371037e-01  1.73431379e+00  3.01080790e+01  1.31273695e+00  5.51057153e+00 
 1.70000000e+00  1.48000000e+00  1.70000000e+00  3.11014420e-03  1.35079950e+00  1.69444096e+00  9.26371037e-01  1.73431379e+00  3.01080790e+01  1.31273695e+00  5.51057153e+00 
 1.71000000e+00  1.48000000e+00  1.71000000e+00  3.15191346e-03  1.35079950e+00  1.69444096e+00  9.26371037e-01  1.73431379e+00  3.01080790e+01  1.31273695e+00  5.51057153e+00 
 1.72000000e+00  1.48000000e+00  1.72000000e+00  3.19359954e-03  1.35079950e+00  1.69444096e+00  9.26371037e-01  1.73431379e+00  3.01080790e+01  1.31273695e+00  5.51057153e+00 
 1.73000000e+00  1.48000000e+00  1.73000000e+00  3.23519731e-03  1.35079950e+00  1.69444096e+00  9.26371037e-01  1.73431379e+00  3.01080790e+01  1.31273695e+00  5.51057153e+00 
 1.74000000e+00  1.48000000e+00  1.74000000e+00  3.27670174e-03  1.35079950e+00  1.69444096e+00  9.26371037e-01  1.73431379e+00  3.01080790e+01  1.31273695e+00  5.51057153e+00 
 1.75000000e+00  1.48000000e+00  1.75000000e+00  3.31810791e-03  1.35079950e+00  1.69444096e+00  9.26371037e-01  1.73431379e+00  3.01080790e+01  1.31273695e+00  5.51057153e+00 
 1.76000000e+00  1.48000000e+00  1.76000000e+00  3.35941098e-03  1.35079950e+00  1.69444096e+00  9.26371037e-01  1.73431379e+00  3.01080790e+01  1.31273695e+00  5.51057153e+00 
 1.77000000e+00  1.48000000e+00  1.77000000e+00  3.40060623e-03  1.35079950e+00  1.69444096e+00  9.26371037e-01  1.73431379e+00  3.01080790e+01  1.31273695e+00  5.51057153e+00 
 1.78000000e+00  1.48000000e+00  1.78000000e+00  3.44168902e-03  1.35079950e+00  1.69444096e+00  9.26371037e-01  1.73431379e+00  3.01080790e+01  1.31273695e+00  5.51057153e+00 
 1.79000000e+00  1.48000000e+00  1.79000000e+00  3.48265480e-03  1.35079950e+00  1.69444096e+00  9.26371037e-01  1.73431379e+00  3.01080790e+01  1.31273695e+00  5.51057153e+00 
 1.80000000e+00  1.48000000e+00  1.80000000e+00  3.52349911e-03  1.35079950e+00  1.69444096e+00  9.26371037e-01  1.73431379e+00  3.01080790e+01  1.31273695e+00  5.51057153e+00 
 1.81000000e+00  1.48000000e+00  1.81000000e+00  3.56421757e-03  1.35079950e+00  1.69444096e+00  9.26371037e-01  1.73431379e+00  3.01080790e+01  1.31273695e+00  5.51057153e+00 
 1.82000000e+00  1.48000000e+00  1.82000000e+00  3.60480590e-03  1.35079950e+00  1.69444096e+00  9.26371037e-01  1.73431379e+00  3.01080790e+01  1.31273695e+00  5.51057153e+00 
 1.83000000e+00  1.48000000e+00  1.83000000e+00  3.64525990e-03  1.35079950e+00  1.69444096e+00  9.26371037e-01  1.73431379e+00  3.01080790e+01  1.31273695e+00  5.51057153e+00 
 1.84000000e+00  1.48000000e+00  1.84000000e+00  3.68557542e-03  1.35079950e+00  1.69444096e+00  9.26371037e-01  1.73431379e+00  3.01080790e+01  1.31273695e+00  5.51057153e+00 
 1.85000000e+00  1.48000000e+00  1.85000000e+00  3.72574842e-03  1.35079950e+00  1.69444096e+00  9.26371037e-01  1.73431379e+00  3.01080790e+01  1.31273695e+00  5.51057153e+00 
