 0.00000000e+00  0.00000000e+00  1.48000000e+00 -2.04194633e-19  1.35158742e+00  1.86845731e+00  9.71774189e-01  1.57158065e+00  3.41221740e+01  1.35923926e+00  5.54574103e+00 
 1.00000000e-02  1.00000000e-02  1.48000000e+00  4.68386547e-05  1.35158742e+00  1.86845731e+00  9.71774189e-01  1.57158065e+00  3.41221740e+01  1.35923926e+00  5.54574103e+00 
 2.00000000e-02  2.00000000e-02  1.48000000e+00  9.31662699e-05  1.35158742e+00  1.86845731e+00  9.71774189e-01  1.57158065e+00  3.41221740e+01  1.35923926e+00  5.54574103e+00 
 3.00000000e-02  3.00000000e-02  1.48000000e+00  1.38980495e-04  1.35158742e+00  1.86845731e+00  9.71774189e-01  1.57158065e+00  3.41221740e+01  1.35923926e+00  5.54574103e+00 
 4.00000000e-02  4.00000000e-02  1.48000000e+00  1.84278968e-04  1.35158742e+00  1.86845731e+00  9.71774189e-01  1.57158065e+00  3.41221740e+01  1.35923926e+00  5.54574103e+00 
 5.00000000e-02  5.00000000e-02  1.48000000e+00  2.29059314e-04  1.35158742e+00  1.86845731e+00  9.71774189e-01  1.57158065e+00  3.41221740e+01  1.35923926e+00  5.54574103e+00 
 6.00000000e-02  6.00000000e-02  1.48000000e+00  2.73319148e-04  1.35158742e+00  1.86845731e+00  9.71774189e-01  1.57158065e+00  3.41221740e+01  1.35923926e+00  5.54574103e+00 
 7.00000000e-02  7.00000000e-02  1.48000000e+00  3.17056073e-04  1.35158742e+00  1.86845731e+00  9.71774189e-01  1.57158065e+00  3.41221740e+01  1.35923926e+00  5.54574103e+00 
 8.00000000e-02  8.00000000e-02  1.48000000e+00  3.60267685e-04  1.35158742e+00  1.86845731e+00  9.71774189e-01  1.57158065e+00  3.41221740e+01  1.35923926e+00  5.54574103e+00 
 9.00000000e-02  9.00000000e-02  1.48000000e+00  4.02951572e-04  1.35158742e+00  1.86845731e+00  9.71774189e-01  1.57158065e+00  3.41221740e+01  1.35923926e+00  5.54574103e+00 
 1.00000000e-01  1.00000000e-01  1.48000000e+00  4.45105313e-04  1.35158742e+00  1.86845731e+00  9.71774189e-01  1.57158065e+00  3.41221740e+01  1.35923926e+00  5.54574103e+00 
 1.10000000e-01  1.10000000e-01  1.48000000e+00  4.86726484e-04  1.35158742e+00  1.86845731e+00  9.71774189e-01  1.57158065e+00  3.41221740e+01  1.35923926e+00  5.54574103e+00 
 1.20000000e-01  1.20000000e-01  1.48000000e+00  5.27812659e-04  1.35158742e+00  1.86845731e+00  9.71774189e-01  1.57158065e+00  3.41221740e+01  1.35923926e+00  5.54574103e+00 
 1.30000000e-01  1.30000000e-01  1.48000000e+00  5.68361410e-04  1.35158742e+00  1.86845731e+00  9.71774189e-01  1.57158065e+00  3.41221740e+01  1.35923926e+00  5.54574103e+00 
 1.40000000e-01  1.40000000e-01  1.48000000e+00  6.08370311e-04  1.35158742e+00  1.86845731e+00  9.71774189e-01  1.57158065e+00  3.41221740e+01  1.35923926e+00  5.54574103e+00 
 1.50000000e-01  1.50000000e-01  1.48000000e+00  6.47836944e-04  1.35158742e+00  1.86845731e+00  9.71774189e-01  1.57158065e+00  3.41221740e+01  1.35923926e+00  5.54574103e+00 
 1.60000000e-01  1.60000000e-01  1.48000000e+00  6.86758898e-04  1.35158742e+00  1.86845731e+00  9.71774189e-01  1.57158065e+00  3.41221740e+01  1.35923926e+00  5.54574103e+00 
 1.70000000e-01  1.70000000e-01  1.48000000e+00  7.25133774e-04  1.35158742e+00  1.86845731e+00  9.71774189e-01  1.57158065e+00  3.41221740e+01  1.35923926e+00  5.54574103e+00 
 1.80000000e-01  1.80000000e-01  1.48000000e+00  7.62959195e-04  1.35158742e+00  1.86845731e+00  9.71774189e-01  1.57158065e+00  3.41221740e+01  1.35923926e+00  5.54574103e+00 
 1.90000000e-01  1.90000000e-01  1.48000000e+00  8.00232803e-04  1.35158742e+00  1.86845731e+00  9.71774189e-01  1.57158065e+00  3.41221740e+01  1.35923926e+00  5.54574103e+00 
 2.00000000e-01  2.00000000e-01  1.48000000e+00  8.36952271e-04  1.35158742e+00  1.86845731e+00  9.71774189e-01  1.57158065e+00  3.41221740e+01  1.35923926e+00  5.54574103e+00 
 2.10000000e-01  2.10000000e-01  1.48000000e+00  8.73115310e-04  1.35158742e+00  1.86845731e+00  9.71774189e-01  1.57158065e+00  3.41221740e+01  1.35923926e+00  5.54574103e+00 
 2.20000000e-01  2.20000000e-01  1.48000000e+00  9.08719671e-04  1.35158742e+00  1.86845731e+00  9.71774189e-01  1.57158065e+00  3.41221740e+01  1.35923926e+00  5.54574103e+00 
 2.30000000e-01  2.30000000e-01  1.48000000e+00  9.43763161e-04  1.35158742e+00  1.86845731e+00  9.71774189e-01  1.57158065e+00  3.41221740e+01  1.35923926e+00  5.54574103e+00 
 2.40000000e-01  2.40000000e-01  1.48000000e+00  9.78243648e-04  1.35158742e+00  1.86845731e+00  9.71774189e-01  1.57158065e+00  3.41221740e+01  1.35923926e+00  5.54574103e+00 
 2.50000000e-01  2.50000000e-01  1.48000000e+00  1.01215907e-03  1.35158742e+00  1.86845731e+00  9.71774189e-01  1.57158065e+00  3.41221740e+01  1.35923926e+00  5.54574103e+00 
 2.60000000e-01  2.60000000e-01  1.48000000e+00  1.04550746e-03  1.35158742e+00  1.86845731e+00  9.71774189e-01  1.57158065e+00  3.41221740e+01  1.35923926e+00  5.54574103e+00 
 2.70000000e-01  2.70000000e-01  1.48000000e+00  1.07828693e-03  1.35158742e+00  1.86845731e+00  9.71774189e-01  1.57158065e+00  3.41221740e+01  1.35923926e+00  5.54574103e+00 
 2.80000000e-01  2.80000000e-01  1.48000000e+00  1.11049572e-03  1.35158742e+00  1.86845731e+00  9.71774189e-01  1.57158065e+00  3.41221740e+01  1.35923926e+00  5.54574103e+00 
 2.90000000e-01  2.90000000e-01  1.48000000e+00  1.14213219e-03  1.35158742e+00  1.86845731e+00  9.71774189e-01  1.57158065e+00  3.41221740e+01  1.35923926e+00  5.54574103e+00 
 3.00000000e-01  3.00000000e-01  1.48000000e+00  1.17319485e-03  1.35158742e+00  1.86845731e+00  9.71774189e-01  1.57158065e+00  3.41221740e+01  1.35923926e+00  5.54574103e+00 
 3.10000000e-01  3.10000000e-01  1.48000000e+00  1.20368238e-03  1.35158742e+00  1.86845731e+00  9.71774189e-01  1.57158065e+00  3.41221740e+01  1.35923926e+00  5.54574103e+00 
 3.20000000e-01  3.20000000e-01  1.48000000e+00  1.23359362e-03  1.35158742e+00  1.86845731e+00  9.71774189e-01  1.57158065e+00  3.41221740e+01  1.35923926e+00  5.54574103e+00 
 3.30000000e-01  3.30000000e-01  1.48000000e+00  1.26292764e-03  1.35158742e+00  1.86845731e+00  9.71774189e-01  1.57158065e+00  3.41221740e+01  1.35923926e+00  5.54574103e+00 
 3.40000000e-01  3.40000000e-01  1.48000000e+00  1.29168372e-03  1.35158742e+00  1.86845731e+00  9.71774189e-01  1.57158065e+00  3.41221740e+01  1.35923926e+00  5.54574103e+00 
 3.50000000e-01  3.50000000e-01  1.48000000e+00  1.31986141e-03  1.35158742e+00  1.86845731e+00  9.71774189e-01  1.57158065e+00  3.41221740e+01  1.35923926e+00  5.54574103e+00 
 3.60000000e-01  3.60000000e-01  1.48000000e+00  1.34746052e-03  1.35158742e+00  1.86845731e+00  9.71774189e-01  1.57158065e+00  3.41221740e+01  1.35923926e+00  5.54574103e+00 
 3.70000000e-01  3.70000000e-01  1.48000000e+00  1.37448117e-03  1.35158742e+00  1.86845731e+00  9.71774189e-01  1.57158065e+00  3.41221740e+01  1.35923926e+00  5.54574103e+00 
 3.80000000e-01  3.80000000e-01  1.48000000e+00  1.40092383e-03  1.35158742e+00  1.86845731e+00  9.71774189e-01  1.57158065e+00  3.41221740e+01  1.35923926e+00  5.54574103e+00 
 3.90000000e-01  3.90000000e-01  1.48000000e+00  1.42678930e-03  1.35158742e+00  1.86845731e+00  9.71774189e-01  1.57158065e+00  3.41221740e+01  1.35923926e+00  5.54574103e+00 
 4.00000000e-01  4.00000000e-01  1.48000000e+00  1.45207878e-03  1.35158742e+00  1.86845731e+00  9.71774189e-01  1.57158065e+00  3.41221740e+01  1.35923926e+00  5.54574103e+00 
 4.10000000e-01  4.10000000e-01  1.48000000e+00  1.47679389e-03  1.35158742e+00  1.86845731e+00  9.71774189e-01  1.57158065e+00  3.41221740e+01  1.35923926e+00  5.54574103e+00 
 4.20000000e-01  4.20000000e-01  1.48000000e+00  1.50093670e-03  1.35158742e+00  1.86845731e+00  9.71774189e-01  1.57158065e+00  3.41221740e+01  1.35923926e+00  5.54574103e+00 
 4.30000000e-01  4.30000000e-01  1.48000000e+00  1.52450972e-03  1.35158742e+00  1.86845731e+00  9.71774189e-01  1.57158065e+00  3.41221740e+01  1.35923926e+00  5.54574103e+00 
 4.40000000e-01  4.40000000e-01  1.48000000e+00  1.54751600e-03  1.35158742e+00  1.86845731e+00  9.71774189e-01  1.57158065e+00  3.41221740e+01  1.35923926e+00  5.54574103e+00 
 4.50000000e-01  4.50000000e-01  1.48000000e+00  1.56995907e-03  1.35158742e+00  1.86845731e+00  9.71774189e-01  1.57158065e+00  3.41221740e+01  1.35923926e+00  5.54574103e+00 
 4.60000000e-01  4.60000000e-01  1.48000000e+00  1.59184302e-03  1.35158742e+00  1.86845731e+00  9.71774189e-01  1.57158065e+00  3.41221740e+01  1.35923926e+00  5.54574103e+00 
 4.70000000e-01  4.70000000e-01  1.48000000e+00  1.61317248e-03  1.35158742e+00  1.86845731e+00  9.71774189e-01  1.57158065e+00  3.41221740e+01  1.35923926e+00  5.54574103e+00 
 4.80000000e-01  4.80000000e-01  1.48000000e+00  1.63395268e-03  1.35158742e+00  1.86845731e+00  9.71774189e-01  1.57158065e+00  3.41221740e+01  1.35923926e+00  5.54574103e+00 
 4.90000000e-01  4.90000000e-01  1.48000000e+00  1.65418939e-03  1.35158742e+00  1.86845731e+00  9.71774189e-01  1.57158065e+00  3.41221740e+01  1.35923926e+00  5.54574103e+00 
 5.00000000e-01  5.00000000e-01  1.48000000e+00  1.67388899e-03  1.35158742e+00  1.86845731e+00  9.71774189e-01  1.57158065e+00  3.41221740e+01  1.35923926e+00  5.54574103e+00 
 5.10000000e-01  5.10000000e-01  1.48000000e+00  1.69305844e-03  1.35158742e+00  1.86845731e+00  9.71774189e-01  1.57158065e+00  3.41221740e+01  1.35923926e+00  5.54574103e+00 
 5.20000000e-01  5.20000000e-01  1.48000000e+00  1.71170527e-03  1.35158742e+00  1.86845731e+00  9.71774189e-01  1.57158065e+00  3.41221740e+01  1.35923926e+00  5.54574103e+00 
 5.30000000e-01  5.30000000e-01  1.48000000e+00  1.72983758e-03  1.35158742e+00  1.86845731e+00  9.71774189e-01  1.57158065e+00  3.41221740e+01  1.35923926e+00  5.54574103e+00 
 5.40000000e-01  5.40000000e-01  1.48000000e+00  1.74746402e-03  1.35158742e+00  1.86845731e+00  9.71774189e-01  1.57158065e+00  3.41221740e+01  1.35923926e+00  5.54574103e+00 
 5.50000000e-01  5.50000000e-01  1.48000000e+00  1.76459375e-03  1.35158742e+00  1.86845731e+00  9.71774189e-01  1.57158065e+00  3.41221740e+01  1.35923926e+00  5.54574103e+00 
 5.60000000e-01  5.60000000e-01  1.48000000e+00  1.78123645e-03  1.35158742e+00  1.86845731e+00  9.71774189e-01  1.57158065e+00  3.41221740e+01  1.35923926e+00  5.54574103e+00 
 5.70000000e-01  5.70000000e-01  1.48000000e+00  1.79740225e-03  1.35158742e+00  1.86845731e+00  9.71774189e-01  1.57158065e+00  3.41221740e+01  1.35923926e+00  5.54574103e+00 
 5.80000000e-01  5.80000000e-01  1.48000000e+00  1.81310170e-03  1.35158742e+00  1.86845731e+00  9.71774189e-01  1.57158065e+00  3.41221740e+01  1.35923926e+00  5.54574103e+00 
 5.90000000e-01  5.90000000e-01  1.48000000e+00  1.82834574e-03  1.35158742e+00  1.86845731e+00  9.71774189e-01  1.57158065e+00  3.41221740e+01  1.35923926e+00  5.54574103e+00 
 6.00000000e-01  6.00000000e-01  1.48000000e+00  1.84314564e-03  1.35158742e+00  1.86845731e+00  9.71774189e-01  1.57158065e+00  3.41221740e+01  1.35923926e+00  5.54574103e+00 
 6.10000000e-01  6.10000000e-01  1.48000000e+00  1.85751297e-03  1.35158742e+00  1.86845731e+00  9.71774189e-01  1.57158065e+00  3.41221740e+01  1.35923926e+00  5.54574103e+00 
 6.20000000e-01  6.20000000e-01  1.48000000e+00  1.87145953e-03  1.35158742e+00  1.86845731e+00  9.71774189e-01  1.57158065e+00  3.41221740e+01  1.35923926e+00  5.54574103e+00 
 6.30000000e-01  6.30000000e-01  1.48000000e+00  1.88499731e-03  1.35158742e+00  1.86845731e+00  9.71774189e-01  1.57158065e+00  3.41221740e+01  1.35923926e+00  5.54574103e+00 
 6.40000000e-01  6.40000000e-01  1.48000000e+00  1.89813844e-03  1.35158742e+00  1.86845731e+00  9.71774189e-01  1.57158065e+00  3.41221740e+01  1.35923926e+00  5.54574103e+00 
 6.50000000e-01  6.50000000e-01  1.48000000e+00  1.91089512e-03  1.35158742e+00  1.86845731e+00  9.71774189e-01  1.57158065e+00  3.41221740e+01  1.35923926e+00  5.54574103e+00 
 6.60000000e-01  6.60000000e-01  1.48000000e+00  1.92327961e-03  1.35158742e+00  1.86845731e+00  9.71774189e-01  1.57158065e+00  3.41221740e+01  1.35923926e+00  5.54574103e+00 
 6.70000000e-01  6.70000000e-01  1.48000000e+00  1.93530415e-03  1.35158742e+00  1.86845731e+00  9.71774189e-01  1.57158065e+00  3.41221740e+01  1.35923926e+00  5.54574103e+00 
 6.80000000e-01  6.80000000e-01  1.48000000e+00  1.94698092e-03  1.35158742e+00  1.86845731e+00  9.71774189e-01  1.57158065e+00  3.41221740e+01  1.35923926e+00  5.54574103e+00 
 6.90000000e-01  6.90000000e-01  1.48000000e+00  1.95832200e-03  1.35158742e+00  1.86845731e+00  9.71774189e-01  1.57158065e+00  3.41221740e+01  1.35923926e+00  5.54574103e+00 
 7.00000000e-01  7.00000000e-01  1.48000000e+00  1.96933933e-03  1.35158742e+00  1.86845731e+00  9.71774189e-01  1.57158065e+00  3.41221740e+01  1.35923926e+00  5.54574103e+00 
 7.10000000e-01  7.10000000e-01  1.48000000e+00  1.98004470e-03  1.35158742e+00  1.86845731e+00  9.71774189e-01  1.57158065e+00  3.41221740e+01  1.35923926e+00  5.54574103e+00 
 7.20000000e-01  7.20000000e-01  1.48000000e+00  1.99044968e-03  1.35158742e+00  1.86845731e+00  9.71774189e-01  1.57158065e+00  3.41221740e+01  1.35923926e+00  5.54574103e+00 
 7.30000000e-01  7.30000000e-01  1.48000000e+00  2.00056560e-03  1.35158742e+00  1.86845731e+00  9.71774189e-01  1.57158065e+00  3.41221740e+01  1.35923926e+00  5.54574103e+00 
 7.40000000e-01  7.40000000e-01  1.48000000e+00  2.01040354e-03  1.35158742e+00  1.86845731e+00  9.71774189e-01  1.57158065e+00  3.41221740e+01  1.35923926e+00  5.54574103e+00 
 7.50000000e-01  7.50000000e-01  1.48000000e+00  2.01997433e-03  1.35158742e+00  1.86845731e+00  9.71774189e-01  1.57158065e+00  3.41221740e+01  1.35923926e+00  5.54574103e+00 
 7.60000000e-01  7.60000000e-01  1.48000000e+00  2.02928846e-03  1.35158742e+00  1.86845731e+00  9.71774189e-01  1.57158065e+00  3.41221740e+01  1.35923926e+00  5.54574103e+00 
 7.70000000e-01  7.70000000e-01  1.48000000e+00  2.03835616e-03  1.35158742e+00  1.86845731e+00  9.71774189e-01  1.57158065e+00  3.41221740e+01  1.35923926e+00  5.54574103e+00 
 7.80000000e-01  7.80000000e-01  1.48000000e+00  2.04718730e-03  1.35158742e+00  1.86845731e+00  9.71774189e-01  1.57158065e+00  3.41221740e+01  1.35923926e+00  5.54574103e+00 
 7.90000000e-01  7.90000000e-01  1.48000000e+00  2.05579147e-03  1.35158742e+00  1.86845731e+00  9.71774189e-01  1.57158065e+00  3.41221740e+01  1.35923926e+00  5.54574103e+00 
 8.00000000e-01  8.00000000e-01  1.48000000e+00  2.06417790e-03  1.35158742e+00  1.86845731e+00  9.71774189e-01  1.57158065e+00  3.41221740e+01  1.35923926e+00  5.54574103e+00 
 8.10000000e-01  8.10000000e-01  1.48000000e+00  2.07235550e-03  1.35158742e+00  1.86845731e+00  9.71774189e-01  1.57158065e+00  3.41221740e+01  1.35923926e+00  5.54574103e+00 
 8.20000000e-01  8.20000000e-01  1.48000000e+00  2.08033286e-03  1.35158742e+00  1.86845731e+00  9.71774189e-01  1.57158065e+00  3.41221740e+01  1.35923926e+00  5.54574103e+00 
 8.30000000e-01  8.30000000e-01  1.48000000e+00  2.08811821e-03  1.35158742e+00  1.86845731e+00  9.71774189e-01  1.57158065e+00  3.41221740e+01  1.35923926e+00  5.54574103e+00 
 8.40000000e-01  8.40000000e-01  1.48000000e+00  2.09571950e-03  1.35158742e+00  1.86845731e+00  9.71774189e-01  1.57158065e+00  3.41221740e+01  1.35923926e+00  5.54574103e+00 
 8.50000000e-01  8.50000000e-01  1.48000000e+00  2.10314433e-03  1.35158742e+00  1.86845731e+00  9.71774189e-01  1.57158065e+00  3.41221740e+01  1.35923926e+00  5.54574103e+00 
 8.60000000e-01  8.60000000e-01  1.48000000e+00  2.11039999e-03  1.35158742e+00  1.86845731e+00  9.71774189e-01  1.57158065e+00  3.41221740e+01  1.35923926e+00  5.54574103e+00 
 8.70000000e-01  8.70000000e-01  1.48000000e+00  2.11749347e-03  1.35158742e+00  1.86845731e+00  9.71774189e-01  1.57158065e+00  3.41221740e+01  1.35923926e+00  5.54574103e+00 
 8.80000000e-01  8.80000000e-01  1.48000000e+00  2.12443145e-03  1.35158742e+00  1.86845731e+00  9.71774189e-01  1.57158065e+00  3.41221740e+01  1.35923926e+00  5.54574103e+00 
 8.90000000e-01  8.90000000e-01  1.48000000e+00  2.13122034e-03  1.35158742e+00  1.86845731e+00  9.71774189e-01  1.57158065e+00  3.41221740e+01  1.35923926e+00  5.54574103e+00 
 9.00000000e-01  9.00000000e-01  1.48000000e+00  2.13786626e-03  1.35158742e+00  1.86845731e+00  9.71774189e-01  1.57158065e+00  3.41221740e+01  1.35923926e+00  5.54574103e+00 
 9.10000000e-01  9.10000000e-01  1.48000000e+00  2.14437506e-03  1.35158742e+00  1.86845731e+00  9.71774189e-01  1.57158065e+00  3.41221740e+01  1.35923926e+00  5.54574103e+00 
 9.20000000e-01  9.20000000e-01  1.48000000e+00  2.15075231e-03  1.35158742e+00  1.86845731e+00  9.71774189e-01  1.57158065e+00  3.41221740e+01  1.35923926e+00  5.54574103e+00 
 9.30000000e-01  9.30000000e-01  1.48000000e+00  2.15700336e-03  1.35158742e+00  1.86845731e+00  9.71774189e-01  1.57158065e+00  3.41221740e+01  1.35923926e+00  5.54574103e+00 
 9.40000000e-01  9.40000000e-01  1.48000000e+00  2.16313330e-03  1.35158742e+00  1.86845731e+00  9.71774189e-01  1.57158065e+00  3.41221740e+01  1.35923926e+00  5.54574103e+00 
 9.50000000e-01  9.50000000e-01  1.48000000e+00  2.16914699e-03  1.35158742e+00  1.86845731e+00  9.71774189e-01  1.57158065e+00  3.41221740e+01  1.35923926e+00  5.54574103e+00 
 9.60000000e-01  9.60000000e-01  1.48000000e+00  2.17504907e-03  1.35158742e+00  1.86845731e+00  9.71774189e-01  1.57158065e+00  3.41221740e+01  1.35923926e+00  5.54574103e+00 
 9.70000000e-01  9.70000000e-01  1.48000000e+00  2.18084396e-03  1.35158742e+00  1.86845731e+00  9.71774189e-01  1.57158065e+00  3.41221740e+01  1.35923926e+00  5.54574103e+00 
 9.80000000e-01  9.80000000e-01  1.48000000e+00  2.18653589e-03  1.35158742e+00  1.86845731e+00  9.71774189e-01  1.57158065e+00  3.41221740e+01  1.35923926e+00  5.54574103e+00 
 9.90000000e-01  9.90000000e-01  1.48000000e+00  2.19212890e-03  1.35158742e+00  1.86845731e+00  9.71774189e-01  1.57158065e+00  3.41221740e+01  1.35923926e+00  5.54574103e+00 
 1.00000000e+00  1.00000000e+00  1.48000000e+00  2.19762681e-03  1.35158742e+00  1.86845731e+00  9.71774189e-01  1.57158065e+00  3.41221740e+01  1.35923926e+00  5.54574103e+00 
 1.01000000e+00  1.01000000e+00  1.48000000e+00  2.20303330e-03  1.35158742e+00  1.86845731e+00  9.71774189e-01  1.57158065e+00  3.41221740e+01  1.35923926e+00  5.54574103e+00 
 1.02000000e+00  1.02000000e+00  1.48000000e+00  2.20835187e-03  1.35158742e+00  1.86845731e+00  9.71774189e-01  1.57158065e+00  3.41221740e+01  1.35923926e+00  5.54574103e+00 
 1.03000000e+00  1.03000000e+00  1.48000000e+00  2.21358586e-03  1.35158742e+00  1.86845731e+00  9.71774189e-01  1.57158065e+00  3.41221740e+01  1.35923926e+00  5.54574103e+00 
 1.04000000e+00  1.04000000e+00  1.48000000e+00  2.21873845e-03  1.35158742e+00  1.86845731e+00  9.71774189e-01  1.57158065e+00  3.41221740e+01  1.35923926e+00  5.54574103e+00 
 1.05000000e+00  1.05000000e+00  1.48000000e+00  2.22381269e-03  1.35158742e+00  1.86845731e+00  9.71774189e-01  1.57158065e+00  3.41221740e+01  1.35923926e+00  5.54574103e+00 
 1.06000000e+00  1.06000000e+00  1.48000000e+00  2.22881147e-03  1.35158742e+00  1.86845731e+00  9.71774189e-01  1.57158065e+00  3.41221740e+01  1.35923926e+00  5.54574103e+00 
 1.07000000e+00  1.07000000e+00  1.48000000e+00  2.23373758e-03  1.35158742e+00  1.86845731e+00  9.71774189e-01  1.57158065e+00  3.41221740e+01  1.35923926e+00  5.54574103e+00 
 1.08000000e+00  1.08000000e+00  1.48000000e+00  2.23859364e-03  1.35158742e+00  1.86845731e+00  9.71774189e-01  1.57158065e+00  3.41221740e+01  1.35923926e+00  5.54574103e+00 
 1.09000000e+00  1.09000000e+00  1.48000000e+00  2.24338220e-03  1.35158742e+00  1.86845731e+00  9.71774189e-01  1.57158065e+00  3.41221740e+01  1.35923926e+00  5.54574103e+00 
 1.10000000e+00  1.10000000e+00  1.48000000e+00  2.24810567e-03  1.35158742e+00  1.86845731e+00  9.71774189e-01  1.57158065e+00  3.41221740e+01  1.35923926e+00  5.54574103e+00 
 1.11000000e+00  1.11000000e+00  1.48000000e+00  2.25276635e-03  1.35158742e+00  1.86845731e+00  9.71774189e-01  1.57158065e+00  3.41221740e+01  1.35923926e+00  5.54574103e+00 
 1.12000000e+00  1.12000000e+00  1.48000000e+00  2.25736646e-03  1.35158742e+00  1.86845731e+00  9.71774189e-01  1.57158065e+00  3.41221740e+01  1.35923926e+00  5.54574103e+00 
 1.13000000e+00  1.13000000e+00  1.48000000e+00  2.26190809e-03  1.35158742e+00  1.86845731e+00  9.71774189e-01  1.57158065e+00  3.41221740e+01  1.35923926e+00  5.54574103e+00 
 1.14000000e+00  1.14000000e+00  1.48000000e+00  2.26639326e-03  1.35158742e+00  1.86845731e+00  9.71774189e-01  1.57158065e+00  3.41221740e+01  1.35923926e+00  5.54574103e+00 
 1.15000000e+00  1.15000000e+00  1.48000000e+00  2.27082392e-03  1.35158742e+00  1.86845731e+00  9.71774189e-01  1.57158065e+00  3.41221740e+01  1.35923926e+00  5.54574103e+00 
 1.16000000e+00  1.16000000e+00  1.48000000e+00  2.27520189e-03  1.35158742e+00  1.86845731e+00  9.71774189e-01  1.57158065e+00  3.41221740e+01  1.35923926e+00  5.54574103e+00 
 1.17000000e+00  1.17000000e+00  1.48000000e+00  2.27952894e-03  1.35158742e+00  1.86845731e+00  9.71774189e-01  1.57158065e+00  3.41221740e+01  1.35923926e+00  5.54574103e+00 
 1.18000000e+00  1.18000000e+00  1.48000000e+00  2.28380678e-03  1.35158742e+00  1.86845731e+00  9.71774189e-01  1.57158065e+00  3.41221740e+01  1.35923926e+00  5.54574103e+00 
 1.19000000e+00  1.19000000e+00  1.48000000e+00  2.28803701e-03  1.35158742e+00  1.86845731e+00  9.71774189e-01  1.57158065e+00  3.41221740e+01  1.35923926e+00  5.54574103e+00 
 1.20000000e+00  1.20000000e+00  1.48000000e+00  2.29222119e-03  1.35158742e+00  1.86845731e+00  9.71774189e-01  1.57158065e+00  3.41221740e+01  1.35923926e+00  5.54574103e+00 
 1.21000000e+00  1.21000000e+00  1.48000000e+00  2.29636081e-03  1.35158742e+00  1.86845731e+00  9.71774189e-01  1.57158065e+00  3.41221740e+01  1.35923926e+00  5.54574103e+00 
 1.22000000e+00  1.22000000e+00  1.48000000e+00  2.30045729e-03  1.35158742e+00  1.86845731e+00  9.71774189e-01  1.57158065e+00  3.41221740e+01  1.35923926e+00  5.54574103e+00 
 1.23000000e+00  1.23000000e+00  1.48000000e+00  2.30451199e-03  1.35158742e+00  1.86845731e+00  9.71774189e-01  1.57158065e+00  3.41221740e+01  1.35923926e+00  5.54574103e+00 
 1.24000000e+00  1.24000000e+00  1.48000000e+00  2.30852624e-03  1.35158742e+00  1.86845731e+00  9.71774189e-01  1.57158065e+00  3.41221740e+01  1.35923926e+00  5.54574103e+00 
 1.25000000e+00  1.25000000e+00  1.48000000e+00  2.31250128e-03  1.35158742e+00  1.86845731e+00  9.71774189e-01  1.57158065e+00  3.41221740e+01  1.35923926e+00  5.54574103e+00 
 1.26000000e+00  1.26000000e+00  1.48000000e+00  2.31643832e-03  1.35158742e+00  1.86845731e+00  9.71774189e-01  1.57158065e+00  3.41221740e+01  1.35923926e+00  5.54574103e+00 
 1.27000000e+00  1.27000000e+00  1.48000000e+00  2.32033853e-03  1.35158742e+00  1.86845731e+00  9.71774189e-01  1.57158065e+00  3.41221740e+01  1.35923926e+00  5.54574103e+00 
 1.28000000e+00  1.28000000e+00  1.48000000e+00  2.32420301e-03  1.35158742e+00  1.86845731e+00  9.71774189e-01  1.57158065e+00  3.41221740e+01  1.35923926e+00  5.54574103e+00 
 1.29000000e+00  1.29000000e+00  1.48000000e+00  2.32803284e-03  1.35158742e+00  1.86845731e+00  9.71774189e-01  1.57158065e+00  3.41221740e+01  1.35923926e+00  5.54574103e+00 
 1.30000000e+00  1.30000000e+00  1.48000000e+00  2.33182905e-03  1.35158742e+00  1.86845731e+00  9.71774189e-01  1.57158065e+00  3.41221740e+01  1.35923926e+00  5.54574103e+00 
 1.31000000e+00  1.31000000e+00  1.48000000e+00  2.33559261e-03  1.35158742e+00  1.86845731e+00  9.71774189e-01  1.57158065e+00  3.41221740e+01  1.35923926e+00  5.54574103e+00 
 1.32000000e+00  1.32000000e+00  1.48000000e+00  2.33932448e-03  1.35158742e+00  1.86845731e+00  9.71774189e-01  1.57158065e+00  3.41221740e+01  1.35923926e+00  5.54574103e+00 
 1.33000000e+00  1.33000000e+00  1.48000000e+00  2.34302558e-03  1.35158742e+00  1.86845731e+00  9.71774189e-01  1.57158065e+00  3.41221740e+01  1.35923926e+00  5.54574103e+00 
 1.34000000e+00  1.34000000e+00  1.48000000e+00  2.34669679e-03  1.35158742e+00  1.86845731e+00  9.71774189e-01  1.57158065e+00  3.41221740e+01  1.35923926e+00  5.54574103e+00 
 1.35000000e+00  1.35000000e+00  1.48000000e+00  2.35033894e-03  1.35158742e+00  1.86845731e+00  9.71774189e-01  1.57158065e+00  3.41221740e+01  1.35923926e+00  5.54574103e+00 
 1.36000000e+00  1.36000000e+00  1.48000000e+00  2.35395286e-03  1.35158742e+00  1.86845731e+00  9.71774189e-01  1.57158065e+00  3.41221740e+01  1.35923926e+00  5.54574103e+00 
 1.37000000e+00  1.37000000e+00  1.48000000e+00  2.35753934e-03  1.35158742e+00  1.86845731e+00  9.71774189e-01  1.57158065e+00  3.41221740e+01  1.35923926e+00  5.54574103e+00 
 1.38000000e+00  1.38000000e+00  1.48000000e+00  2.36109912e-03  1.35158742e+00  1.86845731e+00  9.71774189e-01  1.57158065e+00  3.41221740e+01  1.35923926e+00  5.54574103e+00 
 1.39000000e+00  1.39000000e+00  1.48000000e+00  2.36463293e-03  1.35158742e+00  1.86845731e+00  9.71774189e-01  1.57158065e+00  3.41221740e+01  1.35923926e+00  5.54574103e+00 
 1.40000000e+00  1.40000000e+00  1.48000000e+00  2.36814148e-03  1.35158742e+00  1.86845731e+00  9.71774189e-01  1.57158065e+00  3.41221740e+01  1.35923926e+00  5.54574103e+00 
 1.41000000e+00  1.41000000e+00  1.48000000e+00  2.37162545e-03  1.35158742e+00  1.86845731e+00  9.71774189e-01  1.57158065e+00  3.41221740e+01  1.35923926e+00  5.54574103e+00 
 1.42000000e+00  1.42000000e+00  1.48000000e+00  2.37508549e-03  1.35158742e+00  1.86845731e+00  9.71774189e-01  1.57158065e+00  3.41221740e+01  1.35923926e+00  5.54574103e+00 
 1.43000000e+00  1.43000000e+00  1.48000000e+00  2.37852223e-03  1.35158742e+00  1.86845731e+00  9.71774189e-01  1.57158065e+00  3.41221740e+01  1.35923926e+00  5.54574103e+00 
 1.44000000e+00  1.44000000e+00  1.48000000e+00  2.38193627e-03  1.35158742e+00  1.86845731e+00  9.71774189e-01  1.57158065e+00  3.41221740e+01  1.35923926e+00  5.54574103e+00 
 1.45000000e+00  1.45000000e+00  1.48000000e+00  2.38532821e-03  1.35158742e+00  1.86845731e+00  9.71774189e-01  1.57158065e+00  3.41221740e+01  1.35923926e+00  5.54574103e+00 
 1.46000000e+00  1.46000000e+00  1.48000000e+00  2.38869861e-03  1.35158742e+00  1.86845731e+00  9.71774189e-01  1.57158065e+00  3.41221740e+01  1.35923926e+00  5.54574103e+00 
 1.47000000e+00  1.47000000e+00  1.48000000e+00  2.39204802e-03  1.35158742e+00  1.86845731e+00  9.71774189e-01  1.57158065e+00  3.41221740e+01  1.35923926e+00  5.54574103e+00 
 1.48000000e+00  1.48000000e+00  1.48000000e+00  2.39537698e-03  1.35158742e+00  1.86845731e+00  9.71774189e-01  1.57158065e+00  3.41221740e+01  1.35923926e+00  5.54574103e+00 
 1.49000000e+00  1.49000000e+00  1.48000000e+00  2.39868598e-03  1.35158742e+00  1.86845731e+00  9.71774189e-01  1.57158065e+00  3.41221740e+01  1.35923926e+00  5.54574103e+00 
 1.50000000e+00  1.50000000e+00  1.48000000e+00  2.40197553e-03  1.35158742e+00  1.86845731e+00  9.71774189e-01  1.57158065e+00  3.41221740e+01  1.35923926e+00  5.54574103e+00 
 1.51000000e+00  1.51000000e+00  1.48000000e+00  2.40524610e-03  1.35158742e+00  1.86845731e+00  9.71774189e-01  1.57158065e+00  3.41221740e+01  1.35923926e+00  5.54574103e+00 
 1.52000000e+00  1.52000000e+00  1.48000000e+00  2.40849816e-03  1.35158742e+00  1.86845731e+00  9.71774189e-01  1.57158065e+00  3.41221740e+01  1.35923926e+00  5.54574103e+00 
 1.53000000e+00  1.53000000e+00  1.48000000e+00  2.41173215e-03  1.35158742e+00  1.86845731e+00  9.71774189e-01  1.57158065e+00  3.41221740e+01  1.35923926e+00  5.54574103e+00 
 1.54000000e+00  1.54000000e+00  1.48000000e+00  2.41494851e-03  1.35158742e+00  1.86845731e+00  9.71774189e-01  1.57158065e+00  3.41221740e+01  1.35923926e+00  5.54574103e+00 
 1.55000000e+00  1.55000000e+00  1.48000000e+00  2.41814766e-03  1.35158742e+00  1.86845731e+00  9.71774189e-01  1.57158065e+00  3.41221740e+01  1.35923926e+00  5.54574103e+00 
 1.56000000e+00  1.56000000e+00  1.48000000e+00  2.42133000e-03  1.35158742e+00  1.86845731e+00  9.71774189e-01  1.57158065e+00  3.41221740e+01  1.35923926e+00  5.54574103e+00 
 1.57000000e+00  1.57000000e+00  1.48000000e+00  2.42449593e-03  1.35158742e+00  1.86845731e+00  9.71774189e-01  1.57158065e+00  3.41221740e+01  1.35923926e+00  5.54574103e+00 
 1.58000000e+00  1.58000000e+00  1.48000000e+00  2.42764582e-03  1.35158742e+00  1.86845731e+00  9.71774189e-01  1.57158065e+00  3.41221740e+01  1.35923926e+00  5.54574103e+00 
 1.59000000e+00  1.59000000e+00  1.48000000e+00  2.43078005e-03  1.35158742e+00  1.86845731e+00  9.71774189e-01  1.57158065e+00  3.41221740e+01  1.35923926e+00  5.54574103e+00 
 1.60000000e+00  1.60000000e+00  1.48000000e+00  2.43389898e-03  1.35158742e+00  1.86845731e+00  9.71774189e-01  1.57158065e+00  3.41221740e+01  1.35923926e+00  5.54574103e+00 
 1.61000000e+00  1.61000000e+00  1.48000000e+00  2.43700294e-03  1.35158742e+00  1.86845731e+00  9.71774189e-01  1.57158065e+00  3.41221740e+01  1.35923926e+00  5.54574103e+00 
 1.62000000e+00  1.62000000e+00  1.48000000e+00  2.44009229e-03  1.35158742e+00  1.86845731e+00  9.71774189e-01  1.57158065e+00  3.41221740e+01  1.35923926e+00  5.54574103e+00 
 1.63000000e+00  1.63000000e+00  1.48000000e+00  2.44316734e-03  1.35158742e+00  1.86845731e+00  9.71774189e-01  1.57158065e+00  3.41221740e+01  1.35923926e+00  5.54574103e+00 
 1.64000000e+00  1.64000000e+00  1.48000000e+00  2.44622841e-03  1.35158742e+00  1.86845731e+00  9.71774189e-01  1.57158065e+00  3.41221740e+01  1.35923926e+00  5.54574103e+00 
 1.65000000e+00  1.65000000e+00  1.48000000e+00  2.44927580e-03  1.35158742e+00  1.86845731e+00  9.71774189e-01  1.57158065e+00  3.41221740e+01  1.35923926e+00  5.54574103e+00 
 1.66000000e+00  1.66000000e+00  1.48000000e+00  2.45230983e-03  1.35158742e+00  1.86845731e+00  9.71774189e-01  1.57158065e+00  3.41221740e+01  1.35923926e+00  5.54574103e+00 
 1.67000000e+00  1.67000000e+00  1.48000000e+00  2.45533077e-03  1.35158742e+00  1.86845731e+00  9.71774189e-01  1.57158065e+00  3.41221740e+01  1.35923926e+00  5.54574103e+00 
 1.68000000e+00  1.68000000e+00  1.48000000e+00  2.45833890e-03  1.35158742e+00  1.86845731e+00  9.71774189e-01  1.57158065e+00  3.41221740e+01  1.35923926e+00  5.54574103e+00 
 1.69000000e+00  1.69000000e+00  1.48000000e+00  2.46133451e-03  1.35158742e+00  1.86845731e+00  9.71774189e-01  1.57158065e+00  3.41221740e+01  1.35923926e+00  5.54574103e+00 
 1.70000000e+00  1.70000000e+00  1.48000000e+00  2.46431786e-03  1.35158742e+00  1.86845731e+00  9.71774189e-01  1.57158065e+00  3.41221740e+01  1.35923926e+00  5.54574103e+00 
 1.71000000e+00  1.71000000e+00  1.48000000e+00  2.46728920e-03  1.35158742e+00  1.86845731e+00  9.71774189e-01  1.57158065e+00  3.41221740e+01  1.35923926e+00  5.54574103e+00 
 1.72000000e+00  1.72000000e+00  1.48000000e+00  2.47024879e-03  1.35158742e+00  1.86845731e+00  9.71774189e-01  1.57158065e+00  3.41221740e+01  1.35923926e+00  5.54574103e+00 
 1.73000000e+00  1.73000000e+00  1.48000000e+00  2.47319687e-03  1.35158742e+00  1.86845731e+00  9.71774189e-01  1.57158065e+00  3.41221740e+01  1.35923926e+00  5.54574103e+00 
 1.74000000e+00  1.74000000e+00  1.48000000e+00  2.47613367e-03  1.35158742e+00  1.86845731e+00  9.71774189e-01  1.57158065e+00  3.41221740e+01  1.35923926e+00  5.54574103e+00 
 1.75000000e+00  1.75000000e+00  1.48000000e+00  2.47905944e-03  1.35158742e+00  1.86845731e+00  9.71774189e-01  1.57158065e+00  3.41221740e+01  1.35923926e+00  5.54574103e+00 
 1.76000000e+00  1.76000000e+00  1.48000000e+00  2.48197439e-03  1.35158742e+00  1.86845731e+00  9.71774189e-01  1.57158065e+00  3.41221740e+01  1.35923926e+00  5.54574103e+00 
 1.77000000e+00  1.77000000e+00  1.48000000e+00  2.48487875e-03  1.35158742e+00  1.86845731e+00  9.71774189e-01  1.57158065e+00  3.41221740e+01  1.35923926e+00  5.54574103e+00 
 1.78000000e+00  1.78000000e+00  1.48000000e+00  2.48777273e-03  1.35158742e+00  1.86845731e+00  9.71774189e-01  1.57158065e+00  3.41221740e+01  1.35923926e+00  5.54574103e+00 
 1.79000000e+00  1.79000000e+00  1.48000000e+00  2.49065654e-03  1.35158742e+00  1.86845731e+00  9.71774189e-01  1.57158065e+00  3.41221740e+01  1.35923926e+00  5.54574103e+00 
 1.80000000e+00  1.80000000e+00  1.48000000e+00  2.49353038e-03  1.35158742e+00  1.86845731e+00  9.71774189e-01  1.57158065e+00  3.41221740e+01  1.35923926e+00  5.54574103e+00 
 1.81000000e+00  1.81000000e+00  1.48000000e+00  2.49639444e-03  1.35158742e+00  1.86845731e+00  9.71774189e-01  1.57158065e+00  3.41221740e+01  1.35923926e+00  5.54574103e+00 
 1.82000000e+00  1.82000000e+00  1.48000000e+00  2.49924894e-03  1.35158742e+00  1.86845731e+00  9.71774189e-01  1.57158065e+00  3.41221740e+01  1.35923926e+00  5.54574103e+00 
 1.83000000e+00  1.83000000e+00  1.48000000e+00  2.50209405e-03  1.35158742e+00  1.86845731e+00  9.71774189e-01  1.57158065e+00  3.41221740e+01  1.35923926e+00  5.54574103e+00 
 1.84000000e+00  1.84000000e+00  1.48000000e+00  2.50492997e-03  1.35158742e+00  1.86845731e+00  9.71774189e-01  1.57158065e+00  3.41221740e+01  1.35923926e+00  5.54574103e+00 
 1.85000000e+00  1.85000000e+00  1.48000000e+00  2.50775686e-03  1.35158742e+00  1.86845731e+00  9.71774189e-01  1.57158065e+00  3.41221740e+01  1.35923926e+00  5.54574103e+00 
