 0.00000000e+00  1.48000000e+00  0.00000000e+00  1.48148160e-12  1.21242862e+00  1.91581754e+00  1.05577334e+00  1.60337777e+00  3.08493151e+01  1.28535234e+00  5.30450844e+00 
 1.00000000e-02  1.48000000e+00  1.00000000e-02  1.48148160e-12  1.21242862e+00  1.91581754e+00  1.05577334e+00  1.60337777e+00  3.08493151e+01  1.28535234e+00  5.30450844e+00 
 2.00000000e-02  1.48000000e+00  2.00000000e-02  1.48148160e-12  1.21242862e+00  1.91581754e+00  1.05577334e+00  1.60337777e+00  3.08493151e+01  1.28535234e+00  5.30450844e+00 
 3.00000000e-02  1.48000000e+00  3.00000000e-02  1.48148160e-12  1.21242862e+00  1.91581754e+00  1.05577334e+00  1.60337777e+00  3.08493151e+01  1.28535234e+00  5.30450844e+00 
 4.00000000e-02  1.48000000e+00  4.00000000e-02  1.48148160e-12  1.21242862e+00  1.91581754e+00  1.05577334e+00  1.60337777e+00  3.08493151e+01  1.28535234e+00  5.30450844e+00 
 5.00000000e-02  1.48000000e+00  5.00000000e-02  1.48148160e-12  1.21242862e+00  1.91581754e+00  1.05577334e+00  1.60337777e+00  3.08493151e+01  1.28535234e+00  5.30450844e+00 
 6.00000000e-02  1.48000000e+00  6.00000000e-02  1.48148160e-12  1.21242862e+00  1.91581754e+00  1.05577334e+00  1.60337777e+00  3.08493151e+01  1.28535234e+00  5.30450844e+00 
 7.00000000e-02  1.48000000e+00  7.00000000e-02  1.48148160e-12  1.21242862e+00  1.91581754e+00  1.05577334e+00  1.60337777e+00  3.08493151e+01  1.28535234e+00  5.30450844e+00 
 8.00000000e-02  1.48000000e+00  8.00000000e-02  1.48148160e-12  1.21242862e+00  1.91581754e+00  1.05577334e+00  1.60337777e+00  3.08493151e+01  1.28535234e+00  5.30450844e+00 
 9.00000000e-02  1.48000000e+00  9.00000000e-02  1.48148160e-12  1.21242862e+00  1.91581754e+00  1.05577334e+00  1.60337777e+00  3.08493151e+01  1.28535234e+00  5.30450844e+00 
 1.00000000e-01  1.48000000e+00  1.00000000e-01  1.48148160e-12  1.21242862e+00  1.91581754e+00  1.05577334e+00  1.60337777e+00  3.08493151e+01  1.28535234e+00  5.30450844e+00 
 1.10000000e-01  1.48000000e+00  1.10000000e-01  1.48148160e-12  1.21242862e+00  1.91581754e+00  1.05577334e+00  1.60337777e+00  3.08493151e+01  1.28535234e+00  5.30450844e+00 
 1.20000000e-01  1.48000000e+00  1.20000000e-01  1.48148160e-12  1.21242862e+00  1.91581754e+00  1.05577334e+00  1.60337777e+00  3.08493151e+01  1.28535234e+00  5.30450844e+00 
 1.30000000e-01  1.48000000e+00  1.30000000e-01  1.48148160e-12  1.21242862e+00  1.91581754e+00  1.05577334e+00  1.60337777e+00  3.08493151e+01  1.28535234e+00  5.30450844e+00 
 1.40000000e-01  1.48000000e+00  1.40000000e-01  1.48148160e-12  1.21242862e+00  1.91581754e+00  1.05577334e+00  1.60337777e+00  3.08493151e+01  1.28535234e+00  5.30450844e+00 
 1.50000000e-01  1.48000000e+00  1.50000000e-01  1.48148160e-12  1.21242862e+00  1.91581754e+00  1.05577334e+00  1.60337777e+00  3.08493151e+01  1.28535234e+00  5.30450844e+00 
 1.60000000e-01  1.48000000e+00  1.60000000e-01  1.48148160e-12  1.21242862e+00  1.91581754e+00  1.05577334e+00  1.60337777e+00  3.08493151e+01  1.28535234e+00  5.30450844e+00 
 1.70000000e-01  1.48000000e+00  1.70000000e-01  1.48148160e-12  1.21242862e+00  1.91581754e+00  1.05577334e+00  1.60337777e+00  3.08493151e+01  1.28535234e+00  5.30450844e+00 
 1.80000000e-01  1.48000000e+00  1.80000000e-01  1.48148160e-12  1.21242862e+00  1.91581754e+00  1.05577334e+00  1.60337777e+00  3.08493151e+01  1.28535234e+00  5.30450844e+00 
 1.90000000e-01  1.48000000e+00  1.90000000e-01  1.48148160e-12  1.21242862e+00  1.91581754e+00  1.05577334e+00  1.60337777e+00  3.08493151e+01  1.28535234e+00  5.30450844e+00 
 2.00000000e-01  1.48000000e+00  2.00000000e-01  1.48148160e-12  1.21242862e+00  1.91581754e+00  1.05577334e+00  1.60337777e+00  3.08493151e+01  1.28535234e+00  5.30450844e+00 
 2.10000000e-01  1.48000000e+00  2.10000000e-01  1.48148160e-12  1.21242862e+00  1.91581754e+00  1.05577334e+00  1.60337777e+00  3.08493151e+01  1.28535234e+00  5.30450844e+00 
 2.20000000e-01  1.48000000e+00  2.20000000e-01  1.48148160e-12  1.21242862e+00  1.91581754e+00  1.05577334e+00  1.60337777e+00  3.08493151e+01  1.28535234e+00  5.30450844e+00 
 2.30000000e-01  1.48000000e+00  2.30000000e-01  1.48148160e-12  1.21242862e+00  1.91581754e+00  1.05577334e+00  1.60337777e+00  3.08493151e+01  1.28535234e+00  5.30450844e+00 
 2.40000000e-01  1.48000000e+00  2.40000000e-01  1.48148160e-12  1.21242862e+00  1.91581754e+00  1.05577334e+00  1.60337777e+00  3.08493151e+01  1.28535234e+00  5.30450844e+00 
 2.50000000e-01  1.48000000e+00  2.50000000e-01  1.48148160e-12  1.21242862e+00  1.91581754e+00  1.05577334e+00  1.60337777e+00  3.08493151e+01  1.28535234e+00  5.30450844e+00 
 2.60000000e-01  1.48000000e+00  2.60000000e-01  1.48148160e-12  1.21242862e+00  1.91581754e+00  1.05577334e+00  1.60337777e+00  3.08493151e+01  1.28535234e+00  5.30450844e+00 
 2.70000000e-01  1.48000000e+00  2.70000000e-01  1.48148160e-12  1.21242862e+00  1.91581754e+00  1.05577334e+00  1.60337777e+00  3.08493151e+01  1.28535234e+00  5.30450844e+00 
 2.80000000e-01  1.48000000e+00  2.80000000e-01  1.48148160e-12  1.21242862e+00  1.91581754e+00  1.05577334e+00  1.60337777e+00  3.08493151e+01  1.28535234e+00  5.30450844e+00 
 2.90000000e-01  1.48000000e+00  2.90000000e-01  1.48148160e-12  1.21242862e+00  1.91581754e+00  1.05577334e+00  1.60337777e+00  3.08493151e+01  1.28535234e+00  5.30450844e+00 
 3.00000000e-01  1.48000000e+00  3.00000000e-01  1.48148160e-12  1.21242862e+00  1.91581754e+00  1.05577334e+00  1.60337777e+00  3.08493151e+01  1.28535234e+00  5.30450844e+00 
 3.10000000e-01  1.48000000e+00  3.10000000e-01  1.48148160e-12  1.21242862e+00  1.91581754e+00  1.05577334e+00  1.60337777e+00  3.08493151e+01  1.28535234e+00  5.30450844e+00 
 3.20000000e-01  1.48000000e+00  3.20000000e-01  1.48148160e-12  1.21242862e+00  1.91581754e+00  1.05577334e+00  1.60337777e+00  3.08493151e+01  1.28535234e+00  5.30450844e+00 
 3.30000000e-01  1.48000000e+00  3.30000000e-01  1.48148160e-12  1.21242862e+00  1.91581754e+00  1.05577334e+00  1.60337777e+00  3.08493151e+01  1.28535234e+00  5.30450844e+00 
 3.40000000e-01  1.48000000e+00  3.40000000e-01  1.48148160e-12  1.21242862e+00  1.91581754e+00  1.05577334e+00  1.60337777e+00  3.08493151e+01  1.28535234e+00  5.30450844e+00 
 3.50000000e-01  1.48000000e+00  3.50000000e-01  1.48325796e-12  1.21242862e+00  1.91581754e+00  1.05577334e+00  1.60337777e+00  3.08493151e+01  1.28535234e+00  5.30450844e+00 
 3.60000000e-01  1.48000000e+00  3.60000000e-01  1.48325796e-12  1.21242862e+00  1.91581754e+00  1.05577334e+00  1.60337777e+00  3.08493151e+01  1.28535234e+00  5.30450844e+00 
 3.70000000e-01  1.48000000e+00  3.70000000e-01  1.48325796e-12  1.21242862e+00  1.91581754e+00  1.05577334e+00  1.60337777e+00  3.08493151e+01  1.28535234e+00  5.30450844e+00 
 3.80000000e-01  1.48000000e+00  3.80000000e-01  1.48325796e-12  1.21242862e+00  1.91581754e+00  1.05577334e+00  1.60337777e+00  3.08493151e+01  1.28535234e+00  5.30450844e+00 
 3.90000000e-01  1.48000000e+00  3.90000000e-01  1.48858703e-12  1.21242862e+00  1.91581754e+00  1.05577334e+00  1.60337777e+00  3.08493151e+01  1.28535234e+00  5.30450844e+00 
 4.00000000e-01  1.48000000e+00  4.00000000e-01  1.49924517e-12  1.21242862e+00  1.91581754e+00  1.05577334e+00  1.60337777e+00  3.08493151e+01  1.28535234e+00  5.30450844e+00 
 4.10000000e-01  1.48000000e+00  4.10000000e-01  1.52411417e-12  1.21242862e+00  1.91581754e+00  1.05577334e+00  1.60337777e+00  3.08493151e+01  1.28535234e+00  5.30450844e+00 
 4.20000000e-01  1.48000000e+00  4.20000000e-01  1.59694480e-12  1.21242862e+00  1.91581754e+00  1.05577334e+00  1.60337777e+00  3.08493151e+01  1.28535234e+00  5.30450844e+00 
 4.30000000e-01  1.48000000e+00  4.30000000e-01  1.77813320e-12  1.21242862e+00  1.91581754e+00  1.05577334e+00  1.60337777e+00  3.08493151e+01  1.28535234e+00  5.30450844e+00 
 4.40000000e-01  1.48000000e+00  4.40000000e-01  2.26130226e-12  1.21242862e+00  1.91581754e+00  1.05577334e+00  1.60337777e+00  3.08493151e+01  1.28535234e+00  5.30450844e+00 
 4.50000000e-01  1.48000000e+00  4.50000000e-01  3.52251561e-12  1.21242862e+00  1.91581754e+00  1.05577334e+00  1.60337777e+00  3.08493151e+01  1.28535234e+00  5.30450844e+00 
 4.60000000e-01  1.48000000e+00  4.60000000e-01  6.83009205e-12  1.21242862e+00  1.91581754e+00  1.05577334e+00  1.60337777e+00  3.08493151e+01  1.28535234e+00  5.30450844e+00 
 4.70000000e-01  1.48000000e+00  4.70000000e-01  1.54418700e-11  1.21242862e+00  1.91581754e+00  1.05577334e+00  1.60337777e+00  3.08493151e+01  1.28535234e+00  5.30450844e+00 
 4.80000000e-01  1.48000000e+00  4.80000000e-01  3.77102793e-11  1.21242862e+00  1.91581754e+00  1.05577334e+00  1.60337777e+00  3.08493151e+01  1.28535234e+00  5.30450844e+00 
 4.90000000e-01  1.48000000e+00  4.90000000e-01  9.46496215e-11  1.21242862e+00  1.91581754e+00  1.05577334e+00  1.60337777e+00  3.08493151e+01  1.28535234e+00  5.30450844e+00 
 5.00000000e-01  1.48000000e+00  5.00000000e-01  2.37747599e-10  1.21242862e+00  1.91581754e+00  1.05577334e+00  1.60337777e+00  3.08493151e+01  1.28535234e+00  5.30450844e+00 
 5.10000000e-01  1.48000000e+00  5.10000000e-01  5.88149973e-10  1.21242862e+00  1.91581754e+00  1.05577334e+00  1.60337777e+00  3.08493151e+01  1.28535234e+00  5.30450844e+00 
 5.20000000e-01  1.48000000e+00  5.20000000e-01  1.41497658e-09  1.21242862e+00  1.91581754e+00  1.05577334e+00  1.60337777e+00  3.08493151e+01  1.28535234e+00  5.30450844e+00 
 5.30000000e-01  1.48000000e+00  5.30000000e-01  3.27139027e-09  1.21242862e+00  1.91581754e+00  1.05577334e+00  1.60337777e+00  3.08493151e+01  1.28535234e+00  5.30450844e+00 
 5.40000000e-01  1.48000000e+00  5.40000000e-01  7.19298932e-09  1.21242862e+00  1.91581754e+00  1.05577334e+00  1.60337777e+00  3.08493151e+01  1.28535234e+00  5.30450844e+00 
 5.50000000e-01  1.48000000e+00  5.50000000e-01  1.49434047e-08  1.21242862e+00  1.91581754e+00  1.05577334e+00  1.60337777e+00  3.08493151e+01  1.28535234e+00  5.30450844e+00 
 5.60000000e-01  1.48000000e+00  5.60000000e-01  2.93211126e-08  1.21242862e+00  1.91581754e+00  1.05577334e+00  1.60337777e+00  3.08493151e+01  1.28535234e+00  5.30450844e+00 
 5.70000000e-01  1.48000000e+00  5.70000000e-01  5.46560575e-08  1.21242862e+00  1.91581754e+00  1.05577334e+00  1.60337777e+00  3.08493151e+01  1.28535234e+00  5.30450844e+00 
 5.80000000e-01  1.48000000e+00  5.80000000e-01  9.77490231e-08  1.21242862e+00  1.91581754e+00  1.05577334e+00  1.60337777e+00  3.08493151e+01  1.28535234e+00  5.30450844e+00 
 5.90000000e-01  1.48000000e+00  5.90000000e-01  1.69568018e-07  1.21242862e+00  1.91581754e+00  1.05577334e+00  1.60337777e+00  3.08493151e+01  1.28535234e+00  5.30450844e+00 
 6.00000000e-01  1.48000000e+00  6.00000000e-01  2.88105809e-07  1.21242862e+00  1.91581754e+00  1.05577334e+00  1.60337777e+00  3.08493151e+01  1.28535234e+00  5.30450844e+00 
 6.10000000e-01  1.48000000e+00  6.10000000e-01  4.83006019e-07  1.21242862e+00  1.91581754e+00  1.05577334e+00  1.60337777e+00  3.08493151e+01  1.28535234e+00  5.30450844e+00 
 6.20000000e-01  1.48000000e+00  6.20000000e-01  8.02696151e-07  1.21242862e+00  1.91581754e+00  1.05577334e+00  1.60337777e+00  3.08493151e+01  1.28535234e+00  5.30450844e+00 
 6.30000000e-01  1.48000000e+00  6.30000000e-01  1.32418413e-06  1.21242862e+00  1.91581754e+00  1.05577334e+00  1.60337777e+00  3.08493151e+01  1.28535234e+00  5.30450844e+00 
 6.40000000e-01  1.48000000e+00  6.40000000e-01  2.16325569e-06  1.21242862e+00  1.91581754e+00  1.05577334e+00  1.60337777e+00  3.08493151e+01  1.28535234e+00  5.30450844e+00 
 6.50000000e-01  1.48000000e+00  6.50000000e-01  3.47827159e-06  1.21242862e+00  1.91581754e+00  1.05577334e+00  1.60337777e+00  3.08493151e+01  1.28535234e+00  5.30450844e+00 
 6.60000000e-01  1.48000000e+00  6.60000000e-01  5.45818253e-06  1.21242862e+00  1.91581754e+00  1.05577334e+00  1.60337777e+00  3.08493151e+01  1.28535234e+00  5.30450844e+00 
 6.70000000e-01  1.48000000e+00  6.70000000e-01  8.29256808e-06  1.21242862e+00  1.91581754e+00  1.05577334e+00  1.60337777e+00  3.08493151e+01  1.28535234e+00  5.30450844e+00 
 6.80000000e-01  1.48000000e+00  6.80000000e-01  1.21368342e-05  1.21242862e+00  1.91581754e+00  1.05577334e+00  1.60337777e+00  3.08493151e+01  1.28535234e+00  5.30450844e+00 
 6.90000000e-01  1.48000000e+00  6.90000000e-01  1.70917172e-05  1.21242862e+00  1.91581754e+00  1.05577334e+00  1.60337777e+00  3.08493151e+01  1.28535234e+00  5.30450844e+00 
 7.00000000e-01  1.48000000e+00  7.00000000e-01  2.32041929e-05  1.21242862e+00  1.91581754e+00  1.05577334e+00  1.60337777e+00  3.08493151e+01  1.28535234e+00  5.30450844e+00 
 7.10000000e-01  1.48000000e+00  7.10000000e-01  3.04819541e-05  1.21242862e+00  1.91581754e+00  1.05577334e+00  1.60337777e+00  3.08493151e+01  1.28535234e+00  5.30450844e+00 
 7.20000000e-01  1.48000000e+00  7.20000000e-01  3.89101276e-05  1.21242862e+00  1.91581754e+00  1.05577334e+00  1.60337777e+00  3.08493151e+01  1.28535234e+00  5.30450844e+00 
 7.30000000e-01  1.48000000e+00  7.30000000e-01  4.84638937e-05  1.21242862e+00  1.91581754e+00  1.05577334e+00  1.60337777e+00  3.08493151e+01  1.28535234e+00  5.30450844e+00 
 7.40000000e-01  1.48000000e+00  7.40000000e-01  5.91159130e-05  1.21242862e+00  1.91581754e+00  1.05577334e+00  1.60337777e+00  3.08493151e+01  1.28535234e+00  5.30450844e+00 
 7.50000000e-01  1.48000000e+00  7.50000000e-01  7.08398446e-05  1.21242862e+00  1.91581754e+00  1.05577334e+00  1.60337777e+00  3.08493151e+01  1.28535234e+00  5.30450844e+00 
 7.60000000e-01  1.48000000e+00  7.60000000e-01  8.36115552e-05  1.21242862e+00  1.91581754e+00  1.05577334e+00  1.60337777e+00  3.08493151e+01  1.28535234e+00  5.30450844e+00 
 7.70000000e-01  1.48000000e+00  7.70000000e-01  9.74091866e-05  1.21242862e+00  1.91581754e+00  1.05577334e+00  1.60337777e+00  3.08493151e+01  1.28535234e+00  5.30450844e+00 
 7.80000000e-01  1.48000000e+00  7.80000000e-01  1.12212770e-04  1.21242862e+00  1.91581754e+00  1.05577334e+00  1.60337777e+00  3.08493151e+01  1.28535234e+00  5.30450844e+00 
 7.90000000e-01  1.48000000e+00  7.90000000e-01  1.28003729e-04  1.21242862e+00  1.91581754e+00  1.05577334e+00  1.60337777e+00  3.08493151e+01  1.28535234e+00  5.30450844e+00 
 8.00000000e-01  1.48000000e+00  8.00000000e-01  1.44764428e-04  1.21242862e+00  1.91581754e+00  1.05577334e+00  1.60337777e+00  3.08493151e+01  1.28535234e+00  5.30450844e+00 
 8.10000000e-01  1.48000000e+00  8.10000000e-01  1.62477808e-04  1.21242862e+00  1.91581754e+00  1.05577334e+00  1.60337777e+00  3.08493151e+01  1.28535234e+00  5.30450844e+00 
 8.20000000e-01  1.48000000e+00  8.20000000e-01  1.81127117e-04  1.21242862e+00  1.91581754e+00  1.05577334e+00  1.60337777e+00  3.08493151e+01  1.28535234e+00  5.30450844e+00 
 8.30000000e-01  1.48000000e+00  8.30000000e-01  2.00695728e-04  1.21242862e+00  1.91581754e+00  1.05577334e+00  1.60337777e+00  3.08493151e+01  1.28535234e+00  5.30450844e+00 
 8.40000000e-01  1.48000000e+00  8.40000000e-01  2.21167012e-04  1.21242862e+00  1.91581754e+00  1.05577334e+00  1.60337777e+00  3.08493151e+01  1.28535234e+00  5.30450844e+00 
 8.50000000e-01  1.48000000e+00  8.50000000e-01  2.42524265e-04  1.21242862e+00  1.91581754e+00  1.05577334e+00  1.60337777e+00  3.08493151e+01  1.28535234e+00  5.30450844e+00 
 8.60000000e-01  1.48000000e+00  8.60000000e-01  2.64750668e-04  1.21242862e+00  1.91581754e+00  1.05577334e+00  1.60337777e+00  3.08493151e+01  1.28535234e+00  5.30450844e+00 
 8.70000000e-01  1.48000000e+00  8.70000000e-01  2.87829266e-04  1.21242862e+00  1.91581754e+00  1.05577334e+00  1.60337777e+00  3.08493151e+01  1.28535234e+00  5.30450844e+00 
 8.80000000e-01  1.48000000e+00  8.80000000e-01  3.11742969e-04  1.21242862e+00  1.91581754e+00  1.05577334e+00  1.60337777e+00  3.08493151e+01  1.28535234e+00  5.30450844e+00 
 8.90000000e-01  1.48000000e+00  8.90000000e-01  3.36474553e-04  1.21242862e+00  1.91581754e+00  1.05577334e+00  1.60337777e+00  3.08493151e+01  1.28535234e+00  5.30450844e+00 
 9.00000000e-01  1.48000000e+00  9.00000000e-01  3.62006683e-04  1.21242862e+00  1.91581754e+00  1.05577334e+00  1.60337777e+00  3.08493151e+01  1.28535234e+00  5.30450844e+00 
 9.10000000e-01  1.48000000e+00  9.10000000e-01  3.88321923e-04  1.21242862e+00  1.91581754e+00  1.05577334e+00  1.60337777e+00  3.08493151e+01  1.28535234e+00  5.30450844e+00 
 9.20000000e-01  1.48000000e+00  9.20000000e-01  4.15402764e-04  1.21242862e+00  1.91581754e+00  1.05577334e+00  1.60337777e+00  3.08493151e+01  1.28535234e+00  5.30450844e+00 
 9.30000000e-01  1.48000000e+00  9.30000000e-01  4.43231637e-04  1.21242862e+00  1.91581754e+00  1.05577334e+00  1.60337777e+00  3.08493151e+01  1.28535234e+00  5.30450844e+00 
 9.40000000e-01  1.48000000e+00  9.40000000e-01  4.71790941e-04  1.21242862e+00  1.91581754e+00  1.05577334e+00  1.60337777e+00  3.08493151e+01  1.28535234e+00  5.30450844e+00 
 9.50000000e-01  1.48000000e+00  9.50000000e-01  5.01063062e-04  1.21242862e+00  1.91581754e+00  1.05577334e+00  1.60337777e+00  3.08493151e+01  1.28535234e+00  5.30450844e+00 
 9.60000000e-01  1.48000000e+00  9.60000000e-01  5.31030394e-04  1.21242862e+00  1.91581754e+00  1.05577334e+00  1.60337777e+00  3.08493151e+01  1.28535234e+00  5.30450844e+00 
 9.70000000e-01  1.48000000e+00  9.70000000e-01  5.61675350e-04  1.21242862e+00  1.91581754e+00  1.05577334e+00  1.60337777e+00  3.08493151e+01  1.28535234e+00  5.30450844e+00 
 9.80000000e-01  1.48000000e+00  9.80000000e-01  5.92980396e-04  1.21242862e+00  1.91581754e+00  1.05577334e+00  1.60337777e+00  3.08493151e+01  1.28535234e+00  5.30450844e+00 
 9.90000000e-01  1.48000000e+00  9.90000000e-01  6.24928065e-04  1.21242862e+00  1.91581754e+00  1.05577334e+00  1.60337777e+00  3.08493151e+01  1.28535234e+00  5.30450844e+00 
 1.00000000e+00  1.48000000e+00  1.00000000e+00  6.57500973e-04  1.21242862e+00  1.91581754e+00  1.05577334e+00  1.60337777e+00  3.08493151e+01  1.28535234e+00  5.30450844e+00 
 1.01000000e+00  1.48000000e+00  1.01000000e+00  6.90681836e-04  1.21242862e+00  1.91581754e+00  1.05577334e+00  1.60337777e+00  3.08493151e+01  1.28535234e+00  5.30450844e+00 
 1.02000000e+00  1.48000000e+00  1.02000000e+00  7.24453481e-04  1.21242862e+00  1.91581754e+00  1.05577334e+00  1.60337777e+00  3.08493151e+01  1.28535234e+00  5.30450844e+00 
 1.03000000e+00  1.48000000e+00  1.03000000e+00  7.58798866e-04  1.21242862e+00  1.91581754e+00  1.05577334e+00  1.60337777e+00  3.08493151e+01  1.28535234e+00  5.30450844e+00 
 1.04000000e+00  1.48000000e+00  1.04000000e+00  7.93701086e-04  1.21242862e+00  1.91581754e+00  1.05577334e+00  1.60337777e+00  3.08493151e+01  1.28535234e+00  5.30450844e+00 
 1.05000000e+00  1.48000000e+00  1.05000000e+00  8.29143393e-04  1.21242862e+00  1.91581754e+00  1.05577334e+00  1.60337777e+00  3.08493151e+01  1.28535234e+00  5.30450844e+00 
 1.06000000e+00  1.48000000e+00  1.06000000e+00  8.65109200e-04  1.21242862e+00  1.91581754e+00  1.05577334e+00  1.60337777e+00  3.08493151e+01  1.28535234e+00  5.30450844e+00 
 1.07000000e+00  1.48000000e+00  1.07000000e+00  9.01582096e-04  1.21242862e+00  1.91581754e+00  1.05577334e+00  1.60337777e+00  3.08493151e+01  1.28535234e+00  5.30450844e+00 
 1.08000000e+00  1.48000000e+00  1.08000000e+00  9.38545853e-04  1.21242862e+00  1.91581754e+00  1.05577334e+00  1.60337777e+00  3.08493151e+01  1.28535234e+00  5.30450844e+00 
 1.09000000e+00  1.48000000e+00  1.09000000e+00  9.75984435e-04  1.21242862e+00  1.91581754e+00  1.05577334e+00  1.60337777e+00  3.08493151e+01  1.28535234e+00  5.30450844e+00 
 1.10000000e+00  1.48000000e+00  1.10000000e+00  1.01388201e-03  1.21242862e+00  1.91581754e+00  1.05577334e+00  1.60337777e+00  3.08493151e+01  1.28535234e+00  5.30450844e+00 
 1.11000000e+00  1.48000000e+00  1.11000000e+00  1.05222294e-03  1.21242862e+00  1.91581754e+00  1.05577334e+00  1.60337777e+00  3.08493151e+01  1.28535234e+00  5.30450844e+00 
 1.12000000e+00  1.48000000e+00  1.12000000e+00  1.09099182e-03  1.21242862e+00  1.91581754e+00  1.05577334e+00  1.60337777e+00  3.08493151e+01  1.28535234e+00  5.30450844e+00 
 1.13000000e+00  1.48000000e+00  1.13000000e+00  1.13017344e-03  1.21242862e+00  1.91581754e+00  1.05577334e+00  1.60337777e+00  3.08493151e+01  1.28535234e+00  5.30450844e+00 
 1.14000000e+00  1.48000000e+00  1.14000000e+00  1.16975284e-03  1.21242862e+00  1.91581754e+00  1.05577334e+00  1.60337777e+00  3.08493151e+01  1.28535234e+00  5.30450844e+00 
 1.15000000e+00  1.48000000e+00  1.15000000e+00  1.20971526e-03  1.21242862e+00  1.91581754e+00  1.05577334e+00  1.60337777e+00  3.08493151e+01  1.28535234e+00  5.30450844e+00 
 1.16000000e+00  1.48000000e+00  1.16000000e+00  1.25004620e-03  1.21242862e+00  1.91581754e+00  1.05577334e+00  1.60337777e+00  3.08493151e+01  1.28535234e+00  5.30450844e+00 
 1.17000000e+00  1.48000000e+00  1.17000000e+00  1.29073136e-03  1.21242862e+00  1.91581754e+00  1.05577334e+00  1.60337777e+00  3.08493151e+01  1.28535234e+00  5.30450844e+00 
 1.18000000e+00  1.48000000e+00  1.18000000e+00  1.33175670e-03  1.21242862e+00  1.91581754e+00  1.05577334e+00  1.60337777e+00  3.08493151e+01  1.28535234e+00  5.30450844e+00 
 1.19000000e+00  1.48000000e+00  1.19000000e+00  1.37310842e-03  1.21242862e+00  1.91581754e+00  1.05577334e+00  1.60337777e+00  3.08493151e+01  1.28535234e+00  5.30450844e+00 
 1.20000000e+00  1.48000000e+00  1.20000000e+00  1.41477294e-03  1.21242862e+00  1.91581754e+00  1.05577334e+00  1.60337777e+00  3.08493151e+01  1.28535234e+00  5.30450844e+00 
 1.21000000e+00  1.48000000e+00  1.21000000e+00  1.45673693e-03  1.21242862e+00  1.91581754e+00  1.05577334e+00  1.60337777e+00  3.08493151e+01  1.28535234e+00  5.30450844e+00 
 1.22000000e+00  1.48000000e+00  1.22000000e+00  1.49898731e-03  1.21242862e+00  1.91581754e+00  1.05577334e+00  1.60337777e+00  3.08493151e+01  1.28535234e+00  5.30450844e+00 
 1.23000000e+00  1.48000000e+00  1.23000000e+00  1.54151123e-03  1.21242862e+00  1.91581754e+00  1.05577334e+00  1.60337777e+00  3.08493151e+01  1.28535234e+00  5.30450844e+00 
 1.24000000e+00  1.48000000e+00  1.24000000e+00  1.58429608e-03  1.21242862e+00  1.91581754e+00  1.05577334e+00  1.60337777e+00  3.08493151e+01  1.28535234e+00  5.30450844e+00 
 1.25000000e+00  1.48000000e+00  1.25000000e+00  1.62732949e-03  1.21242862e+00  1.91581754e+00  1.05577334e+00  1.60337777e+00  3.08493151e+01  1.28535234e+00  5.30450844e+00 
 1.26000000e+00  1.48000000e+00  1.26000000e+00  1.67059934e-03  1.21242862e+00  1.91581754e+00  1.05577334e+00  1.60337777e+00  3.08493151e+01  1.28535234e+00  5.30450844e+00 
 1.27000000e+00  1.48000000e+00  1.27000000e+00  1.71409373e-03  1.21242862e+00  1.91581754e+00  1.05577334e+00  1.60337777e+00  3.08493151e+01  1.28535234e+00  5.30450844e+00 
 1.28000000e+00  1.48000000e+00  1.28000000e+00  1.75780101e-03  1.21242862e+00  1.91581754e+00  1.05577334e+00  1.60337777e+00  3.08493151e+01  1.28535234e+00  5.30450844e+00 
 1.29000000e+00  1.48000000e+00  1.29000000e+00  1.80170976e-03  1.21242862e+00  1.91581754e+00  1.05577334e+00  1.60337777e+00  3.08493151e+01  1.28535234e+00  5.30450844e+00 
 1.30000000e+00  1.48000000e+00  1.30000000e+00  1.84580879e-03  1.21242862e+00  1.91581754e+00  1.05577334e+00  1.60337777e+00  3.08493151e+01  1.28535234e+00  5.30450844e+00 
 1.31000000e+00  1.48000000e+00  1.31000000e+00  1.89008714e-03  1.21242862e+00  1.91581754e+00  1.05577334e+00  1.60337777e+00  3.08493151e+01  1.28535234e+00  5.30450844e+00 
 1.32000000e+00  1.48000000e+00  1.32000000e+00  1.93453408e-03  1.21242862e+00  1.91581754e+00  1.05577334e+00  1.60337777e+00  3.08493151e+01  1.28535234e+00  5.30450844e+00 
 1.33000000e+00  1.48000000e+00  1.33000000e+00  1.97913909e-03  1.21242862e+00  1.91581754e+00  1.05577334e+00  1.60337777e+00  3.08493151e+01  1.28535234e+00  5.30450844e+00 
 1.34000000e+00  1.48000000e+00  1.34000000e+00  2.02389191e-03  1.21242862e+00  1.91581754e+00  1.05577334e+00  1.60337777e+00  3.08493151e+01  1.28535234e+00  5.30450844e+00 
 1.35000000e+00  1.48000000e+00  1.35000000e+00  2.06878245e-03  1.21242862e+00  1.91581754e+00  1.05577334e+00  1.60337777e+00  3.08493151e+01  1.28535234e+00  5.30450844e+00 
 1.36000000e+00  1.48000000e+00  1.36000000e+00  2.11380088e-03  1.21242862e+00  1.91581754e+00  1.05577334e+00  1.60337777e+00  3.08493151e+01  1.28535234e+00  5.30450844e+00 
 1.37000000e+00  1.48000000e+00  1.37000000e+00  2.15893754e-03  1.21242862e+00  1.91581754e+00  1.05577334e+00  1.60337777e+00  3.08493151e+01  1.28535234e+00  5.30450844e+00 
 1.38000000e+00  1.48000000e+00  1.38000000e+00  2.20418302e-03  1.21242862e+00  1.91581754e+00  1.05577334e+00  1.60337777e+00  3.08493151e+01  1.28535234e+00  5.30450844e+00 
 1.39000000e+00  1.48000000e+00  1.39000000e+00  2.24952809e-03  1.21242862e+00  1.91581754e+00  1.05577334e+00  1.60337777e+00  3.08493151e+01  1.28535234e+00  5.30450844e+00 
 1.40000000e+00  1.48000000e+00  1.40000000e+00  2.29496374e-03  1.21242862e+00  1.91581754e+00  1.05577334e+00  1.60337777e+00  3.08493151e+01  1.28535234e+00  5.30450844e+00 
 1.41000000e+00  1.48000000e+00  1.41000000e+00  2.34048113e-03  1.21242862e+00  1.91581754e+00  1.05577334e+00  1.60337777e+00  3.08493151e+01  1.28535234e+00  5.30450844e+00 
 1.42000000e+00  1.48000000e+00  1.42000000e+00  2.38607165e-03  1.21242862e+00  1.91581754e+00  1.05577334e+00  1.60337777e+00  3.08493151e+01  1.28535234e+00  5.30450844e+00 
 1.43000000e+00  1.48000000e+00  1.43000000e+00  2.43172687e-03  1.21242862e+00  1.91581754e+00  1.05577334e+00  1.60337777e+00  3.08493151e+01  1.28535234e+00  5.30450844e+00 
 1.44000000e+00  1.48000000e+00  1.44000000e+00  2.47743853e-03  1.21242862e+00  1.91581754e+00  1.05577334e+00  1.60337777e+00  3.08493151e+01  1.28535234e+00  5.30450844e+00 
 1.45000000e+00  1.48000000e+00  1.45000000e+00  2.52319858e-03  1.21242862e+00  1.91581754e+00  1.05577334e+00  1.60337777e+00  3.08493151e+01  1.28535234e+00  5.30450844e+00 
 1.46000000e+00  1.48000000e+00  1.46000000e+00  2.56899914e-03  1.21242862e+00  1.91581754e+00  1.05577334e+00  1.60337777e+00  3.08493151e+01  1.28535234e+00  5.30450844e+00 
 1.47000000e+00  1.48000000e+00  1.47000000e+00  2.61483251e-03  1.21242862e+00  1.91581754e+00  1.05577334e+00  1.60337777e+00  3.08493151e+01  1.28535234e+00  5.30450844e+00 
 1.48000000e+00  1.48000000e+00  1.48000000e+00  2.66069114e-03  1.21242862e+00  1.91581754e+00  1.05577334e+00  1.60337777e+00  3.08493151e+01  1.28535234e+00  5.30450844e+00 
 1.49000000e+00  1.48000000e+00  1.49000000e+00  2.70656769e-03  1.21242862e+00  1.91581754e+00  1.05577334e+00  1.60337777e+00  3.08493151e+01  1.28535234e+00  5.30450844e+00 
 1.50000000e+00  1.48000000e+00  1.50000000e+00  2.75245496e-03  1.21242862e+00  1.91581754e+00  1.05577334e+00  1.60337777e+00  3.08493151e+01  1.28535234e+00  5.30450844e+00 
 1.51000000e+00  1.48000000e+00  1.51000000e+00  2.79834592e-03  1.21242862e+00  1.91581754e+00  1.05577334e+00  1.60337777e+00  3.08493151e+01  1.28535234e+00  5.30450844e+00 
 1.52000000e+00  1.48000000e+00  1.52000000e+00  2.84423368e-03  1.21242862e+00  1.91581754e+00  1.05577334e+00  1.60337777e+00  3.08493151e+01  1.28535234e+00  5.30450844e+00 
 1.53000000e+00  1.48000000e+00  1.53000000e+00  2.89011154e-03  1.21242862e+00  1.91581754e+00  1.05577334e+00  1.60337777e+00  3.08493151e+01  1.28535234e+00  5.30450844e+00 
 1.54000000e+00  1.48000000e+00  1.54000000e+00  2.93597292e-03  1.21242862e+00  1.91581754e+00  1.05577334e+00  1.60337777e+00  3.08493151e+01  1.28535234e+00  5.30450844e+00 
 1.55000000e+00  1.48000000e+00  1.55000000e+00  2.98181140e-03  1.21242862e+00  1.91581754e+00  1.05577334e+00  1.60337777e+00  3.08493151e+01  1.28535234e+00  5.30450844e+00 
 1.56000000e+00  1.48000000e+00  1.56000000e+00  3.02762069e-03  1.21242862e+00  1.91581754e+00  1.05577334e+00  1.60337777e+00  3.08493151e+01  1.28535234e+00  5.30450844e+00 
 1.57000000e+00  1.48000000e+00  1.57000000e+00  3.07339467e-03  1.21242862e+00  1.91581754e+00  1.05577334e+00  1.60337777e+00  3.08493151e+01  1.28535234e+00  5.30450844e+00 
 1.58000000e+00  1.48000000e+00  1.58000000e+00  3.11912732e-03  1.21242862e+00  1.91581754e+00  1.05577334e+00  1.60337777e+00  3.08493151e+01  1.28535234e+00  5.30450844e+00 
 1.59000000e+00  1.48000000e+00  1.59000000e+00  3.16481279e-03  1.21242862e+00  1.91581754e+00  1.05577334e+00  1.60337777e+00  3.08493151e+01  1.28535234e+00  5.30450844e+00 
 1.60000000e+00  1.48000000e+00  1.60000000e+00  3.21044531e-03  1.21242862e+00  1.91581754e+00  1.05577334e+00  1.60337777e+00  3.08493151e+01  1.28535234e+00  5.30450844e+00 
 1.61000000e+00  1.48000000e+00  1.61000000e+00  3.25601929e-03  1.21242862e+00  1.91581754e+00  1.05577334e+00  1.60337777e+00  3.08493151e+01  1.28535234e+00  5.30450844e+00 
 1.62000000e+00  1.48000000e+00  1.62000000e+00  3.30152923e-03  1.21242862e+00  1.91581754e+00  1.05577334e+00  1.60337777e+00  3.08493151e+01  1.28535234e+00  5.30450844e+00 
 1.63000000e+00  1.48000000e+00  1.63000000e+00  3.34696975e-03  1.21242862e+00  1.91581754e+00  1.05577334e+00  1.60337777e+00  3.08493151e+01  1.28535234e+00  5.30450844e+00 
 1.64000000e+00  1.48000000e+00  1.64000000e+00  3.39233559e-03  1.21242862e+00  1.91581754e+00  1.05577334e+00  1.60337777e+00  3.08493151e+01  1.28535234e+00  5.30450844e+00 
 1.65000000e+00  1.48000000e+00  1.65000000e+00  3.43762162e-03  1.21242862e+00  1.91581754e+00  1.05577334e+00  1.60337777e+00  3.08493151e+01  1.28535234e+00  5.30450844e+00 
 1.66000000e+00  1.48000000e+00  1.66000000e+00  3.48282278e-03  1.21242862e+00  1.91581754e+00  1.05577334e+00  1.60337777e+00  3.08493151e+01  1.28535234e+00  5.30450844e+00 
 1.67000000e+00  1.48000000e+00  1.67000000e+00  3.52793416e-03  1.21242862e+00  1.91581754e+00  1.05577334e+00  1.60337777e+00  3.08493151e+01  1.28535234e+00  5.30450844e+00 
 1.68000000e+00  1.48000000e+00  1.68000000e+00  3.57295092e-03  1.21242862e+00  1.91581754e+00  1.05577334e+00  1.60337777e+00  3.08493151e+01  1.28535234e+00  5.30450844e+00 
 1.69000000e+00  1.48000000e+00  1.69000000e+00  3.61786834e-03  1.21242862e+00  1.91581754e+00  1.05577334e+00  1.60337777e+00  3.08493151e+01  1.28535234e+00  5.30450844e+00 
 1.70000000e+00  1.48000000e+00  1.70000000e+00  3.66268177e-03  1.21242862e+00  1.91581754e+00  1.05577334e+00  1.60337777e+00  3.08493151e+01  1.28535234e+00  5.30450844e+00 
 1.71000000e+00  1.48000000e+00  1.71000000e+00  3.70738669e-03  1.21242862e+00  1.91581754e+00  1.05577334e+00  1.60337777e+00  3.08493151e+01  1.28535234e+00  5.30450844e+00 
 1.72000000e+00  1.48000000e+00  1.72000000e+00  3.75197865e-03  1.21242862e+00  1.91581754e+00  1.05577334e+00  1.60337777e+00  3.08493151e+01  1.28535234e+00  5.30450844e+00 
 1.73000000e+00  1.48000000e+00  1.73000000e+00  3.79645328e-03  1.21242862e+00  1.91581754e+00  1.05577334e+00  1.60337777e+00  3.08493151e+01  1.28535234e+00  5.30450844e+00 
 1.74000000e+00  1.48000000e+00  1.74000000e+00  3.84080632e-03  1.21242862e+00  1.91581754e+00  1.05577334e+00  1.60337777e+00  3.08493151e+01  1.28535234e+00  5.30450844e+00 
 1.75000000e+00  1.48000000e+00  1.75000000e+00  3.88503356e-03  1.21242862e+00  1.91581754e+00  1.05577334e+00  1.60337777e+00  3.08493151e+01  1.28535234e+00  5.30450844e+00 
 1.76000000e+00  1.48000000e+00  1.76000000e+00  3.92913090e-03  1.21242862e+00  1.91581754e+00  1.05577334e+00  1.60337777e+00  3.08493151e+01  1.28535234e+00  5.30450844e+00 
 1.77000000e+00  1.48000000e+00  1.77000000e+00  3.97309430e-03  1.21242862e+00  1.91581754e+00  1.05577334e+00  1.60337777e+00  3.08493151e+01  1.28535234e+00  5.30450844e+00 
 1.78000000e+00  1.48000000e+00  1.78000000e+00  4.01691980e-03  1.21242862e+00  1.91581754e+00  1.05577334e+00  1.60337777e+00  3.08493151e+01  1.28535234e+00  5.30450844e+00 
 1.79000000e+00  1.48000000e+00  1.79000000e+00  4.06060350e-03  1.21242862e+00  1.91581754e+00  1.05577334e+00  1.60337777e+00  3.08493151e+01  1.28535234e+00  5.30450844e+00 
 1.80000000e+00  1.48000000e+00  1.80000000e+00  4.10414159e-03  1.21242862e+00  1.91581754e+00  1.05577334e+00  1.60337777e+00  3.08493151e+01  1.28535234e+00  5.30450844e+00 
 1.81000000e+00  1.48000000e+00  1.81000000e+00  4.14753030e-03  1.21242862e+00  1.91581754e+00  1.05577334e+00  1.60337777e+00  3.08493151e+01  1.28535234e+00  5.30450844e+00 
 1.82000000e+00  1.48000000e+00  1.82000000e+00  4.19076596e-03  1.21242862e+00  1.91581754e+00  1.05577334e+00  1.60337777e+00  3.08493151e+01  1.28535234e+00  5.30450844e+00 
 1.83000000e+00  1.48000000e+00  1.83000000e+00  4.23384493e-03  1.21242862e+00  1.91581754e+00  1.05577334e+00  1.60337777e+00  3.08493151e+01  1.28535234e+00  5.30450844e+00 
 1.84000000e+00  1.48000000e+00  1.84000000e+00  4.27676364e-03  1.21242862e+00  1.91581754e+00  1.05577334e+00  1.60337777e+00  3.08493151e+01  1.28535234e+00  5.30450844e+00 
 1.85000000e+00  1.48000000e+00  1.85000000e+00  4.31951858e-03  1.21242862e+00  1.91581754e+00  1.05577334e+00  1.60337777e+00  3.08493151e+01  1.28535234e+00  5.30450844e+00 
