 0.00000000e+00  0.00000000e+00  1.48000000e+00 -1.87885340e-19  1.24873529e+00  1.69671293e+00  9.15941636e-01  1.71766495e+00  3.29536870e+01  1.28762231e+00  5.84748641e+00 
 1.00000000e-02  1.00000000e-02  1.48000000e+00  4.43987910e-05  1.24873529e+00  1.69671293e+00  9.15941636e-01  1.71766495e+00  3.29536870e+01  1.28762231e+00  5.84748641e+00 
 2.00000000e-02  2.00000000e-02  1.48000000e+00  8.83248755e-05  1.24873529e+00  1.69671293e+00  9.15941636e-01  1.71766495e+00  3.29536870e+01  1.28762231e+00  5.84748641e+00 
 3.00000000e-02  3.00000000e-02  1.48000000e+00  1.31776655e-04  1.24873529e+00  1.69671293e+00  9.15941636e-01  1.71766495e+00  3.29536870e+01  1.28762231e+00  5.84748641e+00 
 4.00000000e-02  4.00000000e-02  1.48000000e+00  1.74752527e-04  1.24873529e+00  1.69671293e+00  9.15941636e-01  1.71766495e+00  3.29536870e+01  1.28762231e+00  5.84748641e+00 
 5.00000000e-02  5.00000000e-02  1.48000000e+00  2.17250885e-04  1.24873529e+00  1.69671293e+00  9.15941636e-01  1.71766495e+00  3.29536870e+01  1.28762231e+00  5.84748641e+00 
 6.00000000e-02  6.00000000e-02  1.48000000e+00  2.59270120e-04  1.24873529e+00  1.69671293e+00  9.15941636e-01  1.71766495e+00  3.29536870e+01  1.28762231e+00  5.84748641e+00 
 7.00000000e-02  7.00000000e-02  1.48000000e+00  3.00808619e-04  1.24873529e+00  1.69671293e+00  9.15941636e-01  1.71766495e+00  3.29536870e+01  1.28762231e+00  5.84748641e+00 
 8.00000000e-02  8.00000000e-02  1.48000000e+00  3.41864771e-04  1.24873529e+00  1.69671293e+00  9.15941636e-01  1.71766495e+00  3.29536870e+01  1.28762231e+00  5.84748641e+00 
 9.00000000e-02  9.00000000e-02  1.48000000e+00  3.82436962e-04  1.24873529e+00  1.69671293e+00  9.15941636e-01  1.71766495e+00  3.29536870e+01  1.28762231e+00  5.84748641e+00 
 1.00000000e-01  1.00000000e-01  1.48000000e+00  4.22523579e-04  1.24873529e+00  1.69671293e+00  9.15941636e-01  1.71766495e+00  3.29536870e+01  1.28762231e+00  5.84748641e+00 
 1.10000000e-01  1.10000000e-01  1.48000000e+00  4.62123015e-04  1.24873529e+00  1.69671293e+00  9.15941636e-01  1.71766495e+00  3.29536870e+01  1.28762231e+00  5.84748641e+00 
 1.20000000e-01  1.20000000e-01  1.48000000e+00  5.01233663e-04  1.24873529e+00  1.69671293e+00  9.15941636e-01  1.71766495e+00  3.29536870e+01  1.28762231e+00  5.84748641e+00 
 1.30000000e-01  1.30000000e-01  1.48000000e+00  5.39853924e-04  1.24873529e+00  1.69671293e+00  9.15941636e-01  1.71766495e+00  3.29536870e+01  1.28762231e+00  5.84748641e+00 
 1.40000000e-01  1.40000000e-01  1.48000000e+00  5.77982207e-04  1.24873529e+00  1.69671293e+00  9.15941636e-01  1.71766495e+00  3.29536870e+01  1.28762231e+00  5.84748641e+00 
 1.50000000e-01  1.50000000e-01  1.48000000e+00  6.15616930e-04  1.24873529e+00  1.69671293e+00  9.15941636e-01  1.71766495e+00  3.29536870e+01  1.28762231e+00  5.84748641e+00 
 1.60000000e-01  1.60000000e-01  1.48000000e+00  6.52756527e-04  1.24873529e+00  1.69671293e+00  9.15941636e-01  1.71766495e+00  3.29536870e+01  1.28762231e+00  5.84748641e+00 
 1.70000000e-01  1.70000000e-01  1.48000000e+00  6.89399446e-04  1.24873529e+00  1.69671293e+00  9.15941636e-01  1.71766495e+00  3.29536870e+01  1.28762231e+00  5.84748641e+00 
 1.80000000e-01  1.80000000e-01  1.48000000e+00  7.25544153e-04  1.24873529e+00  1.69671293e+00  9.15941636e-01  1.71766495e+00  3.29536870e+01  1.28762231e+00  5.84748641e+00 
 1.90000000e-01  1.90000000e-01  1.48000000e+00  7.61189142e-04  1.24873529e+00  1.69671293e+00  9.15941636e-01  1.71766495e+00  3.29536870e+01  1.28762231e+00  5.84748641e+00 
 2.00000000e-01  2.00000000e-01  1.48000000e+00  7.96332929e-04  1.24873529e+00  1.69671293e+00  9.15941636e-01  1.71766495e+00  3.29536870e+01  1.28762231e+00  5.84748641e+00 
 2.10000000e-01  2.10000000e-01  1.48000000e+00  8.30974066e-04  1.24873529e+00  1.69671293e+00  9.15941636e-01  1.71766495e+00  3.29536870e+01  1.28762231e+00  5.84748641e+00 
 2.20000000e-01  2.20000000e-01  1.48000000e+00  8.65111142e-04  1.24873529e+00  1.69671293e+00  9.15941636e-01  1.71766495e+00  3.29536870e+01  1.28762231e+00  5.84748641e+00 
 2.30000000e-01  2.30000000e-01  1.48000000e+00  8.98742786e-04  1.24873529e+00  1.69671293e+00  9.15941636e-01  1.71766495e+00  3.29536870e+01  1.28762231e+00  5.84748641e+00 
 2.40000000e-01  2.40000000e-01  1.48000000e+00  9.31867681e-04  1.24873529e+00  1.69671293e+00  9.15941636e-01  1.71766495e+00  3.29536870e+01  1.28762231e+00  5.84748641e+00 
 2.50000000e-01  2.50000000e-01  1.48000000e+00  9.64484564e-04  1.24873529e+00  1.69671293e+00  9.15941636e-01  1.71766495e+00  3.29536870e+01  1.28762231e+00  5.84748641e+00 
 2.60000000e-01  2.60000000e-01  1.48000000e+00  9.96592237e-04  1.24873529e+00  1.69671293e+00  9.15941636e-01  1.71766495e+00  3.29536870e+01  1.28762231e+00  5.84748641e+00 
 2.70000000e-01  2.70000000e-01  1.48000000e+00  1.02818958e-03  1.24873529e+00  1.69671293e+00  9.15941636e-01  1.71766495e+00  3.29536870e+01  1.28762231e+00  5.84748641e+00 
 2.80000000e-01  2.80000000e-01  1.48000000e+00  1.05927554e-03  1.24873529e+00  1.69671293e+00  9.15941636e-01  1.71766495e+00  3.29536870e+01  1.28762231e+00  5.84748641e+00 
 2.90000000e-01  2.90000000e-01  1.48000000e+00  1.08984917e-03  1.24873529e+00  1.69671293e+00  9.15941636e-01  1.71766495e+00  3.29536870e+01  1.28762231e+00  5.84748641e+00 
 3.00000000e-01  3.00000000e-01  1.48000000e+00  1.11990962e-03  1.24873529e+00  1.69671293e+00  9.15941636e-01  1.71766495e+00  3.29536870e+01  1.28762231e+00  5.84748641e+00 
 3.10000000e-01  3.10000000e-01  1.48000000e+00  1.14945618e-03  1.24873529e+00  1.69671293e+00  9.15941636e-01  1.71766495e+00  3.29536870e+01  1.28762231e+00  5.84748641e+00 
 3.20000000e-01  3.20000000e-01  1.48000000e+00  1.17848822e-03  1.24873529e+00  1.69671293e+00  9.15941636e-01  1.71766495e+00  3.29536870e+01  1.28762231e+00  5.84748641e+00 
 3.30000000e-01  3.30000000e-01  1.48000000e+00  1.20700528e-03  1.24873529e+00  1.69671293e+00  9.15941636e-01  1.71766495e+00  3.29536870e+01  1.28762231e+00  5.84748641e+00 
 3.40000000e-01  3.40000000e-01  1.48000000e+00  1.23500708e-03  1.24873529e+00  1.69671293e+00  9.15941636e-01  1.71766495e+00  3.29536870e+01  1.28762231e+00  5.84748641e+00 
 3.50000000e-01  3.50000000e-01  1.48000000e+00  1.26249346e-03  1.24873529e+00  1.69671293e+00  9.15941636e-01  1.71766495e+00  3.29536870e+01  1.28762231e+00  5.84748641e+00 
 3.60000000e-01  3.60000000e-01  1.48000000e+00  1.28946448e-03  1.24873529e+00  1.69671293e+00  9.15941636e-01  1.71766495e+00  3.29536870e+01  1.28762231e+00  5.84748641e+00 
 3.70000000e-01  3.70000000e-01  1.48000000e+00  1.31592041e-03  1.24873529e+00  1.69671293e+00  9.15941636e-01  1.71766495e+00  3.29536870e+01  1.28762231e+00  5.84748641e+00 
 3.80000000e-01  3.80000000e-01  1.48000000e+00  1.34186174e-03  1.24873529e+00  1.69671293e+00  9.15941636e-01  1.71766495e+00  3.29536870e+01  1.28762231e+00  5.84748641e+00 
 3.90000000e-01  3.90000000e-01  1.48000000e+00  1.36728917e-03  1.24873529e+00  1.69671293e+00  9.15941636e-01  1.71766495e+00  3.29536870e+01  1.28762231e+00  5.84748641e+00 
 4.00000000e-01  4.00000000e-01  1.48000000e+00  1.39220371e-03  1.24873529e+00  1.69671293e+00  9.15941636e-01  1.71766495e+00  3.29536870e+01  1.28762231e+00  5.84748641e+00 
 4.10000000e-01  4.10000000e-01  1.48000000e+00  1.41660662e-03  1.24873529e+00  1.69671293e+00  9.15941636e-01  1.71766495e+00  3.29536870e+01  1.28762231e+00  5.84748641e+00 
 4.20000000e-01  4.20000000e-01  1.48000000e+00  1.44049946e-03  1.24873529e+00  1.69671293e+00  9.15941636e-01  1.71766495e+00  3.29536870e+01  1.28762231e+00  5.84748641e+00 
 4.30000000e-01  4.30000000e-01  1.48000000e+00  1.46388412e-03  1.24873529e+00  1.69671293e+00  9.15941636e-01  1.71766495e+00  3.29536870e+01  1.28762231e+00  5.84748641e+00 
 4.40000000e-01  4.40000000e-01  1.48000000e+00  1.48676283e-03  1.24873529e+00  1.69671293e+00  9.15941636e-01  1.71766495e+00  3.29536870e+01  1.28762231e+00  5.84748641e+00 
 4.50000000e-01  4.50000000e-01  1.48000000e+00  1.50913815e-03  1.24873529e+00  1.69671293e+00  9.15941636e-01  1.71766495e+00  3.29536870e+01  1.28762231e+00  5.84748641e+00 
 4.60000000e-01  4.60000000e-01  1.48000000e+00  1.53101304e-03  1.24873529e+00  1.69671293e+00  9.15941636e-01  1.71766495e+00  3.29536870e+01  1.28762231e+00  5.84748641e+00 
 4.70000000e-01  4.70000000e-01  1.48000000e+00  1.55239084e-03  1.24873529e+00  1.69671293e+00  9.15941636e-01  1.71766495e+00  3.29536870e+01  1.28762231e+00  5.84748641e+00 
 4.80000000e-01  4.80000000e-01  1.48000000e+00  1.57327528e-03  1.24873529e+00  1.69671293e+00  9.15941636e-01  1.71766495e+00  3.29536870e+01  1.28762231e+00  5.84748641e+00 
 4.90000000e-01  4.90000000e-01  1.48000000e+00  1.59367051e-03  1.24873529e+00  1.69671293e+00  9.15941636e-01  1.71766495e+00  3.29536870e+01  1.28762231e+00  5.84748641e+00 
 5.00000000e-01  5.00000000e-01  1.48000000e+00  1.61358112e-03  1.24873529e+00  1.69671293e+00  9.15941636e-01  1.71766495e+00  3.29536870e+01  1.28762231e+00  5.84748641e+00 
 5.10000000e-01  5.10000000e-01  1.48000000e+00  1.63301210e-03  1.24873529e+00  1.69671293e+00  9.15941636e-01  1.71766495e+00  3.29536870e+01  1.28762231e+00  5.84748641e+00 
 5.20000000e-01  5.20000000e-01  1.48000000e+00  1.65196889e-03  1.24873529e+00  1.69671293e+00  9.15941636e-01  1.71766495e+00  3.29536870e+01  1.28762231e+00  5.84748641e+00 
 5.30000000e-01  5.30000000e-01  1.48000000e+00  1.67045737e-03  1.24873529e+00  1.69671293e+00  9.15941636e-01  1.71766495e+00  3.29536870e+01  1.28762231e+00  5.84748641e+00 
 5.40000000e-01  5.40000000e-01  1.48000000e+00  1.68848384e-03  1.24873529e+00  1.69671293e+00  9.15941636e-01  1.71766495e+00  3.29536870e+01  1.28762231e+00  5.84748641e+00 
 5.50000000e-01  5.50000000e-01  1.48000000e+00  1.70605502e-03  1.24873529e+00  1.69671293e+00  9.15941636e-01  1.71766495e+00  3.29536870e+01  1.28762231e+00  5.84748641e+00 
 5.60000000e-01  5.60000000e-01  1.48000000e+00  1.72317806e-03  1.24873529e+00  1.69671293e+00  9.15941636e-01  1.71766495e+00  3.29536870e+01  1.28762231e+00  5.84748641e+00 
 5.70000000e-01  5.70000000e-01  1.48000000e+00  1.73986048e-03  1.24873529e+00  1.69671293e+00  9.15941636e-01  1.71766495e+00  3.29536870e+01  1.28762231e+00  5.84748641e+00 
 5.80000000e-01  5.80000000e-01  1.48000000e+00  1.75611022e-03  1.24873529e+00  1.69671293e+00  9.15941636e-01  1.71766495e+00  3.29536870e+01  1.28762231e+00  5.84748641e+00 
 5.90000000e-01  5.90000000e-01  1.48000000e+00  1.77193555e-03  1.24873529e+00  1.69671293e+00  9.15941636e-01  1.71766495e+00  3.29536870e+01  1.28762231e+00  5.84748641e+00 
 6.00000000e-01  6.00000000e-01  1.48000000e+00  1.78734508e-03  1.24873529e+00  1.69671293e+00  9.15941636e-01  1.71766495e+00  3.29536870e+01  1.28762231e+00  5.84748641e+00 
 6.10000000e-01  6.10000000e-01  1.48000000e+00  1.80234773e-03  1.24873529e+00  1.69671293e+00  9.15941636e-01  1.71766495e+00  3.29536870e+01  1.28762231e+00  5.84748641e+00 
 6.20000000e-01  6.20000000e-01  1.48000000e+00  1.81695271e-03  1.24873529e+00  1.69671293e+00  9.15941636e-01  1.71766495e+00  3.29536870e+01  1.28762231e+00  5.84748641e+00 
 6.30000000e-01  6.30000000e-01  1.48000000e+00  1.83116945e-03  1.24873529e+00  1.69671293e+00  9.15941636e-01  1.71766495e+00  3.29536870e+01  1.28762231e+00  5.84748641e+00 
 6.40000000e-01  6.40000000e-01  1.48000000e+00  1.84500760e-03  1.24873529e+00  1.69671293e+00  9.15941636e-01  1.71766495e+00  3.29536870e+01  1.28762231e+00  5.84748641e+00 
 6.50000000e-01  6.50000000e-01  1.48000000e+00  1.85847698e-03  1.24873529e+00  1.69671293e+00  9.15941636e-01  1.71766495e+00  3.29536870e+01  1.28762231e+00  5.84748641e+00 
 6.60000000e-01  6.60000000e-01  1.48000000e+00  1.87158757e-03  1.24873529e+00  1.69671293e+00  9.15941636e-01  1.71766495e+00  3.29536870e+01  1.28762231e+00  5.84748641e+00 
 6.70000000e-01  6.70000000e-01  1.48000000e+00  1.88434942e-03  1.24873529e+00  1.69671293e+00  9.15941636e-01  1.71766495e+00  3.29536870e+01  1.28762231e+00  5.84748641e+00 
 6.80000000e-01  6.80000000e-01  1.48000000e+00  1.89677266e-03  1.24873529e+00  1.69671293e+00  9.15941636e-01  1.71766495e+00  3.29536870e+01  1.28762231e+00  5.84748641e+00 
 6.90000000e-01  6.90000000e-01  1.48000000e+00  1.90886746e-03  1.24873529e+00  1.69671293e+00  9.15941636e-01  1.71766495e+00  3.29536870e+01  1.28762231e+00  5.84748641e+00 
 7.00000000e-01  7.00000000e-01  1.48000000e+00  1.92064396e-03  1.24873529e+00  1.69671293e+00  9.15941636e-01  1.71766495e+00  3.29536870e+01  1.28762231e+00  5.84748641e+00 
 7.10000000e-01  7.10000000e-01  1.48000000e+00  1.93211229e-03  1.24873529e+00  1.69671293e+00  9.15941636e-01  1.71766495e+00  3.29536870e+01  1.28762231e+00  5.84748641e+00 
 7.20000000e-01  7.20000000e-01  1.48000000e+00  1.94328250e-03  1.24873529e+00  1.69671293e+00  9.15941636e-01  1.71766495e+00  3.29536870e+01  1.28762231e+00  5.84748641e+00 
 7.30000000e-01  7.30000000e-01  1.48000000e+00  1.95416453e-03  1.24873529e+00  1.69671293e+00  9.15941636e-01  1.71766495e+00  3.29536870e+01  1.28762231e+00  5.84748641e+00 
 7.40000000e-01  7.40000000e-01  1.48000000e+00  1.96476821e-03  1.24873529e+00  1.69671293e+00  9.15941636e-01  1.71766495e+00  3.29536870e+01  1.28762231e+00  5.84748641e+00 
 7.50000000e-01  7.50000000e-01  1.48000000e+00  1.97510323e-03  1.24873529e+00  1.69671293e+00  9.15941636e-01  1.71766495e+00  3.29536870e+01  1.28762231e+00  5.84748641e+00 
 7.60000000e-01  7.60000000e-01  1.48000000e+00  1.98517909e-03  1.24873529e+00  1.69671293e+00  9.15941636e-01  1.71766495e+00  3.29536870e+01  1.28762231e+00  5.84748641e+00 
 7.70000000e-01  7.70000000e-01  1.48000000e+00  1.99500512e-03  1.24873529e+00  1.69671293e+00  9.15941636e-01  1.71766495e+00  3.29536870e+01  1.28762231e+00  5.84748641e+00 
 7.80000000e-01  7.80000000e-01  1.48000000e+00  2.00459042e-03  1.24873529e+00  1.69671293e+00  9.15941636e-01  1.71766495e+00  3.29536870e+01  1.28762231e+00  5.84748641e+00 
 7.90000000e-01  7.90000000e-01  1.48000000e+00  2.01394390e-03  1.24873529e+00  1.69671293e+00  9.15941636e-01  1.71766495e+00  3.29536870e+01  1.28762231e+00  5.84748641e+00 
 8.00000000e-01  8.00000000e-01  1.48000000e+00  2.02307423e-03  1.24873529e+00  1.69671293e+00  9.15941636e-01  1.71766495e+00  3.29536870e+01  1.28762231e+00  5.84748641e+00 
 8.10000000e-01  8.10000000e-01  1.48000000e+00  2.03198981e-03  1.24873529e+00  1.69671293e+00  9.15941636e-01  1.71766495e+00  3.29536870e+01  1.28762231e+00  5.84748641e+00 
 8.20000000e-01  8.20000000e-01  1.48000000e+00  2.04069883e-03  1.24873529e+00  1.69671293e+00  9.15941636e-01  1.71766495e+00  3.29536870e+01  1.28762231e+00  5.84748641e+00 
 8.30000000e-01  8.30000000e-01  1.48000000e+00  2.04920922e-03  1.24873529e+00  1.69671293e+00  9.15941636e-01  1.71766495e+00  3.29536870e+01  1.28762231e+00  5.84748641e+00 
 8.40000000e-01  8.40000000e-01  1.48000000e+00  2.05752863e-03  1.24873529e+00  1.69671293e+00  9.15941636e-01  1.71766495e+00  3.29536870e+01  1.28762231e+00  5.84748641e+00 
 8.50000000e-01  8.50000000e-01  1.48000000e+00  2.06566448e-03  1.24873529e+00  1.69671293e+00  9.15941636e-01  1.71766495e+00  3.29536870e+01  1.28762231e+00  5.84748641e+00 
 8.60000000e-01  8.60000000e-01  1.48000000e+00  2.07362392e-03  1.24873529e+00  1.69671293e+00  9.15941636e-01  1.71766495e+00  3.29536870e+01  1.28762231e+00  5.84748641e+00 
 8.70000000e-01  8.70000000e-01  1.48000000e+00  2.08141383e-03  1.24873529e+00  1.69671293e+00  9.15941636e-01  1.71766495e+00  3.29536870e+01  1.28762231e+00  5.84748641e+00 
 8.80000000e-01  8.80000000e-01  1.48000000e+00  2.08904086e-03  1.24873529e+00  1.69671293e+00  9.15941636e-01  1.71766495e+00  3.29536870e+01  1.28762231e+00  5.84748641e+00 
 8.90000000e-01  8.90000000e-01  1.48000000e+00  2.09651139e-03  1.24873529e+00  1.69671293e+00  9.15941636e-01  1.71766495e+00  3.29536870e+01  1.28762231e+00  5.84748641e+00 
 9.00000000e-01  9.00000000e-01  1.48000000e+00  2.10383157e-03  1.24873529e+00  1.69671293e+00  9.15941636e-01  1.71766495e+00  3.29536870e+01  1.28762231e+00  5.84748641e+00 
 9.10000000e-01  9.10000000e-01  1.48000000e+00  2.11100728e-03  1.24873529e+00  1.69671293e+00  9.15941636e-01  1.71766495e+00  3.29536870e+01  1.28762231e+00  5.84748641e+00 
 9.20000000e-01  9.20000000e-01  1.48000000e+00  2.11804419e-03  1.24873529e+00  1.69671293e+00  9.15941636e-01  1.71766495e+00  3.29536870e+01  1.28762231e+00  5.84748641e+00 
 9.30000000e-01  9.30000000e-01  1.48000000e+00  2.12494773e-03  1.24873529e+00  1.69671293e+00  9.15941636e-01  1.71766495e+00  3.29536870e+01  1.28762231e+00  5.84748641e+00 
 9.40000000e-01  9.40000000e-01  1.48000000e+00  2.13172311e-03  1.24873529e+00  1.69671293e+00  9.15941636e-01  1.71766495e+00  3.29536870e+01  1.28762231e+00  5.84748641e+00 
 9.50000000e-01  9.50000000e-01  1.48000000e+00  2.13837532e-03  1.24873529e+00  1.69671293e+00  9.15941636e-01  1.71766495e+00  3.29536870e+01  1.28762231e+00  5.84748641e+00 
 9.60000000e-01  9.60000000e-01  1.48000000e+00  2.14490913e-03  1.24873529e+00  1.69671293e+00  9.15941636e-01  1.71766495e+00  3.29536870e+01  1.28762231e+00  5.84748641e+00 
 9.70000000e-01  9.70000000e-01  1.48000000e+00  2.15132913e-03  1.24873529e+00  1.69671293e+00  9.15941636e-01  1.71766495e+00  3.29536870e+01  1.28762231e+00  5.84748641e+00 
 9.80000000e-01  9.80000000e-01  1.48000000e+00  2.15763969e-03  1.24873529e+00  1.69671293e+00  9.15941636e-01  1.71766495e+00  3.29536870e+01  1.28762231e+00  5.84748641e+00 
 9.90000000e-01  9.90000000e-01  1.48000000e+00  2.16384502e-03  1.24873529e+00  1.69671293e+00  9.15941636e-01  1.71766495e+00  3.29536870e+01  1.28762231e+00  5.84748641e+00 
 1.00000000e+00  1.00000000e+00  1.48000000e+00  2.16994911e-03  1.24873529e+00  1.69671293e+00  9.15941636e-01  1.71766495e+00  3.29536870e+01  1.28762231e+00  5.84748641e+00 
 1.01000000e+00  1.01000000e+00  1.48000000e+00  2.17595582e-03  1.24873529e+00  1.69671293e+00  9.15941636e-01  1.71766495e+00  3.29536870e+01  1.28762231e+00  5.84748641e+00 
 1.02000000e+00  1.02000000e+00  1.48000000e+00  2.18186881e-03  1.24873529e+00  1.69671293e+00  9.15941636e-01  1.71766495e+00  3.29536870e+01  1.28762231e+00  5.84748641e+00 
 1.03000000e+00  1.03000000e+00  1.48000000e+00  2.18769159e-03  1.24873529e+00  1.69671293e+00  9.15941636e-01  1.71766495e+00  3.29536870e+01  1.28762231e+00  5.84748641e+00 
 1.04000000e+00  1.04000000e+00  1.48000000e+00  2.19342754e-03  1.24873529e+00  1.69671293e+00  9.15941636e-01  1.71766495e+00  3.29536870e+01  1.28762231e+00  5.84748641e+00 
 1.05000000e+00  1.05000000e+00  1.48000000e+00  2.19907985e-03  1.24873529e+00  1.69671293e+00  9.15941636e-01  1.71766495e+00  3.29536870e+01  1.28762231e+00  5.84748641e+00 
 1.06000000e+00  1.06000000e+00  1.48000000e+00  2.20465160e-03  1.24873529e+00  1.69671293e+00  9.15941636e-01  1.71766495e+00  3.29536870e+01  1.28762231e+00  5.84748641e+00 
 1.07000000e+00  1.07000000e+00  1.48000000e+00  2.21014573e-03  1.24873529e+00  1.69671293e+00  9.15941636e-01  1.71766495e+00  3.29536870e+01  1.28762231e+00  5.84748641e+00 
 1.08000000e+00  1.08000000e+00  1.48000000e+00  2.21556506e-03  1.24873529e+00  1.69671293e+00  9.15941636e-01  1.71766495e+00  3.29536870e+01  1.28762231e+00  5.84748641e+00 
 1.09000000e+00  1.09000000e+00  1.48000000e+00  2.22091228e-03  1.24873529e+00  1.69671293e+00  9.15941636e-01  1.71766495e+00  3.29536870e+01  1.28762231e+00  5.84748641e+00 
 1.10000000e+00  1.10000000e+00  1.48000000e+00  2.22618995e-03  1.24873529e+00  1.69671293e+00  9.15941636e-01  1.71766495e+00  3.29536870e+01  1.28762231e+00  5.84748641e+00 
 1.11000000e+00  1.11000000e+00  1.48000000e+00  2.23140054e-03  1.24873529e+00  1.69671293e+00  9.15941636e-01  1.71766495e+00  3.29536870e+01  1.28762231e+00  5.84748641e+00 
 1.12000000e+00  1.12000000e+00  1.48000000e+00  2.23654640e-03  1.24873529e+00  1.69671293e+00  9.15941636e-01  1.71766495e+00  3.29536870e+01  1.28762231e+00  5.84748641e+00 
 1.13000000e+00  1.13000000e+00  1.48000000e+00  2.24162980e-03  1.24873529e+00  1.69671293e+00  9.15941636e-01  1.71766495e+00  3.29536870e+01  1.28762231e+00  5.84748641e+00 
 1.14000000e+00  1.14000000e+00  1.48000000e+00  2.24665289e-03  1.24873529e+00  1.69671293e+00  9.15941636e-01  1.71766495e+00  3.29536870e+01  1.28762231e+00  5.84748641e+00 
 1.15000000e+00  1.15000000e+00  1.48000000e+00  2.25161774e-03  1.24873529e+00  1.69671293e+00  9.15941636e-01  1.71766495e+00  3.29536870e+01  1.28762231e+00  5.84748641e+00 
 1.16000000e+00  1.16000000e+00  1.48000000e+00  2.25652633e-03  1.24873529e+00  1.69671293e+00  9.15941636e-01  1.71766495e+00  3.29536870e+01  1.28762231e+00  5.84748641e+00 
 1.17000000e+00  1.17000000e+00  1.48000000e+00  2.26138056e-03  1.24873529e+00  1.69671293e+00  9.15941636e-01  1.71766495e+00  3.29536870e+01  1.28762231e+00  5.84748641e+00 
 1.18000000e+00  1.18000000e+00  1.48000000e+00  2.26618223e-03  1.24873529e+00  1.69671293e+00  9.15941636e-01  1.71766495e+00  3.29536870e+01  1.28762231e+00  5.84748641e+00 
 1.19000000e+00  1.19000000e+00  1.48000000e+00  2.27093311e-03  1.24873529e+00  1.69671293e+00  9.15941636e-01  1.71766495e+00  3.29536870e+01  1.28762231e+00  5.84748641e+00 
 1.20000000e+00  1.20000000e+00  1.48000000e+00  2.27563484e-03  1.24873529e+00  1.69671293e+00  9.15941636e-01  1.71766495e+00  3.29536870e+01  1.28762231e+00  5.84748641e+00 
 1.21000000e+00  1.21000000e+00  1.48000000e+00  2.28028904e-03  1.24873529e+00  1.69671293e+00  9.15941636e-01  1.71766495e+00  3.29536870e+01  1.28762231e+00  5.84748641e+00 
 1.22000000e+00  1.22000000e+00  1.48000000e+00  2.28489725e-03  1.24873529e+00  1.69671293e+00  9.15941636e-01  1.71766495e+00  3.29536870e+01  1.28762231e+00  5.84748641e+00 
 1.23000000e+00  1.23000000e+00  1.48000000e+00  2.28946092e-03  1.24873529e+00  1.69671293e+00  9.15941636e-01  1.71766495e+00  3.29536870e+01  1.28762231e+00  5.84748641e+00 
 1.24000000e+00  1.24000000e+00  1.48000000e+00  2.29398148e-03  1.24873529e+00  1.69671293e+00  9.15941636e-01  1.71766495e+00  3.29536870e+01  1.28762231e+00  5.84748641e+00 
 1.25000000e+00  1.25000000e+00  1.48000000e+00  2.29846028e-03  1.24873529e+00  1.69671293e+00  9.15941636e-01  1.71766495e+00  3.29536870e+01  1.28762231e+00  5.84748641e+00 
 1.26000000e+00  1.26000000e+00  1.48000000e+00  2.30289863e-03  1.24873529e+00  1.69671293e+00  9.15941636e-01  1.71766495e+00  3.29536870e+01  1.28762231e+00  5.84748641e+00 
 1.27000000e+00  1.27000000e+00  1.48000000e+00  2.30729777e-03  1.24873529e+00  1.69671293e+00  9.15941636e-01  1.71766495e+00  3.29536870e+01  1.28762231e+00  5.84748641e+00 
 1.28000000e+00  1.28000000e+00  1.48000000e+00  2.31165891e-03  1.24873529e+00  1.69671293e+00  9.15941636e-01  1.71766495e+00  3.29536870e+01  1.28762231e+00  5.84748641e+00 
 1.29000000e+00  1.29000000e+00  1.48000000e+00  2.31598319e-03  1.24873529e+00  1.69671293e+00  9.15941636e-01  1.71766495e+00  3.29536870e+01  1.28762231e+00  5.84748641e+00 
 1.30000000e+00  1.30000000e+00  1.48000000e+00  2.32027174e-03  1.24873529e+00  1.69671293e+00  9.15941636e-01  1.71766495e+00  3.29536870e+01  1.28762231e+00  5.84748641e+00 
 1.31000000e+00  1.31000000e+00  1.48000000e+00  2.32452561e-03  1.24873529e+00  1.69671293e+00  9.15941636e-01  1.71766495e+00  3.29536870e+01  1.28762231e+00  5.84748641e+00 
 1.32000000e+00  1.32000000e+00  1.48000000e+00  2.32874583e-03  1.24873529e+00  1.69671293e+00  9.15941636e-01  1.71766495e+00  3.29536870e+01  1.28762231e+00  5.84748641e+00 
 1.33000000e+00  1.33000000e+00  1.48000000e+00  2.33293339e-03  1.24873529e+00  1.69671293e+00  9.15941636e-01  1.71766495e+00  3.29536870e+01  1.28762231e+00  5.84748641e+00 
 1.34000000e+00  1.34000000e+00  1.48000000e+00  2.33708924e-03  1.24873529e+00  1.69671293e+00  9.15941636e-01  1.71766495e+00  3.29536870e+01  1.28762231e+00  5.84748641e+00 
 1.35000000e+00  1.35000000e+00  1.48000000e+00  2.34121429e-03  1.24873529e+00  1.69671293e+00  9.15941636e-01  1.71766495e+00  3.29536870e+01  1.28762231e+00  5.84748641e+00 
 1.36000000e+00  1.36000000e+00  1.48000000e+00  2.34530942e-03  1.24873529e+00  1.69671293e+00  9.15941636e-01  1.71766495e+00  3.29536870e+01  1.28762231e+00  5.84748641e+00 
 1.37000000e+00  1.37000000e+00  1.48000000e+00  2.34937548e-03  1.24873529e+00  1.69671293e+00  9.15941636e-01  1.71766495e+00  3.29536870e+01  1.28762231e+00  5.84748641e+00 
 1.38000000e+00  1.38000000e+00  1.48000000e+00  2.35341328e-03  1.24873529e+00  1.69671293e+00  9.15941636e-01  1.71766495e+00  3.29536870e+01  1.28762231e+00  5.84748641e+00 
 1.39000000e+00  1.39000000e+00  1.48000000e+00  2.35742361e-03  1.24873529e+00  1.69671293e+00  9.15941636e-01  1.71766495e+00  3.29536870e+01  1.28762231e+00  5.84748641e+00 
 1.40000000e+00  1.40000000e+00  1.48000000e+00  2.36140723e-03  1.24873529e+00  1.69671293e+00  9.15941636e-01  1.71766495e+00  3.29536870e+01  1.28762231e+00  5.84748641e+00 
 1.41000000e+00  1.41000000e+00  1.48000000e+00  2.36536487e-03  1.24873529e+00  1.69671293e+00  9.15941636e-01  1.71766495e+00  3.29536870e+01  1.28762231e+00  5.84748641e+00 
 1.42000000e+00  1.42000000e+00  1.48000000e+00  2.36929724e-03  1.24873529e+00  1.69671293e+00  9.15941636e-01  1.71766495e+00  3.29536870e+01  1.28762231e+00  5.84748641e+00 
 1.43000000e+00  1.43000000e+00  1.48000000e+00  2.37320501e-03  1.24873529e+00  1.69671293e+00  9.15941636e-01  1.71766495e+00  3.29536870e+01  1.28762231e+00  5.84748641e+00 
 1.44000000e+00  1.44000000e+00  1.48000000e+00  2.37708884e-03  1.24873529e+00  1.69671293e+00  9.15941636e-01  1.71766495e+00  3.29536870e+01  1.28762231e+00  5.84748641e+00 
 1.45000000e+00  1.45000000e+00  1.48000000e+00  2.38094936e-03  1.24873529e+00  1.69671293e+00  9.15941636e-01  1.71766495e+00  3.29536870e+01  1.28762231e+00  5.84748641e+00 
 1.46000000e+00  1.46000000e+00  1.48000000e+00  2.38478719e-03  1.24873529e+00  1.69671293e+00  9.15941636e-01  1.71766495e+00  3.29536870e+01  1.28762231e+00  5.84748641e+00 
 1.47000000e+00  1.47000000e+00  1.48000000e+00  2.38860291e-03  1.24873529e+00  1.69671293e+00  9.15941636e-01  1.71766495e+00  3.29536870e+01  1.28762231e+00  5.84748641e+00 
 1.48000000e+00  1.48000000e+00  1.48000000e+00  2.39239710e-03  1.24873529e+00  1.69671293e+00  9.15941636e-01  1.71766495e+00  3.29536870e+01  1.28762231e+00  5.84748641e+00 
 1.49000000e+00  1.49000000e+00  1.48000000e+00  2.39617030e-03  1.24873529e+00  1.69671293e+00  9.15941636e-01  1.71766495e+00  3.29536870e+01  1.28762231e+00  5.84748641e+00 
 1.50000000e+00  1.50000000e+00  1.48000000e+00  2.39992306e-03  1.24873529e+00  1.69671293e+00  9.15941636e-01  1.71766495e+00  3.29536870e+01  1.28762231e+00  5.84748641e+00 
 1.51000000e+00  1.51000000e+00  1.48000000e+00  2.40365588e-03  1.24873529e+00  1.69671293e+00  9.15941636e-01  1.71766495e+00  3.29536870e+01  1.28762231e+00  5.84748641e+00 
 1.52000000e+00  1.52000000e+00  1.48000000e+00  2.40736926e-03  1.24873529e+00  1.69671293e+00  9.15941636e-01  1.71766495e+00  3.29536870e+01  1.28762231e+00  5.84748641e+00 
 1.53000000e+00  1.53000000e+00  1.48000000e+00  2.41106368e-03  1.24873529e+00  1.69671293e+00  9.15941636e-01  1.71766495e+00  3.29536870e+01  1.28762231e+00  5.84748641e+00 
 1.54000000e+00  1.54000000e+00  1.48000000e+00  2.41473962e-03  1.24873529e+00  1.69671293e+00  9.15941636e-01  1.71766495e+00  3.29536870e+01  1.28762231e+00  5.84748641e+00 
 1.55000000e+00  1.55000000e+00  1.48000000e+00  2.41839751e-03  1.24873529e+00  1.69671293e+00  9.15941636e-01  1.71766495e+00  3.29536870e+01  1.28762231e+00  5.84748641e+00 
 1.56000000e+00  1.56000000e+00  1.48000000e+00  2.42203780e-03  1.24873529e+00  1.69671293e+00  9.15941636e-01  1.71766495e+00  3.29536870e+01  1.28762231e+00  5.84748641e+00 
 1.57000000e+00  1.57000000e+00  1.48000000e+00  2.42566092e-03  1.24873529e+00  1.69671293e+00  9.15941636e-01  1.71766495e+00  3.29536870e+01  1.28762231e+00  5.84748641e+00 
 1.58000000e+00  1.58000000e+00  1.48000000e+00  2.42926726e-03  1.24873529e+00  1.69671293e+00  9.15941636e-01  1.71766495e+00  3.29536870e+01  1.28762231e+00  5.84748641e+00 
 1.59000000e+00  1.59000000e+00  1.48000000e+00  2.43285722e-03  1.24873529e+00  1.69671293e+00  9.15941636e-01  1.71766495e+00  3.29536870e+01  1.28762231e+00  5.84748641e+00 
 1.60000000e+00  1.60000000e+00  1.48000000e+00  2.43643120e-03  1.24873529e+00  1.69671293e+00  9.15941636e-01  1.71766495e+00  3.29536870e+01  1.28762231e+00  5.84748641e+00 
 1.61000000e+00  1.61000000e+00  1.48000000e+00  2.43998955e-03  1.24873529e+00  1.69671293e+00  9.15941636e-01  1.71766495e+00  3.29536870e+01  1.28762231e+00  5.84748641e+00 
 1.62000000e+00  1.62000000e+00  1.48000000e+00  2.44353265e-03  1.24873529e+00  1.69671293e+00  9.15941636e-01  1.71766495e+00  3.29536870e+01  1.28762231e+00  5.84748641e+00 
 1.63000000e+00  1.63000000e+00  1.48000000e+00  2.44706084e-03  1.24873529e+00  1.69671293e+00  9.15941636e-01  1.71766495e+00  3.29536870e+01  1.28762231e+00  5.84748641e+00 
 1.64000000e+00  1.64000000e+00  1.48000000e+00  2.45057447e-03  1.24873529e+00  1.69671293e+00  9.15941636e-01  1.71766495e+00  3.29536870e+01  1.28762231e+00  5.84748641e+00 
 1.65000000e+00  1.65000000e+00  1.48000000e+00  2.45407385e-03  1.24873529e+00  1.69671293e+00  9.15941636e-01  1.71766495e+00  3.29536870e+01  1.28762231e+00  5.84748641e+00 
 1.66000000e+00  1.66000000e+00  1.48000000e+00  2.45755932e-03  1.24873529e+00  1.69671293e+00  9.15941636e-01  1.71766495e+00  3.29536870e+01  1.28762231e+00  5.84748641e+00 
 1.67000000e+00  1.67000000e+00  1.48000000e+00  2.46103117e-03  1.24873529e+00  1.69671293e+00  9.15941636e-01  1.71766495e+00  3.29536870e+01  1.28762231e+00  5.84748641e+00 
 1.68000000e+00  1.68000000e+00  1.48000000e+00  2.46448972e-03  1.24873529e+00  1.69671293e+00  9.15941636e-01  1.71766495e+00  3.29536870e+01  1.28762231e+00  5.84748641e+00 
 1.69000000e+00  1.69000000e+00  1.48000000e+00  2.46793526e-03  1.24873529e+00  1.69671293e+00  9.15941636e-01  1.71766495e+00  3.29536870e+01  1.28762231e+00  5.84748641e+00 
 1.70000000e+00  1.70000000e+00  1.48000000e+00  2.47136806e-03  1.24873529e+00  1.69671293e+00  9.15941636e-01  1.71766495e+00  3.29536870e+01  1.28762231e+00  5.84748641e+00 
 1.71000000e+00  1.71000000e+00  1.48000000e+00  2.47478840e-03  1.24873529e+00  1.69671293e+00  9.15941636e-01  1.71766495e+00  3.29536870e+01  1.28762231e+00  5.84748641e+00 
 1.72000000e+00  1.72000000e+00  1.48000000e+00  2.47819656e-03  1.24873529e+00  1.69671293e+00  9.15941636e-01  1.71766495e+00  3.29536870e+01  1.28762231e+00  5.84748641e+00 
 1.73000000e+00  1.73000000e+00  1.48000000e+00  2.48159278e-03  1.24873529e+00  1.69671293e+00  9.15941636e-01  1.71766495e+00  3.29536870e+01  1.28762231e+00  5.84748641e+00 
 1.74000000e+00  1.74000000e+00  1.48000000e+00  2.48497734e-03  1.24873529e+00  1.69671293e+00  9.15941636e-01  1.71766495e+00  3.29536870e+01  1.28762231e+00  5.84748641e+00 
 1.75000000e+00  1.75000000e+00  1.48000000e+00  2.48835047e-03  1.24873529e+00  1.69671293e+00  9.15941636e-01  1.71766495e+00  3.29536870e+01  1.28762231e+00  5.84748641e+00 
 1.76000000e+00  1.76000000e+00  1.48000000e+00  2.49171241e-03  1.24873529e+00  1.69671293e+00  9.15941636e-01  1.71766495e+00  3.29536870e+01  1.28762231e+00  5.84748641e+00 
 1.77000000e+00  1.77000000e+00  1.48000000e+00  2.49506339e-03  1.24873529e+00  1.69671293e+00  9.15941636e-01  1.71766495e+00  3.29536870e+01  1.28762231e+00  5.84748641e+00 
 1.78000000e+00  1.78000000e+00  1.48000000e+00  2.49840365e-03  1.24873529e+00  1.69671293e+00  9.15941636e-01  1.71766495e+00  3.29536870e+01  1.28762231e+00  5.84748641e+00 
 1.79000000e+00  1.79000000e+00  1.48000000e+00  2.50173340e-03  1.24873529e+00  1.69671293e+00  9.15941636e-01  1.71766495e+00  3.29536870e+01  1.28762231e+00  5.84748641e+00 
 1.80000000e+00  1.80000000e+00  1.48000000e+00  2.50505286e-03  1.24873529e+00  1.69671293e+00  9.15941636e-01  1.71766495e+00  3.29536870e+01  1.28762231e+00  5.84748641e+00 
 1.81000000e+00  1.81000000e+00  1.48000000e+00  2.50836224e-03  1.24873529e+00  1.69671293e+00  9.15941636e-01  1.71766495e+00  3.29536870e+01  1.28762231e+00  5.84748641e+00 
 1.82000000e+00  1.82000000e+00  1.48000000e+00  2.51166175e-03  1.24873529e+00  1.69671293e+00  9.15941636e-01  1.71766495e+00  3.29536870e+01  1.28762231e+00  5.84748641e+00 
 1.83000000e+00  1.83000000e+00  1.48000000e+00  2.51495158e-03  1.24873529e+00  1.69671293e+00  9.15941636e-01  1.71766495e+00  3.29536870e+01  1.28762231e+00  5.84748641e+00 
 1.84000000e+00  1.84000000e+00  1.48000000e+00  2.51823193e-03  1.24873529e+00  1.69671293e+00  9.15941636e-01  1.71766495e+00  3.29536870e+01  1.28762231e+00  5.84748641e+00 
 1.85000000e+00  1.85000000e+00  1.48000000e+00  2.52150299e-03  1.24873529e+00  1.69671293e+00  9.15941636e-01  1.71766495e+00  3.29536870e+01  1.28762231e+00  5.84748641e+00 
