 0.00000000e+00  1.48000000e+00  0.00000000e+00  1.48148160e-12  1.25282754e+00  1.63220819e+00  9.50571390e-01  1.69622038e+00  3.22276373e+01  1.33006364e+00  4.88363178e+00 
 1.00000000e-02  1.48000000e+00  1.00000000e-02  1.48148160e-12  1.25282754e+00  1.63220819e+00  9.50571390e-01  1.69622038e+00  3.22276373e+01  1.33006364e+00  4.88363178e+00 
 2.00000000e-02  1.48000000e+00  2.00000000e-02  1.48148160e-12  1.25282754e+00  1.63220819e+00  9.50571390e-01  1.69622038e+00  3.22276373e+01  1.33006364e+00  4.88363178e+00 
 3.00000000e-02  1.48000000e+00  3.00000000e-02  1.48148160e-12  1.25282754e+00  1.63220819e+00  9.50571390e-01  1.69622038e+00  3.22276373e+01  1.33006364e+00  4.88363178e+00 
 4.00000000e-02  1.48000000e+00  4.00000000e-02  1.48148160e-12  1.25282754e+00  1.63220819e+00  9.50571390e-01  1.69622038e+00  3.22276373e+01  1.33006364e+00  4.88363178e+00 
 5.00000000e-02  1.48000000e+00  5.00000000e-02  1.48148160e-12  1.25282754e+00  1.63220819e+00  9.50571390e-01  1.69622038e+00  3.22276373e+01  1.33006364e+00  4.88363178e+00 
 6.00000000e-02  1.48000000e+00  6.00000000e-02  1.48148160e-12  1.25282754e+00  1.63220819e+00  9.50571390e-01  1.69622038e+00  3.22276373e+01  1.33006364e+00  4.88363178e+00 
 7.00000000e-02  1.48000000e+00  7.00000000e-02  1.48148160e-12  1.25282754e+00  1.63220819e+00  9.50571390e-01  1.69622038e+00  3.22276373e+01  1.33006364e+00  4.88363178e+00 
 8.00000000e-02  1.48000000e+00  8.00000000e-02  1.48148160e-12  1.25282754e+00  1.63220819e+00  9.50571390e-01  1.69622038e+00  3.22276373e+01  1.33006364e+00  4.88363178e+00 
 9.00000000e-02  1.48000000e+00  9.00000000e-02  1.48148160e-12  1.25282754e+00  1.63220819e+00  9.50571390e-01  1.69622038e+00  3.22276373e+01  1.33006364e+00  4.88363178e+00 
 1.00000000e-01  1.48000000e+00  1.00000000e-01  1.48148160e-12  1.25282754e+00  1.63220819e+00  9.50571390e-01  1.69622038e+00  3.22276373e+01  1.33006364e+00  4.88363178e+00 
 1.10000000e-01  1.48000000e+00  1.10000000e-01  1.48148160e-12  1.25282754e+00  1.63220819e+00  9.50571390e-01  1.69622038e+00  3.22276373e+01  1.33006364e+00  4.88363178e+00 
 1.20000000e-01  1.48000000e+00  1.20000000e-01  1.48148160e-12  1.25282754e+00  1.63220819e+00  9.50571390e-01  1.69622038e+00  3.22276373e+01  1.33006364e+00  4.88363178e+00 
 1.30000000e-01  1.48000000e+00  1.30000000e-01  1.48148160e-12  1.25282754e+00  1.63220819e+00  9.50571390e-01  1.69622038e+00  3.22276373e+01  1.33006364e+00  4.88363178e+00 
 1.40000000e-01  1.48000000e+00  1.40000000e-01  1.48148160e-12  1.25282754e+00  1.63220819e+00  9.50571390e-01  1.69622038e+00  3.22276373e+01  1.33006364e+00  4.88363178e+00 
 1.50000000e-01  1.48000000e+00  1.50000000e-01  1.48148160e-12  1.25282754e+00  1.63220819e+00  9.50571390e-01  1.69622038e+00  3.22276373e+01  1.33006364e+00  4.88363178e+00 
 1.60000000e-01  1.48000000e+00  1.60000000e-01  1.48148160e-12  1.25282754e+00  1.63220819e+00  9.50571390e-01  1.69622038e+00  3.22276373e+01  1.33006364e+00  4.88363178e+00 
 1.70000000e-01  1.48000000e+00  1.70000000e-01  1.48148160e-12  1.25282754e+00  1.63220819e+00  9.50571390e-01  1.69622038e+00  3.22276373e+01  1.33006364e+00  4.88363178e+00 
 1.80000000e-01  1.48000000e+00  1.80000000e-01  1.48148160e-12  1.25282754e+00  1.63220819e+00  9.50571390e-01  1.69622038e+00  3.22276373e+01  1.33006364e+00  4.88363178e+00 
 1.90000000e-01  1.48000000e+00  1.90000000e-01  1.48148160e-12  1.25282754e+00  1.63220819e+00  9.50571390e-01  1.69622038e+00  3.22276373e+01  1.33006364e+00  4.88363178e+00 
 2.00000000e-01  1.48000000e+00  2.00000000e-01  1.48148160e-12  1.25282754e+00  1.63220819e+00  9.50571390e-01  1.69622038e+00  3.22276373e+01  1.33006364e+00  4.88363178e+00 
 2.10000000e-01  1.48000000e+00  2.10000000e-01  1.48148160e-12  1.25282754e+00  1.63220819e+00  9.50571390e-01  1.69622038e+00  3.22276373e+01  1.33006364e+00  4.88363178e+00 
 2.20000000e-01  1.48000000e+00  2.20000000e-01  1.48148160e-12  1.25282754e+00  1.63220819e+00  9.50571390e-01  1.69622038e+00  3.22276373e+01  1.33006364e+00  4.88363178e+00 
 2.30000000e-01  1.48000000e+00  2.30000000e-01  1.48148160e-12  1.25282754e+00  1.63220819e+00  9.50571390e-01  1.69622038e+00  3.22276373e+01  1.33006364e+00  4.88363178e+00 
 2.40000000e-01  1.48000000e+00  2.40000000e-01  1.48148160e-12  1.25282754e+00  1.63220819e+00  9.50571390e-01  1.69622038e+00  3.22276373e+01  1.33006364e+00  4.88363178e+00 
 2.50000000e-01  1.48000000e+00  2.50000000e-01  1.48148160e-12  1.25282754e+00  1.63220819e+00  9.50571390e-01  1.69622038e+00  3.22276373e+01  1.33006364e+00  4.88363178e+00 
 2.60000000e-01  1.48000000e+00  2.60000000e-01  1.48148160e-12  1.25282754e+00  1.63220819e+00  9.50571390e-01  1.69622038e+00  3.22276373e+01  1.33006364e+00  4.88363178e+00 
 2.70000000e-01  1.48000000e+00  2.70000000e-01  1.48148160e-12  1.25282754e+00  1.63220819e+00  9.50571390e-01  1.69622038e+00  3.22276373e+01  1.33006364e+00  4.88363178e+00 
 2.80000000e-01  1.48000000e+00  2.80000000e-01  1.48148160e-12  1.25282754e+00  1.63220819e+00  9.50571390e-01  1.69622038e+00  3.22276373e+01  1.33006364e+00  4.88363178e+00 
 2.90000000e-01  1.48000000e+00  2.90000000e-01  1.48148160e-12  1.25282754e+00  1.63220819e+00  9.50571390e-01  1.69622038e+00  3.22276373e+01  1.33006364e+00  4.88363178e+00 
 3.00000000e-01  1.48000000e+00  3.00000000e-01  1.48148160e-12  1.25282754e+00  1.63220819e+00  9.50571390e-01  1.69622038e+00  3.22276373e+01  1.33006364e+00  4.88363178e+00 
 3.10000000e-01  1.48000000e+00  3.10000000e-01  1.48148160e-12  1.25282754e+00  1.63220819e+00  9.50571390e-01  1.69622038e+00  3.22276373e+01  1.33006364e+00  4.88363178e+00 
 3.20000000e-01  1.48000000e+00  3.20000000e-01  1.48148160e-12  1.25282754e+00  1.63220819e+00  9.50571390e-01  1.69622038e+00  3.22276373e+01  1.33006364e+00  4.88363178e+00 
 3.30000000e-01  1.48000000e+00  3.30000000e-01  1.48148160e-12  1.25282754e+00  1.63220819e+00  9.50571390e-01  1.69622038e+00  3.22276373e+01  1.33006364e+00  4.88363178e+00 
 3.40000000e-01  1.48000000e+00  3.40000000e-01  1.48148160e-12  1.25282754e+00  1.63220819e+00  9.50571390e-01  1.69622038e+00  3.22276373e+01  1.33006364e+00  4.88363178e+00 
 3.50000000e-01  1.48000000e+00  3.50000000e-01  1.48148160e-12  1.25282754e+00  1.63220819e+00  9.50571390e-01  1.69622038e+00  3.22276373e+01  1.33006364e+00  4.88363178e+00 
 3.60000000e-01  1.48000000e+00  3.60000000e-01  1.48148160e-12  1.25282754e+00  1.63220819e+00  9.50571390e-01  1.69622038e+00  3.22276373e+01  1.33006364e+00  4.88363178e+00 
 3.70000000e-01  1.48000000e+00  3.70000000e-01  1.48148160e-12  1.25282754e+00  1.63220819e+00  9.50571390e-01  1.69622038e+00  3.22276373e+01  1.33006364e+00  4.88363178e+00 
 3.80000000e-01  1.48000000e+00  3.80000000e-01  1.48325796e-12  1.25282754e+00  1.63220819e+00  9.50571390e-01  1.69622038e+00  3.22276373e+01  1.33006364e+00  4.88363178e+00 
 3.90000000e-01  1.48000000e+00  3.90000000e-01  1.48148160e-12  1.25282754e+00  1.63220819e+00  9.50571390e-01  1.69622038e+00  3.22276373e+01  1.33006364e+00  4.88363178e+00 
 4.00000000e-01  1.48000000e+00  4.00000000e-01  1.48503432e-12  1.25282754e+00  1.63220819e+00  9.50571390e-01  1.69622038e+00  3.22276373e+01  1.33006364e+00  4.88363178e+00 
 4.10000000e-01  1.48000000e+00  4.10000000e-01  1.48858703e-12  1.25282754e+00  1.63220819e+00  9.50571390e-01  1.69622038e+00  3.22276373e+01  1.33006364e+00  4.88363178e+00 
 4.20000000e-01  1.48000000e+00  4.20000000e-01  1.49569246e-12  1.25282754e+00  1.63220819e+00  9.50571390e-01  1.69622038e+00  3.22276373e+01  1.33006364e+00  4.88363178e+00 
 4.30000000e-01  1.48000000e+00  4.30000000e-01  1.51345603e-12  1.25282754e+00  1.63220819e+00  9.50571390e-01  1.69622038e+00  3.22276373e+01  1.33006364e+00  4.88363178e+00 
 4.40000000e-01  1.48000000e+00  4.40000000e-01  1.56319402e-12  1.25282754e+00  1.63220819e+00  9.50571390e-01  1.69622038e+00  3.22276373e+01  1.33006364e+00  4.88363178e+00 
 4.50000000e-01  1.48000000e+00  4.50000000e-01  1.69464442e-12  1.25282754e+00  1.63220819e+00  9.50571390e-01  1.69622038e+00  3.22276373e+01  1.33006364e+00  4.88363178e+00 
 4.60000000e-01  1.48000000e+00  4.60000000e-01  2.04103401e-12  1.25282754e+00  1.63220819e+00  9.50571390e-01  1.69622038e+00  3.22276373e+01  1.33006364e+00  4.88363178e+00 
 4.70000000e-01  1.48000000e+00  4.70000000e-01  2.94164693e-12  1.25282754e+00  1.63220819e+00  9.50571390e-01  1.69622038e+00  3.22276373e+01  1.33006364e+00  4.88363178e+00 
 4.80000000e-01  1.48000000e+00  4.80000000e-01  5.29354338e-12  1.25282754e+00  1.63220819e+00  9.50571390e-01  1.69622038e+00  3.22276373e+01  1.33006364e+00  4.88363178e+00 
 4.90000000e-01  1.48000000e+00  4.90000000e-01  1.14042109e-11  1.25282754e+00  1.63220819e+00  9.50571390e-01  1.69622038e+00  3.22276373e+01  1.33006364e+00  4.88363178e+00 
 5.00000000e-01  1.48000000e+00  5.00000000e-01  2.71764833e-11  1.25282754e+00  1.63220819e+00  9.50571390e-01  1.69622038e+00  3.22276373e+01  1.33006364e+00  4.88363178e+00 
 5.10000000e-01  1.48000000e+00  5.10000000e-01  6.74589273e-11  1.25282754e+00  1.63220819e+00  9.50571390e-01  1.69622038e+00  3.22276373e+01  1.33006364e+00  4.88363178e+00 
 5.20000000e-01  1.48000000e+00  5.20000000e-01  1.68661529e-10  1.25282754e+00  1.63220819e+00  9.50571390e-01  1.69622038e+00  3.22276373e+01  1.33006364e+00  4.88363178e+00 
 5.30000000e-01  1.48000000e+00  5.30000000e-01  4.16742196e-10  1.25282754e+00  1.63220819e+00  9.50571390e-01  1.69622038e+00  3.22276373e+01  1.33006364e+00  4.88363178e+00 
 5.40000000e-01  1.48000000e+00  5.40000000e-01  1.00378017e-09  1.25282754e+00  1.63220819e+00  9.50571390e-01  1.69622038e+00  3.22276373e+01  1.33006364e+00  4.88363178e+00 
 5.50000000e-01  1.48000000e+00  5.50000000e-01  2.32808084e-09  1.25282754e+00  1.63220819e+00  9.50571390e-01  1.69622038e+00  3.22276373e+01  1.33006364e+00  4.88363178e+00 
 5.60000000e-01  1.48000000e+00  5.60000000e-01  5.14352116e-09  1.25282754e+00  1.63220819e+00  9.50571390e-01  1.69622038e+00  3.22276373e+01  1.33006364e+00  4.88363178e+00 
 5.70000000e-01  1.48000000e+00  5.70000000e-01  1.07473337e-08  1.25282754e+00  1.63220819e+00  9.50571390e-01  1.69622038e+00  3.22276373e+01  1.33006364e+00  4.88363178e+00 
 5.80000000e-01  1.48000000e+00  5.80000000e-01  2.12103330e-08  1.25282754e+00  1.63220819e+00  9.50571390e-01  1.69622038e+00  3.22276373e+01  1.33006364e+00  4.88363178e+00 
 5.90000000e-01  1.48000000e+00  5.90000000e-01  3.97351538e-08  1.25282754e+00  1.63220819e+00  9.50571390e-01  1.69622038e+00  3.22276373e+01  1.33006364e+00  4.88363178e+00 
 6.00000000e-01  1.48000000e+00  6.00000000e-01  7.13293975e-08  1.25282754e+00  1.63220819e+00  9.50571390e-01  1.69622038e+00  3.22276373e+01  1.33006364e+00  4.88363178e+00 
 6.10000000e-01  1.48000000e+00  6.10000000e-01  1.24034068e-07  1.25282754e+00  1.63220819e+00  9.50571390e-01  1.69622038e+00  3.22276373e+01  1.33006364e+00  4.88363178e+00 
 6.20000000e-01  1.48000000e+00  6.20000000e-01  2.11008418e-07  1.25282754e+00  1.63220819e+00  9.50571390e-01  1.69622038e+00  3.22276373e+01  1.33006364e+00  4.88363178e+00 
 6.30000000e-01  1.48000000e+00  6.30000000e-01  3.53919896e-07  1.25282754e+00  1.63220819e+00  9.50571390e-01  1.69622038e+00  3.22276373e+01  1.33006364e+00  4.88363178e+00 
 6.40000000e-01  1.48000000e+00  6.40000000e-01  5.88213297e-07  1.25282754e+00  1.63220819e+00  9.50571390e-01  1.69622038e+00  3.22276373e+01  1.33006364e+00  4.88363178e+00 
 6.50000000e-01  1.48000000e+00  6.50000000e-01  9.70492472e-07  1.25282754e+00  1.63220819e+00  9.50571390e-01  1.69622038e+00  3.22276373e+01  1.33006364e+00  4.88363178e+00 
 6.60000000e-01  1.48000000e+00  6.60000000e-01  1.58660491e-06  1.25282754e+00  1.63220819e+00  9.50571390e-01  1.69622038e+00  3.22276373e+01  1.33006364e+00  4.88363178e+00 
 6.70000000e-01  1.48000000e+00  6.70000000e-01  2.55567039e-06  1.25282754e+00  1.63220819e+00  9.50571390e-01  1.69622038e+00  3.22276373e+01  1.33006364e+00  4.88363178e+00 
 6.80000000e-01  1.48000000e+00  6.80000000e-01  4.02283113e-06  1.25282754e+00  1.63220819e+00  9.50571390e-01  1.69622038e+00  3.22276373e+01  1.33006364e+00  4.88363178e+00 
 6.90000000e-01  1.48000000e+00  6.90000000e-01  6.13785719e-06  1.25282754e+00  1.63220819e+00  9.50571390e-01  1.69622038e+00  3.22276373e+01  1.33006364e+00  4.88363178e+00 
 7.00000000e-01  1.48000000e+00  7.00000000e-01  9.02817720e-06  1.25282754e+00  1.63220819e+00  9.50571390e-01  1.69622038e+00  3.22276373e+01  1.33006364e+00  4.88363178e+00 
 7.10000000e-01  1.48000000e+00  7.10000000e-01  1.27811011e-05  1.25282754e+00  1.63220819e+00  9.50571390e-01  1.69622038e+00  3.22276373e+01  1.33006364e+00  4.88363178e+00 
 7.20000000e-01  1.48000000e+00  7.20000000e-01  1.74423043e-05  1.25282754e+00  1.63220819e+00  9.50571390e-01  1.69622038e+00  3.22276373e+01  1.33006364e+00  4.88363178e+00 
 7.30000000e-01  1.48000000e+00  7.30000000e-01  2.30257919e-05  1.25282754e+00  1.63220819e+00  9.50571390e-01  1.69622038e+00  3.22276373e+01  1.33006364e+00  4.88363178e+00 
 7.40000000e-01  1.48000000e+00  7.40000000e-01  2.95266487e-05  1.25282754e+00  1.63220819e+00  9.50571390e-01  1.69622038e+00  3.22276373e+01  1.33006364e+00  4.88363178e+00 
 7.50000000e-01  1.48000000e+00  7.50000000e-01  3.69311430e-05  1.25282754e+00  1.63220819e+00  9.50571390e-01  1.69622038e+00  3.22276373e+01  1.33006364e+00  4.88363178e+00 
 7.60000000e-01  1.48000000e+00  7.60000000e-01  4.52228966e-05  1.25282754e+00  1.63220819e+00  9.50571390e-01  1.69622038e+00  3.22276373e+01  1.33006364e+00  4.88363178e+00 
 7.70000000e-01  1.48000000e+00  7.70000000e-01  5.43859300e-05  1.25282754e+00  1.63220819e+00  9.50571390e-01  1.69622038e+00  3.22276373e+01  1.33006364e+00  4.88363178e+00 
 7.80000000e-01  1.48000000e+00  7.80000000e-01  6.44057934e-05  1.25282754e+00  1.63220819e+00  9.50571390e-01  1.69622038e+00  3.22276373e+01  1.33006364e+00  4.88363178e+00 
 7.90000000e-01  1.48000000e+00  7.90000000e-01  7.52697190e-05  1.25282754e+00  1.63220819e+00  9.50571390e-01  1.69622038e+00  3.22276373e+01  1.33006364e+00  4.88363178e+00 
 8.00000000e-01  1.48000000e+00  8.00000000e-01  8.69663614e-05  1.25282754e+00  1.63220819e+00  9.50571390e-01  1.69622038e+00  3.22276373e+01  1.33006364e+00  4.88363178e+00 
 8.10000000e-01  1.48000000e+00  8.10000000e-01  9.94854206e-05  1.25282754e+00  1.63220819e+00  9.50571390e-01  1.69622038e+00  3.22276373e+01  1.33006364e+00  4.88363178e+00 
 8.20000000e-01  1.48000000e+00  8.20000000e-01  1.12817281e-04  1.25282754e+00  1.63220819e+00  9.50571390e-01  1.69622038e+00  3.22276373e+01  1.33006364e+00  4.88363178e+00 
 8.30000000e-01  1.48000000e+00  8.30000000e-01  1.26952716e-04  1.25282754e+00  1.63220819e+00  9.50571390e-01  1.69622038e+00  3.22276373e+01  1.33006364e+00  4.88363178e+00 
 8.40000000e-01  1.48000000e+00  8.40000000e-01  1.41882661e-04  1.25282754e+00  1.63220819e+00  9.50571390e-01  1.69622038e+00  3.22276373e+01  1.33006364e+00  4.88363178e+00 
 8.50000000e-01  1.48000000e+00  8.50000000e-01  1.57598052e-04  1.25282754e+00  1.63220819e+00  9.50571390e-01  1.69622038e+00  3.22276373e+01  1.33006364e+00  4.88363178e+00 
 8.60000000e-01  1.48000000e+00  8.60000000e-01  1.74089720e-04  1.25282754e+00  1.63220819e+00  9.50571390e-01  1.69622038e+00  3.22276373e+01  1.33006364e+00  4.88363178e+00 
 8.70000000e-01  1.48000000e+00  8.70000000e-01  1.91348313e-04  1.25282754e+00  1.63220819e+00  9.50571390e-01  1.69622038e+00  3.22276373e+01  1.33006364e+00  4.88363178e+00 
 8.80000000e-01  1.48000000e+00  8.80000000e-01  2.09364260e-04  1.25282754e+00  1.63220819e+00  9.50571390e-01  1.69622038e+00  3.22276373e+01  1.33006364e+00  4.88363178e+00 
 8.90000000e-01  1.48000000e+00  8.90000000e-01  2.28127741e-04  1.25282754e+00  1.63220819e+00  9.50571390e-01  1.69622038e+00  3.22276373e+01  1.33006364e+00  4.88363178e+00 
 9.00000000e-01  1.48000000e+00  9.00000000e-01  2.47628679e-04  1.25282754e+00  1.63220819e+00  9.50571390e-01  1.69622038e+00  3.22276373e+01  1.33006364e+00  4.88363178e+00 
 9.10000000e-01  1.48000000e+00  9.10000000e-01  2.67856741e-04  1.25282754e+00  1.63220819e+00  9.50571390e-01  1.69622038e+00  3.22276373e+01  1.33006364e+00  4.88363178e+00 
 9.20000000e-01  1.48000000e+00  9.20000000e-01  2.88801342e-04  1.25282754e+00  1.63220819e+00  9.50571390e-01  1.69622038e+00  3.22276373e+01  1.33006364e+00  4.88363178e+00 
 9.30000000e-01  1.48000000e+00  9.30000000e-01  3.10451651e-04  1.25282754e+00  1.63220819e+00  9.50571390e-01  1.69622038e+00  3.22276373e+01  1.33006364e+00  4.88363178e+00 
 9.40000000e-01  1.48000000e+00  9.40000000e-01  3.32796611e-04  1.25282754e+00  1.63220819e+00  9.50571390e-01  1.69622038e+00  3.22276373e+01  1.33006364e+00  4.88363178e+00 
 9.50000000e-01  1.48000000e+00  9.50000000e-01  3.55824944e-04  1.25282754e+00  1.63220819e+00  9.50571390e-01  1.69622038e+00  3.22276373e+01  1.33006364e+00  4.88363178e+00 
 9.60000000e-01  1.48000000e+00  9.60000000e-01  3.79525169e-04  1.25282754e+00  1.63220819e+00  9.50571390e-01  1.69622038e+00  3.22276373e+01  1.33006364e+00  4.88363178e+00 
 9.70000000e-01  1.48000000e+00  9.70000000e-01  4.03885612e-04  1.25282754e+00  1.63220819e+00  9.50571390e-01  1.69622038e+00  3.22276373e+01  1.33006364e+00  4.88363178e+00 
 9.80000000e-01  1.48000000e+00  9.80000000e-01  4.28894430e-04  1.25282754e+00  1.63220819e+00  9.50571390e-01  1.69622038e+00  3.22276373e+01  1.33006364e+00  4.88363178e+00 
 9.90000000e-01  1.48000000e+00  9.90000000e-01  4.54539627e-04  1.25282754e+00  1.63220819e+00  9.50571390e-01  1.69622038e+00  3.22276373e+01  1.33006364e+00  4.88363178e+00 
 1.00000000e+00  1.48000000e+00  1.00000000e+00  4.80809061e-04  1.25282754e+00  1.63220819e+00  9.50571390e-01  1.69622038e+00  3.22276373e+01  1.33006364e+00  4.88363178e+00 
 1.01000000e+00  1.48000000e+00  1.01000000e+00  5.07690467e-04  1.25282754e+00  1.63220819e+00  9.50571390e-01  1.69622038e+00  3.22276373e+01  1.33006364e+00  4.88363178e+00 
 1.02000000e+00  1.48000000e+00  1.02000000e+00  5.35171466e-04  1.25282754e+00  1.63220819e+00  9.50571390e-01  1.69622038e+00  3.22276373e+01  1.33006364e+00  4.88363178e+00 
 1.03000000e+00  1.48000000e+00  1.03000000e+00  5.63239581e-04  1.25282754e+00  1.63220819e+00  9.50571390e-01  1.69622038e+00  3.22276373e+01  1.33006364e+00  4.88363178e+00 
 1.04000000e+00  1.48000000e+00  1.04000000e+00  5.91882251e-04  1.25282754e+00  1.63220819e+00  9.50571390e-01  1.69622038e+00  3.22276373e+01  1.33006364e+00  4.88363178e+00 
 1.05000000e+00  1.48000000e+00  1.05000000e+00  6.21086845e-04  1.25282754e+00  1.63220819e+00  9.50571390e-01  1.69622038e+00  3.22276373e+01  1.33006364e+00  4.88363178e+00 
 1.06000000e+00  1.48000000e+00  1.06000000e+00  6.50840676e-04  1.25282754e+00  1.63220819e+00  9.50571390e-01  1.69622038e+00  3.22276373e+01  1.33006364e+00  4.88363178e+00 
 1.07000000e+00  1.48000000e+00  1.07000000e+00  6.81131011e-04  1.25282754e+00  1.63220819e+00  9.50571390e-01  1.69622038e+00  3.22276373e+01  1.33006364e+00  4.88363178e+00 
 1.08000000e+00  1.48000000e+00  1.08000000e+00  7.11945086e-04  1.25282754e+00  1.63220819e+00  9.50571390e-01  1.69622038e+00  3.22276373e+01  1.33006364e+00  4.88363178e+00 
 1.09000000e+00  1.48000000e+00  1.09000000e+00  7.43270115e-04  1.25282754e+00  1.63220819e+00  9.50571390e-01  1.69622038e+00  3.22276373e+01  1.33006364e+00  4.88363178e+00 
 1.10000000e+00  1.48000000e+00  1.10000000e+00  7.75093306e-04  1.25282754e+00  1.63220819e+00  9.50571390e-01  1.69622038e+00  3.22276373e+01  1.33006364e+00  4.88363178e+00 
 1.11000000e+00  1.48000000e+00  1.11000000e+00  8.07401868e-04  1.25282754e+00  1.63220819e+00  9.50571390e-01  1.69622038e+00  3.22276373e+01  1.33006364e+00  4.88363178e+00 
 1.12000000e+00  1.48000000e+00  1.12000000e+00  8.40183025e-04  1.25282754e+00  1.63220819e+00  9.50571390e-01  1.69622038e+00  3.22276373e+01  1.33006364e+00  4.88363178e+00 
 1.13000000e+00  1.48000000e+00  1.13000000e+00  8.73424021e-04  1.25282754e+00  1.63220819e+00  9.50571390e-01  1.69622038e+00  3.22276373e+01  1.33006364e+00  4.88363178e+00 
 1.14000000e+00  1.48000000e+00  1.14000000e+00  9.07112137e-04  1.25282754e+00  1.63220819e+00  9.50571390e-01  1.69622038e+00  3.22276373e+01  1.33006364e+00  4.88363178e+00 
 1.15000000e+00  1.48000000e+00  1.15000000e+00  9.41234692e-04  1.25282754e+00  1.63220819e+00  9.50571390e-01  1.69622038e+00  3.22276373e+01  1.33006364e+00  4.88363178e+00 
 1.16000000e+00  1.48000000e+00  1.16000000e+00  9.75779060e-04  1.25282754e+00  1.63220819e+00  9.50571390e-01  1.69622038e+00  3.22276373e+01  1.33006364e+00  4.88363178e+00 
 1.17000000e+00  1.48000000e+00  1.17000000e+00  1.01073267e-03  1.25282754e+00  1.63220819e+00  9.50571390e-01  1.69622038e+00  3.22276373e+01  1.33006364e+00  4.88363178e+00 
 1.18000000e+00  1.48000000e+00  1.18000000e+00  1.04608303e-03  1.25282754e+00  1.63220819e+00  9.50571390e-01  1.69622038e+00  3.22276373e+01  1.33006364e+00  4.88363178e+00 
 1.19000000e+00  1.48000000e+00  1.19000000e+00  1.08181770e-03  1.25282754e+00  1.63220819e+00  9.50571390e-01  1.69622038e+00  3.22276373e+01  1.33006364e+00  4.88363178e+00 
 1.20000000e+00  1.48000000e+00  1.20000000e+00  1.11792434e-03  1.25282754e+00  1.63220819e+00  9.50571390e-01  1.69622038e+00  3.22276373e+01  1.33006364e+00  4.88363178e+00 
 1.21000000e+00  1.48000000e+00  1.21000000e+00  1.15439070e-03  1.25282754e+00  1.63220819e+00  9.50571390e-01  1.69622038e+00  3.22276373e+01  1.33006364e+00  4.88363178e+00 
 1.22000000e+00  1.48000000e+00  1.22000000e+00  1.19120462e-03  1.25282754e+00  1.63220819e+00  9.50571390e-01  1.69622038e+00  3.22276373e+01  1.33006364e+00  4.88363178e+00 
 1.23000000e+00  1.48000000e+00  1.23000000e+00  1.22835404e-03  1.25282754e+00  1.63220819e+00  9.50571390e-01  1.69622038e+00  3.22276373e+01  1.33006364e+00  4.88363178e+00 
 1.24000000e+00  1.48000000e+00  1.24000000e+00  1.26582701e-03  1.25282754e+00  1.63220819e+00  9.50571390e-01  1.69622038e+00  3.22276373e+01  1.33006364e+00  4.88363178e+00 
 1.25000000e+00  1.48000000e+00  1.25000000e+00  1.30361167e-03  1.25282754e+00  1.63220819e+00  9.50571390e-01  1.69622038e+00  3.22276373e+01  1.33006364e+00  4.88363178e+00 
 1.26000000e+00  1.48000000e+00  1.26000000e+00  1.34169632e-03  1.25282754e+00  1.63220819e+00  9.50571390e-01  1.69622038e+00  3.22276373e+01  1.33006364e+00  4.88363178e+00 
 1.27000000e+00  1.48000000e+00  1.27000000e+00  1.38006934e-03  1.25282754e+00  1.63220819e+00  9.50571390e-01  1.69622038e+00  3.22276373e+01  1.33006364e+00  4.88363178e+00 
 1.28000000e+00  1.48000000e+00  1.28000000e+00  1.41871925e-03  1.25282754e+00  1.63220819e+00  9.50571390e-01  1.69622038e+00  3.22276373e+01  1.33006364e+00  4.88363178e+00 
 1.29000000e+00  1.48000000e+00  1.29000000e+00  1.45763471e-03  1.25282754e+00  1.63220819e+00  9.50571390e-01  1.69622038e+00  3.22276373e+01  1.33006364e+00  4.88363178e+00 
 1.30000000e+00  1.48000000e+00  1.30000000e+00  1.49680448e-03  1.25282754e+00  1.63220819e+00  9.50571390e-01  1.69622038e+00  3.22276373e+01  1.33006364e+00  4.88363178e+00 
 1.31000000e+00  1.48000000e+00  1.31000000e+00  1.53621749e-03  1.25282754e+00  1.63220819e+00  9.50571390e-01  1.69622038e+00  3.22276373e+01  1.33006364e+00  4.88363178e+00 
 1.32000000e+00  1.48000000e+00  1.32000000e+00  1.57586279e-03  1.25282754e+00  1.63220819e+00  9.50571390e-01  1.69622038e+00  3.22276373e+01  1.33006364e+00  4.88363178e+00 
 1.33000000e+00  1.48000000e+00  1.33000000e+00  1.61572957e-03  1.25282754e+00  1.63220819e+00  9.50571390e-01  1.69622038e+00  3.22276373e+01  1.33006364e+00  4.88363178e+00 
 1.34000000e+00  1.48000000e+00  1.34000000e+00  1.65580716e-03  1.25282754e+00  1.63220819e+00  9.50571390e-01  1.69622038e+00  3.22276373e+01  1.33006364e+00  4.88363178e+00 
 1.35000000e+00  1.48000000e+00  1.35000000e+00  1.69608504e-03  1.25282754e+00  1.63220819e+00  9.50571390e-01  1.69622038e+00  3.22276373e+01  1.33006364e+00  4.88363178e+00 
 1.36000000e+00  1.48000000e+00  1.36000000e+00  1.73655282e-03  1.25282754e+00  1.63220819e+00  9.50571390e-01  1.69622038e+00  3.22276373e+01  1.33006364e+00  4.88363178e+00 
 1.37000000e+00  1.48000000e+00  1.37000000e+00  1.77720029e-03  1.25282754e+00  1.63220819e+00  9.50571390e-01  1.69622038e+00  3.22276373e+01  1.33006364e+00  4.88363178e+00 
 1.38000000e+00  1.48000000e+00  1.38000000e+00  1.81801735e-03  1.25282754e+00  1.63220819e+00  9.50571390e-01  1.69622038e+00  3.22276373e+01  1.33006364e+00  4.88363178e+00 
 1.39000000e+00  1.48000000e+00  1.39000000e+00  1.85899408e-03  1.25282754e+00  1.63220819e+00  9.50571390e-01  1.69622038e+00  3.22276373e+01  1.33006364e+00  4.88363178e+00 
 1.40000000e+00  1.48000000e+00  1.40000000e+00  1.90012067e-03  1.25282754e+00  1.63220819e+00  9.50571390e-01  1.69622038e+00  3.22276373e+01  1.33006364e+00  4.88363178e+00 
 1.41000000e+00  1.48000000e+00  1.41000000e+00  1.94138751e-03  1.25282754e+00  1.63220819e+00  9.50571390e-01  1.69622038e+00  3.22276373e+01  1.33006364e+00  4.88363178e+00 
 1.42000000e+00  1.48000000e+00  1.42000000e+00  1.98278510e-03  1.25282754e+00  1.63220819e+00  9.50571390e-01  1.69622038e+00  3.22276373e+01  1.33006364e+00  4.88363178e+00 
 1.43000000e+00  1.48000000e+00  1.43000000e+00  2.02430411e-03  1.25282754e+00  1.63220819e+00  9.50571390e-01  1.69622038e+00  3.22276373e+01  1.33006364e+00  4.88363178e+00 
 1.44000000e+00  1.48000000e+00  1.44000000e+00  2.06593535e-03  1.25282754e+00  1.63220819e+00  9.50571390e-01  1.69622038e+00  3.22276373e+01  1.33006364e+00  4.88363178e+00 
 1.45000000e+00  1.48000000e+00  1.45000000e+00  2.10766979e-03  1.25282754e+00  1.63220819e+00  9.50571390e-01  1.69622038e+00  3.22276373e+01  1.33006364e+00  4.88363178e+00 
 1.46000000e+00  1.48000000e+00  1.46000000e+00  2.14949853e-03  1.25282754e+00  1.63220819e+00  9.50571390e-01  1.69622038e+00  3.22276373e+01  1.33006364e+00  4.88363178e+00 
 1.47000000e+00  1.48000000e+00  1.47000000e+00  2.19141283e-03  1.25282754e+00  1.63220819e+00  9.50571390e-01  1.69622038e+00  3.22276373e+01  1.33006364e+00  4.88363178e+00 
 1.48000000e+00  1.48000000e+00  1.48000000e+00  2.23340411e-03  1.25282754e+00  1.63220819e+00  9.50571390e-01  1.69622038e+00  3.22276373e+01  1.33006364e+00  4.88363178e+00 
 1.49000000e+00  1.48000000e+00  1.49000000e+00  2.27546393e-03  1.25282754e+00  1.63220819e+00  9.50571390e-01  1.69622038e+00  3.22276373e+01  1.33006364e+00  4.88363178e+00 
 1.50000000e+00  1.48000000e+00  1.50000000e+00  2.31758397e-03  1.25282754e+00  1.63220819e+00  9.50571390e-01  1.69622038e+00  3.22276373e+01  1.33006364e+00  4.88363178e+00 
 1.51000000e+00  1.48000000e+00  1.51000000e+00  2.35975608e-03  1.25282754e+00  1.63220819e+00  9.50571390e-01  1.69622038e+00  3.22276373e+01  1.33006364e+00  4.88363178e+00 
 1.52000000e+00  1.48000000e+00  1.52000000e+00  2.40197226e-03  1.25282754e+00  1.63220819e+00  9.50571390e-01  1.69622038e+00  3.22276373e+01  1.33006364e+00  4.88363178e+00 
 1.53000000e+00  1.48000000e+00  1.53000000e+00  2.44422464e-03  1.25282754e+00  1.63220819e+00  9.50571390e-01  1.69622038e+00  3.22276373e+01  1.33006364e+00  4.88363178e+00 
 1.54000000e+00  1.48000000e+00  1.54000000e+00  2.48650547e-03  1.25282754e+00  1.63220819e+00  9.50571390e-01  1.69622038e+00  3.22276373e+01  1.33006364e+00  4.88363178e+00 
 1.55000000e+00  1.48000000e+00  1.55000000e+00  2.52880718e-03  1.25282754e+00  1.63220819e+00  9.50571390e-01  1.69622038e+00  3.22276373e+01  1.33006364e+00  4.88363178e+00 
 1.56000000e+00  1.48000000e+00  1.56000000e+00  2.57112231e-03  1.25282754e+00  1.63220819e+00  9.50571390e-01  1.69622038e+00  3.22276373e+01  1.33006364e+00  4.88363178e+00 
 1.57000000e+00  1.48000000e+00  1.57000000e+00  2.61344355e-03  1.25282754e+00  1.63220819e+00  9.50571390e-01  1.69622038e+00  3.22276373e+01  1.33006364e+00  4.88363178e+00 
 1.58000000e+00  1.48000000e+00  1.58000000e+00  2.65576370e-03  1.25282754e+00  1.63220819e+00  9.50571390e-01  1.69622038e+00  3.22276373e+01  1.33006364e+00  4.88363178e+00 
 1.59000000e+00  1.48000000e+00  1.59000000e+00  2.69807571e-03  1.25282754e+00  1.63220819e+00  9.50571390e-01  1.69622038e+00  3.22276373e+01  1.33006364e+00  4.88363178e+00 
 1.60000000e+00  1.48000000e+00  1.60000000e+00  2.74037267e-03  1.25282754e+00  1.63220819e+00  9.50571390e-01  1.69622038e+00  3.22276373e+01  1.33006364e+00  4.88363178e+00 
 1.61000000e+00  1.48000000e+00  1.61000000e+00  2.78264778e-03  1.25282754e+00  1.63220819e+00  9.50571390e-01  1.69622038e+00  3.22276373e+01  1.33006364e+00  4.88363178e+00 
 1.62000000e+00  1.48000000e+00  1.62000000e+00  2.82489436e-03  1.25282754e+00  1.63220819e+00  9.50571390e-01  1.69622038e+00  3.22276373e+01  1.33006364e+00  4.88363178e+00 
 1.63000000e+00  1.48000000e+00  1.63000000e+00  2.86710588e-03  1.25282754e+00  1.63220819e+00  9.50571390e-01  1.69622038e+00  3.22276373e+01  1.33006364e+00  4.88363178e+00 
 1.64000000e+00  1.48000000e+00  1.64000000e+00  2.90927592e-03  1.25282754e+00  1.63220819e+00  9.50571390e-01  1.69622038e+00  3.22276373e+01  1.33006364e+00  4.88363178e+00 
 1.65000000e+00  1.48000000e+00  1.65000000e+00  2.95139816e-03  1.25282754e+00  1.63220819e+00  9.50571390e-01  1.69622038e+00  3.22276373e+01  1.33006364e+00  4.88363178e+00 
 1.66000000e+00  1.48000000e+00  1.66000000e+00  2.99346643e-03  1.25282754e+00  1.63220819e+00  9.50571390e-01  1.69622038e+00  3.22276373e+01  1.33006364e+00  4.88363178e+00 
 1.67000000e+00  1.48000000e+00  1.67000000e+00  3.03547465e-03  1.25282754e+00  1.63220819e+00  9.50571390e-01  1.69622038e+00  3.22276373e+01  1.33006364e+00  4.88363178e+00 
 1.68000000e+00  1.48000000e+00  1.68000000e+00  3.07741687e-03  1.25282754e+00  1.63220819e+00  9.50571390e-01  1.69622038e+00  3.22276373e+01  1.33006364e+00  4.88363178e+00 
 1.69000000e+00  1.48000000e+00  1.69000000e+00  3.11928724e-03  1.25282754e+00  1.63220819e+00  9.50571390e-01  1.69622038e+00  3.22276373e+01  1.33006364e+00  4.88363178e+00 
 1.70000000e+00  1.48000000e+00  1.70000000e+00  3.16108003e-03  1.25282754e+00  1.63220819e+00  9.50571390e-01  1.69622038e+00  3.22276373e+01  1.33006364e+00  4.88363178e+00 
 1.71000000e+00  1.48000000e+00  1.71000000e+00  3.20278959e-03  1.25282754e+00  1.63220819e+00  9.50571390e-01  1.69622038e+00  3.22276373e+01  1.33006364e+00  4.88363178e+00 
 1.72000000e+00  1.48000000e+00  1.72000000e+00  3.24441041e-03  1.25282754e+00  1.63220819e+00  9.50571390e-01  1.69622038e+00  3.22276373e+01  1.33006364e+00  4.88363178e+00 
 1.73000000e+00  1.48000000e+00  1.73000000e+00  3.28593706e-03  1.25282754e+00  1.63220819e+00  9.50571390e-01  1.69622038e+00  3.22276373e+01  1.33006364e+00  4.88363178e+00 
 1.74000000e+00  1.48000000e+00  1.74000000e+00  3.32736421e-03  1.25282754e+00  1.63220819e+00  9.50571390e-01  1.69622038e+00  3.22276373e+01  1.33006364e+00  4.88363178e+00 
 1.75000000e+00  1.48000000e+00  1.75000000e+00  3.36868664e-03  1.25282754e+00  1.63220819e+00  9.50571390e-01  1.69622038e+00  3.22276373e+01  1.33006364e+00  4.88363178e+00 
 1.76000000e+00  1.48000000e+00  1.76000000e+00  3.40989921e-03  1.25282754e+00  1.63220819e+00  9.50571390e-01  1.69622038e+00  3.22276373e+01  1.33006364e+00  4.88363178e+00 
 1.77000000e+00  1.48000000e+00  1.77000000e+00  3.45099689e-03  1.25282754e+00  1.63220819e+00  9.50571390e-01  1.69622038e+00  3.22276373e+01  1.33006364e+00  4.88363178e+00 
 1.78000000e+00  1.48000000e+00  1.78000000e+00  3.49197471e-03  1.25282754e+00  1.63220819e+00  9.50571390e-01  1.69622038e+00  3.22276373e+01  1.33006364e+00  4.88363178e+00 
 1.79000000e+00  1.48000000e+00  1.79000000e+00  3.53282783e-03  1.25282754e+00  1.63220819e+00  9.50571390e-01  1.69622038e+00  3.22276373e+01  1.33006364e+00  4.88363178e+00 
 1.80000000e+00  1.48000000e+00  1.80000000e+00  3.57355146e-03  1.25282754e+00  1.63220819e+00  9.50571390e-01  1.69622038e+00  3.22276373e+01  1.33006364e+00  4.88363178e+00 
 1.81000000e+00  1.48000000e+00  1.81000000e+00  3.61414092e-03  1.25282754e+00  1.63220819e+00  9.50571390e-01  1.69622038e+00  3.22276373e+01  1.33006364e+00  4.88363178e+00 
 1.82000000e+00  1.48000000e+00  1.82000000e+00  3.65459159e-03  1.25282754e+00  1.63220819e+00  9.50571390e-01  1.69622038e+00  3.22276373e+01  1.33006364e+00  4.88363178e+00 
 1.83000000e+00  1.48000000e+00  1.83000000e+00  3.69489895e-03  1.25282754e+00  1.63220819e+00  9.50571390e-01  1.69622038e+00  3.22276373e+01  1.33006364e+00  4.88363178e+00 
 1.84000000e+00  1.48000000e+00  1.84000000e+00  3.73505854e-03  1.25282754e+00  1.63220819e+00  9.50571390e-01  1.69622038e+00  3.22276373e+01  1.33006364e+00  4.88363178e+00 
 1.85000000e+00  1.48000000e+00  1.85000000e+00  3.77506598e-03  1.25282754e+00  1.63220819e+00  9.50571390e-01  1.69622038e+00  3.22276373e+01  1.33006364e+00  4.88363178e+00 
