 0.00000000e+00  1.48000000e+00  0.00000000e+00  1.48148160e-12  1.20697600e+00  1.65974190e+00  1.03489924e+00  1.74561757e+00  3.18331264e+01  1.32126854e+00  5.10683100e+00 
 1.00000000e-02  1.48000000e+00  1.00000000e-02  1.48148160e-12  1.20697600e+00  1.65974190e+00  1.03489924e+00  1.74561757e+00  3.18331264e+01  1.32126854e+00  5.10683100e+00 
 2.00000000e-02  1.48000000e+00  2.00000000e-02  1.48148160e-12  1.20697600e+00  1.65974190e+00  1.03489924e+00  1.74561757e+00  3.18331264e+01  1.32126854e+00  5.10683100e+00 
 3.00000000e-02  1.48000000e+00  3.00000000e-02  1.48148160e-12  1.20697600e+00  1.65974190e+00  1.03489924e+00  1.74561757e+00  3.18331264e+01  1.32126854e+00  5.10683100e+00 
 4.00000000e-02  1.48000000e+00  4.00000000e-02  1.48148160e-12  1.20697600e+00  1.65974190e+00  1.03489924e+00  1.74561757e+00  3.18331264e+01  1.32126854e+00  5.10683100e+00 
 5.00000000e-02  1.48000000e+00  5.00000000e-02  1.48148160e-12  1.20697600e+00  1.65974190e+00  1.03489924e+00  1.74561757e+00  3.18331264e+01  1.32126854e+00  5.10683100e+00 
 6.00000000e-02  1.48000000e+00  6.00000000e-02  1.48148160e-12  1.20697600e+00  1.65974190e+00  1.03489924e+00  1.74561757e+00  3.18331264e+01  1.32126854e+00  5.10683100e+00 
 7.00000000e-02  1.48000000e+00  7.00000000e-02  1.48148160e-12  1.20697600e+00  1.65974190e+00  1.03489924e+00  1.74561757e+00  3.18331264e+01  1.32126854e+00  5.10683100e+00 
 8.00000000e-02  1.48000000e+00  8.00000000e-02  1.48148160e-12  1.20697600e+00  1.65974190e+00  1.03489924e+00  1.74561757e+00  3.18331264e+01  1.32126854e+00  5.10683100e+00 
 9.00000000e-02  1.48000000e+00  9.00000000e-02  1.48148160e-12  1.20697600e+00  1.65974190e+00  1.03489924e+00  1.74561757e+00  3.18331264e+01  1.32126854e+00  5.10683100e+00 
 1.00000000e-01  1.48000000e+00  1.00000000e-01  1.48148160e-12  1.20697600e+00  1.65974190e+00  1.03489924e+00  1.74561757e+00  3.18331264e+01  1.32126854e+00  5.10683100e+00 
 1.10000000e-01  1.48000000e+00  1.10000000e-01  1.48148160e-12  1.20697600e+00  1.65974190e+00  1.03489924e+00  1.74561757e+00  3.18331264e+01  1.32126854e+00  5.10683100e+00 
 1.20000000e-01  1.48000000e+00  1.20000000e-01  1.48148160e-12  1.20697600e+00  1.65974190e+00  1.03489924e+00  1.74561757e+00  3.18331264e+01  1.32126854e+00  5.10683100e+00 
 1.30000000e-01  1.48000000e+00  1.30000000e-01  1.48148160e-12  1.20697600e+00  1.65974190e+00  1.03489924e+00  1.74561757e+00  3.18331264e+01  1.32126854e+00  5.10683100e+00 
 1.40000000e-01  1.48000000e+00  1.40000000e-01  1.48148160e-12  1.20697600e+00  1.65974190e+00  1.03489924e+00  1.74561757e+00  3.18331264e+01  1.32126854e+00  5.10683100e+00 
 1.50000000e-01  1.48000000e+00  1.50000000e-01  1.48148160e-12  1.20697600e+00  1.65974190e+00  1.03489924e+00  1.74561757e+00  3.18331264e+01  1.32126854e+00  5.10683100e+00 
 1.60000000e-01  1.48000000e+00  1.60000000e-01  1.48148160e-12  1.20697600e+00  1.65974190e+00  1.03489924e+00  1.74561757e+00  3.18331264e+01  1.32126854e+00  5.10683100e+00 
 1.70000000e-01  1.48000000e+00  1.70000000e-01  1.48148160e-12  1.20697600e+00  1.65974190e+00  1.03489924e+00  1.74561757e+00  3.18331264e+01  1.32126854e+00  5.10683100e+00 
 1.80000000e-01  1.48000000e+00  1.80000000e-01  1.48148160e-12  1.20697600e+00  1.65974190e+00  1.03489924e+00  1.74561757e+00  3.18331264e+01  1.32126854e+00  5.10683100e+00 
 1.90000000e-01  1.48000000e+00  1.90000000e-01  1.48148160e-12  1.20697600e+00  1.65974190e+00  1.03489924e+00  1.74561757e+00  3.18331264e+01  1.32126854e+00  5.10683100e+00 
 2.00000000e-01  1.48000000e+00  2.00000000e-01  1.48148160e-12  1.20697600e+00  1.65974190e+00  1.03489924e+00  1.74561757e+00  3.18331264e+01  1.32126854e+00  5.10683100e+00 
 2.10000000e-01  1.48000000e+00  2.10000000e-01  1.48148160e-12  1.20697600e+00  1.65974190e+00  1.03489924e+00  1.74561757e+00  3.18331264e+01  1.32126854e+00  5.10683100e+00 
 2.20000000e-01  1.48000000e+00  2.20000000e-01  1.48148160e-12  1.20697600e+00  1.65974190e+00  1.03489924e+00  1.74561757e+00  3.18331264e+01  1.32126854e+00  5.10683100e+00 
 2.30000000e-01  1.48000000e+00  2.30000000e-01  1.48148160e-12  1.20697600e+00  1.65974190e+00  1.03489924e+00  1.74561757e+00  3.18331264e+01  1.32126854e+00  5.10683100e+00 
 2.40000000e-01  1.48000000e+00  2.40000000e-01  1.48148160e-12  1.20697600e+00  1.65974190e+00  1.03489924e+00  1.74561757e+00  3.18331264e+01  1.32126854e+00  5.10683100e+00 
 2.50000000e-01  1.48000000e+00  2.50000000e-01  1.48148160e-12  1.20697600e+00  1.65974190e+00  1.03489924e+00  1.74561757e+00  3.18331264e+01  1.32126854e+00  5.10683100e+00 
 2.60000000e-01  1.48000000e+00  2.60000000e-01  1.48148160e-12  1.20697600e+00  1.65974190e+00  1.03489924e+00  1.74561757e+00  3.18331264e+01  1.32126854e+00  5.10683100e+00 
 2.70000000e-01  1.48000000e+00  2.70000000e-01  1.48148160e-12  1.20697600e+00  1.65974190e+00  1.03489924e+00  1.74561757e+00  3.18331264e+01  1.32126854e+00  5.10683100e+00 
 2.80000000e-01  1.48000000e+00  2.80000000e-01  1.48148160e-12  1.20697600e+00  1.65974190e+00  1.03489924e+00  1.74561757e+00  3.18331264e+01  1.32126854e+00  5.10683100e+00 
 2.90000000e-01  1.48000000e+00  2.90000000e-01  1.48148160e-12  1.20697600e+00  1.65974190e+00  1.03489924e+00  1.74561757e+00  3.18331264e+01  1.32126854e+00  5.10683100e+00 
 3.00000000e-01  1.48000000e+00  3.00000000e-01  1.48148160e-12  1.20697600e+00  1.65974190e+00  1.03489924e+00  1.74561757e+00  3.18331264e+01  1.32126854e+00  5.10683100e+00 
 3.10000000e-01  1.48000000e+00  3.10000000e-01  1.48148160e-12  1.20697600e+00  1.65974190e+00  1.03489924e+00  1.74561757e+00  3.18331264e+01  1.32126854e+00  5.10683100e+00 
 3.20000000e-01  1.48000000e+00  3.20000000e-01  1.48148160e-12  1.20697600e+00  1.65974190e+00  1.03489924e+00  1.74561757e+00  3.18331264e+01  1.32126854e+00  5.10683100e+00 
 3.30000000e-01  1.48000000e+00  3.30000000e-01  1.48148160e-12  1.20697600e+00  1.65974190e+00  1.03489924e+00  1.74561757e+00  3.18331264e+01  1.32126854e+00  5.10683100e+00 
 3.40000000e-01  1.48000000e+00  3.40000000e-01  1.48148160e-12  1.20697600e+00  1.65974190e+00  1.03489924e+00  1.74561757e+00  3.18331264e+01  1.32126854e+00  5.10683100e+00 
 3.50000000e-01  1.48000000e+00  3.50000000e-01  1.48148160e-12  1.20697600e+00  1.65974190e+00  1.03489924e+00  1.74561757e+00  3.18331264e+01  1.32126854e+00  5.10683100e+00 
 3.60000000e-01  1.48000000e+00  3.60000000e-01  1.48325796e-12  1.20697600e+00  1.65974190e+00  1.03489924e+00  1.74561757e+00  3.18331264e+01  1.32126854e+00  5.10683100e+00 
 3.70000000e-01  1.48000000e+00  3.70000000e-01  1.48148160e-12  1.20697600e+00  1.65974190e+00  1.03489924e+00  1.74561757e+00  3.18331264e+01  1.32126854e+00  5.10683100e+00 
 3.80000000e-01  1.48000000e+00  3.80000000e-01  1.48503432e-12  1.20697600e+00  1.65974190e+00  1.03489924e+00  1.74561757e+00  3.18331264e+01  1.32126854e+00  5.10683100e+00 
 3.90000000e-01  1.48000000e+00  3.90000000e-01  1.48681067e-12  1.20697600e+00  1.65974190e+00  1.03489924e+00  1.74561757e+00  3.18331264e+01  1.32126854e+00  5.10683100e+00 
 4.00000000e-01  1.48000000e+00  4.00000000e-01  1.49213975e-12  1.20697600e+00  1.65974190e+00  1.03489924e+00  1.74561757e+00  3.18331264e+01  1.32126854e+00  5.10683100e+00 
 4.10000000e-01  1.48000000e+00  4.10000000e-01  1.50457424e-12  1.20697600e+00  1.65974190e+00  1.03489924e+00  1.74561757e+00  3.18331264e+01  1.32126854e+00  5.10683100e+00 
 4.20000000e-01  1.48000000e+00  4.20000000e-01  1.54365409e-12  1.20697600e+00  1.65974190e+00  1.03489924e+00  1.74561757e+00  3.18331264e+01  1.32126854e+00  5.10683100e+00 
 4.30000000e-01  1.48000000e+00  4.30000000e-01  1.63602465e-12  1.20697600e+00  1.65974190e+00  1.03489924e+00  1.74561757e+00  3.18331264e+01  1.32126854e+00  5.10683100e+00 
 4.40000000e-01  1.48000000e+00  4.40000000e-01  1.88826732e-12  1.20697600e+00  1.65974190e+00  1.03489924e+00  1.74561757e+00  3.18331264e+01  1.32126854e+00  5.10683100e+00 
 4.50000000e-01  1.48000000e+00  4.50000000e-01  2.54196664e-12  1.20697600e+00  1.65974190e+00  1.03489924e+00  1.74561757e+00  3.18331264e+01  1.32126854e+00  5.10683100e+00 
 4.60000000e-01  1.48000000e+00  4.60000000e-01  4.25082192e-12  1.20697600e+00  1.65974190e+00  1.03489924e+00  1.74561757e+00  3.18331264e+01  1.32126854e+00  5.10683100e+00 
 4.70000000e-01  1.48000000e+00  4.70000000e-01  8.68993766e-12  1.20697600e+00  1.65974190e+00  1.03489924e+00  1.74561757e+00  3.18331264e+01  1.32126854e+00  5.10683100e+00 
 4.80000000e-01  1.48000000e+00  4.80000000e-01  2.01616501e-11  1.20697600e+00  1.65974190e+00  1.03489924e+00  1.74561757e+00  3.18331264e+01  1.32126854e+00  5.10683100e+00 
 4.90000000e-01  1.48000000e+00  4.90000000e-01  4.95496977e-11  1.20697600e+00  1.65974190e+00  1.03489924e+00  1.74561757e+00  3.18331264e+01  1.32126854e+00  5.10683100e+00 
 5.00000000e-01  1.48000000e+00  5.00000000e-01  1.23781874e-10  1.20697600e+00  1.65974190e+00  1.03489924e+00  1.74561757e+00  3.18331264e+01  1.32126854e+00  5.10683100e+00 
 5.10000000e-01  1.48000000e+00  5.10000000e-01  3.07389669e-10  1.20697600e+00  1.65974190e+00  1.03489924e+00  1.74561757e+00  3.18331264e+01  1.32126854e+00  5.10683100e+00 
 5.20000000e-01  1.48000000e+00  5.20000000e-01  7.47702344e-10  1.20697600e+00  1.65974190e+00  1.03489924e+00  1.74561757e+00  3.18331264e+01  1.32126854e+00  5.10683100e+00 
 5.30000000e-01  1.48000000e+00  5.30000000e-01  1.75936243e-09  1.20697600e+00  1.65974190e+00  1.03489924e+00  1.74561757e+00  3.18331264e+01  1.32126854e+00  5.10683100e+00 
 5.40000000e-01  1.48000000e+00  5.40000000e-01  3.95916899e-09  1.20697600e+00  1.65974190e+00  1.03489924e+00  1.74561757e+00  3.18331264e+01  1.32126854e+00  5.10683100e+00 
 5.50000000e-01  1.48000000e+00  5.50000000e-01  8.44584491e-09  1.20697600e+00  1.65974190e+00  1.03489924e+00  1.74561757e+00  3.18331264e+01  1.32126854e+00  5.10683100e+00 
 5.60000000e-01  1.48000000e+00  5.60000000e-01  1.70156778e-08  1.20697600e+00  1.65974190e+00  1.03489924e+00  1.74561757e+00  3.18331264e+01  1.32126854e+00  5.10683100e+00 
 5.70000000e-01  1.48000000e+00  5.70000000e-01  3.24626228e-08  1.20697600e+00  1.65974190e+00  1.03489924e+00  1.74561757e+00  3.18331264e+01  1.32126854e+00  5.10683100e+00 
 5.80000000e-01  1.48000000e+00  5.80000000e-01  5.91183849e-08  1.20697600e+00  1.65974190e+00  1.03489924e+00  1.74561757e+00  3.18331264e+01  1.32126854e+00  5.10683100e+00 
 5.90000000e-01  1.48000000e+00  5.90000000e-01  1.03863385e-07  1.20697600e+00  1.65974190e+00  1.03489924e+00  1.74561757e+00  3.18331264e+01  1.32126854e+00  5.10683100e+00 
 6.00000000e-01  1.48000000e+00  6.00000000e-01  1.77884814e-07  1.20697600e+00  1.65974190e+00  1.03489924e+00  1.74561757e+00  3.18331264e+01  1.32126854e+00  5.10683100e+00 
 6.10000000e-01  1.48000000e+00  6.10000000e-01  2.99572525e-07  1.20697600e+00  1.65974190e+00  1.03489924e+00  1.74561757e+00  3.18331264e+01  1.32126854e+00  5.10683100e+00 
 6.20000000e-01  1.48000000e+00  6.20000000e-01  4.99108422e-07  1.20697600e+00  1.65974190e+00  1.03489924e+00  1.74561757e+00  3.18331264e+01  1.32126854e+00  5.10683100e+00 
 6.30000000e-01  1.48000000e+00  6.30000000e-01  8.25210696e-07  1.20697600e+00  1.65974190e+00  1.03489924e+00  1.74561757e+00  3.18331264e+01  1.32126854e+00  5.10683100e+00 
 6.40000000e-01  1.48000000e+00  6.40000000e-01  1.35342155e-06  1.20697600e+00  1.65974190e+00  1.03489924e+00  1.74561757e+00  3.18331264e+01  1.32126854e+00  5.10683100e+00 
 6.50000000e-01  1.48000000e+00  6.50000000e-01  2.19249465e-06  1.20697600e+00  1.65974190e+00  1.03489924e+00  1.74561757e+00  3.18331264e+01  1.32126854e+00  5.10683100e+00 
 6.60000000e-01  1.48000000e+00  6.60000000e-01  3.48201767e-06  1.20697600e+00  1.65974190e+00  1.03489924e+00  1.74561757e+00  3.18331264e+01  1.32126854e+00  5.10683100e+00 
 6.70000000e-01  1.48000000e+00  6.70000000e-01  5.37564031e-06  1.20697600e+00  1.65974190e+00  1.03489924e+00  1.74561757e+00  3.18331264e+01  1.32126854e+00  5.10683100e+00 
 6.80000000e-01  1.48000000e+00  6.80000000e-01  8.01406883e-06  1.20697600e+00  1.65974190e+00  1.03489924e+00  1.74561757e+00  3.18331264e+01  1.32126854e+00  5.10683100e+00 
 6.90000000e-01  1.48000000e+00  6.90000000e-01  1.15020249e-05  1.20697600e+00  1.65974190e+00  1.03489924e+00  1.74561757e+00  3.18331264e+01  1.32126854e+00  5.10683100e+00 
 7.00000000e-01  1.48000000e+00  7.00000000e-01  1.59005821e-05  1.20697600e+00  1.65974190e+00  1.03489924e+00  1.74561757e+00  3.18331264e+01  1.32126854e+00  5.10683100e+00 
 7.10000000e-01  1.48000000e+00  7.10000000e-01  2.12339839e-05  1.20697600e+00  1.65974190e+00  1.03489924e+00  1.74561757e+00  3.18331264e+01  1.32126854e+00  5.10683100e+00 
 7.20000000e-01  1.48000000e+00  7.20000000e-01  2.75024531e-05  1.20697600e+00  1.65974190e+00  1.03489924e+00  1.74561757e+00  3.18331264e+01  1.32126854e+00  5.10683100e+00 
 7.30000000e-01  1.48000000e+00  7.30000000e-01  3.46938249e-05  1.20697600e+00  1.65974190e+00  1.03489924e+00  1.74561757e+00  3.18331264e+01  1.32126854e+00  5.10683100e+00 
 7.40000000e-01  1.48000000e+00  7.40000000e-01  4.27913019e-05  1.20697600e+00  1.65974190e+00  1.03489924e+00  1.74561757e+00  3.18331264e+01  1.32126854e+00  5.10683100e+00 
 7.50000000e-01  1.48000000e+00  7.50000000e-01  5.17776090e-05  1.20697600e+00  1.65974190e+00  1.03489924e+00  1.74561757e+00  3.18331264e+01  1.32126854e+00  5.10683100e+00 
 7.60000000e-01  1.48000000e+00  7.60000000e-01  6.16367517e-05  1.20697600e+00  1.65974190e+00  1.03489924e+00  1.74561757e+00  3.18331264e+01  1.32126854e+00  5.10683100e+00 
 7.70000000e-01  1.48000000e+00  7.70000000e-01  7.23544639e-05  1.20697600e+00  1.65974190e+00  1.03489924e+00  1.74561757e+00  3.18331264e+01  1.32126854e+00  5.10683100e+00 
 7.80000000e-01  1.48000000e+00  7.80000000e-01  8.39180587e-05  1.20697600e+00  1.65974190e+00  1.03489924e+00  1.74561757e+00  3.18331264e+01  1.32126854e+00  5.10683100e+00 
 7.90000000e-01  1.48000000e+00  7.90000000e-01  9.63160691e-05  1.20697600e+00  1.65974190e+00  1.03489924e+00  1.74561757e+00  3.18331264e+01  1.32126854e+00  5.10683100e+00 
 8.00000000e-01  1.48000000e+00  8.00000000e-01  1.09537867e-04  1.20697600e+00  1.65974190e+00  1.03489924e+00  1.74561757e+00  3.18331264e+01  1.32126854e+00  5.10683100e+00 
 8.10000000e-01  1.48000000e+00  8.10000000e-01  1.23573336e-04  1.20697600e+00  1.65974190e+00  1.03489924e+00  1.74561757e+00  3.18331264e+01  1.32126854e+00  5.10683100e+00 
 8.20000000e-01  1.48000000e+00  8.20000000e-01  1.38412616e-04  1.20697600e+00  1.65974190e+00  1.03489924e+00  1.74561757e+00  3.18331264e+01  1.32126854e+00  5.10683100e+00 
 8.30000000e-01  1.48000000e+00  8.30000000e-01  1.54045917e-04  1.20697600e+00  1.65974190e+00  1.03489924e+00  1.74561757e+00  3.18331264e+01  1.32126854e+00  5.10683100e+00 
 8.40000000e-01  1.48000000e+00  8.40000000e-01  1.70463390e-04  1.20697600e+00  1.65974190e+00  1.03489924e+00  1.74561757e+00  3.18331264e+01  1.32126854e+00  5.10683100e+00 
 8.50000000e-01  1.48000000e+00  8.50000000e-01  1.87655044e-04  1.20697600e+00  1.65974190e+00  1.03489924e+00  1.74561757e+00  3.18331264e+01  1.32126854e+00  5.10683100e+00 
 8.60000000e-01  1.48000000e+00  8.60000000e-01  2.05610689e-04  1.20697600e+00  1.65974190e+00  1.03489924e+00  1.74561757e+00  3.18331264e+01  1.32126854e+00  5.10683100e+00 
 8.70000000e-01  1.48000000e+00  8.70000000e-01  2.24319910e-04  1.20697600e+00  1.65974190e+00  1.03489924e+00  1.74561757e+00  3.18331264e+01  1.32126854e+00  5.10683100e+00 
 8.80000000e-01  1.48000000e+00  8.80000000e-01  2.43772052e-04  1.20697600e+00  1.65974190e+00  1.03489924e+00  1.74561757e+00  3.18331264e+01  1.32126854e+00  5.10683100e+00 
 8.90000000e-01  1.48000000e+00  8.90000000e-01  2.63956216e-04  1.20697600e+00  1.65974190e+00  1.03489924e+00  1.74561757e+00  3.18331264e+01  1.32126854e+00  5.10683100e+00 
 9.00000000e-01  1.48000000e+00  9.00000000e-01  2.84861262e-04  1.20697600e+00  1.65974190e+00  1.03489924e+00  1.74561757e+00  3.18331264e+01  1.32126854e+00  5.10683100e+00 
 9.10000000e-01  1.48000000e+00  9.10000000e-01  3.06475822e-04  1.20697600e+00  1.65974190e+00  1.03489924e+00  1.74561757e+00  3.18331264e+01  1.32126854e+00  5.10683100e+00 
 9.20000000e-01  1.48000000e+00  9.20000000e-01  3.28788308e-04  1.20697600e+00  1.65974190e+00  1.03489924e+00  1.74561757e+00  3.18331264e+01  1.32126854e+00  5.10683100e+00 
 9.30000000e-01  1.48000000e+00  9.30000000e-01  3.51786928e-04  1.20697600e+00  1.65974190e+00  1.03489924e+00  1.74561757e+00  3.18331264e+01  1.32126854e+00  5.10683100e+00 
 9.40000000e-01  1.48000000e+00  9.40000000e-01  3.75459699e-04  1.20697600e+00  1.65974190e+00  1.03489924e+00  1.74561757e+00  3.18331264e+01  1.32126854e+00  5.10683100e+00 
 9.50000000e-01  1.48000000e+00  9.50000000e-01  3.99794466e-04  1.20697600e+00  1.65974190e+00  1.03489924e+00  1.74561757e+00  3.18331264e+01  1.32126854e+00  5.10683100e+00 
 9.60000000e-01  1.48000000e+00  9.60000000e-01  4.24778914e-04  1.20697600e+00  1.65974190e+00  1.03489924e+00  1.74561757e+00  3.18331264e+01  1.32126854e+00  5.10683100e+00 
 9.70000000e-01  1.48000000e+00  9.70000000e-01  4.50400581e-04  1.20697600e+00  1.65974190e+00  1.03489924e+00  1.74561757e+00  3.18331264e+01  1.32126854e+00  5.10683100e+00 
 9.80000000e-01  1.48000000e+00  9.80000000e-01  4.76646881e-04  1.20697600e+00  1.65974190e+00  1.03489924e+00  1.74561757e+00  3.18331264e+01  1.32126854e+00  5.10683100e+00 
 9.90000000e-01  1.48000000e+00  9.90000000e-01  5.03505121e-04  1.20697600e+00  1.65974190e+00  1.03489924e+00  1.74561757e+00  3.18331264e+01  1.32126854e+00  5.10683100e+00 
 1.00000000e+00  1.48000000e+00  1.00000000e+00  5.30962511e-04  1.20697600e+00  1.65974190e+00  1.03489924e+00  1.74561757e+00  3.18331264e+01  1.32126854e+00  5.10683100e+00 
 1.01000000e+00  1.48000000e+00  1.01000000e+00  5.59006181e-04  1.20697600e+00  1.65974190e+00  1.03489924e+00  1.74561757e+00  3.18331264e+01  1.32126854e+00  5.10683100e+00 
 1.02000000e+00  1.48000000e+00  1.02000000e+00  5.87623194e-04  1.20697600e+00  1.65974190e+00  1.03489924e+00  1.74561757e+00  3.18331264e+01  1.32126854e+00  5.10683100e+00 
 1.03000000e+00  1.48000000e+00  1.03000000e+00  6.16800561e-04  1.20697600e+00  1.65974190e+00  1.03489924e+00  1.74561757e+00  3.18331264e+01  1.32126854e+00  5.10683100e+00 
 1.04000000e+00  1.48000000e+00  1.04000000e+00  6.46525254e-04  1.20697600e+00  1.65974190e+00  1.03489924e+00  1.74561757e+00  3.18331264e+01  1.32126854e+00  5.10683100e+00 
 1.05000000e+00  1.48000000e+00  1.05000000e+00  6.76784218e-04  1.20697600e+00  1.65974190e+00  1.03489924e+00  1.74561757e+00  3.18331264e+01  1.32126854e+00  5.10683100e+00 
 1.06000000e+00  1.48000000e+00  1.06000000e+00  7.07564384e-04  1.20697600e+00  1.65974190e+00  1.03489924e+00  1.74561757e+00  3.18331264e+01  1.32126854e+00  5.10683100e+00 
 1.07000000e+00  1.48000000e+00  1.07000000e+00  7.38852683e-04  1.20697600e+00  1.65974190e+00  1.03489924e+00  1.74561757e+00  3.18331264e+01  1.32126854e+00  5.10683100e+00 
 1.08000000e+00  1.48000000e+00  1.08000000e+00  7.70636053e-04  1.20697600e+00  1.65974190e+00  1.03489924e+00  1.74561757e+00  3.18331264e+01  1.32126854e+00  5.10683100e+00 
 1.09000000e+00  1.48000000e+00  1.09000000e+00  8.02901454e-04  1.20697600e+00  1.65974190e+00  1.03489924e+00  1.74561757e+00  3.18331264e+01  1.32126854e+00  5.10683100e+00 
 1.10000000e+00  1.48000000e+00  1.10000000e+00  8.35635880e-04  1.20697600e+00  1.65974190e+00  1.03489924e+00  1.74561757e+00  3.18331264e+01  1.32126854e+00  5.10683100e+00 
 1.11000000e+00  1.48000000e+00  1.11000000e+00  8.68826361e-04  1.20697600e+00  1.65974190e+00  1.03489924e+00  1.74561757e+00  3.18331264e+01  1.32126854e+00  5.10683100e+00 
 1.12000000e+00  1.48000000e+00  1.12000000e+00  9.02459982e-04  1.20697600e+00  1.65974190e+00  1.03489924e+00  1.74561757e+00  3.18331264e+01  1.32126854e+00  5.10683100e+00 
 1.13000000e+00  1.48000000e+00  1.13000000e+00  9.36523886e-04  1.20697600e+00  1.65974190e+00  1.03489924e+00  1.74561757e+00  3.18331264e+01  1.32126854e+00  5.10683100e+00 
 1.14000000e+00  1.48000000e+00  1.14000000e+00  9.71005285e-04  1.20697600e+00  1.65974190e+00  1.03489924e+00  1.74561757e+00  3.18331264e+01  1.32126854e+00  5.10683100e+00 
 1.15000000e+00  1.48000000e+00  1.15000000e+00  1.00589147e-03  1.20697600e+00  1.65974190e+00  1.03489924e+00  1.74561757e+00  3.18331264e+01  1.32126854e+00  5.10683100e+00 
 1.16000000e+00  1.48000000e+00  1.16000000e+00  1.04116981e-03  1.20697600e+00  1.65974190e+00  1.03489924e+00  1.74561757e+00  3.18331264e+01  1.32126854e+00  5.10683100e+00 
 1.17000000e+00  1.48000000e+00  1.17000000e+00  1.07682776e-03  1.20697600e+00  1.65974190e+00  1.03489924e+00  1.74561757e+00  3.18331264e+01  1.32126854e+00  5.10683100e+00 
 1.18000000e+00  1.48000000e+00  1.18000000e+00  1.11285290e-03  1.20697600e+00  1.65974190e+00  1.03489924e+00  1.74561757e+00  3.18331264e+01  1.32126854e+00  5.10683100e+00 
 1.19000000e+00  1.48000000e+00  1.19000000e+00  1.14923288e-03  1.20697600e+00  1.65974190e+00  1.03489924e+00  1.74561757e+00  3.18331264e+01  1.32126854e+00  5.10683100e+00 
 1.20000000e+00  1.48000000e+00  1.20000000e+00  1.18595549e-03  1.20697600e+00  1.65974190e+00  1.03489924e+00  1.74561757e+00  3.18331264e+01  1.32126854e+00  5.10683100e+00 
 1.21000000e+00  1.48000000e+00  1.21000000e+00  1.22300861e-03  1.20697600e+00  1.65974190e+00  1.03489924e+00  1.74561757e+00  3.18331264e+01  1.32126854e+00  5.10683100e+00 
 1.22000000e+00  1.48000000e+00  1.22000000e+00  1.26038025e-03  1.20697600e+00  1.65974190e+00  1.03489924e+00  1.74561757e+00  3.18331264e+01  1.32126854e+00  5.10683100e+00 
 1.23000000e+00  1.48000000e+00  1.23000000e+00  1.29805856e-03  1.20697600e+00  1.65974190e+00  1.03489924e+00  1.74561757e+00  3.18331264e+01  1.32126854e+00  5.10683100e+00 
 1.24000000e+00  1.48000000e+00  1.24000000e+00  1.33603180e-03  1.20697600e+00  1.65974190e+00  1.03489924e+00  1.74561757e+00  3.18331264e+01  1.32126854e+00  5.10683100e+00 
 1.25000000e+00  1.48000000e+00  1.25000000e+00  1.37428836e-03  1.20697600e+00  1.65974190e+00  1.03489924e+00  1.74561757e+00  3.18331264e+01  1.32126854e+00  5.10683100e+00 
 1.26000000e+00  1.48000000e+00  1.26000000e+00  1.41281680e-03  1.20697600e+00  1.65974190e+00  1.03489924e+00  1.74561757e+00  3.18331264e+01  1.32126854e+00  5.10683100e+00 
 1.27000000e+00  1.48000000e+00  1.27000000e+00  1.45160577e-03  1.20697600e+00  1.65974190e+00  1.03489924e+00  1.74561757e+00  3.18331264e+01  1.32126854e+00  5.10683100e+00 
 1.28000000e+00  1.48000000e+00  1.28000000e+00  1.49064411e-03  1.20697600e+00  1.65974190e+00  1.03489924e+00  1.74561757e+00  3.18331264e+01  1.32126854e+00  5.10683100e+00 
 1.29000000e+00  1.48000000e+00  1.29000000e+00  1.52992078e-03  1.20697600e+00  1.65974190e+00  1.03489924e+00  1.74561757e+00  3.18331264e+01  1.32126854e+00  5.10683100e+00 
 1.30000000e+00  1.48000000e+00  1.30000000e+00  1.56942488e-03  1.20697600e+00  1.65974190e+00  1.03489924e+00  1.74561757e+00  3.18331264e+01  1.32126854e+00  5.10683100e+00 
 1.31000000e+00  1.48000000e+00  1.31000000e+00  1.60914569e-03  1.20697600e+00  1.65974190e+00  1.03489924e+00  1.74561757e+00  3.18331264e+01  1.32126854e+00  5.10683100e+00 
 1.32000000e+00  1.48000000e+00  1.32000000e+00  1.64907261e-03  1.20697600e+00  1.65974190e+00  1.03489924e+00  1.74561757e+00  3.18331264e+01  1.32126854e+00  5.10683100e+00 
 1.33000000e+00  1.48000000e+00  1.33000000e+00  1.68919521e-03  1.20697600e+00  1.65974190e+00  1.03489924e+00  1.74561757e+00  3.18331264e+01  1.32126854e+00  5.10683100e+00 
 1.34000000e+00  1.48000000e+00  1.34000000e+00  1.72950321e-03  1.20697600e+00  1.65974190e+00  1.03489924e+00  1.74561757e+00  3.18331264e+01  1.32126854e+00  5.10683100e+00 
 1.35000000e+00  1.48000000e+00  1.35000000e+00  1.76998648e-03  1.20697600e+00  1.65974190e+00  1.03489924e+00  1.74561757e+00  3.18331264e+01  1.32126854e+00  5.10683100e+00 
 1.36000000e+00  1.48000000e+00  1.36000000e+00  1.81063506e-03  1.20697600e+00  1.65974190e+00  1.03489924e+00  1.74561757e+00  3.18331264e+01  1.32126854e+00  5.10683100e+00 
 1.37000000e+00  1.48000000e+00  1.37000000e+00  1.85143912e-03  1.20697600e+00  1.65974190e+00  1.03489924e+00  1.74561757e+00  3.18331264e+01  1.32126854e+00  5.10683100e+00 
 1.38000000e+00  1.48000000e+00  1.38000000e+00  1.89238900e-03  1.20697600e+00  1.65974190e+00  1.03489924e+00  1.74561757e+00  3.18331264e+01  1.32126854e+00  5.10683100e+00 
 1.39000000e+00  1.48000000e+00  1.39000000e+00  1.93347520e-03  1.20697600e+00  1.65974190e+00  1.03489924e+00  1.74561757e+00  3.18331264e+01  1.32126854e+00  5.10683100e+00 
 1.40000000e+00  1.48000000e+00  1.40000000e+00  1.97468837e-03  1.20697600e+00  1.65974190e+00  1.03489924e+00  1.74561757e+00  3.18331264e+01  1.32126854e+00  5.10683100e+00 
 1.41000000e+00  1.48000000e+00  1.41000000e+00  2.01601931e-03  1.20697600e+00  1.65974190e+00  1.03489924e+00  1.74561757e+00  3.18331264e+01  1.32126854e+00  5.10683100e+00 
 1.42000000e+00  1.48000000e+00  1.42000000e+00  2.05745899e-03  1.20697600e+00  1.65974190e+00  1.03489924e+00  1.74561757e+00  3.18331264e+01  1.32126854e+00  5.10683100e+00 
 1.43000000e+00  1.48000000e+00  1.43000000e+00  2.09899852e-03  1.20697600e+00  1.65974190e+00  1.03489924e+00  1.74561757e+00  3.18331264e+01  1.32126854e+00  5.10683100e+00 
 1.44000000e+00  1.48000000e+00  1.44000000e+00  2.14062916e-03  1.20697600e+00  1.65974190e+00  1.03489924e+00  1.74561757e+00  3.18331264e+01  1.32126854e+00  5.10683100e+00 
 1.45000000e+00  1.48000000e+00  1.45000000e+00  2.18234233e-03  1.20697600e+00  1.65974190e+00  1.03489924e+00  1.74561757e+00  3.18331264e+01  1.32126854e+00  5.10683100e+00 
 1.46000000e+00  1.48000000e+00  1.46000000e+00  2.22412959e-03  1.20697600e+00  1.65974190e+00  1.03489924e+00  1.74561757e+00  3.18331264e+01  1.32126854e+00  5.10683100e+00 
 1.47000000e+00  1.48000000e+00  1.47000000e+00  2.26598268e-03  1.20697600e+00  1.65974190e+00  1.03489924e+00  1.74561757e+00  3.18331264e+01  1.32126854e+00  5.10683100e+00 
 1.48000000e+00  1.48000000e+00  1.48000000e+00  2.30789345e-03  1.20697600e+00  1.65974190e+00  1.03489924e+00  1.74561757e+00  3.18331264e+01  1.32126854e+00  5.10683100e+00 
 1.49000000e+00  1.48000000e+00  1.49000000e+00  2.34985391e-03  1.20697600e+00  1.65974190e+00  1.03489924e+00  1.74561757e+00  3.18331264e+01  1.32126854e+00  5.10683100e+00 
 1.50000000e+00  1.48000000e+00  1.50000000e+00  2.39185623e-03  1.20697600e+00  1.65974190e+00  1.03489924e+00  1.74561757e+00  3.18331264e+01  1.32126854e+00  5.10683100e+00 
 1.51000000e+00  1.48000000e+00  1.51000000e+00  2.43389271e-03  1.20697600e+00  1.65974190e+00  1.03489924e+00  1.74561757e+00  3.18331264e+01  1.32126854e+00  5.10683100e+00 
 1.52000000e+00  1.48000000e+00  1.52000000e+00  2.47595577e-03  1.20697600e+00  1.65974190e+00  1.03489924e+00  1.74561757e+00  3.18331264e+01  1.32126854e+00  5.10683100e+00 
 1.53000000e+00  1.48000000e+00  1.53000000e+00  2.51803802e-03  1.20697600e+00  1.65974190e+00  1.03489924e+00  1.74561757e+00  3.18331264e+01  1.32126854e+00  5.10683100e+00 
 1.54000000e+00  1.48000000e+00  1.54000000e+00  2.56013216e-03  1.20697600e+00  1.65974190e+00  1.03489924e+00  1.74561757e+00  3.18331264e+01  1.32126854e+00  5.10683100e+00 
 1.55000000e+00  1.48000000e+00  1.55000000e+00  2.60223106e-03  1.20697600e+00  1.65974190e+00  1.03489924e+00  1.74561757e+00  3.18331264e+01  1.32126854e+00  5.10683100e+00 
 1.56000000e+00  1.48000000e+00  1.56000000e+00  2.64432770e-03  1.20697600e+00  1.65974190e+00  1.03489924e+00  1.74561757e+00  3.18331264e+01  1.32126854e+00  5.10683100e+00 
 1.57000000e+00  1.48000000e+00  1.57000000e+00  2.68641520e-03  1.20697600e+00  1.65974190e+00  1.03489924e+00  1.74561757e+00  3.18331264e+01  1.32126854e+00  5.10683100e+00 
 1.58000000e+00  1.48000000e+00  1.58000000e+00  2.72848682e-03  1.20697600e+00  1.65974190e+00  1.03489924e+00  1.74561757e+00  3.18331264e+01  1.32126854e+00  5.10683100e+00 
 1.59000000e+00  1.48000000e+00  1.59000000e+00  2.77053593e-03  1.20697600e+00  1.65974190e+00  1.03489924e+00  1.74561757e+00  3.18331264e+01  1.32126854e+00  5.10683100e+00 
 1.60000000e+00  1.48000000e+00  1.60000000e+00  2.81255603e-03  1.20697600e+00  1.65974190e+00  1.03489924e+00  1.74561757e+00  3.18331264e+01  1.32126854e+00  5.10683100e+00 
 1.61000000e+00  1.48000000e+00  1.61000000e+00  2.85454076e-03  1.20697600e+00  1.65974190e+00  1.03489924e+00  1.74561757e+00  3.18331264e+01  1.32126854e+00  5.10683100e+00 
 1.62000000e+00  1.48000000e+00  1.62000000e+00  2.89648385e-03  1.20697600e+00  1.65974190e+00  1.03489924e+00  1.74561757e+00  3.18331264e+01  1.32126854e+00  5.10683100e+00 
 1.63000000e+00  1.48000000e+00  1.63000000e+00  2.93837917e-03  1.20697600e+00  1.65974190e+00  1.03489924e+00  1.74561757e+00  3.18331264e+01  1.32126854e+00  5.10683100e+00 
 1.64000000e+00  1.48000000e+00  1.64000000e+00  2.98022071e-03  1.20697600e+00  1.65974190e+00  1.03489924e+00  1.74561757e+00  3.18331264e+01  1.32126854e+00  5.10683100e+00 
 1.65000000e+00  1.48000000e+00  1.65000000e+00  3.02200256e-03  1.20697600e+00  1.65974190e+00  1.03489924e+00  1.74561757e+00  3.18331264e+01  1.32126854e+00  5.10683100e+00 
 1.66000000e+00  1.48000000e+00  1.66000000e+00  3.06371893e-03  1.20697600e+00  1.65974190e+00  1.03489924e+00  1.74561757e+00  3.18331264e+01  1.32126854e+00  5.10683100e+00 
 1.67000000e+00  1.48000000e+00  1.67000000e+00  3.10536412e-03  1.20697600e+00  1.65974190e+00  1.03489924e+00  1.74561757e+00  3.18331264e+01  1.32126854e+00  5.10683100e+00 
 1.68000000e+00  1.48000000e+00  1.68000000e+00  3.14693257e-03  1.20697600e+00  1.65974190e+00  1.03489924e+00  1.74561757e+00  3.18331264e+01  1.32126854e+00  5.10683100e+00 
 1.69000000e+00  1.48000000e+00  1.69000000e+00  3.18841879e-03  1.20697600e+00  1.65974190e+00  1.03489924e+00  1.74561757e+00  3.18331264e+01  1.32126854e+00  5.10683100e+00 
 1.70000000e+00  1.48000000e+00  1.70000000e+00  3.22981743e-03  1.20697600e+00  1.65974190e+00  1.03489924e+00  1.74561757e+00  3.18331264e+01  1.32126854e+00  5.10683100e+00 
 1.71000000e+00  1.48000000e+00  1.71000000e+00  3.27112320e-03  1.20697600e+00  1.65974190e+00  1.03489924e+00  1.74561757e+00  3.18331264e+01  1.32126854e+00  5.10683100e+00 
 1.72000000e+00  1.48000000e+00  1.72000000e+00  3.31233093e-03  1.20697600e+00  1.65974190e+00  1.03489924e+00  1.74561757e+00  3.18331264e+01  1.32126854e+00  5.10683100e+00 
 1.73000000e+00  1.48000000e+00  1.73000000e+00  3.35343555e-03  1.20697600e+00  1.65974190e+00  1.03489924e+00  1.74561757e+00  3.18331264e+01  1.32126854e+00  5.10683100e+00 
 1.74000000e+00  1.48000000e+00  1.74000000e+00  3.39443206e-03  1.20697600e+00  1.65974190e+00  1.03489924e+00  1.74561757e+00  3.18331264e+01  1.32126854e+00  5.10683100e+00 
 1.75000000e+00  1.48000000e+00  1.75000000e+00  3.43531557e-03  1.20697600e+00  1.65974190e+00  1.03489924e+00  1.74561757e+00  3.18331264e+01  1.32126854e+00  5.10683100e+00 
 1.76000000e+00  1.48000000e+00  1.76000000e+00  3.47608126e-03  1.20697600e+00  1.65974190e+00  1.03489924e+00  1.74561757e+00  3.18331264e+01  1.32126854e+00  5.10683100e+00 
 1.77000000e+00  1.48000000e+00  1.77000000e+00  3.51672443e-03  1.20697600e+00  1.65974190e+00  1.03489924e+00  1.74561757e+00  3.18331264e+01  1.32126854e+00  5.10683100e+00 
 1.78000000e+00  1.48000000e+00  1.78000000e+00  3.55724042e-03  1.20697600e+00  1.65974190e+00  1.03489924e+00  1.74561757e+00  3.18331264e+01  1.32126854e+00  5.10683100e+00 
 1.79000000e+00  1.48000000e+00  1.79000000e+00  3.59762468e-03  1.20697600e+00  1.65974190e+00  1.03489924e+00  1.74561757e+00  3.18331264e+01  1.32126854e+00  5.10683100e+00 
 1.80000000e+00  1.48000000e+00  1.80000000e+00  3.63787273e-03  1.20697600e+00  1.65974190e+00  1.03489924e+00  1.74561757e+00  3.18331264e+01  1.32126854e+00  5.10683100e+00 
 1.81000000e+00  1.48000000e+00  1.81000000e+00  3.67798017e-03  1.20697600e+00  1.65974190e+00  1.03489924e+00  1.74561757e+00  3.18331264e+01  1.32126854e+00  5.10683100e+00 
 1.82000000e+00  1.48000000e+00  1.82000000e+00  3.71794267e-03  1.20697600e+00  1.65974190e+00  1.03489924e+00  1.74561757e+00  3.18331264e+01  1.32126854e+00  5.10683100e+00 
 1.83000000e+00  1.48000000e+00  1.83000000e+00  3.75775598e-03  1.20697600e+00  1.65974190e+00  1.03489924e+00  1.74561757e+00  3.18331264e+01  1.32126854e+00  5.10683100e+00 
 1.84000000e+00  1.48000000e+00  1.84000000e+00  3.79741591e-03  1.20697600e+00  1.65974190e+00  1.03489924e+00  1.74561757e+00  3.18331264e+01  1.32126854e+00  5.10683100e+00 
 1.85000000e+00  1.48000000e+00  1.85000000e+00  3.83691835e-03  1.20697600e+00  1.65974190e+00  1.03489924e+00  1.74561757e+00  3.18331264e+01  1.32126854e+00  5.10683100e+00 
