 0.00000000e+00  1.48000000e+00  0.00000000e+00  1.48148160e-12  1.41463756e+00  1.77142126e+00  9.23131756e-01  1.83950283e+00  3.27791039e+01  1.36187066e+00  5.84958458e+00 
 1.00000000e-02  1.48000000e+00  1.00000000e-02  1.48148160e-12  1.41463756e+00  1.77142126e+00  9.23131756e-01  1.83950283e+00  3.27791039e+01  1.36187066e+00  5.84958458e+00 
 2.00000000e-02  1.48000000e+00  2.00000000e-02  1.48148160e-12  1.41463756e+00  1.77142126e+00  9.23131756e-01  1.83950283e+00  3.27791039e+01  1.36187066e+00  5.84958458e+00 
 3.00000000e-02  1.48000000e+00  3.00000000e-02  1.48148160e-12  1.41463756e+00  1.77142126e+00  9.23131756e-01  1.83950283e+00  3.27791039e+01  1.36187066e+00  5.84958458e+00 
 4.00000000e-02  1.48000000e+00  4.00000000e-02  1.48148160e-12  1.41463756e+00  1.77142126e+00  9.23131756e-01  1.83950283e+00  3.27791039e+01  1.36187066e+00  5.84958458e+00 
 5.00000000e-02  1.48000000e+00  5.00000000e-02  1.48148160e-12  1.41463756e+00  1.77142126e+00  9.23131756e-01  1.83950283e+00  3.27791039e+01  1.36187066e+00  5.84958458e+00 
 6.00000000e-02  1.48000000e+00  6.00000000e-02  1.48148160e-12  1.41463756e+00  1.77142126e+00  9.23131756e-01  1.83950283e+00  3.27791039e+01  1.36187066e+00  5.84958458e+00 
 7.00000000e-02  1.48000000e+00  7.00000000e-02  1.48148160e-12  1.41463756e+00  1.77142126e+00  9.23131756e-01  1.83950283e+00  3.27791039e+01  1.36187066e+00  5.84958458e+00 
 8.00000000e-02  1.48000000e+00  8.00000000e-02  1.48148160e-12  1.41463756e+00  1.77142126e+00  9.23131756e-01  1.83950283e+00  3.27791039e+01  1.36187066e+00  5.84958458e+00 
 9.00000000e-02  1.48000000e+00  9.00000000e-02  1.48148160e-12  1.41463756e+00  1.77142126e+00  9.23131756e-01  1.83950283e+00  3.27791039e+01  1.36187066e+00  5.84958458e+00 
 1.00000000e-01  1.48000000e+00  1.00000000e-01  1.48148160e-12  1.41463756e+00  1.77142126e+00  9.23131756e-01  1.83950283e+00  3.27791039e+01  1.36187066e+00  5.84958458e+00 
 1.10000000e-01  1.48000000e+00  1.10000000e-01  1.48148160e-12  1.41463756e+00  1.77142126e+00  9.23131756e-01  1.83950283e+00  3.27791039e+01  1.36187066e+00  5.84958458e+00 
 1.20000000e-01  1.48000000e+00  1.20000000e-01  1.48148160e-12  1.41463756e+00  1.77142126e+00  9.23131756e-01  1.83950283e+00  3.27791039e+01  1.36187066e+00  5.84958458e+00 
 1.30000000e-01  1.48000000e+00  1.30000000e-01  1.48148160e-12  1.41463756e+00  1.77142126e+00  9.23131756e-01  1.83950283e+00  3.27791039e+01  1.36187066e+00  5.84958458e+00 
 1.40000000e-01  1.48000000e+00  1.40000000e-01  1.48148160e-12  1.41463756e+00  1.77142126e+00  9.23131756e-01  1.83950283e+00  3.27791039e+01  1.36187066e+00  5.84958458e+00 
 1.50000000e-01  1.48000000e+00  1.50000000e-01  1.48148160e-12  1.41463756e+00  1.77142126e+00  9.23131756e-01  1.83950283e+00  3.27791039e+01  1.36187066e+00  5.84958458e+00 
 1.60000000e-01  1.48000000e+00  1.60000000e-01  1.48148160e-12  1.41463756e+00  1.77142126e+00  9.23131756e-01  1.83950283e+00  3.27791039e+01  1.36187066e+00  5.84958458e+00 
 1.70000000e-01  1.48000000e+00  1.70000000e-01  1.48148160e-12  1.41463756e+00  1.77142126e+00  9.23131756e-01  1.83950283e+00  3.27791039e+01  1.36187066e+00  5.84958458e+00 
 1.80000000e-01  1.48000000e+00  1.80000000e-01  1.48148160e-12  1.41463756e+00  1.77142126e+00  9.23131756e-01  1.83950283e+00  3.27791039e+01  1.36187066e+00  5.84958458e+00 
 1.90000000e-01  1.48000000e+00  1.90000000e-01  1.48148160e-12  1.41463756e+00  1.77142126e+00  9.23131756e-01  1.83950283e+00  3.27791039e+01  1.36187066e+00  5.84958458e+00 
 2.00000000e-01  1.48000000e+00  2.00000000e-01  1.48148160e-12  1.41463756e+00  1.77142126e+00  9.23131756e-01  1.83950283e+00  3.27791039e+01  1.36187066e+00  5.84958458e+00 
 2.10000000e-01  1.48000000e+00  2.10000000e-01  1.48148160e-12  1.41463756e+00  1.77142126e+00  9.23131756e-01  1.83950283e+00  3.27791039e+01  1.36187066e+00  5.84958458e+00 
 2.20000000e-01  1.48000000e+00  2.20000000e-01  1.48148160e-12  1.41463756e+00  1.77142126e+00  9.23131756e-01  1.83950283e+00  3.27791039e+01  1.36187066e+00  5.84958458e+00 
 2.30000000e-01  1.48000000e+00  2.30000000e-01  1.48148160e-12  1.41463756e+00  1.77142126e+00  9.23131756e-01  1.83950283e+00  3.27791039e+01  1.36187066e+00  5.84958458e+00 
 2.40000000e-01  1.48000000e+00  2.40000000e-01  1.48148160e-12  1.41463756e+00  1.77142126e+00  9.23131756e-01  1.83950283e+00  3.27791039e+01  1.36187066e+00  5.84958458e+00 
 2.50000000e-01  1.48000000e+00  2.50000000e-01  1.48148160e-12  1.41463756e+00  1.77142126e+00  9.23131756e-01  1.83950283e+00  3.27791039e+01  1.36187066e+00  5.84958458e+00 
 2.60000000e-01  1.48000000e+00  2.60000000e-01  1.48148160e-12  1.41463756e+00  1.77142126e+00  9.23131756e-01  1.83950283e+00  3.27791039e+01  1.36187066e+00  5.84958458e+00 
 2.70000000e-01  1.48000000e+00  2.70000000e-01  1.48148160e-12  1.41463756e+00  1.77142126e+00  9.23131756e-01  1.83950283e+00  3.27791039e+01  1.36187066e+00  5.84958458e+00 
 2.80000000e-01  1.48000000e+00  2.80000000e-01  1.48148160e-12  1.41463756e+00  1.77142126e+00  9.23131756e-01  1.83950283e+00  3.27791039e+01  1.36187066e+00  5.84958458e+00 
 2.90000000e-01  1.48000000e+00  2.90000000e-01  1.48148160e-12  1.41463756e+00  1.77142126e+00  9.23131756e-01  1.83950283e+00  3.27791039e+01  1.36187066e+00  5.84958458e+00 
 3.00000000e-01  1.48000000e+00  3.00000000e-01  1.48148160e-12  1.41463756e+00  1.77142126e+00  9.23131756e-01  1.83950283e+00  3.27791039e+01  1.36187066e+00  5.84958458e+00 
 3.10000000e-01  1.48000000e+00  3.10000000e-01  1.48148160e-12  1.41463756e+00  1.77142126e+00  9.23131756e-01  1.83950283e+00  3.27791039e+01  1.36187066e+00  5.84958458e+00 
 3.20000000e-01  1.48000000e+00  3.20000000e-01  1.48148160e-12  1.41463756e+00  1.77142126e+00  9.23131756e-01  1.83950283e+00  3.27791039e+01  1.36187066e+00  5.84958458e+00 
 3.30000000e-01  1.48000000e+00  3.30000000e-01  1.48148160e-12  1.41463756e+00  1.77142126e+00  9.23131756e-01  1.83950283e+00  3.27791039e+01  1.36187066e+00  5.84958458e+00 
 3.40000000e-01  1.48000000e+00  3.40000000e-01  1.48148160e-12  1.41463756e+00  1.77142126e+00  9.23131756e-01  1.83950283e+00  3.27791039e+01  1.36187066e+00  5.84958458e+00 
 3.50000000e-01  1.48000000e+00  3.50000000e-01  1.48148160e-12  1.41463756e+00  1.77142126e+00  9.23131756e-01  1.83950283e+00  3.27791039e+01  1.36187066e+00  5.84958458e+00 
 3.60000000e-01  1.48000000e+00  3.60000000e-01  1.48148160e-12  1.41463756e+00  1.77142126e+00  9.23131756e-01  1.83950283e+00  3.27791039e+01  1.36187066e+00  5.84958458e+00 
 3.70000000e-01  1.48000000e+00  3.70000000e-01  1.48148160e-12  1.41463756e+00  1.77142126e+00  9.23131756e-01  1.83950283e+00  3.27791039e+01  1.36187066e+00  5.84958458e+00 
 3.80000000e-01  1.48000000e+00  3.80000000e-01  1.48148160e-12  1.41463756e+00  1.77142126e+00  9.23131756e-01  1.83950283e+00  3.27791039e+01  1.36187066e+00  5.84958458e+00 
 3.90000000e-01  1.48000000e+00  3.90000000e-01  1.48148160e-12  1.41463756e+00  1.77142126e+00  9.23131756e-01  1.83950283e+00  3.27791039e+01  1.36187066e+00  5.84958458e+00 
 4.00000000e-01  1.48000000e+00  4.00000000e-01  1.48148160e-12  1.41463756e+00  1.77142126e+00  9.23131756e-01  1.83950283e+00  3.27791039e+01  1.36187066e+00  5.84958458e+00 
 4.10000000e-01  1.48000000e+00  4.10000000e-01  1.48148160e-12  1.41463756e+00  1.77142126e+00  9.23131756e-01  1.83950283e+00  3.27791039e+01  1.36187066e+00  5.84958458e+00 
 4.20000000e-01  1.48000000e+00  4.20000000e-01  1.48148160e-12  1.41463756e+00  1.77142126e+00  9.23131756e-01  1.83950283e+00  3.27791039e+01  1.36187066e+00  5.84958458e+00 
 4.30000000e-01  1.48000000e+00  4.30000000e-01  1.48325796e-12  1.41463756e+00  1.77142126e+00  9.23131756e-01  1.83950283e+00  3.27791039e+01  1.36187066e+00  5.84958458e+00 
 4.40000000e-01  1.48000000e+00  4.40000000e-01  1.48325796e-12  1.41463756e+00  1.77142126e+00  9.23131756e-01  1.83950283e+00  3.27791039e+01  1.36187066e+00  5.84958458e+00 
 4.50000000e-01  1.48000000e+00  4.50000000e-01  1.48325796e-12  1.41463756e+00  1.77142126e+00  9.23131756e-01  1.83950283e+00  3.27791039e+01  1.36187066e+00  5.84958458e+00 
 4.60000000e-01  1.48000000e+00  4.60000000e-01  1.48503432e-12  1.41463756e+00  1.77142126e+00  9.23131756e-01  1.83950283e+00  3.27791039e+01  1.36187066e+00  5.84958458e+00 
 4.70000000e-01  1.48000000e+00  4.70000000e-01  1.49036339e-12  1.41463756e+00  1.77142126e+00  9.23131756e-01  1.83950283e+00  3.27791039e+01  1.36187066e+00  5.84958458e+00 
 4.80000000e-01  1.48000000e+00  4.80000000e-01  1.50102153e-12  1.41463756e+00  1.77142126e+00  9.23131756e-01  1.83950283e+00  3.27791039e+01  1.36187066e+00  5.84958458e+00 
 4.90000000e-01  1.48000000e+00  4.90000000e-01  1.53299595e-12  1.41463756e+00  1.77142126e+00  9.23131756e-01  1.83950283e+00  3.27791039e+01  1.36187066e+00  5.84958458e+00 
 5.00000000e-01  1.48000000e+00  5.00000000e-01  1.61293201e-12  1.41463756e+00  1.77142126e+00  9.23131756e-01  1.83950283e+00  3.27791039e+01  1.36187066e+00  5.84958458e+00 
 5.10000000e-01  1.48000000e+00  5.10000000e-01  1.82254212e-12  1.41463756e+00  1.77142126e+00  9.23131756e-01  1.83950283e+00  3.27791039e+01  1.36187066e+00  5.84958458e+00 
 5.20000000e-01  1.48000000e+00  5.20000000e-01  2.37321274e-12  1.41463756e+00  1.77142126e+00  9.23131756e-01  1.83950283e+00  3.27791039e+01  1.36187066e+00  5.84958458e+00 
 5.30000000e-01  1.48000000e+00  5.30000000e-01  3.79962728e-12  1.41463756e+00  1.77142126e+00  9.23131756e-01  1.83950283e+00  3.27791039e+01  1.36187066e+00  5.84958458e+00 
 5.40000000e-01  1.48000000e+00  5.40000000e-01  7.50688400e-12  1.41463756e+00  1.77142126e+00  9.23131756e-01  1.83950283e+00  3.27791039e+01  1.36187066e+00  5.84958458e+00 
 5.50000000e-01  1.48000000e+00  5.50000000e-01  1.70832237e-11  1.41463756e+00  1.77142126e+00  9.23131756e-01  1.83950283e+00  3.27791039e+01  1.36187066e+00  5.84958458e+00 
 5.60000000e-01  1.48000000e+00  5.60000000e-01  4.16395807e-11  1.41463756e+00  1.77142126e+00  9.23131756e-01  1.83950283e+00  3.27791039e+01  1.36187066e+00  5.84958458e+00 
 5.70000000e-01  1.48000000e+00  5.70000000e-01  1.03883124e-10  1.41463756e+00  1.77142126e+00  9.23131756e-01  1.83950283e+00  3.27791039e+01  1.36187066e+00  5.84958458e+00 
 5.80000000e-01  1.48000000e+00  5.80000000e-01  2.58850719e-10  1.41463756e+00  1.77142126e+00  9.23131756e-01  1.83950283e+00  3.27791039e+01  1.36187066e+00  5.84958458e+00 
 5.90000000e-01  1.48000000e+00  5.90000000e-01  6.34608810e-10  1.41463756e+00  1.77142126e+00  9.23131756e-01  1.83950283e+00  3.27791039e+01  1.36187066e+00  5.84958458e+00 
 6.00000000e-01  1.48000000e+00  6.00000000e-01  1.51210244e-09  1.41463756e+00  1.77142126e+00  9.23131756e-01  1.83950283e+00  3.27791039e+01  1.36187066e+00  5.84958458e+00 
 6.10000000e-01  1.48000000e+00  6.10000000e-01  3.46141782e-09  1.41463756e+00  1.77142126e+00  9.23131756e-01  1.83950283e+00  3.27791039e+01  1.36187066e+00  5.84958458e+00 
 6.20000000e-01  1.48000000e+00  6.20000000e-01  7.53681206e-09  1.41463756e+00  1.77142126e+00  9.23131756e-01  1.83950283e+00  3.27791039e+01  1.36187066e+00  5.84958458e+00 
 6.30000000e-01  1.48000000e+00  6.30000000e-01  1.55157380e-08  1.41463756e+00  1.77142126e+00  9.23131756e-01  1.83950283e+00  3.27791039e+01  1.36187066e+00  5.84958458e+00 
 6.40000000e-01  1.48000000e+00  6.40000000e-01  3.02006864e-08  1.41463756e+00  1.77142126e+00  9.23131756e-01  1.83950283e+00  3.27791039e+01  1.36187066e+00  5.84958458e+00 
 6.50000000e-01  1.48000000e+00  6.50000000e-01  5.59151765e-08  1.41463756e+00  1.77142126e+00  9.23131756e-01  1.83950283e+00  3.27791039e+01  1.36187066e+00  5.84958458e+00 
 6.60000000e-01  1.48000000e+00  6.60000000e-01  9.94399212e-08  1.41463756e+00  1.77142126e+00  9.23131756e-01  1.83950283e+00  3.27791039e+01  1.36187066e+00  5.84958458e+00 
 6.70000000e-01  1.48000000e+00  6.70000000e-01  1.71691321e-07  1.41463756e+00  1.77142126e+00  9.23131756e-01  1.83950283e+00  3.27791039e+01  1.36187066e+00  5.84958458e+00 
 6.80000000e-01  1.48000000e+00  6.80000000e-01  2.90532306e-07  1.41463756e+00  1.77142126e+00  9.23131756e-01  1.83950283e+00  3.27791039e+01  1.36187066e+00  5.84958458e+00 
 6.90000000e-01  1.48000000e+00  6.90000000e-01  4.85289160e-07  1.41463756e+00  1.77142126e+00  9.23131756e-01  1.83950283e+00  3.27791039e+01  1.36187066e+00  5.84958458e+00 
 7.00000000e-01  1.48000000e+00  7.00000000e-01  8.03616095e-07  1.41463756e+00  1.77142126e+00  9.23131756e-01  1.83950283e+00  3.27791039e+01  1.36187066e+00  5.84958458e+00 
 7.10000000e-01  1.48000000e+00  7.10000000e-01  1.32065274e-06  1.41463756e+00  1.77142126e+00  9.23131756e-01  1.83950283e+00  3.27791039e+01  1.36187066e+00  5.84958458e+00 
 7.20000000e-01  1.48000000e+00  7.20000000e-01  2.14794684e-06  1.41463756e+00  1.77142126e+00  9.23131756e-01  1.83950283e+00  3.27791039e+01  1.36187066e+00  5.84958458e+00 
 7.30000000e-01  1.48000000e+00  7.30000000e-01  3.43546857e-06  1.41463756e+00  1.77142126e+00  9.23131756e-01  1.83950283e+00  3.27791039e+01  1.36187066e+00  5.84958458e+00 
 7.40000000e-01  1.48000000e+00  7.40000000e-01  5.35854630e-06  1.41463756e+00  1.77142126e+00  9.23131756e-01  1.83950283e+00  3.27791039e+01  1.36187066e+00  5.84958458e+00 
 7.50000000e-01  1.48000000e+00  7.50000000e-01  8.08934197e-06  1.41463756e+00  1.77142126e+00  9.23131756e-01  1.83950283e+00  3.27791039e+01  1.36187066e+00  5.84958458e+00 
 7.60000000e-01  1.48000000e+00  7.60000000e-01  1.17660709e-05  1.41463756e+00  1.77142126e+00  9.23131756e-01  1.83950283e+00  3.27791039e+01  1.36187066e+00  5.84958458e+00 
 7.70000000e-01  1.48000000e+00  7.70000000e-01  1.64765446e-05  1.41463756e+00  1.77142126e+00  9.23131756e-01  1.83950283e+00  3.27791039e+01  1.36187066e+00  5.84958458e+00 
 7.80000000e-01  1.48000000e+00  7.80000000e-01  2.22606840e-05  1.41463756e+00  1.77142126e+00  9.23131756e-01  1.83950283e+00  3.27791039e+01  1.36187066e+00  5.84958458e+00 
 7.90000000e-01  1.48000000e+00  7.90000000e-01  2.91241504e-05  1.41463756e+00  1.77142126e+00  9.23131756e-01  1.83950283e+00  3.27791039e+01  1.36187066e+00  5.84958458e+00 
 8.00000000e-01  1.48000000e+00  8.00000000e-01  3.70532329e-05  1.41463756e+00  1.77142126e+00  9.23131756e-01  1.83950283e+00  3.27791039e+01  1.36187066e+00  5.84958458e+00 
 8.10000000e-01  1.48000000e+00  8.10000000e-01  4.60258395e-05  1.41463756e+00  1.77142126e+00  9.23131756e-01  1.83950283e+00  3.27791039e+01  1.36187066e+00  5.84958458e+00 
 8.20000000e-01  1.48000000e+00  8.20000000e-01  5.60178887e-05  1.41463756e+00  1.77142126e+00  9.23131756e-01  1.83950283e+00  3.27791039e+01  1.36187066e+00  5.84958458e+00 
 8.30000000e-01  1.48000000e+00  8.30000000e-01  6.70063069e-05  1.41463756e+00  1.77142126e+00  9.23131756e-01  1.83950283e+00  3.27791039e+01  1.36187066e+00  5.84958458e+00 
 8.40000000e-01  1.48000000e+00  8.40000000e-01  7.89700366e-05  1.41463756e+00  1.77142126e+00  9.23131756e-01  1.83950283e+00  3.27791039e+01  1.36187066e+00  5.84958458e+00 
 8.50000000e-01  1.48000000e+00  8.50000000e-01  9.18900668e-05  1.41463756e+00  1.77142126e+00  9.23131756e-01  1.83950283e+00  3.27791039e+01  1.36187066e+00  5.84958458e+00 
 8.60000000e-01  1.48000000e+00  8.60000000e-01  1.05749076e-04  1.41463756e+00  1.77142126e+00  9.23131756e-01  1.83950283e+00  3.27791039e+01  1.36187066e+00  5.84958458e+00 
 8.70000000e-01  1.48000000e+00  8.70000000e-01  1.20530982e-04  1.41463756e+00  1.77142126e+00  9.23131756e-01  1.83950283e+00  3.27791039e+01  1.36187066e+00  5.84958458e+00 
 8.80000000e-01  1.48000000e+00  8.80000000e-01  1.36220535e-04  1.41463756e+00  1.77142126e+00  9.23131756e-01  1.83950283e+00  3.27791039e+01  1.36187066e+00  5.84958458e+00 
 8.90000000e-01  1.48000000e+00  8.90000000e-01  1.52802986e-04  1.41463756e+00  1.77142126e+00  9.23131756e-01  1.83950283e+00  3.27791039e+01  1.36187066e+00  5.84958458e+00 
 9.00000000e-01  1.48000000e+00  9.00000000e-01  1.70263846e-04  1.41463756e+00  1.77142126e+00  9.23131756e-01  1.83950283e+00  3.27791039e+01  1.36187066e+00  5.84958458e+00 
 9.10000000e-01  1.48000000e+00  9.10000000e-01  1.88588713e-04  1.41463756e+00  1.77142126e+00  9.23131756e-01  1.83950283e+00  3.27791039e+01  1.36187066e+00  5.84958458e+00 
 9.20000000e-01  1.48000000e+00  9.20000000e-01  2.07763160e-04  1.41463756e+00  1.77142126e+00  9.23131756e-01  1.83950283e+00  3.27791039e+01  1.36187066e+00  5.84958458e+00 
 9.30000000e-01  1.48000000e+00  9.30000000e-01  2.27772665e-04  1.41463756e+00  1.77142126e+00  9.23131756e-01  1.83950283e+00  3.27791039e+01  1.36187066e+00  5.84958458e+00 
 9.40000000e-01  1.48000000e+00  9.40000000e-01  2.48602564e-04  1.41463756e+00  1.77142126e+00  9.23131756e-01  1.83950283e+00  3.27791039e+01  1.36187066e+00  5.84958458e+00 
 9.50000000e-01  1.48000000e+00  9.50000000e-01  2.70238042e-04  1.41463756e+00  1.77142126e+00  9.23131756e-01  1.83950283e+00  3.27791039e+01  1.36187066e+00  5.84958458e+00 
 9.60000000e-01  1.48000000e+00  9.60000000e-01  2.92664116e-04  1.41463756e+00  1.77142126e+00  9.23131756e-01  1.83950283e+00  3.27791039e+01  1.36187066e+00  5.84958458e+00 
 9.70000000e-01  1.48000000e+00  9.70000000e-01  3.15865642e-04  1.41463756e+00  1.77142126e+00  9.23131756e-01  1.83950283e+00  3.27791039e+01  1.36187066e+00  5.84958458e+00 
 9.80000000e-01  1.48000000e+00  9.80000000e-01  3.39827331e-04  1.41463756e+00  1.77142126e+00  9.23131756e-01  1.83950283e+00  3.27791039e+01  1.36187066e+00  5.84958458e+00 
 9.90000000e-01  1.48000000e+00  9.90000000e-01  3.64533766e-04  1.41463756e+00  1.77142126e+00  9.23131756e-01  1.83950283e+00  3.27791039e+01  1.36187066e+00  5.84958458e+00 
 1.00000000e+00  1.48000000e+00  1.00000000e+00  3.89969412e-04  1.41463756e+00  1.77142126e+00  9.23131756e-01  1.83950283e+00  3.27791039e+01  1.36187066e+00  5.84958458e+00 
 1.01000000e+00  1.48000000e+00  1.01000000e+00  4.16118635e-04  1.41463756e+00  1.77142126e+00  9.23131756e-01  1.83950283e+00  3.27791039e+01  1.36187066e+00  5.84958458e+00 
 1.02000000e+00  1.48000000e+00  1.02000000e+00  4.42965725e-04  1.41463756e+00  1.77142126e+00  9.23131756e-01  1.83950283e+00  3.27791039e+01  1.36187066e+00  5.84958458e+00 
 1.03000000e+00  1.48000000e+00  1.03000000e+00  4.70494907e-04  1.41463756e+00  1.77142126e+00  9.23131756e-01  1.83950283e+00  3.27791039e+01  1.36187066e+00  5.84958458e+00 
 1.04000000e+00  1.48000000e+00  1.04000000e+00  4.98690368e-04  1.41463756e+00  1.77142126e+00  9.23131756e-01  1.83950283e+00  3.27791039e+01  1.36187066e+00  5.84958458e+00 
 1.05000000e+00  1.48000000e+00  1.05000000e+00  5.27536264e-04  1.41463756e+00  1.77142126e+00  9.23131756e-01  1.83950283e+00  3.27791039e+01  1.36187066e+00  5.84958458e+00 
 1.06000000e+00  1.48000000e+00  1.06000000e+00  5.57016749e-04  1.41463756e+00  1.77142126e+00  9.23131756e-01  1.83950283e+00  3.27791039e+01  1.36187066e+00  5.84958458e+00 
 1.07000000e+00  1.48000000e+00  1.07000000e+00  5.87115983e-04  1.41463756e+00  1.77142126e+00  9.23131756e-01  1.83950283e+00  3.27791039e+01  1.36187066e+00  5.84958458e+00 
 1.08000000e+00  1.48000000e+00  1.08000000e+00  6.17818150e-04  1.41463756e+00  1.77142126e+00  9.23131756e-01  1.83950283e+00  3.27791039e+01  1.36187066e+00  5.84958458e+00 
 1.09000000e+00  1.48000000e+00  1.09000000e+00  6.49107474e-04  1.41463756e+00  1.77142126e+00  9.23131756e-01  1.83950283e+00  3.27791039e+01  1.36187066e+00  5.84958458e+00 
 1.10000000e+00  1.48000000e+00  1.10000000e+00  6.80968234e-04  1.41463756e+00  1.77142126e+00  9.23131756e-01  1.83950283e+00  3.27791039e+01  1.36187066e+00  5.84958458e+00 
 1.11000000e+00  1.48000000e+00  1.11000000e+00  7.13384775e-04  1.41463756e+00  1.77142126e+00  9.23131756e-01  1.83950283e+00  3.27791039e+01  1.36187066e+00  5.84958458e+00 
 1.12000000e+00  1.48000000e+00  1.12000000e+00  7.46341522e-04  1.41463756e+00  1.77142126e+00  9.23131756e-01  1.83950283e+00  3.27791039e+01  1.36187066e+00  5.84958458e+00 
 1.13000000e+00  1.48000000e+00  1.13000000e+00  7.79822994e-04  1.41463756e+00  1.77142126e+00  9.23131756e-01  1.83950283e+00  3.27791039e+01  1.36187066e+00  5.84958458e+00 
 1.14000000e+00  1.48000000e+00  1.14000000e+00  8.13813809e-04  1.41463756e+00  1.77142126e+00  9.23131756e-01  1.83950283e+00  3.27791039e+01  1.36187066e+00  5.84958458e+00 
 1.15000000e+00  1.48000000e+00  1.15000000e+00  8.48298704e-04  1.41463756e+00  1.77142126e+00  9.23131756e-01  1.83950283e+00  3.27791039e+01  1.36187066e+00  5.84958458e+00 
 1.16000000e+00  1.48000000e+00  1.16000000e+00  8.83262536e-04  1.41463756e+00  1.77142126e+00  9.23131756e-01  1.83950283e+00  3.27791039e+01  1.36187066e+00  5.84958458e+00 
 1.17000000e+00  1.48000000e+00  1.17000000e+00  9.18690297e-04  1.41463756e+00  1.77142126e+00  9.23131756e-01  1.83950283e+00  3.27791039e+01  1.36187066e+00  5.84958458e+00 
 1.18000000e+00  1.48000000e+00  1.18000000e+00  9.54567118e-04  1.41463756e+00  1.77142126e+00  9.23131756e-01  1.83950283e+00  3.27791039e+01  1.36187066e+00  5.84958458e+00 
 1.19000000e+00  1.48000000e+00  1.19000000e+00  9.90878281e-04  1.41463756e+00  1.77142126e+00  9.23131756e-01  1.83950283e+00  3.27791039e+01  1.36187066e+00  5.84958458e+00 
 1.20000000e+00  1.48000000e+00  1.20000000e+00  1.02760922e-03  1.41463756e+00  1.77142126e+00  9.23131756e-01  1.83950283e+00  3.27791039e+01  1.36187066e+00  5.84958458e+00 
 1.21000000e+00  1.48000000e+00  1.21000000e+00  1.06474555e-03  1.41463756e+00  1.77142126e+00  9.23131756e-01  1.83950283e+00  3.27791039e+01  1.36187066e+00  5.84958458e+00 
 1.22000000e+00  1.48000000e+00  1.22000000e+00  1.10227302e-03  1.41463756e+00  1.77142126e+00  9.23131756e-01  1.83950283e+00  3.27791039e+01  1.36187066e+00  5.84958458e+00 
 1.23000000e+00  1.48000000e+00  1.23000000e+00  1.14017758e-03  1.41463756e+00  1.77142126e+00  9.23131756e-01  1.83950283e+00  3.27791039e+01  1.36187066e+00  5.84958458e+00 
 1.24000000e+00  1.48000000e+00  1.24000000e+00  1.17844536e-03  1.41463756e+00  1.77142126e+00  9.23131756e-01  1.83950283e+00  3.27791039e+01  1.36187066e+00  5.84958458e+00 
 1.25000000e+00  1.48000000e+00  1.25000000e+00  1.21706266e-03  1.41463756e+00  1.77142126e+00  9.23131756e-01  1.83950283e+00  3.27791039e+01  1.36187066e+00  5.84958458e+00 
 1.26000000e+00  1.48000000e+00  1.26000000e+00  1.25601598e-03  1.41463756e+00  1.77142126e+00  9.23131756e-01  1.83950283e+00  3.27791039e+01  1.36187066e+00  5.84958458e+00 
 1.27000000e+00  1.48000000e+00  1.27000000e+00  1.29529199e-03  1.41463756e+00  1.77142126e+00  9.23131756e-01  1.83950283e+00  3.27791039e+01  1.36187066e+00  5.84958458e+00 
 1.28000000e+00  1.48000000e+00  1.28000000e+00  1.33487759e-03  1.41463756e+00  1.77142126e+00  9.23131756e-01  1.83950283e+00  3.27791039e+01  1.36187066e+00  5.84958458e+00 
 1.29000000e+00  1.48000000e+00  1.29000000e+00  1.37475983e-03  1.41463756e+00  1.77142126e+00  9.23131756e-01  1.83950283e+00  3.27791039e+01  1.36187066e+00  5.84958458e+00 
 1.30000000e+00  1.48000000e+00  1.30000000e+00  1.41492600e-03  1.41463756e+00  1.77142126e+00  9.23131756e-01  1.83950283e+00  3.27791039e+01  1.36187066e+00  5.84958458e+00 
 1.31000000e+00  1.48000000e+00  1.31000000e+00  1.45536356e-03  1.41463756e+00  1.77142126e+00  9.23131756e-01  1.83950283e+00  3.27791039e+01  1.36187066e+00  5.84958458e+00 
 1.32000000e+00  1.48000000e+00  1.32000000e+00  1.49606019e-03  1.41463756e+00  1.77142126e+00  9.23131756e-01  1.83950283e+00  3.27791039e+01  1.36187066e+00  5.84958458e+00 
 1.33000000e+00  1.48000000e+00  1.33000000e+00  1.53700377e-03  1.41463756e+00  1.77142126e+00  9.23131756e-01  1.83950283e+00  3.27791039e+01  1.36187066e+00  5.84958458e+00 
 1.34000000e+00  1.48000000e+00  1.34000000e+00  1.57818237e-03  1.41463756e+00  1.77142126e+00  9.23131756e-01  1.83950283e+00  3.27791039e+01  1.36187066e+00  5.84958458e+00 
 1.35000000e+00  1.48000000e+00  1.35000000e+00  1.61958427e-03  1.41463756e+00  1.77142126e+00  9.23131756e-01  1.83950283e+00  3.27791039e+01  1.36187066e+00  5.84958458e+00 
 1.36000000e+00  1.48000000e+00  1.36000000e+00  1.66119797e-03  1.41463756e+00  1.77142126e+00  9.23131756e-01  1.83950283e+00  3.27791039e+01  1.36187066e+00  5.84958458e+00 
 1.37000000e+00  1.48000000e+00  1.37000000e+00  1.70301215e-03  1.41463756e+00  1.77142126e+00  9.23131756e-01  1.83950283e+00  3.27791039e+01  1.36187066e+00  5.84958458e+00 
 1.38000000e+00  1.48000000e+00  1.38000000e+00  1.74501569e-03  1.41463756e+00  1.77142126e+00  9.23131756e-01  1.83950283e+00  3.27791039e+01  1.36187066e+00  5.84958458e+00 
 1.39000000e+00  1.48000000e+00  1.39000000e+00  1.78719770e-03  1.41463756e+00  1.77142126e+00  9.23131756e-01  1.83950283e+00  3.27791039e+01  1.36187066e+00  5.84958458e+00 
 1.40000000e+00  1.48000000e+00  1.40000000e+00  1.82954747e-03  1.41463756e+00  1.77142126e+00  9.23131756e-01  1.83950283e+00  3.27791039e+01  1.36187066e+00  5.84958458e+00 
 1.41000000e+00  1.48000000e+00  1.41000000e+00  1.87205449e-03  1.41463756e+00  1.77142126e+00  9.23131756e-01  1.83950283e+00  3.27791039e+01  1.36187066e+00  5.84958458e+00 
 1.42000000e+00  1.48000000e+00  1.42000000e+00  1.91470844e-03  1.41463756e+00  1.77142126e+00  9.23131756e-01  1.83950283e+00  3.27791039e+01  1.36187066e+00  5.84958458e+00 
 1.43000000e+00  1.48000000e+00  1.43000000e+00  1.95749923e-03  1.41463756e+00  1.77142126e+00  9.23131756e-01  1.83950283e+00  3.27791039e+01  1.36187066e+00  5.84958458e+00 
 1.44000000e+00  1.48000000e+00  1.44000000e+00  2.00041692e-03  1.41463756e+00  1.77142126e+00  9.23131756e-01  1.83950283e+00  3.27791039e+01  1.36187066e+00  5.84958458e+00 
 1.45000000e+00  1.48000000e+00  1.45000000e+00  2.04345181e-03  1.41463756e+00  1.77142126e+00  9.23131756e-01  1.83950283e+00  3.27791039e+01  1.36187066e+00  5.84958458e+00 
 1.46000000e+00  1.48000000e+00  1.46000000e+00  2.08659435e-03  1.41463756e+00  1.77142126e+00  9.23131756e-01  1.83950283e+00  3.27791039e+01  1.36187066e+00  5.84958458e+00 
 1.47000000e+00  1.48000000e+00  1.47000000e+00  2.12983520e-03  1.41463756e+00  1.77142126e+00  9.23131756e-01  1.83950283e+00  3.27791039e+01  1.36187066e+00  5.84958458e+00 
 1.48000000e+00  1.48000000e+00  1.48000000e+00  2.17316520e-03  1.41463756e+00  1.77142126e+00  9.23131756e-01  1.83950283e+00  3.27791039e+01  1.36187066e+00  5.84958458e+00 
 1.49000000e+00  1.48000000e+00  1.49000000e+00  2.21657538e-03  1.41463756e+00  1.77142126e+00  9.23131756e-01  1.83950283e+00  3.27791039e+01  1.36187066e+00  5.84958458e+00 
 1.50000000e+00  1.48000000e+00  1.50000000e+00  2.26005696e-03  1.41463756e+00  1.77142126e+00  9.23131756e-01  1.83950283e+00  3.27791039e+01  1.36187066e+00  5.84958458e+00 
 1.51000000e+00  1.48000000e+00  1.51000000e+00  2.30360131e-03  1.41463756e+00  1.77142126e+00  9.23131756e-01  1.83950283e+00  3.27791039e+01  1.36187066e+00  5.84958458e+00 
 1.52000000e+00  1.48000000e+00  1.52000000e+00  2.34720000e-03  1.41463756e+00  1.77142126e+00  9.23131756e-01  1.83950283e+00  3.27791039e+01  1.36187066e+00  5.84958458e+00 
 1.53000000e+00  1.48000000e+00  1.53000000e+00  2.39084478e-03  1.41463756e+00  1.77142126e+00  9.23131756e-01  1.83950283e+00  3.27791039e+01  1.36187066e+00  5.84958458e+00 
 1.54000000e+00  1.48000000e+00  1.54000000e+00  2.43452754e-03  1.41463756e+00  1.77142126e+00  9.23131756e-01  1.83950283e+00  3.27791039e+01  1.36187066e+00  5.84958458e+00 
 1.55000000e+00  1.48000000e+00  1.55000000e+00  2.47824037e-03  1.41463756e+00  1.77142126e+00  9.23131756e-01  1.83950283e+00  3.27791039e+01  1.36187066e+00  5.84958458e+00 
 1.56000000e+00  1.48000000e+00  1.56000000e+00  2.52197551e-03  1.41463756e+00  1.77142126e+00  9.23131756e-01  1.83950283e+00  3.27791039e+01  1.36187066e+00  5.84958458e+00 
 1.57000000e+00  1.48000000e+00  1.57000000e+00  2.56572537e-03  1.41463756e+00  1.77142126e+00  9.23131756e-01  1.83950283e+00  3.27791039e+01  1.36187066e+00  5.84958458e+00 
 1.58000000e+00  1.48000000e+00  1.58000000e+00  2.60948252e-03  1.41463756e+00  1.77142126e+00  9.23131756e-01  1.83950283e+00  3.27791039e+01  1.36187066e+00  5.84958458e+00 
 1.59000000e+00  1.48000000e+00  1.59000000e+00  2.65323966e-03  1.41463756e+00  1.77142126e+00  9.23131756e-01  1.83950283e+00  3.27791039e+01  1.36187066e+00  5.84958458e+00 
 1.60000000e+00  1.48000000e+00  1.60000000e+00  2.69698968e-03  1.41463756e+00  1.77142126e+00  9.23131756e-01  1.83950283e+00  3.27791039e+01  1.36187066e+00  5.84958458e+00 
 1.61000000e+00  1.48000000e+00  1.61000000e+00  2.74072561e-03  1.41463756e+00  1.77142126e+00  9.23131756e-01  1.83950283e+00  3.27791039e+01  1.36187066e+00  5.84958458e+00 
 1.62000000e+00  1.48000000e+00  1.62000000e+00  2.78444061e-03  1.41463756e+00  1.77142126e+00  9.23131756e-01  1.83950283e+00  3.27791039e+01  1.36187066e+00  5.84958458e+00 
 1.63000000e+00  1.48000000e+00  1.63000000e+00  2.82812801e-03  1.41463756e+00  1.77142126e+00  9.23131756e-01  1.83950283e+00  3.27791039e+01  1.36187066e+00  5.84958458e+00 
 1.64000000e+00  1.48000000e+00  1.64000000e+00  2.87178127e-03  1.41463756e+00  1.77142126e+00  9.23131756e-01  1.83950283e+00  3.27791039e+01  1.36187066e+00  5.84958458e+00 
 1.65000000e+00  1.48000000e+00  1.65000000e+00  2.91539397e-03  1.41463756e+00  1.77142126e+00  9.23131756e-01  1.83950283e+00  3.27791039e+01  1.36187066e+00  5.84958458e+00 
 1.66000000e+00  1.48000000e+00  1.66000000e+00  2.95895985e-03  1.41463756e+00  1.77142126e+00  9.23131756e-01  1.83950283e+00  3.27791039e+01  1.36187066e+00  5.84958458e+00 
 1.67000000e+00  1.48000000e+00  1.67000000e+00  3.00247278e-03  1.41463756e+00  1.77142126e+00  9.23131756e-01  1.83950283e+00  3.27791039e+01  1.36187066e+00  5.84958458e+00 
 1.68000000e+00  1.48000000e+00  1.68000000e+00  3.04592676e-03  1.41463756e+00  1.77142126e+00  9.23131756e-01  1.83950283e+00  3.27791039e+01  1.36187066e+00  5.84958458e+00 
 1.69000000e+00  1.48000000e+00  1.69000000e+00  3.08931589e-03  1.41463756e+00  1.77142126e+00  9.23131756e-01  1.83950283e+00  3.27791039e+01  1.36187066e+00  5.84958458e+00 
 1.70000000e+00  1.48000000e+00  1.70000000e+00  3.13263443e-03  1.41463756e+00  1.77142126e+00  9.23131756e-01  1.83950283e+00  3.27791039e+01  1.36187066e+00  5.84958458e+00 
 1.71000000e+00  1.48000000e+00  1.71000000e+00  3.17587674e-03  1.41463756e+00  1.77142126e+00  9.23131756e-01  1.83950283e+00  3.27791039e+01  1.36187066e+00  5.84958458e+00 
 1.72000000e+00  1.48000000e+00  1.72000000e+00  3.21903730e-03  1.41463756e+00  1.77142126e+00  9.23131756e-01  1.83950283e+00  3.27791039e+01  1.36187066e+00  5.84958458e+00 
 1.73000000e+00  1.48000000e+00  1.73000000e+00  3.26211071e-03  1.41463756e+00  1.77142126e+00  9.23131756e-01  1.83950283e+00  3.27791039e+01  1.36187066e+00  5.84958458e+00 
 1.74000000e+00  1.48000000e+00  1.74000000e+00  3.30509167e-03  1.41463756e+00  1.77142126e+00  9.23131756e-01  1.83950283e+00  3.27791039e+01  1.36187066e+00  5.84958458e+00 
 1.75000000e+00  1.48000000e+00  1.75000000e+00  3.34797499e-03  1.41463756e+00  1.77142126e+00  9.23131756e-01  1.83950283e+00  3.27791039e+01  1.36187066e+00  5.84958458e+00 
 1.76000000e+00  1.48000000e+00  1.76000000e+00  3.39075561e-03  1.41463756e+00  1.77142126e+00  9.23131756e-01  1.83950283e+00  3.27791039e+01  1.36187066e+00  5.84958458e+00 
 1.77000000e+00  1.48000000e+00  1.77000000e+00  3.43342854e-03  1.41463756e+00  1.77142126e+00  9.23131756e-01  1.83950283e+00  3.27791039e+01  1.36187066e+00  5.84958458e+00 
 1.78000000e+00  1.48000000e+00  1.78000000e+00  3.47598891e-03  1.41463756e+00  1.77142126e+00  9.23131756e-01  1.83950283e+00  3.27791039e+01  1.36187066e+00  5.84958458e+00 
 1.79000000e+00  1.48000000e+00  1.79000000e+00  3.51843195e-03  1.41463756e+00  1.77142126e+00  9.23131756e-01  1.83950283e+00  3.27791039e+01  1.36187066e+00  5.84958458e+00 
 1.80000000e+00  1.48000000e+00  1.80000000e+00  3.56075297e-03  1.41463756e+00  1.77142126e+00  9.23131756e-01  1.83950283e+00  3.27791039e+01  1.36187066e+00  5.84958458e+00 
 1.81000000e+00  1.48000000e+00  1.81000000e+00  3.60294739e-03  1.41463756e+00  1.77142126e+00  9.23131756e-01  1.83950283e+00  3.27791039e+01  1.36187066e+00  5.84958458e+00 
 1.82000000e+00  1.48000000e+00  1.82000000e+00  3.64501069e-03  1.41463756e+00  1.77142126e+00  9.23131756e-01  1.83950283e+00  3.27791039e+01  1.36187066e+00  5.84958458e+00 
 1.83000000e+00  1.48000000e+00  1.83000000e+00  3.68693848e-03  1.41463756e+00  1.77142126e+00  9.23131756e-01  1.83950283e+00  3.27791039e+01  1.36187066e+00  5.84958458e+00 
 1.84000000e+00  1.48000000e+00  1.84000000e+00  3.72872642e-03  1.41463756e+00  1.77142126e+00  9.23131756e-01  1.83950283e+00  3.27791039e+01  1.36187066e+00  5.84958458e+00 
 1.85000000e+00  1.48000000e+00  1.85000000e+00  3.77037027e-03  1.41463756e+00  1.77142126e+00  9.23131756e-01  1.83950283e+00  3.27791039e+01  1.36187066e+00  5.84958458e+00 
