 0.00000000e+00  1.48000000e+00  0.00000000e+00  1.48148160e-12  1.24068422e+00  1.92210516e+00  9.99819648e-01  1.59138575e+00  3.50381184e+01  1.41016095e+00  5.82838869e+00 
 1.00000000e-02  1.48000000e+00  1.00000000e-02  1.48148160e-12  1.24068422e+00  1.92210516e+00  9.99819648e-01  1.59138575e+00  3.50381184e+01  1.41016095e+00  5.82838869e+00 
 2.00000000e-02  1.48000000e+00  2.00000000e-02  1.48148160e-12  1.24068422e+00  1.92210516e+00  9.99819648e-01  1.59138575e+00  3.50381184e+01  1.41016095e+00  5.82838869e+00 
 3.00000000e-02  1.48000000e+00  3.00000000e-02  1.48148160e-12  1.24068422e+00  1.92210516e+00  9.99819648e-01  1.59138575e+00  3.50381184e+01  1.41016095e+00  5.82838869e+00 
 4.00000000e-02  1.48000000e+00  4.00000000e-02  1.48148160e-12  1.24068422e+00  1.92210516e+00  9.99819648e-01  1.59138575e+00  3.50381184e+01  1.41016095e+00  5.82838869e+00 
 5.00000000e-02  1.48000000e+00  5.00000000e-02  1.48148160e-12  1.24068422e+00  1.92210516e+00  9.99819648e-01  1.59138575e+00  3.50381184e+01  1.41016095e+00  5.82838869e+00 
 6.00000000e-02  1.48000000e+00  6.00000000e-02  1.48148160e-12  1.24068422e+00  1.92210516e+00  9.99819648e-01  1.59138575e+00  3.50381184e+01  1.41016095e+00  5.82838869e+00 
 7.00000000e-02  1.48000000e+00  7.00000000e-02  1.48148160e-12  1.24068422e+00  1.92210516e+00  9.99819648e-01  1.59138575e+00  3.50381184e+01  1.41016095e+00  5.82838869e+00 
 8.00000000e-02  1.48000000e+00  8.00000000e-02  1.48148160e-12  1.24068422e+00  1.92210516e+00  9.99819648e-01  1.59138575e+00  3.50381184e+01  1.41016095e+00  5.82838869e+00 
 9.00000000e-02  1.48000000e+00  9.00000000e-02  1.48148160e-12  1.24068422e+00  1.92210516e+00  9.99819648e-01  1.59138575e+00  3.50381184e+01  1.41016095e+00  5.82838869e+00 
 1.00000000e-01  1.48000000e+00  1.00000000e-01  1.48148160e-12  1.24068422e+00  1.92210516e+00  9.99819648e-01  1.59138575e+00  3.50381184e+01  1.41016095e+00  5.82838869e+00 
 1.10000000e-01  1.48000000e+00  1.10000000e-01  1.48148160e-12  1.24068422e+00  1.92210516e+00  9.99819648e-01  1.59138575e+00  3.50381184e+01  1.41016095e+00  5.82838869e+00 
 1.20000000e-01  1.48000000e+00  1.20000000e-01  1.48148160e-12  1.24068422e+00  1.92210516e+00  9.99819648e-01  1.59138575e+00  3.50381184e+01  1.41016095e+00  5.82838869e+00 
 1.30000000e-01  1.48000000e+00  1.30000000e-01  1.48148160e-12  1.24068422e+00  1.92210516e+00  9.99819648e-01  1.59138575e+00  3.50381184e+01  1.41016095e+00  5.82838869e+00 
 1.40000000e-01  1.48000000e+00  1.40000000e-01  1.48148160e-12  1.24068422e+00  1.92210516e+00  9.99819648e-01  1.59138575e+00  3.50381184e+01  1.41016095e+00  5.82838869e+00 
 1.50000000e-01  1.48000000e+00  1.50000000e-01  1.48148160e-12  1.24068422e+00  1.92210516e+00  9.99819648e-01  1.59138575e+00  3.50381184e+01  1.41016095e+00  5.82838869e+00 
 1.60000000e-01  1.48000000e+00  1.60000000e-01  1.48148160e-12  1.24068422e+00  1.92210516e+00  9.99819648e-01  1.59138575e+00  3.50381184e+01  1.41016095e+00  5.82838869e+00 
 1.70000000e-01  1.48000000e+00  1.70000000e-01  1.48148160e-12  1.24068422e+00  1.92210516e+00  9.99819648e-01  1.59138575e+00  3.50381184e+01  1.41016095e+00  5.82838869e+00 
 1.80000000e-01  1.48000000e+00  1.80000000e-01  1.48148160e-12  1.24068422e+00  1.92210516e+00  9.99819648e-01  1.59138575e+00  3.50381184e+01  1.41016095e+00  5.82838869e+00 
 1.90000000e-01  1.48000000e+00  1.90000000e-01  1.48148160e-12  1.24068422e+00  1.92210516e+00  9.99819648e-01  1.59138575e+00  3.50381184e+01  1.41016095e+00  5.82838869e+00 
 2.00000000e-01  1.48000000e+00  2.00000000e-01  1.48148160e-12  1.24068422e+00  1.92210516e+00  9.99819648e-01  1.59138575e+00  3.50381184e+01  1.41016095e+00  5.82838869e+00 
 2.10000000e-01  1.48000000e+00  2.10000000e-01  1.48148160e-12  1.24068422e+00  1.92210516e+00  9.99819648e-01  1.59138575e+00  3.50381184e+01  1.41016095e+00  5.82838869e+00 
 2.20000000e-01  1.48000000e+00  2.20000000e-01  1.48148160e-12  1.24068422e+00  1.92210516e+00  9.99819648e-01  1.59138575e+00  3.50381184e+01  1.41016095e+00  5.82838869e+00 
 2.30000000e-01  1.48000000e+00  2.30000000e-01  1.48148160e-12  1.24068422e+00  1.92210516e+00  9.99819648e-01  1.59138575e+00  3.50381184e+01  1.41016095e+00  5.82838869e+00 
 2.40000000e-01  1.48000000e+00  2.40000000e-01  1.48148160e-12  1.24068422e+00  1.92210516e+00  9.99819648e-01  1.59138575e+00  3.50381184e+01  1.41016095e+00  5.82838869e+00 
 2.50000000e-01  1.48000000e+00  2.50000000e-01  1.48148160e-12  1.24068422e+00  1.92210516e+00  9.99819648e-01  1.59138575e+00  3.50381184e+01  1.41016095e+00  5.82838869e+00 
 2.60000000e-01  1.48000000e+00  2.60000000e-01  1.48148160e-12  1.24068422e+00  1.92210516e+00  9.99819648e-01  1.59138575e+00  3.50381184e+01  1.41016095e+00  5.82838869e+00 
 2.70000000e-01  1.48000000e+00  2.70000000e-01  1.48148160e-12  1.24068422e+00  1.92210516e+00  9.99819648e-01  1.59138575e+00  3.50381184e+01  1.41016095e+00  5.82838869e+00 
 2.80000000e-01  1.48000000e+00  2.80000000e-01  1.48148160e-12  1.24068422e+00  1.92210516e+00  9.99819648e-01  1.59138575e+00  3.50381184e+01  1.41016095e+00  5.82838869e+00 
 2.90000000e-01  1.48000000e+00  2.90000000e-01  1.48148160e-12  1.24068422e+00  1.92210516e+00  9.99819648e-01  1.59138575e+00  3.50381184e+01  1.41016095e+00  5.82838869e+00 
 3.00000000e-01  1.48000000e+00  3.00000000e-01  1.48148160e-12  1.24068422e+00  1.92210516e+00  9.99819648e-01  1.59138575e+00  3.50381184e+01  1.41016095e+00  5.82838869e+00 
 3.10000000e-01  1.48000000e+00  3.10000000e-01  1.48148160e-12  1.24068422e+00  1.92210516e+00  9.99819648e-01  1.59138575e+00  3.50381184e+01  1.41016095e+00  5.82838869e+00 
 3.20000000e-01  1.48000000e+00  3.20000000e-01  1.48148160e-12  1.24068422e+00  1.92210516e+00  9.99819648e-01  1.59138575e+00  3.50381184e+01  1.41016095e+00  5.82838869e+00 
 3.30000000e-01  1.48000000e+00  3.30000000e-01  1.48148160e-12  1.24068422e+00  1.92210516e+00  9.99819648e-01  1.59138575e+00  3.50381184e+01  1.41016095e+00  5.82838869e+00 
 3.40000000e-01  1.48000000e+00  3.40000000e-01  1.48148160e-12  1.24068422e+00  1.92210516e+00  9.99819648e-01  1.59138575e+00  3.50381184e+01  1.41016095e+00  5.82838869e+00 
 3.50000000e-01  1.48000000e+00  3.50000000e-01  1.48148160e-12  1.24068422e+00  1.92210516e+00  9.99819648e-01  1.59138575e+00  3.50381184e+01  1.41016095e+00  5.82838869e+00 
 3.60000000e-01  1.48000000e+00  3.60000000e-01  1.48148160e-12  1.24068422e+00  1.92210516e+00  9.99819648e-01  1.59138575e+00  3.50381184e+01  1.41016095e+00  5.82838869e+00 
 3.70000000e-01  1.48000000e+00  3.70000000e-01  1.48148160e-12  1.24068422e+00  1.92210516e+00  9.99819648e-01  1.59138575e+00  3.50381184e+01  1.41016095e+00  5.82838869e+00 
 3.80000000e-01  1.48000000e+00  3.80000000e-01  1.48148160e-12  1.24068422e+00  1.92210516e+00  9.99819648e-01  1.59138575e+00  3.50381184e+01  1.41016095e+00  5.82838869e+00 
 3.90000000e-01  1.48000000e+00  3.90000000e-01  1.48325796e-12  1.24068422e+00  1.92210516e+00  9.99819648e-01  1.59138575e+00  3.50381184e+01  1.41016095e+00  5.82838869e+00 
 4.00000000e-01  1.48000000e+00  4.00000000e-01  1.48148160e-12  1.24068422e+00  1.92210516e+00  9.99819648e-01  1.59138575e+00  3.50381184e+01  1.41016095e+00  5.82838869e+00 
 4.10000000e-01  1.48000000e+00  4.10000000e-01  1.48503432e-12  1.24068422e+00  1.92210516e+00  9.99819648e-01  1.59138575e+00  3.50381184e+01  1.41016095e+00  5.82838869e+00 
 4.20000000e-01  1.48000000e+00  4.20000000e-01  1.48858703e-12  1.24068422e+00  1.92210516e+00  9.99819648e-01  1.59138575e+00  3.50381184e+01  1.41016095e+00  5.82838869e+00 
 4.30000000e-01  1.48000000e+00  4.30000000e-01  1.49569246e-12  1.24068422e+00  1.92210516e+00  9.99819648e-01  1.59138575e+00  3.50381184e+01  1.41016095e+00  5.82838869e+00 
 4.40000000e-01  1.48000000e+00  4.40000000e-01  1.51700874e-12  1.24068422e+00  1.92210516e+00  9.99819648e-01  1.59138575e+00  3.50381184e+01  1.41016095e+00  5.82838869e+00 
 4.50000000e-01  1.48000000e+00  4.50000000e-01  1.57740487e-12  1.24068422e+00  1.92210516e+00  9.99819648e-01  1.59138575e+00  3.50381184e+01  1.41016095e+00  5.82838869e+00 
 4.60000000e-01  1.48000000e+00  4.60000000e-01  1.73372428e-12  1.24068422e+00  1.92210516e+00  9.99819648e-01  1.59138575e+00  3.50381184e+01  1.41016095e+00  5.82838869e+00 
 4.70000000e-01  1.48000000e+00  4.70000000e-01  2.13873363e-12  1.24068422e+00  1.92210516e+00  9.99819648e-01  1.59138575e+00  3.50381184e+01  1.41016095e+00  5.82838869e+00 
 4.80000000e-01  1.48000000e+00  4.80000000e-01  3.20632410e-12  1.24068422e+00  1.92210516e+00  9.99819648e-01  1.59138575e+00  3.50381184e+01  1.41016095e+00  5.82838869e+00 
 4.90000000e-01  1.48000000e+00  4.90000000e-01  6.00586247e-12  1.24068422e+00  1.92210516e+00  9.99819648e-01  1.59138575e+00  3.50381184e+01  1.41016095e+00  5.82838869e+00 
 5.00000000e-01  1.48000000e+00  5.00000000e-01  1.33013600e-11  1.24068422e+00  1.92210516e+00  9.99819648e-01  1.59138575e+00  3.50381184e+01  1.41016095e+00  5.82838869e+00 
 5.10000000e-01  1.48000000e+00  5.10000000e-01  3.22089022e-11  1.24068422e+00  1.92210516e+00  9.99819648e-01  1.59138575e+00  3.50381184e+01  1.41016095e+00  5.82838869e+00 
 5.20000000e-01  1.48000000e+00  5.20000000e-01  8.06963385e-11  1.24068422e+00  1.92210516e+00  9.99819648e-01  1.59138575e+00  3.50381184e+01  1.41016095e+00  5.82838869e+00 
 5.30000000e-01  1.48000000e+00  5.30000000e-01  2.03078443e-10  1.24068422e+00  1.92210516e+00  9.99819648e-01  1.59138575e+00  3.50381184e+01  1.41016095e+00  5.82838869e+00 
 5.40000000e-01  1.48000000e+00  5.40000000e-01  5.04625675e-10  1.24068422e+00  1.92210516e+00  9.99819648e-01  1.59138575e+00  3.50381184e+01  1.41016095e+00  5.82838869e+00 
 5.50000000e-01  1.48000000e+00  5.50000000e-01  1.22223476e-09  1.24068422e+00  1.92210516e+00  9.99819648e-01  1.59138575e+00  3.50381184e+01  1.41016095e+00  5.82838869e+00 
 5.60000000e-01  1.48000000e+00  5.60000000e-01  2.85109536e-09  1.24068422e+00  1.92210516e+00  9.99819648e-01  1.59138575e+00  3.50381184e+01  1.41016095e+00  5.82838869e+00 
 5.70000000e-01  1.48000000e+00  5.70000000e-01  6.33610142e-09  1.24068422e+00  1.92210516e+00  9.99819648e-01  1.59138575e+00  3.50381184e+01  1.41016095e+00  5.82838869e+00 
 5.80000000e-01  1.48000000e+00  5.80000000e-01  1.33147697e-08  1.24068422e+00  1.92210516e+00  9.99819648e-01  1.59138575e+00  3.50381184e+01  1.41016095e+00  5.82838869e+00 
 5.90000000e-01  1.48000000e+00  5.90000000e-01  2.64133426e-08  1.24068422e+00  1.92210516e+00  9.99819648e-01  1.59138575e+00  3.50381184e+01  1.41016095e+00  5.82838869e+00 
 6.00000000e-01  1.48000000e+00  6.00000000e-01  4.97003185e-08  1.24068422e+00  1.92210516e+00  9.99819648e-01  1.59138575e+00  3.50381184e+01  1.41016095e+00  5.82838869e+00 
 6.10000000e-01  1.48000000e+00  6.10000000e-01  8.95366039e-08  1.24068422e+00  1.92210516e+00  9.99819648e-01  1.59138575e+00  3.50381184e+01  1.41016095e+00  5.82838869e+00 
 6.20000000e-01  1.48000000e+00  6.20000000e-01  1.56134433e-07  1.24068422e+00  1.92210516e+00  9.99819648e-01  1.59138575e+00  3.50381184e+01  1.41016095e+00  5.82838869e+00 
 6.30000000e-01  1.48000000e+00  6.30000000e-01  2.66212041e-07  1.24068422e+00  1.92210516e+00  9.99819648e-01  1.59138575e+00  3.50381184e+01  1.41016095e+00  5.82838869e+00 
 6.40000000e-01  1.48000000e+00  6.40000000e-01  4.47321119e-07  1.24068422e+00  1.92210516e+00  9.99819648e-01  1.59138575e+00  3.50381184e+01  1.41016095e+00  5.82838869e+00 
 6.50000000e-01  1.48000000e+00  6.50000000e-01  7.44607641e-07  1.24068422e+00  1.92210516e+00  9.99819648e-01  1.59138575e+00  3.50381184e+01  1.41016095e+00  5.82838869e+00 
 6.60000000e-01  1.48000000e+00  6.60000000e-01  1.23039389e-06  1.24068422e+00  1.92210516e+00  9.99819648e-01  1.59138575e+00  3.50381184e+01  1.41016095e+00  5.82838869e+00 
 6.70000000e-01  1.48000000e+00  6.70000000e-01  2.01494769e-06  1.24068422e+00  1.92210516e+00  9.99819648e-01  1.59138575e+00  3.50381184e+01  1.41016095e+00  5.82838869e+00 
 6.80000000e-01  1.48000000e+00  6.80000000e-01  3.25243729e-06  1.24068422e+00  1.92210516e+00  9.99819648e-01  1.59138575e+00  3.50381184e+01  1.41016095e+00  5.82838869e+00 
 6.90000000e-01  1.48000000e+00  6.90000000e-01  5.13240222e-06  1.24068422e+00  1.92210516e+00  9.99819648e-01  1.59138575e+00  3.50381184e+01  1.41016095e+00  5.82838869e+00 
 7.00000000e-01  1.48000000e+00  7.00000000e-01  7.85205402e-06  1.24068422e+00  1.92210516e+00  9.99819648e-01  1.59138575e+00  3.50381184e+01  1.41016095e+00  5.82838869e+00 
 7.10000000e-01  1.48000000e+00  7.10000000e-01  1.15799043e-05  1.24068422e+00  1.92210516e+00  9.99819648e-01  1.59138575e+00  3.50381184e+01  1.41016095e+00  5.82838869e+00 
 7.20000000e-01  1.48000000e+00  7.20000000e-01  1.64307400e-05  1.24068422e+00  1.92210516e+00  9.99819648e-01  1.59138575e+00  3.50381184e+01  1.41016095e+00  5.82838869e+00 
 7.30000000e-01  1.48000000e+00  7.30000000e-01  2.24625723e-05  1.24068422e+00  1.92210516e+00  9.99819648e-01  1.59138575e+00  3.50381184e+01  1.41016095e+00  5.82838869e+00 
 7.40000000e-01  1.48000000e+00  7.40000000e-01  2.96897736e-05  1.24068422e+00  1.92210516e+00  9.99819648e-01  1.59138575e+00  3.50381184e+01  1.41016095e+00  5.82838869e+00 
 7.50000000e-01  1.48000000e+00  7.50000000e-01  3.81004988e-05  1.24068422e+00  1.92210516e+00  9.99819648e-01  1.59138575e+00  3.50381184e+01  1.41016095e+00  5.82838869e+00 
 7.60000000e-01  1.48000000e+00  7.60000000e-01  4.76706621e-05  1.24068422e+00  1.92210516e+00  9.99819648e-01  1.59138575e+00  3.50381184e+01  1.41016095e+00  5.82838869e+00 
 7.70000000e-01  1.48000000e+00  7.70000000e-01  5.83725184e-05  1.24068422e+00  1.92210516e+00  9.99819648e-01  1.59138575e+00  3.50381184e+01  1.41016095e+00  5.82838869e+00 
 7.80000000e-01  1.48000000e+00  7.80000000e-01  7.01789079e-05  1.24068422e+00  1.92210516e+00  9.99819648e-01  1.59138575e+00  3.50381184e+01  1.41016095e+00  5.82838869e+00 
 7.90000000e-01  1.48000000e+00  7.90000000e-01  8.30648396e-05  1.24068422e+00  1.92210516e+00  9.99819648e-01  1.59138575e+00  3.50381184e+01  1.41016095e+00  5.82838869e+00 
 8.00000000e-01  1.48000000e+00  8.00000000e-01  9.70077149e-05  1.24068422e+00  1.92210516e+00  9.99819648e-01  1.59138575e+00  3.50381184e+01  1.41016095e+00  5.82838869e+00 
 8.10000000e-01  1.48000000e+00  8.10000000e-01  1.11986982e-04  1.24068422e+00  1.92210516e+00  9.99819648e-01  1.59138575e+00  3.50381184e+01  1.41016095e+00  5.82838869e+00 
 8.20000000e-01  1.48000000e+00  8.20000000e-01  1.27983629e-04  1.24068422e+00  1.92210516e+00  9.99819648e-01  1.59138575e+00  3.50381184e+01  1.41016095e+00  5.82838869e+00 
 8.30000000e-01  1.48000000e+00  8.30000000e-01  1.44979703e-04  1.24068422e+00  1.92210516e+00  9.99819648e-01  1.59138575e+00  3.50381184e+01  1.41016095e+00  5.82838869e+00 
 8.40000000e-01  1.48000000e+00  8.40000000e-01  1.62957916e-04  1.24068422e+00  1.92210516e+00  9.99819648e-01  1.59138575e+00  3.50381184e+01  1.41016095e+00  5.82838869e+00 
 8.50000000e-01  1.48000000e+00  8.50000000e-01  1.81901348e-04  1.24068422e+00  1.92210516e+00  9.99819648e-01  1.59138575e+00  3.50381184e+01  1.41016095e+00  5.82838869e+00 
 8.60000000e-01  1.48000000e+00  8.60000000e-01  2.01793241e-04  1.24068422e+00  1.92210516e+00  9.99819648e-01  1.59138575e+00  3.50381184e+01  1.41016095e+00  5.82838869e+00 
 8.70000000e-01  1.48000000e+00  8.70000000e-01  2.22616860e-04  1.24068422e+00  1.92210516e+00  9.99819648e-01  1.59138575e+00  3.50381184e+01  1.41016095e+00  5.82838869e+00 
 8.80000000e-01  1.48000000e+00  8.80000000e-01  2.44355404e-04  1.24068422e+00  1.92210516e+00  9.99819648e-01  1.59138575e+00  3.50381184e+01  1.41016095e+00  5.82838869e+00 
 8.90000000e-01  1.48000000e+00  8.90000000e-01  2.66991958e-04  1.24068422e+00  1.92210516e+00  9.99819648e-01  1.59138575e+00  3.50381184e+01  1.41016095e+00  5.82838869e+00 
 9.00000000e-01  1.48000000e+00  9.00000000e-01  2.90509467e-04  1.24068422e+00  1.92210516e+00  9.99819648e-01  1.59138575e+00  3.50381184e+01  1.41016095e+00  5.82838869e+00 
 9.10000000e-01  1.48000000e+00  9.10000000e-01  3.14890729e-04  1.24068422e+00  1.92210516e+00  9.99819648e-01  1.59138575e+00  3.50381184e+01  1.41016095e+00  5.82838869e+00 
 9.20000000e-01  1.48000000e+00  9.20000000e-01  3.40118401e-04  1.24068422e+00  1.92210516e+00  9.99819648e-01  1.59138575e+00  3.50381184e+01  1.41016095e+00  5.82838869e+00 
 9.30000000e-01  1.48000000e+00  9.30000000e-01  3.66175008e-04  1.24068422e+00  1.92210516e+00  9.99819648e-01  1.59138575e+00  3.50381184e+01  1.41016095e+00  5.82838869e+00 
 9.40000000e-01  1.48000000e+00  9.40000000e-01  3.93042961e-04  1.24068422e+00  1.92210516e+00  9.99819648e-01  1.59138575e+00  3.50381184e+01  1.41016095e+00  5.82838869e+00 
 9.50000000e-01  1.48000000e+00  9.50000000e-01  4.20704577e-04  1.24068422e+00  1.92210516e+00  9.99819648e-01  1.59138575e+00  3.50381184e+01  1.41016095e+00  5.82838869e+00 
 9.60000000e-01  1.48000000e+00  9.60000000e-01  4.49142097e-04  1.24068422e+00  1.92210516e+00  9.99819648e-01  1.59138575e+00  3.50381184e+01  1.41016095e+00  5.82838869e+00 
 9.70000000e-01  1.48000000e+00  9.70000000e-01  4.78337701e-04  1.24068422e+00  1.92210516e+00  9.99819648e-01  1.59138575e+00  3.50381184e+01  1.41016095e+00  5.82838869e+00 
 9.80000000e-01  1.48000000e+00  9.80000000e-01  5.08273540e-04  1.24068422e+00  1.92210516e+00  9.99819648e-01  1.59138575e+00  3.50381184e+01  1.41016095e+00  5.82838869e+00 
 9.90000000e-01  1.48000000e+00  9.90000000e-01  5.38931758e-04  1.24068422e+00  1.92210516e+00  9.99819648e-01  1.59138575e+00  3.50381184e+01  1.41016095e+00  5.82838869e+00 
 1.00000000e+00  1.48000000e+00  1.00000000e+00  5.70294503e-04  1.24068422e+00  1.92210516e+00  9.99819648e-01  1.59138575e+00  3.50381184e+01  1.41016095e+00  5.82838869e+00 
 1.01000000e+00  1.48000000e+00  1.01000000e+00  6.02343954e-04  1.24068422e+00  1.92210516e+00  9.99819648e-01  1.59138575e+00  3.50381184e+01  1.41016095e+00  5.82838869e+00 
 1.02000000e+00  1.48000000e+00  1.02000000e+00  6.35062332e-04  1.24068422e+00  1.92210516e+00  9.99819648e-01  1.59138575e+00  3.50381184e+01  1.41016095e+00  5.82838869e+00 
 1.03000000e+00  1.48000000e+00  1.03000000e+00  6.68431922e-04  1.24068422e+00  1.92210516e+00  9.99819648e-01  1.59138575e+00  3.50381184e+01  1.41016095e+00  5.82838869e+00 
 1.04000000e+00  1.48000000e+00  1.04000000e+00  7.02435086e-04  1.24068422e+00  1.92210516e+00  9.99819648e-01  1.59138575e+00  3.50381184e+01  1.41016095e+00  5.82838869e+00 
 1.05000000e+00  1.48000000e+00  1.05000000e+00  7.37054282e-04  1.24068422e+00  1.92210516e+00  9.99819648e-01  1.59138575e+00  3.50381184e+01  1.41016095e+00  5.82838869e+00 
 1.06000000e+00  1.48000000e+00  1.06000000e+00  7.72272075e-04  1.24068422e+00  1.92210516e+00  9.99819648e-01  1.59138575e+00  3.50381184e+01  1.41016095e+00  5.82838869e+00 
 1.07000000e+00  1.48000000e+00  1.07000000e+00  8.08071153e-04  1.24068422e+00  1.92210516e+00  9.99819648e-01  1.59138575e+00  3.50381184e+01  1.41016095e+00  5.82838869e+00 
 1.08000000e+00  1.48000000e+00  1.08000000e+00  8.44434339e-04  1.24068422e+00  1.92210516e+00  9.99819648e-01  1.59138575e+00  3.50381184e+01  1.41016095e+00  5.82838869e+00 
 1.09000000e+00  1.48000000e+00  1.09000000e+00  8.81344600e-04  1.24068422e+00  1.92210516e+00  9.99819648e-01  1.59138575e+00  3.50381184e+01  1.41016095e+00  5.82838869e+00 
 1.10000000e+00  1.48000000e+00  1.10000000e+00  9.18785064e-04  1.24068422e+00  1.92210516e+00  9.99819648e-01  1.59138575e+00  3.50381184e+01  1.41016095e+00  5.82838869e+00 
 1.11000000e+00  1.48000000e+00  1.11000000e+00  9.56739023e-04  1.24068422e+00  1.92210516e+00  9.99819648e-01  1.59138575e+00  3.50381184e+01  1.41016095e+00  5.82838869e+00 
 1.12000000e+00  1.48000000e+00  1.12000000e+00  9.95189948e-04  1.24068422e+00  1.92210516e+00  9.99819648e-01  1.59138575e+00  3.50381184e+01  1.41016095e+00  5.82838869e+00 
 1.13000000e+00  1.48000000e+00  1.13000000e+00  1.03412149e-03  1.24068422e+00  1.92210516e+00  9.99819648e-01  1.59138575e+00  3.50381184e+01  1.41016095e+00  5.82838869e+00 
 1.14000000e+00  1.48000000e+00  1.14000000e+00  1.07351750e-03  1.24068422e+00  1.92210516e+00  9.99819648e-01  1.59138575e+00  3.50381184e+01  1.41016095e+00  5.82838869e+00 
 1.15000000e+00  1.48000000e+00  1.15000000e+00  1.11336203e-03  1.24068422e+00  1.92210516e+00  9.99819648e-01  1.59138575e+00  3.50381184e+01  1.41016095e+00  5.82838869e+00 
 1.16000000e+00  1.48000000e+00  1.16000000e+00  1.15363932e-03  1.24068422e+00  1.92210516e+00  9.99819648e-01  1.59138575e+00  3.50381184e+01  1.41016095e+00  5.82838869e+00 
 1.17000000e+00  1.48000000e+00  1.17000000e+00  1.19433384e-03  1.24068422e+00  1.92210516e+00  9.99819648e-01  1.59138575e+00  3.50381184e+01  1.41016095e+00  5.82838869e+00 
 1.18000000e+00  1.48000000e+00  1.18000000e+00  1.23543027e-03  1.24068422e+00  1.92210516e+00  9.99819648e-01  1.59138575e+00  3.50381184e+01  1.41016095e+00  5.82838869e+00 
 1.19000000e+00  1.48000000e+00  1.19000000e+00  1.27691351e-03  1.24068422e+00  1.92210516e+00  9.99819648e-01  1.59138575e+00  3.50381184e+01  1.41016095e+00  5.82838869e+00 
 1.20000000e+00  1.48000000e+00  1.20000000e+00  1.31876867e-03  1.24068422e+00  1.92210516e+00  9.99819648e-01  1.59138575e+00  3.50381184e+01  1.41016095e+00  5.82838869e+00 
 1.21000000e+00  1.48000000e+00  1.21000000e+00  1.36098112e-03  1.24068422e+00  1.92210516e+00  9.99819648e-01  1.59138575e+00  3.50381184e+01  1.41016095e+00  5.82838869e+00 
 1.22000000e+00  1.48000000e+00  1.22000000e+00  1.40353643e-03  1.24068422e+00  1.92210516e+00  9.99819648e-01  1.59138575e+00  3.50381184e+01  1.41016095e+00  5.82838869e+00 
 1.23000000e+00  1.48000000e+00  1.23000000e+00  1.44642042e-03  1.24068422e+00  1.92210516e+00  9.99819648e-01  1.59138575e+00  3.50381184e+01  1.41016095e+00  5.82838869e+00 
 1.24000000e+00  1.48000000e+00  1.24000000e+00  1.48961913e-03  1.24068422e+00  1.92210516e+00  9.99819648e-01  1.59138575e+00  3.50381184e+01  1.41016095e+00  5.82838869e+00 
 1.25000000e+00  1.48000000e+00  1.25000000e+00  1.53311884e-03  1.24068422e+00  1.92210516e+00  9.99819648e-01  1.59138575e+00  3.50381184e+01  1.41016095e+00  5.82838869e+00 
 1.26000000e+00  1.48000000e+00  1.26000000e+00  1.57690607e-03  1.24068422e+00  1.92210516e+00  9.99819648e-01  1.59138575e+00  3.50381184e+01  1.41016095e+00  5.82838869e+00 
 1.27000000e+00  1.48000000e+00  1.27000000e+00  1.62096757e-03  1.24068422e+00  1.92210516e+00  9.99819648e-01  1.59138575e+00  3.50381184e+01  1.41016095e+00  5.82838869e+00 
 1.28000000e+00  1.48000000e+00  1.28000000e+00  1.66529033e-03  1.24068422e+00  1.92210516e+00  9.99819648e-01  1.59138575e+00  3.50381184e+01  1.41016095e+00  5.82838869e+00 
 1.29000000e+00  1.48000000e+00  1.29000000e+00  1.70986157e-03  1.24068422e+00  1.92210516e+00  9.99819648e-01  1.59138575e+00  3.50381184e+01  1.41016095e+00  5.82838869e+00 
 1.30000000e+00  1.48000000e+00  1.30000000e+00  1.75466875e-03  1.24068422e+00  1.92210516e+00  9.99819648e-01  1.59138575e+00  3.50381184e+01  1.41016095e+00  5.82838869e+00 
 1.31000000e+00  1.48000000e+00  1.31000000e+00  1.79969957e-03  1.24068422e+00  1.92210516e+00  9.99819648e-01  1.59138575e+00  3.50381184e+01  1.41016095e+00  5.82838869e+00 
 1.32000000e+00  1.48000000e+00  1.32000000e+00  1.84494195e-03  1.24068422e+00  1.92210516e+00  9.99819648e-01  1.59138575e+00  3.50381184e+01  1.41016095e+00  5.82838869e+00 
 1.33000000e+00  1.48000000e+00  1.33000000e+00  1.89038405e-03  1.24068422e+00  1.92210516e+00  9.99819648e-01  1.59138575e+00  3.50381184e+01  1.41016095e+00  5.82838869e+00 
 1.34000000e+00  1.48000000e+00  1.34000000e+00  1.93601426e-03  1.24068422e+00  1.92210516e+00  9.99819648e-01  1.59138575e+00  3.50381184e+01  1.41016095e+00  5.82838869e+00 
 1.35000000e+00  1.48000000e+00  1.35000000e+00  1.98182119e-03  1.24068422e+00  1.92210516e+00  9.99819648e-01  1.59138575e+00  3.50381184e+01  1.41016095e+00  5.82838869e+00 
 1.36000000e+00  1.48000000e+00  1.36000000e+00  2.02779368e-03  1.24068422e+00  1.92210516e+00  9.99819648e-01  1.59138575e+00  3.50381184e+01  1.41016095e+00  5.82838869e+00 
 1.37000000e+00  1.48000000e+00  1.37000000e+00  2.07392080e-03  1.24068422e+00  1.92210516e+00  9.99819648e-01  1.59138575e+00  3.50381184e+01  1.41016095e+00  5.82838869e+00 
 1.38000000e+00  1.48000000e+00  1.38000000e+00  2.12019183e-03  1.24068422e+00  1.92210516e+00  9.99819648e-01  1.59138575e+00  3.50381184e+01  1.41016095e+00  5.82838869e+00 
 1.39000000e+00  1.48000000e+00  1.39000000e+00  2.16659628e-03  1.24068422e+00  1.92210516e+00  9.99819648e-01  1.59138575e+00  3.50381184e+01  1.41016095e+00  5.82838869e+00 
 1.40000000e+00  1.48000000e+00  1.40000000e+00  2.21312386e-03  1.24068422e+00  1.92210516e+00  9.99819648e-01  1.59138575e+00  3.50381184e+01  1.41016095e+00  5.82838869e+00 
 1.41000000e+00  1.48000000e+00  1.41000000e+00  2.25976451e-03  1.24068422e+00  1.92210516e+00  9.99819648e-01  1.59138575e+00  3.50381184e+01  1.41016095e+00  5.82838869e+00 
 1.42000000e+00  1.48000000e+00  1.42000000e+00  2.30650837e-03  1.24068422e+00  1.92210516e+00  9.99819648e-01  1.59138575e+00  3.50381184e+01  1.41016095e+00  5.82838869e+00 
 1.43000000e+00  1.48000000e+00  1.43000000e+00  2.35334579e-03  1.24068422e+00  1.92210516e+00  9.99819648e-01  1.59138575e+00  3.50381184e+01  1.41016095e+00  5.82838869e+00 
 1.44000000e+00  1.48000000e+00  1.44000000e+00  2.40026731e-03  1.24068422e+00  1.92210516e+00  9.99819648e-01  1.59138575e+00  3.50381184e+01  1.41016095e+00  5.82838869e+00 
 1.45000000e+00  1.48000000e+00  1.45000000e+00  2.44726368e-03  1.24068422e+00  1.92210516e+00  9.99819648e-01  1.59138575e+00  3.50381184e+01  1.41016095e+00  5.82838869e+00 
 1.46000000e+00  1.48000000e+00  1.46000000e+00  2.49432586e-03  1.24068422e+00  1.92210516e+00  9.99819648e-01  1.59138575e+00  3.50381184e+01  1.41016095e+00  5.82838869e+00 
 1.47000000e+00  1.48000000e+00  1.47000000e+00  2.54144498e-03  1.24068422e+00  1.92210516e+00  9.99819648e-01  1.59138575e+00  3.50381184e+01  1.41016095e+00  5.82838869e+00 
 1.48000000e+00  1.48000000e+00  1.48000000e+00  2.58861238e-03  1.24068422e+00  1.92210516e+00  9.99819648e-01  1.59138575e+00  3.50381184e+01  1.41016095e+00  5.82838869e+00 
 1.49000000e+00  1.48000000e+00  1.49000000e+00  2.63581957e-03  1.24068422e+00  1.92210516e+00  9.99819648e-01  1.59138575e+00  3.50381184e+01  1.41016095e+00  5.82838869e+00 
 1.50000000e+00  1.48000000e+00  1.50000000e+00  2.68305824e-03  1.24068422e+00  1.92210516e+00  9.99819648e-01  1.59138575e+00  3.50381184e+01  1.41016095e+00  5.82838869e+00 
 1.51000000e+00  1.48000000e+00  1.51000000e+00  2.73032028e-03  1.24068422e+00  1.92210516e+00  9.99819648e-01  1.59138575e+00  3.50381184e+01  1.41016095e+00  5.82838869e+00 
 1.52000000e+00  1.48000000e+00  1.52000000e+00  2.77759774e-03  1.24068422e+00  1.92210516e+00  9.99819648e-01  1.59138575e+00  3.50381184e+01  1.41016095e+00  5.82838869e+00 
 1.53000000e+00  1.48000000e+00  1.53000000e+00  2.82488284e-03  1.24068422e+00  1.92210516e+00  9.99819648e-01  1.59138575e+00  3.50381184e+01  1.41016095e+00  5.82838869e+00 
 1.54000000e+00  1.48000000e+00  1.54000000e+00  2.87216798e-03  1.24068422e+00  1.92210516e+00  9.99819648e-01  1.59138575e+00  3.50381184e+01  1.41016095e+00  5.82838869e+00 
 1.55000000e+00  1.48000000e+00  1.55000000e+00  2.91944571e-03  1.24068422e+00  1.92210516e+00  9.99819648e-01  1.59138575e+00  3.50381184e+01  1.41016095e+00  5.82838869e+00 
 1.56000000e+00  1.48000000e+00  1.56000000e+00  2.96670875e-03  1.24068422e+00  1.92210516e+00  9.99819648e-01  1.59138575e+00  3.50381184e+01  1.41016095e+00  5.82838869e+00 
 1.57000000e+00  1.48000000e+00  1.57000000e+00  3.01394998e-03  1.24068422e+00  1.92210516e+00  9.99819648e-01  1.59138575e+00  3.50381184e+01  1.41016095e+00  5.82838869e+00 
 1.58000000e+00  1.48000000e+00  1.58000000e+00  3.06116242e-03  1.24068422e+00  1.92210516e+00  9.99819648e-01  1.59138575e+00  3.50381184e+01  1.41016095e+00  5.82838869e+00 
 1.59000000e+00  1.48000000e+00  1.59000000e+00  3.10833926e-03  1.24068422e+00  1.92210516e+00  9.99819648e-01  1.59138575e+00  3.50381184e+01  1.41016095e+00  5.82838869e+00 
 1.60000000e+00  1.48000000e+00  1.60000000e+00  3.15547382e-03  1.24068422e+00  1.92210516e+00  9.99819648e-01  1.59138575e+00  3.50381184e+01  1.41016095e+00  5.82838869e+00 
 1.61000000e+00  1.48000000e+00  1.61000000e+00  3.20255957e-03  1.24068422e+00  1.92210516e+00  9.99819648e-01  1.59138575e+00  3.50381184e+01  1.41016095e+00  5.82838869e+00 
 1.62000000e+00  1.48000000e+00  1.62000000e+00  3.24959011e-03  1.24068422e+00  1.92210516e+00  9.99819648e-01  1.59138575e+00  3.50381184e+01  1.41016095e+00  5.82838869e+00 
 1.63000000e+00  1.48000000e+00  1.63000000e+00  3.29655920e-03  1.24068422e+00  1.92210516e+00  9.99819648e-01  1.59138575e+00  3.50381184e+01  1.41016095e+00  5.82838869e+00 
 1.64000000e+00  1.48000000e+00  1.64000000e+00  3.34346070e-03  1.24068422e+00  1.92210516e+00  9.99819648e-01  1.59138575e+00  3.50381184e+01  1.41016095e+00  5.82838869e+00 
 1.65000000e+00  1.48000000e+00  1.65000000e+00  3.39028863e-03  1.24068422e+00  1.92210516e+00  9.99819648e-01  1.59138575e+00  3.50381184e+01  1.41016095e+00  5.82838869e+00 
 1.66000000e+00  1.48000000e+00  1.66000000e+00  3.43703711e-03  1.24068422e+00  1.92210516e+00  9.99819648e-01  1.59138575e+00  3.50381184e+01  1.41016095e+00  5.82838869e+00 
 1.67000000e+00  1.48000000e+00  1.67000000e+00  3.48370040e-03  1.24068422e+00  1.92210516e+00  9.99819648e-01  1.59138575e+00  3.50381184e+01  1.41016095e+00  5.82838869e+00 
 1.68000000e+00  1.48000000e+00  1.68000000e+00  3.53027287e-03  1.24068422e+00  1.92210516e+00  9.99819648e-01  1.59138575e+00  3.50381184e+01  1.41016095e+00  5.82838869e+00 
 1.69000000e+00  1.48000000e+00  1.69000000e+00  3.57674901e-03  1.24068422e+00  1.92210516e+00  9.99819648e-01  1.59138575e+00  3.50381184e+01  1.41016095e+00  5.82838869e+00 
 1.70000000e+00  1.48000000e+00  1.70000000e+00  3.62312343e-03  1.24068422e+00  1.92210516e+00  9.99819648e-01  1.59138575e+00  3.50381184e+01  1.41016095e+00  5.82838869e+00 
 1.71000000e+00  1.48000000e+00  1.71000000e+00  3.66939082e-03  1.24068422e+00  1.92210516e+00  9.99819648e-01  1.59138575e+00  3.50381184e+01  1.41016095e+00  5.82838869e+00 
 1.72000000e+00  1.48000000e+00  1.72000000e+00  3.71554602e-03  1.24068422e+00  1.92210516e+00  9.99819648e-01  1.59138575e+00  3.50381184e+01  1.41016095e+00  5.82838869e+00 
 1.73000000e+00  1.48000000e+00  1.73000000e+00  3.76158394e-03  1.24068422e+00  1.92210516e+00  9.99819648e-01  1.59138575e+00  3.50381184e+01  1.41016095e+00  5.82838869e+00 
 1.74000000e+00  1.48000000e+00  1.74000000e+00  3.80749959e-03  1.24068422e+00  1.92210516e+00  9.99819648e-01  1.59138575e+00  3.50381184e+01  1.41016095e+00  5.82838869e+00 
 1.75000000e+00  1.48000000e+00  1.75000000e+00  3.85328811e-03  1.24068422e+00  1.92210516e+00  9.99819648e-01  1.59138575e+00  3.50381184e+01  1.41016095e+00  5.82838869e+00 
 1.76000000e+00  1.48000000e+00  1.76000000e+00  3.89894469e-03  1.24068422e+00  1.92210516e+00  9.99819648e-01  1.59138575e+00  3.50381184e+01  1.41016095e+00  5.82838869e+00 
 1.77000000e+00  1.48000000e+00  1.77000000e+00  3.94446465e-03  1.24068422e+00  1.92210516e+00  9.99819648e-01  1.59138575e+00  3.50381184e+01  1.41016095e+00  5.82838869e+00 
 1.78000000e+00  1.48000000e+00  1.78000000e+00  3.98984338e-03  1.24068422e+00  1.92210516e+00  9.99819648e-01  1.59138575e+00  3.50381184e+01  1.41016095e+00  5.82838869e+00 
 1.79000000e+00  1.48000000e+00  1.79000000e+00  4.03507634e-03  1.24068422e+00  1.92210516e+00  9.99819648e-01  1.59138575e+00  3.50381184e+01  1.41016095e+00  5.82838869e+00 
 1.80000000e+00  1.48000000e+00  1.80000000e+00  4.08015912e-03  1.24068422e+00  1.92210516e+00  9.99819648e-01  1.59138575e+00  3.50381184e+01  1.41016095e+00  5.82838869e+00 
 1.81000000e+00  1.48000000e+00  1.81000000e+00  4.12508734e-03  1.24068422e+00  1.92210516e+00  9.99819648e-01  1.59138575e+00  3.50381184e+01  1.41016095e+00  5.82838869e+00 
 1.82000000e+00  1.48000000e+00  1.82000000e+00  4.16985672e-03  1.24068422e+00  1.92210516e+00  9.99819648e-01  1.59138575e+00  3.50381184e+01  1.41016095e+00  5.82838869e+00 
 1.83000000e+00  1.48000000e+00  1.83000000e+00  4.21446307e-03  1.24068422e+00  1.92210516e+00  9.99819648e-01  1.59138575e+00  3.50381184e+01  1.41016095e+00  5.82838869e+00 
 1.84000000e+00  1.48000000e+00  1.84000000e+00  4.25890225e-03  1.24068422e+00  1.92210516e+00  9.99819648e-01  1.59138575e+00  3.50381184e+01  1.41016095e+00  5.82838869e+00 
 1.85000000e+00  1.48000000e+00  1.85000000e+00  4.30317020e-03  1.24068422e+00  1.92210516e+00  9.99819648e-01  1.59138575e+00  3.50381184e+01  1.41016095e+00  5.82838869e+00 
