 0.00000000e+00  1.48000000e+00  0.00000000e+00  1.48148160e-12  1.28898150e+00  1.72013863e+00  9.47677600e-01  1.74326839e+00  3.29728332e+01  1.39523557e+00  5.35591137e+00 
 1.00000000e-02  1.48000000e+00  1.00000000e-02  1.48148160e-12  1.28898150e+00  1.72013863e+00  9.47677600e-01  1.74326839e+00  3.29728332e+01  1.39523557e+00  5.35591137e+00 
 2.00000000e-02  1.48000000e+00  2.00000000e-02  1.48148160e-12  1.28898150e+00  1.72013863e+00  9.47677600e-01  1.74326839e+00  3.29728332e+01  1.39523557e+00  5.35591137e+00 
 3.00000000e-02  1.48000000e+00  3.00000000e-02  1.48148160e-12  1.28898150e+00  1.72013863e+00  9.47677600e-01  1.74326839e+00  3.29728332e+01  1.39523557e+00  5.35591137e+00 
 4.00000000e-02  1.48000000e+00  4.00000000e-02  1.48148160e-12  1.28898150e+00  1.72013863e+00  9.47677600e-01  1.74326839e+00  3.29728332e+01  1.39523557e+00  5.35591137e+00 
 5.00000000e-02  1.48000000e+00  5.00000000e-02  1.48148160e-12  1.28898150e+00  1.72013863e+00  9.47677600e-01  1.74326839e+00  3.29728332e+01  1.39523557e+00  5.35591137e+00 
 6.00000000e-02  1.48000000e+00  6.00000000e-02  1.48148160e-12  1.28898150e+00  1.72013863e+00  9.47677600e-01  1.74326839e+00  3.29728332e+01  1.39523557e+00  5.35591137e+00 
 7.00000000e-02  1.48000000e+00  7.00000000e-02  1.48148160e-12  1.28898150e+00  1.72013863e+00  9.47677600e-01  1.74326839e+00  3.29728332e+01  1.39523557e+00  5.35591137e+00 
 8.00000000e-02  1.48000000e+00  8.00000000e-02  1.48148160e-12  1.28898150e+00  1.72013863e+00  9.47677600e-01  1.74326839e+00  3.29728332e+01  1.39523557e+00  5.35591137e+00 
 9.00000000e-02  1.48000000e+00  9.00000000e-02  1.48148160e-12  1.28898150e+00  1.72013863e+00  9.47677600e-01  1.74326839e+00  3.29728332e+01  1.39523557e+00  5.35591137e+00 
 1.00000000e-01  1.48000000e+00  1.00000000e-01  1.48148160e-12  1.28898150e+00  1.72013863e+00  9.47677600e-01  1.74326839e+00  3.29728332e+01  1.39523557e+00  5.35591137e+00 
 1.10000000e-01  1.48000000e+00  1.10000000e-01  1.48148160e-12  1.28898150e+00  1.72013863e+00  9.47677600e-01  1.74326839e+00  3.29728332e+01  1.39523557e+00  5.35591137e+00 
 1.20000000e-01  1.48000000e+00  1.20000000e-01  1.48148160e-12  1.28898150e+00  1.72013863e+00  9.47677600e-01  1.74326839e+00  3.29728332e+01  1.39523557e+00  5.35591137e+00 
 1.30000000e-01  1.48000000e+00  1.30000000e-01  1.48148160e-12  1.28898150e+00  1.72013863e+00  9.47677600e-01  1.74326839e+00  3.29728332e+01  1.39523557e+00  5.35591137e+00 
 1.40000000e-01  1.48000000e+00  1.40000000e-01  1.48148160e-12  1.28898150e+00  1.72013863e+00  9.47677600e-01  1.74326839e+00  3.29728332e+01  1.39523557e+00  5.35591137e+00 
 1.50000000e-01  1.48000000e+00  1.50000000e-01  1.48148160e-12  1.28898150e+00  1.72013863e+00  9.47677600e-01  1.74326839e+00  3.29728332e+01  1.39523557e+00  5.35591137e+00 
 1.60000000e-01  1.48000000e+00  1.60000000e-01  1.48148160e-12  1.28898150e+00  1.72013863e+00  9.47677600e-01  1.74326839e+00  3.29728332e+01  1.39523557e+00  5.35591137e+00 
 1.70000000e-01  1.48000000e+00  1.70000000e-01  1.48148160e-12  1.28898150e+00  1.72013863e+00  9.47677600e-01  1.74326839e+00  3.29728332e+01  1.39523557e+00  5.35591137e+00 
 1.80000000e-01  1.48000000e+00  1.80000000e-01  1.48148160e-12  1.28898150e+00  1.72013863e+00  9.47677600e-01  1.74326839e+00  3.29728332e+01  1.39523557e+00  5.35591137e+00 
 1.90000000e-01  1.48000000e+00  1.90000000e-01  1.48148160e-12  1.28898150e+00  1.72013863e+00  9.47677600e-01  1.74326839e+00  3.29728332e+01  1.39523557e+00  5.35591137e+00 
 2.00000000e-01  1.48000000e+00  2.00000000e-01  1.48148160e-12  1.28898150e+00  1.72013863e+00  9.47677600e-01  1.74326839e+00  3.29728332e+01  1.39523557e+00  5.35591137e+00 
 2.10000000e-01  1.48000000e+00  2.10000000e-01  1.48148160e-12  1.28898150e+00  1.72013863e+00  9.47677600e-01  1.74326839e+00  3.29728332e+01  1.39523557e+00  5.35591137e+00 
 2.20000000e-01  1.48000000e+00  2.20000000e-01  1.48148160e-12  1.28898150e+00  1.72013863e+00  9.47677600e-01  1.74326839e+00  3.29728332e+01  1.39523557e+00  5.35591137e+00 
 2.30000000e-01  1.48000000e+00  2.30000000e-01  1.48148160e-12  1.28898150e+00  1.72013863e+00  9.47677600e-01  1.74326839e+00  3.29728332e+01  1.39523557e+00  5.35591137e+00 
 2.40000000e-01  1.48000000e+00  2.40000000e-01  1.48148160e-12  1.28898150e+00  1.72013863e+00  9.47677600e-01  1.74326839e+00  3.29728332e+01  1.39523557e+00  5.35591137e+00 
 2.50000000e-01  1.48000000e+00  2.50000000e-01  1.48148160e-12  1.28898150e+00  1.72013863e+00  9.47677600e-01  1.74326839e+00  3.29728332e+01  1.39523557e+00  5.35591137e+00 
 2.60000000e-01  1.48000000e+00  2.60000000e-01  1.48148160e-12  1.28898150e+00  1.72013863e+00  9.47677600e-01  1.74326839e+00  3.29728332e+01  1.39523557e+00  5.35591137e+00 
 2.70000000e-01  1.48000000e+00  2.70000000e-01  1.48148160e-12  1.28898150e+00  1.72013863e+00  9.47677600e-01  1.74326839e+00  3.29728332e+01  1.39523557e+00  5.35591137e+00 
 2.80000000e-01  1.48000000e+00  2.80000000e-01  1.48148160e-12  1.28898150e+00  1.72013863e+00  9.47677600e-01  1.74326839e+00  3.29728332e+01  1.39523557e+00  5.35591137e+00 
 2.90000000e-01  1.48000000e+00  2.90000000e-01  1.48148160e-12  1.28898150e+00  1.72013863e+00  9.47677600e-01  1.74326839e+00  3.29728332e+01  1.39523557e+00  5.35591137e+00 
 3.00000000e-01  1.48000000e+00  3.00000000e-01  1.48148160e-12  1.28898150e+00  1.72013863e+00  9.47677600e-01  1.74326839e+00  3.29728332e+01  1.39523557e+00  5.35591137e+00 
 3.10000000e-01  1.48000000e+00  3.10000000e-01  1.48148160e-12  1.28898150e+00  1.72013863e+00  9.47677600e-01  1.74326839e+00  3.29728332e+01  1.39523557e+00  5.35591137e+00 
 3.20000000e-01  1.48000000e+00  3.20000000e-01  1.48148160e-12  1.28898150e+00  1.72013863e+00  9.47677600e-01  1.74326839e+00  3.29728332e+01  1.39523557e+00  5.35591137e+00 
 3.30000000e-01  1.48000000e+00  3.30000000e-01  1.48148160e-12  1.28898150e+00  1.72013863e+00  9.47677600e-01  1.74326839e+00  3.29728332e+01  1.39523557e+00  5.35591137e+00 
 3.40000000e-01  1.48000000e+00  3.40000000e-01  1.48148160e-12  1.28898150e+00  1.72013863e+00  9.47677600e-01  1.74326839e+00  3.29728332e+01  1.39523557e+00  5.35591137e+00 
 3.50000000e-01  1.48000000e+00  3.50000000e-01  1.48148160e-12  1.28898150e+00  1.72013863e+00  9.47677600e-01  1.74326839e+00  3.29728332e+01  1.39523557e+00  5.35591137e+00 
 3.60000000e-01  1.48000000e+00  3.60000000e-01  1.48148160e-12  1.28898150e+00  1.72013863e+00  9.47677600e-01  1.74326839e+00  3.29728332e+01  1.39523557e+00  5.35591137e+00 
 3.70000000e-01  1.48000000e+00  3.70000000e-01  1.48148160e-12  1.28898150e+00  1.72013863e+00  9.47677600e-01  1.74326839e+00  3.29728332e+01  1.39523557e+00  5.35591137e+00 
 3.80000000e-01  1.48000000e+00  3.80000000e-01  1.48148160e-12  1.28898150e+00  1.72013863e+00  9.47677600e-01  1.74326839e+00  3.29728332e+01  1.39523557e+00  5.35591137e+00 
 3.90000000e-01  1.48000000e+00  3.90000000e-01  1.48148160e-12  1.28898150e+00  1.72013863e+00  9.47677600e-01  1.74326839e+00  3.29728332e+01  1.39523557e+00  5.35591137e+00 
 4.00000000e-01  1.48000000e+00  4.00000000e-01  1.48325796e-12  1.28898150e+00  1.72013863e+00  9.47677600e-01  1.74326839e+00  3.29728332e+01  1.39523557e+00  5.35591137e+00 
 4.10000000e-01  1.48000000e+00  4.10000000e-01  1.48503432e-12  1.28898150e+00  1.72013863e+00  9.47677600e-01  1.74326839e+00  3.29728332e+01  1.39523557e+00  5.35591137e+00 
 4.20000000e-01  1.48000000e+00  4.20000000e-01  1.48325796e-12  1.28898150e+00  1.72013863e+00  9.47677600e-01  1.74326839e+00  3.29728332e+01  1.39523557e+00  5.35591137e+00 
 4.30000000e-01  1.48000000e+00  4.30000000e-01  1.48503432e-12  1.28898150e+00  1.72013863e+00  9.47677600e-01  1.74326839e+00  3.29728332e+01  1.39523557e+00  5.35591137e+00 
 4.40000000e-01  1.48000000e+00  4.40000000e-01  1.49213975e-12  1.28898150e+00  1.72013863e+00  9.47677600e-01  1.74326839e+00  3.29728332e+01  1.39523557e+00  5.35591137e+00 
 4.50000000e-01  1.48000000e+00  4.50000000e-01  1.50812696e-12  1.28898150e+00  1.72013863e+00  9.47677600e-01  1.74326839e+00  3.29728332e+01  1.39523557e+00  5.35591137e+00 
 4.60000000e-01  1.48000000e+00  4.60000000e-01  1.54898316e-12  1.28898150e+00  1.72013863e+00  9.47677600e-01  1.74326839e+00  3.29728332e+01  1.39523557e+00  5.35591137e+00 
 4.70000000e-01  1.48000000e+00  4.70000000e-01  1.65556457e-12  1.28898150e+00  1.72013863e+00  9.47677600e-01  1.74326839e+00  3.29728332e+01  1.39523557e+00  5.35591137e+00 
 4.80000000e-01  1.48000000e+00  4.80000000e-01  1.93267624e-12  1.28898150e+00  1.72013863e+00  9.47677600e-01  1.74326839e+00  3.29728332e+01  1.39523557e+00  5.35591137e+00 
 4.90000000e-01  1.48000000e+00  4.90000000e-01  2.66098255e-12  1.28898150e+00  1.72013863e+00  9.47677600e-01  1.74326839e+00  3.29728332e+01  1.39523557e+00  5.35591137e+00 
 5.00000000e-01  1.48000000e+00  5.00000000e-01  4.55990801e-12  1.28898150e+00  1.72013863e+00  9.47677600e-01  1.74326839e+00  3.29728332e+01  1.39523557e+00  5.35591137e+00 
 5.10000000e-01  1.48000000e+00  5.10000000e-01  9.49640366e-12  1.28898150e+00  1.72013863e+00  9.47677600e-01  1.74326839e+00  3.29728332e+01  1.39523557e+00  5.35591137e+00 
 5.20000000e-01  1.48000000e+00  5.20000000e-01  2.22541985e-11  1.28898150e+00  1.72013863e+00  9.47677600e-01  1.74326839e+00  3.29728332e+01  1.39523557e+00  5.35591137e+00 
 5.30000000e-01  1.48000000e+00  5.30000000e-01  5.49249535e-11  1.28898150e+00  1.72013863e+00  9.47677600e-01  1.74326839e+00  3.29728332e+01  1.39523557e+00  5.35591137e+00 
 5.40000000e-01  1.48000000e+00  5.40000000e-01  1.37436729e-10  1.28898150e+00  1.72013863e+00  9.47677600e-01  1.74326839e+00  3.29728332e+01  1.39523557e+00  5.35591137e+00 
 5.50000000e-01  1.48000000e+00  5.50000000e-01  3.41429995e-10  1.28898150e+00  1.72013863e+00  9.47677600e-01  1.74326839e+00  3.29728332e+01  1.39523557e+00  5.35591137e+00 
 5.60000000e-01  1.48000000e+00  5.60000000e-01  8.30340241e-10  1.28898150e+00  1.72013863e+00  9.47677600e-01  1.74326839e+00  3.29728332e+01  1.39523557e+00  5.35591137e+00 
 5.70000000e-01  1.48000000e+00  5.70000000e-01  1.95269223e-09  1.28898150e+00  1.72013863e+00  9.47677600e-01  1.74326839e+00  3.29728332e+01  1.39523557e+00  5.35591137e+00 
 5.80000000e-01  1.48000000e+00  5.80000000e-01  4.39057501e-09  1.28898150e+00  1.72013863e+00  9.47677600e-01  1.74326839e+00  3.29728332e+01  1.39523557e+00  5.35591137e+00 
 5.90000000e-01  1.48000000e+00  5.90000000e-01  9.35688860e-09  1.28898150e+00  1.72013863e+00  9.47677600e-01  1.74326839e+00  3.29728332e+01  1.39523557e+00  5.35591137e+00 
 6.00000000e-01  1.48000000e+00  6.00000000e-01  1.88319831e-08  1.28898150e+00  1.72013863e+00  9.47677600e-01  1.74326839e+00  3.29728332e+01  1.39523557e+00  5.35591137e+00 
 6.10000000e-01  1.48000000e+00  6.10000000e-01  3.58946295e-08  1.28898150e+00  1.72013863e+00  9.47677600e-01  1.74326839e+00  3.29728332e+01  1.39523557e+00  5.35591137e+00 
 6.20000000e-01  1.48000000e+00  6.20000000e-01  6.53194725e-08  1.28898150e+00  1.72013863e+00  9.47677600e-01  1.74326839e+00  3.29728332e+01  1.39523557e+00  5.35591137e+00 
 6.30000000e-01  1.48000000e+00  6.30000000e-01  1.14694066e-07  1.28898150e+00  1.72013863e+00  9.47677600e-01  1.74326839e+00  3.29728332e+01  1.39523557e+00  5.35591137e+00 
 6.40000000e-01  1.48000000e+00  6.40000000e-01  1.96358428e-07  1.28898150e+00  1.72013863e+00  9.47677600e-01  1.74326839e+00  3.29728332e+01  1.39523557e+00  5.35591137e+00 
 6.50000000e-01  1.48000000e+00  6.50000000e-01  3.30596462e-07  1.28898150e+00  1.72013863e+00  9.47677600e-01  1.74326839e+00  3.29728332e+01  1.39523557e+00  5.35591137e+00 
 6.60000000e-01  1.48000000e+00  6.60000000e-01  5.50686551e-07  1.28898150e+00  1.72013863e+00  9.47677600e-01  1.74326839e+00  3.29728332e+01  1.39523557e+00  5.35591137e+00 
 6.70000000e-01  1.48000000e+00  6.70000000e-01  9.10301722e-07  1.28898150e+00  1.72013863e+00  9.47677600e-01  1.74326839e+00  3.29728332e+01  1.39523557e+00  5.35591137e+00 
 6.80000000e-01  1.48000000e+00  6.80000000e-01  1.49254338e-06  1.28898150e+00  1.72013863e+00  9.47677600e-01  1.74326839e+00  3.29728332e+01  1.39523557e+00  5.35591137e+00 
 6.90000000e-01  1.48000000e+00  6.90000000e-01  2.41675909e-06  1.28898150e+00  1.72013863e+00  9.47677600e-01  1.74326839e+00  3.29728332e+01  1.39523557e+00  5.35591137e+00 
 7.00000000e-01  1.48000000e+00  7.00000000e-01  3.83559450e-06  1.28898150e+00  1.72013863e+00  9.47677600e-01  1.74326839e+00  3.29728332e+01  1.39523557e+00  5.35591137e+00 
 7.10000000e-01  1.48000000e+00  7.10000000e-01  5.91626980e-06  1.28898150e+00  1.72013863e+00  9.47677600e-01  1.74326839e+00  3.29728332e+01  1.39523557e+00  5.35591137e+00 
 7.20000000e-01  1.48000000e+00  7.20000000e-01  8.81093906e-06  1.28898150e+00  1.72013863e+00  9.47677600e-01  1.74326839e+00  3.29728332e+01  1.39523557e+00  5.35591137e+00 
 7.30000000e-01  1.48000000e+00  7.30000000e-01  1.26317889e-05  1.28898150e+00  1.72013863e+00  9.47677600e-01  1.74326839e+00  3.29728332e+01  1.39523557e+00  5.35591137e+00 
 7.40000000e-01  1.48000000e+00  7.40000000e-01  1.74431267e-05  1.28898150e+00  1.72013863e+00  9.47677600e-01  1.74326839e+00  3.29728332e+01  1.39523557e+00  5.35591137e+00 
 7.50000000e-01  1.48000000e+00  7.50000000e-01  2.32691722e-05  1.28898150e+00  1.72013863e+00  9.47677600e-01  1.74326839e+00  3.29728332e+01  1.39523557e+00  5.35591137e+00 
 7.60000000e-01  1.48000000e+00  7.60000000e-01  3.01081750e-05  1.28898150e+00  1.72013863e+00  9.47677600e-01  1.74326839e+00  3.29728332e+01  1.39523557e+00  5.35591137e+00 
 7.70000000e-01  1.48000000e+00  7.70000000e-01  3.79450992e-05  1.28898150e+00  1.72013863e+00  9.47677600e-01  1.74326839e+00  3.29728332e+01  1.39523557e+00  5.35591137e+00 
 7.80000000e-01  1.48000000e+00  7.80000000e-01  4.67600229e-05  1.28898150e+00  1.72013863e+00  9.47677600e-01  1.74326839e+00  3.29728332e+01  1.39523557e+00  5.35591137e+00 
 7.90000000e-01  1.48000000e+00  7.90000000e-01  5.65326102e-05  1.28898150e+00  1.72013863e+00  9.47677600e-01  1.74326839e+00  3.29728332e+01  1.39523557e+00  5.35591137e+00 
 8.00000000e-01  1.48000000e+00  8.00000000e-01  6.72439862e-05  1.28898150e+00  1.72013863e+00  9.47677600e-01  1.74326839e+00  3.29728332e+01  1.39523557e+00  5.35591137e+00 
 8.10000000e-01  1.48000000e+00  8.10000000e-01  7.88772012e-05  1.28898150e+00  1.72013863e+00  9.47677600e-01  1.74326839e+00  3.29728332e+01  1.39523557e+00  5.35591137e+00 
 8.20000000e-01  1.48000000e+00  8.20000000e-01  9.14170555e-05  1.28898150e+00  1.72013863e+00  9.47677600e-01  1.74326839e+00  3.29728332e+01  1.39523557e+00  5.35591137e+00 
 8.30000000e-01  1.48000000e+00  8.30000000e-01  1.04849703e-04  1.28898150e+00  1.72013863e+00  9.47677600e-01  1.74326839e+00  3.29728332e+01  1.39523557e+00  5.35591137e+00 
 8.40000000e-01  1.48000000e+00  8.40000000e-01  1.19162238e-04  1.28898150e+00  1.72013863e+00  9.47677600e-01  1.74326839e+00  3.29728332e+01  1.39523557e+00  5.35591137e+00 
 8.50000000e-01  1.48000000e+00  8.50000000e-01  1.34342336e-04  1.28898150e+00  1.72013863e+00  9.47677600e-01  1.74326839e+00  3.29728332e+01  1.39523557e+00  5.35591137e+00 
 8.60000000e-01  1.48000000e+00  8.60000000e-01  1.50377984e-04  1.28898150e+00  1.72013863e+00  9.47677600e-01  1.74326839e+00  3.29728332e+01  1.39523557e+00  5.35591137e+00 
 8.70000000e-01  1.48000000e+00  8.70000000e-01  1.67257274e-04  1.28898150e+00  1.72013863e+00  9.47677600e-01  1.74326839e+00  3.29728332e+01  1.39523557e+00  5.35591137e+00 
 8.80000000e-01  1.48000000e+00  8.80000000e-01  1.84968275e-04  1.28898150e+00  1.72013863e+00  9.47677600e-01  1.74326839e+00  3.29728332e+01  1.39523557e+00  5.35591137e+00 
 8.90000000e-01  1.48000000e+00  8.90000000e-01  2.03498931e-04  1.28898150e+00  1.72013863e+00  9.47677600e-01  1.74326839e+00  3.29728332e+01  1.39523557e+00  5.35591137e+00 
 9.00000000e-01  1.48000000e+00  9.00000000e-01  2.22837019e-04  1.28898150e+00  1.72013863e+00  9.47677600e-01  1.74326839e+00  3.29728332e+01  1.39523557e+00  5.35591137e+00 
 9.10000000e-01  1.48000000e+00  9.10000000e-01  2.42970109e-04  1.28898150e+00  1.72013863e+00  9.47677600e-01  1.74326839e+00  3.29728332e+01  1.39523557e+00  5.35591137e+00 
 9.20000000e-01  1.48000000e+00  9.20000000e-01  2.63885552e-04  1.28898150e+00  1.72013863e+00  9.47677600e-01  1.74326839e+00  3.29728332e+01  1.39523557e+00  5.35591137e+00 
 9.30000000e-01  1.48000000e+00  9.30000000e-01  2.85570484e-04  1.28898150e+00  1.72013863e+00  9.47677600e-01  1.74326839e+00  3.29728332e+01  1.39523557e+00  5.35591137e+00 
 9.40000000e-01  1.48000000e+00  9.40000000e-01  3.08011824e-04  1.28898150e+00  1.72013863e+00  9.47677600e-01  1.74326839e+00  3.29728332e+01  1.39523557e+00  5.35591137e+00 
 9.50000000e-01  1.48000000e+00  9.50000000e-01  3.31196292e-04  1.28898150e+00  1.72013863e+00  9.47677600e-01  1.74326839e+00  3.29728332e+01  1.39523557e+00  5.35591137e+00 
 9.60000000e-01  1.48000000e+00  9.60000000e-01  3.55110416e-04  1.28898150e+00  1.72013863e+00  9.47677600e-01  1.74326839e+00  3.29728332e+01  1.39523557e+00  5.35591137e+00 
 9.70000000e-01  1.48000000e+00  9.70000000e-01  3.79740547e-04  1.28898150e+00  1.72013863e+00  9.47677600e-01  1.74326839e+00  3.29728332e+01  1.39523557e+00  5.35591137e+00 
 9.80000000e-01  1.48000000e+00  9.80000000e-01  4.05072884e-04  1.28898150e+00  1.72013863e+00  9.47677600e-01  1.74326839e+00  3.29728332e+01  1.39523557e+00  5.35591137e+00 
 9.90000000e-01  1.48000000e+00  9.90000000e-01  4.31093489e-04  1.28898150e+00  1.72013863e+00  9.47677600e-01  1.74326839e+00  3.29728332e+01  1.39523557e+00  5.35591137e+00 
 1.00000000e+00  1.48000000e+00  1.00000000e+00  4.57788305e-04  1.28898150e+00  1.72013863e+00  9.47677600e-01  1.74326839e+00  3.29728332e+01  1.39523557e+00  5.35591137e+00 
 1.01000000e+00  1.48000000e+00  1.01000000e+00  4.85143172e-04  1.28898150e+00  1.72013863e+00  9.47677600e-01  1.74326839e+00  3.29728332e+01  1.39523557e+00  5.35591137e+00 
 1.02000000e+00  1.48000000e+00  1.02000000e+00  5.13143841e-04  1.28898150e+00  1.72013863e+00  9.47677600e-01  1.74326839e+00  3.29728332e+01  1.39523557e+00  5.35591137e+00 
 1.03000000e+00  1.48000000e+00  1.03000000e+00  5.41775997e-04  1.28898150e+00  1.72013863e+00  9.47677600e-01  1.74326839e+00  3.29728332e+01  1.39523557e+00  5.35591137e+00 
 1.04000000e+00  1.48000000e+00  1.04000000e+00  5.71025270e-04  1.28898150e+00  1.72013863e+00  9.47677600e-01  1.74326839e+00  3.29728332e+01  1.39523557e+00  5.35591137e+00 
 1.05000000e+00  1.48000000e+00  1.05000000e+00  6.00877252e-04  1.28898150e+00  1.72013863e+00  9.47677600e-01  1.74326839e+00  3.29728332e+01  1.39523557e+00  5.35591137e+00 
 1.06000000e+00  1.48000000e+00  1.06000000e+00  6.31317511e-04  1.28898150e+00  1.72013863e+00  9.47677600e-01  1.74326839e+00  3.29728332e+01  1.39523557e+00  5.35591137e+00 
 1.07000000e+00  1.48000000e+00  1.07000000e+00  6.62331609e-04  1.28898150e+00  1.72013863e+00  9.47677600e-01  1.74326839e+00  3.29728332e+01  1.39523557e+00  5.35591137e+00 
 1.08000000e+00  1.48000000e+00  1.08000000e+00  6.93905113e-04  1.28898150e+00  1.72013863e+00  9.47677600e-01  1.74326839e+00  3.29728332e+01  1.39523557e+00  5.35591137e+00 
 1.09000000e+00  1.48000000e+00  1.09000000e+00  7.26023607e-04  1.28898150e+00  1.72013863e+00  9.47677600e-01  1.74326839e+00  3.29728332e+01  1.39523557e+00  5.35591137e+00 
 1.10000000e+00  1.48000000e+00  1.10000000e+00  7.58672708e-04  1.28898150e+00  1.72013863e+00  9.47677600e-01  1.74326839e+00  3.29728332e+01  1.39523557e+00  5.35591137e+00 
 1.11000000e+00  1.48000000e+00  1.11000000e+00  7.91838075e-04  1.28898150e+00  1.72013863e+00  9.47677600e-01  1.74326839e+00  3.29728332e+01  1.39523557e+00  5.35591137e+00 
 1.12000000e+00  1.48000000e+00  1.12000000e+00  8.25505422e-04  1.28898150e+00  1.72013863e+00  9.47677600e-01  1.74326839e+00  3.29728332e+01  1.39523557e+00  5.35591137e+00 
 1.13000000e+00  1.48000000e+00  1.13000000e+00  8.59660529e-04  1.28898150e+00  1.72013863e+00  9.47677600e-01  1.74326839e+00  3.29728332e+01  1.39523557e+00  5.35591137e+00 
 1.14000000e+00  1.48000000e+00  1.14000000e+00  8.94289252e-04  1.28898150e+00  1.72013863e+00  9.47677600e-01  1.74326839e+00  3.29728332e+01  1.39523557e+00  5.35591137e+00 
 1.15000000e+00  1.48000000e+00  1.15000000e+00  9.29377531e-04  1.28898150e+00  1.72013863e+00  9.47677600e-01  1.74326839e+00  3.29728332e+01  1.39523557e+00  5.35591137e+00 
 1.16000000e+00  1.48000000e+00  1.16000000e+00  9.64911400e-04  1.28898150e+00  1.72013863e+00  9.47677600e-01  1.74326839e+00  3.29728332e+01  1.39523557e+00  5.35591137e+00 
 1.17000000e+00  1.48000000e+00  1.17000000e+00  1.00087700e-03  1.28898150e+00  1.72013863e+00  9.47677600e-01  1.74326839e+00  3.29728332e+01  1.39523557e+00  5.35591137e+00 
 1.18000000e+00  1.48000000e+00  1.18000000e+00  1.03726057e-03  1.28898150e+00  1.72013863e+00  9.47677600e-01  1.74326839e+00  3.29728332e+01  1.39523557e+00  5.35591137e+00 
 1.19000000e+00  1.48000000e+00  1.19000000e+00  1.07404849e-03  1.28898150e+00  1.72013863e+00  9.47677600e-01  1.74326839e+00  3.29728332e+01  1.39523557e+00  5.35591137e+00 
 1.20000000e+00  1.48000000e+00  1.20000000e+00  1.11122725e-03  1.28898150e+00  1.72013863e+00  9.47677600e-01  1.74326839e+00  3.29728332e+01  1.39523557e+00  5.35591137e+00 
 1.21000000e+00  1.48000000e+00  1.21000000e+00  1.14878347e-03  1.28898150e+00  1.72013863e+00  9.47677600e-01  1.74326839e+00  3.29728332e+01  1.39523557e+00  5.35591137e+00 
 1.22000000e+00  1.48000000e+00  1.22000000e+00  1.18670390e-03  1.28898150e+00  1.72013863e+00  9.47677600e-01  1.74326839e+00  3.29728332e+01  1.39523557e+00  5.35591137e+00 
 1.23000000e+00  1.48000000e+00  1.23000000e+00  1.22497546e-03  1.28898150e+00  1.72013863e+00  9.47677600e-01  1.74326839e+00  3.29728332e+01  1.39523557e+00  5.35591137e+00 
 1.24000000e+00  1.48000000e+00  1.24000000e+00  1.26358520e-03  1.28898150e+00  1.72013863e+00  9.47677600e-01  1.74326839e+00  3.29728332e+01  1.39523557e+00  5.35591137e+00 
 1.25000000e+00  1.48000000e+00  1.25000000e+00  1.30252031e-03  1.28898150e+00  1.72013863e+00  9.47677600e-01  1.74326839e+00  3.29728332e+01  1.39523557e+00  5.35591137e+00 
 1.26000000e+00  1.48000000e+00  1.26000000e+00  1.34176816e-03  1.28898150e+00  1.72013863e+00  9.47677600e-01  1.74326839e+00  3.29728332e+01  1.39523557e+00  5.35591137e+00 
 1.27000000e+00  1.48000000e+00  1.27000000e+00  1.38131627e-03  1.28898150e+00  1.72013863e+00  9.47677600e-01  1.74326839e+00  3.29728332e+01  1.39523557e+00  5.35591137e+00 
 1.28000000e+00  1.48000000e+00  1.28000000e+00  1.42115232e-03  1.28898150e+00  1.72013863e+00  9.47677600e-01  1.74326839e+00  3.29728332e+01  1.39523557e+00  5.35591137e+00 
 1.29000000e+00  1.48000000e+00  1.29000000e+00  1.46126416e-03  1.28898150e+00  1.72013863e+00  9.47677600e-01  1.74326839e+00  3.29728332e+01  1.39523557e+00  5.35591137e+00 
 1.30000000e+00  1.48000000e+00  1.30000000e+00  1.50163981e-03  1.28898150e+00  1.72013863e+00  9.47677600e-01  1.74326839e+00  3.29728332e+01  1.39523557e+00  5.35591137e+00 
 1.31000000e+00  1.48000000e+00  1.31000000e+00  1.54226746e-03  1.28898150e+00  1.72013863e+00  9.47677600e-01  1.74326839e+00  3.29728332e+01  1.39523557e+00  5.35591137e+00 
 1.32000000e+00  1.48000000e+00  1.32000000e+00  1.58313546e-03  1.28898150e+00  1.72013863e+00  9.47677600e-01  1.74326839e+00  3.29728332e+01  1.39523557e+00  5.35591137e+00 
 1.33000000e+00  1.48000000e+00  1.33000000e+00  1.62423236e-03  1.28898150e+00  1.72013863e+00  9.47677600e-01  1.74326839e+00  3.29728332e+01  1.39523557e+00  5.35591137e+00 
 1.34000000e+00  1.48000000e+00  1.34000000e+00  1.66554686e-03  1.28898150e+00  1.72013863e+00  9.47677600e-01  1.74326839e+00  3.29728332e+01  1.39523557e+00  5.35591137e+00 
 1.35000000e+00  1.48000000e+00  1.35000000e+00  1.70706785e-03  1.28898150e+00  1.72013863e+00  9.47677600e-01  1.74326839e+00  3.29728332e+01  1.39523557e+00  5.35591137e+00 
 1.36000000e+00  1.48000000e+00  1.36000000e+00  1.74878439e-03  1.28898150e+00  1.72013863e+00  9.47677600e-01  1.74326839e+00  3.29728332e+01  1.39523557e+00  5.35591137e+00 
 1.37000000e+00  1.48000000e+00  1.37000000e+00  1.79068573e-03  1.28898150e+00  1.72013863e+00  9.47677600e-01  1.74326839e+00  3.29728332e+01  1.39523557e+00  5.35591137e+00 
 1.38000000e+00  1.48000000e+00  1.38000000e+00  1.83276128e-03  1.28898150e+00  1.72013863e+00  9.47677600e-01  1.74326839e+00  3.29728332e+01  1.39523557e+00  5.35591137e+00 
 1.39000000e+00  1.48000000e+00  1.39000000e+00  1.87500064e-03  1.28898150e+00  1.72013863e+00  9.47677600e-01  1.74326839e+00  3.29728332e+01  1.39523557e+00  5.35591137e+00 
 1.40000000e+00  1.48000000e+00  1.40000000e+00  1.91739358e-03  1.28898150e+00  1.72013863e+00  9.47677600e-01  1.74326839e+00  3.29728332e+01  1.39523557e+00  5.35591137e+00 
 1.41000000e+00  1.48000000e+00  1.41000000e+00  1.95993005e-03  1.28898150e+00  1.72013863e+00  9.47677600e-01  1.74326839e+00  3.29728332e+01  1.39523557e+00  5.35591137e+00 
 1.42000000e+00  1.48000000e+00  1.42000000e+00  2.00260017e-03  1.28898150e+00  1.72013863e+00  9.47677600e-01  1.74326839e+00  3.29728332e+01  1.39523557e+00  5.35591137e+00 
 1.43000000e+00  1.48000000e+00  1.43000000e+00  2.04539425e-03  1.28898150e+00  1.72013863e+00  9.47677600e-01  1.74326839e+00  3.29728332e+01  1.39523557e+00  5.35591137e+00 
 1.44000000e+00  1.48000000e+00  1.44000000e+00  2.08830275e-03  1.28898150e+00  1.72013863e+00  9.47677600e-01  1.74326839e+00  3.29728332e+01  1.39523557e+00  5.35591137e+00 
 1.45000000e+00  1.48000000e+00  1.45000000e+00  2.13131633e-03  1.28898150e+00  1.72013863e+00  9.47677600e-01  1.74326839e+00  3.29728332e+01  1.39523557e+00  5.35591137e+00 
 1.46000000e+00  1.48000000e+00  1.46000000e+00  2.17442580e-03  1.28898150e+00  1.72013863e+00  9.47677600e-01  1.74326839e+00  3.29728332e+01  1.39523557e+00  5.35591137e+00 
 1.47000000e+00  1.48000000e+00  1.47000000e+00  2.21762214e-03  1.28898150e+00  1.72013863e+00  9.47677600e-01  1.74326839e+00  3.29728332e+01  1.39523557e+00  5.35591137e+00 
 1.48000000e+00  1.48000000e+00  1.48000000e+00  2.26089651e-03  1.28898150e+00  1.72013863e+00  9.47677600e-01  1.74326839e+00  3.29728332e+01  1.39523557e+00  5.35591137e+00 
 1.49000000e+00  1.48000000e+00  1.49000000e+00  2.30424023e-03  1.28898150e+00  1.72013863e+00  9.47677600e-01  1.74326839e+00  3.29728332e+01  1.39523557e+00  5.35591137e+00 
 1.50000000e+00  1.48000000e+00  1.50000000e+00  2.34764478e-03  1.28898150e+00  1.72013863e+00  9.47677600e-01  1.74326839e+00  3.29728332e+01  1.39523557e+00  5.35591137e+00 
 1.51000000e+00  1.48000000e+00  1.51000000e+00  2.39110182e-03  1.28898150e+00  1.72013863e+00  9.47677600e-01  1.74326839e+00  3.29728332e+01  1.39523557e+00  5.35591137e+00 
 1.52000000e+00  1.48000000e+00  1.52000000e+00  2.43460315e-03  1.28898150e+00  1.72013863e+00  9.47677600e-01  1.74326839e+00  3.29728332e+01  1.39523557e+00  5.35591137e+00 
 1.53000000e+00  1.48000000e+00  1.53000000e+00  2.47814074e-03  1.28898150e+00  1.72013863e+00  9.47677600e-01  1.74326839e+00  3.29728332e+01  1.39523557e+00  5.35591137e+00 
 1.54000000e+00  1.48000000e+00  1.54000000e+00  2.52170671e-03  1.28898150e+00  1.72013863e+00  9.47677600e-01  1.74326839e+00  3.29728332e+01  1.39523557e+00  5.35591137e+00 
 1.55000000e+00  1.48000000e+00  1.55000000e+00  2.56529333e-03  1.28898150e+00  1.72013863e+00  9.47677600e-01  1.74326839e+00  3.29728332e+01  1.39523557e+00  5.35591137e+00 
 1.56000000e+00  1.48000000e+00  1.56000000e+00  2.60889303e-03  1.28898150e+00  1.72013863e+00  9.47677600e-01  1.74326839e+00  3.29728332e+01  1.39523557e+00  5.35591137e+00 
 1.57000000e+00  1.48000000e+00  1.57000000e+00  2.65249839e-03  1.28898150e+00  1.72013863e+00  9.47677600e-01  1.74326839e+00  3.29728332e+01  1.39523557e+00  5.35591137e+00 
 1.58000000e+00  1.48000000e+00  1.58000000e+00  2.69610213e-03  1.28898150e+00  1.72013863e+00  9.47677600e-01  1.74326839e+00  3.29728332e+01  1.39523557e+00  5.35591137e+00 
 1.59000000e+00  1.48000000e+00  1.59000000e+00  2.73969711e-03  1.28898150e+00  1.72013863e+00  9.47677600e-01  1.74326839e+00  3.29728332e+01  1.39523557e+00  5.35591137e+00 
 1.60000000e+00  1.48000000e+00  1.60000000e+00  2.78327635e-03  1.28898150e+00  1.72013863e+00  9.47677600e-01  1.74326839e+00  3.29728332e+01  1.39523557e+00  5.35591137e+00 
 1.61000000e+00  1.48000000e+00  1.61000000e+00  2.82683300e-03  1.28898150e+00  1.72013863e+00  9.47677600e-01  1.74326839e+00  3.29728332e+01  1.39523557e+00  5.35591137e+00 
 1.62000000e+00  1.48000000e+00  1.62000000e+00  2.87036032e-03  1.28898150e+00  1.72013863e+00  9.47677600e-01  1.74326839e+00  3.29728332e+01  1.39523557e+00  5.35591137e+00 
 1.63000000e+00  1.48000000e+00  1.63000000e+00  2.91385175e-03  1.28898150e+00  1.72013863e+00  9.47677600e-01  1.74326839e+00  3.29728332e+01  1.39523557e+00  5.35591137e+00 
 1.64000000e+00  1.48000000e+00  1.64000000e+00  2.95730083e-03  1.28898150e+00  1.72013863e+00  9.47677600e-01  1.74326839e+00  3.29728332e+01  1.39523557e+00  5.35591137e+00 
 1.65000000e+00  1.48000000e+00  1.65000000e+00  3.00070123e-03  1.28898150e+00  1.72013863e+00  9.47677600e-01  1.74326839e+00  3.29728332e+01  1.39523557e+00  5.35591137e+00 
 1.66000000e+00  1.48000000e+00  1.66000000e+00  3.04404677e-03  1.28898150e+00  1.72013863e+00  9.47677600e-01  1.74326839e+00  3.29728332e+01  1.39523557e+00  5.35591137e+00 
 1.67000000e+00  1.48000000e+00  1.67000000e+00  3.08733136e-03  1.28898150e+00  1.72013863e+00  9.47677600e-01  1.74326839e+00  3.29728332e+01  1.39523557e+00  5.35591137e+00 
 1.68000000e+00  1.48000000e+00  1.68000000e+00  3.13054905e-03  1.28898150e+00  1.72013863e+00  9.47677600e-01  1.74326839e+00  3.29728332e+01  1.39523557e+00  5.35591137e+00 
 1.69000000e+00  1.48000000e+00  1.69000000e+00  3.17369400e-03  1.28898150e+00  1.72013863e+00  9.47677600e-01  1.74326839e+00  3.29728332e+01  1.39523557e+00  5.35591137e+00 
 1.70000000e+00  1.48000000e+00  1.70000000e+00  3.21676050e-03  1.28898150e+00  1.72013863e+00  9.47677600e-01  1.74326839e+00  3.29728332e+01  1.39523557e+00  5.35591137e+00 
 1.71000000e+00  1.48000000e+00  1.71000000e+00  3.25974293e-03  1.28898150e+00  1.72013863e+00  9.47677600e-01  1.74326839e+00  3.29728332e+01  1.39523557e+00  5.35591137e+00 
 1.72000000e+00  1.48000000e+00  1.72000000e+00  3.30263580e-03  1.28898150e+00  1.72013863e+00  9.47677600e-01  1.74326839e+00  3.29728332e+01  1.39523557e+00  5.35591137e+00 
 1.73000000e+00  1.48000000e+00  1.73000000e+00  3.34543372e-03  1.28898150e+00  1.72013863e+00  9.47677600e-01  1.74326839e+00  3.29728332e+01  1.39523557e+00  5.35591137e+00 
 1.74000000e+00  1.48000000e+00  1.74000000e+00  3.38813139e-03  1.28898150e+00  1.72013863e+00  9.47677600e-01  1.74326839e+00  3.29728332e+01  1.39523557e+00  5.35591137e+00 
 1.75000000e+00  1.48000000e+00  1.75000000e+00  3.43072364e-03  1.28898150e+00  1.72013863e+00  9.47677600e-01  1.74326839e+00  3.29728332e+01  1.39523557e+00  5.35591137e+00 
 1.76000000e+00  1.48000000e+00  1.76000000e+00  3.47320538e-03  1.28898150e+00  1.72013863e+00  9.47677600e-01  1.74326839e+00  3.29728332e+01  1.39523557e+00  5.35591137e+00 
 1.77000000e+00  1.48000000e+00  1.77000000e+00  3.51557162e-03  1.28898150e+00  1.72013863e+00  9.47677600e-01  1.74326839e+00  3.29728332e+01  1.39523557e+00  5.35591137e+00 
 1.78000000e+00  1.48000000e+00  1.78000000e+00  3.55781747e-03  1.28898150e+00  1.72013863e+00  9.47677600e-01  1.74326839e+00  3.29728332e+01  1.39523557e+00  5.35591137e+00 
 1.79000000e+00  1.48000000e+00  1.79000000e+00  3.59993813e-03  1.28898150e+00  1.72013863e+00  9.47677600e-01  1.74326839e+00  3.29728332e+01  1.39523557e+00  5.35591137e+00 
 1.80000000e+00  1.48000000e+00  1.80000000e+00  3.64192888e-03  1.28898150e+00  1.72013863e+00  9.47677600e-01  1.74326839e+00  3.29728332e+01  1.39523557e+00  5.35591137e+00 
 1.81000000e+00  1.48000000e+00  1.81000000e+00  3.68378511e-03  1.28898150e+00  1.72013863e+00  9.47677600e-01  1.74326839e+00  3.29728332e+01  1.39523557e+00  5.35591137e+00 
 1.82000000e+00  1.48000000e+00  1.82000000e+00  3.72550226e-03  1.28898150e+00  1.72013863e+00  9.47677600e-01  1.74326839e+00  3.29728332e+01  1.39523557e+00  5.35591137e+00 
 1.83000000e+00  1.48000000e+00  1.83000000e+00  3.76707589e-03  1.28898150e+00  1.72013863e+00  9.47677600e-01  1.74326839e+00  3.29728332e+01  1.39523557e+00  5.35591137e+00 
 1.84000000e+00  1.48000000e+00  1.84000000e+00  3.80850161e-03  1.28898150e+00  1.72013863e+00  9.47677600e-01  1.74326839e+00  3.29728332e+01  1.39523557e+00  5.35591137e+00 
 1.85000000e+00  1.48000000e+00  1.85000000e+00  3.84977513e-03  1.28898150e+00  1.72013863e+00  9.47677600e-01  1.74326839e+00  3.29728332e+01  1.39523557e+00  5.35591137e+00 
