 0.00000000e+00  0.00000000e+00  1.48000000e+00  5.33634651e-19  1.27044383e+00  1.90697995e+00  1.02765425e+00  1.63927564e+00  3.25201811e+01  1.40358335e+00  5.72213622e+00 
 1.00000000e-02  1.00000000e-02  1.48000000e+00  4.80964909e-05  1.27044383e+00  1.90697995e+00  1.02765425e+00  1.63927564e+00  3.25201811e+01  1.40358335e+00  5.72213622e+00 
 2.00000000e-02  2.00000000e-02  1.48000000e+00  9.56911544e-05  1.27044383e+00  1.90697995e+00  1.02765425e+00  1.63927564e+00  3.25201811e+01  1.40358335e+00  5.72213622e+00 
 3.00000000e-02  3.00000000e-02  1.48000000e+00  1.42781293e-04  1.27044383e+00  1.90697995e+00  1.02765425e+00  1.63927564e+00  3.25201811e+01  1.40358335e+00  5.72213622e+00 
 4.00000000e-02  4.00000000e-02  1.48000000e+00  1.89364193e-04  1.27044383e+00  1.90697995e+00  1.02765425e+00  1.63927564e+00  3.25201811e+01  1.40358335e+00  5.72213622e+00 
 5.00000000e-02  5.00000000e-02  1.48000000e+00  2.35437123e-04  1.27044383e+00  1.90697995e+00  1.02765425e+00  1.63927564e+00  3.25201811e+01  1.40358335e+00  5.72213622e+00 
 6.00000000e-02  6.00000000e-02  1.48000000e+00  2.80997332e-04  1.27044383e+00  1.90697995e+00  1.02765425e+00  1.63927564e+00  3.25201811e+01  1.40358335e+00  5.72213622e+00 
 7.00000000e-02  7.00000000e-02  1.48000000e+00  3.26042057e-04  1.27044383e+00  1.90697995e+00  1.02765425e+00  1.63927564e+00  3.25201811e+01  1.40358335e+00  5.72213622e+00 
 8.00000000e-02  8.00000000e-02  1.48000000e+00  3.70568517e-04  1.27044383e+00  1.90697995e+00  1.02765425e+00  1.63927564e+00  3.25201811e+01  1.40358335e+00  5.72213622e+00 
 9.00000000e-02  9.00000000e-02  1.48000000e+00  4.14573914e-04  1.27044383e+00  1.90697995e+00  1.02765425e+00  1.63927564e+00  3.25201811e+01  1.40358335e+00  5.72213622e+00 
 1.00000000e-01  1.00000000e-01  1.48000000e+00  4.58055439e-04  1.27044383e+00  1.90697995e+00  1.02765425e+00  1.63927564e+00  3.25201811e+01  1.40358335e+00  5.72213622e+00 
 1.10000000e-01  1.10000000e-01  1.48000000e+00  5.01010271e-04  1.27044383e+00  1.90697995e+00  1.02765425e+00  1.63927564e+00  3.25201811e+01  1.40358335e+00  5.72213622e+00 
 1.20000000e-01  1.20000000e-01  1.48000000e+00  5.43435574e-04  1.27044383e+00  1.90697995e+00  1.02765425e+00  1.63927564e+00  3.25201811e+01  1.40358335e+00  5.72213622e+00 
 1.30000000e-01  1.30000000e-01  1.48000000e+00  5.85328508e-04  1.27044383e+00  1.90697995e+00  1.02765425e+00  1.63927564e+00  3.25201811e+01  1.40358335e+00  5.72213622e+00 
 1.40000000e-01  1.40000000e-01  1.48000000e+00  6.26686223e-04  1.27044383e+00  1.90697995e+00  1.02765425e+00  1.63927564e+00  3.25201811e+01  1.40358335e+00  5.72213622e+00 
 1.50000000e-01  1.50000000e-01  1.48000000e+00  6.67505866e-04  1.27044383e+00  1.90697995e+00  1.02765425e+00  1.63927564e+00  3.25201811e+01  1.40358335e+00  5.72213622e+00 
 1.60000000e-01  1.60000000e-01  1.48000000e+00  7.07784584e-04  1.27044383e+00  1.90697995e+00  1.02765425e+00  1.63927564e+00  3.25201811e+01  1.40358335e+00  5.72213622e+00 
 1.70000000e-01  1.70000000e-01  1.48000000e+00  7.47519524e-04  1.27044383e+00  1.90697995e+00  1.02765425e+00  1.63927564e+00  3.25201811e+01  1.40358335e+00  5.72213622e+00 
 1.80000000e-01  1.80000000e-01  1.48000000e+00  7.86707844e-04  1.27044383e+00  1.90697995e+00  1.02765425e+00  1.63927564e+00  3.25201811e+01  1.40358335e+00  5.72213622e+00 
 1.90000000e-01  1.90000000e-01  1.48000000e+00  8.25346711e-04  1.27044383e+00  1.90697995e+00  1.02765425e+00  1.63927564e+00  3.25201811e+01  1.40358335e+00  5.72213622e+00 
 2.00000000e-01  2.00000000e-01  1.48000000e+00  8.63433312e-04  1.27044383e+00  1.90697995e+00  1.02765425e+00  1.63927564e+00  3.25201811e+01  1.40358335e+00  5.72213622e+00 
 2.10000000e-01  2.10000000e-01  1.48000000e+00  9.00964854e-04  1.27044383e+00  1.90697995e+00  1.02765425e+00  1.63927564e+00  3.25201811e+01  1.40358335e+00  5.72213622e+00 
 2.20000000e-01  2.20000000e-01  1.48000000e+00  9.37938580e-04  1.27044383e+00  1.90697995e+00  1.02765425e+00  1.63927564e+00  3.25201811e+01  1.40358335e+00  5.72213622e+00 
 2.30000000e-01  2.30000000e-01  1.48000000e+00  9.74351768e-04  1.27044383e+00  1.90697995e+00  1.02765425e+00  1.63927564e+00  3.25201811e+01  1.40358335e+00  5.72213622e+00 
 2.40000000e-01  2.40000000e-01  1.48000000e+00  1.01020175e-03  1.27044383e+00  1.90697995e+00  1.02765425e+00  1.63927564e+00  3.25201811e+01  1.40358335e+00  5.72213622e+00 
 2.50000000e-01  2.50000000e-01  1.48000000e+00  1.04548590e-03  1.27044383e+00  1.90697995e+00  1.02765425e+00  1.63927564e+00  3.25201811e+01  1.40358335e+00  5.72213622e+00 
 2.60000000e-01  2.60000000e-01  1.48000000e+00  1.08020169e-03  1.27044383e+00  1.90697995e+00  1.02765425e+00  1.63927564e+00  3.25201811e+01  1.40358335e+00  5.72213622e+00 
 2.70000000e-01  2.70000000e-01  1.48000000e+00  1.11434665e-03  1.27044383e+00  1.90697995e+00  1.02765425e+00  1.63927564e+00  3.25201811e+01  1.40358335e+00  5.72213622e+00 
 2.80000000e-01  2.80000000e-01  1.48000000e+00  1.14791841e-03  1.27044383e+00  1.90697995e+00  1.02765425e+00  1.63927564e+00  3.25201811e+01  1.40358335e+00  5.72213622e+00 
 2.90000000e-01  2.90000000e-01  1.48000000e+00  1.18091472e-03  1.27044383e+00  1.90697995e+00  1.02765425e+00  1.63927564e+00  3.25201811e+01  1.40358335e+00  5.72213622e+00 
 3.00000000e-01  3.00000000e-01  1.48000000e+00  1.21333346e-03  1.27044383e+00  1.90697995e+00  1.02765425e+00  1.63927564e+00  3.25201811e+01  1.40358335e+00  5.72213622e+00 
 3.10000000e-01  3.10000000e-01  1.48000000e+00  1.24517265e-03  1.27044383e+00  1.90697995e+00  1.02765425e+00  1.63927564e+00  3.25201811e+01  1.40358335e+00  5.72213622e+00 
 3.20000000e-01  3.20000000e-01  1.48000000e+00  1.27643046e-03  1.27044383e+00  1.90697995e+00  1.02765425e+00  1.63927564e+00  3.25201811e+01  1.40358335e+00  5.72213622e+00 
 3.30000000e-01  3.30000000e-01  1.48000000e+00  1.30710528e-03  1.27044383e+00  1.90697995e+00  1.02765425e+00  1.63927564e+00  3.25201811e+01  1.40358335e+00  5.72213622e+00 
 3.40000000e-01  3.40000000e-01  1.48000000e+00  1.33719570e-03  1.27044383e+00  1.90697995e+00  1.02765425e+00  1.63927564e+00  3.25201811e+01  1.40358335e+00  5.72213622e+00 
 3.50000000e-01  3.50000000e-01  1.48000000e+00  1.36670052e-03  1.27044383e+00  1.90697995e+00  1.02765425e+00  1.63927564e+00  3.25201811e+01  1.40358335e+00  5.72213622e+00 
 3.60000000e-01  3.60000000e-01  1.48000000e+00  1.39561883e-03  1.27044383e+00  1.90697995e+00  1.02765425e+00  1.63927564e+00  3.25201811e+01  1.40358335e+00  5.72213622e+00 
 3.70000000e-01  3.70000000e-01  1.48000000e+00  1.42394999e-03  1.27044383e+00  1.90697995e+00  1.02765425e+00  1.63927564e+00  3.25201811e+01  1.40358335e+00  5.72213622e+00 
 3.80000000e-01  3.80000000e-01  1.48000000e+00  1.45169369e-03  1.27044383e+00  1.90697995e+00  1.02765425e+00  1.63927564e+00  3.25201811e+01  1.40358335e+00  5.72213622e+00 
 3.90000000e-01  3.90000000e-01  1.48000000e+00  1.47884994e-03  1.27044383e+00  1.90697995e+00  1.02765425e+00  1.63927564e+00  3.25201811e+01  1.40358335e+00  5.72213622e+00 
 4.00000000e-01  4.00000000e-01  1.48000000e+00  1.50541915e-03  1.27044383e+00  1.90697995e+00  1.02765425e+00  1.63927564e+00  3.25201811e+01  1.40358335e+00  5.72213622e+00 
 4.10000000e-01  4.10000000e-01  1.48000000e+00  1.53140211e-03  1.27044383e+00  1.90697995e+00  1.02765425e+00  1.63927564e+00  3.25201811e+01  1.40358335e+00  5.72213622e+00 
 4.20000000e-01  4.20000000e-01  1.48000000e+00  1.55680005e-03  1.27044383e+00  1.90697995e+00  1.02765425e+00  1.63927564e+00  3.25201811e+01  1.40358335e+00  5.72213622e+00 
 4.30000000e-01  4.30000000e-01  1.48000000e+00  1.58161465e-03  1.27044383e+00  1.90697995e+00  1.02765425e+00  1.63927564e+00  3.25201811e+01  1.40358335e+00  5.72213622e+00 
 4.40000000e-01  4.40000000e-01  1.48000000e+00  1.60584811e-03  1.27044383e+00  1.90697995e+00  1.02765425e+00  1.63927564e+00  3.25201811e+01  1.40358335e+00  5.72213622e+00 
 4.50000000e-01  4.50000000e-01  1.48000000e+00  1.62950311e-03  1.27044383e+00  1.90697995e+00  1.02765425e+00  1.63927564e+00  3.25201811e+01  1.40358335e+00  5.72213622e+00 
 4.60000000e-01  4.60000000e-01  1.48000000e+00  1.65258287e-03  1.27044383e+00  1.90697995e+00  1.02765425e+00  1.63927564e+00  3.25201811e+01  1.40358335e+00  5.72213622e+00 
 4.70000000e-01  4.70000000e-01  1.48000000e+00  1.67509118e-03  1.27044383e+00  1.90697995e+00  1.02765425e+00  1.63927564e+00  3.25201811e+01  1.40358335e+00  5.72213622e+00 
 4.80000000e-01  4.80000000e-01  1.48000000e+00  1.69703241e-03  1.27044383e+00  1.90697995e+00  1.02765425e+00  1.63927564e+00  3.25201811e+01  1.40358335e+00  5.72213622e+00 
 4.90000000e-01  4.90000000e-01  1.48000000e+00  1.71841150e-03  1.27044383e+00  1.90697995e+00  1.02765425e+00  1.63927564e+00  3.25201811e+01  1.40358335e+00  5.72213622e+00 
 5.00000000e-01  5.00000000e-01  1.48000000e+00  1.73923401e-03  1.27044383e+00  1.90697995e+00  1.02765425e+00  1.63927564e+00  3.25201811e+01  1.40358335e+00  5.72213622e+00 
 5.10000000e-01  5.10000000e-01  1.48000000e+00  1.75950609e-03  1.27044383e+00  1.90697995e+00  1.02765425e+00  1.63927564e+00  3.25201811e+01  1.40358335e+00  5.72213622e+00 
 5.20000000e-01  5.20000000e-01  1.48000000e+00  1.77923449e-03  1.27044383e+00  1.90697995e+00  1.02765425e+00  1.63927564e+00  3.25201811e+01  1.40358335e+00  5.72213622e+00 
 5.30000000e-01  5.30000000e-01  1.48000000e+00  1.79842656e-03  1.27044383e+00  1.90697995e+00  1.02765425e+00  1.63927564e+00  3.25201811e+01  1.40358335e+00  5.72213622e+00 
 5.40000000e-01  5.40000000e-01  1.48000000e+00  1.81709025e-03  1.27044383e+00  1.90697995e+00  1.02765425e+00  1.63927564e+00  3.25201811e+01  1.40358335e+00  5.72213622e+00 
 5.50000000e-01  5.50000000e-01  1.48000000e+00  1.83523406e-03  1.27044383e+00  1.90697995e+00  1.02765425e+00  1.63927564e+00  3.25201811e+01  1.40358335e+00  5.72213622e+00 
 5.60000000e-01  5.60000000e-01  1.48000000e+00  1.85286702e-03  1.27044383e+00  1.90697995e+00  1.02765425e+00  1.63927564e+00  3.25201811e+01  1.40358335e+00  5.72213622e+00 
 5.70000000e-01  5.70000000e-01  1.48000000e+00  1.86999870e-03  1.27044383e+00  1.90697995e+00  1.02765425e+00  1.63927564e+00  3.25201811e+01  1.40358335e+00  5.72213622e+00 
 5.80000000e-01  5.80000000e-01  1.48000000e+00  1.88663915e-03  1.27044383e+00  1.90697995e+00  1.02765425e+00  1.63927564e+00  3.25201811e+01  1.40358335e+00  5.72213622e+00 
 5.90000000e-01  5.90000000e-01  1.48000000e+00  1.90279883e-03  1.27044383e+00  1.90697995e+00  1.02765425e+00  1.63927564e+00  3.25201811e+01  1.40358335e+00  5.72213622e+00 
 6.00000000e-01  6.00000000e-01  1.48000000e+00  1.91848864e-03  1.27044383e+00  1.90697995e+00  1.02765425e+00  1.63927564e+00  3.25201811e+01  1.40358335e+00  5.72213622e+00 
 6.10000000e-01  6.10000000e-01  1.48000000e+00  1.93371982e-03  1.27044383e+00  1.90697995e+00  1.02765425e+00  1.63927564e+00  3.25201811e+01  1.40358335e+00  5.72213622e+00 
 6.20000000e-01  6.20000000e-01  1.48000000e+00  1.94850390e-03  1.27044383e+00  1.90697995e+00  1.02765425e+00  1.63927564e+00  3.25201811e+01  1.40358335e+00  5.72213622e+00 
 6.30000000e-01  6.30000000e-01  1.48000000e+00  1.96285269e-03  1.27044383e+00  1.90697995e+00  1.02765425e+00  1.63927564e+00  3.25201811e+01  1.40358335e+00  5.72213622e+00 
 6.40000000e-01  6.40000000e-01  1.48000000e+00  1.97677818e-03  1.27044383e+00  1.90697995e+00  1.02765425e+00  1.63927564e+00  3.25201811e+01  1.40358335e+00  5.72213622e+00 
 6.50000000e-01  6.50000000e-01  1.48000000e+00  1.99029255e-03  1.27044383e+00  1.90697995e+00  1.02765425e+00  1.63927564e+00  3.25201811e+01  1.40358335e+00  5.72213622e+00 
 6.60000000e-01  6.60000000e-01  1.48000000e+00  2.00340806e-03  1.27044383e+00  1.90697995e+00  1.02765425e+00  1.63927564e+00  3.25201811e+01  1.40358335e+00  5.72213622e+00 
 6.70000000e-01  6.70000000e-01  1.48000000e+00  2.01613701e-03  1.27044383e+00  1.90697995e+00  1.02765425e+00  1.63927564e+00  3.25201811e+01  1.40358335e+00  5.72213622e+00 
 6.80000000e-01  6.80000000e-01  1.48000000e+00  2.02849173e-03  1.27044383e+00  1.90697995e+00  1.02765425e+00  1.63927564e+00  3.25201811e+01  1.40358335e+00  5.72213622e+00 
 6.90000000e-01  6.90000000e-01  1.48000000e+00  2.04048451e-03  1.27044383e+00  1.90697995e+00  1.02765425e+00  1.63927564e+00  3.25201811e+01  1.40358335e+00  5.72213622e+00 
 7.00000000e-01  7.00000000e-01  1.48000000e+00  2.05212755e-03  1.27044383e+00  1.90697995e+00  1.02765425e+00  1.63927564e+00  3.25201811e+01  1.40358335e+00  5.72213622e+00 
 7.10000000e-01  7.10000000e-01  1.48000000e+00  2.06343293e-03  1.27044383e+00  1.90697995e+00  1.02765425e+00  1.63927564e+00  3.25201811e+01  1.40358335e+00  5.72213622e+00 
 7.20000000e-01  7.20000000e-01  1.48000000e+00  2.07441258e-03  1.27044383e+00  1.90697995e+00  1.02765425e+00  1.63927564e+00  3.25201811e+01  1.40358335e+00  5.72213622e+00 
 7.30000000e-01  7.30000000e-01  1.48000000e+00  2.08507822e-03  1.27044383e+00  1.90697995e+00  1.02765425e+00  1.63927564e+00  3.25201811e+01  1.40358335e+00  5.72213622e+00 
 7.40000000e-01  7.40000000e-01  1.48000000e+00  2.09544139e-03  1.27044383e+00  1.90697995e+00  1.02765425e+00  1.63927564e+00  3.25201811e+01  1.40358335e+00  5.72213622e+00 
 7.50000000e-01  7.50000000e-01  1.48000000e+00  2.10551334e-03  1.27044383e+00  1.90697995e+00  1.02765425e+00  1.63927564e+00  3.25201811e+01  1.40358335e+00  5.72213622e+00 
 7.60000000e-01  7.60000000e-01  1.48000000e+00  2.11530510e-03  1.27044383e+00  1.90697995e+00  1.02765425e+00  1.63927564e+00  3.25201811e+01  1.40358335e+00  5.72213622e+00 
 7.70000000e-01  7.70000000e-01  1.48000000e+00  2.12482738e-03  1.27044383e+00  1.90697995e+00  1.02765425e+00  1.63927564e+00  3.25201811e+01  1.40358335e+00  5.72213622e+00 
 7.80000000e-01  7.80000000e-01  1.48000000e+00  2.13409063e-03  1.27044383e+00  1.90697995e+00  1.02765425e+00  1.63927564e+00  3.25201811e+01  1.40358335e+00  5.72213622e+00 
 7.90000000e-01  7.90000000e-01  1.48000000e+00  2.14310496e-03  1.27044383e+00  1.90697995e+00  1.02765425e+00  1.63927564e+00  3.25201811e+01  1.40358335e+00  5.72213622e+00 
 8.00000000e-01  8.00000000e-01  1.48000000e+00  2.15188019e-03  1.27044383e+00  1.90697995e+00  1.02765425e+00  1.63927564e+00  3.25201811e+01  1.40358335e+00  5.72213622e+00 
 8.10000000e-01  8.10000000e-01  1.48000000e+00  2.16042580e-03  1.27044383e+00  1.90697995e+00  1.02765425e+00  1.63927564e+00  3.25201811e+01  1.40358335e+00  5.72213622e+00 
 8.20000000e-01  8.20000000e-01  1.48000000e+00  2.16875094e-03  1.27044383e+00  1.90697995e+00  1.02765425e+00  1.63927564e+00  3.25201811e+01  1.40358335e+00  5.72213622e+00 
 8.30000000e-01  8.30000000e-01  1.48000000e+00  2.17686446e-03  1.27044383e+00  1.90697995e+00  1.02765425e+00  1.63927564e+00  3.25201811e+01  1.40358335e+00  5.72213622e+00 
 8.40000000e-01  8.40000000e-01  1.48000000e+00  2.18477486e-03  1.27044383e+00  1.90697995e+00  1.02765425e+00  1.63927564e+00  3.25201811e+01  1.40358335e+00  5.72213622e+00 
 8.50000000e-01  8.50000000e-01  1.48000000e+00  2.19249033e-03  1.27044383e+00  1.90697995e+00  1.02765425e+00  1.63927564e+00  3.25201811e+01  1.40358335e+00  5.72213622e+00 
 8.60000000e-01  8.60000000e-01  1.48000000e+00  2.20001874e-03  1.27044383e+00  1.90697995e+00  1.02765425e+00  1.63927564e+00  3.25201811e+01  1.40358335e+00  5.72213622e+00 
 8.70000000e-01  8.70000000e-01  1.48000000e+00  2.20736764e-03  1.27044383e+00  1.90697995e+00  1.02765425e+00  1.63927564e+00  3.25201811e+01  1.40358335e+00  5.72213622e+00 
 8.80000000e-01  8.80000000e-01  1.48000000e+00  2.21454428e-03  1.27044383e+00  1.90697995e+00  1.02765425e+00  1.63927564e+00  3.25201811e+01  1.40358335e+00  5.72213622e+00 
 8.90000000e-01  8.90000000e-01  1.48000000e+00  2.22155560e-03  1.27044383e+00  1.90697995e+00  1.02765425e+00  1.63927564e+00  3.25201811e+01  1.40358335e+00  5.72213622e+00 
 9.00000000e-01  9.00000000e-01  1.48000000e+00  2.22840827e-03  1.27044383e+00  1.90697995e+00  1.02765425e+00  1.63927564e+00  3.25201811e+01  1.40358335e+00  5.72213622e+00 
 9.10000000e-01  9.10000000e-01  1.48000000e+00  2.23510865e-03  1.27044383e+00  1.90697995e+00  1.02765425e+00  1.63927564e+00  3.25201811e+01  1.40358335e+00  5.72213622e+00 
 9.20000000e-01  9.20000000e-01  1.48000000e+00  2.24166285e-03  1.27044383e+00  1.90697995e+00  1.02765425e+00  1.63927564e+00  3.25201811e+01  1.40358335e+00  5.72213622e+00 
 9.30000000e-01  9.30000000e-01  1.48000000e+00  2.24807670e-03  1.27044383e+00  1.90697995e+00  1.02765425e+00  1.63927564e+00  3.25201811e+01  1.40358335e+00  5.72213622e+00 
 9.40000000e-01  9.40000000e-01  1.48000000e+00  2.25435577e-03  1.27044383e+00  1.90697995e+00  1.02765425e+00  1.63927564e+00  3.25201811e+01  1.40358335e+00  5.72213622e+00 
 9.50000000e-01  9.50000000e-01  1.48000000e+00  2.26050541e-03  1.27044383e+00  1.90697995e+00  1.02765425e+00  1.63927564e+00  3.25201811e+01  1.40358335e+00  5.72213622e+00 
 9.60000000e-01  9.60000000e-01  1.48000000e+00  2.26653069e-03  1.27044383e+00  1.90697995e+00  1.02765425e+00  1.63927564e+00  3.25201811e+01  1.40358335e+00  5.72213622e+00 
 9.70000000e-01  9.70000000e-01  1.48000000e+00  2.27243651e-03  1.27044383e+00  1.90697995e+00  1.02765425e+00  1.63927564e+00  3.25201811e+01  1.40358335e+00  5.72213622e+00 
 9.80000000e-01  9.80000000e-01  1.48000000e+00  2.27822750e-03  1.27044383e+00  1.90697995e+00  1.02765425e+00  1.63927564e+00  3.25201811e+01  1.40358335e+00  5.72213622e+00 
 9.90000000e-01  9.90000000e-01  1.48000000e+00  2.28390811e-03  1.27044383e+00  1.90697995e+00  1.02765425e+00  1.63927564e+00  3.25201811e+01  1.40358335e+00  5.72213622e+00 
 1.00000000e+00  1.00000000e+00  1.48000000e+00  2.28948258e-03  1.27044383e+00  1.90697995e+00  1.02765425e+00  1.63927564e+00  3.25201811e+01  1.40358335e+00  5.72213622e+00 
 1.01000000e+00  1.01000000e+00  1.48000000e+00  2.29495496e-03  1.27044383e+00  1.90697995e+00  1.02765425e+00  1.63927564e+00  3.25201811e+01  1.40358335e+00  5.72213622e+00 
 1.02000000e+00  1.02000000e+00  1.48000000e+00  2.30032913e-03  1.27044383e+00  1.90697995e+00  1.02765425e+00  1.63927564e+00  3.25201811e+01  1.40358335e+00  5.72213622e+00 
 1.03000000e+00  1.03000000e+00  1.48000000e+00  2.30560878e-03  1.27044383e+00  1.90697995e+00  1.02765425e+00  1.63927564e+00  3.25201811e+01  1.40358335e+00  5.72213622e+00 
 1.04000000e+00  1.04000000e+00  1.48000000e+00  2.31079744e-03  1.27044383e+00  1.90697995e+00  1.02765425e+00  1.63927564e+00  3.25201811e+01  1.40358335e+00  5.72213622e+00 
 1.05000000e+00  1.05000000e+00  1.48000000e+00  2.31589849e-03  1.27044383e+00  1.90697995e+00  1.02765425e+00  1.63927564e+00  3.25201811e+01  1.40358335e+00  5.72213622e+00 
 1.06000000e+00  1.06000000e+00  1.48000000e+00  2.32091515e-03  1.27044383e+00  1.90697995e+00  1.02765425e+00  1.63927564e+00  3.25201811e+01  1.40358335e+00  5.72213622e+00 
 1.07000000e+00  1.07000000e+00  1.48000000e+00  2.32585049e-03  1.27044383e+00  1.90697995e+00  1.02765425e+00  1.63927564e+00  3.25201811e+01  1.40358335e+00  5.72213622e+00 
 1.08000000e+00  1.08000000e+00  1.48000000e+00  2.33070745e-03  1.27044383e+00  1.90697995e+00  1.02765425e+00  1.63927564e+00  3.25201811e+01  1.40358335e+00  5.72213622e+00 
 1.09000000e+00  1.09000000e+00  1.48000000e+00  2.33548886e-03  1.27044383e+00  1.90697995e+00  1.02765425e+00  1.63927564e+00  3.25201811e+01  1.40358335e+00  5.72213622e+00 
 1.10000000e+00  1.10000000e+00  1.48000000e+00  2.34019739e-03  1.27044383e+00  1.90697995e+00  1.02765425e+00  1.63927564e+00  3.25201811e+01  1.40358335e+00  5.72213622e+00 
 1.11000000e+00  1.11000000e+00  1.48000000e+00  2.34483562e-03  1.27044383e+00  1.90697995e+00  1.02765425e+00  1.63927564e+00  3.25201811e+01  1.40358335e+00  5.72213622e+00 
 1.12000000e+00  1.12000000e+00  1.48000000e+00  2.34940599e-03  1.27044383e+00  1.90697995e+00  1.02765425e+00  1.63927564e+00  3.25201811e+01  1.40358335e+00  5.72213622e+00 
 1.13000000e+00  1.13000000e+00  1.48000000e+00  2.35391088e-03  1.27044383e+00  1.90697995e+00  1.02765425e+00  1.63927564e+00  3.25201811e+01  1.40358335e+00  5.72213622e+00 
 1.14000000e+00  1.14000000e+00  1.48000000e+00  2.35835251e-03  1.27044383e+00  1.90697995e+00  1.02765425e+00  1.63927564e+00  3.25201811e+01  1.40358335e+00  5.72213622e+00 
 1.15000000e+00  1.15000000e+00  1.48000000e+00  2.36273305e-03  1.27044383e+00  1.90697995e+00  1.02765425e+00  1.63927564e+00  3.25201811e+01  1.40358335e+00  5.72213622e+00 
 1.16000000e+00  1.16000000e+00  1.48000000e+00  2.36705455e-03  1.27044383e+00  1.90697995e+00  1.02765425e+00  1.63927564e+00  3.25201811e+01  1.40358335e+00  5.72213622e+00 
 1.17000000e+00  1.17000000e+00  1.48000000e+00  2.37131899e-03  1.27044383e+00  1.90697995e+00  1.02765425e+00  1.63927564e+00  3.25201811e+01  1.40358335e+00  5.72213622e+00 
 1.18000000e+00  1.18000000e+00  1.48000000e+00  2.37552826e-03  1.27044383e+00  1.90697995e+00  1.02765425e+00  1.63927564e+00  3.25201811e+01  1.40358335e+00  5.72213622e+00 
 1.19000000e+00  1.19000000e+00  1.48000000e+00  2.37968416e-03  1.27044383e+00  1.90697995e+00  1.02765425e+00  1.63927564e+00  3.25201811e+01  1.40358335e+00  5.72213622e+00 
 1.20000000e+00  1.20000000e+00  1.48000000e+00  2.38378843e-03  1.27044383e+00  1.90697995e+00  1.02765425e+00  1.63927564e+00  3.25201811e+01  1.40358335e+00  5.72213622e+00 
 1.21000000e+00  1.21000000e+00  1.48000000e+00  2.38784273e-03  1.27044383e+00  1.90697995e+00  1.02765425e+00  1.63927564e+00  3.25201811e+01  1.40358335e+00  5.72213622e+00 
 1.22000000e+00  1.22000000e+00  1.48000000e+00  2.39184866e-03  1.27044383e+00  1.90697995e+00  1.02765425e+00  1.63927564e+00  3.25201811e+01  1.40358335e+00  5.72213622e+00 
 1.23000000e+00  1.23000000e+00  1.48000000e+00  2.39580774e-03  1.27044383e+00  1.90697995e+00  1.02765425e+00  1.63927564e+00  3.25201811e+01  1.40358335e+00  5.72213622e+00 
 1.24000000e+00  1.24000000e+00  1.48000000e+00  2.39972144e-03  1.27044383e+00  1.90697995e+00  1.02765425e+00  1.63927564e+00  3.25201811e+01  1.40358335e+00  5.72213622e+00 
 1.25000000e+00  1.25000000e+00  1.48000000e+00  2.40359118e-03  1.27044383e+00  1.90697995e+00  1.02765425e+00  1.63927564e+00  3.25201811e+01  1.40358335e+00  5.72213622e+00 
 1.26000000e+00  1.26000000e+00  1.48000000e+00  2.40741829e-03  1.27044383e+00  1.90697995e+00  1.02765425e+00  1.63927564e+00  3.25201811e+01  1.40358335e+00  5.72213622e+00 
 1.27000000e+00  1.27000000e+00  1.48000000e+00  2.41120408e-03  1.27044383e+00  1.90697995e+00  1.02765425e+00  1.63927564e+00  3.25201811e+01  1.40358335e+00  5.72213622e+00 
 1.28000000e+00  1.28000000e+00  1.48000000e+00  2.41494980e-03  1.27044383e+00  1.90697995e+00  1.02765425e+00  1.63927564e+00  3.25201811e+01  1.40358335e+00  5.72213622e+00 
 1.29000000e+00  1.29000000e+00  1.48000000e+00  2.41865663e-03  1.27044383e+00  1.90697995e+00  1.02765425e+00  1.63927564e+00  3.25201811e+01  1.40358335e+00  5.72213622e+00 
 1.30000000e+00  1.30000000e+00  1.48000000e+00  2.42232574e-03  1.27044383e+00  1.90697995e+00  1.02765425e+00  1.63927564e+00  3.25201811e+01  1.40358335e+00  5.72213622e+00 
 1.31000000e+00  1.31000000e+00  1.48000000e+00  2.42595823e-03  1.27044383e+00  1.90697995e+00  1.02765425e+00  1.63927564e+00  3.25201811e+01  1.40358335e+00  5.72213622e+00 
 1.32000000e+00  1.32000000e+00  1.48000000e+00  2.42955516e-03  1.27044383e+00  1.90697995e+00  1.02765425e+00  1.63927564e+00  3.25201811e+01  1.40358335e+00  5.72213622e+00 
 1.33000000e+00  1.33000000e+00  1.48000000e+00  2.43311756e-03  1.27044383e+00  1.90697995e+00  1.02765425e+00  1.63927564e+00  3.25201811e+01  1.40358335e+00  5.72213622e+00 
 1.34000000e+00  1.34000000e+00  1.48000000e+00  2.43664641e-03  1.27044383e+00  1.90697995e+00  1.02765425e+00  1.63927564e+00  3.25201811e+01  1.40358335e+00  5.72213622e+00 
 1.35000000e+00  1.35000000e+00  1.48000000e+00  2.44014266e-03  1.27044383e+00  1.90697995e+00  1.02765425e+00  1.63927564e+00  3.25201811e+01  1.40358335e+00  5.72213622e+00 
 1.36000000e+00  1.36000000e+00  1.48000000e+00  2.44360723e-03  1.27044383e+00  1.90697995e+00  1.02765425e+00  1.63927564e+00  3.25201811e+01  1.40358335e+00  5.72213622e+00 
 1.37000000e+00  1.37000000e+00  1.48000000e+00  2.44704098e-03  1.27044383e+00  1.90697995e+00  1.02765425e+00  1.63927564e+00  3.25201811e+01  1.40358335e+00  5.72213622e+00 
 1.38000000e+00  1.38000000e+00  1.48000000e+00  2.45044478e-03  1.27044383e+00  1.90697995e+00  1.02765425e+00  1.63927564e+00  3.25201811e+01  1.40358335e+00  5.72213622e+00 
 1.39000000e+00  1.39000000e+00  1.48000000e+00  2.45381943e-03  1.27044383e+00  1.90697995e+00  1.02765425e+00  1.63927564e+00  3.25201811e+01  1.40358335e+00  5.72213622e+00 
 1.40000000e+00  1.40000000e+00  1.48000000e+00  2.45716573e-03  1.27044383e+00  1.90697995e+00  1.02765425e+00  1.63927564e+00  3.25201811e+01  1.40358335e+00  5.72213622e+00 
 1.41000000e+00  1.41000000e+00  1.48000000e+00  2.46048443e-03  1.27044383e+00  1.90697995e+00  1.02765425e+00  1.63927564e+00  3.25201811e+01  1.40358335e+00  5.72213622e+00 
 1.42000000e+00  1.42000000e+00  1.48000000e+00  2.46377626e-03  1.27044383e+00  1.90697995e+00  1.02765425e+00  1.63927564e+00  3.25201811e+01  1.40358335e+00  5.72213622e+00 
 1.43000000e+00  1.43000000e+00  1.48000000e+00  2.46704193e-03  1.27044383e+00  1.90697995e+00  1.02765425e+00  1.63927564e+00  3.25201811e+01  1.40358335e+00  5.72213622e+00 
 1.44000000e+00  1.44000000e+00  1.48000000e+00  2.47028213e-03  1.27044383e+00  1.90697995e+00  1.02765425e+00  1.63927564e+00  3.25201811e+01  1.40358335e+00  5.72213622e+00 
 1.45000000e+00  1.45000000e+00  1.48000000e+00  2.47349751e-03  1.27044383e+00  1.90697995e+00  1.02765425e+00  1.63927564e+00  3.25201811e+01  1.40358335e+00  5.72213622e+00 
 1.46000000e+00  1.46000000e+00  1.48000000e+00  2.47668870e-03  1.27044383e+00  1.90697995e+00  1.02765425e+00  1.63927564e+00  3.25201811e+01  1.40358335e+00  5.72213622e+00 
 1.47000000e+00  1.47000000e+00  1.48000000e+00  2.47985633e-03  1.27044383e+00  1.90697995e+00  1.02765425e+00  1.63927564e+00  3.25201811e+01  1.40358335e+00  5.72213622e+00 
 1.48000000e+00  1.48000000e+00  1.48000000e+00  2.48300097e-03  1.27044383e+00  1.90697995e+00  1.02765425e+00  1.63927564e+00  3.25201811e+01  1.40358335e+00  5.72213622e+00 
 1.49000000e+00  1.49000000e+00  1.48000000e+00  2.48612322e-03  1.27044383e+00  1.90697995e+00  1.02765425e+00  1.63927564e+00  3.25201811e+01  1.40358335e+00  5.72213622e+00 
 1.50000000e+00  1.50000000e+00  1.48000000e+00  2.48922361e-03  1.27044383e+00  1.90697995e+00  1.02765425e+00  1.63927564e+00  3.25201811e+01  1.40358335e+00  5.72213622e+00 
 1.51000000e+00  1.51000000e+00  1.48000000e+00  2.49230269e-03  1.27044383e+00  1.90697995e+00  1.02765425e+00  1.63927564e+00  3.25201811e+01  1.40358335e+00  5.72213622e+00 
 1.52000000e+00  1.52000000e+00  1.48000000e+00  2.49536097e-03  1.27044383e+00  1.90697995e+00  1.02765425e+00  1.63927564e+00  3.25201811e+01  1.40358335e+00  5.72213622e+00 
 1.53000000e+00  1.53000000e+00  1.48000000e+00  2.49839896e-03  1.27044383e+00  1.90697995e+00  1.02765425e+00  1.63927564e+00  3.25201811e+01  1.40358335e+00  5.72213622e+00 
 1.54000000e+00  1.54000000e+00  1.48000000e+00  2.50141714e-03  1.27044383e+00  1.90697995e+00  1.02765425e+00  1.63927564e+00  3.25201811e+01  1.40358335e+00  5.72213622e+00 
 1.55000000e+00  1.55000000e+00  1.48000000e+00  2.50441598e-03  1.27044383e+00  1.90697995e+00  1.02765425e+00  1.63927564e+00  3.25201811e+01  1.40358335e+00  5.72213622e+00 
 1.56000000e+00  1.56000000e+00  1.48000000e+00  2.50739593e-03  1.27044383e+00  1.90697995e+00  1.02765425e+00  1.63927564e+00  3.25201811e+01  1.40358335e+00  5.72213622e+00 
 1.57000000e+00  1.57000000e+00  1.48000000e+00  2.51035744e-03  1.27044383e+00  1.90697995e+00  1.02765425e+00  1.63927564e+00  3.25201811e+01  1.40358335e+00  5.72213622e+00 
 1.58000000e+00  1.58000000e+00  1.48000000e+00  2.51330094e-03  1.27044383e+00  1.90697995e+00  1.02765425e+00  1.63927564e+00  3.25201811e+01  1.40358335e+00  5.72213622e+00 
 1.59000000e+00  1.59000000e+00  1.48000000e+00  2.51622682e-03  1.27044383e+00  1.90697995e+00  1.02765425e+00  1.63927564e+00  3.25201811e+01  1.40358335e+00  5.72213622e+00 
 1.60000000e+00  1.60000000e+00  1.48000000e+00  2.51913551e-03  1.27044383e+00  1.90697995e+00  1.02765425e+00  1.63927564e+00  3.25201811e+01  1.40358335e+00  5.72213622e+00 
 1.61000000e+00  1.61000000e+00  1.48000000e+00  2.52202737e-03  1.27044383e+00  1.90697995e+00  1.02765425e+00  1.63927564e+00  3.25201811e+01  1.40358335e+00  5.72213622e+00 
 1.62000000e+00  1.62000000e+00  1.48000000e+00  2.52490280e-03  1.27044383e+00  1.90697995e+00  1.02765425e+00  1.63927564e+00  3.25201811e+01  1.40358335e+00  5.72213622e+00 
 1.63000000e+00  1.63000000e+00  1.48000000e+00  2.52776216e-03  1.27044383e+00  1.90697995e+00  1.02765425e+00  1.63927564e+00  3.25201811e+01  1.40358335e+00  5.72213622e+00 
 1.64000000e+00  1.64000000e+00  1.48000000e+00  2.53060579e-03  1.27044383e+00  1.90697995e+00  1.02765425e+00  1.63927564e+00  3.25201811e+01  1.40358335e+00  5.72213622e+00 
 1.65000000e+00  1.65000000e+00  1.48000000e+00  2.53343405e-03  1.27044383e+00  1.90697995e+00  1.02765425e+00  1.63927564e+00  3.25201811e+01  1.40358335e+00  5.72213622e+00 
 1.66000000e+00  1.66000000e+00  1.48000000e+00  2.53624727e-03  1.27044383e+00  1.90697995e+00  1.02765425e+00  1.63927564e+00  3.25201811e+01  1.40358335e+00  5.72213622e+00 
 1.67000000e+00  1.67000000e+00  1.48000000e+00  2.53904577e-03  1.27044383e+00  1.90697995e+00  1.02765425e+00  1.63927564e+00  3.25201811e+01  1.40358335e+00  5.72213622e+00 
 1.68000000e+00  1.68000000e+00  1.48000000e+00  2.54182986e-03  1.27044383e+00  1.90697995e+00  1.02765425e+00  1.63927564e+00  3.25201811e+01  1.40358335e+00  5.72213622e+00 
 1.69000000e+00  1.69000000e+00  1.48000000e+00  2.54459986e-03  1.27044383e+00  1.90697995e+00  1.02765425e+00  1.63927564e+00  3.25201811e+01  1.40358335e+00  5.72213622e+00 
 1.70000000e+00  1.70000000e+00  1.48000000e+00  2.54735606e-03  1.27044383e+00  1.90697995e+00  1.02765425e+00  1.63927564e+00  3.25201811e+01  1.40358335e+00  5.72213622e+00 
 1.71000000e+00  1.71000000e+00  1.48000000e+00  2.55009875e-03  1.27044383e+00  1.90697995e+00  1.02765425e+00  1.63927564e+00  3.25201811e+01  1.40358335e+00  5.72213622e+00 
 1.72000000e+00  1.72000000e+00  1.48000000e+00  2.55282820e-03  1.27044383e+00  1.90697995e+00  1.02765425e+00  1.63927564e+00  3.25201811e+01  1.40358335e+00  5.72213622e+00 
 1.73000000e+00  1.73000000e+00  1.48000000e+00  2.55554470e-03  1.27044383e+00  1.90697995e+00  1.02765425e+00  1.63927564e+00  3.25201811e+01  1.40358335e+00  5.72213622e+00 
 1.74000000e+00  1.74000000e+00  1.48000000e+00  2.55824851e-03  1.27044383e+00  1.90697995e+00  1.02765425e+00  1.63927564e+00  3.25201811e+01  1.40358335e+00  5.72213622e+00 
 1.75000000e+00  1.75000000e+00  1.48000000e+00  2.56093988e-03  1.27044383e+00  1.90697995e+00  1.02765425e+00  1.63927564e+00  3.25201811e+01  1.40358335e+00  5.72213622e+00 
 1.76000000e+00  1.76000000e+00  1.48000000e+00  2.56361907e-03  1.27044383e+00  1.90697995e+00  1.02765425e+00  1.63927564e+00  3.25201811e+01  1.40358335e+00  5.72213622e+00 
 1.77000000e+00  1.77000000e+00  1.48000000e+00  2.56628633e-03  1.27044383e+00  1.90697995e+00  1.02765425e+00  1.63927564e+00  3.25201811e+01  1.40358335e+00  5.72213622e+00 
 1.78000000e+00  1.78000000e+00  1.48000000e+00  2.56894189e-03  1.27044383e+00  1.90697995e+00  1.02765425e+00  1.63927564e+00  3.25201811e+01  1.40358335e+00  5.72213622e+00 
 1.79000000e+00  1.79000000e+00  1.48000000e+00  2.57158599e-03  1.27044383e+00  1.90697995e+00  1.02765425e+00  1.63927564e+00  3.25201811e+01  1.40358335e+00  5.72213622e+00 
 1.80000000e+00  1.80000000e+00  1.48000000e+00  2.57421885e-03  1.27044383e+00  1.90697995e+00  1.02765425e+00  1.63927564e+00  3.25201811e+01  1.40358335e+00  5.72213622e+00 
 1.81000000e+00  1.81000000e+00  1.48000000e+00  2.57684069e-03  1.27044383e+00  1.90697995e+00  1.02765425e+00  1.63927564e+00  3.25201811e+01  1.40358335e+00  5.72213622e+00 
 1.82000000e+00  1.82000000e+00  1.48000000e+00  2.57945174e-03  1.27044383e+00  1.90697995e+00  1.02765425e+00  1.63927564e+00  3.25201811e+01  1.40358335e+00  5.72213622e+00 
 1.83000000e+00  1.83000000e+00  1.48000000e+00  2.58205220e-03  1.27044383e+00  1.90697995e+00  1.02765425e+00  1.63927564e+00  3.25201811e+01  1.40358335e+00  5.72213622e+00 
 1.84000000e+00  1.84000000e+00  1.48000000e+00  2.58464228e-03  1.27044383e+00  1.90697995e+00  1.02765425e+00  1.63927564e+00  3.25201811e+01  1.40358335e+00  5.72213622e+00 
 1.85000000e+00  1.85000000e+00  1.48000000e+00  2.58722219e-03  1.27044383e+00  1.90697995e+00  1.02765425e+00  1.63927564e+00  3.25201811e+01  1.40358335e+00  5.72213622e+00 
