 v-sweep         run_num         v(drain)        i(vds)          out_vth0        out_u0          out_rdsw        out_nfactor     out_vsat        out_eta0       
 0.00000000e+00  6.14000000e+02  1.85000000e+00 -1.85137520e-12  4.05139367e-01  6.90221285e-02  1.05362067e+02  8.83687713e+00  1.28087617e+05 -1.99135287e-01 
 1.00000000e-02  6.14000000e+02  1.85000000e+00 -1.85137520e-12  4.05139367e-01  6.90221285e-02  1.05362067e+02  8.83687713e+00  1.28087617e+05 -1.99135287e-01 
 2.00000000e-02  6.14000000e+02  1.85000000e+00 -1.85137520e-12  4.05139367e-01  6.90221285e-02  1.05362067e+02  8.83687713e+00  1.28087617e+05 -1.99135287e-01 
 3.00000000e-02  6.14000000e+02  1.85000000e+00 -1.85137520e-12  4.05139367e-01  6.90221285e-02  1.05362067e+02  8.83687713e+00  1.28087617e+05 -1.99135287e-01 
 4.00000000e-02  6.14000000e+02  1.85000000e+00 -1.85137520e-12  4.05139367e-01  6.90221285e-02  1.05362067e+02  8.83687713e+00  1.28087617e+05 -1.99135287e-01 
 5.00000000e-02  6.14000000e+02  1.85000000e+00 -1.85137521e-12  4.05139367e-01  6.90221285e-02  1.05362067e+02  8.83687713e+00  1.28087617e+05 -1.99135287e-01 
 6.00000000e-02  6.14000000e+02  1.85000000e+00 -1.85137521e-12  4.05139367e-01  6.90221285e-02  1.05362067e+02  8.83687713e+00  1.28087617e+05 -1.99135287e-01 
 7.00000000e-02  6.14000000e+02  1.85000000e+00 -1.85137522e-12  4.05139367e-01  6.90221285e-02  1.05362067e+02  8.83687713e+00  1.28087617e+05 -1.99135287e-01 
 8.00000000e-02  6.14000000e+02  1.85000000e+00 -1.85137524e-12  4.05139367e-01  6.90221285e-02  1.05362067e+02  8.83687713e+00  1.28087617e+05 -1.99135287e-01 
 9.00000000e-02  6.14000000e+02  1.85000000e+00 -1.85137527e-12  4.05139367e-01  6.90221285e-02  1.05362067e+02  8.83687713e+00  1.28087617e+05 -1.99135287e-01 
 1.00000000e-01  6.14000000e+02  1.85000000e+00 -1.85137532e-12  4.05139367e-01  6.90221285e-02  1.05362067e+02  8.83687713e+00  1.28087617e+05 -1.99135287e-01 
 1.10000000e-01  6.14000000e+02  1.85000000e+00 -1.85137541e-12  4.05139367e-01  6.90221285e-02  1.05362067e+02  8.83687713e+00  1.28087617e+05 -1.99135287e-01 
 1.20000000e-01  6.14000000e+02  1.85000000e+00 -1.85137555e-12  4.05139367e-01  6.90221285e-02  1.05362067e+02  8.83687713e+00  1.28087617e+05 -1.99135287e-01 
 1.30000000e-01  6.14000000e+02  1.85000000e+00 -1.85137581e-12  4.05139367e-01  6.90221285e-02  1.05362067e+02  8.83687713e+00  1.28087617e+05 -1.99135287e-01 
 1.40000000e-01  6.14000000e+02  1.85000000e+00 -1.85137625e-12  4.05139367e-01  6.90221285e-02  1.05362067e+02  8.83687713e+00  1.28087617e+05 -1.99135287e-01 
 1.50000000e-01  6.14000000e+02  1.85000000e+00 -1.85137702e-12  4.05139367e-01  6.90221285e-02  1.05362067e+02  8.83687713e+00  1.28087617e+05 -1.99135287e-01 
 1.60000000e-01  6.14000000e+02  1.85000000e+00 -1.85137834e-12  4.05139367e-01  6.90221285e-02  1.05362067e+02  8.83687713e+00  1.28087617e+05 -1.99135287e-01 
 1.70000000e-01  6.14000000e+02  1.85000000e+00 -1.85138061e-12  4.05139367e-01  6.90221285e-02  1.05362067e+02  8.83687713e+00  1.28087617e+05 -1.99135287e-01 
 1.80000000e-01  6.14000000e+02  1.85000000e+00 -1.85138454e-12  4.05139367e-01  6.90221285e-02  1.05362067e+02  8.83687713e+00  1.28087617e+05 -1.99135287e-01 
 1.90000000e-01  6.14000000e+02  1.85000000e+00 -1.85139132e-12  4.05139367e-01  6.90221285e-02  1.05362067e+02  8.83687713e+00  1.28087617e+05 -1.99135287e-01 
 2.00000000e-01  6.14000000e+02  1.85000000e+00 -1.85140302e-12  4.05139367e-01  6.90221285e-02  1.05362067e+02  8.83687713e+00  1.28087617e+05 -1.99135287e-01 
 2.10000000e-01  6.14000000e+02  1.85000000e+00 -1.85142320e-12  4.05139367e-01  6.90221285e-02  1.05362067e+02  8.83687713e+00  1.28087617e+05 -1.99135287e-01 
 2.20000000e-01  6.14000000e+02  1.85000000e+00 -1.85145801e-12  4.05139367e-01  6.90221285e-02  1.05362067e+02  8.83687713e+00  1.28087617e+05 -1.99135287e-01 
 2.30000000e-01  6.14000000e+02  1.85000000e+00 -1.85151809e-12  4.05139367e-01  6.90221285e-02  1.05362067e+02  8.83687713e+00  1.28087617e+05 -1.99135287e-01 
 2.40000000e-01  6.14000000e+02  1.85000000e+00 -1.85162175e-12  4.05139367e-01  6.90221285e-02  1.05362067e+02  8.83687713e+00  1.28087617e+05 -1.99135287e-01 
 2.50000000e-01  6.14000000e+02  1.85000000e+00 -1.85180060e-12  4.05139367e-01  6.90221285e-02  1.05362067e+02  8.83687713e+00  1.28087617e+05 -1.99135287e-01 
 2.60000000e-01  6.14000000e+02  1.85000000e+00 -1.85210920e-12  4.05139367e-01  6.90221285e-02  1.05362067e+02  8.83687713e+00  1.28087617e+05 -1.99135287e-01 
 2.70000000e-01  6.14000000e+02  1.85000000e+00 -1.85264167e-12  4.05139367e-01  6.90221285e-02  1.05362067e+02  8.83687713e+00  1.28087617e+05 -1.99135287e-01 
 2.80000000e-01  6.14000000e+02  1.85000000e+00 -1.85356040e-12  4.05139367e-01  6.90221285e-02  1.05362067e+02  8.83687713e+00  1.28087617e+05 -1.99135287e-01 
 2.90000000e-01  6.14000000e+02  1.85000000e+00 -1.85514560e-12  4.05139367e-01  6.90221285e-02  1.05362067e+02  8.83687713e+00  1.28087617e+05 -1.99135287e-01 
 3.00000000e-01  6.14000000e+02  1.85000000e+00 -1.85788070e-12  4.05139367e-01  6.90221285e-02  1.05362067e+02  8.83687713e+00  1.28087617e+05 -1.99135287e-01 
 3.10000000e-01  6.14000000e+02  1.85000000e+00 -1.86259985e-12  4.05139367e-01  6.90221285e-02  1.05362067e+02  8.83687713e+00  1.28087617e+05 -1.99135287e-01 
 3.20000000e-01  6.14000000e+02  1.85000000e+00 -1.87074217e-12  4.05139367e-01  6.90221285e-02  1.05362067e+02  8.83687713e+00  1.28087617e+05 -1.99135287e-01 
 3.30000000e-01  6.14000000e+02  1.85000000e+00 -1.88479062e-12  4.05139367e-01  6.90221285e-02  1.05362067e+02  8.83687713e+00  1.28087617e+05 -1.99135287e-01 
 3.40000000e-01  6.14000000e+02  1.85000000e+00 -1.90902894e-12  4.05139367e-01  6.90221285e-02  1.05362067e+02  8.83687713e+00  1.28087617e+05 -1.99135287e-01 
 3.50000000e-01  6.14000000e+02  1.85000000e+00 -1.95084744e-12  4.05139367e-01  6.90221285e-02  1.05362067e+02  8.83687713e+00  1.28087617e+05 -1.99135287e-01 
 3.60000000e-01  6.14000000e+02  1.85000000e+00 -2.02299529e-12  4.05139367e-01  6.90221285e-02  1.05362067e+02  8.83687713e+00  1.28087617e+05 -1.99135287e-01 
 3.70000000e-01  6.14000000e+02  1.85000000e+00 -2.14746515e-12  4.05139367e-01  6.90221285e-02  1.05362067e+02  8.83687713e+00  1.28087617e+05 -1.99135287e-01 
 3.80000000e-01  6.14000000e+02  1.85000000e+00 -2.36219198e-12  4.05139367e-01  6.90221285e-02  1.05362067e+02  8.83687713e+00  1.28087617e+05 -1.99135287e-01 
 3.90000000e-01  6.14000000e+02  1.85000000e+00 -2.73260298e-12  4.05139367e-01  6.90221285e-02  1.05362067e+02  8.83687713e+00  1.28087617e+05 -1.99135287e-01 
 4.00000000e-01  6.14000000e+02  1.85000000e+00 -3.37152706e-12  4.05139367e-01  6.90221285e-02  1.05362067e+02  8.83687713e+00  1.28087617e+05 -1.99135287e-01 
 4.10000000e-01  6.14000000e+02  1.85000000e+00 -4.47350369e-12  4.05139367e-01  6.90221285e-02  1.05362067e+02  8.83687713e+00  1.28087617e+05 -1.99135287e-01 
 4.20000000e-01  6.14000000e+02  1.85000000e+00 -6.37388194e-12  4.05139367e-01  6.90221285e-02  1.05362067e+02  8.83687713e+00  1.28087617e+05 -1.99135287e-01 
 4.30000000e-01  6.14000000e+02  1.85000000e+00 -9.65056897e-12  4.05139367e-01  6.90221285e-02  1.05362067e+02  8.83687713e+00  1.28087617e+05 -1.99135287e-01 
 4.40000000e-01  6.14000000e+02  1.85000000e+00 -1.52990861e-11  4.05139367e-01  6.90221285e-02  1.05362067e+02  8.83687713e+00  1.28087617e+05 -1.99135287e-01 
 4.50000000e-01  6.14000000e+02  1.85000000e+00 -2.50334787e-11  4.05139367e-01  6.90221285e-02  1.05362067e+02  8.83687713e+00  1.28087617e+05 -1.99135287e-01 
 4.60000000e-01  6.14000000e+02  1.85000000e+00 -4.18029510e-11  4.05139367e-01  6.90221285e-02  1.05362067e+02  8.83687713e+00  1.28087617e+05 -1.99135287e-01 
 4.70000000e-01  6.14000000e+02  1.85000000e+00 -7.06775145e-11  4.05139367e-01  6.90221285e-02  1.05362067e+02  8.83687713e+00  1.28087617e+05 -1.99135287e-01 
 4.80000000e-01  6.14000000e+02  1.85000000e+00 -1.20363163e-10  4.05139367e-01  6.90221285e-02  1.05362067e+02  8.83687713e+00  1.28087617e+05 -1.99135287e-01 
 4.90000000e-01  6.14000000e+02  1.85000000e+00 -2.05787227e-10  4.05139367e-01  6.90221285e-02  1.05362067e+02  8.83687713e+00  1.28087617e+05 -1.99135287e-01 
 5.00000000e-01  6.14000000e+02  1.85000000e+00 -3.52494640e-10  4.05139367e-01  6.90221285e-02  1.05362067e+02  8.83687713e+00  1.28087617e+05 -1.99135287e-01 
 5.10000000e-01  6.14000000e+02  1.85000000e+00 -6.04090233e-10  4.05139367e-01  6.90221285e-02  1.05362067e+02  8.83687713e+00  1.28087617e+05 -1.99135287e-01 
 5.20000000e-01  6.14000000e+02  1.85000000e+00 -1.03476469e-09  4.05139367e-01  6.90221285e-02  1.05362067e+02  8.83687713e+00  1.28087617e+05 -1.99135287e-01 
 5.30000000e-01  6.14000000e+02  1.85000000e+00 -1.77021940e-09  4.05139367e-01  6.90221285e-02  1.05362067e+02  8.83687713e+00  1.28087617e+05 -1.99135287e-01 
 5.40000000e-01  6.14000000e+02  1.85000000e+00 -3.02228723e-09  4.05139367e-01  6.90221285e-02  1.05362067e+02  8.83687713e+00  1.28087617e+05 -1.99135287e-01 
 5.50000000e-01  6.14000000e+02  1.85000000e+00 -5.14551613e-09  4.05139367e-01  6.90221285e-02  1.05362067e+02  8.83687713e+00  1.28087617e+05 -1.99135287e-01 
 5.60000000e-01  6.14000000e+02  1.85000000e+00 -8.72823193e-09  4.05139367e-01  6.90221285e-02  1.05362067e+02  8.83687713e+00  1.28087617e+05 -1.99135287e-01 
 5.70000000e-01  6.14000000e+02  1.85000000e+00 -1.47363124e-08  4.05139367e-01  6.90221285e-02  1.05362067e+02  8.83687713e+00  1.28087617e+05 -1.99135287e-01 
 5.80000000e-01  6.14000000e+02  1.85000000e+00 -2.47349812e-08  4.05139367e-01  6.90221285e-02  1.05362067e+02  8.83687713e+00  1.28087617e+05 -1.99135287e-01 
 5.90000000e-01  6.14000000e+02  1.85000000e+00 -4.12217964e-08  4.05139367e-01  6.90221285e-02  1.05362067e+02  8.83687713e+00  1.28087617e+05 -1.99135287e-01 
 6.00000000e-01  6.14000000e+02  1.85000000e+00 -6.81117089e-08  4.05139367e-01  6.90221285e-02  1.05362067e+02  8.83687713e+00  1.28087617e+05 -1.99135287e-01 
 6.10000000e-01  6.14000000e+02  1.85000000e+00 -1.11421995e-07  4.05139367e-01  6.90221285e-02  1.05362067e+02  8.83687713e+00  1.28087617e+05 -1.99135287e-01 
 6.20000000e-01  6.14000000e+02  1.85000000e+00 -1.80211936e-07  4.05139367e-01  6.90221285e-02  1.05362067e+02  8.83687713e+00  1.28087617e+05 -1.99135287e-01 
 6.30000000e-01  6.14000000e+02  1.85000000e+00 -2.87841020e-07  4.05139367e-01  6.90221285e-02  1.05362067e+02  8.83687713e+00  1.28087617e+05 -1.99135287e-01 
 6.40000000e-01  6.14000000e+02  1.85000000e+00 -4.53614296e-07  4.05139367e-01  6.90221285e-02  1.05362067e+02  8.83687713e+00  1.28087617e+05 -1.99135287e-01 
 6.50000000e-01  6.14000000e+02  1.85000000e+00 -7.04850914e-07  4.05139367e-01  6.90221285e-02  1.05362067e+02  8.83687713e+00  1.28087617e+05 -1.99135287e-01 
 6.60000000e-01  6.14000000e+02  1.85000000e+00 -1.07926546e-06  4.05139367e-01  6.90221285e-02  1.05362067e+02  8.83687713e+00  1.28087617e+05 -1.99135287e-01 
 6.70000000e-01  6.14000000e+02  1.85000000e+00 -1.62720844e-06  4.05139367e-01  6.90221285e-02  1.05362067e+02  8.83687713e+00  1.28087617e+05 -1.99135287e-01 
 6.80000000e-01  6.14000000e+02  1.85000000e+00 -2.41281057e-06  4.05139367e-01  6.90221285e-02  1.05362067e+02  8.83687713e+00  1.28087617e+05 -1.99135287e-01 
 6.90000000e-01  6.14000000e+02  1.85000000e+00 -3.51271150e-06  4.05139367e-01  6.90221285e-02  1.05362067e+02  8.83687713e+00  1.28087617e+05 -1.99135287e-01 
 7.00000000e-01  6.14000000e+02  1.85000000e+00 -5.01130251e-06  4.05139367e-01  6.90221285e-02  1.05362067e+02  8.83687713e+00  1.28087617e+05 -1.99135287e-01 
 7.10000000e-01  6.14000000e+02  1.85000000e+00 -6.99252387e-06  4.05139367e-01  6.90221285e-02  1.05362067e+02  8.83687713e+00  1.28087617e+05 -1.99135287e-01 
 7.20000000e-01  6.14000000e+02  1.85000000e+00 -9.52983459e-06  4.05139367e-01  6.90221285e-02  1.05362067e+02  8.83687713e+00  1.28087617e+05 -1.99135287e-01 
 7.30000000e-01  6.14000000e+02  1.85000000e+00 -1.26770746e-05  4.05139367e-01  6.90221285e-02  1.05362067e+02  8.83687713e+00  1.28087617e+05 -1.99135287e-01 
 7.40000000e-01  6.14000000e+02  1.85000000e+00 -1.64627935e-05  4.05139367e-01  6.90221285e-02  1.05362067e+02  8.83687713e+00  1.28087617e+05 -1.99135287e-01 
 7.50000000e-01  6.14000000e+02  1.85000000e+00 -2.08892847e-05  4.05139367e-01  6.90221285e-02  1.05362067e+02  8.83687713e+00  1.28087617e+05 -1.99135287e-01 
 7.60000000e-01  6.14000000e+02  1.85000000e+00 -2.59358628e-05  4.05139367e-01  6.90221285e-02  1.05362067e+02  8.83687713e+00  1.28087617e+05 -1.99135287e-01 
 7.70000000e-01  6.14000000e+02  1.85000000e+00 -3.15647611e-05  4.05139367e-01  6.90221285e-02  1.05362067e+02  8.83687713e+00  1.28087617e+05 -1.99135287e-01 
 7.80000000e-01  6.14000000e+02  1.85000000e+00 -3.77277742e-05  4.05139367e-01  6.90221285e-02  1.05362067e+02  8.83687713e+00  1.28087617e+05 -1.99135287e-01 
 7.90000000e-01  6.14000000e+02  1.85000000e+00 -4.43722111e-05  4.05139367e-01  6.90221285e-02  1.05362067e+02  8.83687713e+00  1.28087617e+05 -1.99135287e-01 
 8.00000000e-01  6.14000000e+02  1.85000000e+00 -5.14454225e-05  4.05139367e-01  6.90221285e-02  1.05362067e+02  8.83687713e+00  1.28087617e+05 -1.99135287e-01 
 8.10000000e-01  6.14000000e+02  1.85000000e+00 -5.88977605e-05  4.05139367e-01  6.90221285e-02  1.05362067e+02  8.83687713e+00  1.28087617e+05 -1.99135287e-01 
 8.20000000e-01  6.14000000e+02  1.85000000e+00 -6.66841875e-05  4.05139367e-01  6.90221285e-02  1.05362067e+02  8.83687713e+00  1.28087617e+05 -1.99135287e-01 
 8.30000000e-01  6.14000000e+02  1.85000000e+00 -7.47648909e-05  4.05139367e-01  6.90221285e-02  1.05362067e+02  8.83687713e+00  1.28087617e+05 -1.99135287e-01 
 8.40000000e-01  6.14000000e+02  1.85000000e+00 -8.31052514e-05  4.05139367e-01  6.90221285e-02  1.05362067e+02  8.83687713e+00  1.28087617e+05 -1.99135287e-01 
 8.50000000e-01  6.14000000e+02  1.85000000e+00 -9.16754498e-05  4.05139367e-01  6.90221285e-02  1.05362067e+02  8.83687713e+00  1.28087617e+05 -1.99135287e-01 
 8.60000000e-01  6.14000000e+02  1.85000000e+00 -1.00449907e-04  4.05139367e-01  6.90221285e-02  1.05362067e+02  8.83687713e+00  1.28087617e+05 -1.99135287e-01 
 8.70000000e-01  6.14000000e+02  1.85000000e+00 -1.09406684e-04  4.05139367e-01  6.90221285e-02  1.05362067e+02  8.83687713e+00  1.28087617e+05 -1.99135287e-01 
 8.80000000e-01  6.14000000e+02  1.85000000e+00 -1.18526913e-04  4.05139367e-01  6.90221285e-02  1.05362067e+02  8.83687713e+00  1.28087617e+05 -1.99135287e-01 
 8.90000000e-01  6.14000000e+02  1.85000000e+00 -1.27794288e-04  4.05139367e-01  6.90221285e-02  1.05362067e+02  8.83687713e+00  1.28087617e+05 -1.99135287e-01 
 9.00000000e-01  6.14000000e+02  1.85000000e+00 -1.37194629e-04  4.05139367e-01  6.90221285e-02  1.05362067e+02  8.83687713e+00  1.28087617e+05 -1.99135287e-01 
 9.10000000e-01  6.14000000e+02  1.85000000e+00 -1.46715531e-04  4.05139367e-01  6.90221285e-02  1.05362067e+02  8.83687713e+00  1.28087617e+05 -1.99135287e-01 
 9.20000000e-01  6.14000000e+02  1.85000000e+00 -1.56346057e-04  4.05139367e-01  6.90221285e-02  1.05362067e+02  8.83687713e+00  1.28087617e+05 -1.99135287e-01 
 9.30000000e-01  6.14000000e+02  1.85000000e+00 -1.66076510e-04  4.05139367e-01  6.90221285e-02  1.05362067e+02  8.83687713e+00  1.28087617e+05 -1.99135287e-01 
 9.40000000e-01  6.14000000e+02  1.85000000e+00 -1.75898233e-04  4.05139367e-01  6.90221285e-02  1.05362067e+02  8.83687713e+00  1.28087617e+05 -1.99135287e-01 
 9.50000000e-01  6.14000000e+02  1.85000000e+00 -1.85803457e-04  4.05139367e-01  6.90221285e-02  1.05362067e+02  8.83687713e+00  1.28087617e+05 -1.99135287e-01 
 9.60000000e-01  6.14000000e+02  1.85000000e+00 -1.95785178e-04  4.05139367e-01  6.90221285e-02  1.05362067e+02  8.83687713e+00  1.28087617e+05 -1.99135287e-01 
 9.70000000e-01  6.14000000e+02  1.85000000e+00 -2.05837048e-04  4.05139367e-01  6.90221285e-02  1.05362067e+02  8.83687713e+00  1.28087617e+05 -1.99135287e-01 
 9.80000000e-01  6.14000000e+02  1.85000000e+00 -2.15953297e-04  4.05139367e-01  6.90221285e-02  1.05362067e+02  8.83687713e+00  1.28087617e+05 -1.99135287e-01 
 9.90000000e-01  6.14000000e+02  1.85000000e+00 -2.26128666e-04  4.05139367e-01  6.90221285e-02  1.05362067e+02  8.83687713e+00  1.28087617e+05 -1.99135287e-01 
 1.00000000e+00  6.14000000e+02  1.85000000e+00 -2.36358346e-04  4.05139367e-01  6.90221285e-02  1.05362067e+02  8.83687713e+00  1.28087617e+05 -1.99135287e-01 
 1.01000000e+00  6.14000000e+02  1.85000000e+00 -2.46637927e-04  4.05139367e-01  6.90221285e-02  1.05362067e+02  8.83687713e+00  1.28087617e+05 -1.99135287e-01 
 1.02000000e+00  6.14000000e+02  1.85000000e+00 -2.56963364e-04  4.05139367e-01  6.90221285e-02  1.05362067e+02  8.83687713e+00  1.28087617e+05 -1.99135287e-01 
 1.03000000e+00  6.14000000e+02  1.85000000e+00 -2.67330932e-04  4.05139367e-01  6.90221285e-02  1.05362067e+02  8.83687713e+00  1.28087617e+05 -1.99135287e-01 
 1.04000000e+00  6.14000000e+02  1.85000000e+00 -2.77737200e-04  4.05139367e-01  6.90221285e-02  1.05362067e+02  8.83687713e+00  1.28087617e+05 -1.99135287e-01 
 1.05000000e+00  6.14000000e+02  1.85000000e+00 -2.88179006e-04  4.05139367e-01  6.90221285e-02  1.05362067e+02  8.83687713e+00  1.28087617e+05 -1.99135287e-01 
 1.06000000e+00  6.14000000e+02  1.85000000e+00 -2.98653425e-04  4.05139367e-01  6.90221285e-02  1.05362067e+02  8.83687713e+00  1.28087617e+05 -1.99135287e-01 
 1.07000000e+00  6.14000000e+02  1.85000000e+00 -3.09157755e-04  4.05139367e-01  6.90221285e-02  1.05362067e+02  8.83687713e+00  1.28087617e+05 -1.99135287e-01 
 1.08000000e+00  6.14000000e+02  1.85000000e+00 -3.19689496e-04  4.05139367e-01  6.90221285e-02  1.05362067e+02  8.83687713e+00  1.28087617e+05 -1.99135287e-01 
 1.09000000e+00  6.14000000e+02  1.85000000e+00 -3.30246329e-04  4.05139367e-01  6.90221285e-02  1.05362067e+02  8.83687713e+00  1.28087617e+05 -1.99135287e-01 
 1.10000000e+00  6.14000000e+02  1.85000000e+00 -3.40826106e-04  4.05139367e-01  6.90221285e-02  1.05362067e+02  8.83687713e+00  1.28087617e+05 -1.99135287e-01 
 1.11000000e+00  6.14000000e+02  1.85000000e+00 -3.51426833e-04  4.05139367e-01  6.90221285e-02  1.05362067e+02  8.83687713e+00  1.28087617e+05 -1.99135287e-01 
 1.12000000e+00  6.14000000e+02  1.85000000e+00 -3.62046657e-04  4.05139367e-01  6.90221285e-02  1.05362067e+02  8.83687713e+00  1.28087617e+05 -1.99135287e-01 
 1.13000000e+00  6.14000000e+02  1.85000000e+00 -3.72683856e-04  4.05139367e-01  6.90221285e-02  1.05362067e+02  8.83687713e+00  1.28087617e+05 -1.99135287e-01 
 1.14000000e+00  6.14000000e+02  1.85000000e+00 -3.83336829e-04  4.05139367e-01  6.90221285e-02  1.05362067e+02  8.83687713e+00  1.28087617e+05 -1.99135287e-01 
 1.15000000e+00  6.14000000e+02  1.85000000e+00 -3.94004083e-04  4.05139367e-01  6.90221285e-02  1.05362067e+02  8.83687713e+00  1.28087617e+05 -1.99135287e-01 
 1.16000000e+00  6.14000000e+02  1.85000000e+00 -4.04684230e-04  4.05139367e-01  6.90221285e-02  1.05362067e+02  8.83687713e+00  1.28087617e+05 -1.99135287e-01 
 1.17000000e+00  6.14000000e+02  1.85000000e+00 -4.15375974e-04  4.05139367e-01  6.90221285e-02  1.05362067e+02  8.83687713e+00  1.28087617e+05 -1.99135287e-01 
 1.18000000e+00  6.14000000e+02  1.85000000e+00 -4.26078106e-04  4.05139367e-01  6.90221285e-02  1.05362067e+02  8.83687713e+00  1.28087617e+05 -1.99135287e-01 
 1.19000000e+00  6.14000000e+02  1.85000000e+00 -4.36789498e-04  4.05139367e-01  6.90221285e-02  1.05362067e+02  8.83687713e+00  1.28087617e+05 -1.99135287e-01 
 1.20000000e+00  6.14000000e+02  1.85000000e+00 -4.47509096e-04  4.05139367e-01  6.90221285e-02  1.05362067e+02  8.83687713e+00  1.28087617e+05 -1.99135287e-01 
 1.21000000e+00  6.14000000e+02  1.85000000e+00 -4.58235915e-04  4.05139367e-01  6.90221285e-02  1.05362067e+02  8.83687713e+00  1.28087617e+05 -1.99135287e-01 
 1.22000000e+00  6.14000000e+02  1.85000000e+00 -4.68969034e-04  4.05139367e-01  6.90221285e-02  1.05362067e+02  8.83687713e+00  1.28087617e+05 -1.99135287e-01 
 1.23000000e+00  6.14000000e+02  1.85000000e+00 -4.79707590e-04  4.05139367e-01  6.90221285e-02  1.05362067e+02  8.83687713e+00  1.28087617e+05 -1.99135287e-01 
 1.24000000e+00  6.14000000e+02  1.85000000e+00 -4.90450777e-04  4.05139367e-01  6.90221285e-02  1.05362067e+02  8.83687713e+00  1.28087617e+05 -1.99135287e-01 
 1.25000000e+00  6.14000000e+02  1.85000000e+00 -5.01197837e-04  4.05139367e-01  6.90221285e-02  1.05362067e+02  8.83687713e+00  1.28087617e+05 -1.99135287e-01 
 1.26000000e+00  6.14000000e+02  1.85000000e+00 -5.11948063e-04  4.05139367e-01  6.90221285e-02  1.05362067e+02  8.83687713e+00  1.28087617e+05 -1.99135287e-01 
 1.27000000e+00  6.14000000e+02  1.85000000e+00 -5.22700789e-04  4.05139367e-01  6.90221285e-02  1.05362067e+02  8.83687713e+00  1.28087617e+05 -1.99135287e-01 
 1.28000000e+00  6.14000000e+02  1.85000000e+00 -5.33455393e-04  4.05139367e-01  6.90221285e-02  1.05362067e+02  8.83687713e+00  1.28087617e+05 -1.99135287e-01 
 1.29000000e+00  6.14000000e+02  1.85000000e+00 -5.44211289e-04  4.05139367e-01  6.90221285e-02  1.05362067e+02  8.83687713e+00  1.28087617e+05 -1.99135287e-01 
 1.30000000e+00  6.14000000e+02  1.85000000e+00 -5.54967927e-04  4.05139367e-01  6.90221285e-02  1.05362067e+02  8.83687713e+00  1.28087617e+05 -1.99135287e-01 
 1.31000000e+00  6.14000000e+02  1.85000000e+00 -5.65724793e-04  4.05139367e-01  6.90221285e-02  1.05362067e+02  8.83687713e+00  1.28087617e+05 -1.99135287e-01 
 1.32000000e+00  6.14000000e+02  1.85000000e+00 -5.76481401e-04  4.05139367e-01  6.90221285e-02  1.05362067e+02  8.83687713e+00  1.28087617e+05 -1.99135287e-01 
 1.33000000e+00  6.14000000e+02  1.85000000e+00 -5.87237296e-04  4.05139367e-01  6.90221285e-02  1.05362067e+02  8.83687713e+00  1.28087617e+05 -1.99135287e-01 
 1.34000000e+00  6.14000000e+02  1.85000000e+00 -5.97992050e-04  4.05139367e-01  6.90221285e-02  1.05362067e+02  8.83687713e+00  1.28087617e+05 -1.99135287e-01 
 1.35000000e+00  6.14000000e+02  1.85000000e+00 -6.08745260e-04  4.05139367e-01  6.90221285e-02  1.05362067e+02  8.83687713e+00  1.28087617e+05 -1.99135287e-01 
 1.36000000e+00  6.14000000e+02  1.85000000e+00 -6.19496548e-04  4.05139367e-01  6.90221285e-02  1.05362067e+02  8.83687713e+00  1.28087617e+05 -1.99135287e-01 
 1.37000000e+00  6.14000000e+02  1.85000000e+00 -6.30245557e-04  4.05139367e-01  6.90221285e-02  1.05362067e+02  8.83687713e+00  1.28087617e+05 -1.99135287e-01 
 1.38000000e+00  6.14000000e+02  1.85000000e+00 -6.40991952e-04  4.05139367e-01  6.90221285e-02  1.05362067e+02  8.83687713e+00  1.28087617e+05 -1.99135287e-01 
 1.39000000e+00  6.14000000e+02  1.85000000e+00 -6.51735418e-04  4.05139367e-01  6.90221285e-02  1.05362067e+02  8.83687713e+00  1.28087617e+05 -1.99135287e-01 
 1.40000000e+00  6.14000000e+02  1.85000000e+00 -6.62475658e-04  4.05139367e-01  6.90221285e-02  1.05362067e+02  8.83687713e+00  1.28087617e+05 -1.99135287e-01 
 1.41000000e+00  6.14000000e+02  1.85000000e+00 -6.73212392e-04  4.05139367e-01  6.90221285e-02  1.05362067e+02  8.83687713e+00  1.28087617e+05 -1.99135287e-01 
 1.42000000e+00  6.14000000e+02  1.85000000e+00 -6.83945357e-04  4.05139367e-01  6.90221285e-02  1.05362067e+02  8.83687713e+00  1.28087617e+05 -1.99135287e-01 
 1.43000000e+00  6.14000000e+02  1.85000000e+00 -6.94674306e-04  4.05139367e-01  6.90221285e-02  1.05362067e+02  8.83687713e+00  1.28087617e+05 -1.99135287e-01 
 1.44000000e+00  6.14000000e+02  1.85000000e+00 -7.05399005e-04  4.05139367e-01  6.90221285e-02  1.05362067e+02  8.83687713e+00  1.28087617e+05 -1.99135287e-01 
 1.45000000e+00  6.14000000e+02  1.85000000e+00 -7.16119234e-04  4.05139367e-01  6.90221285e-02  1.05362067e+02  8.83687713e+00  1.28087617e+05 -1.99135287e-01 
 1.46000000e+00  6.14000000e+02  1.85000000e+00 -7.26834788e-04  4.05139367e-01  6.90221285e-02  1.05362067e+02  8.83687713e+00  1.28087617e+05 -1.99135287e-01 
 1.47000000e+00  6.14000000e+02  1.85000000e+00 -7.37545469e-04  4.05139367e-01  6.90221285e-02  1.05362067e+02  8.83687713e+00  1.28087617e+05 -1.99135287e-01 
 1.48000000e+00  6.14000000e+02  1.85000000e+00 -7.48251097e-04  4.05139367e-01  6.90221285e-02  1.05362067e+02  8.83687713e+00  1.28087617e+05 -1.99135287e-01 
 1.49000000e+00  6.14000000e+02  1.85000000e+00 -7.58951496e-04  4.05139367e-01  6.90221285e-02  1.05362067e+02  8.83687713e+00  1.28087617e+05 -1.99135287e-01 
 1.50000000e+00  6.14000000e+02  1.85000000e+00 -7.69646506e-04  4.05139367e-01  6.90221285e-02  1.05362067e+02  8.83687713e+00  1.28087617e+05 -1.99135287e-01 
 1.51000000e+00  6.14000000e+02  1.85000000e+00 -7.80335972e-04  4.05139367e-01  6.90221285e-02  1.05362067e+02  8.83687713e+00  1.28087617e+05 -1.99135287e-01 
 1.52000000e+00  6.14000000e+02  1.85000000e+00 -7.91019751e-04  4.05139367e-01  6.90221285e-02  1.05362067e+02  8.83687713e+00  1.28087617e+05 -1.99135287e-01 
 1.53000000e+00  6.14000000e+02  1.85000000e+00 -8.01697706e-04  4.05139367e-01  6.90221285e-02  1.05362067e+02  8.83687713e+00  1.28087617e+05 -1.99135287e-01 
 1.54000000e+00  6.14000000e+02  1.85000000e+00 -8.12369710e-04  4.05139367e-01  6.90221285e-02  1.05362067e+02  8.83687713e+00  1.28087617e+05 -1.99135287e-01 
 1.55000000e+00  6.14000000e+02  1.85000000e+00 -8.23035643e-04  4.05139367e-01  6.90221285e-02  1.05362067e+02  8.83687713e+00  1.28087617e+05 -1.99135287e-01 
 1.56000000e+00  6.14000000e+02  1.85000000e+00 -8.33695391e-04  4.05139367e-01  6.90221285e-02  1.05362067e+02  8.83687713e+00  1.28087617e+05 -1.99135287e-01 
 1.57000000e+00  6.14000000e+02  1.85000000e+00 -8.44348848e-04  4.05139367e-01  6.90221285e-02  1.05362067e+02  8.83687713e+00  1.28087617e+05 -1.99135287e-01 
 1.58000000e+00  6.14000000e+02  1.85000000e+00 -8.54995913e-04  4.05139367e-01  6.90221285e-02  1.05362067e+02  8.83687713e+00  1.28087617e+05 -1.99135287e-01 
 1.59000000e+00  6.14000000e+02  1.85000000e+00 -8.65636493e-04  4.05139367e-01  6.90221285e-02  1.05362067e+02  8.83687713e+00  1.28087617e+05 -1.99135287e-01 
 1.60000000e+00  6.14000000e+02  1.85000000e+00 -8.76270498e-04  4.05139367e-01  6.90221285e-02  1.05362067e+02  8.83687713e+00  1.28087617e+05 -1.99135287e-01 
 1.61000000e+00  6.14000000e+02  1.85000000e+00 -8.86897846e-04  4.05139367e-01  6.90221285e-02  1.05362067e+02  8.83687713e+00  1.28087617e+05 -1.99135287e-01 
 1.62000000e+00  6.14000000e+02  1.85000000e+00 -8.97518457e-04  4.05139367e-01  6.90221285e-02  1.05362067e+02  8.83687713e+00  1.28087617e+05 -1.99135287e-01 
 1.63000000e+00  6.14000000e+02  1.85000000e+00 -9.08132259e-04  4.05139367e-01  6.90221285e-02  1.05362067e+02  8.83687713e+00  1.28087617e+05 -1.99135287e-01 
 1.64000000e+00  6.14000000e+02  1.85000000e+00 -9.18739181e-04  4.05139367e-01  6.90221285e-02  1.05362067e+02  8.83687713e+00  1.28087617e+05 -1.99135287e-01 
 1.65000000e+00  6.14000000e+02  1.85000000e+00 -9.29339159e-04  4.05139367e-01  6.90221285e-02  1.05362067e+02  8.83687713e+00  1.28087617e+05 -1.99135287e-01 
 1.66000000e+00  6.14000000e+02  1.85000000e+00 -9.39932132e-04  4.05139367e-01  6.90221285e-02  1.05362067e+02  8.83687713e+00  1.28087617e+05 -1.99135287e-01 
 1.67000000e+00  6.14000000e+02  1.85000000e+00 -9.50518042e-04  4.05139367e-01  6.90221285e-02  1.05362067e+02  8.83687713e+00  1.28087617e+05 -1.99135287e-01 
 1.68000000e+00  6.14000000e+02  1.85000000e+00 -9.61096835e-04  4.05139367e-01  6.90221285e-02  1.05362067e+02  8.83687713e+00  1.28087617e+05 -1.99135287e-01 
 1.69000000e+00  6.14000000e+02  1.85000000e+00 -9.71668461e-04  4.05139367e-01  6.90221285e-02  1.05362067e+02  8.83687713e+00  1.28087617e+05 -1.99135287e-01 
 1.70000000e+00  6.14000000e+02  1.85000000e+00 -9.82232872e-04  4.05139367e-01  6.90221285e-02  1.05362067e+02  8.83687713e+00  1.28087617e+05 -1.99135287e-01 
 1.71000000e+00  6.14000000e+02  1.85000000e+00 -9.92790024e-04  4.05139367e-01  6.90221285e-02  1.05362067e+02  8.83687713e+00  1.28087617e+05 -1.99135287e-01 
 1.72000000e+00  6.14000000e+02  1.85000000e+00 -1.00333987e-03  4.05139367e-01  6.90221285e-02  1.05362067e+02  8.83687713e+00  1.28087617e+05 -1.99135287e-01 
 1.73000000e+00  6.14000000e+02  1.85000000e+00 -1.01388238e-03  4.05139367e-01  6.90221285e-02  1.05362067e+02  8.83687713e+00  1.28087617e+05 -1.99135287e-01 
 1.74000000e+00  6.14000000e+02  1.85000000e+00 -1.02441752e-03  4.05139367e-01  6.90221285e-02  1.05362067e+02  8.83687713e+00  1.28087617e+05 -1.99135287e-01 
 1.75000000e+00  6.14000000e+02  1.85000000e+00 -1.03494524e-03  4.05139367e-01  6.90221285e-02  1.05362067e+02  8.83687713e+00  1.28087617e+05 -1.99135287e-01 
 1.76000000e+00  6.14000000e+02  1.85000000e+00 -1.04546551e-03  4.05139367e-01  6.90221285e-02  1.05362067e+02  8.83687713e+00  1.28087617e+05 -1.99135287e-01 
 1.77000000e+00  6.14000000e+02  1.85000000e+00 -1.05597831e-03  4.05139367e-01  6.90221285e-02  1.05362067e+02  8.83687713e+00  1.28087617e+05 -1.99135287e-01 
 1.78000000e+00  6.14000000e+02  1.85000000e+00 -1.06648361e-03  4.05139367e-01  6.90221285e-02  1.05362067e+02  8.83687713e+00  1.28087617e+05 -1.99135287e-01 
 1.79000000e+00  6.14000000e+02  1.85000000e+00 -1.07698138e-03  4.05139367e-01  6.90221285e-02  1.05362067e+02  8.83687713e+00  1.28087617e+05 -1.99135287e-01 
 1.80000000e+00  6.14000000e+02  1.85000000e+00 -1.08747159e-03  4.05139367e-01  6.90221285e-02  1.05362067e+02  8.83687713e+00  1.28087617e+05 -1.99135287e-01 
 1.81000000e+00  6.14000000e+02  1.85000000e+00 -1.09795422e-03  4.05139367e-01  6.90221285e-02  1.05362067e+02  8.83687713e+00  1.28087617e+05 -1.99135287e-01 
 1.82000000e+00  6.14000000e+02  1.85000000e+00 -1.10842925e-03  4.05139367e-01  6.90221285e-02  1.05362067e+02  8.83687713e+00  1.28087617e+05 -1.99135287e-01 
 1.83000000e+00  6.14000000e+02  1.85000000e+00 -1.11889666e-03  4.05139367e-01  6.90221285e-02  1.05362067e+02  8.83687713e+00  1.28087617e+05 -1.99135287e-01 
 1.84000000e+00  6.14000000e+02  1.85000000e+00 -1.12935642e-03  4.05139367e-01  6.90221285e-02  1.05362067e+02  8.83687713e+00  1.28087617e+05 -1.99135287e-01 
 1.85000000e+00  6.14000000e+02  1.85000000e+00 -1.13980853e-03  4.05139367e-01  6.90221285e-02  1.05362067e+02  8.83687713e+00  1.28087617e+05 -1.99135287e-01 
