 v-sweep         run_num         v(drain)        i(vds)          out_vth0        out_u0          out_rdsw        out_nfactor     out_vsat        out_eta0       
 0.00000000e+00  3.26900000e+03  1.85000000e+00 -1.85137520e-12  4.13500414e-01  7.11803184e-02  1.06223714e+02  9.46509398e+00  1.32190409e+05 -2.01070251e-01 
 1.00000000e-02  3.26900000e+03  1.85000000e+00 -1.85137520e-12  4.13500414e-01  7.11803184e-02  1.06223714e+02  9.46509398e+00  1.32190409e+05 -2.01070251e-01 
 2.00000000e-02  3.26900000e+03  1.85000000e+00 -1.85137520e-12  4.13500414e-01  7.11803184e-02  1.06223714e+02  9.46509398e+00  1.32190409e+05 -2.01070251e-01 
 3.00000000e-02  3.26900000e+03  1.85000000e+00 -1.85137520e-12  4.13500414e-01  7.11803184e-02  1.06223714e+02  9.46509398e+00  1.32190409e+05 -2.01070251e-01 
 4.00000000e-02  3.26900000e+03  1.85000000e+00 -1.85137521e-12  4.13500414e-01  7.11803184e-02  1.06223714e+02  9.46509398e+00  1.32190409e+05 -2.01070251e-01 
 5.00000000e-02  3.26900000e+03  1.85000000e+00 -1.85137521e-12  4.13500414e-01  7.11803184e-02  1.06223714e+02  9.46509398e+00  1.32190409e+05 -2.01070251e-01 
 6.00000000e-02  3.26900000e+03  1.85000000e+00 -1.85137522e-12  4.13500414e-01  7.11803184e-02  1.06223714e+02  9.46509398e+00  1.32190409e+05 -2.01070251e-01 
 7.00000000e-02  3.26900000e+03  1.85000000e+00 -1.85137523e-12  4.13500414e-01  7.11803184e-02  1.06223714e+02  9.46509398e+00  1.32190409e+05 -2.01070251e-01 
 8.00000000e-02  3.26900000e+03  1.85000000e+00 -1.85137526e-12  4.13500414e-01  7.11803184e-02  1.06223714e+02  9.46509398e+00  1.32190409e+05 -2.01070251e-01 
 9.00000000e-02  3.26900000e+03  1.85000000e+00 -1.85137530e-12  4.13500414e-01  7.11803184e-02  1.06223714e+02  9.46509398e+00  1.32190409e+05 -2.01070251e-01 
 1.00000000e-01  3.26900000e+03  1.85000000e+00 -1.85137537e-12  4.13500414e-01  7.11803184e-02  1.06223714e+02  9.46509398e+00  1.32190409e+05 -2.01070251e-01 
 1.10000000e-01  3.26900000e+03  1.85000000e+00 -1.85137548e-12  4.13500414e-01  7.11803184e-02  1.06223714e+02  9.46509398e+00  1.32190409e+05 -2.01070251e-01 
 1.20000000e-01  3.26900000e+03  1.85000000e+00 -1.85137568e-12  4.13500414e-01  7.11803184e-02  1.06223714e+02  9.46509398e+00  1.32190409e+05 -2.01070251e-01 
 1.30000000e-01  3.26900000e+03  1.85000000e+00 -1.85137602e-12  4.13500414e-01  7.11803184e-02  1.06223714e+02  9.46509398e+00  1.32190409e+05 -2.01070251e-01 
 1.40000000e-01  3.26900000e+03  1.85000000e+00 -1.85137658e-12  4.13500414e-01  7.11803184e-02  1.06223714e+02  9.46509398e+00  1.32190409e+05 -2.01070251e-01 
 1.50000000e-01  3.26900000e+03  1.85000000e+00 -1.85137755e-12  4.13500414e-01  7.11803184e-02  1.06223714e+02  9.46509398e+00  1.32190409e+05 -2.01070251e-01 
 1.60000000e-01  3.26900000e+03  1.85000000e+00 -1.85137918e-12  4.13500414e-01  7.11803184e-02  1.06223714e+02  9.46509398e+00  1.32190409e+05 -2.01070251e-01 
 1.70000000e-01  3.26900000e+03  1.85000000e+00 -1.85138195e-12  4.13500414e-01  7.11803184e-02  1.06223714e+02  9.46509398e+00  1.32190409e+05 -2.01070251e-01 
 1.80000000e-01  3.26900000e+03  1.85000000e+00 -1.85138664e-12  4.13500414e-01  7.11803184e-02  1.06223714e+02  9.46509398e+00  1.32190409e+05 -2.01070251e-01 
 1.90000000e-01  3.26900000e+03  1.85000000e+00 -1.85139459e-12  4.13500414e-01  7.11803184e-02  1.06223714e+02  9.46509398e+00  1.32190409e+05 -2.01070251e-01 
 2.00000000e-01  3.26900000e+03  1.85000000e+00 -1.85140808e-12  4.13500414e-01  7.11803184e-02  1.06223714e+02  9.46509398e+00  1.32190409e+05 -2.01070251e-01 
 2.10000000e-01  3.26900000e+03  1.85000000e+00 -1.85143094e-12  4.13500414e-01  7.11803184e-02  1.06223714e+02  9.46509398e+00  1.32190409e+05 -2.01070251e-01 
 2.20000000e-01  3.26900000e+03  1.85000000e+00 -1.85146971e-12  4.13500414e-01  7.11803184e-02  1.06223714e+02  9.46509398e+00  1.32190409e+05 -2.01070251e-01 
 2.30000000e-01  3.26900000e+03  1.85000000e+00 -1.85153545e-12  4.13500414e-01  7.11803184e-02  1.06223714e+02  9.46509398e+00  1.32190409e+05 -2.01070251e-01 
 2.40000000e-01  3.26900000e+03  1.85000000e+00 -1.85164689e-12  4.13500414e-01  7.11803184e-02  1.06223714e+02  9.46509398e+00  1.32190409e+05 -2.01070251e-01 
 2.50000000e-01  3.26900000e+03  1.85000000e+00 -1.85183585e-12  4.13500414e-01  7.11803184e-02  1.06223714e+02  9.46509398e+00  1.32190409e+05 -2.01070251e-01 
 2.60000000e-01  3.26900000e+03  1.85000000e+00 -1.85215623e-12  4.13500414e-01  7.11803184e-02  1.06223714e+02  9.46509398e+00  1.32190409e+05 -2.01070251e-01 
 2.70000000e-01  3.26900000e+03  1.85000000e+00 -1.85269942e-12  4.13500414e-01  7.11803184e-02  1.06223714e+02  9.46509398e+00  1.32190409e+05 -2.01070251e-01 
 2.80000000e-01  3.26900000e+03  1.85000000e+00 -1.85362039e-12  4.13500414e-01  7.11803184e-02  1.06223714e+02  9.46509398e+00  1.32190409e+05 -2.01070251e-01 
 2.90000000e-01  3.26900000e+03  1.85000000e+00 -1.85518187e-12  4.13500414e-01  7.11803184e-02  1.06223714e+02  9.46509398e+00  1.32190409e+05 -2.01070251e-01 
 3.00000000e-01  3.26900000e+03  1.85000000e+00 -1.85782928e-12  4.13500414e-01  7.11803184e-02  1.06223714e+02  9.46509398e+00  1.32190409e+05 -2.01070251e-01 
 3.10000000e-01  3.26900000e+03  1.85000000e+00 -1.86231785e-12  4.13500414e-01  7.11803184e-02  1.06223714e+02  9.46509398e+00  1.32190409e+05 -2.01070251e-01 
 3.20000000e-01  3.26900000e+03  1.85000000e+00 -1.86992794e-12  4.13500414e-01  7.11803184e-02  1.06223714e+02  9.46509398e+00  1.32190409e+05 -2.01070251e-01 
 3.30000000e-01  3.26900000e+03  1.85000000e+00 -1.88283029e-12  4.13500414e-01  7.11803184e-02  1.06223714e+02  9.46509398e+00  1.32190409e+05 -2.01070251e-01 
 3.40000000e-01  3.26900000e+03  1.85000000e+00 -1.90470497e-12  4.13500414e-01  7.11803184e-02  1.06223714e+02  9.46509398e+00  1.32190409e+05 -2.01070251e-01 
 3.50000000e-01  3.26900000e+03  1.85000000e+00 -1.94179083e-12  4.13500414e-01  7.11803184e-02  1.06223714e+02  9.46509398e+00  1.32190409e+05 -2.01070251e-01 
 3.60000000e-01  3.26900000e+03  1.85000000e+00 -2.00466413e-12  4.13500414e-01  7.11803184e-02  1.06223714e+02  9.46509398e+00  1.32190409e+05 -2.01070251e-01 
 3.70000000e-01  3.26900000e+03  1.85000000e+00 -2.11125320e-12  4.13500414e-01  7.11803184e-02  1.06223714e+02  9.46509398e+00  1.32190409e+05 -2.01070251e-01 
 3.80000000e-01  3.26900000e+03  1.85000000e+00 -2.29194746e-12  4.13500414e-01  7.11803184e-02  1.06223714e+02  9.46509398e+00  1.32190409e+05 -2.01070251e-01 
 3.90000000e-01  3.26900000e+03  1.85000000e+00 -2.59825431e-12  4.13500414e-01  7.11803184e-02  1.06223714e+02  9.46509398e+00  1.32190409e+05 -2.01070251e-01 
 4.00000000e-01  3.26900000e+03  1.85000000e+00 -3.11746547e-12  4.13500414e-01  7.11803184e-02  1.06223714e+02  9.46509398e+00  1.32190409e+05 -2.01070251e-01 
 4.10000000e-01  3.26900000e+03  1.85000000e+00 -3.99749787e-12  4.13500414e-01  7.11803184e-02  1.06223714e+02  9.46509398e+00  1.32190409e+05 -2.01070251e-01 
 4.20000000e-01  3.26900000e+03  1.85000000e+00 -5.48895525e-12  4.13500414e-01  7.11803184e-02  1.06223714e+02  9.46509398e+00  1.32190409e+05 -2.01070251e-01 
 4.30000000e-01  3.26900000e+03  1.85000000e+00 -8.01631916e-12  4.13500414e-01  7.11803184e-02  1.06223714e+02  9.46509398e+00  1.32190409e+05 -2.01070251e-01 
 4.40000000e-01  3.26900000e+03  1.85000000e+00 -1.22983804e-11  4.13500414e-01  7.11803184e-02  1.06223714e+02  9.46509398e+00  1.32190409e+05 -2.01070251e-01 
 4.50000000e-01  3.26900000e+03  1.85000000e+00 -1.95518297e-11  4.13500414e-01  7.11803184e-02  1.06223714e+02  9.46509398e+00  1.32190409e+05 -2.01070251e-01 
 4.60000000e-01  3.26900000e+03  1.85000000e+00 -3.18351264e-11  4.13500414e-01  7.11803184e-02  1.06223714e+02  9.46509398e+00  1.32190409e+05 -2.01070251e-01 
 4.70000000e-01  3.26900000e+03  1.85000000e+00 -5.26286336e-11  4.13500414e-01  7.11803184e-02  1.06223714e+02  9.46509398e+00  1.32190409e+05 -2.01070251e-01 
 4.80000000e-01  3.26900000e+03  1.85000000e+00 -8.78118975e-11  4.13500414e-01  7.11803184e-02  1.06223714e+02  9.46509398e+00  1.32190409e+05 -2.01070251e-01 
 4.90000000e-01  3.26900000e+03  1.85000000e+00 -1.47306772e-10  4.13500414e-01  7.11803184e-02  1.06223714e+02  9.46509398e+00  1.32190409e+05 -2.01070251e-01 
 5.00000000e-01  3.26900000e+03  1.85000000e+00 -2.47833155e-10  4.13500414e-01  7.11803184e-02  1.06223714e+02  9.46509398e+00  1.32190409e+05 -2.01070251e-01 
 5.10000000e-01  3.26900000e+03  1.85000000e+00 -4.17515822e-10  4.13500414e-01  7.11803184e-02  1.06223714e+02  9.46509398e+00  1.32190409e+05 -2.01070251e-01 
 5.20000000e-01  3.26900000e+03  1.85000000e+00 -7.03553838e-10  4.13500414e-01  7.11803184e-02  1.06223714e+02  9.46509398e+00  1.32190409e+05 -2.01070251e-01 
 5.30000000e-01  3.26900000e+03  1.85000000e+00 -1.18492044e-09  4.13500414e-01  7.11803184e-02  1.06223714e+02  9.46509398e+00  1.32190409e+05 -2.01070251e-01 
 5.40000000e-01  3.26900000e+03  1.85000000e+00 -1.99324973e-09  4.13500414e-01  7.11803184e-02  1.06223714e+02  9.46509398e+00  1.32190409e+05 -2.01070251e-01 
 5.50000000e-01  3.26900000e+03  1.85000000e+00 -3.34689026e-09  4.13500414e-01  7.11803184e-02  1.06223714e+02  9.46509398e+00  1.32190409e+05 -2.01070251e-01 
 5.60000000e-01  3.26900000e+03  1.85000000e+00 -5.60582055e-09  4.13500414e-01  7.11803184e-02  1.06223714e+02  9.46509398e+00  1.32190409e+05 -2.01070251e-01 
 5.70000000e-01  3.26900000e+03  1.85000000e+00 -9.35900349e-09  4.13500414e-01  7.11803184e-02  1.06223714e+02  9.46509398e+00  1.32190409e+05 -2.01070251e-01 
 5.80000000e-01  3.26900000e+03  1.85000000e+00 -1.55610273e-08  4.13500414e-01  7.11803184e-02  1.06223714e+02  9.46509398e+00  1.32190409e+05 -2.01070251e-01 
 5.90000000e-01  3.26900000e+03  1.85000000e+00 -2.57415765e-08  4.13500414e-01  7.11803184e-02  1.06223714e+02  9.46509398e+00  1.32190409e+05 -2.01070251e-01 
 6.00000000e-01  3.26900000e+03  1.85000000e+00 -4.23191236e-08  4.13500414e-01  7.11803184e-02  1.06223714e+02  9.46509398e+00  1.32190409e+05 -2.01070251e-01 
 6.10000000e-01  3.26900000e+03  1.85000000e+00 -6.90587064e-08  4.13500414e-01  7.11803184e-02  1.06223714e+02  9.46509398e+00  1.32190409e+05 -2.01070251e-01 
 6.20000000e-01  3.26900000e+03  1.85000000e+00 -1.11722421e-07  4.13500414e-01  7.11803184e-02  1.06223714e+02  9.46509398e+00  1.32190409e+05 -2.01070251e-01 
 6.30000000e-01  3.26900000e+03  1.85000000e+00 -1.78971007e-07  4.13500414e-01  7.11803184e-02  1.06223714e+02  9.46509398e+00  1.32190409e+05 -2.01070251e-01 
 6.40000000e-01  3.26900000e+03  1.85000000e+00 -2.83586695e-07  4.13500414e-01  7.11803184e-02  1.06223714e+02  9.46509398e+00  1.32190409e+05 -2.01070251e-01 
 6.50000000e-01  3.26900000e+03  1.85000000e+00 -4.44096523e-07  4.13500414e-01  7.11803184e-02  1.06223714e+02  9.46509398e+00  1.32190409e+05 -2.01070251e-01 
 6.60000000e-01  3.26900000e+03  1.85000000e+00 -6.86854307e-07  4.13500414e-01  7.11803184e-02  1.06223714e+02  9.46509398e+00  1.32190409e+05 -2.01070251e-01 
 6.70000000e-01  3.26900000e+03  1.85000000e+00 -1.04852053e-06  4.13500414e-01  7.11803184e-02  1.06223714e+02  9.46509398e+00  1.32190409e+05 -2.01070251e-01 
 6.80000000e-01  3.26900000e+03  1.85000000e+00 -1.57857188e-06  4.13500414e-01  7.11803184e-02  1.06223714e+02  9.46509398e+00  1.32190409e+05 -2.01070251e-01 
 6.90000000e-01  3.26900000e+03  1.85000000e+00 -2.34096709e-06  4.13500414e-01  7.11803184e-02  1.06223714e+02  9.46509398e+00  1.32190409e+05 -2.01070251e-01 
 7.00000000e-01  3.26900000e+03  1.85000000e+00 -3.41362067e-06  4.13500414e-01  7.11803184e-02  1.06223714e+02  9.46509398e+00  1.32190409e+05 -2.01070251e-01 
 7.10000000e-01  3.26900000e+03  1.85000000e+00 -4.88437042e-06  4.13500414e-01  7.11803184e-02  1.06223714e+02  9.46509398e+00  1.32190409e+05 -2.01070251e-01 
 7.20000000e-01  3.26900000e+03  1.85000000e+00 -6.84306287e-06  4.13500414e-01  7.11803184e-02  1.06223714e+02  9.46509398e+00  1.32190409e+05 -2.01070251e-01 
 7.30000000e-01  3.26900000e+03  1.85000000e+00 -9.37102638e-06  4.13500414e-01  7.11803184e-02  1.06223714e+02  9.46509398e+00  1.32190409e+05 -2.01070251e-01 
 7.40000000e-01  3.26900000e+03  1.85000000e+00 -1.25306519e-05  4.13500414e-01  7.11803184e-02  1.06223714e+02  9.46509398e+00  1.32190409e+05 -2.01070251e-01 
 7.50000000e-01  3.26900000e+03  1.85000000e+00 -1.63580694e-05  4.13500414e-01  7.11803184e-02  1.06223714e+02  9.46509398e+00  1.32190409e+05 -2.01070251e-01 
 7.60000000e-01  3.26900000e+03  1.85000000e+00 -2.08607579e-05  4.13500414e-01  7.11803184e-02  1.06223714e+02  9.46509398e+00  1.32190409e+05 -2.01070251e-01 
 7.70000000e-01  3.26900000e+03  1.85000000e+00 -2.60200815e-05  4.13500414e-01  7.11803184e-02  1.06223714e+02  9.46509398e+00  1.32190409e+05 -2.01070251e-01 
 7.80000000e-01  3.26900000e+03  1.85000000e+00 -3.17972350e-05  4.13500414e-01  7.11803184e-02  1.06223714e+02  9.46509398e+00  1.32190409e+05 -2.01070251e-01 
 7.90000000e-01  3.26900000e+03  1.85000000e+00 -3.81405287e-05  4.13500414e-01  7.11803184e-02  1.06223714e+02  9.46509398e+00  1.32190409e+05 -2.01070251e-01 
 8.00000000e-01  3.26900000e+03  1.85000000e+00 -4.49922538e-05  4.13500414e-01  7.11803184e-02  1.06223714e+02  9.46509398e+00  1.32190409e+05 -2.01070251e-01 
 8.10000000e-01  3.26900000e+03  1.85000000e+00 -5.22941037e-05  4.13500414e-01  7.11803184e-02  1.06223714e+02  9.46509398e+00  1.32190409e+05 -2.01070251e-01 
 8.20000000e-01  3.26900000e+03  1.85000000e+00 -5.99908387e-05  4.13500414e-01  7.11803184e-02  1.06223714e+02  9.46509398e+00  1.32190409e+05 -2.01070251e-01 
 8.30000000e-01  3.26900000e+03  1.85000000e+00 -6.80323566e-05  4.13500414e-01  7.11803184e-02  1.06223714e+02  9.46509398e+00  1.32190409e+05 -2.01070251e-01 
 8.40000000e-01  3.26900000e+03  1.85000000e+00 -7.63745446e-05  4.13500414e-01  7.11803184e-02  1.06223714e+02  9.46509398e+00  1.32190409e+05 -2.01070251e-01 
 8.50000000e-01  3.26900000e+03  1.85000000e+00 -8.49793204e-05  4.13500414e-01  7.11803184e-02  1.06223714e+02  9.46509398e+00  1.32190409e+05 -2.01070251e-01 
 8.60000000e-01  3.26900000e+03  1.85000000e+00 -9.38142007e-05  4.13500414e-01  7.11803184e-02  1.06223714e+02  9.46509398e+00  1.32190409e+05 -2.01070251e-01 
 8.70000000e-01  3.26900000e+03  1.85000000e+00 -1.02851647e-04  4.13500414e-01  7.11803184e-02  1.06223714e+02  9.46509398e+00  1.32190409e+05 -2.01070251e-01 
 8.80000000e-01  3.26900000e+03  1.85000000e+00 -1.12068348e-04  4.13500414e-01  7.11803184e-02  1.06223714e+02  9.46509398e+00  1.32190409e+05 -2.01070251e-01 
 8.90000000e-01  3.26900000e+03  1.85000000e+00 -1.21444528e-04  4.13500414e-01  7.11803184e-02  1.06223714e+02  9.46509398e+00  1.32190409e+05 -2.01070251e-01 
 9.00000000e-01  3.26900000e+03  1.85000000e+00 -1.30963335e-04  4.13500414e-01  7.11803184e-02  1.06223714e+02  9.46509398e+00  1.32190409e+05 -2.01070251e-01 
 9.10000000e-01  3.26900000e+03  1.85000000e+00 -1.40610311e-04  4.13500414e-01  7.11803184e-02  1.06223714e+02  9.46509398e+00  1.32190409e+05 -2.01070251e-01 
 9.20000000e-01  3.26900000e+03  1.85000000e+00 -1.50372960e-04  4.13500414e-01  7.11803184e-02  1.06223714e+02  9.46509398e+00  1.32190409e+05 -2.01070251e-01 
 9.30000000e-01  3.26900000e+03  1.85000000e+00 -1.60240392e-04  4.13500414e-01  7.11803184e-02  1.06223714e+02  9.46509398e+00  1.32190409e+05 -2.01070251e-01 
 9.40000000e-01  3.26900000e+03  1.85000000e+00 -1.70203041e-04  4.13500414e-01  7.11803184e-02  1.06223714e+02  9.46509398e+00  1.32190409e+05 -2.01070251e-01 
 9.50000000e-01  3.26900000e+03  1.85000000e+00 -1.80252442e-04  4.13500414e-01  7.11803184e-02  1.06223714e+02  9.46509398e+00  1.32190409e+05 -2.01070251e-01 
 9.60000000e-01  3.26900000e+03  1.85000000e+00 -1.90381044e-04  4.13500414e-01  7.11803184e-02  1.06223714e+02  9.46509398e+00  1.32190409e+05 -2.01070251e-01 
 9.70000000e-01  3.26900000e+03  1.85000000e+00 -2.00582073e-04  4.13500414e-01  7.11803184e-02  1.06223714e+02  9.46509398e+00  1.32190409e+05 -2.01070251e-01 
 9.80000000e-01  3.26900000e+03  1.85000000e+00 -2.10849419e-04  4.13500414e-01  7.11803184e-02  1.06223714e+02  9.46509398e+00  1.32190409e+05 -2.01070251e-01 
 9.90000000e-01  3.26900000e+03  1.85000000e+00 -2.21177546e-04  4.13500414e-01  7.11803184e-02  1.06223714e+02  9.46509398e+00  1.32190409e+05 -2.01070251e-01 
 1.00000000e+00  3.26900000e+03  1.85000000e+00 -2.31561415e-04  4.13500414e-01  7.11803184e-02  1.06223714e+02  9.46509398e+00  1.32190409e+05 -2.01070251e-01 
 1.01000000e+00  3.26900000e+03  1.85000000e+00 -2.41996425e-04  4.13500414e-01  7.11803184e-02  1.06223714e+02  9.46509398e+00  1.32190409e+05 -2.01070251e-01 
 1.02000000e+00  3.26900000e+03  1.85000000e+00 -2.52478363e-04  4.13500414e-01  7.11803184e-02  1.06223714e+02  9.46509398e+00  1.32190409e+05 -2.01070251e-01 
 1.03000000e+00  3.26900000e+03  1.85000000e+00 -2.63003362e-04  4.13500414e-01  7.11803184e-02  1.06223714e+02  9.46509398e+00  1.32190409e+05 -2.01070251e-01 
 1.04000000e+00  3.26900000e+03  1.85000000e+00 -2.73567866e-04  4.13500414e-01  7.11803184e-02  1.06223714e+02  9.46509398e+00  1.32190409e+05 -2.01070251e-01 
 1.05000000e+00  3.26900000e+03  1.85000000e+00 -2.84168600e-04  4.13500414e-01  7.11803184e-02  1.06223714e+02  9.46509398e+00  1.32190409e+05 -2.01070251e-01 
 1.06000000e+00  3.26900000e+03  1.85000000e+00 -2.94802540e-04  4.13500414e-01  7.11803184e-02  1.06223714e+02  9.46509398e+00  1.32190409e+05 -2.01070251e-01 
 1.07000000e+00  3.26900000e+03  1.85000000e+00 -3.05466895e-04  4.13500414e-01  7.11803184e-02  1.06223714e+02  9.46509398e+00  1.32190409e+05 -2.01070251e-01 
 1.08000000e+00  3.26900000e+03  1.85000000e+00 -3.16159084e-04  4.13500414e-01  7.11803184e-02  1.06223714e+02  9.46509398e+00  1.32190409e+05 -2.01070251e-01 
 1.09000000e+00  3.26900000e+03  1.85000000e+00 -3.26876717e-04  4.13500414e-01  7.11803184e-02  1.06223714e+02  9.46509398e+00  1.32190409e+05 -2.01070251e-01 
 1.10000000e+00  3.26900000e+03  1.85000000e+00 -3.37617581e-04  4.13500414e-01  7.11803184e-02  1.06223714e+02  9.46509398e+00  1.32190409e+05 -2.01070251e-01 
 1.11000000e+00  3.26900000e+03  1.85000000e+00 -3.48379623e-04  4.13500414e-01  7.11803184e-02  1.06223714e+02  9.46509398e+00  1.32190409e+05 -2.01070251e-01 
 1.12000000e+00  3.26900000e+03  1.85000000e+00 -3.59160940e-04  4.13500414e-01  7.11803184e-02  1.06223714e+02  9.46509398e+00  1.32190409e+05 -2.01070251e-01 
 1.13000000e+00  3.26900000e+03  1.85000000e+00 -3.69959761e-04  4.13500414e-01  7.11803184e-02  1.06223714e+02  9.46509398e+00  1.32190409e+05 -2.01070251e-01 
 1.14000000e+00  3.26900000e+03  1.85000000e+00 -3.80774445e-04  4.13500414e-01  7.11803184e-02  1.06223714e+02  9.46509398e+00  1.32190409e+05 -2.01070251e-01 
 1.15000000e+00  3.26900000e+03  1.85000000e+00 -3.91603463e-04  4.13500414e-01  7.11803184e-02  1.06223714e+02  9.46509398e+00  1.32190409e+05 -2.01070251e-01 
 1.16000000e+00  3.26900000e+03  1.85000000e+00 -4.02445393e-04  4.13500414e-01  7.11803184e-02  1.06223714e+02  9.46509398e+00  1.32190409e+05 -2.01070251e-01 
 1.17000000e+00  3.26900000e+03  1.85000000e+00 -4.13298912e-04  4.13500414e-01  7.11803184e-02  1.06223714e+02  9.46509398e+00  1.32190409e+05 -2.01070251e-01 
 1.18000000e+00  3.26900000e+03  1.85000000e+00 -4.24162787e-04  4.13500414e-01  7.11803184e-02  1.06223714e+02  9.46509398e+00  1.32190409e+05 -2.01070251e-01 
 1.19000000e+00  3.26900000e+03  1.85000000e+00 -4.35035867e-04  4.13500414e-01  7.11803184e-02  1.06223714e+02  9.46509398e+00  1.32190409e+05 -2.01070251e-01 
 1.20000000e+00  3.26900000e+03  1.85000000e+00 -4.45917082e-04  4.13500414e-01  7.11803184e-02  1.06223714e+02  9.46509398e+00  1.32190409e+05 -2.01070251e-01 
 1.21000000e+00  3.26900000e+03  1.85000000e+00 -4.56805429e-04  4.13500414e-01  7.11803184e-02  1.06223714e+02  9.46509398e+00  1.32190409e+05 -2.01070251e-01 
 1.22000000e+00  3.26900000e+03  1.85000000e+00 -4.67699975e-04  4.13500414e-01  7.11803184e-02  1.06223714e+02  9.46509398e+00  1.32190409e+05 -2.01070251e-01 
 1.23000000e+00  3.26900000e+03  1.85000000e+00 -4.78599847e-04  4.13500414e-01  7.11803184e-02  1.06223714e+02  9.46509398e+00  1.32190409e+05 -2.01070251e-01 
 1.24000000e+00  3.26900000e+03  1.85000000e+00 -4.89504229e-04  4.13500414e-01  7.11803184e-02  1.06223714e+02  9.46509398e+00  1.32190409e+05 -2.01070251e-01 
 1.25000000e+00  3.26900000e+03  1.85000000e+00 -5.00412358e-04  4.13500414e-01  7.11803184e-02  1.06223714e+02  9.46509398e+00  1.32190409e+05 -2.01070251e-01 
 1.26000000e+00  3.26900000e+03  1.85000000e+00 -5.11323519e-04  4.13500414e-01  7.11803184e-02  1.06223714e+02  9.46509398e+00  1.32190409e+05 -2.01070251e-01 
 1.27000000e+00  3.26900000e+03  1.85000000e+00 -5.22237045e-04  4.13500414e-01  7.11803184e-02  1.06223714e+02  9.46509398e+00  1.32190409e+05 -2.01070251e-01 
 1.28000000e+00  3.26900000e+03  1.85000000e+00 -5.33152310e-04  4.13500414e-01  7.11803184e-02  1.06223714e+02  9.46509398e+00  1.32190409e+05 -2.01070251e-01 
 1.29000000e+00  3.26900000e+03  1.85000000e+00 -5.44068728e-04  4.13500414e-01  7.11803184e-02  1.06223714e+02  9.46509398e+00  1.32190409e+05 -2.01070251e-01 
 1.30000000e+00  3.26900000e+03  1.85000000e+00 -5.54985749e-04  4.13500414e-01  7.11803184e-02  1.06223714e+02  9.46509398e+00  1.32190409e+05 -2.01070251e-01 
 1.31000000e+00  3.26900000e+03  1.85000000e+00 -5.65902858e-04  4.13500414e-01  7.11803184e-02  1.06223714e+02  9.46509398e+00  1.32190409e+05 -2.01070251e-01 
 1.32000000e+00  3.26900000e+03  1.85000000e+00 -5.76819573e-04  4.13500414e-01  7.11803184e-02  1.06223714e+02  9.46509398e+00  1.32190409e+05 -2.01070251e-01 
 1.33000000e+00  3.26900000e+03  1.85000000e+00 -5.87735440e-04  4.13500414e-01  7.11803184e-02  1.06223714e+02  9.46509398e+00  1.32190409e+05 -2.01070251e-01 
 1.34000000e+00  3.26900000e+03  1.85000000e+00 -5.98650034e-04  4.13500414e-01  7.11803184e-02  1.06223714e+02  9.46509398e+00  1.32190409e+05 -2.01070251e-01 
 1.35000000e+00  3.26900000e+03  1.85000000e+00 -6.09562956e-04  4.13500414e-01  7.11803184e-02  1.06223714e+02  9.46509398e+00  1.32190409e+05 -2.01070251e-01 
 1.36000000e+00  3.26900000e+03  1.85000000e+00 -6.20473832e-04  4.13500414e-01  7.11803184e-02  1.06223714e+02  9.46509398e+00  1.32190409e+05 -2.01070251e-01 
 1.37000000e+00  3.26900000e+03  1.85000000e+00 -6.31382310e-04  4.13500414e-01  7.11803184e-02  1.06223714e+02  9.46509398e+00  1.32190409e+05 -2.01070251e-01 
 1.38000000e+00  3.26900000e+03  1.85000000e+00 -6.42288060e-04  4.13500414e-01  7.11803184e-02  1.06223714e+02  9.46509398e+00  1.32190409e+05 -2.01070251e-01 
 1.39000000e+00  3.26900000e+03  1.85000000e+00 -6.53190772e-04  4.13500414e-01  7.11803184e-02  1.06223714e+02  9.46509398e+00  1.32190409e+05 -2.01070251e-01 
 1.40000000e+00  3.26900000e+03  1.85000000e+00 -6.64090153e-04  4.13500414e-01  7.11803184e-02  1.06223714e+02  9.46509398e+00  1.32190409e+05 -2.01070251e-01 
 1.41000000e+00  3.26900000e+03  1.85000000e+00 -6.74985932e-04  4.13500414e-01  7.11803184e-02  1.06223714e+02  9.46509398e+00  1.32190409e+05 -2.01070251e-01 
 1.42000000e+00  3.26900000e+03  1.85000000e+00 -6.85877849e-04  4.13500414e-01  7.11803184e-02  1.06223714e+02  9.46509398e+00  1.32190409e+05 -2.01070251e-01 
 1.43000000e+00  3.26900000e+03  1.85000000e+00 -6.96765664e-04  4.13500414e-01  7.11803184e-02  1.06223714e+02  9.46509398e+00  1.32190409e+05 -2.01070251e-01 
 1.44000000e+00  3.26900000e+03  1.85000000e+00 -7.07649150e-04  4.13500414e-01  7.11803184e-02  1.06223714e+02  9.46509398e+00  1.32190409e+05 -2.01070251e-01 
 1.45000000e+00  3.26900000e+03  1.85000000e+00 -7.18528093e-04  4.13500414e-01  7.11803184e-02  1.06223714e+02  9.46509398e+00  1.32190409e+05 -2.01070251e-01 
 1.46000000e+00  3.26900000e+03  1.85000000e+00 -7.29402292e-04  4.13500414e-01  7.11803184e-02  1.06223714e+02  9.46509398e+00  1.32190409e+05 -2.01070251e-01 
 1.47000000e+00  3.26900000e+03  1.85000000e+00 -7.40271560e-04  4.13500414e-01  7.11803184e-02  1.06223714e+02  9.46509398e+00  1.32190409e+05 -2.01070251e-01 
 1.48000000e+00  3.26900000e+03  1.85000000e+00 -7.51135719e-04  4.13500414e-01  7.11803184e-02  1.06223714e+02  9.46509398e+00  1.32190409e+05 -2.01070251e-01 
 1.49000000e+00  3.26900000e+03  1.85000000e+00 -7.61994604e-04  4.13500414e-01  7.11803184e-02  1.06223714e+02  9.46509398e+00  1.32190409e+05 -2.01070251e-01 
 1.50000000e+00  3.26900000e+03  1.85000000e+00 -7.72848057e-04  4.13500414e-01  7.11803184e-02  1.06223714e+02  9.46509398e+00  1.32190409e+05 -2.01070251e-01 
 1.51000000e+00  3.26900000e+03  1.85000000e+00 -7.83695932e-04  4.13500414e-01  7.11803184e-02  1.06223714e+02  9.46509398e+00  1.32190409e+05 -2.01070251e-01 
 1.52000000e+00  3.26900000e+03  1.85000000e+00 -7.94538091e-04  4.13500414e-01  7.11803184e-02  1.06223714e+02  9.46509398e+00  1.32190409e+05 -2.01070251e-01 
 1.53000000e+00  3.26900000e+03  1.85000000e+00 -8.05374405e-04  4.13500414e-01  7.11803184e-02  1.06223714e+02  9.46509398e+00  1.32190409e+05 -2.01070251e-01 
 1.54000000e+00  3.26900000e+03  1.85000000e+00 -8.16204753e-04  4.13500414e-01  7.11803184e-02  1.06223714e+02  9.46509398e+00  1.32190409e+05 -2.01070251e-01 
 1.55000000e+00  3.26900000e+03  1.85000000e+00 -8.27029020e-04  4.13500414e-01  7.11803184e-02  1.06223714e+02  9.46509398e+00  1.32190409e+05 -2.01070251e-01 
 1.56000000e+00  3.26900000e+03  1.85000000e+00 -8.37847099e-04  4.13500414e-01  7.11803184e-02  1.06223714e+02  9.46509398e+00  1.32190409e+05 -2.01070251e-01 
 1.57000000e+00  3.26900000e+03  1.85000000e+00 -8.48658891e-04  4.13500414e-01  7.11803184e-02  1.06223714e+02  9.46509398e+00  1.32190409e+05 -2.01070251e-01 
 1.58000000e+00  3.26900000e+03  1.85000000e+00 -8.59464300e-04  4.13500414e-01  7.11803184e-02  1.06223714e+02  9.46509398e+00  1.32190409e+05 -2.01070251e-01 
 1.59000000e+00  3.26900000e+03  1.85000000e+00 -8.70263238e-04  4.13500414e-01  7.11803184e-02  1.06223714e+02  9.46509398e+00  1.32190409e+05 -2.01070251e-01 
 1.60000000e+00  3.26900000e+03  1.85000000e+00 -8.81055623e-04  4.13500414e-01  7.11803184e-02  1.06223714e+02  9.46509398e+00  1.32190409e+05 -2.01070251e-01 
 1.61000000e+00  3.26900000e+03  1.85000000e+00 -8.91841378e-04  4.13500414e-01  7.11803184e-02  1.06223714e+02  9.46509398e+00  1.32190409e+05 -2.01070251e-01 
 1.62000000e+00  3.26900000e+03  1.85000000e+00 -9.02620428e-04  4.13500414e-01  7.11803184e-02  1.06223714e+02  9.46509398e+00  1.32190409e+05 -2.01070251e-01 
 1.63000000e+00  3.26900000e+03  1.85000000e+00 -9.13392707e-04  4.13500414e-01  7.11803184e-02  1.06223714e+02  9.46509398e+00  1.32190409e+05 -2.01070251e-01 
 1.64000000e+00  3.26900000e+03  1.85000000e+00 -9.24158151e-04  4.13500414e-01  7.11803184e-02  1.06223714e+02  9.46509398e+00  1.32190409e+05 -2.01070251e-01 
 1.65000000e+00  3.26900000e+03  1.85000000e+00 -9.34916699e-04  4.13500414e-01  7.11803184e-02  1.06223714e+02  9.46509398e+00  1.32190409e+05 -2.01070251e-01 
 1.66000000e+00  3.26900000e+03  1.85000000e+00 -9.45668296e-04  4.13500414e-01  7.11803184e-02  1.06223714e+02  9.46509398e+00  1.32190409e+05 -2.01070251e-01 
 1.67000000e+00  3.26900000e+03  1.85000000e+00 -9.56412890e-04  4.13500414e-01  7.11803184e-02  1.06223714e+02  9.46509398e+00  1.32190409e+05 -2.01070251e-01 
 1.68000000e+00  3.26900000e+03  1.85000000e+00 -9.67150432e-04  4.13500414e-01  7.11803184e-02  1.06223714e+02  9.46509398e+00  1.32190409e+05 -2.01070251e-01 
 1.69000000e+00  3.26900000e+03  1.85000000e+00 -9.77880876e-04  4.13500414e-01  7.11803184e-02  1.06223714e+02  9.46509398e+00  1.32190409e+05 -2.01070251e-01 
 1.70000000e+00  3.26900000e+03  1.85000000e+00 -9.88604179e-04  4.13500414e-01  7.11803184e-02  1.06223714e+02  9.46509398e+00  1.32190409e+05 -2.01070251e-01 
 1.71000000e+00  3.26900000e+03  1.85000000e+00 -9.99320302e-04  4.13500414e-01  7.11803184e-02  1.06223714e+02  9.46509398e+00  1.32190409e+05 -2.01070251e-01 
 1.72000000e+00  3.26900000e+03  1.85000000e+00 -1.01002921e-03  4.13500414e-01  7.11803184e-02  1.06223714e+02  9.46509398e+00  1.32190409e+05 -2.01070251e-01 
 1.73000000e+00  3.26900000e+03  1.85000000e+00 -1.02073086e-03  4.13500414e-01  7.11803184e-02  1.06223714e+02  9.46509398e+00  1.32190409e+05 -2.01070251e-01 
 1.74000000e+00  3.26900000e+03  1.85000000e+00 -1.03142523e-03  4.13500414e-01  7.11803184e-02  1.06223714e+02  9.46509398e+00  1.32190409e+05 -2.01070251e-01 
 1.75000000e+00  3.26900000e+03  1.85000000e+00 -1.04211228e-03  4.13500414e-01  7.11803184e-02  1.06223714e+02  9.46509398e+00  1.32190409e+05 -2.01070251e-01 
 1.76000000e+00  3.26900000e+03  1.85000000e+00 -1.05279199e-03  4.13500414e-01  7.11803184e-02  1.06223714e+02  9.46509398e+00  1.32190409e+05 -2.01070251e-01 
 1.77000000e+00  3.26900000e+03  1.85000000e+00 -1.06346434e-03  4.13500414e-01  7.11803184e-02  1.06223714e+02  9.46509398e+00  1.32190409e+05 -2.01070251e-01 
 1.78000000e+00  3.26900000e+03  1.85000000e+00 -1.07412928e-03  4.13500414e-01  7.11803184e-02  1.06223714e+02  9.46509398e+00  1.32190409e+05 -2.01070251e-01 
 1.79000000e+00  3.26900000e+03  1.85000000e+00 -1.08478681e-03  4.13500414e-01  7.11803184e-02  1.06223714e+02  9.46509398e+00  1.32190409e+05 -2.01070251e-01 
 1.80000000e+00  3.26900000e+03  1.85000000e+00 -1.09543691e-03  4.13500414e-01  7.11803184e-02  1.06223714e+02  9.46509398e+00  1.32190409e+05 -2.01070251e-01 
 1.81000000e+00  3.26900000e+03  1.85000000e+00 -1.10607954e-03  4.13500414e-01  7.11803184e-02  1.06223714e+02  9.46509398e+00  1.32190409e+05 -2.01070251e-01 
 1.82000000e+00  3.26900000e+03  1.85000000e+00 -1.11671470e-03  4.13500414e-01  7.11803184e-02  1.06223714e+02  9.46509398e+00  1.32190409e+05 -2.01070251e-01 
 1.83000000e+00  3.26900000e+03  1.85000000e+00 -1.12734236e-03  4.13500414e-01  7.11803184e-02  1.06223714e+02  9.46509398e+00  1.32190409e+05 -2.01070251e-01 
 1.84000000e+00  3.26900000e+03  1.85000000e+00 -1.13796252e-03  4.13500414e-01  7.11803184e-02  1.06223714e+02  9.46509398e+00  1.32190409e+05 -2.01070251e-01 
 1.85000000e+00  3.26900000e+03  1.85000000e+00 -1.14857515e-03  4.13500414e-01  7.11803184e-02  1.06223714e+02  9.46509398e+00  1.32190409e+05 -2.01070251e-01 
