 v-sweep         run_num         v(drain)        i(vds)          out_vth0        out_u0          out_rdsw        out_nfactor     out_vsat        out_eta0       
 0.00000000e+00  1.55000000e+03  1.85000000e+00 -1.85137520e-12  3.59962044e-01  5.73607600e-02  1.00706325e+02  5.44242693e+00  1.05918960e+05 -1.88680072e-01 
 1.00000000e-02  1.55000000e+03  1.85000000e+00 -1.85137520e-12  3.59962044e-01  5.73607600e-02  1.00706325e+02  5.44242693e+00  1.05918960e+05 -1.88680072e-01 
 2.00000000e-02  1.55000000e+03  1.85000000e+00 -1.85137520e-12  3.59962044e-01  5.73607600e-02  1.00706325e+02  5.44242693e+00  1.05918960e+05 -1.88680072e-01 
 3.00000000e-02  1.55000000e+03  1.85000000e+00 -1.85137520e-12  3.59962044e-01  5.73607600e-02  1.00706325e+02  5.44242693e+00  1.05918960e+05 -1.88680072e-01 
 4.00000000e-02  1.55000000e+03  1.85000000e+00 -1.85137520e-12  3.59962044e-01  5.73607600e-02  1.00706325e+02  5.44242693e+00  1.05918960e+05 -1.88680072e-01 
 5.00000000e-02  1.55000000e+03  1.85000000e+00 -1.85137520e-12  3.59962044e-01  5.73607600e-02  1.00706325e+02  5.44242693e+00  1.05918960e+05 -1.88680072e-01 
 6.00000000e-02  1.55000000e+03  1.85000000e+00 -1.85137520e-12  3.59962044e-01  5.73607600e-02  1.00706325e+02  5.44242693e+00  1.05918960e+05 -1.88680072e-01 
 7.00000000e-02  1.55000000e+03  1.85000000e+00 -1.85137520e-12  3.59962044e-01  5.73607600e-02  1.00706325e+02  5.44242693e+00  1.05918960e+05 -1.88680072e-01 
 8.00000000e-02  1.55000000e+03  1.85000000e+00 -1.85137520e-12  3.59962044e-01  5.73607600e-02  1.00706325e+02  5.44242693e+00  1.05918960e+05 -1.88680072e-01 
 9.00000000e-02  1.55000000e+03  1.85000000e+00 -1.85137521e-12  3.59962044e-01  5.73607600e-02  1.00706325e+02  5.44242693e+00  1.05918960e+05 -1.88680072e-01 
 1.00000000e-01  1.55000000e+03  1.85000000e+00 -1.85137521e-12  3.59962044e-01  5.73607600e-02  1.00706325e+02  5.44242693e+00  1.05918960e+05 -1.88680072e-01 
 1.10000000e-01  1.55000000e+03  1.85000000e+00 -1.85137522e-12  3.59962044e-01  5.73607600e-02  1.00706325e+02  5.44242693e+00  1.05918960e+05 -1.88680072e-01 
 1.20000000e-01  1.55000000e+03  1.85000000e+00 -1.85137524e-12  3.59962044e-01  5.73607600e-02  1.00706325e+02  5.44242693e+00  1.05918960e+05 -1.88680072e-01 
 1.30000000e-01  1.55000000e+03  1.85000000e+00 -1.85137529e-12  3.59962044e-01  5.73607600e-02  1.00706325e+02  5.44242693e+00  1.05918960e+05 -1.88680072e-01 
 1.40000000e-01  1.55000000e+03  1.85000000e+00 -1.85137537e-12  3.59962044e-01  5.73607600e-02  1.00706325e+02  5.44242693e+00  1.05918960e+05 -1.88680072e-01 
 1.50000000e-01  1.55000000e+03  1.85000000e+00 -1.85137553e-12  3.59962044e-01  5.73607600e-02  1.00706325e+02  5.44242693e+00  1.05918960e+05 -1.88680072e-01 
 1.60000000e-01  1.55000000e+03  1.85000000e+00 -1.85137583e-12  3.59962044e-01  5.73607600e-02  1.00706325e+02  5.44242693e+00  1.05918960e+05 -1.88680072e-01 
 1.70000000e-01  1.55000000e+03  1.85000000e+00 -1.85137643e-12  3.59962044e-01  5.73607600e-02  1.00706325e+02  5.44242693e+00  1.05918960e+05 -1.88680072e-01 
 1.80000000e-01  1.55000000e+03  1.85000000e+00 -1.85137760e-12  3.59962044e-01  5.73607600e-02  1.00706325e+02  5.44242693e+00  1.05918960e+05 -1.88680072e-01 
 1.90000000e-01  1.55000000e+03  1.85000000e+00 -1.85137986e-12  3.59962044e-01  5.73607600e-02  1.00706325e+02  5.44242693e+00  1.05918960e+05 -1.88680072e-01 
 2.00000000e-01  1.55000000e+03  1.85000000e+00 -1.85138426e-12  3.59962044e-01  5.73607600e-02  1.00706325e+02  5.44242693e+00  1.05918960e+05 -1.88680072e-01 
 2.10000000e-01  1.55000000e+03  1.85000000e+00 -1.85139281e-12  3.59962044e-01  5.73607600e-02  1.00706325e+02  5.44242693e+00  1.05918960e+05 -1.88680072e-01 
 2.20000000e-01  1.55000000e+03  1.85000000e+00 -1.85140943e-12  3.59962044e-01  5.73607600e-02  1.00706325e+02  5.44242693e+00  1.05918960e+05 -1.88680072e-01 
 2.30000000e-01  1.55000000e+03  1.85000000e+00 -1.85144173e-12  3.59962044e-01  5.73607600e-02  1.00706325e+02  5.44242693e+00  1.05918960e+05 -1.88680072e-01 
 2.40000000e-01  1.55000000e+03  1.85000000e+00 -1.85150450e-12  3.59962044e-01  5.73607600e-02  1.00706325e+02  5.44242693e+00  1.05918960e+05 -1.88680072e-01 
 2.50000000e-01  1.55000000e+03  1.85000000e+00 -1.85162652e-12  3.59962044e-01  5.73607600e-02  1.00706325e+02  5.44242693e+00  1.05918960e+05 -1.88680072e-01 
 2.60000000e-01  1.55000000e+03  1.85000000e+00 -1.85186369e-12  3.59962044e-01  5.73607600e-02  1.00706325e+02  5.44242693e+00  1.05918960e+05 -1.88680072e-01 
 2.70000000e-01  1.55000000e+03  1.85000000e+00 -1.85232465e-12  3.59962044e-01  5.73607600e-02  1.00706325e+02  5.44242693e+00  1.05918960e+05 -1.88680072e-01 
 2.80000000e-01  1.55000000e+03  1.85000000e+00 -1.85322059e-12  3.59962044e-01  5.73607600e-02  1.00706325e+02  5.44242693e+00  1.05918960e+05 -1.88680072e-01 
 2.90000000e-01  1.55000000e+03  1.85000000e+00 -1.85496195e-12  3.59962044e-01  5.73607600e-02  1.00706325e+02  5.44242693e+00  1.05918960e+05 -1.88680072e-01 
 3.00000000e-01  1.55000000e+03  1.85000000e+00 -1.85834641e-12  3.59962044e-01  5.73607600e-02  1.00706325e+02  5.44242693e+00  1.05918960e+05 -1.88680072e-01 
 3.10000000e-01  1.55000000e+03  1.85000000e+00 -1.86492422e-12  3.59962044e-01  5.73607600e-02  1.00706325e+02  5.44242693e+00  1.05918960e+05 -1.88680072e-01 
 3.20000000e-01  1.55000000e+03  1.85000000e+00 -1.87770808e-12  3.59962044e-01  5.73607600e-02  1.00706325e+02  5.44242693e+00  1.05918960e+05 -1.88680072e-01 
 3.30000000e-01  1.55000000e+03  1.85000000e+00 -1.90255223e-12  3.59962044e-01  5.73607600e-02  1.00706325e+02  5.44242693e+00  1.05918960e+05 -1.88680072e-01 
 3.40000000e-01  1.55000000e+03  1.85000000e+00 -1.95083166e-12  3.59962044e-01  5.73607600e-02  1.00706325e+02  5.44242693e+00  1.05918960e+05 -1.88680072e-01 
 3.50000000e-01  1.55000000e+03  1.85000000e+00 -2.04464527e-12  3.59962044e-01  5.73607600e-02  1.00706325e+02  5.44242693e+00  1.05918960e+05 -1.88680072e-01 
 3.60000000e-01  1.55000000e+03  1.85000000e+00 -2.22691805e-12  3.59962044e-01  5.73607600e-02  1.00706325e+02  5.44242693e+00  1.05918960e+05 -1.88680072e-01 
 3.70000000e-01  1.55000000e+03  1.85000000e+00 -2.58100622e-12  3.59962044e-01  5.73607600e-02  1.00706325e+02  5.44242693e+00  1.05918960e+05 -1.88680072e-01 
 3.80000000e-01  1.55000000e+03  1.85000000e+00 -3.26872131e-12  3.59962044e-01  5.73607600e-02  1.00706325e+02  5.44242693e+00  1.05918960e+05 -1.88680072e-01 
 3.90000000e-01  1.55000000e+03  1.85000000e+00 -4.60401535e-12  3.59962044e-01  5.73607600e-02  1.00706325e+02  5.44242693e+00  1.05918960e+05 -1.88680072e-01 
 4.00000000e-01  1.55000000e+03  1.85000000e+00 -7.19560418e-12  3.59962044e-01  5.73607600e-02  1.00706325e+02  5.44242693e+00  1.05918960e+05 -1.88680072e-01 
 4.10000000e-01  1.55000000e+03  1.85000000e+00 -1.22225726e-11  3.59962044e-01  5.73607600e-02  1.00706325e+02  5.44242693e+00  1.05918960e+05 -1.88680072e-01 
 4.20000000e-01  1.55000000e+03  1.85000000e+00 -2.19657396e-11  3.59962044e-01  5.73607600e-02  1.00706325e+02  5.44242693e+00  1.05918960e+05 -1.88680072e-01 
 4.30000000e-01  1.55000000e+03  1.85000000e+00 -4.08288852e-11  3.59962044e-01  5.73607600e-02  1.00706325e+02  5.44242693e+00  1.05918960e+05 -1.88680072e-01 
 4.40000000e-01  1.55000000e+03  1.85000000e+00 -7.72928206e-11  3.59962044e-01  5.73607600e-02  1.00706325e+02  5.44242693e+00  1.05918960e+05 -1.88680072e-01 
 4.50000000e-01  1.55000000e+03  1.85000000e+00 -1.47631704e-10  3.59962044e-01  5.73607600e-02  1.00706325e+02  5.44242693e+00  1.05918960e+05 -1.88680072e-01 
 4.60000000e-01  1.55000000e+03  1.85000000e+00 -2.82921615e-10  3.59962044e-01  5.73607600e-02  1.00706325e+02  5.44242693e+00  1.05918960e+05 -1.88680072e-01 
 4.70000000e-01  1.55000000e+03  1.85000000e+00 -5.42105799e-10  3.59962044e-01  5.73607600e-02  1.00706325e+02  5.44242693e+00  1.05918960e+05 -1.88680072e-01 
 4.80000000e-01  1.55000000e+03  1.85000000e+00 -1.03596748e-09  3.59962044e-01  5.73607600e-02  1.00706325e+02  5.44242693e+00  1.05918960e+05 -1.88680072e-01 
 4.90000000e-01  1.55000000e+03  1.85000000e+00 -1.97017900e-09  3.59962044e-01  5.73607600e-02  1.00706325e+02  5.44242693e+00  1.05918960e+05 -1.88680072e-01 
 5.00000000e-01  1.55000000e+03  1.85000000e+00 -3.72040053e-09  3.59962044e-01  5.73607600e-02  1.00706325e+02  5.44242693e+00  1.05918960e+05 -1.88680072e-01 
 5.10000000e-01  1.55000000e+03  1.85000000e+00 -6.95836539e-09  3.59962044e-01  5.73607600e-02  1.00706325e+02  5.44242693e+00  1.05918960e+05 -1.88680072e-01 
 5.20000000e-01  1.55000000e+03  1.85000000e+00 -1.28533596e-08  3.59962044e-01  5.73607600e-02  1.00706325e+02  5.44242693e+00  1.05918960e+05 -1.88680072e-01 
 5.30000000e-01  1.55000000e+03  1.85000000e+00 -2.33750564e-08  3.59962044e-01  5.73607600e-02  1.00706325e+02  5.44242693e+00  1.05918960e+05 -1.88680072e-01 
 5.40000000e-01  1.55000000e+03  1.85000000e+00 -4.17177022e-08  3.59962044e-01  5.73607600e-02  1.00706325e+02  5.44242693e+00  1.05918960e+05 -1.88680072e-01 
 5.50000000e-01  1.55000000e+03  1.85000000e+00 -7.28541272e-08  3.59962044e-01  5.73607600e-02  1.00706325e+02  5.44242693e+00  1.05918960e+05 -1.88680072e-01 
 5.60000000e-01  1.55000000e+03  1.85000000e+00 -1.24225786e-07  3.59962044e-01  5.73607600e-02  1.00706325e+02  5.44242693e+00  1.05918960e+05 -1.88680072e-01 
 5.70000000e-01  1.55000000e+03  1.85000000e+00 -2.06604751e-07  3.59962044e-01  5.73607600e-02  1.00706325e+02  5.44242693e+00  1.05918960e+05 -1.88680072e-01 
 5.80000000e-01  1.55000000e+03  1.85000000e+00 -3.35223354e-07  3.59962044e-01  5.73607600e-02  1.00706325e+02  5.44242693e+00  1.05918960e+05 -1.88680072e-01 
 5.90000000e-01  1.55000000e+03  1.85000000e+00 -5.31289469e-07  3.59962044e-01  5.73607600e-02  1.00706325e+02  5.44242693e+00  1.05918960e+05 -1.88680072e-01 
 6.00000000e-01  1.55000000e+03  1.85000000e+00 -8.23870844e-07  3.59962044e-01  5.73607600e-02  1.00706325e+02  5.44242693e+00  1.05918960e+05 -1.88680072e-01 
 6.10000000e-01  1.55000000e+03  1.85000000e+00 -1.25176677e-06  3.59962044e-01  5.73607600e-02  1.00706325e+02  5.44242693e+00  1.05918960e+05 -1.88680072e-01 
 6.20000000e-01  1.55000000e+03  1.85000000e+00 -1.86448362e-06  3.59962044e-01  5.73607600e-02  1.00706325e+02  5.44242693e+00  1.05918960e+05 -1.88680072e-01 
 6.30000000e-01  1.55000000e+03  1.85000000e+00 -2.72111221e-06  3.59962044e-01  5.73607600e-02  1.00706325e+02  5.44242693e+00  1.05918960e+05 -1.88680072e-01 
 6.40000000e-01  1.55000000e+03  1.85000000e+00 -3.88621718e-06  3.59962044e-01  5.73607600e-02  1.00706325e+02  5.44242693e+00  1.05918960e+05 -1.88680072e-01 
 6.50000000e-01  1.55000000e+03  1.85000000e+00 -5.42299132e-06  3.59962044e-01  5.73607600e-02  1.00706325e+02  5.44242693e+00  1.05918960e+05 -1.88680072e-01 
 6.60000000e-01  1.55000000e+03  1.85000000e+00 -7.38540813e-06  3.59962044e-01  5.73607600e-02  1.00706325e+02  5.44242693e+00  1.05918960e+05 -1.88680072e-01 
 6.70000000e-01  1.55000000e+03  1.85000000e+00 -9.81186979e-06  3.59962044e-01  5.73607600e-02  1.00706325e+02  5.44242693e+00  1.05918960e+05 -1.88680072e-01 
 6.80000000e-01  1.55000000e+03  1.85000000e+00 -1.27222296e-05  3.59962044e-01  5.73607600e-02  1.00706325e+02  5.44242693e+00  1.05918960e+05 -1.88680072e-01 
 6.90000000e-01  1.55000000e+03  1.85000000e+00 -1.61185165e-05  3.59962044e-01  5.73607600e-02  1.00706325e+02  5.44242693e+00  1.05918960e+05 -1.88680072e-01 
 7.00000000e-01  1.55000000e+03  1.85000000e+00 -1.99883041e-05  3.59962044e-01  5.73607600e-02  1.00706325e+02  5.44242693e+00  1.05918960e+05 -1.88680072e-01 
 7.10000000e-01  1.55000000e+03  1.85000000e+00 -2.43091591e-05  3.59962044e-01  5.73607600e-02  1.00706325e+02  5.44242693e+00  1.05918960e+05 -1.88680072e-01 
 7.20000000e-01  1.55000000e+03  1.85000000e+00 -2.90528860e-05  3.59962044e-01  5.73607600e-02  1.00706325e+02  5.44242693e+00  1.05918960e+05 -1.88680072e-01 
 7.30000000e-01  1.55000000e+03  1.85000000e+00 -3.41888861e-05  3.59962044e-01  5.73607600e-02  1.00706325e+02  5.44242693e+00  1.05918960e+05 -1.88680072e-01 
 7.40000000e-01  1.55000000e+03  1.85000000e+00 -3.96864661e-05  3.59962044e-01  5.73607600e-02  1.00706325e+02  5.44242693e+00  1.05918960e+05 -1.88680072e-01 
 7.50000000e-01  1.55000000e+03  1.85000000e+00 -4.55162290e-05  3.59962044e-01  5.73607600e-02  1.00706325e+02  5.44242693e+00  1.05918960e+05 -1.88680072e-01 
 7.60000000e-01  1.55000000e+03  1.85000000e+00 -5.16507891e-05  3.59962044e-01  5.73607600e-02  1.00706325e+02  5.44242693e+00  1.05918960e+05 -1.88680072e-01 
 7.70000000e-01  1.55000000e+03  1.85000000e+00 -5.80650410e-05  3.59962044e-01  5.73607600e-02  1.00706325e+02  5.44242693e+00  1.05918960e+05 -1.88680072e-01 
 7.80000000e-01  1.55000000e+03  1.85000000e+00 -6.47361663e-05  3.59962044e-01  5.73607600e-02  1.00706325e+02  5.44242693e+00  1.05918960e+05 -1.88680072e-01 
 7.90000000e-01  1.55000000e+03  1.85000000e+00 -7.16435032e-05  3.59962044e-01  5.73607600e-02  1.00706325e+02  5.44242693e+00  1.05918960e+05 -1.88680072e-01 
 8.00000000e-01  1.55000000e+03  1.85000000e+00 -7.87683551e-05  3.59962044e-01  5.73607600e-02  1.00706325e+02  5.44242693e+00  1.05918960e+05 -1.88680072e-01 
 8.10000000e-01  1.55000000e+03  1.85000000e+00 -8.60937854e-05  3.59962044e-01  5.73607600e-02  1.00706325e+02  5.44242693e+00  1.05918960e+05 -1.88680072e-01 
 8.20000000e-01  1.55000000e+03  1.85000000e+00 -9.36044201e-05  3.59962044e-01  5.73607600e-02  1.00706325e+02  5.44242693e+00  1.05918960e+05 -1.88680072e-01 
 8.30000000e-01  1.55000000e+03  1.85000000e+00 -1.01286269e-04  3.59962044e-01  5.73607600e-02  1.00706325e+02  5.44242693e+00  1.05918960e+05 -1.88680072e-01 
 8.40000000e-01  1.55000000e+03  1.85000000e+00 -1.09126568e-04  3.59962044e-01  5.73607600e-02  1.00706325e+02  5.44242693e+00  1.05918960e+05 -1.88680072e-01 
 8.50000000e-01  1.55000000e+03  1.85000000e+00 -1.17113643e-04  3.59962044e-01  5.73607600e-02  1.00706325e+02  5.44242693e+00  1.05918960e+05 -1.88680072e-01 
 8.60000000e-01  1.55000000e+03  1.85000000e+00 -1.25236794e-04  3.59962044e-01  5.73607600e-02  1.00706325e+02  5.44242693e+00  1.05918960e+05 -1.88680072e-01 
 8.70000000e-01  1.55000000e+03  1.85000000e+00 -1.33486192e-04  3.59962044e-01  5.73607600e-02  1.00706325e+02  5.44242693e+00  1.05918960e+05 -1.88680072e-01 
 8.80000000e-01  1.55000000e+03  1.85000000e+00 -1.41852795e-04  3.59962044e-01  5.73607600e-02  1.00706325e+02  5.44242693e+00  1.05918960e+05 -1.88680072e-01 
 8.90000000e-01  1.55000000e+03  1.85000000e+00 -1.50328267e-04  3.59962044e-01  5.73607600e-02  1.00706325e+02  5.44242693e+00  1.05918960e+05 -1.88680072e-01 
 9.00000000e-01  1.55000000e+03  1.85000000e+00 -1.58904918e-04  3.59962044e-01  5.73607600e-02  1.00706325e+02  5.44242693e+00  1.05918960e+05 -1.88680072e-01 
 9.10000000e-01  1.55000000e+03  1.85000000e+00 -1.67575640e-04  3.59962044e-01  5.73607600e-02  1.00706325e+02  5.44242693e+00  1.05918960e+05 -1.88680072e-01 
 9.20000000e-01  1.55000000e+03  1.85000000e+00 -1.76333860e-04  3.59962044e-01  5.73607600e-02  1.00706325e+02  5.44242693e+00  1.05918960e+05 -1.88680072e-01 
 9.30000000e-01  1.55000000e+03  1.85000000e+00 -1.85173488e-04  3.59962044e-01  5.73607600e-02  1.00706325e+02  5.44242693e+00  1.05918960e+05 -1.88680072e-01 
 9.40000000e-01  1.55000000e+03  1.85000000e+00 -1.94088880e-04  3.59962044e-01  5.73607600e-02  1.00706325e+02  5.44242693e+00  1.05918960e+05 -1.88680072e-01 
 9.50000000e-01  1.55000000e+03  1.85000000e+00 -2.03074801e-04  3.59962044e-01  5.73607600e-02  1.00706325e+02  5.44242693e+00  1.05918960e+05 -1.88680072e-01 
 9.60000000e-01  1.55000000e+03  1.85000000e+00 -2.12126386e-04  3.59962044e-01  5.73607600e-02  1.00706325e+02  5.44242693e+00  1.05918960e+05 -1.88680072e-01 
 9.70000000e-01  1.55000000e+03  1.85000000e+00 -2.21239114e-04  3.59962044e-01  5.73607600e-02  1.00706325e+02  5.44242693e+00  1.05918960e+05 -1.88680072e-01 
 9.80000000e-01  1.55000000e+03  1.85000000e+00 -2.30408778e-04  3.59962044e-01  5.73607600e-02  1.00706325e+02  5.44242693e+00  1.05918960e+05 -1.88680072e-01 
 9.90000000e-01  1.55000000e+03  1.85000000e+00 -2.39631463e-04  3.59962044e-01  5.73607600e-02  1.00706325e+02  5.44242693e+00  1.05918960e+05 -1.88680072e-01 
 1.00000000e+00  1.55000000e+03  1.85000000e+00 -2.48903520e-04  3.59962044e-01  5.73607600e-02  1.00706325e+02  5.44242693e+00  1.05918960e+05 -1.88680072e-01 
 1.01000000e+00  1.55000000e+03  1.85000000e+00 -2.58221547e-04  3.59962044e-01  5.73607600e-02  1.00706325e+02  5.44242693e+00  1.05918960e+05 -1.88680072e-01 
 1.02000000e+00  1.55000000e+03  1.85000000e+00 -2.67582370e-04  3.59962044e-01  5.73607600e-02  1.00706325e+02  5.44242693e+00  1.05918960e+05 -1.88680072e-01 
 1.03000000e+00  1.55000000e+03  1.85000000e+00 -2.76983020e-04  3.59962044e-01  5.73607600e-02  1.00706325e+02  5.44242693e+00  1.05918960e+05 -1.88680072e-01 
 1.04000000e+00  1.55000000e+03  1.85000000e+00 -2.86420726e-04  3.59962044e-01  5.73607600e-02  1.00706325e+02  5.44242693e+00  1.05918960e+05 -1.88680072e-01 
 1.05000000e+00  1.55000000e+03  1.85000000e+00 -2.95892894e-04  3.59962044e-01  5.73607600e-02  1.00706325e+02  5.44242693e+00  1.05918960e+05 -1.88680072e-01 
 1.06000000e+00  1.55000000e+03  1.85000000e+00 -3.05397094e-04  3.59962044e-01  5.73607600e-02  1.00706325e+02  5.44242693e+00  1.05918960e+05 -1.88680072e-01 
 1.07000000e+00  1.55000000e+03  1.85000000e+00 -3.14931052e-04  3.59962044e-01  5.73607600e-02  1.00706325e+02  5.44242693e+00  1.05918960e+05 -1.88680072e-01 
 1.08000000e+00  1.55000000e+03  1.85000000e+00 -3.24492633e-04  3.59962044e-01  5.73607600e-02  1.00706325e+02  5.44242693e+00  1.05918960e+05 -1.88680072e-01 
 1.09000000e+00  1.55000000e+03  1.85000000e+00 -3.34079836e-04  3.59962044e-01  5.73607600e-02  1.00706325e+02  5.44242693e+00  1.05918960e+05 -1.88680072e-01 
 1.10000000e+00  1.55000000e+03  1.85000000e+00 -3.43690780e-04  3.59962044e-01  5.73607600e-02  1.00706325e+02  5.44242693e+00  1.05918960e+05 -1.88680072e-01 
 1.11000000e+00  1.55000000e+03  1.85000000e+00 -3.53323700e-04  3.59962044e-01  5.73607600e-02  1.00706325e+02  5.44242693e+00  1.05918960e+05 -1.88680072e-01 
 1.12000000e+00  1.55000000e+03  1.85000000e+00 -3.62976935e-04  3.59962044e-01  5.73607600e-02  1.00706325e+02  5.44242693e+00  1.05918960e+05 -1.88680072e-01 
 1.13000000e+00  1.55000000e+03  1.85000000e+00 -3.72648922e-04  3.59962044e-01  5.73607600e-02  1.00706325e+02  5.44242693e+00  1.05918960e+05 -1.88680072e-01 
 1.14000000e+00  1.55000000e+03  1.85000000e+00 -3.82338191e-04  3.59962044e-01  5.73607600e-02  1.00706325e+02  5.44242693e+00  1.05918960e+05 -1.88680072e-01 
 1.15000000e+00  1.55000000e+03  1.85000000e+00 -3.92043355e-04  3.59962044e-01  5.73607600e-02  1.00706325e+02  5.44242693e+00  1.05918960e+05 -1.88680072e-01 
 1.16000000e+00  1.55000000e+03  1.85000000e+00 -4.01763110e-04  3.59962044e-01  5.73607600e-02  1.00706325e+02  5.44242693e+00  1.05918960e+05 -1.88680072e-01 
 1.17000000e+00  1.55000000e+03  1.85000000e+00 -4.11496222e-04  3.59962044e-01  5.73607600e-02  1.00706325e+02  5.44242693e+00  1.05918960e+05 -1.88680072e-01 
 1.18000000e+00  1.55000000e+03  1.85000000e+00 -4.21241530e-04  3.59962044e-01  5.73607600e-02  1.00706325e+02  5.44242693e+00  1.05918960e+05 -1.88680072e-01 
 1.19000000e+00  1.55000000e+03  1.85000000e+00 -4.30997935e-04  3.59962044e-01  5.73607600e-02  1.00706325e+02  5.44242693e+00  1.05918960e+05 -1.88680072e-01 
 1.20000000e+00  1.55000000e+03  1.85000000e+00 -4.40764402e-04  3.59962044e-01  5.73607600e-02  1.00706325e+02  5.44242693e+00  1.05918960e+05 -1.88680072e-01 
 1.21000000e+00  1.55000000e+03  1.85000000e+00 -4.50539951e-04  3.59962044e-01  5.73607600e-02  1.00706325e+02  5.44242693e+00  1.05918960e+05 -1.88680072e-01 
 1.22000000e+00  1.55000000e+03  1.85000000e+00 -4.60323654e-04  3.59962044e-01  5.73607600e-02  1.00706325e+02  5.44242693e+00  1.05918960e+05 -1.88680072e-01 
 1.23000000e+00  1.55000000e+03  1.85000000e+00 -4.70114635e-04  3.59962044e-01  5.73607600e-02  1.00706325e+02  5.44242693e+00  1.05918960e+05 -1.88680072e-01 
 1.24000000e+00  1.55000000e+03  1.85000000e+00 -4.79912065e-04  3.59962044e-01  5.73607600e-02  1.00706325e+02  5.44242693e+00  1.05918960e+05 -1.88680072e-01 
 1.25000000e+00  1.55000000e+03  1.85000000e+00 -4.89715157e-04  3.59962044e-01  5.73607600e-02  1.00706325e+02  5.44242693e+00  1.05918960e+05 -1.88680072e-01 
 1.26000000e+00  1.55000000e+03  1.85000000e+00 -4.99523168e-04  3.59962044e-01  5.73607600e-02  1.00706325e+02  5.44242693e+00  1.05918960e+05 -1.88680072e-01 
 1.27000000e+00  1.55000000e+03  1.85000000e+00 -5.09335393e-04  3.59962044e-01  5.73607600e-02  1.00706325e+02  5.44242693e+00  1.05918960e+05 -1.88680072e-01 
 1.28000000e+00  1.55000000e+03  1.85000000e+00 -5.19151162e-04  3.59962044e-01  5.73607600e-02  1.00706325e+02  5.44242693e+00  1.05918960e+05 -1.88680072e-01 
 1.29000000e+00  1.55000000e+03  1.85000000e+00 -5.28969842e-04  3.59962044e-01  5.73607600e-02  1.00706325e+02  5.44242693e+00  1.05918960e+05 -1.88680072e-01 
 1.30000000e+00  1.55000000e+03  1.85000000e+00 -5.38790830e-04  3.59962044e-01  5.73607600e-02  1.00706325e+02  5.44242693e+00  1.05918960e+05 -1.88680072e-01 
 1.31000000e+00  1.55000000e+03  1.85000000e+00 -5.48613557e-04  3.59962044e-01  5.73607600e-02  1.00706325e+02  5.44242693e+00  1.05918960e+05 -1.88680072e-01 
 1.32000000e+00  1.55000000e+03  1.85000000e+00 -5.58437480e-04  3.59962044e-01  5.73607600e-02  1.00706325e+02  5.44242693e+00  1.05918960e+05 -1.88680072e-01 
 1.33000000e+00  1.55000000e+03  1.85000000e+00 -5.68262085e-04  3.59962044e-01  5.73607600e-02  1.00706325e+02  5.44242693e+00  1.05918960e+05 -1.88680072e-01 
 1.34000000e+00  1.55000000e+03  1.85000000e+00 -5.78086882e-04  3.59962044e-01  5.73607600e-02  1.00706325e+02  5.44242693e+00  1.05918960e+05 -1.88680072e-01 
 1.35000000e+00  1.55000000e+03  1.85000000e+00 -5.87911406e-04  3.59962044e-01  5.73607600e-02  1.00706325e+02  5.44242693e+00  1.05918960e+05 -1.88680072e-01 
 1.36000000e+00  1.55000000e+03  1.85000000e+00 -5.97735217e-04  3.59962044e-01  5.73607600e-02  1.00706325e+02  5.44242693e+00  1.05918960e+05 -1.88680072e-01 
 1.37000000e+00  1.55000000e+03  1.85000000e+00 -6.07557895e-04  3.59962044e-01  5.73607600e-02  1.00706325e+02  5.44242693e+00  1.05918960e+05 -1.88680072e-01 
 1.38000000e+00  1.55000000e+03  1.85000000e+00 -6.17379040e-04  3.59962044e-01  5.73607600e-02  1.00706325e+02  5.44242693e+00  1.05918960e+05 -1.88680072e-01 
 1.39000000e+00  1.55000000e+03  1.85000000e+00 -6.27198273e-04  3.59962044e-01  5.73607600e-02  1.00706325e+02  5.44242693e+00  1.05918960e+05 -1.88680072e-01 
 1.40000000e+00  1.55000000e+03  1.85000000e+00 -6.37015232e-04  3.59962044e-01  5.73607600e-02  1.00706325e+02  5.44242693e+00  1.05918960e+05 -1.88680072e-01 
 1.41000000e+00  1.55000000e+03  1.85000000e+00 -6.46829574e-04  3.59962044e-01  5.73607600e-02  1.00706325e+02  5.44242693e+00  1.05918960e+05 -1.88680072e-01 
 1.42000000e+00  1.55000000e+03  1.85000000e+00 -6.56640972e-04  3.59962044e-01  5.73607600e-02  1.00706325e+02  5.44242693e+00  1.05918960e+05 -1.88680072e-01 
 1.43000000e+00  1.55000000e+03  1.85000000e+00 -6.66449115e-04  3.59962044e-01  5.73607600e-02  1.00706325e+02  5.44242693e+00  1.05918960e+05 -1.88680072e-01 
 1.44000000e+00  1.55000000e+03  1.85000000e+00 -6.76253705e-04  3.59962044e-01  5.73607600e-02  1.00706325e+02  5.44242693e+00  1.05918960e+05 -1.88680072e-01 
 1.45000000e+00  1.55000000e+03  1.85000000e+00 -6.86054461e-04  3.59962044e-01  5.73607600e-02  1.00706325e+02  5.44242693e+00  1.05918960e+05 -1.88680072e-01 
 1.46000000e+00  1.55000000e+03  1.85000000e+00 -6.95851113e-04  3.59962044e-01  5.73607600e-02  1.00706325e+02  5.44242693e+00  1.05918960e+05 -1.88680072e-01 
 1.47000000e+00  1.55000000e+03  1.85000000e+00 -7.05643406e-04  3.59962044e-01  5.73607600e-02  1.00706325e+02  5.44242693e+00  1.05918960e+05 -1.88680072e-01 
 1.48000000e+00  1.55000000e+03  1.85000000e+00 -7.15431096e-04  3.59962044e-01  5.73607600e-02  1.00706325e+02  5.44242693e+00  1.05918960e+05 -1.88680072e-01 
 1.49000000e+00  1.55000000e+03  1.85000000e+00 -7.25213950e-04  3.59962044e-01  5.73607600e-02  1.00706325e+02  5.44242693e+00  1.05918960e+05 -1.88680072e-01 
 1.50000000e+00  1.55000000e+03  1.85000000e+00 -7.34991746e-04  3.59962044e-01  5.73607600e-02  1.00706325e+02  5.44242693e+00  1.05918960e+05 -1.88680072e-01 
 1.51000000e+00  1.55000000e+03  1.85000000e+00 -7.44764274e-04  3.59962044e-01  5.73607600e-02  1.00706325e+02  5.44242693e+00  1.05918960e+05 -1.88680072e-01 
 1.52000000e+00  1.55000000e+03  1.85000000e+00 -7.54531332e-04  3.59962044e-01  5.73607600e-02  1.00706325e+02  5.44242693e+00  1.05918960e+05 -1.88680072e-01 
 1.53000000e+00  1.55000000e+03  1.85000000e+00 -7.64292729e-04  3.59962044e-01  5.73607600e-02  1.00706325e+02  5.44242693e+00  1.05918960e+05 -1.88680072e-01 
 1.54000000e+00  1.55000000e+03  1.85000000e+00 -7.74048281e-04  3.59962044e-01  5.73607600e-02  1.00706325e+02  5.44242693e+00  1.05918960e+05 -1.88680072e-01 
 1.55000000e+00  1.55000000e+03  1.85000000e+00 -7.83797813e-04  3.59962044e-01  5.73607600e-02  1.00706325e+02  5.44242693e+00  1.05918960e+05 -1.88680072e-01 
 1.56000000e+00  1.55000000e+03  1.85000000e+00 -7.93541160e-04  3.59962044e-01  5.73607600e-02  1.00706325e+02  5.44242693e+00  1.05918960e+05 -1.88680072e-01 
 1.57000000e+00  1.55000000e+03  1.85000000e+00 -8.03278163e-04  3.59962044e-01  5.73607600e-02  1.00706325e+02  5.44242693e+00  1.05918960e+05 -1.88680072e-01 
 1.58000000e+00  1.55000000e+03  1.85000000e+00 -8.13008671e-04  3.59962044e-01  5.73607600e-02  1.00706325e+02  5.44242693e+00  1.05918960e+05 -1.88680072e-01 
 1.59000000e+00  1.55000000e+03  1.85000000e+00 -8.22732538e-04  3.59962044e-01  5.73607600e-02  1.00706325e+02  5.44242693e+00  1.05918960e+05 -1.88680072e-01 
 1.60000000e+00  1.55000000e+03  1.85000000e+00 -8.32449629e-04  3.59962044e-01  5.73607600e-02  1.00706325e+02  5.44242693e+00  1.05918960e+05 -1.88680072e-01 
 1.61000000e+00  1.55000000e+03  1.85000000e+00 -8.42159810e-04  3.59962044e-01  5.73607600e-02  1.00706325e+02  5.44242693e+00  1.05918960e+05 -1.88680072e-01 
 1.62000000e+00  1.55000000e+03  1.85000000e+00 -8.51862956e-04  3.59962044e-01  5.73607600e-02  1.00706325e+02  5.44242693e+00  1.05918960e+05 -1.88680072e-01 
 1.63000000e+00  1.55000000e+03  1.85000000e+00 -8.61558949e-04  3.59962044e-01  5.73607600e-02  1.00706325e+02  5.44242693e+00  1.05918960e+05 -1.88680072e-01 
 1.64000000e+00  1.55000000e+03  1.85000000e+00 -8.71247673e-04  3.59962044e-01  5.73607600e-02  1.00706325e+02  5.44242693e+00  1.05918960e+05 -1.88680072e-01 
 1.65000000e+00  1.55000000e+03  1.85000000e+00 -8.80929019e-04  3.59962044e-01  5.73607600e-02  1.00706325e+02  5.44242693e+00  1.05918960e+05 -1.88680072e-01 
 1.66000000e+00  1.55000000e+03  1.85000000e+00 -8.90602884e-04  3.59962044e-01  5.73607600e-02  1.00706325e+02  5.44242693e+00  1.05918960e+05 -1.88680072e-01 
 1.67000000e+00  1.55000000e+03  1.85000000e+00 -9.00269168e-04  3.59962044e-01  5.73607600e-02  1.00706325e+02  5.44242693e+00  1.05918960e+05 -1.88680072e-01 
 1.68000000e+00  1.55000000e+03  1.85000000e+00 -9.09927776e-04  3.59962044e-01  5.73607600e-02  1.00706325e+02  5.44242693e+00  1.05918960e+05 -1.88680072e-01 
 1.69000000e+00  1.55000000e+03  1.85000000e+00 -9.19578617e-04  3.59962044e-01  5.73607600e-02  1.00706325e+02  5.44242693e+00  1.05918960e+05 -1.88680072e-01 
 1.70000000e+00  1.55000000e+03  1.85000000e+00 -9.29221605e-04  3.59962044e-01  5.73607600e-02  1.00706325e+02  5.44242693e+00  1.05918960e+05 -1.88680072e-01 
 1.71000000e+00  1.55000000e+03  1.85000000e+00 -9.38856657e-04  3.59962044e-01  5.73607600e-02  1.00706325e+02  5.44242693e+00  1.05918960e+05 -1.88680072e-01 
 1.72000000e+00  1.55000000e+03  1.85000000e+00 -9.48483693e-04  3.59962044e-01  5.73607600e-02  1.00706325e+02  5.44242693e+00  1.05918960e+05 -1.88680072e-01 
 1.73000000e+00  1.55000000e+03  1.85000000e+00 -9.58102639e-04  3.59962044e-01  5.73607600e-02  1.00706325e+02  5.44242693e+00  1.05918960e+05 -1.88680072e-01 
 1.74000000e+00  1.55000000e+03  1.85000000e+00 -9.67713421e-04  3.59962044e-01  5.73607600e-02  1.00706325e+02  5.44242693e+00  1.05918960e+05 -1.88680072e-01 
 1.75000000e+00  1.55000000e+03  1.85000000e+00 -9.77315971e-04  3.59962044e-01  5.73607600e-02  1.00706325e+02  5.44242693e+00  1.05918960e+05 -1.88680072e-01 
 1.76000000e+00  1.55000000e+03  1.85000000e+00 -9.86910223e-04  3.59962044e-01  5.73607600e-02  1.00706325e+02  5.44242693e+00  1.05918960e+05 -1.88680072e-01 
 1.77000000e+00  1.55000000e+03  1.85000000e+00 -9.96496113e-04  3.59962044e-01  5.73607600e-02  1.00706325e+02  5.44242693e+00  1.05918960e+05 -1.88680072e-01 
 1.78000000e+00  1.55000000e+03  1.85000000e+00 -1.00607358e-03  3.59962044e-01  5.73607600e-02  1.00706325e+02  5.44242693e+00  1.05918960e+05 -1.88680072e-01 
 1.79000000e+00  1.55000000e+03  1.85000000e+00 -1.01564257e-03  3.59962044e-01  5.73607600e-02  1.00706325e+02  5.44242693e+00  1.05918960e+05 -1.88680072e-01 
 1.80000000e+00  1.55000000e+03  1.85000000e+00 -1.02520302e-03  3.59962044e-01  5.73607600e-02  1.00706325e+02  5.44242693e+00  1.05918960e+05 -1.88680072e-01 
 1.81000000e+00  1.55000000e+03  1.85000000e+00 -1.03475489e-03  3.59962044e-01  5.73607600e-02  1.00706325e+02  5.44242693e+00  1.05918960e+05 -1.88680072e-01 
 1.82000000e+00  1.55000000e+03  1.85000000e+00 -1.04429811e-03  3.59962044e-01  5.73607600e-02  1.00706325e+02  5.44242693e+00  1.05918960e+05 -1.88680072e-01 
 1.83000000e+00  1.55000000e+03  1.85000000e+00 -1.05383265e-03  3.59962044e-01  5.73607600e-02  1.00706325e+02  5.44242693e+00  1.05918960e+05 -1.88680072e-01 
 1.84000000e+00  1.55000000e+03  1.85000000e+00 -1.06335845e-03  3.59962044e-01  5.73607600e-02  1.00706325e+02  5.44242693e+00  1.05918960e+05 -1.88680072e-01 
 1.85000000e+00  1.55000000e+03  1.85000000e+00 -1.07287547e-03  3.59962044e-01  5.73607600e-02  1.00706325e+02  5.44242693e+00  1.05918960e+05 -1.88680072e-01 
