 v-sweep         run_num         v(drain)        i(vds)          out_vth0        out_u0          out_rdsw        out_nfactor     out_vsat        out_eta0       
 0.00000000e+00  8.41800000e+03  1.85000000e+00 -1.85137520e-12  3.97312279e-01  6.70017662e-02  1.04555448e+02  8.24877986e+00  1.24246840e+05 -1.97323894e-01 
 1.00000000e-02  8.41800000e+03  1.85000000e+00 -1.85137520e-12  3.97312279e-01  6.70017662e-02  1.04555448e+02  8.24877986e+00  1.24246840e+05 -1.97323894e-01 
 2.00000000e-02  8.41800000e+03  1.85000000e+00 -1.85137520e-12  3.97312279e-01  6.70017662e-02  1.04555448e+02  8.24877986e+00  1.24246840e+05 -1.97323894e-01 
 3.00000000e-02  8.41800000e+03  1.85000000e+00 -1.85137520e-12  3.97312279e-01  6.70017662e-02  1.04555448e+02  8.24877986e+00  1.24246840e+05 -1.97323894e-01 
 4.00000000e-02  8.41800000e+03  1.85000000e+00 -1.85137520e-12  3.97312279e-01  6.70017662e-02  1.04555448e+02  8.24877986e+00  1.24246840e+05 -1.97323894e-01 
 5.00000000e-02  8.41800000e+03  1.85000000e+00 -1.85137521e-12  3.97312279e-01  6.70017662e-02  1.04555448e+02  8.24877986e+00  1.24246840e+05 -1.97323894e-01 
 6.00000000e-02  8.41800000e+03  1.85000000e+00 -1.85137521e-12  3.97312279e-01  6.70017662e-02  1.04555448e+02  8.24877986e+00  1.24246840e+05 -1.97323894e-01 
 7.00000000e-02  8.41800000e+03  1.85000000e+00 -1.85137522e-12  3.97312279e-01  6.70017662e-02  1.04555448e+02  8.24877986e+00  1.24246840e+05 -1.97323894e-01 
 8.00000000e-02  8.41800000e+03  1.85000000e+00 -1.85137523e-12  3.97312279e-01  6.70017662e-02  1.04555448e+02  8.24877986e+00  1.24246840e+05 -1.97323894e-01 
 9.00000000e-02  8.41800000e+03  1.85000000e+00 -1.85137525e-12  3.97312279e-01  6.70017662e-02  1.04555448e+02  8.24877986e+00  1.24246840e+05 -1.97323894e-01 
 1.00000000e-01  8.41800000e+03  1.85000000e+00 -1.85137528e-12  3.97312279e-01  6.70017662e-02  1.04555448e+02  8.24877986e+00  1.24246840e+05 -1.97323894e-01 
 1.10000000e-01  8.41800000e+03  1.85000000e+00 -1.85137535e-12  3.97312279e-01  6.70017662e-02  1.04555448e+02  8.24877986e+00  1.24246840e+05 -1.97323894e-01 
 1.20000000e-01  8.41800000e+03  1.85000000e+00 -1.85137546e-12  3.97312279e-01  6.70017662e-02  1.04555448e+02  8.24877986e+00  1.24246840e+05 -1.97323894e-01 
 1.30000000e-01  8.41800000e+03  1.85000000e+00 -1.85137566e-12  3.97312279e-01  6.70017662e-02  1.04555448e+02  8.24877986e+00  1.24246840e+05 -1.97323894e-01 
 1.40000000e-01  8.41800000e+03  1.85000000e+00 -1.85137600e-12  3.97312279e-01  6.70017662e-02  1.04555448e+02  8.24877986e+00  1.24246840e+05 -1.97323894e-01 
 1.50000000e-01  8.41800000e+03  1.85000000e+00 -1.85137661e-12  3.97312279e-01  6.70017662e-02  1.04555448e+02  8.24877986e+00  1.24246840e+05 -1.97323894e-01 
 1.60000000e-01  8.41800000e+03  1.85000000e+00 -1.85137768e-12  3.97312279e-01  6.70017662e-02  1.04555448e+02  8.24877986e+00  1.24246840e+05 -1.97323894e-01 
 1.70000000e-01  8.41800000e+03  1.85000000e+00 -1.85137955e-12  3.97312279e-01  6.70017662e-02  1.04555448e+02  8.24877986e+00  1.24246840e+05 -1.97323894e-01 
 1.80000000e-01  8.41800000e+03  1.85000000e+00 -1.85138284e-12  3.97312279e-01  6.70017662e-02  1.04555448e+02  8.24877986e+00  1.24246840e+05 -1.97323894e-01 
 1.90000000e-01  8.41800000e+03  1.85000000e+00 -1.85138862e-12  3.97312279e-01  6.70017662e-02  1.04555448e+02  8.24877986e+00  1.24246840e+05 -1.97323894e-01 
 2.00000000e-01  8.41800000e+03  1.85000000e+00 -1.85139876e-12  3.97312279e-01  6.70017662e-02  1.04555448e+02  8.24877986e+00  1.24246840e+05 -1.97323894e-01 
 2.10000000e-01  8.41800000e+03  1.85000000e+00 -1.85141656e-12  3.97312279e-01  6.70017662e-02  1.04555448e+02  8.24877986e+00  1.24246840e+05 -1.97323894e-01 
 2.20000000e-01  8.41800000e+03  1.85000000e+00 -1.85144783e-12  3.97312279e-01  6.70017662e-02  1.04555448e+02  8.24877986e+00  1.24246840e+05 -1.97323894e-01 
 2.30000000e-01  8.41800000e+03  1.85000000e+00 -1.85150272e-12  3.97312279e-01  6.70017662e-02  1.04555448e+02  8.24877986e+00  1.24246840e+05 -1.97323894e-01 
 2.40000000e-01  8.41800000e+03  1.85000000e+00 -1.85159912e-12  3.97312279e-01  6.70017662e-02  1.04555448e+02  8.24877986e+00  1.24246840e+05 -1.97323894e-01 
 2.50000000e-01  8.41800000e+03  1.85000000e+00 -1.85176837e-12  3.97312279e-01  6.70017662e-02  1.04555448e+02  8.24877986e+00  1.24246840e+05 -1.97323894e-01 
 2.60000000e-01  8.41800000e+03  1.85000000e+00 -1.85206554e-12  3.97312279e-01  6.70017662e-02  1.04555448e+02  8.24877986e+00  1.24246840e+05 -1.97323894e-01 
 2.70000000e-01  8.41800000e+03  1.85000000e+00 -1.85258734e-12  3.97312279e-01  6.70017662e-02  1.04555448e+02  8.24877986e+00  1.24246840e+05 -1.97323894e-01 
 2.80000000e-01  8.41800000e+03  1.85000000e+00 -1.85350353e-12  3.97312279e-01  6.70017662e-02  1.04555448e+02  8.24877986e+00  1.24246840e+05 -1.97323894e-01 
 2.90000000e-01  8.41800000e+03  1.85000000e+00 -1.85511222e-12  3.97312279e-01  6.70017662e-02  1.04555448e+02  8.24877986e+00  1.24246840e+05 -1.97323894e-01 
 3.00000000e-01  8.41800000e+03  1.85000000e+00 -1.85793679e-12  3.97312279e-01  6.70017662e-02  1.04555448e+02  8.24877986e+00  1.24246840e+05 -1.97323894e-01 
 3.10000000e-01  8.41800000e+03  1.85000000e+00 -1.86289621e-12  3.97312279e-01  6.70017662e-02  1.04555448e+02  8.24877986e+00  1.24246840e+05 -1.97323894e-01 
 3.20000000e-01  8.41800000e+03  1.85000000e+00 -1.87160394e-12  3.97312279e-01  6.70017662e-02  1.04555448e+02  8.24877986e+00  1.24246840e+05 -1.97323894e-01 
 3.30000000e-01  8.41800000e+03  1.85000000e+00 -1.88689272e-12  3.97312279e-01  6.70017662e-02  1.04555448e+02  8.24877986e+00  1.24246840e+05 -1.97323894e-01 
 3.40000000e-01  8.41800000e+03  1.85000000e+00 -1.91373584e-12  3.97312279e-01  6.70017662e-02  1.04555448e+02  8.24877986e+00  1.24246840e+05 -1.97323894e-01 
 3.50000000e-01  8.41800000e+03  1.85000000e+00 -1.96086429e-12  3.97312279e-01  6.70017662e-02  1.04555448e+02  8.24877986e+00  1.24246840e+05 -1.97323894e-01 
 3.60000000e-01  8.41800000e+03  1.85000000e+00 -2.04360513e-12  3.97312279e-01  6.70017662e-02  1.04555448e+02  8.24877986e+00  1.24246840e+05 -1.97323894e-01 
 3.70000000e-01  8.41800000e+03  1.85000000e+00 -2.18886272e-12  3.97312279e-01  6.70017662e-02  1.04555448e+02  8.24877986e+00  1.24246840e+05 -1.97323894e-01 
 3.80000000e-01  8.41800000e+03  1.85000000e+00 -2.44385920e-12  3.97312279e-01  6.70017662e-02  1.04555448e+02  8.24877986e+00  1.24246840e+05 -1.97323894e-01 
 3.90000000e-01  8.41800000e+03  1.85000000e+00 -2.89146767e-12  3.97312279e-01  6.70017662e-02  1.04555448e+02  8.24877986e+00  1.24246840e+05 -1.97323894e-01 
 4.00000000e-01  8.41800000e+03  1.85000000e+00 -3.67710308e-12  3.97312279e-01  6.70017662e-02  1.04555448e+02  8.24877986e+00  1.24246840e+05 -1.97323894e-01 
 4.10000000e-01  8.41800000e+03  1.85000000e+00 -5.05586424e-12  3.97312279e-01  6.70017662e-02  1.04555448e+02  8.24877986e+00  1.24246840e+05 -1.97323894e-01 
 4.20000000e-01  8.41800000e+03  1.85000000e+00 -7.47513545e-12  3.97312279e-01  6.70017662e-02  1.04555448e+02  8.24877986e+00  1.24246840e+05 -1.97323894e-01 
 4.30000000e-01  8.41800000e+03  1.85000000e+00 -1.17192215e-11  3.97312279e-01  6.70017662e-02  1.04555448e+02  8.24877986e+00  1.24246840e+05 -1.97323894e-01 
 4.40000000e-01  8.41800000e+03  1.85000000e+00 -1.91623748e-11  3.97312279e-01  6.70017662e-02  1.04555448e+02  8.24877986e+00  1.24246840e+05 -1.97323894e-01 
 4.50000000e-01  8.41800000e+03  1.85000000e+00 -3.22109209e-11  3.97312279e-01  6.70017662e-02  1.04555448e+02  8.24877986e+00  1.24246840e+05 -1.97323894e-01 
 4.60000000e-01  8.41800000e+03  1.85000000e+00 -5.50745875e-11  3.97312279e-01  6.70017662e-02  1.04555448e+02  8.24877986e+00  1.24246840e+05 -1.97323894e-01 
 4.70000000e-01  8.41800000e+03  1.85000000e+00 -9.51093761e-11  3.97312279e-01  6.70017662e-02  1.04555448e+02  8.24877986e+00  1.24246840e+05 -1.97323894e-01 
 4.80000000e-01  8.41800000e+03  1.85000000e+00 -1.65149090e-10  3.97312279e-01  6.70017662e-02  1.04555448e+02  8.24877986e+00  1.24246840e+05 -1.97323894e-01 
 4.90000000e-01  8.41800000e+03  1.85000000e+00 -2.87538850e-10  3.97312279e-01  6.70017662e-02  1.04555448e+02  8.24877986e+00  1.24246840e+05 -1.97323894e-01 
 5.00000000e-01  8.41800000e+03  1.85000000e+00 -5.01080116e-10  3.97312279e-01  6.70017662e-02  1.04555448e+02  8.24877986e+00  1.24246840e+05 -1.97323894e-01 
 5.10000000e-01  8.41800000e+03  1.85000000e+00 -8.72915023e-10  3.97312279e-01  6.70017662e-02  1.04555448e+02  8.24877986e+00  1.24246840e+05 -1.97323894e-01 
 5.20000000e-01  8.41800000e+03  1.85000000e+00 -1.51869937e-09  3.97312279e-01  6.70017662e-02  1.04555448e+02  8.24877986e+00  1.24246840e+05 -1.97323894e-01 
 5.30000000e-01  8.41800000e+03  1.85000000e+00 -2.63648853e-09  3.97312279e-01  6.70017662e-02  1.04555448e+02  8.24877986e+00  1.24246840e+05 -1.97323894e-01 
 5.40000000e-01  8.41800000e+03  1.85000000e+00 -4.56289605e-09  3.97312279e-01  6.70017662e-02  1.04555448e+02  8.24877986e+00  1.24246840e+05 -1.97323894e-01 
 5.50000000e-01  8.41800000e+03  1.85000000e+00 -7.86458238e-09  3.97312279e-01  6.70017662e-02  1.04555448e+02  8.24877986e+00  1.24246840e+05 -1.97323894e-01 
 5.60000000e-01  8.41800000e+03  1.85000000e+00 -1.34841318e-08  3.97312279e-01  6.70017662e-02  1.04555448e+02  8.24877986e+00  1.24246840e+05 -1.97323894e-01 
 5.70000000e-01  8.41800000e+03  1.85000000e+00 -2.29666111e-08  3.97312279e-01  6.70017662e-02  1.04555448e+02  8.24877986e+00  1.24246840e+05 -1.97323894e-01 
 5.80000000e-01  8.41800000e+03  1.85000000e+00 -3.88006523e-08  3.97312279e-01  6.70017662e-02  1.04555448e+02  8.24877986e+00  1.24246840e+05 -1.97323894e-01 
 5.90000000e-01  8.41800000e+03  1.85000000e+00 -6.49143348e-08  3.97312279e-01  6.70017662e-02  1.04555448e+02  8.24877986e+00  1.24246840e+05 -1.97323894e-01 
 6.00000000e-01  8.41800000e+03  1.85000000e+00 -1.07370580e-07  3.97312279e-01  6.70017662e-02  1.04555448e+02  8.24877986e+00  1.24246840e+05 -1.97323894e-01 
 6.10000000e-01  8.41800000e+03  1.85000000e+00 -1.75310655e-07  3.97312279e-01  6.70017662e-02  1.04555448e+02  8.24877986e+00  1.24246840e+05 -1.97323894e-01 
 6.20000000e-01  8.41800000e+03  1.85000000e+00 -2.82200835e-07  3.97312279e-01  6.70017662e-02  1.04555448e+02  8.24877986e+00  1.24246840e+05 -1.97323894e-01 
 6.30000000e-01  8.41800000e+03  1.85000000e+00 -4.47441037e-07  3.97312279e-01  6.70017662e-02  1.04555448e+02  8.24877986e+00  1.24246840e+05 -1.97323894e-01 
 6.40000000e-01  8.41800000e+03  1.85000000e+00 -6.98358658e-07  3.97312279e-01  6.70017662e-02  1.04555448e+02  8.24877986e+00  1.24246840e+05 -1.97323894e-01 
 6.50000000e-01  8.41800000e+03  1.85000000e+00 -1.07245503e-06  3.97312279e-01  6.70017662e-02  1.04555448e+02  8.24877986e+00  1.24246840e+05 -1.97323894e-01 
 6.60000000e-01  8.41800000e+03  1.85000000e+00 -1.61942018e-06  3.97312279e-01  6.70017662e-02  1.04555448e+02  8.24877986e+00  1.24246840e+05 -1.97323894e-01 
 6.70000000e-01  8.41800000e+03  1.85000000e+00 -2.40195253e-06  3.97312279e-01  6.70017662e-02  1.04555448e+02  8.24877986e+00  1.24246840e+05 -1.97323894e-01 
 6.80000000e-01  8.41800000e+03  1.85000000e+00 -3.49413509e-06  3.97312279e-01  6.70017662e-02  1.04555448e+02  8.24877986e+00  1.24246840e+05 -1.97323894e-01 
 6.90000000e-01  8.41800000e+03  1.85000000e+00 -4.97647359e-06  3.97312279e-01  6.70017662e-02  1.04555448e+02  8.24877986e+00  1.24246840e+05 -1.97323894e-01 
 7.00000000e-01  8.41800000e+03  1.85000000e+00 -6.92784767e-06  3.97312279e-01  6.70017662e-02  1.04555448e+02  8.24877986e+00  1.24246840e+05 -1.97323894e-01 
 7.10000000e-01  8.41800000e+03  1.85000000e+00 -9.41609268e-06  3.97312279e-01  6.70017662e-02  1.04555448e+02  8.24877986e+00  1.24246840e+05 -1.97323894e-01 
 7.20000000e-01  8.41800000e+03  1.85000000e+00 -1.24898135e-05  3.97312279e-01  6.70017662e-02  1.04555448e+02  8.24877986e+00  1.24246840e+05 -1.97323894e-01 
 7.30000000e-01  8.41800000e+03  1.85000000e+00 -1.61736991e-05  3.97312279e-01  6.70017662e-02  1.04555448e+02  8.24877986e+00  1.24246840e+05 -1.97323894e-01 
 7.40000000e-01  8.41800000e+03  1.85000000e+00 -2.04682410e-05  3.97312279e-01  6.70017662e-02  1.04555448e+02  8.24877986e+00  1.24246840e+05 -1.97323894e-01 
 7.50000000e-01  8.41800000e+03  1.85000000e+00 -2.53532039e-05  3.97312279e-01  6.70017662e-02  1.04555448e+02  8.24877986e+00  1.24246840e+05 -1.97323894e-01 
 7.60000000e-01  8.41800000e+03  1.85000000e+00 -3.07932435e-05  3.97312279e-01  6.70017662e-02  1.04555448e+02  8.24877986e+00  1.24246840e+05 -1.97323894e-01 
 7.70000000e-01  8.41800000e+03  1.85000000e+00 -3.67439677e-05  3.97312279e-01  6.70017662e-02  1.04555448e+02  8.24877986e+00  1.24246840e+05 -1.97323894e-01 
 7.80000000e-01  8.41800000e+03  1.85000000e+00 -4.31572215e-05  3.97312279e-01  6.70017662e-02  1.04555448e+02  8.24877986e+00  1.24246840e+05 -1.97323894e-01 
 7.90000000e-01  8.41800000e+03  1.85000000e+00 -4.99850231e-05  3.97312279e-01  6.70017662e-02  1.04555448e+02  8.24877986e+00  1.24246840e+05 -1.97323894e-01 
 8.00000000e-01  8.41800000e+03  1.85000000e+00 -5.71820933e-05  3.97312279e-01  6.70017662e-02  1.04555448e+02  8.24877986e+00  1.24246840e+05 -1.97323894e-01 
 8.10000000e-01  8.41800000e+03  1.85000000e+00 -6.47072098e-05  3.97312279e-01  6.70017662e-02  1.04555448e+02  8.24877986e+00  1.24246840e+05 -1.97323894e-01 
 8.20000000e-01  8.41800000e+03  1.85000000e+00 -7.25237115e-05  3.97312279e-01  6.70017662e-02  1.04555448e+02  8.24877986e+00  1.24246840e+05 -1.97323894e-01 
 8.30000000e-01  8.41800000e+03  1.85000000e+00 -8.05994632e-05  3.97312279e-01  6.70017662e-02  1.04555448e+02  8.24877986e+00  1.24246840e+05 -1.97323894e-01 
 8.40000000e-01  8.41800000e+03  1.85000000e+00 -8.89065187e-05  3.97312279e-01  6.70017662e-02  1.04555448e+02  8.24877986e+00  1.24246840e+05 -1.97323894e-01 
 8.50000000e-01  8.41800000e+03  1.85000000e+00 -9.74206492e-05  3.97312279e-01  6.70017662e-02  1.04555448e+02  8.24877986e+00  1.24246840e+05 -1.97323894e-01 
 8.60000000e-01  8.41800000e+03  1.85000000e+00 -1.06120839e-04  3.97312279e-01  6.70017662e-02  1.04555448e+02  8.24877986e+00  1.24246840e+05 -1.97323894e-01 
 8.70000000e-01  8.41800000e+03  1.85000000e+00 -1.14988809e-04  3.97312279e-01  6.70017662e-02  1.04555448e+02  8.24877986e+00  1.24246840e+05 -1.97323894e-01 
 8.80000000e-01  8.41800000e+03  1.85000000e+00 -1.24008584e-04  3.97312279e-01  6.70017662e-02  1.04555448e+02  8.24877986e+00  1.24246840e+05 -1.97323894e-01 
 8.90000000e-01  8.41800000e+03  1.85000000e+00 -1.33166135e-04  3.97312279e-01  6.70017662e-02  1.04555448e+02  8.24877986e+00  1.24246840e+05 -1.97323894e-01 
 9.00000000e-01  8.41800000e+03  1.85000000e+00 -1.42449063e-04  3.97312279e-01  6.70017662e-02  1.04555448e+02  8.24877986e+00  1.24246840e+05 -1.97323894e-01 
 9.10000000e-01  8.41800000e+03  1.85000000e+00 -1.51846355e-04  3.97312279e-01  6.70017662e-02  1.04555448e+02  8.24877986e+00  1.24246840e+05 -1.97323894e-01 
 9.20000000e-01  8.41800000e+03  1.85000000e+00 -1.61348172e-04  3.97312279e-01  6.70017662e-02  1.04555448e+02  8.24877986e+00  1.24246840e+05 -1.97323894e-01 
 9.30000000e-01  8.41800000e+03  1.85000000e+00 -1.70945679e-04  3.97312279e-01  6.70017662e-02  1.04555448e+02  8.24877986e+00  1.24246840e+05 -1.97323894e-01 
 9.40000000e-01  8.41800000e+03  1.85000000e+00 -1.80630910e-04  3.97312279e-01  6.70017662e-02  1.04555448e+02  8.24877986e+00  1.24246840e+05 -1.97323894e-01 
 9.50000000e-01  8.41800000e+03  1.85000000e+00 -1.90396652e-04  3.97312279e-01  6.70017662e-02  1.04555448e+02  8.24877986e+00  1.24246840e+05 -1.97323894e-01 
 9.60000000e-01  8.41800000e+03  1.85000000e+00 -2.00236353e-04  3.97312279e-01  6.70017662e-02  1.04555448e+02  8.24877986e+00  1.24246840e+05 -1.97323894e-01 
 9.70000000e-01  8.41800000e+03  1.85000000e+00 -2.10144038e-04  3.97312279e-01  6.70017662e-02  1.04555448e+02  8.24877986e+00  1.24246840e+05 -1.97323894e-01 
 9.80000000e-01  8.41800000e+03  1.85000000e+00 -2.20114251e-04  3.97312279e-01  6.70017662e-02  1.04555448e+02  8.24877986e+00  1.24246840e+05 -1.97323894e-01 
 9.90000000e-01  8.41800000e+03  1.85000000e+00 -2.30141997e-04  3.97312279e-01  6.70017662e-02  1.04555448e+02  8.24877986e+00  1.24246840e+05 -1.97323894e-01 
 1.00000000e+00  8.41800000e+03  1.85000000e+00 -2.40222694e-04  3.97312279e-01  6.70017662e-02  1.04555448e+02  8.24877986e+00  1.24246840e+05 -1.97323894e-01 
 1.01000000e+00  8.41800000e+03  1.85000000e+00 -2.50352128e-04  3.97312279e-01  6.70017662e-02  1.04555448e+02  8.24877986e+00  1.24246840e+05 -1.97323894e-01 
 1.02000000e+00  8.41800000e+03  1.85000000e+00 -2.60526422e-04  3.97312279e-01  6.70017662e-02  1.04555448e+02  8.24877986e+00  1.24246840e+05 -1.97323894e-01 
 1.03000000e+00  8.41800000e+03  1.85000000e+00 -2.70742002e-04  3.97312279e-01  6.70017662e-02  1.04555448e+02  8.24877986e+00  1.24246840e+05 -1.97323894e-01 
 1.04000000e+00  8.41800000e+03  1.85000000e+00 -2.80995569e-04  3.97312279e-01  6.70017662e-02  1.04555448e+02  8.24877986e+00  1.24246840e+05 -1.97323894e-01 
 1.05000000e+00  8.41800000e+03  1.85000000e+00 -2.91284075e-04  3.97312279e-01  6.70017662e-02  1.04555448e+02  8.24877986e+00  1.24246840e+05 -1.97323894e-01 
 1.06000000e+00  8.41800000e+03  1.85000000e+00 -3.01604699e-04  3.97312279e-01  6.70017662e-02  1.04555448e+02  8.24877986e+00  1.24246840e+05 -1.97323894e-01 
 1.07000000e+00  8.41800000e+03  1.85000000e+00 -3.11954830e-04  3.97312279e-01  6.70017662e-02  1.04555448e+02  8.24877986e+00  1.24246840e+05 -1.97323894e-01 
 1.08000000e+00  8.41800000e+03  1.85000000e+00 -3.22332047e-04  3.97312279e-01  6.70017662e-02  1.04555448e+02  8.24877986e+00  1.24246840e+05 -1.97323894e-01 
 1.09000000e+00  8.41800000e+03  1.85000000e+00 -3.32734104e-04  3.97312279e-01  6.70017662e-02  1.04555448e+02  8.24877986e+00  1.24246840e+05 -1.97323894e-01 
 1.10000000e+00  8.41800000e+03  1.85000000e+00 -3.43158914e-04  3.97312279e-01  6.70017662e-02  1.04555448e+02  8.24877986e+00  1.24246840e+05 -1.97323894e-01 
 1.11000000e+00  8.41800000e+03  1.85000000e+00 -3.53604540e-04  3.97312279e-01  6.70017662e-02  1.04555448e+02  8.24877986e+00  1.24246840e+05 -1.97323894e-01 
 1.12000000e+00  8.41800000e+03  1.85000000e+00 -3.64069177e-04  3.97312279e-01  6.70017662e-02  1.04555448e+02  8.24877986e+00  1.24246840e+05 -1.97323894e-01 
 1.13000000e+00  8.41800000e+03  1.85000000e+00 -3.74551146e-04  3.97312279e-01  6.70017662e-02  1.04555448e+02  8.24877986e+00  1.24246840e+05 -1.97323894e-01 
 1.14000000e+00  8.41800000e+03  1.85000000e+00 -3.85048881e-04  3.97312279e-01  6.70017662e-02  1.04555448e+02  8.24877986e+00  1.24246840e+05 -1.97323894e-01 
 1.15000000e+00  8.41800000e+03  1.85000000e+00 -3.95560925e-04  3.97312279e-01  6.70017662e-02  1.04555448e+02  8.24877986e+00  1.24246840e+05 -1.97323894e-01 
 1.16000000e+00  8.41800000e+03  1.85000000e+00 -4.06085914e-04  3.97312279e-01  6.70017662e-02  1.04555448e+02  8.24877986e+00  1.24246840e+05 -1.97323894e-01 
 1.17000000e+00  8.41800000e+03  1.85000000e+00 -4.16622578e-04  3.97312279e-01  6.70017662e-02  1.04555448e+02  8.24877986e+00  1.24246840e+05 -1.97323894e-01 
 1.18000000e+00  8.41800000e+03  1.85000000e+00 -4.27169728e-04  3.97312279e-01  6.70017662e-02  1.04555448e+02  8.24877986e+00  1.24246840e+05 -1.97323894e-01 
 1.19000000e+00  8.41800000e+03  1.85000000e+00 -4.37726253e-04  3.97312279e-01  6.70017662e-02  1.04555448e+02  8.24877986e+00  1.24246840e+05 -1.97323894e-01 
 1.20000000e+00  8.41800000e+03  1.85000000e+00 -4.48291112e-04  3.97312279e-01  6.70017662e-02  1.04555448e+02  8.24877986e+00  1.24246840e+05 -1.97323894e-01 
 1.21000000e+00  8.41800000e+03  1.85000000e+00 -4.58863332e-04  3.97312279e-01  6.70017662e-02  1.04555448e+02  8.24877986e+00  1.24246840e+05 -1.97323894e-01 
 1.22000000e+00  8.41800000e+03  1.85000000e+00 -4.69442001e-04  3.97312279e-01  6.70017662e-02  1.04555448e+02  8.24877986e+00  1.24246840e+05 -1.97323894e-01 
 1.23000000e+00  8.41800000e+03  1.85000000e+00 -4.80026264e-04  3.97312279e-01  6.70017662e-02  1.04555448e+02  8.24877986e+00  1.24246840e+05 -1.97323894e-01 
 1.24000000e+00  8.41800000e+03  1.85000000e+00 -4.90615318e-04  3.97312279e-01  6.70017662e-02  1.04555448e+02  8.24877986e+00  1.24246840e+05 -1.97323894e-01 
 1.25000000e+00  8.41800000e+03  1.85000000e+00 -5.01208411e-04  3.97312279e-01  6.70017662e-02  1.04555448e+02  8.24877986e+00  1.24246840e+05 -1.97323894e-01 
 1.26000000e+00  8.41800000e+03  1.85000000e+00 -5.11804836e-04  3.97312279e-01  6.70017662e-02  1.04555448e+02  8.24877986e+00  1.24246840e+05 -1.97323894e-01 
 1.27000000e+00  8.41800000e+03  1.85000000e+00 -5.22403930e-04  3.97312279e-01  6.70017662e-02  1.04555448e+02  8.24877986e+00  1.24246840e+05 -1.97323894e-01 
 1.28000000e+00  8.41800000e+03  1.85000000e+00 -5.33005069e-04  3.97312279e-01  6.70017662e-02  1.04555448e+02  8.24877986e+00  1.24246840e+05 -1.97323894e-01 
 1.29000000e+00  8.41800000e+03  1.85000000e+00 -5.43607666e-04  3.97312279e-01  6.70017662e-02  1.04555448e+02  8.24877986e+00  1.24246840e+05 -1.97323894e-01 
 1.30000000e+00  8.41800000e+03  1.85000000e+00 -5.54211169e-04  3.97312279e-01  6.70017662e-02  1.04555448e+02  8.24877986e+00  1.24246840e+05 -1.97323894e-01 
 1.31000000e+00  8.41800000e+03  1.85000000e+00 -5.64815061e-04  3.97312279e-01  6.70017662e-02  1.04555448e+02  8.24877986e+00  1.24246840e+05 -1.97323894e-01 
 1.32000000e+00  8.41800000e+03  1.85000000e+00 -5.75418852e-04  3.97312279e-01  6.70017662e-02  1.04555448e+02  8.24877986e+00  1.24246840e+05 -1.97323894e-01 
 1.33000000e+00  8.41800000e+03  1.85000000e+00 -5.86022084e-04  3.97312279e-01  6.70017662e-02  1.04555448e+02  8.24877986e+00  1.24246840e+05 -1.97323894e-01 
 1.34000000e+00  8.41800000e+03  1.85000000e+00 -5.96624322e-04  3.97312279e-01  6.70017662e-02  1.04555448e+02  8.24877986e+00  1.24246840e+05 -1.97323894e-01 
 1.35000000e+00  8.41800000e+03  1.85000000e+00 -6.07225159e-04  3.97312279e-01  6.70017662e-02  1.04555448e+02  8.24877986e+00  1.24246840e+05 -1.97323894e-01 
 1.36000000e+00  8.41800000e+03  1.85000000e+00 -6.17824211e-04  3.97312279e-01  6.70017662e-02  1.04555448e+02  8.24877986e+00  1.24246840e+05 -1.97323894e-01 
 1.37000000e+00  8.41800000e+03  1.85000000e+00 -6.28421116e-04  3.97312279e-01  6.70017662e-02  1.04555448e+02  8.24877986e+00  1.24246840e+05 -1.97323894e-01 
 1.38000000e+00  8.41800000e+03  1.85000000e+00 -6.39015531e-04  3.97312279e-01  6.70017662e-02  1.04555448e+02  8.24877986e+00  1.24246840e+05 -1.97323894e-01 
 1.39000000e+00  8.41800000e+03  1.85000000e+00 -6.49607137e-04  3.97312279e-01  6.70017662e-02  1.04555448e+02  8.24877986e+00  1.24246840e+05 -1.97323894e-01 
 1.40000000e+00  8.41800000e+03  1.85000000e+00 -6.60195628e-04  3.97312279e-01  6.70017662e-02  1.04555448e+02  8.24877986e+00  1.24246840e+05 -1.97323894e-01 
 1.41000000e+00  8.41800000e+03  1.85000000e+00 -6.70780718e-04  3.97312279e-01  6.70017662e-02  1.04555448e+02  8.24877986e+00  1.24246840e+05 -1.97323894e-01 
 1.42000000e+00  8.41800000e+03  1.85000000e+00 -6.81362138e-04  3.97312279e-01  6.70017662e-02  1.04555448e+02  8.24877986e+00  1.24246840e+05 -1.97323894e-01 
 1.43000000e+00  8.41800000e+03  1.85000000e+00 -6.91939632e-04  3.97312279e-01  6.70017662e-02  1.04555448e+02  8.24877986e+00  1.24246840e+05 -1.97323894e-01 
 1.44000000e+00  8.41800000e+03  1.85000000e+00 -7.02512961e-04  3.97312279e-01  6.70017662e-02  1.04555448e+02  8.24877986e+00  1.24246840e+05 -1.97323894e-01 
 1.45000000e+00  8.41800000e+03  1.85000000e+00 -7.13081897e-04  3.97312279e-01  6.70017662e-02  1.04555448e+02  8.24877986e+00  1.24246840e+05 -1.97323894e-01 
 1.46000000e+00  8.41800000e+03  1.85000000e+00 -7.23646227e-04  3.97312279e-01  6.70017662e-02  1.04555448e+02  8.24877986e+00  1.24246840e+05 -1.97323894e-01 
 1.47000000e+00  8.41800000e+03  1.85000000e+00 -7.34205748e-04  3.97312279e-01  6.70017662e-02  1.04555448e+02  8.24877986e+00  1.24246840e+05 -1.97323894e-01 
 1.48000000e+00  8.41800000e+03  1.85000000e+00 -7.44760270e-04  3.97312279e-01  6.70017662e-02  1.04555448e+02  8.24877986e+00  1.24246840e+05 -1.97323894e-01 
 1.49000000e+00  8.41800000e+03  1.85000000e+00 -7.55309613e-04  3.97312279e-01  6.70017662e-02  1.04555448e+02  8.24877986e+00  1.24246840e+05 -1.97323894e-01 
 1.50000000e+00  8.41800000e+03  1.85000000e+00 -7.65853608e-04  3.97312279e-01  6.70017662e-02  1.04555448e+02  8.24877986e+00  1.24246840e+05 -1.97323894e-01 
 1.51000000e+00  8.41800000e+03  1.85000000e+00 -7.76392094e-04  3.97312279e-01  6.70017662e-02  1.04555448e+02  8.24877986e+00  1.24246840e+05 -1.97323894e-01 
 1.52000000e+00  8.41800000e+03  1.85000000e+00 -7.86924920e-04  3.97312279e-01  6.70017662e-02  1.04555448e+02  8.24877986e+00  1.24246840e+05 -1.97323894e-01 
 1.53000000e+00  8.41800000e+03  1.85000000e+00 -7.97451943e-04  3.97312279e-01  6.70017662e-02  1.04555448e+02  8.24877986e+00  1.24246840e+05 -1.97323894e-01 
 1.54000000e+00  8.41800000e+03  1.85000000e+00 -8.07973029e-04  3.97312279e-01  6.70017662e-02  1.04555448e+02  8.24877986e+00  1.24246840e+05 -1.97323894e-01 
 1.55000000e+00  8.41800000e+03  1.85000000e+00 -8.18488051e-04  3.97312279e-01  6.70017662e-02  1.04555448e+02  8.24877986e+00  1.24246840e+05 -1.97323894e-01 
 1.56000000e+00  8.41800000e+03  1.85000000e+00 -8.28996888e-04  3.97312279e-01  6.70017662e-02  1.04555448e+02  8.24877986e+00  1.24246840e+05 -1.97323894e-01 
 1.57000000e+00  8.41800000e+03  1.85000000e+00 -8.39499429e-04  3.97312279e-01  6.70017662e-02  1.04555448e+02  8.24877986e+00  1.24246840e+05 -1.97323894e-01 
 1.58000000e+00  8.41800000e+03  1.85000000e+00 -8.49995566e-04  3.97312279e-01  6.70017662e-02  1.04555448e+02  8.24877986e+00  1.24246840e+05 -1.97323894e-01 
 1.59000000e+00  8.41800000e+03  1.85000000e+00 -8.60485199e-04  3.97312279e-01  6.70017662e-02  1.04555448e+02  8.24877986e+00  1.24246840e+05 -1.97323894e-01 
 1.60000000e+00  8.41800000e+03  1.85000000e+00 -8.70968232e-04  3.97312279e-01  6.70017662e-02  1.04555448e+02  8.24877986e+00  1.24246840e+05 -1.97323894e-01 
 1.61000000e+00  8.41800000e+03  1.85000000e+00 -8.81444577e-04  3.97312279e-01  6.70017662e-02  1.04555448e+02  8.24877986e+00  1.24246840e+05 -1.97323894e-01 
 1.62000000e+00  8.41800000e+03  1.85000000e+00 -8.91914149e-04  3.97312279e-01  6.70017662e-02  1.04555448e+02  8.24877986e+00  1.24246840e+05 -1.97323894e-01 
 1.63000000e+00  8.41800000e+03  1.85000000e+00 -9.02376868e-04  3.97312279e-01  6.70017662e-02  1.04555448e+02  8.24877986e+00  1.24246840e+05 -1.97323894e-01 
 1.64000000e+00  8.41800000e+03  1.85000000e+00 -9.12832660e-04  3.97312279e-01  6.70017662e-02  1.04555448e+02  8.24877986e+00  1.24246840e+05 -1.97323894e-01 
 1.65000000e+00  8.41800000e+03  1.85000000e+00 -9.23281453e-04  3.97312279e-01  6.70017662e-02  1.04555448e+02  8.24877986e+00  1.24246840e+05 -1.97323894e-01 
 1.66000000e+00  8.41800000e+03  1.85000000e+00 -9.33723182e-04  3.97312279e-01  6.70017662e-02  1.04555448e+02  8.24877986e+00  1.24246840e+05 -1.97323894e-01 
 1.67000000e+00  8.41800000e+03  1.85000000e+00 -9.44157782e-04  3.97312279e-01  6.70017662e-02  1.04555448e+02  8.24877986e+00  1.24246840e+05 -1.97323894e-01 
 1.68000000e+00  8.41800000e+03  1.85000000e+00 -9.54585196e-04  3.97312279e-01  6.70017662e-02  1.04555448e+02  8.24877986e+00  1.24246840e+05 -1.97323894e-01 
 1.69000000e+00  8.41800000e+03  1.85000000e+00 -9.65005366e-04  3.97312279e-01  6.70017662e-02  1.04555448e+02  8.24877986e+00  1.24246840e+05 -1.97323894e-01 
 1.70000000e+00  8.41800000e+03  1.85000000e+00 -9.75418242e-04  3.97312279e-01  6.70017662e-02  1.04555448e+02  8.24877986e+00  1.24246840e+05 -1.97323894e-01 
 1.71000000e+00  8.41800000e+03  1.85000000e+00 -9.85823772e-04  3.97312279e-01  6.70017662e-02  1.04555448e+02  8.24877986e+00  1.24246840e+05 -1.97323894e-01 
 1.72000000e+00  8.41800000e+03  1.85000000e+00 -9.96221910e-04  3.97312279e-01  6.70017662e-02  1.04555448e+02  8.24877986e+00  1.24246840e+05 -1.97323894e-01 
 1.73000000e+00  8.41800000e+03  1.85000000e+00 -1.00661261e-03  3.97312279e-01  6.70017662e-02  1.04555448e+02  8.24877986e+00  1.24246840e+05 -1.97323894e-01 
 1.74000000e+00  8.41800000e+03  1.85000000e+00 -1.01699584e-03  3.97312279e-01  6.70017662e-02  1.04555448e+02  8.24877986e+00  1.24246840e+05 -1.97323894e-01 
 1.75000000e+00  8.41800000e+03  1.85000000e+00 -1.02737155e-03  3.97312279e-01  6.70017662e-02  1.04555448e+02  8.24877986e+00  1.24246840e+05 -1.97323894e-01 
 1.76000000e+00  8.41800000e+03  1.85000000e+00 -1.03773970e-03  3.97312279e-01  6.70017662e-02  1.04555448e+02  8.24877986e+00  1.24246840e+05 -1.97323894e-01 
 1.77000000e+00  8.41800000e+03  1.85000000e+00 -1.04810027e-03  3.97312279e-01  6.70017662e-02  1.04555448e+02  8.24877986e+00  1.24246840e+05 -1.97323894e-01 
 1.78000000e+00  8.41800000e+03  1.85000000e+00 -1.05845322e-03  3.97312279e-01  6.70017662e-02  1.04555448e+02  8.24877986e+00  1.24246840e+05 -1.97323894e-01 
 1.79000000e+00  8.41800000e+03  1.85000000e+00 -1.06879852e-03  3.97312279e-01  6.70017662e-02  1.04555448e+02  8.24877986e+00  1.24246840e+05 -1.97323894e-01 
 1.80000000e+00  8.41800000e+03  1.85000000e+00 -1.07913613e-03  3.97312279e-01  6.70017662e-02  1.04555448e+02  8.24877986e+00  1.24246840e+05 -1.97323894e-01 
 1.81000000e+00  8.41800000e+03  1.85000000e+00 -1.08946604e-03  3.97312279e-01  6.70017662e-02  1.04555448e+02  8.24877986e+00  1.24246840e+05 -1.97323894e-01 
 1.82000000e+00  8.41800000e+03  1.85000000e+00 -1.09978822e-03  3.97312279e-01  6.70017662e-02  1.04555448e+02  8.24877986e+00  1.24246840e+05 -1.97323894e-01 
 1.83000000e+00  8.41800000e+03  1.85000000e+00 -1.11010263e-03  3.97312279e-01  6.70017662e-02  1.04555448e+02  8.24877986e+00  1.24246840e+05 -1.97323894e-01 
 1.84000000e+00  8.41800000e+03  1.85000000e+00 -1.12040927e-03  3.97312279e-01  6.70017662e-02  1.04555448e+02  8.24877986e+00  1.24246840e+05 -1.97323894e-01 
 1.85000000e+00  8.41800000e+03  1.85000000e+00 -1.13070810e-03  3.97312279e-01  6.70017662e-02  1.04555448e+02  8.24877986e+00  1.24246840e+05 -1.97323894e-01 
