 v-sweep         run_num         v(drain)        i(vds)          out_vth0        out_u0          out_rdsw        out_nfactor     out_vsat        out_eta0       
 0.00000000e+00  3.03900000e+03  1.85000000e+00 -1.85137520e-12  3.37601761e-01  5.15890257e-02  9.84019890e+01  3.76236130e+00  9.49466968e+04 -1.83505318e-01 
 1.00000000e-02  3.03900000e+03  1.85000000e+00 -1.85137520e-12  3.37601761e-01  5.15890257e-02  9.84019890e+01  3.76236130e+00  9.49466968e+04 -1.83505318e-01 
 2.00000000e-02  3.03900000e+03  1.85000000e+00 -1.85137520e-12  3.37601761e-01  5.15890257e-02  9.84019890e+01  3.76236130e+00  9.49466968e+04 -1.83505318e-01 
 3.00000000e-02  3.03900000e+03  1.85000000e+00 -1.85137520e-12  3.37601761e-01  5.15890257e-02  9.84019890e+01  3.76236130e+00  9.49466968e+04 -1.83505318e-01 
 4.00000000e-02  3.03900000e+03  1.85000000e+00 -1.85137520e-12  3.37601761e-01  5.15890257e-02  9.84019890e+01  3.76236130e+00  9.49466968e+04 -1.83505318e-01 
 5.00000000e-02  3.03900000e+03  1.85000000e+00 -1.85137520e-12  3.37601761e-01  5.15890257e-02  9.84019890e+01  3.76236130e+00  9.49466968e+04 -1.83505318e-01 
 6.00000000e-02  3.03900000e+03  1.85000000e+00 -1.85137520e-12  3.37601761e-01  5.15890257e-02  9.84019890e+01  3.76236130e+00  9.49466968e+04 -1.83505318e-01 
 7.00000000e-02  3.03900000e+03  1.85000000e+00 -1.85137520e-12  3.37601761e-01  5.15890257e-02  9.84019890e+01  3.76236130e+00  9.49466968e+04 -1.83505318e-01 
 8.00000000e-02  3.03900000e+03  1.85000000e+00 -1.85137520e-12  3.37601761e-01  5.15890257e-02  9.84019890e+01  3.76236130e+00  9.49466968e+04 -1.83505318e-01 
 9.00000000e-02  3.03900000e+03  1.85000000e+00 -1.85137520e-12  3.37601761e-01  5.15890257e-02  9.84019890e+01  3.76236130e+00  9.49466968e+04 -1.83505318e-01 
 1.00000000e-01  3.03900000e+03  1.85000000e+00 -1.85137520e-12  3.37601761e-01  5.15890257e-02  9.84019890e+01  3.76236130e+00  9.49466968e+04 -1.83505318e-01 
 1.10000000e-01  3.03900000e+03  1.85000000e+00 -1.85137521e-12  3.37601761e-01  5.15890257e-02  9.84019890e+01  3.76236130e+00  9.49466968e+04 -1.83505318e-01 
 1.20000000e-01  3.03900000e+03  1.85000000e+00 -1.85137521e-12  3.37601761e-01  5.15890257e-02  9.84019890e+01  3.76236130e+00  9.49466968e+04 -1.83505318e-01 
 1.30000000e-01  3.03900000e+03  1.85000000e+00 -1.85137522e-12  3.37601761e-01  5.15890257e-02  9.84019890e+01  3.76236130e+00  9.49466968e+04 -1.83505318e-01 
 1.40000000e-01  3.03900000e+03  1.85000000e+00 -1.85137525e-12  3.37601761e-01  5.15890257e-02  9.84019890e+01  3.76236130e+00  9.49466968e+04 -1.83505318e-01 
 1.50000000e-01  3.03900000e+03  1.85000000e+00 -1.85137530e-12  3.37601761e-01  5.15890257e-02  9.84019890e+01  3.76236130e+00  9.49466968e+04 -1.83505318e-01 
 1.60000000e-01  3.03900000e+03  1.85000000e+00 -1.85137542e-12  3.37601761e-01  5.15890257e-02  9.84019890e+01  3.76236130e+00  9.49466968e+04 -1.83505318e-01 
 1.70000000e-01  3.03900000e+03  1.85000000e+00 -1.85137566e-12  3.37601761e-01  5.15890257e-02  9.84019890e+01  3.76236130e+00  9.49466968e+04 -1.83505318e-01 
 1.80000000e-01  3.03900000e+03  1.85000000e+00 -1.85137616e-12  3.37601761e-01  5.15890257e-02  9.84019890e+01  3.76236130e+00  9.49466968e+04 -1.83505318e-01 
 1.90000000e-01  3.03900000e+03  1.85000000e+00 -1.85137723e-12  3.37601761e-01  5.15890257e-02  9.84019890e+01  3.76236130e+00  9.49466968e+04 -1.83505318e-01 
 2.00000000e-01  3.03900000e+03  1.85000000e+00 -1.85137948e-12  3.37601761e-01  5.15890257e-02  9.84019890e+01  3.76236130e+00  9.49466968e+04 -1.83505318e-01 
 2.10000000e-01  3.03900000e+03  1.85000000e+00 -1.85138421e-12  3.37601761e-01  5.15890257e-02  9.84019890e+01  3.76236130e+00  9.49466968e+04 -1.83505318e-01 
 2.20000000e-01  3.03900000e+03  1.85000000e+00 -1.85139417e-12  3.37601761e-01  5.15890257e-02  9.84019890e+01  3.76236130e+00  9.49466968e+04 -1.83505318e-01 
 2.30000000e-01  3.03900000e+03  1.85000000e+00 -1.85141517e-12  3.37601761e-01  5.15890257e-02  9.84019890e+01  3.76236130e+00  9.49466968e+04 -1.83505318e-01 
 2.40000000e-01  3.03900000e+03  1.85000000e+00 -1.85145940e-12  3.37601761e-01  5.15890257e-02  9.84019890e+01  3.76236130e+00  9.49466968e+04 -1.83505318e-01 
 2.50000000e-01  3.03900000e+03  1.85000000e+00 -1.85155258e-12  3.37601761e-01  5.15890257e-02  9.84019890e+01  3.76236130e+00  9.49466968e+04 -1.83505318e-01 
 2.60000000e-01  3.03900000e+03  1.85000000e+00 -1.85174887e-12  3.37601761e-01  5.15890257e-02  9.84019890e+01  3.76236130e+00  9.49466968e+04 -1.83505318e-01 
 2.70000000e-01  3.03900000e+03  1.85000000e+00 -1.85216237e-12  3.37601761e-01  5.15890257e-02  9.84019890e+01  3.76236130e+00  9.49466968e+04 -1.83505318e-01 
 2.80000000e-01  3.03900000e+03  1.85000000e+00 -1.85303343e-12  3.37601761e-01  5.15890257e-02  9.84019890e+01  3.76236130e+00  9.49466968e+04 -1.83505318e-01 
 2.90000000e-01  3.03900000e+03  1.85000000e+00 -1.85486834e-12  3.37601761e-01  5.15890257e-02  9.84019890e+01  3.76236130e+00  9.49466968e+04 -1.83505318e-01 
 3.00000000e-01  3.03900000e+03  1.85000000e+00 -1.85873346e-12  3.37601761e-01  5.15890257e-02  9.84019890e+01  3.76236130e+00  9.49466968e+04 -1.83505318e-01 
 3.10000000e-01  3.03900000e+03  1.85000000e+00 -1.86687473e-12  3.37601761e-01  5.15890257e-02  9.84019890e+01  3.76236130e+00  9.49466968e+04 -1.83505318e-01 
 3.20000000e-01  3.03900000e+03  1.85000000e+00 -1.88402192e-12  3.37601761e-01  5.15890257e-02  9.84019890e+01  3.76236130e+00  9.49466968e+04 -1.83505318e-01 
 3.30000000e-01  3.03900000e+03  1.85000000e+00 -1.92013387e-12  3.37601761e-01  5.15890257e-02  9.84019890e+01  3.76236130e+00  9.49466968e+04 -1.83505318e-01 
 3.40000000e-01  3.03900000e+03  1.85000000e+00 -1.99617486e-12  3.37601761e-01  5.15890257e-02  9.84019890e+01  3.76236130e+00  9.49466968e+04 -1.83505318e-01 
 3.50000000e-01  3.03900000e+03  1.85000000e+00 -2.15626168e-12  3.37601761e-01  5.15890257e-02  9.84019890e+01  3.76236130e+00  9.49466968e+04 -1.83505318e-01 
 3.60000000e-01  3.03900000e+03  1.85000000e+00 -2.49318760e-12  3.37601761e-01  5.15890257e-02  9.84019890e+01  3.76236130e+00  9.49466968e+04 -1.83505318e-01 
 3.70000000e-01  3.03900000e+03  1.85000000e+00 -3.20199204e-12  3.37601761e-01  5.15890257e-02  9.84019890e+01  3.76236130e+00  9.49466968e+04 -1.83505318e-01 
 3.80000000e-01  3.03900000e+03  1.85000000e+00 -4.69220338e-12  3.37601761e-01  5.15890257e-02  9.84019890e+01  3.76236130e+00  9.49466968e+04 -1.83505318e-01 
 3.90000000e-01  3.03900000e+03  1.85000000e+00 -7.82244563e-12  3.37601761e-01  5.15890257e-02  9.84019890e+01  3.76236130e+00  9.49466968e+04 -1.83505318e-01 
 4.00000000e-01  3.03900000e+03  1.85000000e+00 -1.43890801e-11  3.37601761e-01  5.15890257e-02  9.84019890e+01  3.76236130e+00  9.49466968e+04 -1.83505318e-01 
 4.10000000e-01  3.03900000e+03  1.85000000e+00 -2.81387826e-11  3.37601761e-01  5.15890257e-02  9.84019890e+01  3.76236130e+00  9.49466968e+04 -1.83505318e-01 
 4.20000000e-01  3.03900000e+03  1.85000000e+00 -5.68514737e-11  3.37601761e-01  5.15890257e-02  9.84019890e+01  3.76236130e+00  9.49466968e+04 -1.83505318e-01 
 4.30000000e-01  3.03900000e+03  1.85000000e+00 -1.16580004e-10  3.37601761e-01  5.15890257e-02  9.84019890e+01  3.76236130e+00  9.49466968e+04 -1.83505318e-01 
 4.40000000e-01  3.03900000e+03  1.85000000e+00 -2.40150233e-10  3.37601761e-01  5.15890257e-02  9.84019890e+01  3.76236130e+00  9.49466968e+04 -1.83505318e-01 
 4.50000000e-01  3.03900000e+03  1.85000000e+00 -4.93839789e-10  3.37601761e-01  5.15890257e-02  9.84019890e+01  3.76236130e+00  9.49466968e+04 -1.83505318e-01 
 4.60000000e-01  3.03900000e+03  1.85000000e+00 -1.00912625e-09  3.37601761e-01  5.15890257e-02  9.84019890e+01  3.76236130e+00  9.49466968e+04 -1.83505318e-01 
 4.70000000e-01  3.03900000e+03  1.85000000e+00 -2.04061959e-09  3.37601761e-01  5.15890257e-02  9.84019890e+01  3.76236130e+00  9.49466968e+04 -1.83505318e-01 
 4.80000000e-01  3.03900000e+03  1.85000000e+00 -4.06585413e-09  3.37601761e-01  5.15890257e-02  9.84019890e+01  3.76236130e+00  9.49466968e+04 -1.83505318e-01 
 4.90000000e-01  3.03900000e+03  1.85000000e+00 -7.94459258e-09  3.37601761e-01  5.15890257e-02  9.84019890e+01  3.76236130e+00  9.49466968e+04 -1.83505318e-01 
 5.00000000e-01  3.03900000e+03  1.85000000e+00 -1.51501491e-08  3.37601761e-01  5.15890257e-02  9.84019890e+01  3.76236130e+00  9.49466968e+04 -1.83505318e-01 
 5.10000000e-01  3.03900000e+03  1.85000000e+00 -2.80720621e-08  3.37601761e-01  5.15890257e-02  9.84019890e+01  3.76236130e+00  9.49466968e+04 -1.83505318e-01 
 5.20000000e-01  3.03900000e+03  1.85000000e+00 -5.03814936e-08  3.37601761e-01  5.15890257e-02  9.84019890e+01  3.76236130e+00  9.49466968e+04 -1.83505318e-01 
 5.30000000e-01  3.03900000e+03  1.85000000e+00 -8.74768938e-08  3.37601761e-01  5.15890257e-02  9.84019890e+01  3.76236130e+00  9.49466968e+04 -1.83505318e-01 
 5.40000000e-01  3.03900000e+03  1.85000000e+00 -1.47102171e-07  3.37601761e-01  5.15890257e-02  9.84019890e+01  3.76236130e+00  9.49466968e+04 -1.83505318e-01 
 5.50000000e-01  3.03900000e+03  1.85000000e+00 -2.40309158e-07  3.37601761e-01  5.15890257e-02  9.84019890e+01  3.76236130e+00  9.49466968e+04 -1.83505318e-01 
 5.60000000e-01  3.03900000e+03  1.85000000e+00 -3.82929483e-07  3.37601761e-01  5.15890257e-02  9.84019890e+01  3.76236130e+00  9.49466968e+04 -1.83505318e-01 
 5.70000000e-01  3.03900000e+03  1.85000000e+00 -5.97553392e-07  3.37601761e-01  5.15890257e-02  9.84019890e+01  3.76236130e+00  9.49466968e+04 -1.83505318e-01 
 5.80000000e-01  3.03900000e+03  1.85000000e+00 -9.15653259e-07  3.37601761e-01  5.15890257e-02  9.84019890e+01  3.76236130e+00  9.49466968e+04 -1.83505318e-01 
 5.90000000e-01  3.03900000e+03  1.85000000e+00 -1.37897075e-06  3.37601761e-01  5.15890257e-02  9.84019890e+01  3.76236130e+00  9.49466968e+04 -1.83505318e-01 
 6.00000000e-01  3.03900000e+03  1.85000000e+00 -2.03885620e-06  3.37601761e-01  5.15890257e-02  9.84019890e+01  3.76236130e+00  9.49466968e+04 -1.83505318e-01 
 6.10000000e-01  3.03900000e+03  1.85000000e+00 -2.95246756e-06  3.37601761e-01  5.15890257e-02  9.84019890e+01  3.76236130e+00  9.49466968e+04 -1.83505318e-01 
 6.20000000e-01  3.03900000e+03  1.85000000e+00 -4.17603307e-06  3.37601761e-01  5.15890257e-02  9.84019890e+01  3.76236130e+00  9.49466968e+04 -1.83505318e-01 
 6.30000000e-01  3.03900000e+03  1.85000000e+00 -5.75718919e-06  3.37601761e-01  5.15890257e-02  9.84019890e+01  3.76236130e+00  9.49466968e+04 -1.83505318e-01 
 6.40000000e-01  3.03900000e+03  1.85000000e+00 -7.72922382e-06  3.37601761e-01  5.15890257e-02  9.84019890e+01  3.76236130e+00  9.49466968e+04 -1.83505318e-01 
 6.50000000e-01  3.03900000e+03  1.85000000e+00 -1.01090371e-05  3.37601761e-01  5.15890257e-02  9.84019890e+01  3.76236130e+00  9.49466968e+04 -1.83505318e-01 
 6.60000000e-01  3.03900000e+03  1.85000000e+00 -1.28986722e-05  3.37601761e-01  5.15890257e-02  9.84019890e+01  3.76236130e+00  9.49466968e+04 -1.83505318e-01 
 6.70000000e-01  3.03900000e+03  1.85000000e+00 -1.60889136e-05  3.37601761e-01  5.15890257e-02  9.84019890e+01  3.76236130e+00  9.49466968e+04 -1.83505318e-01 
 6.80000000e-01  3.03900000e+03  1.85000000e+00 -1.96633086e-05  3.37601761e-01  5.15890257e-02  9.84019890e+01  3.76236130e+00  9.49466968e+04 -1.83505318e-01 
 6.90000000e-01  3.03900000e+03  1.85000000e+00 -2.36015679e-05  3.37601761e-01  5.15890257e-02  9.84019890e+01  3.76236130e+00  9.49466968e+04 -1.83505318e-01 
 7.00000000e-01  3.03900000e+03  1.85000000e+00 -2.78819825e-05  3.37601761e-01  5.15890257e-02  9.84019890e+01  3.76236130e+00  9.49466968e+04 -1.83505318e-01 
 7.10000000e-01  3.03900000e+03  1.85000000e+00 -3.24829231e-05  3.37601761e-01  5.15890257e-02  9.84019890e+01  3.76236130e+00  9.49466968e+04 -1.83505318e-01 
 7.20000000e-01  3.03900000e+03  1.85000000e+00 -3.73836517e-05  3.37601761e-01  5.15890257e-02  9.84019890e+01  3.76236130e+00  9.49466968e+04 -1.83505318e-01 
 7.30000000e-01  3.03900000e+03  1.85000000e+00 -4.25646868e-05  3.37601761e-01  5.15890257e-02  9.84019890e+01  3.76236130e+00  9.49466968e+04 -1.83505318e-01 
 7.40000000e-01  3.03900000e+03  1.85000000e+00 -4.80079070e-05  3.37601761e-01  5.15890257e-02  9.84019890e+01  3.76236130e+00  9.49466968e+04 -1.83505318e-01 
 7.50000000e-01  3.03900000e+03  1.85000000e+00 -5.36965195e-05  3.37601761e-01  5.15890257e-02  9.84019890e+01  3.76236130e+00  9.49466968e+04 -1.83505318e-01 
 7.60000000e-01  3.03900000e+03  1.85000000e+00 -5.96149683e-05  3.37601761e-01  5.15890257e-02  9.84019890e+01  3.76236130e+00  9.49466968e+04 -1.83505318e-01 
 7.70000000e-01  3.03900000e+03  1.85000000e+00 -6.57488234e-05  3.37601761e-01  5.15890257e-02  9.84019890e+01  3.76236130e+00  9.49466968e+04 -1.83505318e-01 
 7.80000000e-01  3.03900000e+03  1.85000000e+00 -7.20846724e-05  3.37601761e-01  5.15890257e-02  9.84019890e+01  3.76236130e+00  9.49466968e+04 -1.83505318e-01 
 7.90000000e-01  3.03900000e+03  1.85000000e+00 -7.86100220e-05  3.37601761e-01  5.15890257e-02  9.84019890e+01  3.76236130e+00  9.49466968e+04 -1.83505318e-01 
 8.00000000e-01  3.03900000e+03  1.85000000e+00 -8.53132131e-05  3.37601761e-01  5.15890257e-02  9.84019890e+01  3.76236130e+00  9.49466968e+04 -1.83505318e-01 
 8.10000000e-01  3.03900000e+03  1.85000000e+00 -9.21833478e-05  3.37601761e-01  5.15890257e-02  9.84019890e+01  3.76236130e+00  9.49466968e+04 -1.83505318e-01 
 8.20000000e-01  3.03900000e+03  1.85000000e+00 -9.92102272e-05  3.37601761e-01  5.15890257e-02  9.84019890e+01  3.76236130e+00  9.49466968e+04 -1.83505318e-01 
 8.30000000e-01  3.03900000e+03  1.85000000e+00 -1.06384298e-04  3.37601761e-01  5.15890257e-02  9.84019890e+01  3.76236130e+00  9.49466968e+04 -1.83505318e-01 
 8.40000000e-01  3.03900000e+03  1.85000000e+00 -1.13696604e-04  3.37601761e-01  5.15890257e-02  9.84019890e+01  3.76236130e+00  9.49466968e+04 -1.83505318e-01 
 8.50000000e-01  3.03900000e+03  1.85000000e+00 -1.21138749e-04  3.37601761e-01  5.15890257e-02  9.84019890e+01  3.76236130e+00  9.49466968e+04 -1.83505318e-01 
 8.60000000e-01  3.03900000e+03  1.85000000e+00 -1.28702854e-04  3.37601761e-01  5.15890257e-02  9.84019890e+01  3.76236130e+00  9.49466968e+04 -1.83505318e-01 
 8.70000000e-01  3.03900000e+03  1.85000000e+00 -1.36381526e-04  3.37601761e-01  5.15890257e-02  9.84019890e+01  3.76236130e+00  9.49466968e+04 -1.83505318e-01 
 8.80000000e-01  3.03900000e+03  1.85000000e+00 -1.44167826e-04  3.37601761e-01  5.15890257e-02  9.84019890e+01  3.76236130e+00  9.49466968e+04 -1.83505318e-01 
 8.90000000e-01  3.03900000e+03  1.85000000e+00 -1.52055242e-04  3.37601761e-01  5.15890257e-02  9.84019890e+01  3.76236130e+00  9.49466968e+04 -1.83505318e-01 
 9.00000000e-01  3.03900000e+03  1.85000000e+00 -1.60037658e-04  3.37601761e-01  5.15890257e-02  9.84019890e+01  3.76236130e+00  9.49466968e+04 -1.83505318e-01 
 9.10000000e-01  3.03900000e+03  1.85000000e+00 -1.68109331e-04  3.37601761e-01  5.15890257e-02  9.84019890e+01  3.76236130e+00  9.49466968e+04 -1.83505318e-01 
 9.20000000e-01  3.03900000e+03  1.85000000e+00 -1.76264868e-04  3.37601761e-01  5.15890257e-02  9.84019890e+01  3.76236130e+00  9.49466968e+04 -1.83505318e-01 
 9.30000000e-01  3.03900000e+03  1.85000000e+00 -1.84499201e-04  3.37601761e-01  5.15890257e-02  9.84019890e+01  3.76236130e+00  9.49466968e+04 -1.83505318e-01 
 9.40000000e-01  3.03900000e+03  1.85000000e+00 -1.92807568e-04  3.37601761e-01  5.15890257e-02  9.84019890e+01  3.76236130e+00  9.49466968e+04 -1.83505318e-01 
 9.50000000e-01  3.03900000e+03  1.85000000e+00 -2.01185492e-04  3.37601761e-01  5.15890257e-02  9.84019890e+01  3.76236130e+00  9.49466968e+04 -1.83505318e-01 
 9.60000000e-01  3.03900000e+03  1.85000000e+00 -2.09628762e-04  3.37601761e-01  5.15890257e-02  9.84019890e+01  3.76236130e+00  9.49466968e+04 -1.83505318e-01 
 9.70000000e-01  3.03900000e+03  1.85000000e+00 -2.18133417e-04  3.37601761e-01  5.15890257e-02  9.84019890e+01  3.76236130e+00  9.49466968e+04 -1.83505318e-01 
 9.80000000e-01  3.03900000e+03  1.85000000e+00 -2.26695728e-04  3.37601761e-01  5.15890257e-02  9.84019890e+01  3.76236130e+00  9.49466968e+04 -1.83505318e-01 
 9.90000000e-01  3.03900000e+03  1.85000000e+00 -2.35312188e-04  3.37601761e-01  5.15890257e-02  9.84019890e+01  3.76236130e+00  9.49466968e+04 -1.83505318e-01 
 1.00000000e+00  3.03900000e+03  1.85000000e+00 -2.43979491e-04  3.37601761e-01  5.15890257e-02  9.84019890e+01  3.76236130e+00  9.49466968e+04 -1.83505318e-01 
 1.01000000e+00  3.03900000e+03  1.85000000e+00 -2.52694525e-04  3.37601761e-01  5.15890257e-02  9.84019890e+01  3.76236130e+00  9.49466968e+04 -1.83505318e-01 
 1.02000000e+00  3.03900000e+03  1.85000000e+00 -2.61454354e-04  3.37601761e-01  5.15890257e-02  9.84019890e+01  3.76236130e+00  9.49466968e+04 -1.83505318e-01 
 1.03000000e+00  3.03900000e+03  1.85000000e+00 -2.70256209e-04  3.37601761e-01  5.15890257e-02  9.84019890e+01  3.76236130e+00  9.49466968e+04 -1.83505318e-01 
 1.04000000e+00  3.03900000e+03  1.85000000e+00 -2.79097479e-04  3.37601761e-01  5.15890257e-02  9.84019890e+01  3.76236130e+00  9.49466968e+04 -1.83505318e-01 
 1.05000000e+00  3.03900000e+03  1.85000000e+00 -2.87975699e-04  3.37601761e-01  5.15890257e-02  9.84019890e+01  3.76236130e+00  9.49466968e+04 -1.83505318e-01 
 1.06000000e+00  3.03900000e+03  1.85000000e+00 -2.96888538e-04  3.37601761e-01  5.15890257e-02  9.84019890e+01  3.76236130e+00  9.49466968e+04 -1.83505318e-01 
 1.07000000e+00  3.03900000e+03  1.85000000e+00 -3.05833797e-04  3.37601761e-01  5.15890257e-02  9.84019890e+01  3.76236130e+00  9.49466968e+04 -1.83505318e-01 
 1.08000000e+00  3.03900000e+03  1.85000000e+00 -3.14809395e-04  3.37601761e-01  5.15890257e-02  9.84019890e+01  3.76236130e+00  9.49466968e+04 -1.83505318e-01 
 1.09000000e+00  3.03900000e+03  1.85000000e+00 -3.23813364e-04  3.37601761e-01  5.15890257e-02  9.84019890e+01  3.76236130e+00  9.49466968e+04 -1.83505318e-01 
 1.10000000e+00  3.03900000e+03  1.85000000e+00 -3.32843842e-04  3.37601761e-01  5.15890257e-02  9.84019890e+01  3.76236130e+00  9.49466968e+04 -1.83505318e-01 
 1.11000000e+00  3.03900000e+03  1.85000000e+00 -3.41899066e-04  3.37601761e-01  5.15890257e-02  9.84019890e+01  3.76236130e+00  9.49466968e+04 -1.83505318e-01 
 1.12000000e+00  3.03900000e+03  1.85000000e+00 -3.50977366e-04  3.37601761e-01  5.15890257e-02  9.84019890e+01  3.76236130e+00  9.49466968e+04 -1.83505318e-01 
 1.13000000e+00  3.03900000e+03  1.85000000e+00 -3.60077158e-04  3.37601761e-01  5.15890257e-02  9.84019890e+01  3.76236130e+00  9.49466968e+04 -1.83505318e-01 
 1.14000000e+00  3.03900000e+03  1.85000000e+00 -3.69196943e-04  3.37601761e-01  5.15890257e-02  9.84019890e+01  3.76236130e+00  9.49466968e+04 -1.83505318e-01 
 1.15000000e+00  3.03900000e+03  1.85000000e+00 -3.78335298e-04  3.37601761e-01  5.15890257e-02  9.84019890e+01  3.76236130e+00  9.49466968e+04 -1.83505318e-01 
 1.16000000e+00  3.03900000e+03  1.85000000e+00 -3.87490871e-04  3.37601761e-01  5.15890257e-02  9.84019890e+01  3.76236130e+00  9.49466968e+04 -1.83505318e-01 
 1.17000000e+00  3.03900000e+03  1.85000000e+00 -3.96662381e-04  3.37601761e-01  5.15890257e-02  9.84019890e+01  3.76236130e+00  9.49466968e+04 -1.83505318e-01 
 1.18000000e+00  3.03900000e+03  1.85000000e+00 -4.05848610e-04  3.37601761e-01  5.15890257e-02  9.84019890e+01  3.76236130e+00  9.49466968e+04 -1.83505318e-01 
 1.19000000e+00  3.03900000e+03  1.85000000e+00 -4.15048401e-04  3.37601761e-01  5.15890257e-02  9.84019890e+01  3.76236130e+00  9.49466968e+04 -1.83505318e-01 
 1.20000000e+00  3.03900000e+03  1.85000000e+00 -4.24260653e-04  3.37601761e-01  5.15890257e-02  9.84019890e+01  3.76236130e+00  9.49466968e+04 -1.83505318e-01 
 1.21000000e+00  3.03900000e+03  1.85000000e+00 -4.33484322e-04  3.37601761e-01  5.15890257e-02  9.84019890e+01  3.76236130e+00  9.49466968e+04 -1.83505318e-01 
 1.22000000e+00  3.03900000e+03  1.85000000e+00 -4.42718411e-04  3.37601761e-01  5.15890257e-02  9.84019890e+01  3.76236130e+00  9.49466968e+04 -1.83505318e-01 
 1.23000000e+00  3.03900000e+03  1.85000000e+00 -4.51961975e-04  3.37601761e-01  5.15890257e-02  9.84019890e+01  3.76236130e+00  9.49466968e+04 -1.83505318e-01 
 1.24000000e+00  3.03900000e+03  1.85000000e+00 -4.61214111e-04  3.37601761e-01  5.15890257e-02  9.84019890e+01  3.76236130e+00  9.49466968e+04 -1.83505318e-01 
 1.25000000e+00  3.03900000e+03  1.85000000e+00 -4.70473962e-04  3.37601761e-01  5.15890257e-02  9.84019890e+01  3.76236130e+00  9.49466968e+04 -1.83505318e-01 
 1.26000000e+00  3.03900000e+03  1.85000000e+00 -4.79740710e-04  3.37601761e-01  5.15890257e-02  9.84019890e+01  3.76236130e+00  9.49466968e+04 -1.83505318e-01 
 1.27000000e+00  3.03900000e+03  1.85000000e+00 -4.89013574e-04  3.37601761e-01  5.15890257e-02  9.84019890e+01  3.76236130e+00  9.49466968e+04 -1.83505318e-01 
 1.28000000e+00  3.03900000e+03  1.85000000e+00 -4.98291813e-04  3.37601761e-01  5.15890257e-02  9.84019890e+01  3.76236130e+00  9.49466968e+04 -1.83505318e-01 
 1.29000000e+00  3.03900000e+03  1.85000000e+00 -5.07574718e-04  3.37601761e-01  5.15890257e-02  9.84019890e+01  3.76236130e+00  9.49466968e+04 -1.83505318e-01 
 1.30000000e+00  3.03900000e+03  1.85000000e+00 -5.16861612e-04  3.37601761e-01  5.15890257e-02  9.84019890e+01  3.76236130e+00  9.49466968e+04 -1.83505318e-01 
 1.31000000e+00  3.03900000e+03  1.85000000e+00 -5.26151852e-04  3.37601761e-01  5.15890257e-02  9.84019890e+01  3.76236130e+00  9.49466968e+04 -1.83505318e-01 
 1.32000000e+00  3.03900000e+03  1.85000000e+00 -5.35444821e-04  3.37601761e-01  5.15890257e-02  9.84019890e+01  3.76236130e+00  9.49466968e+04 -1.83505318e-01 
 1.33000000e+00  3.03900000e+03  1.85000000e+00 -5.44739932e-04  3.37601761e-01  5.15890257e-02  9.84019890e+01  3.76236130e+00  9.49466968e+04 -1.83505318e-01 
 1.34000000e+00  3.03900000e+03  1.85000000e+00 -5.54036624e-04  3.37601761e-01  5.15890257e-02  9.84019890e+01  3.76236130e+00  9.49466968e+04 -1.83505318e-01 
 1.35000000e+00  3.03900000e+03  1.85000000e+00 -5.63334361e-04  3.37601761e-01  5.15890257e-02  9.84019890e+01  3.76236130e+00  9.49466968e+04 -1.83505318e-01 
 1.36000000e+00  3.03900000e+03  1.85000000e+00 -5.72632631e-04  3.37601761e-01  5.15890257e-02  9.84019890e+01  3.76236130e+00  9.49466968e+04 -1.83505318e-01 
 1.37000000e+00  3.03900000e+03  1.85000000e+00 -5.81930944e-04  3.37601761e-01  5.15890257e-02  9.84019890e+01  3.76236130e+00  9.49466968e+04 -1.83505318e-01 
 1.38000000e+00  3.03900000e+03  1.85000000e+00 -5.91228833e-04  3.37601761e-01  5.15890257e-02  9.84019890e+01  3.76236130e+00  9.49466968e+04 -1.83505318e-01 
 1.39000000e+00  3.03900000e+03  1.85000000e+00 -6.00525850e-04  3.37601761e-01  5.15890257e-02  9.84019890e+01  3.76236130e+00  9.49466968e+04 -1.83505318e-01 
 1.40000000e+00  3.03900000e+03  1.85000000e+00 -6.09821567e-04  3.37601761e-01  5.15890257e-02  9.84019890e+01  3.76236130e+00  9.49466968e+04 -1.83505318e-01 
 1.41000000e+00  3.03900000e+03  1.85000000e+00 -6.19115576e-04  3.37601761e-01  5.15890257e-02  9.84019890e+01  3.76236130e+00  9.49466968e+04 -1.83505318e-01 
 1.42000000e+00  3.03900000e+03  1.85000000e+00 -6.28407485e-04  3.37601761e-01  5.15890257e-02  9.84019890e+01  3.76236130e+00  9.49466968e+04 -1.83505318e-01 
 1.43000000e+00  3.03900000e+03  1.85000000e+00 -6.37696920e-04  3.37601761e-01  5.15890257e-02  9.84019890e+01  3.76236130e+00  9.49466968e+04 -1.83505318e-01 
 1.44000000e+00  3.03900000e+03  1.85000000e+00 -6.46983521e-04  3.37601761e-01  5.15890257e-02  9.84019890e+01  3.76236130e+00  9.49466968e+04 -1.83505318e-01 
 1.45000000e+00  3.03900000e+03  1.85000000e+00 -6.56266946e-04  3.37601761e-01  5.15890257e-02  9.84019890e+01  3.76236130e+00  9.49466968e+04 -1.83505318e-01 
 1.46000000e+00  3.03900000e+03  1.85000000e+00 -6.65546867e-04  3.37601761e-01  5.15890257e-02  9.84019890e+01  3.76236130e+00  9.49466968e+04 -1.83505318e-01 
 1.47000000e+00  3.03900000e+03  1.85000000e+00 -6.74822968e-04  3.37601761e-01  5.15890257e-02  9.84019890e+01  3.76236130e+00  9.49466968e+04 -1.83505318e-01 
 1.48000000e+00  3.03900000e+03  1.85000000e+00 -6.84094949e-04  3.37601761e-01  5.15890257e-02  9.84019890e+01  3.76236130e+00  9.49466968e+04 -1.83505318e-01 
 1.49000000e+00  3.03900000e+03  1.85000000e+00 -6.93362520e-04  3.37601761e-01  5.15890257e-02  9.84019890e+01  3.76236130e+00  9.49466968e+04 -1.83505318e-01 
 1.50000000e+00  3.03900000e+03  1.85000000e+00 -7.02625405e-04  3.37601761e-01  5.15890257e-02  9.84019890e+01  3.76236130e+00  9.49466968e+04 -1.83505318e-01 
 1.51000000e+00  3.03900000e+03  1.85000000e+00 -7.11883340e-04  3.37601761e-01  5.15890257e-02  9.84019890e+01  3.76236130e+00  9.49466968e+04 -1.83505318e-01 
 1.52000000e+00  3.03900000e+03  1.85000000e+00 -7.21136070e-04  3.37601761e-01  5.15890257e-02  9.84019890e+01  3.76236130e+00  9.49466968e+04 -1.83505318e-01 
 1.53000000e+00  3.03900000e+03  1.85000000e+00 -7.30383353e-04  3.37601761e-01  5.15890257e-02  9.84019890e+01  3.76236130e+00  9.49466968e+04 -1.83505318e-01 
 1.54000000e+00  3.03900000e+03  1.85000000e+00 -7.39624954e-04  3.37601761e-01  5.15890257e-02  9.84019890e+01  3.76236130e+00  9.49466968e+04 -1.83505318e-01 
 1.55000000e+00  3.03900000e+03  1.85000000e+00 -7.48860650e-04  3.37601761e-01  5.15890257e-02  9.84019890e+01  3.76236130e+00  9.49466968e+04 -1.83505318e-01 
 1.56000000e+00  3.03900000e+03  1.85000000e+00 -7.58090227e-04  3.37601761e-01  5.15890257e-02  9.84019890e+01  3.76236130e+00  9.49466968e+04 -1.83505318e-01 
 1.57000000e+00  3.03900000e+03  1.85000000e+00 -7.67313479e-04  3.37601761e-01  5.15890257e-02  9.84019890e+01  3.76236130e+00  9.49466968e+04 -1.83505318e-01 
 1.58000000e+00  3.03900000e+03  1.85000000e+00 -7.76530208e-04  3.37601761e-01  5.15890257e-02  9.84019890e+01  3.76236130e+00  9.49466968e+04 -1.83505318e-01 
 1.59000000e+00  3.03900000e+03  1.85000000e+00 -7.85740226e-04  3.37601761e-01  5.15890257e-02  9.84019890e+01  3.76236130e+00  9.49466968e+04 -1.83505318e-01 
 1.60000000e+00  3.03900000e+03  1.85000000e+00 -7.94943351e-04  3.37601761e-01  5.15890257e-02  9.84019890e+01  3.76236130e+00  9.49466968e+04 -1.83505318e-01 
 1.61000000e+00  3.03900000e+03  1.85000000e+00 -8.04139408e-04  3.37601761e-01  5.15890257e-02  9.84019890e+01  3.76236130e+00  9.49466968e+04 -1.83505318e-01 
 1.62000000e+00  3.03900000e+03  1.85000000e+00 -8.13328232e-04  3.37601761e-01  5.15890257e-02  9.84019890e+01  3.76236130e+00  9.49466968e+04 -1.83505318e-01 
 1.63000000e+00  3.03900000e+03  1.85000000e+00 -8.22509660e-04  3.37601761e-01  5.15890257e-02  9.84019890e+01  3.76236130e+00  9.49466968e+04 -1.83505318e-01 
 1.64000000e+00  3.03900000e+03  1.85000000e+00 -8.31683540e-04  3.37601761e-01  5.15890257e-02  9.84019890e+01  3.76236130e+00  9.49466968e+04 -1.83505318e-01 
 1.65000000e+00  3.03900000e+03  1.85000000e+00 -8.40849722e-04  3.37601761e-01  5.15890257e-02  9.84019890e+01  3.76236130e+00  9.49466968e+04 -1.83505318e-01 
 1.66000000e+00  3.03900000e+03  1.85000000e+00 -8.50008066e-04  3.37601761e-01  5.15890257e-02  9.84019890e+01  3.76236130e+00  9.49466968e+04 -1.83505318e-01 
 1.67000000e+00  3.03900000e+03  1.85000000e+00 -8.59158435e-04  3.37601761e-01  5.15890257e-02  9.84019890e+01  3.76236130e+00  9.49466968e+04 -1.83505318e-01 
 1.68000000e+00  3.03900000e+03  1.85000000e+00 -8.68300699e-04  3.37601761e-01  5.15890257e-02  9.84019890e+01  3.76236130e+00  9.49466968e+04 -1.83505318e-01 
 1.69000000e+00  3.03900000e+03  1.85000000e+00 -8.77434730e-04  3.37601761e-01  5.15890257e-02  9.84019890e+01  3.76236130e+00  9.49466968e+04 -1.83505318e-01 
 1.70000000e+00  3.03900000e+03  1.85000000e+00 -8.86560409e-04  3.37601761e-01  5.15890257e-02  9.84019890e+01  3.76236130e+00  9.49466968e+04 -1.83505318e-01 
 1.71000000e+00  3.03900000e+03  1.85000000e+00 -8.95677619e-04  3.37601761e-01  5.15890257e-02  9.84019890e+01  3.76236130e+00  9.49466968e+04 -1.83505318e-01 
 1.72000000e+00  3.03900000e+03  1.85000000e+00 -9.04786249e-04  3.37601761e-01  5.15890257e-02  9.84019890e+01  3.76236130e+00  9.49466968e+04 -1.83505318e-01 
 1.73000000e+00  3.03900000e+03  1.85000000e+00 -9.13886191e-04  3.37601761e-01  5.15890257e-02  9.84019890e+01  3.76236130e+00  9.49466968e+04 -1.83505318e-01 
 1.74000000e+00  3.03900000e+03  1.85000000e+00 -9.22977343e-04  3.37601761e-01  5.15890257e-02  9.84019890e+01  3.76236130e+00  9.49466968e+04 -1.83505318e-01 
 1.75000000e+00  3.03900000e+03  1.85000000e+00 -9.32059605e-04  3.37601761e-01  5.15890257e-02  9.84019890e+01  3.76236130e+00  9.49466968e+04 -1.83505318e-01 
 1.76000000e+00  3.03900000e+03  1.85000000e+00 -9.41132882e-04  3.37601761e-01  5.15890257e-02  9.84019890e+01  3.76236130e+00  9.49466968e+04 -1.83505318e-01 
 1.77000000e+00  3.03900000e+03  1.85000000e+00 -9.50197082e-04  3.37601761e-01  5.15890257e-02  9.84019890e+01  3.76236130e+00  9.49466968e+04 -1.83505318e-01 
 1.78000000e+00  3.03900000e+03  1.85000000e+00 -9.59252116e-04  3.37601761e-01  5.15890257e-02  9.84019890e+01  3.76236130e+00  9.49466968e+04 -1.83505318e-01 
 1.79000000e+00  3.03900000e+03  1.85000000e+00 -9.68297901e-04  3.37601761e-01  5.15890257e-02  9.84019890e+01  3.76236130e+00  9.49466968e+04 -1.83505318e-01 
 1.80000000e+00  3.03900000e+03  1.85000000e+00 -9.77334355e-04  3.37601761e-01  5.15890257e-02  9.84019890e+01  3.76236130e+00  9.49466968e+04 -1.83505318e-01 
 1.81000000e+00  3.03900000e+03  1.85000000e+00 -9.86361397e-04  3.37601761e-01  5.15890257e-02  9.84019890e+01  3.76236130e+00  9.49466968e+04 -1.83505318e-01 
 1.82000000e+00  3.03900000e+03  1.85000000e+00 -9.95378954e-04  3.37601761e-01  5.15890257e-02  9.84019890e+01  3.76236130e+00  9.49466968e+04 -1.83505318e-01 
 1.83000000e+00  3.03900000e+03  1.85000000e+00 -1.00438695e-03  3.37601761e-01  5.15890257e-02  9.84019890e+01  3.76236130e+00  9.49466968e+04 -1.83505318e-01 
 1.84000000e+00  3.03900000e+03  1.85000000e+00 -1.01338532e-03  3.37601761e-01  5.15890257e-02  9.84019890e+01  3.76236130e+00  9.49466968e+04 -1.83505318e-01 
 1.85000000e+00  3.03900000e+03  1.85000000e+00 -1.02237399e-03  3.37601761e-01  5.15890257e-02  9.84019890e+01  3.76236130e+00  9.49466968e+04 -1.83505318e-01 
