 v-sweep         run_num         v(drain)        i(vds)          out_vth0        out_u0          out_rdsw        out_nfactor     out_vsat        out_eta0       
 0.00000000e+00  4.60000000e+01  1.85000000e+00 -1.85137521e-12  4.60666294e-01  8.33549821e-02  1.11084386e+02  1.30089567e+01  1.55334858e+05 -2.11985670e-01 
 1.00000000e-02  4.60000000e+01  1.85000000e+00 -1.85137521e-12  4.60666294e-01  8.33549821e-02  1.11084386e+02  1.30089567e+01  1.55334858e+05 -2.11985670e-01 
 2.00000000e-02  4.60000000e+01  1.85000000e+00 -1.85137522e-12  4.60666294e-01  8.33549821e-02  1.11084386e+02  1.30089567e+01  1.55334858e+05 -2.11985670e-01 
 3.00000000e-02  4.60000000e+01  1.85000000e+00 -1.85137524e-12  4.60666294e-01  8.33549821e-02  1.11084386e+02  1.30089567e+01  1.55334858e+05 -2.11985670e-01 
 4.00000000e-02  4.60000000e+01  1.85000000e+00 -1.85137526e-12  4.60666294e-01  8.33549821e-02  1.11084386e+02  1.30089567e+01  1.55334858e+05 -2.11985670e-01 
 5.00000000e-02  4.60000000e+01  1.85000000e+00 -1.85137529e-12  4.60666294e-01  8.33549821e-02  1.11084386e+02  1.30089567e+01  1.55334858e+05 -2.11985670e-01 
 6.00000000e-02  4.60000000e+01  1.85000000e+00 -1.85137534e-12  4.60666294e-01  8.33549821e-02  1.11084386e+02  1.30089567e+01  1.55334858e+05 -2.11985670e-01 
 7.00000000e-02  4.60000000e+01  1.85000000e+00 -1.85137542e-12  4.60666294e-01  8.33549821e-02  1.11084386e+02  1.30089567e+01  1.55334858e+05 -2.11985670e-01 
 8.00000000e-02  4.60000000e+01  1.85000000e+00 -1.85137554e-12  4.60666294e-01  8.33549821e-02  1.11084386e+02  1.30089567e+01  1.55334858e+05 -2.11985670e-01 
 9.00000000e-02  4.60000000e+01  1.85000000e+00 -1.85137573e-12  4.60666294e-01  8.33549821e-02  1.11084386e+02  1.30089567e+01  1.55334858e+05 -2.11985670e-01 
 1.00000000e-01  4.60000000e+01  1.85000000e+00 -1.85137602e-12  4.60666294e-01  8.33549821e-02  1.11084386e+02  1.30089567e+01  1.55334858e+05 -2.11985670e-01 
 1.10000000e-01  4.60000000e+01  1.85000000e+00 -1.85137649e-12  4.60666294e-01  8.33549821e-02  1.11084386e+02  1.30089567e+01  1.55334858e+05 -2.11985670e-01 
 1.20000000e-01  4.60000000e+01  1.85000000e+00 -1.85137722e-12  4.60666294e-01  8.33549821e-02  1.11084386e+02  1.30089567e+01  1.55334858e+05 -2.11985670e-01 
 1.30000000e-01  4.60000000e+01  1.85000000e+00 -1.85137835e-12  4.60666294e-01  8.33549821e-02  1.11084386e+02  1.30089567e+01  1.55334858e+05 -2.11985670e-01 
 1.40000000e-01  4.60000000e+01  1.85000000e+00 -1.85138013e-12  4.60666294e-01  8.33549821e-02  1.11084386e+02  1.30089567e+01  1.55334858e+05 -2.11985670e-01 
 1.50000000e-01  4.60000000e+01  1.85000000e+00 -1.85138290e-12  4.60666294e-01  8.33549821e-02  1.11084386e+02  1.30089567e+01  1.55334858e+05 -2.11985670e-01 
 1.60000000e-01  4.60000000e+01  1.85000000e+00 -1.85138725e-12  4.60666294e-01  8.33549821e-02  1.11084386e+02  1.30089567e+01  1.55334858e+05 -2.11985670e-01 
 1.70000000e-01  4.60000000e+01  1.85000000e+00 -1.85139404e-12  4.60666294e-01  8.33549821e-02  1.11084386e+02  1.30089567e+01  1.55334858e+05 -2.11985670e-01 
 1.80000000e-01  4.60000000e+01  1.85000000e+00 -1.85140465e-12  4.60666294e-01  8.33549821e-02  1.11084386e+02  1.30089567e+01  1.55334858e+05 -2.11985670e-01 
 1.90000000e-01  4.60000000e+01  1.85000000e+00 -1.85142126e-12  4.60666294e-01  8.33549821e-02  1.11084386e+02  1.30089567e+01  1.55334858e+05 -2.11985670e-01 
 2.00000000e-01  4.60000000e+01  1.85000000e+00 -1.85144722e-12  4.60666294e-01  8.33549821e-02  1.11084386e+02  1.30089567e+01  1.55334858e+05 -2.11985670e-01 
 2.10000000e-01  4.60000000e+01  1.85000000e+00 -1.85148781e-12  4.60666294e-01  8.33549821e-02  1.11084386e+02  1.30089567e+01  1.55334858e+05 -2.11985670e-01 
 2.20000000e-01  4.60000000e+01  1.85000000e+00 -1.85155128e-12  4.60666294e-01  8.33549821e-02  1.11084386e+02  1.30089567e+01  1.55334858e+05 -2.11985670e-01 
 2.30000000e-01  4.60000000e+01  1.85000000e+00 -1.85165052e-12  4.60666294e-01  8.33549821e-02  1.11084386e+02  1.30089567e+01  1.55334858e+05 -2.11985670e-01 
 2.40000000e-01  4.60000000e+01  1.85000000e+00 -1.85180570e-12  4.60666294e-01  8.33549821e-02  1.11084386e+02  1.30089567e+01  1.55334858e+05 -2.11985670e-01 
 2.50000000e-01  4.60000000e+01  1.85000000e+00 -1.85204835e-12  4.60666294e-01  8.33549821e-02  1.11084386e+02  1.30089567e+01  1.55334858e+05 -2.11985670e-01 
 2.60000000e-01  4.60000000e+01  1.85000000e+00 -1.85242777e-12  4.60666294e-01  8.33549821e-02  1.11084386e+02  1.30089567e+01  1.55334858e+05 -2.11985670e-01 
 2.70000000e-01  4.60000000e+01  1.85000000e+00 -1.85302103e-12  4.60666294e-01  8.33549821e-02  1.11084386e+02  1.30089567e+01  1.55334858e+05 -2.11985670e-01 
 2.80000000e-01  4.60000000e+01  1.85000000e+00 -1.85394869e-12  4.60666294e-01  8.33549821e-02  1.11084386e+02  1.30089567e+01  1.55334858e+05 -2.11985670e-01 
 2.90000000e-01  4.60000000e+01  1.85000000e+00 -1.85539920e-12  4.60666294e-01  8.33549821e-02  1.11084386e+02  1.30089567e+01  1.55334858e+05 -2.11985670e-01 
 3.00000000e-01  4.60000000e+01  1.85000000e+00 -1.85766725e-12  4.60666294e-01  8.33549821e-02  1.11084386e+02  1.30089567e+01  1.55334858e+05 -2.11985670e-01 
 3.10000000e-01  4.60000000e+01  1.85000000e+00 -1.86121365e-12  4.60666294e-01  8.33549821e-02  1.11084386e+02  1.30089567e+01  1.55334858e+05 -2.11985670e-01 
 3.20000000e-01  4.60000000e+01  1.85000000e+00 -1.86675887e-12  4.60666294e-01  8.33549821e-02  1.11084386e+02  1.30089567e+01  1.55334858e+05 -2.11985670e-01 
 3.30000000e-01  4.60000000e+01  1.85000000e+00 -1.87542945e-12  4.60666294e-01  8.33549821e-02  1.11084386e+02  1.30089567e+01  1.55334858e+05 -2.11985670e-01 
 3.40000000e-01  4.60000000e+01  1.85000000e+00 -1.88898683e-12  4.60666294e-01  8.33549821e-02  1.11084386e+02  1.30089567e+01  1.55334858e+05 -2.11985670e-01 
 3.50000000e-01  4.60000000e+01  1.85000000e+00 -1.91018510e-12  4.60666294e-01  8.33549821e-02  1.11084386e+02  1.30089567e+01  1.55334858e+05 -2.11985670e-01 
 3.60000000e-01  4.60000000e+01  1.85000000e+00 -1.94333041e-12  4.60666294e-01  8.33549821e-02  1.11084386e+02  1.30089567e+01  1.55334858e+05 -2.11985670e-01 
 3.70000000e-01  4.60000000e+01  1.85000000e+00 -1.99515543e-12  4.60666294e-01  8.33549821e-02  1.11084386e+02  1.30089567e+01  1.55334858e+05 -2.11985670e-01 
 3.80000000e-01  4.60000000e+01  1.85000000e+00 -2.07618649e-12  4.60666294e-01  8.33549821e-02  1.11084386e+02  1.30089567e+01  1.55334858e+05 -2.11985670e-01 
 3.90000000e-01  4.60000000e+01  1.85000000e+00 -2.20288080e-12  4.60666294e-01  8.33549821e-02  1.11084386e+02  1.30089567e+01  1.55334858e+05 -2.11985670e-01 
 4.00000000e-01  4.60000000e+01  1.85000000e+00 -2.40096713e-12  4.60666294e-01  8.33549821e-02  1.11084386e+02  1.30089567e+01  1.55334858e+05 -2.11985670e-01 
 4.10000000e-01  4.60000000e+01  1.85000000e+00 -2.71066748e-12  4.60666294e-01  8.33549821e-02  1.11084386e+02  1.30089567e+01  1.55334858e+05 -2.11985670e-01 
 4.20000000e-01  4.60000000e+01  1.85000000e+00 -3.19485783e-12  4.60666294e-01  8.33549821e-02  1.11084386e+02  1.30089567e+01  1.55334858e+05 -2.11985670e-01 
 4.30000000e-01  4.60000000e+01  1.85000000e+00 -3.95182073e-12  4.60666294e-01  8.33549821e-02  1.11084386e+02  1.30089567e+01  1.55334858e+05 -2.11985670e-01 
 4.40000000e-01  4.60000000e+01  1.85000000e+00 -5.13517050e-12  4.60666294e-01  8.33549821e-02  1.11084386e+02  1.30089567e+01  1.55334858e+05 -2.11985670e-01 
 4.50000000e-01  4.60000000e+01  1.85000000e+00 -6.98497894e-12  4.60666294e-01  8.33549821e-02  1.11084386e+02  1.30089567e+01  1.55334858e+05 -2.11985670e-01 
 4.60000000e-01  4.60000000e+01  1.85000000e+00 -9.87638612e-12  4.60666294e-01  8.33549821e-02  1.11084386e+02  1.30089567e+01  1.55334858e+05 -2.11985670e-01 
 4.70000000e-01  4.60000000e+01  1.85000000e+00 -1.43954958e-11  4.60666294e-01  8.33549821e-02  1.11084386e+02  1.30089567e+01  1.55334858e+05 -2.11985670e-01 
 4.80000000e-01  4.60000000e+01  1.85000000e+00 -2.14578249e-11  4.60666294e-01  8.33549821e-02  1.11084386e+02  1.30089567e+01  1.55334858e+05 -2.11985670e-01 
 4.90000000e-01  4.60000000e+01  1.85000000e+00 -3.24930814e-11  4.60666294e-01  8.33549821e-02  1.11084386e+02  1.30089567e+01  1.55334858e+05 -2.11985670e-01 
 5.00000000e-01  4.60000000e+01  1.85000000e+00 -4.97332409e-11  4.60666294e-01  8.33549821e-02  1.11084386e+02  1.30089567e+01  1.55334858e+05 -2.11985670e-01 
 5.10000000e-01  4.60000000e+01  1.85000000e+00 -7.66613469e-11  4.60666294e-01  8.33549821e-02  1.11084386e+02  1.30089567e+01  1.55334858e+05 -2.11985670e-01 
 5.20000000e-01  4.60000000e+01  1.85000000e+00 -1.18710066e-10  4.60666294e-01  8.33549821e-02  1.11084386e+02  1.30089567e+01  1.55334858e+05 -2.11985670e-01 
 5.30000000e-01  4.60000000e+01  1.85000000e+00 -1.84347758e-10  4.60666294e-01  8.33549821e-02  1.11084386e+02  1.30089567e+01  1.55334858e+05 -2.11985670e-01 
 5.40000000e-01  4.60000000e+01  1.85000000e+00 -2.86764657e-10  4.60666294e-01  8.33549821e-02  1.11084386e+02  1.30089567e+01  1.55334858e+05 -2.11985670e-01 
 5.50000000e-01  4.60000000e+01  1.85000000e+00 -4.46486199e-10  4.60666294e-01  8.33549821e-02  1.11084386e+02  1.30089567e+01  1.55334858e+05 -2.11985670e-01 
 5.60000000e-01  4.60000000e+01  1.85000000e+00 -6.95414545e-10  4.60666294e-01  8.33549821e-02  1.11084386e+02  1.30089567e+01  1.55334858e+05 -2.11985670e-01 
 5.70000000e-01  4.60000000e+01  1.85000000e+00 -1.08306218e-09  4.60666294e-01  8.33549821e-02  1.11084386e+02  1.30089567e+01  1.55334858e+05 -2.11985670e-01 
 5.80000000e-01  4.60000000e+01  1.85000000e+00 -1.68613503e-09  4.60666294e-01  8.33549821e-02  1.11084386e+02  1.30089567e+01  1.55334858e+05 -2.11985670e-01 
 5.90000000e-01  4.60000000e+01  1.85000000e+00 -2.62320588e-09  4.60666294e-01  8.33549821e-02  1.11084386e+02  1.30089567e+01  1.55334858e+05 -2.11985670e-01 
 6.00000000e-01  4.60000000e+01  1.85000000e+00 -4.07707206e-09  4.60666294e-01  8.33549821e-02  1.11084386e+02  1.30089567e+01  1.55334858e+05 -2.11985670e-01 
 6.10000000e-01  4.60000000e+01  1.85000000e+00 -6.32862052e-09  4.60666294e-01  8.33549821e-02  1.11084386e+02  1.30089567e+01  1.55334858e+05 -2.11985670e-01 
 6.20000000e-01  4.60000000e+01  1.85000000e+00 -9.80776103e-09  4.60666294e-01  8.33549821e-02  1.11084386e+02  1.30089567e+01  1.55334858e+05 -2.11985670e-01 
 6.30000000e-01  4.60000000e+01  1.85000000e+00 -1.51693920e-08  4.60666294e-01  8.33549821e-02  1.11084386e+02  1.30089567e+01  1.55334858e+05 -2.11985670e-01 
 6.40000000e-01  4.60000000e+01  1.85000000e+00 -2.34056100e-08  4.60666294e-01  8.33549821e-02  1.11084386e+02  1.30089567e+01  1.55334858e+05 -2.11985670e-01 
 6.50000000e-01  4.60000000e+01  1.85000000e+00 -3.60096548e-08  4.60666294e-01  8.33549821e-02  1.11084386e+02  1.30089567e+01  1.55334858e+05 -2.11985670e-01 
 6.60000000e-01  4.60000000e+01  1.85000000e+00 -5.52126173e-08  4.60666294e-01  8.33549821e-02  1.11084386e+02  1.30089567e+01  1.55334858e+05 -2.11985670e-01 
 6.70000000e-01  4.60000000e+01  1.85000000e+00 -8.43210509e-08  4.60666294e-01  8.33549821e-02  1.11084386e+02  1.30089567e+01  1.55334858e+05 -2.11985670e-01 
 6.80000000e-01  4.60000000e+01  1.85000000e+00 -1.28192899e-07  4.60666294e-01  8.33549821e-02  1.11084386e+02  1.30089567e+01  1.55334858e+05 -2.11985670e-01 
 6.90000000e-01  4.60000000e+01  1.85000000e+00 -1.93901619e-07  4.60666294e-01  8.33549821e-02  1.11084386e+02  1.30089567e+01  1.55334858e+05 -2.11985670e-01 
 7.00000000e-01  4.60000000e+01  1.85000000e+00 -2.91655330e-07  4.60666294e-01  8.33549821e-02  1.11084386e+02  1.30089567e+01  1.55334858e+05 -2.11985670e-01 
 7.10000000e-01  4.60000000e+01  1.85000000e+00 -4.36059184e-07  4.60666294e-01  8.33549821e-02  1.11084386e+02  1.30089567e+01  1.55334858e+05 -2.11985670e-01 
 7.20000000e-01  4.60000000e+01  1.85000000e+00 -6.47828105e-07  4.60666294e-01  8.33549821e-02  1.11084386e+02  1.30089567e+01  1.55334858e+05 -2.11985670e-01 
 7.30000000e-01  4.60000000e+01  1.85000000e+00 -9.56049856e-07  4.60666294e-01  8.33549821e-02  1.11084386e+02  1.30089567e+01  1.55334858e+05 -2.11985670e-01 
 7.40000000e-01  4.60000000e+01  1.85000000e+00 -1.40101197e-06  4.60666294e-01  8.33549821e-02  1.11084386e+02  1.30089567e+01  1.55334858e+05 -2.11985670e-01 
 7.50000000e-01  4.60000000e+01  1.85000000e+00 -2.03736174e-06  4.60666294e-01  8.33549821e-02  1.11084386e+02  1.30089567e+01  1.55334858e+05 -2.11985670e-01 
 7.60000000e-01  4.60000000e+01  1.85000000e+00 -2.93690987e-06  4.60666294e-01  8.33549821e-02  1.11084386e+02  1.30089567e+01  1.55334858e+05 -2.11985670e-01 
 7.70000000e-01  4.60000000e+01  1.85000000e+00 -4.18979413e-06  4.60666294e-01  8.33549821e-02  1.11084386e+02  1.30089567e+01  1.55334858e+05 -2.11985670e-01 
 7.80000000e-01  4.60000000e+01  1.85000000e+00 -5.90231031e-06  4.60666294e-01  8.33549821e-02  1.11084386e+02  1.30089567e+01  1.55334858e+05 -2.11985670e-01 
 7.90000000e-01  4.60000000e+01  1.85000000e+00 -8.19000817e-06  4.60666294e-01  8.33549821e-02  1.11084386e+02  1.30089567e+01  1.55334858e+05 -2.11985670e-01 
 8.00000000e-01  4.60000000e+01  1.85000000e+00 -1.11659825e-05  4.60666294e-01  8.33549821e-02  1.11084386e+02  1.30089567e+01  1.55334858e+05 -2.11985670e-01 
 8.10000000e-01  4.60000000e+01  1.85000000e+00 -1.49263514e-05  4.60666294e-01  8.33549821e-02  1.11084386e+02  1.30089567e+01  1.55334858e+05 -2.11985670e-01 
 8.20000000e-01  4.60000000e+01  1.85000000e+00 -1.95366371e-05  4.60666294e-01  8.33549821e-02  1.11084386e+02  1.30089567e+01  1.55334858e+05 -2.11985670e-01 
 8.30000000e-01  4.60000000e+01  1.85000000e+00 -2.50229727e-05  4.60666294e-01  8.33549821e-02  1.11084386e+02  1.30089567e+01  1.55334858e+05 -2.11985670e-01 
 8.40000000e-01  4.60000000e+01  1.85000000e+00 -3.13704511e-05  4.60666294e-01  8.33549821e-02  1.11084386e+02  1.30089567e+01  1.55334858e+05 -2.11985670e-01 
 8.50000000e-01  4.60000000e+01  1.85000000e+00 -3.85283909e-05  4.60666294e-01  8.33549821e-02  1.11084386e+02  1.30089567e+01  1.55334858e+05 -2.11985670e-01 
 8.60000000e-01  4.60000000e+01  1.85000000e+00 -4.64202124e-05  4.60666294e-01  8.33549821e-02  1.11084386e+02  1.30089567e+01  1.55334858e+05 -2.11985670e-01 
 8.70000000e-01  4.60000000e+01  1.85000000e+00 -5.49548531e-05  4.60666294e-01  8.33549821e-02  1.11084386e+02  1.30089567e+01  1.55334858e+05 -2.11985670e-01 
 8.80000000e-01  4.60000000e+01  1.85000000e+00 -6.40371486e-05  4.60666294e-01  8.33549821e-02  1.11084386e+02  1.30089567e+01  1.55334858e+05 -2.11985670e-01 
 8.90000000e-01  4.60000000e+01  1.85000000e+00 -7.35757138e-05  4.60666294e-01  8.33549821e-02  1.11084386e+02  1.30089567e+01  1.55334858e+05 -2.11985670e-01 
 9.00000000e-01  4.60000000e+01  1.85000000e+00 -8.34879462e-05  4.60666294e-01  8.33549821e-02  1.11084386e+02  1.30089567e+01  1.55334858e+05 -2.11985670e-01 
 9.10000000e-01  4.60000000e+01  1.85000000e+00 -9.37024861e-05  4.60666294e-01  8.33549821e-02  1.11084386e+02  1.30089567e+01  1.55334858e+05 -2.11985670e-01 
 9.20000000e-01  4.60000000e+01  1.85000000e+00 -1.04159788e-04  4.60666294e-01  8.33549821e-02  1.11084386e+02  1.30089567e+01  1.55334858e+05 -2.11985670e-01 
 9.30000000e-01  4.60000000e+01  1.85000000e+00 -1.14811479e-04  4.60666294e-01  8.33549821e-02  1.11084386e+02  1.30089567e+01  1.55334858e+05 -2.11985670e-01 
 9.40000000e-01  4.60000000e+01  1.85000000e+00 -1.25619069e-04  4.60666294e-01  8.33549821e-02  1.11084386e+02  1.30089567e+01  1.55334858e+05 -2.11985670e-01 
 9.50000000e-01  4.60000000e+01  1.85000000e+00 -1.36552410e-04  4.60666294e-01  8.33549821e-02  1.11084386e+02  1.30089567e+01  1.55334858e+05 -2.11985670e-01 
 9.60000000e-01  4.60000000e+01  1.85000000e+00 -1.47588158e-04  4.60666294e-01  8.33549821e-02  1.11084386e+02  1.30089567e+01  1.55334858e+05 -2.11985670e-01 
 9.70000000e-01  4.60000000e+01  1.85000000e+00 -1.58708363e-04  4.60666294e-01  8.33549821e-02  1.11084386e+02  1.30089567e+01  1.55334858e+05 -2.11985670e-01 
 9.80000000e-01  4.60000000e+01  1.85000000e+00 -1.69899280e-04  4.60666294e-01  8.33549821e-02  1.11084386e+02  1.30089567e+01  1.55334858e+05 -2.11985670e-01 
 9.90000000e-01  4.60000000e+01  1.85000000e+00 -1.81150371e-04  4.60666294e-01  8.33549821e-02  1.11084386e+02  1.30089567e+01  1.55334858e+05 -2.11985670e-01 
 1.00000000e+00  4.60000000e+01  1.85000000e+00 -1.92453517e-04  4.60666294e-01  8.33549821e-02  1.11084386e+02  1.30089567e+01  1.55334858e+05 -2.11985670e-01 
 1.01000000e+00  4.60000000e+01  1.85000000e+00 -2.03802398e-04  4.60666294e-01  8.33549821e-02  1.11084386e+02  1.30089567e+01  1.55334858e+05 -2.11985670e-01 
 1.02000000e+00  4.60000000e+01  1.85000000e+00 -2.15192020e-04  4.60666294e-01  8.33549821e-02  1.11084386e+02  1.30089567e+01  1.55334858e+05 -2.11985670e-01 
 1.03000000e+00  4.60000000e+01  1.85000000e+00 -2.26618361e-04  4.60666294e-01  8.33549821e-02  1.11084386e+02  1.30089567e+01  1.55334858e+05 -2.11985670e-01 
 1.04000000e+00  4.60000000e+01  1.85000000e+00 -2.38078102e-04  4.60666294e-01  8.33549821e-02  1.11084386e+02  1.30089567e+01  1.55334858e+05 -2.11985670e-01 
 1.05000000e+00  4.60000000e+01  1.85000000e+00 -2.49568440e-04  4.60666294e-01  8.33549821e-02  1.11084386e+02  1.30089567e+01  1.55334858e+05 -2.11985670e-01 
 1.06000000e+00  4.60000000e+01  1.85000000e+00 -2.61086940e-04  4.60666294e-01  8.33549821e-02  1.11084386e+02  1.30089567e+01  1.55334858e+05 -2.11985670e-01 
 1.07000000e+00  4.60000000e+01  1.85000000e+00 -2.72631440e-04  4.60666294e-01  8.33549821e-02  1.11084386e+02  1.30089567e+01  1.55334858e+05 -2.11985670e-01 
 1.08000000e+00  4.60000000e+01  1.85000000e+00 -2.84199979e-04  4.60666294e-01  8.33549821e-02  1.11084386e+02  1.30089567e+01  1.55334858e+05 -2.11985670e-01 
 1.09000000e+00  4.60000000e+01  1.85000000e+00 -2.95790751e-04  4.60666294e-01  8.33549821e-02  1.11084386e+02  1.30089567e+01  1.55334858e+05 -2.11985670e-01 
 1.10000000e+00  4.60000000e+01  1.85000000e+00 -3.07402066e-04  4.60666294e-01  8.33549821e-02  1.11084386e+02  1.30089567e+01  1.55334858e+05 -2.11985670e-01 
 1.11000000e+00  4.60000000e+01  1.85000000e+00 -3.19032334e-04  4.60666294e-01  8.33549821e-02  1.11084386e+02  1.30089567e+01  1.55334858e+05 -2.11985670e-01 
 1.12000000e+00  4.60000000e+01  1.85000000e+00 -3.30680045e-04  4.60666294e-01  8.33549821e-02  1.11084386e+02  1.30089567e+01  1.55334858e+05 -2.11985670e-01 
 1.13000000e+00  4.60000000e+01  1.85000000e+00 -3.42343765e-04  4.60666294e-01  8.33549821e-02  1.11084386e+02  1.30089567e+01  1.55334858e+05 -2.11985670e-01 
 1.14000000e+00  4.60000000e+01  1.85000000e+00 -3.54022124e-04  4.60666294e-01  8.33549821e-02  1.11084386e+02  1.30089567e+01  1.55334858e+05 -2.11985670e-01 
 1.15000000e+00  4.60000000e+01  1.85000000e+00 -3.65713815e-04  4.60666294e-01  8.33549821e-02  1.11084386e+02  1.30089567e+01  1.55334858e+05 -2.11985670e-01 
 1.16000000e+00  4.60000000e+01  1.85000000e+00 -3.77417595e-04  4.60666294e-01  8.33549821e-02  1.11084386e+02  1.30089567e+01  1.55334858e+05 -2.11985670e-01 
 1.17000000e+00  4.60000000e+01  1.85000000e+00 -3.89132277e-04  4.60666294e-01  8.33549821e-02  1.11084386e+02  1.30089567e+01  1.55334858e+05 -2.11985670e-01 
 1.18000000e+00  4.60000000e+01  1.85000000e+00 -4.00856732e-04  4.60666294e-01  8.33549821e-02  1.11084386e+02  1.30089567e+01  1.55334858e+05 -2.11985670e-01 
 1.19000000e+00  4.60000000e+01  1.85000000e+00 -4.12589886e-04  4.60666294e-01  8.33549821e-02  1.11084386e+02  1.30089567e+01  1.55334858e+05 -2.11985670e-01 
 1.20000000e+00  4.60000000e+01  1.85000000e+00 -4.24330724e-04  4.60666294e-01  8.33549821e-02  1.11084386e+02  1.30089567e+01  1.55334858e+05 -2.11985670e-01 
 1.21000000e+00  4.60000000e+01  1.85000000e+00 -4.36078282e-04  4.60666294e-01  8.33549821e-02  1.11084386e+02  1.30089567e+01  1.55334858e+05 -2.11985670e-01 
 1.22000000e+00  4.60000000e+01  1.85000000e+00 -4.47831648e-04  4.60666294e-01  8.33549821e-02  1.11084386e+02  1.30089567e+01  1.55334858e+05 -2.11985670e-01 
 1.23000000e+00  4.60000000e+01  1.85000000e+00 -4.59589962e-04  4.60666294e-01  8.33549821e-02  1.11084386e+02  1.30089567e+01  1.55334858e+05 -2.11985670e-01 
 1.24000000e+00  4.60000000e+01  1.85000000e+00 -4.71352414e-04  4.60666294e-01  8.33549821e-02  1.11084386e+02  1.30089567e+01  1.55334858e+05 -2.11985670e-01 
 1.25000000e+00  4.60000000e+01  1.85000000e+00 -4.83118240e-04  4.60666294e-01  8.33549821e-02  1.11084386e+02  1.30089567e+01  1.55334858e+05 -2.11985670e-01 
 1.26000000e+00  4.60000000e+01  1.85000000e+00 -4.94886722e-04  4.60666294e-01  8.33549821e-02  1.11084386e+02  1.30089567e+01  1.55334858e+05 -2.11985670e-01 
 1.27000000e+00  4.60000000e+01  1.85000000e+00 -5.06657185e-04  4.60666294e-01  8.33549821e-02  1.11084386e+02  1.30089567e+01  1.55334858e+05 -2.11985670e-01 
 1.28000000e+00  4.60000000e+01  1.85000000e+00 -5.18428996e-04  4.60666294e-01  8.33549821e-02  1.11084386e+02  1.30089567e+01  1.55334858e+05 -2.11985670e-01 
 1.29000000e+00  4.60000000e+01  1.85000000e+00 -5.30201561e-04  4.60666294e-01  8.33549821e-02  1.11084386e+02  1.30089567e+01  1.55334858e+05 -2.11985670e-01 
 1.30000000e+00  4.60000000e+01  1.85000000e+00 -5.41974323e-04  4.60666294e-01  8.33549821e-02  1.11084386e+02  1.30089567e+01  1.55334858e+05 -2.11985670e-01 
 1.31000000e+00  4.60000000e+01  1.85000000e+00 -5.53746762e-04  4.60666294e-01  8.33549821e-02  1.11084386e+02  1.30089567e+01  1.55334858e+05 -2.11985670e-01 
 1.32000000e+00  4.60000000e+01  1.85000000e+00 -5.65518391e-04  4.60666294e-01  8.33549821e-02  1.11084386e+02  1.30089567e+01  1.55334858e+05 -2.11985670e-01 
 1.33000000e+00  4.60000000e+01  1.85000000e+00 -5.77288754e-04  4.60666294e-01  8.33549821e-02  1.11084386e+02  1.30089567e+01  1.55334858e+05 -2.11985670e-01 
 1.34000000e+00  4.60000000e+01  1.85000000e+00 -5.89057425e-04  4.60666294e-01  8.33549821e-02  1.11084386e+02  1.30089567e+01  1.55334858e+05 -2.11985670e-01 
 1.35000000e+00  4.60000000e+01  1.85000000e+00 -6.00824007e-04  4.60666294e-01  8.33549821e-02  1.11084386e+02  1.30089567e+01  1.55334858e+05 -2.11985670e-01 
 1.36000000e+00  4.60000000e+01  1.85000000e+00 -6.12588128e-04  4.60666294e-01  8.33549821e-02  1.11084386e+02  1.30089567e+01  1.55334858e+05 -2.11985670e-01 
 1.37000000e+00  4.60000000e+01  1.85000000e+00 -6.24349442e-04  4.60666294e-01  8.33549821e-02  1.11084386e+02  1.30089567e+01  1.55334858e+05 -2.11985670e-01 
 1.38000000e+00  4.60000000e+01  1.85000000e+00 -6.36107626e-04  4.60666294e-01  8.33549821e-02  1.11084386e+02  1.30089567e+01  1.55334858e+05 -2.11985670e-01 
 1.39000000e+00  4.60000000e+01  1.85000000e+00 -6.47862379e-04  4.60666294e-01  8.33549821e-02  1.11084386e+02  1.30089567e+01  1.55334858e+05 -2.11985670e-01 
 1.40000000e+00  4.60000000e+01  1.85000000e+00 -6.59613419e-04  4.60666294e-01  8.33549821e-02  1.11084386e+02  1.30089567e+01  1.55334858e+05 -2.11985670e-01 
 1.41000000e+00  4.60000000e+01  1.85000000e+00 -6.71360487e-04  4.60666294e-01  8.33549821e-02  1.11084386e+02  1.30089567e+01  1.55334858e+05 -2.11985670e-01 
 1.42000000e+00  4.60000000e+01  1.85000000e+00 -6.83103337e-04  4.60666294e-01  8.33549821e-02  1.11084386e+02  1.30089567e+01  1.55334858e+05 -2.11985670e-01 
 1.43000000e+00  4.60000000e+01  1.85000000e+00 -6.94841745e-04  4.60666294e-01  8.33549821e-02  1.11084386e+02  1.30089567e+01  1.55334858e+05 -2.11985670e-01 
 1.44000000e+00  4.60000000e+01  1.85000000e+00 -7.06575498e-04  4.60666294e-01  8.33549821e-02  1.11084386e+02  1.30089567e+01  1.55334858e+05 -2.11985670e-01 
 1.45000000e+00  4.60000000e+01  1.85000000e+00 -7.18304402e-04  4.60666294e-01  8.33549821e-02  1.11084386e+02  1.30089567e+01  1.55334858e+05 -2.11985670e-01 
 1.46000000e+00  4.60000000e+01  1.85000000e+00 -7.30028274e-04  4.60666294e-01  8.33549821e-02  1.11084386e+02  1.30089567e+01  1.55334858e+05 -2.11985670e-01 
 1.47000000e+00  4.60000000e+01  1.85000000e+00 -7.41746945e-04  4.60666294e-01  8.33549821e-02  1.11084386e+02  1.30089567e+01  1.55334858e+05 -2.11985670e-01 
 1.48000000e+00  4.60000000e+01  1.85000000e+00 -7.53460258e-04  4.60666294e-01  8.33549821e-02  1.11084386e+02  1.30089567e+01  1.55334858e+05 -2.11985670e-01 
 1.49000000e+00  4.60000000e+01  1.85000000e+00 -7.65168068e-04  4.60666294e-01  8.33549821e-02  1.11084386e+02  1.30089567e+01  1.55334858e+05 -2.11985670e-01 
 1.50000000e+00  4.60000000e+01  1.85000000e+00 -7.76870240e-04  4.60666294e-01  8.33549821e-02  1.11084386e+02  1.30089567e+01  1.55334858e+05 -2.11985670e-01 
 1.51000000e+00  4.60000000e+01  1.85000000e+00 -7.88566648e-04  4.60666294e-01  8.33549821e-02  1.11084386e+02  1.30089567e+01  1.55334858e+05 -2.11985670e-01 
 1.52000000e+00  4.60000000e+01  1.85000000e+00 -8.00257177e-04  4.60666294e-01  8.33549821e-02  1.11084386e+02  1.30089567e+01  1.55334858e+05 -2.11985670e-01 
 1.53000000e+00  4.60000000e+01  1.85000000e+00 -8.11941719e-04  4.60666294e-01  8.33549821e-02  1.11084386e+02  1.30089567e+01  1.55334858e+05 -2.11985670e-01 
 1.54000000e+00  4.60000000e+01  1.85000000e+00 -8.23620177e-04  4.60666294e-01  8.33549821e-02  1.11084386e+02  1.30089567e+01  1.55334858e+05 -2.11985670e-01 
 1.55000000e+00  4.60000000e+01  1.85000000e+00 -8.35292458e-04  4.60666294e-01  8.33549821e-02  1.11084386e+02  1.30089567e+01  1.55334858e+05 -2.11985670e-01 
 1.56000000e+00  4.60000000e+01  1.85000000e+00 -8.46958479e-04  4.60666294e-01  8.33549821e-02  1.11084386e+02  1.30089567e+01  1.55334858e+05 -2.11985670e-01 
 1.57000000e+00  4.60000000e+01  1.85000000e+00 -8.58618161e-04  4.60666294e-01  8.33549821e-02  1.11084386e+02  1.30089567e+01  1.55334858e+05 -2.11985670e-01 
 1.58000000e+00  4.60000000e+01  1.85000000e+00 -8.70271433e-04  4.60666294e-01  8.33549821e-02  1.11084386e+02  1.30089567e+01  1.55334858e+05 -2.11985670e-01 
 1.59000000e+00  4.60000000e+01  1.85000000e+00 -8.81918230e-04  4.60666294e-01  8.33549821e-02  1.11084386e+02  1.30089567e+01  1.55334858e+05 -2.11985670e-01 
 1.60000000e+00  4.60000000e+01  1.85000000e+00 -8.93558492e-04  4.60666294e-01  8.33549821e-02  1.11084386e+02  1.30089567e+01  1.55334858e+05 -2.11985670e-01 
 1.61000000e+00  4.60000000e+01  1.85000000e+00 -9.05192163e-04  4.60666294e-01  8.33549821e-02  1.11084386e+02  1.30089567e+01  1.55334858e+05 -2.11985670e-01 
 1.62000000e+00  4.60000000e+01  1.85000000e+00 -9.16819193e-04  4.60666294e-01  8.33549821e-02  1.11084386e+02  1.30089567e+01  1.55334858e+05 -2.11985670e-01 
 1.63000000e+00  4.60000000e+01  1.85000000e+00 -9.28439536e-04  4.60666294e-01  8.33549821e-02  1.11084386e+02  1.30089567e+01  1.55334858e+05 -2.11985670e-01 
 1.64000000e+00  4.60000000e+01  1.85000000e+00 -9.40053150e-04  4.60666294e-01  8.33549821e-02  1.11084386e+02  1.30089567e+01  1.55334858e+05 -2.11985670e-01 
 1.65000000e+00  4.60000000e+01  1.85000000e+00 -9.51659996e-04  4.60666294e-01  8.33549821e-02  1.11084386e+02  1.30089567e+01  1.55334858e+05 -2.11985670e-01 
 1.66000000e+00  4.60000000e+01  1.85000000e+00 -9.63260041e-04  4.60666294e-01  8.33549821e-02  1.11084386e+02  1.30089567e+01  1.55334858e+05 -2.11985670e-01 
 1.67000000e+00  4.60000000e+01  1.85000000e+00 -9.74853253e-04  4.60666294e-01  8.33549821e-02  1.11084386e+02  1.30089567e+01  1.55334858e+05 -2.11985670e-01 
 1.68000000e+00  4.60000000e+01  1.85000000e+00 -9.86439603e-04  4.60666294e-01  8.33549821e-02  1.11084386e+02  1.30089567e+01  1.55334858e+05 -2.11985670e-01 
 1.69000000e+00  4.60000000e+01  1.85000000e+00 -9.98019067e-04  4.60666294e-01  8.33549821e-02  1.11084386e+02  1.30089567e+01  1.55334858e+05 -2.11985670e-01 
 1.70000000e+00  4.60000000e+01  1.85000000e+00 -1.00959162e-03  4.60666294e-01  8.33549821e-02  1.11084386e+02  1.30089567e+01  1.55334858e+05 -2.11985670e-01 
 1.71000000e+00  4.60000000e+01  1.85000000e+00 -1.02115725e-03  4.60666294e-01  8.33549821e-02  1.11084386e+02  1.30089567e+01  1.55334858e+05 -2.11985670e-01 
 1.72000000e+00  4.60000000e+01  1.85000000e+00 -1.03271593e-03  4.60666294e-01  8.33549821e-02  1.11084386e+02  1.30089567e+01  1.55334858e+05 -2.11985670e-01 
 1.73000000e+00  4.60000000e+01  1.85000000e+00 -1.04426764e-03  4.60666294e-01  8.33549821e-02  1.11084386e+02  1.30089567e+01  1.55334858e+05 -2.11985670e-01 
 1.74000000e+00  4.60000000e+01  1.85000000e+00 -1.05581238e-03  4.60666294e-01  8.33549821e-02  1.11084386e+02  1.30089567e+01  1.55334858e+05 -2.11985670e-01 
 1.75000000e+00  4.60000000e+01  1.85000000e+00 -1.06735013e-03  4.60666294e-01  8.33549821e-02  1.11084386e+02  1.30089567e+01  1.55334858e+05 -2.11985670e-01 
 1.76000000e+00  4.60000000e+01  1.85000000e+00 -1.07888087e-03  4.60666294e-01  8.33549821e-02  1.11084386e+02  1.30089567e+01  1.55334858e+05 -2.11985670e-01 
 1.77000000e+00  4.60000000e+01  1.85000000e+00 -1.09040461e-03  4.60666294e-01  8.33549821e-02  1.11084386e+02  1.30089567e+01  1.55334858e+05 -2.11985670e-01 
 1.78000000e+00  4.60000000e+01  1.85000000e+00 -1.10192134e-03  4.60666294e-01  8.33549821e-02  1.11084386e+02  1.30089567e+01  1.55334858e+05 -2.11985670e-01 
 1.79000000e+00  4.60000000e+01  1.85000000e+00 -1.11343104e-03  4.60666294e-01  8.33549821e-02  1.11084386e+02  1.30089567e+01  1.55334858e+05 -2.11985670e-01 
 1.80000000e+00  4.60000000e+01  1.85000000e+00 -1.12493371e-03  4.60666294e-01  8.33549821e-02  1.11084386e+02  1.30089567e+01  1.55334858e+05 -2.11985670e-01 
 1.81000000e+00  4.60000000e+01  1.85000000e+00 -1.13642935e-03  4.60666294e-01  8.33549821e-02  1.11084386e+02  1.30089567e+01  1.55334858e+05 -2.11985670e-01 
 1.82000000e+00  4.60000000e+01  1.85000000e+00 -1.14791796e-03  4.60666294e-01  8.33549821e-02  1.11084386e+02  1.30089567e+01  1.55334858e+05 -2.11985670e-01 
 1.83000000e+00  4.60000000e+01  1.85000000e+00 -1.15939953e-03  4.60666294e-01  8.33549821e-02  1.11084386e+02  1.30089567e+01  1.55334858e+05 -2.11985670e-01 
 1.84000000e+00  4.60000000e+01  1.85000000e+00 -1.17087407e-03  4.60666294e-01  8.33549821e-02  1.11084386e+02  1.30089567e+01  1.55334858e+05 -2.11985670e-01 
 1.85000000e+00  4.60000000e+01  1.85000000e+00 -1.18234156e-03  4.60666294e-01  8.33549821e-02  1.11084386e+02  1.30089567e+01  1.55334858e+05 -2.11985670e-01 
