 v-sweep         run_num         v(drain)        i(vds)          out_vth0        out_u0          out_rdsw        out_nfactor     out_vsat        out_eta0       
 0.00000000e+00  9.40000000e+03  1.85000000e+00 -1.85137520e-12  4.23558376e-01  7.37765237e-02  1.07260235e+02  1.02208106e+01  1.37125884e+05 -2.03397927e-01 
 1.00000000e-02  9.40000000e+03  1.85000000e+00 -1.85137520e-12  4.23558376e-01  7.37765237e-02  1.07260235e+02  1.02208106e+01  1.37125884e+05 -2.03397927e-01 
 2.00000000e-02  9.40000000e+03  1.85000000e+00 -1.85137520e-12  4.23558376e-01  7.37765237e-02  1.07260235e+02  1.02208106e+01  1.37125884e+05 -2.03397927e-01 
 3.00000000e-02  9.40000000e+03  1.85000000e+00 -1.85137521e-12  4.23558376e-01  7.37765237e-02  1.07260235e+02  1.02208106e+01  1.37125884e+05 -2.03397927e-01 
 4.00000000e-02  9.40000000e+03  1.85000000e+00 -1.85137521e-12  4.23558376e-01  7.37765237e-02  1.07260235e+02  1.02208106e+01  1.37125884e+05 -2.03397927e-01 
 5.00000000e-02  9.40000000e+03  1.85000000e+00 -1.85137522e-12  4.23558376e-01  7.37765237e-02  1.07260235e+02  1.02208106e+01  1.37125884e+05 -2.03397927e-01 
 6.00000000e-02  9.40000000e+03  1.85000000e+00 -1.85137523e-12  4.23558376e-01  7.37765237e-02  1.07260235e+02  1.02208106e+01  1.37125884e+05 -2.03397927e-01 
 7.00000000e-02  9.40000000e+03  1.85000000e+00 -1.85137525e-12  4.23558376e-01  7.37765237e-02  1.07260235e+02  1.02208106e+01  1.37125884e+05 -2.03397927e-01 
 8.00000000e-02  9.40000000e+03  1.85000000e+00 -1.85137529e-12  4.23558376e-01  7.37765237e-02  1.07260235e+02  1.02208106e+01  1.37125884e+05 -2.03397927e-01 
 9.00000000e-02  9.40000000e+03  1.85000000e+00 -1.85137535e-12  4.23558376e-01  7.37765237e-02  1.07260235e+02  1.02208106e+01  1.37125884e+05 -2.03397927e-01 
 1.00000000e-01  9.40000000e+03  1.85000000e+00 -1.85137545e-12  4.23558376e-01  7.37765237e-02  1.07260235e+02  1.02208106e+01  1.37125884e+05 -2.03397927e-01 
 1.10000000e-01  9.40000000e+03  1.85000000e+00 -1.85137561e-12  4.23558376e-01  7.37765237e-02  1.07260235e+02  1.02208106e+01  1.37125884e+05 -2.03397927e-01 
 1.20000000e-01  9.40000000e+03  1.85000000e+00 -1.85137588e-12  4.23558376e-01  7.37765237e-02  1.07260235e+02  1.02208106e+01  1.37125884e+05 -2.03397927e-01 
 1.30000000e-01  9.40000000e+03  1.85000000e+00 -1.85137633e-12  4.23558376e-01  7.37765237e-02  1.07260235e+02  1.02208106e+01  1.37125884e+05 -2.03397927e-01 
 1.40000000e-01  9.40000000e+03  1.85000000e+00 -1.85137708e-12  4.23558376e-01  7.37765237e-02  1.07260235e+02  1.02208106e+01  1.37125884e+05 -2.03397927e-01 
 1.50000000e-01  9.40000000e+03  1.85000000e+00 -1.85137832e-12  4.23558376e-01  7.37765237e-02  1.07260235e+02  1.02208106e+01  1.37125884e+05 -2.03397927e-01 
 1.60000000e-01  9.40000000e+03  1.85000000e+00 -1.85138040e-12  4.23558376e-01  7.37765237e-02  1.07260235e+02  1.02208106e+01  1.37125884e+05 -2.03397927e-01 
 1.70000000e-01  9.40000000e+03  1.85000000e+00 -1.85138384e-12  4.23558376e-01  7.37765237e-02  1.07260235e+02  1.02208106e+01  1.37125884e+05 -2.03397927e-01 
 1.80000000e-01  9.40000000e+03  1.85000000e+00 -1.85138956e-12  4.23558376e-01  7.37765237e-02  1.07260235e+02  1.02208106e+01  1.37125884e+05 -2.03397927e-01 
 1.90000000e-01  9.40000000e+03  1.85000000e+00 -1.85139907e-12  4.23558376e-01  7.37765237e-02  1.07260235e+02  1.02208106e+01  1.37125884e+05 -2.03397927e-01 
 2.00000000e-01  9.40000000e+03  1.85000000e+00 -1.85141489e-12  4.23558376e-01  7.37765237e-02  1.07260235e+02  1.02208106e+01  1.37125884e+05 -2.03397927e-01 
 2.10000000e-01  9.40000000e+03  1.85000000e+00 -1.85144119e-12  4.23558376e-01  7.37765237e-02  1.07260235e+02  1.02208106e+01  1.37125884e+05 -2.03397927e-01 
 2.20000000e-01  9.40000000e+03  1.85000000e+00 -1.85148490e-12  4.23558376e-01  7.37765237e-02  1.07260235e+02  1.02208106e+01  1.37125884e+05 -2.03397927e-01 
 2.30000000e-01  9.40000000e+03  1.85000000e+00 -1.85155759e-12  4.23558376e-01  7.37765237e-02  1.07260235e+02  1.02208106e+01  1.37125884e+05 -2.03397927e-01 
 2.40000000e-01  9.40000000e+03  1.85000000e+00 -1.85167842e-12  4.23558376e-01  7.37765237e-02  1.07260235e+02  1.02208106e+01  1.37125884e+05 -2.03397927e-01 
 2.50000000e-01  9.40000000e+03  1.85000000e+00 -1.85187932e-12  4.23558376e-01  7.37765237e-02  1.07260235e+02  1.02208106e+01  1.37125884e+05 -2.03397927e-01 
 2.60000000e-01  9.40000000e+03  1.85000000e+00 -1.85221331e-12  4.23558376e-01  7.37765237e-02  1.07260235e+02  1.02208106e+01  1.37125884e+05 -2.03397927e-01 
 2.70000000e-01  9.40000000e+03  1.85000000e+00 -1.85276857e-12  4.23558376e-01  7.37765237e-02  1.07260235e+02  1.02208106e+01  1.37125884e+05 -2.03397927e-01 
 2.80000000e-01  9.40000000e+03  1.85000000e+00 -1.85369171e-12  4.23558376e-01  7.37765237e-02  1.07260235e+02  1.02208106e+01  1.37125884e+05 -2.03397927e-01 
 2.90000000e-01  9.40000000e+03  1.85000000e+00 -1.85522644e-12  4.23558376e-01  7.37765237e-02  1.07260235e+02  1.02208106e+01  1.37125884e+05 -2.03397927e-01 
 3.00000000e-01  9.40000000e+03  1.85000000e+00 -1.85777794e-12  4.23558376e-01  7.37765237e-02  1.07260235e+02  1.02208106e+01  1.37125884e+05 -2.03397927e-01 
 3.10000000e-01  9.40000000e+03  1.85000000e+00 -1.86201980e-12  4.23558376e-01  7.37765237e-02  1.07260235e+02  1.02208106e+01  1.37125884e+05 -2.03397927e-01 
 3.20000000e-01  9.40000000e+03  1.85000000e+00 -1.86907185e-12  4.23558376e-01  7.37765237e-02  1.07260235e+02  1.02208106e+01  1.37125884e+05 -2.03397927e-01 
 3.30000000e-01  9.40000000e+03  1.85000000e+00 -1.88079572e-12  4.23558376e-01  7.37765237e-02  1.07260235e+02  1.02208106e+01  1.37125884e+05 -2.03397927e-01 
 3.40000000e-01  9.40000000e+03  1.85000000e+00 -1.90028622e-12  4.23558376e-01  7.37765237e-02  1.07260235e+02  1.02208106e+01  1.37125884e+05 -2.03397927e-01 
 3.50000000e-01  9.40000000e+03  1.85000000e+00 -1.93268801e-12  4.23558376e-01  7.37765237e-02  1.07260235e+02  1.02208106e+01  1.37125884e+05 -2.03397927e-01 
 3.60000000e-01  9.40000000e+03  1.85000000e+00 -1.98655323e-12  4.23558376e-01  7.37765237e-02  1.07260235e+02  1.02208106e+01  1.37125884e+05 -2.03397927e-01 
 3.70000000e-01  9.40000000e+03  1.85000000e+00 -2.07609774e-12  4.23558376e-01  7.37765237e-02  1.07260235e+02  1.02208106e+01  1.37125884e+05 -2.03397927e-01 
 3.80000000e-01  9.40000000e+03  1.85000000e+00 -2.22495089e-12  4.23558376e-01  7.37765237e-02  1.07260235e+02  1.02208106e+01  1.37125884e+05 -2.03397927e-01 
 3.90000000e-01  9.40000000e+03  1.85000000e+00 -2.47238658e-12  4.23558376e-01  7.37765237e-02  1.07260235e+02  1.02208106e+01  1.37125884e+05 -2.03397927e-01 
 4.00000000e-01  9.40000000e+03  1.85000000e+00 -2.88367610e-12  4.23558376e-01  7.37765237e-02  1.07260235e+02  1.02208106e+01  1.37125884e+05 -2.03397927e-01 
 4.10000000e-01  9.40000000e+03  1.85000000e+00 -3.56728620e-12  4.23558376e-01  7.37765237e-02  1.07260235e+02  1.02208106e+01  1.37125884e+05 -2.03397927e-01 
 4.20000000e-01  9.40000000e+03  1.85000000e+00 -4.70344156e-12  4.23558376e-01  7.37765237e-02  1.07260235e+02  1.02208106e+01  1.37125884e+05 -2.03397927e-01 
 4.30000000e-01  9.40000000e+03  1.85000000e+00 -6.59154734e-12  4.23558376e-01  7.37765237e-02  1.07260235e+02  1.02208106e+01  1.37125884e+05 -2.03397927e-01 
 4.40000000e-01  9.40000000e+03  1.85000000e+00 -9.72889426e-12  4.23558376e-01  7.37765237e-02  1.07260235e+02  1.02208106e+01  1.37125884e+05 -2.03397927e-01 
 4.50000000e-01  9.40000000e+03  1.85000000e+00 -1.49412174e-11  4.23558376e-01  7.37765237e-02  1.07260235e+02  1.02208106e+01  1.37125884e+05 -2.03397927e-01 
 4.60000000e-01  9.40000000e+03  1.85000000e+00 -2.35991325e-11  4.23558376e-01  7.37765237e-02  1.07260235e+02  1.02208106e+01  1.37125884e+05 -2.03397927e-01 
 4.70000000e-01  9.40000000e+03  1.85000000e+00 -3.79766410e-11  4.23558376e-01  7.37765237e-02  1.07260235e+02  1.02208106e+01  1.37125884e+05 -2.03397927e-01 
 4.80000000e-01  9.40000000e+03  1.85000000e+00 -6.18443289e-11  4.23558376e-01  7.37765237e-02  1.07260235e+02  1.02208106e+01  1.37125884e+05 -2.03397927e-01 
 4.90000000e-01  9.40000000e+03  1.85000000e+00 -1.01449563e-10  4.23558376e-01  7.37765237e-02  1.07260235e+02  1.02208106e+01  1.37125884e+05 -2.03397927e-01 
 5.00000000e-01  9.40000000e+03  1.85000000e+00 -1.67133327e-10  4.23558376e-01  7.37765237e-02  1.07260235e+02  1.02208106e+01  1.37125884e+05 -2.03397927e-01 
 5.10000000e-01  9.40000000e+03  1.85000000e+00 -2.75991229e-10  4.23558376e-01  7.37765237e-02  1.07260235e+02  1.02208106e+01  1.37125884e+05 -2.03397927e-01 
 5.20000000e-01  9.40000000e+03  1.85000000e+00 -4.56240476e-10  4.23558376e-01  7.37765237e-02  1.07260235e+02  1.02208106e+01  1.37125884e+05 -2.03397927e-01 
 5.30000000e-01  9.40000000e+03  1.85000000e+00 -7.54360349e-10  4.23558376e-01  7.37765237e-02  1.07260235e+02  1.02208106e+01  1.37125884e+05 -2.03397927e-01 
 5.40000000e-01  9.40000000e+03  1.85000000e+00 -1.24671347e-09  4.23558376e-01  7.37765237e-02  1.07260235e+02  1.02208106e+01  1.37125884e+05 -2.03397927e-01 
 5.50000000e-01  9.40000000e+03  1.85000000e+00 -2.05834848e-09  4.23558376e-01  7.37765237e-02  1.07260235e+02  1.02208106e+01  1.37125884e+05 -2.03397927e-01 
 5.60000000e-01  9.40000000e+03  1.85000000e+00 -3.39319712e-09  4.23558376e-01  7.37765237e-02  1.07260235e+02  1.02208106e+01  1.37125884e+05 -2.03397927e-01 
 5.70000000e-01  9.40000000e+03  1.85000000e+00 -5.58212292e-09  4.23558376e-01  7.37765237e-02  1.07260235e+02  1.02208106e+01  1.37125884e+05 -2.03397927e-01 
 5.80000000e-01  9.40000000e+03  1.85000000e+00 -9.15850343e-09  4.23558376e-01  7.37765237e-02  1.07260235e+02  1.02208106e+01  1.37125884e+05 -2.03397927e-01 
 5.90000000e-01  9.40000000e+03  1.85000000e+00 -1.49754747e-08  4.23558376e-01  7.37765237e-02  1.07260235e+02  1.02208106e+01  1.37125884e+05 -2.03397927e-01 
 6.00000000e-01  9.40000000e+03  1.85000000e+00 -2.43847984e-08  4.23558376e-01  7.37765237e-02  1.07260235e+02  1.02208106e+01  1.37125884e+05 -2.03397927e-01 
 6.10000000e-01  9.40000000e+03  1.85000000e+00 -3.95045314e-08  4.23558376e-01  7.37765237e-02  1.07260235e+02  1.02208106e+01  1.37125884e+05 -2.03397927e-01 
 6.20000000e-01  9.40000000e+03  1.85000000e+00 -6.36111273e-08  4.23558376e-01  7.37765237e-02  1.07260235e+02  1.02208106e+01  1.37125884e+05 -2.03397927e-01 
 6.30000000e-01  9.40000000e+03  1.85000000e+00 -1.01701212e-07  4.23558376e-01  7.37765237e-02  1.07260235e+02  1.02208106e+01  1.37125884e+05 -2.03397927e-01 
 6.40000000e-01  9.40000000e+03  1.85000000e+00 -1.61279567e-07  4.23558376e-01  7.37765237e-02  1.07260235e+02  1.02208106e+01  1.37125884e+05 -2.03397927e-01 
 6.50000000e-01  9.40000000e+03  1.85000000e+00 -2.53443912e-07  4.23558376e-01  7.37765237e-02  1.07260235e+02  1.02208106e+01  1.37125884e+05 -2.03397927e-01 
 6.60000000e-01  9.40000000e+03  1.85000000e+00 -3.94352211e-07  4.23558376e-01  7.37765237e-02  1.07260235e+02  1.02208106e+01  1.37125884e+05 -2.03397927e-01 
 6.70000000e-01  9.40000000e+03  1.85000000e+00 -6.07159195e-07  4.23558376e-01  7.37765237e-02  1.07260235e+02  1.02208106e+01  1.37125884e+05 -2.03397927e-01 
 6.80000000e-01  9.40000000e+03  1.85000000e+00 -9.24448077e-07  4.23558376e-01  7.37765237e-02  1.07260235e+02  1.02208106e+01  1.37125884e+05 -2.03397927e-01 
 6.90000000e-01  9.40000000e+03  1.85000000e+00 -1.39097524e-06  4.23558376e-01  7.37765237e-02  1.07260235e+02  1.02208106e+01  1.37125884e+05 -2.03397927e-01 
 7.00000000e-01  9.40000000e+03  1.85000000e+00 -2.06611709e-06  4.23558376e-01  7.37765237e-02  1.07260235e+02  1.02208106e+01  1.37125884e+05 -2.03397927e-01 
 7.10000000e-01  9.40000000e+03  1.85000000e+00 -3.02483841e-06  4.23558376e-01  7.37765237e-02  1.07260235e+02  1.02208106e+01  1.37125884e+05 -2.03397927e-01 
 7.20000000e-01  9.40000000e+03  1.85000000e+00 -4.35565127e-06  4.23558376e-01  7.37765237e-02  1.07260235e+02  1.02208106e+01  1.37125884e+05 -2.03397927e-01 
 7.30000000e-01  9.40000000e+03  1.85000000e+00 -6.15443573e-06  4.23558376e-01  7.37765237e-02  1.07260235e+02  1.02208106e+01  1.37125884e+05 -2.03397927e-01 
 7.40000000e-01  9.40000000e+03  1.85000000e+00 -8.51438202e-06  4.23558376e-01  7.37765237e-02  1.07260235e+02  1.02208106e+01  1.37125884e+05 -2.03397927e-01 
 7.50000000e-01  9.40000000e+03  1.85000000e+00 -1.15141613e-05  4.23558376e-01  7.37765237e-02  1.07260235e+02  1.02208106e+01  1.37125884e+05 -2.03397927e-01 
 7.60000000e-01  9.40000000e+03  1.85000000e+00 -1.52076116e-05  4.23558376e-01  7.37765237e-02  1.07260235e+02  1.02208106e+01  1.37125884e+05 -2.03397927e-01 
 7.70000000e-01  9.40000000e+03  1.85000000e+00 -1.96178823e-05  4.23558376e-01  7.37765237e-02  1.07260235e+02  1.02208106e+01  1.37125884e+05 -2.03397927e-01 
 7.80000000e-01  9.40000000e+03  1.85000000e+00 -2.47372774e-05  4.23558376e-01  7.37765237e-02  1.07260235e+02  1.02208106e+01  1.37125884e+05 -2.03397927e-01 
 7.90000000e-01  9.40000000e+03  1.85000000e+00 -3.05320159e-05  4.23558376e-01  7.37765237e-02  1.07260235e+02  1.02208106e+01  1.37125884e+05 -2.03397927e-01 
 8.00000000e-01  9.40000000e+03  1.85000000e+00 -3.69498318e-05  4.23558376e-01  7.37765237e-02  1.07260235e+02  1.02208106e+01  1.37125884e+05 -2.03397927e-01 
 8.10000000e-01  9.40000000e+03  1.85000000e+00 -4.39281476e-05  4.23558376e-01  7.37765237e-02  1.07260235e+02  1.02208106e+01  1.37125884e+05 -2.03397927e-01 
 8.20000000e-01  9.40000000e+03  1.85000000e+00 -5.14011593e-05  4.23558376e-01  7.37765237e-02  1.07260235e+02  1.02208106e+01  1.37125884e+05 -2.03397927e-01 
 8.30000000e-01  9.40000000e+03  1.85000000e+00 -5.93050364e-05  4.23558376e-01  7.37765237e-02  1.07260235e+02  1.02208106e+01  1.37125884e+05 -2.03397927e-01 
 8.40000000e-01  9.40000000e+03  1.85000000e+00 -6.75811529e-05  4.23558376e-01  7.37765237e-02  1.07260235e+02  1.02208106e+01  1.37125884e+05 -2.03397927e-01 
 8.50000000e-01  9.40000000e+03  1.85000000e+00 -7.61776709e-05  4.23558376e-01  7.37765237e-02  1.07260235e+02  1.02208106e+01  1.37125884e+05 -2.03397927e-01 
 8.60000000e-01  9.40000000e+03  1.85000000e+00 -8.50499468e-05  4.23558376e-01  7.37765237e-02  1.07260235e+02  1.02208106e+01  1.37125884e+05 -2.03397927e-01 
 8.70000000e-01  9.40000000e+03  1.85000000e+00 -9.41602017e-05  4.23558376e-01  7.37765237e-02  1.07260235e+02  1.02208106e+01  1.37125884e+05 -2.03397927e-01 
 8.80000000e-01  9.40000000e+03  1.85000000e+00 -1.03476805e-04  4.23558376e-01  7.37765237e-02  1.07260235e+02  1.02208106e+01  1.37125884e+05 -2.03397927e-01 
 8.90000000e-01  9.40000000e+03  1.85000000e+00 -1.12973406e-04  4.23558376e-01  7.37765237e-02  1.07260235e+02  1.02208106e+01  1.37125884e+05 -2.03397927e-01 
 9.00000000e-01  9.40000000e+03  1.85000000e+00 -1.22628070e-04  4.23558376e-01  7.37765237e-02  1.07260235e+02  1.02208106e+01  1.37125884e+05 -2.03397927e-01 
 9.10000000e-01  9.40000000e+03  1.85000000e+00 -1.32422476e-04  4.23558376e-01  7.37765237e-02  1.07260235e+02  1.02208106e+01  1.37125884e+05 -2.03397927e-01 
 9.20000000e-01  9.40000000e+03  1.85000000e+00 -1.42341233e-04  4.23558376e-01  7.37765237e-02  1.07260235e+02  1.02208106e+01  1.37125884e+05 -2.03397927e-01 
 9.30000000e-01  9.40000000e+03  1.85000000e+00 -1.52371311e-04  4.23558376e-01  7.37765237e-02  1.07260235e+02  1.02208106e+01  1.37125884e+05 -2.03397927e-01 
 9.40000000e-01  9.40000000e+03  1.85000000e+00 -1.62501571e-04  4.23558376e-01  7.37765237e-02  1.07260235e+02  1.02208106e+01  1.37125884e+05 -2.03397927e-01 
 9.50000000e-01  9.40000000e+03  1.85000000e+00 -1.72722398e-04  4.23558376e-01  7.37765237e-02  1.07260235e+02  1.02208106e+01  1.37125884e+05 -2.03397927e-01 
 9.60000000e-01  9.40000000e+03  1.85000000e+00 -1.83025411e-04  4.23558376e-01  7.37765237e-02  1.07260235e+02  1.02208106e+01  1.37125884e+05 -2.03397927e-01 
 9.70000000e-01  9.40000000e+03  1.85000000e+00 -1.93403230e-04  4.23558376e-01  7.37765237e-02  1.07260235e+02  1.02208106e+01  1.37125884e+05 -2.03397927e-01 
 9.80000000e-01  9.40000000e+03  1.85000000e+00 -2.03849300e-04  4.23558376e-01  7.37765237e-02  1.07260235e+02  1.02208106e+01  1.37125884e+05 -2.03397927e-01 
 9.90000000e-01  9.40000000e+03  1.85000000e+00 -2.14357759e-04  4.23558376e-01  7.37765237e-02  1.07260235e+02  1.02208106e+01  1.37125884e+05 -2.03397927e-01 
 1.00000000e+00  9.40000000e+03  1.85000000e+00 -2.24923323e-04  4.23558376e-01  7.37765237e-02  1.07260235e+02  1.02208106e+01  1.37125884e+05 -2.03397927e-01 
 1.01000000e+00  9.40000000e+03  1.85000000e+00 -2.35541201e-04  4.23558376e-01  7.37765237e-02  1.07260235e+02  1.02208106e+01  1.37125884e+05 -2.03397927e-01 
 1.02000000e+00  9.40000000e+03  1.85000000e+00 -2.46207033e-04  4.23558376e-01  7.37765237e-02  1.07260235e+02  1.02208106e+01  1.37125884e+05 -2.03397927e-01 
 1.03000000e+00  9.40000000e+03  1.85000000e+00 -2.56916828e-04  4.23558376e-01  7.37765237e-02  1.07260235e+02  1.02208106e+01  1.37125884e+05 -2.03397927e-01 
 1.04000000e+00  9.40000000e+03  1.85000000e+00 -2.67666926e-04  4.23558376e-01  7.37765237e-02  1.07260235e+02  1.02208106e+01  1.37125884e+05 -2.03397927e-01 
 1.05000000e+00  9.40000000e+03  1.85000000e+00 -2.78453963e-04  4.23558376e-01  7.37765237e-02  1.07260235e+02  1.02208106e+01  1.37125884e+05 -2.03397927e-01 
 1.06000000e+00  9.40000000e+03  1.85000000e+00 -2.89274834e-04  4.23558376e-01  7.37765237e-02  1.07260235e+02  1.02208106e+01  1.37125884e+05 -2.03397927e-01 
 1.07000000e+00  9.40000000e+03  1.85000000e+00 -3.00126674e-04  4.23558376e-01  7.37765237e-02  1.07260235e+02  1.02208106e+01  1.37125884e+05 -2.03397927e-01 
 1.08000000e+00  9.40000000e+03  1.85000000e+00 -3.11006836e-04  4.23558376e-01  7.37765237e-02  1.07260235e+02  1.02208106e+01  1.37125884e+05 -2.03397927e-01 
 1.09000000e+00  9.40000000e+03  1.85000000e+00 -3.21912865e-04  4.23558376e-01  7.37765237e-02  1.07260235e+02  1.02208106e+01  1.37125884e+05 -2.03397927e-01 
 1.10000000e+00  9.40000000e+03  1.85000000e+00 -3.32842490e-04  4.23558376e-01  7.37765237e-02  1.07260235e+02  1.02208106e+01  1.37125884e+05 -2.03397927e-01 
 1.11000000e+00  9.40000000e+03  1.85000000e+00 -3.43793605e-04  4.23558376e-01  7.37765237e-02  1.07260235e+02  1.02208106e+01  1.37125884e+05 -2.03397927e-01 
 1.12000000e+00  9.40000000e+03  1.85000000e+00 -3.54764253e-04  4.23558376e-01  7.37765237e-02  1.07260235e+02  1.02208106e+01  1.37125884e+05 -2.03397927e-01 
 1.13000000e+00  9.40000000e+03  1.85000000e+00 -3.65752621e-04  4.23558376e-01  7.37765237e-02  1.07260235e+02  1.02208106e+01  1.37125884e+05 -2.03397927e-01 
 1.14000000e+00  9.40000000e+03  1.85000000e+00 -3.76757020e-04  4.23558376e-01  7.37765237e-02  1.07260235e+02  1.02208106e+01  1.37125884e+05 -2.03397927e-01 
 1.15000000e+00  9.40000000e+03  1.85000000e+00 -3.87775885e-04  4.23558376e-01  7.37765237e-02  1.07260235e+02  1.02208106e+01  1.37125884e+05 -2.03397927e-01 
 1.16000000e+00  9.40000000e+03  1.85000000e+00 -3.98807756e-04  4.23558376e-01  7.37765237e-02  1.07260235e+02  1.02208106e+01  1.37125884e+05 -2.03397927e-01 
 1.17000000e+00  9.40000000e+03  1.85000000e+00 -4.09851277e-04  4.23558376e-01  7.37765237e-02  1.07260235e+02  1.02208106e+01  1.37125884e+05 -2.03397927e-01 
 1.18000000e+00  9.40000000e+03  1.85000000e+00 -4.20905186e-04  4.23558376e-01  7.37765237e-02  1.07260235e+02  1.02208106e+01  1.37125884e+05 -2.03397927e-01 
 1.19000000e+00  9.40000000e+03  1.85000000e+00 -4.31968307e-04  4.23558376e-01  7.37765237e-02  1.07260235e+02  1.02208106e+01  1.37125884e+05 -2.03397927e-01 
 1.20000000e+00  9.40000000e+03  1.85000000e+00 -4.43039543e-04  4.23558376e-01  7.37765237e-02  1.07260235e+02  1.02208106e+01  1.37125884e+05 -2.03397927e-01 
 1.21000000e+00  9.40000000e+03  1.85000000e+00 -4.54117875e-04  4.23558376e-01  7.37765237e-02  1.07260235e+02  1.02208106e+01  1.37125884e+05 -2.03397927e-01 
 1.22000000e+00  9.40000000e+03  1.85000000e+00 -4.65202349e-04  4.23558376e-01  7.37765237e-02  1.07260235e+02  1.02208106e+01  1.37125884e+05 -2.03397927e-01 
 1.23000000e+00  9.40000000e+03  1.85000000e+00 -4.76292077e-04  4.23558376e-01  7.37765237e-02  1.07260235e+02  1.02208106e+01  1.37125884e+05 -2.03397927e-01 
 1.24000000e+00  9.40000000e+03  1.85000000e+00 -4.87386229e-04  4.23558376e-01  7.37765237e-02  1.07260235e+02  1.02208106e+01  1.37125884e+05 -2.03397927e-01 
 1.25000000e+00  9.40000000e+03  1.85000000e+00 -4.98484033e-04  4.23558376e-01  7.37765237e-02  1.07260235e+02  1.02208106e+01  1.37125884e+05 -2.03397927e-01 
 1.26000000e+00  9.40000000e+03  1.85000000e+00 -5.09584764e-04  4.23558376e-01  7.37765237e-02  1.07260235e+02  1.02208106e+01  1.37125884e+05 -2.03397927e-01 
 1.27000000e+00  9.40000000e+03  1.85000000e+00 -5.20687746e-04  4.23558376e-01  7.37765237e-02  1.07260235e+02  1.02208106e+01  1.37125884e+05 -2.03397927e-01 
 1.28000000e+00  9.40000000e+03  1.85000000e+00 -5.31792349e-04  4.23558376e-01  7.37765237e-02  1.07260235e+02  1.02208106e+01  1.37125884e+05 -2.03397927e-01 
 1.29000000e+00  9.40000000e+03  1.85000000e+00 -5.42897982e-04  4.23558376e-01  7.37765237e-02  1.07260235e+02  1.02208106e+01  1.37125884e+05 -2.03397927e-01 
 1.30000000e+00  9.40000000e+03  1.85000000e+00 -5.54004092e-04  4.23558376e-01  7.37765237e-02  1.07260235e+02  1.02208106e+01  1.37125884e+05 -2.03397927e-01 
 1.31000000e+00  9.40000000e+03  1.85000000e+00 -5.65110163e-04  4.23558376e-01  7.37765237e-02  1.07260235e+02  1.02208106e+01  1.37125884e+05 -2.03397927e-01 
 1.32000000e+00  9.40000000e+03  1.85000000e+00 -5.76215711e-04  4.23558376e-01  7.37765237e-02  1.07260235e+02  1.02208106e+01  1.37125884e+05 -2.03397927e-01 
 1.33000000e+00  9.40000000e+03  1.85000000e+00 -5.87320284e-04  4.23558376e-01  7.37765237e-02  1.07260235e+02  1.02208106e+01  1.37125884e+05 -2.03397927e-01 
 1.34000000e+00  9.40000000e+03  1.85000000e+00 -5.98423456e-04  4.23558376e-01  7.37765237e-02  1.07260235e+02  1.02208106e+01  1.37125884e+05 -2.03397927e-01 
 1.35000000e+00  9.40000000e+03  1.85000000e+00 -6.09524833e-04  4.23558376e-01  7.37765237e-02  1.07260235e+02  1.02208106e+01  1.37125884e+05 -2.03397927e-01 
 1.36000000e+00  9.40000000e+03  1.85000000e+00 -6.20624040e-04  4.23558376e-01  7.37765237e-02  1.07260235e+02  1.02208106e+01  1.37125884e+05 -2.03397927e-01 
 1.37000000e+00  9.40000000e+03  1.85000000e+00 -6.31720731e-04  4.23558376e-01  7.37765237e-02  1.07260235e+02  1.02208106e+01  1.37125884e+05 -2.03397927e-01 
 1.38000000e+00  9.40000000e+03  1.85000000e+00 -6.42814579e-04  4.23558376e-01  7.37765237e-02  1.07260235e+02  1.02208106e+01  1.37125884e+05 -2.03397927e-01 
 1.39000000e+00  9.40000000e+03  1.85000000e+00 -6.53905277e-04  4.23558376e-01  7.37765237e-02  1.07260235e+02  1.02208106e+01  1.37125884e+05 -2.03397927e-01 
 1.40000000e+00  9.40000000e+03  1.85000000e+00 -6.64992540e-04  4.23558376e-01  7.37765237e-02  1.07260235e+02  1.02208106e+01  1.37125884e+05 -2.03397927e-01 
 1.41000000e+00  9.40000000e+03  1.85000000e+00 -6.76076098e-04  4.23558376e-01  7.37765237e-02  1.07260235e+02  1.02208106e+01  1.37125884e+05 -2.03397927e-01 
 1.42000000e+00  9.40000000e+03  1.85000000e+00 -6.87155699e-04  4.23558376e-01  7.37765237e-02  1.07260235e+02  1.02208106e+01  1.37125884e+05 -2.03397927e-01 
 1.43000000e+00  9.40000000e+03  1.85000000e+00 -6.98231108e-04  4.23558376e-01  7.37765237e-02  1.07260235e+02  1.02208106e+01  1.37125884e+05 -2.03397927e-01 
 1.44000000e+00  9.40000000e+03  1.85000000e+00 -7.09302103e-04  4.23558376e-01  7.37765237e-02  1.07260235e+02  1.02208106e+01  1.37125884e+05 -2.03397927e-01 
 1.45000000e+00  9.40000000e+03  1.85000000e+00 -7.20368478e-04  4.23558376e-01  7.37765237e-02  1.07260235e+02  1.02208106e+01  1.37125884e+05 -2.03397927e-01 
 1.46000000e+00  9.40000000e+03  1.85000000e+00 -7.31430037e-04  4.23558376e-01  7.37765237e-02  1.07260235e+02  1.02208106e+01  1.37125884e+05 -2.03397927e-01 
 1.47000000e+00  9.40000000e+03  1.85000000e+00 -7.42486598e-04  4.23558376e-01  7.37765237e-02  1.07260235e+02  1.02208106e+01  1.37125884e+05 -2.03397927e-01 
 1.48000000e+00  9.40000000e+03  1.85000000e+00 -7.53537992e-04  4.23558376e-01  7.37765237e-02  1.07260235e+02  1.02208106e+01  1.37125884e+05 -2.03397927e-01 
 1.49000000e+00  9.40000000e+03  1.85000000e+00 -7.64584057e-04  4.23558376e-01  7.37765237e-02  1.07260235e+02  1.02208106e+01  1.37125884e+05 -2.03397927e-01 
 1.50000000e+00  9.40000000e+03  1.85000000e+00 -7.75624645e-04  4.23558376e-01  7.37765237e-02  1.07260235e+02  1.02208106e+01  1.37125884e+05 -2.03397927e-01 
 1.51000000e+00  9.40000000e+03  1.85000000e+00 -7.86659615e-04  4.23558376e-01  7.37765237e-02  1.07260235e+02  1.02208106e+01  1.37125884e+05 -2.03397927e-01 
 1.52000000e+00  9.40000000e+03  1.85000000e+00 -7.97688836e-04  4.23558376e-01  7.37765237e-02  1.07260235e+02  1.02208106e+01  1.37125884e+05 -2.03397927e-01 
 1.53000000e+00  9.40000000e+03  1.85000000e+00 -8.08712185e-04  4.23558376e-01  7.37765237e-02  1.07260235e+02  1.02208106e+01  1.37125884e+05 -2.03397927e-01 
 1.54000000e+00  9.40000000e+03  1.85000000e+00 -8.19729548e-04  4.23558376e-01  7.37765237e-02  1.07260235e+02  1.02208106e+01  1.37125884e+05 -2.03397927e-01 
 1.55000000e+00  9.40000000e+03  1.85000000e+00 -8.30740816e-04  4.23558376e-01  7.37765237e-02  1.07260235e+02  1.02208106e+01  1.37125884e+05 -2.03397927e-01 
 1.56000000e+00  9.40000000e+03  1.85000000e+00 -8.41745889e-04  4.23558376e-01  7.37765237e-02  1.07260235e+02  1.02208106e+01  1.37125884e+05 -2.03397927e-01 
 1.57000000e+00  9.40000000e+03  1.85000000e+00 -8.52744673e-04  4.23558376e-01  7.37765237e-02  1.07260235e+02  1.02208106e+01  1.37125884e+05 -2.03397927e-01 
 1.58000000e+00  9.40000000e+03  1.85000000e+00 -8.63737080e-04  4.23558376e-01  7.37765237e-02  1.07260235e+02  1.02208106e+01  1.37125884e+05 -2.03397927e-01 
 1.59000000e+00  9.40000000e+03  1.85000000e+00 -8.74723028e-04  4.23558376e-01  7.37765237e-02  1.07260235e+02  1.02208106e+01  1.37125884e+05 -2.03397927e-01 
 1.60000000e+00  9.40000000e+03  1.85000000e+00 -8.85702441e-04  4.23558376e-01  7.37765237e-02  1.07260235e+02  1.02208106e+01  1.37125884e+05 -2.03397927e-01 
 1.61000000e+00  9.40000000e+03  1.85000000e+00 -8.96675247e-04  4.23558376e-01  7.37765237e-02  1.07260235e+02  1.02208106e+01  1.37125884e+05 -2.03397927e-01 
 1.62000000e+00  9.40000000e+03  1.85000000e+00 -9.07641379e-04  4.23558376e-01  7.37765237e-02  1.07260235e+02  1.02208106e+01  1.37125884e+05 -2.03397927e-01 
 1.63000000e+00  9.40000000e+03  1.85000000e+00 -9.18600776e-04  4.23558376e-01  7.37765237e-02  1.07260235e+02  1.02208106e+01  1.37125884e+05 -2.03397927e-01 
 1.64000000e+00  9.40000000e+03  1.85000000e+00 -9.29553379e-04  4.23558376e-01  7.37765237e-02  1.07260235e+02  1.02208106e+01  1.37125884e+05 -2.03397927e-01 
 1.65000000e+00  9.40000000e+03  1.85000000e+00 -9.40499134e-04  4.23558376e-01  7.37765237e-02  1.07260235e+02  1.02208106e+01  1.37125884e+05 -2.03397927e-01 
 1.66000000e+00  9.40000000e+03  1.85000000e+00 -9.51437991e-04  4.23558376e-01  7.37765237e-02  1.07260235e+02  1.02208106e+01  1.37125884e+05 -2.03397927e-01 
 1.67000000e+00  9.40000000e+03  1.85000000e+00 -9.62369903e-04  4.23558376e-01  7.37765237e-02  1.07260235e+02  1.02208106e+01  1.37125884e+05 -2.03397927e-01 
 1.68000000e+00  9.40000000e+03  1.85000000e+00 -9.73294828e-04  4.23558376e-01  7.37765237e-02  1.07260235e+02  1.02208106e+01  1.37125884e+05 -2.03397927e-01 
 1.69000000e+00  9.40000000e+03  1.85000000e+00 -9.84212724e-04  4.23558376e-01  7.37765237e-02  1.07260235e+02  1.02208106e+01  1.37125884e+05 -2.03397927e-01 
 1.70000000e+00  9.40000000e+03  1.85000000e+00 -9.95123554e-04  4.23558376e-01  7.37765237e-02  1.07260235e+02  1.02208106e+01  1.37125884e+05 -2.03397927e-01 
 1.71000000e+00  9.40000000e+03  1.85000000e+00 -1.00602728e-03  4.23558376e-01  7.37765237e-02  1.07260235e+02  1.02208106e+01  1.37125884e+05 -2.03397927e-01 
 1.72000000e+00  9.40000000e+03  1.85000000e+00 -1.01692388e-03  4.23558376e-01  7.37765237e-02  1.07260235e+02  1.02208106e+01  1.37125884e+05 -2.03397927e-01 
 1.73000000e+00  9.40000000e+03  1.85000000e+00 -1.02781332e-03  4.23558376e-01  7.37765237e-02  1.07260235e+02  1.02208106e+01  1.37125884e+05 -2.03397927e-01 
 1.74000000e+00  9.40000000e+03  1.85000000e+00 -1.03869556e-03  4.23558376e-01  7.37765237e-02  1.07260235e+02  1.02208106e+01  1.37125884e+05 -2.03397927e-01 
 1.75000000e+00  9.40000000e+03  1.85000000e+00 -1.04957059e-03  4.23558376e-01  7.37765237e-02  1.07260235e+02  1.02208106e+01  1.37125884e+05 -2.03397927e-01 
 1.76000000e+00  9.40000000e+03  1.85000000e+00 -1.06043838e-03  4.23558376e-01  7.37765237e-02  1.07260235e+02  1.02208106e+01  1.37125884e+05 -2.03397927e-01 
 1.77000000e+00  9.40000000e+03  1.85000000e+00 -1.07129891e-03  4.23558376e-01  7.37765237e-02  1.07260235e+02  1.02208106e+01  1.37125884e+05 -2.03397927e-01 
 1.78000000e+00  9.40000000e+03  1.85000000e+00 -1.08215215e-03  4.23558376e-01  7.37765237e-02  1.07260235e+02  1.02208106e+01  1.37125884e+05 -2.03397927e-01 
 1.79000000e+00  9.40000000e+03  1.85000000e+00 -1.09299810e-03  4.23558376e-01  7.37765237e-02  1.07260235e+02  1.02208106e+01  1.37125884e+05 -2.03397927e-01 
 1.80000000e+00  9.40000000e+03  1.85000000e+00 -1.10383673e-03  4.23558376e-01  7.37765237e-02  1.07260235e+02  1.02208106e+01  1.37125884e+05 -2.03397927e-01 
 1.81000000e+00  9.40000000e+03  1.85000000e+00 -1.11466803e-03  4.23558376e-01  7.37765237e-02  1.07260235e+02  1.02208106e+01  1.37125884e+05 -2.03397927e-01 
 1.82000000e+00  9.40000000e+03  1.85000000e+00 -1.12549198e-03  4.23558376e-01  7.37765237e-02  1.07260235e+02  1.02208106e+01  1.37125884e+05 -2.03397927e-01 
 1.83000000e+00  9.40000000e+03  1.85000000e+00 -1.13630856e-03  4.23558376e-01  7.37765237e-02  1.07260235e+02  1.02208106e+01  1.37125884e+05 -2.03397927e-01 
 1.84000000e+00  9.40000000e+03  1.85000000e+00 -1.14711778e-03  4.23558376e-01  7.37765237e-02  1.07260235e+02  1.02208106e+01  1.37125884e+05 -2.03397927e-01 
 1.85000000e+00  9.40000000e+03  1.85000000e+00 -1.15791961e-03  4.23558376e-01  7.37765237e-02  1.07260235e+02  1.02208106e+01  1.37125884e+05 -2.03397927e-01 
