 v-sweep         run_num         v(drain)        i(vds)          out_vth0        out_u0          out_rdsw        out_nfactor     out_vsat        out_eta0       
 0.00000000e+00  7.30800000e+03  1.85000000e+00 -1.85137520e-12  3.89910540e-01  6.50911967e-02  1.03792662e+02  7.69264161e+00  1.20614782e+05 -1.95610937e-01 
 1.00000000e-02  7.30800000e+03  1.85000000e+00 -1.85137520e-12  3.89910540e-01  6.50911967e-02  1.03792662e+02  7.69264161e+00  1.20614782e+05 -1.95610937e-01 
 2.00000000e-02  7.30800000e+03  1.85000000e+00 -1.85137520e-12  3.89910540e-01  6.50911967e-02  1.03792662e+02  7.69264161e+00  1.20614782e+05 -1.95610937e-01 
 3.00000000e-02  7.30800000e+03  1.85000000e+00 -1.85137520e-12  3.89910540e-01  6.50911967e-02  1.03792662e+02  7.69264161e+00  1.20614782e+05 -1.95610937e-01 
 4.00000000e-02  7.30800000e+03  1.85000000e+00 -1.85137520e-12  3.89910540e-01  6.50911967e-02  1.03792662e+02  7.69264161e+00  1.20614782e+05 -1.95610937e-01 
 5.00000000e-02  7.30800000e+03  1.85000000e+00 -1.85137520e-12  3.89910540e-01  6.50911967e-02  1.03792662e+02  7.69264161e+00  1.20614782e+05 -1.95610937e-01 
 6.00000000e-02  7.30800000e+03  1.85000000e+00 -1.85137521e-12  3.89910540e-01  6.50911967e-02  1.03792662e+02  7.69264161e+00  1.20614782e+05 -1.95610937e-01 
 7.00000000e-02  7.30800000e+03  1.85000000e+00 -1.85137521e-12  3.89910540e-01  6.50911967e-02  1.03792662e+02  7.69264161e+00  1.20614782e+05 -1.95610937e-01 
 8.00000000e-02  7.30800000e+03  1.85000000e+00 -1.85137522e-12  3.89910540e-01  6.50911967e-02  1.03792662e+02  7.69264161e+00  1.20614782e+05 -1.95610937e-01 
 9.00000000e-02  7.30800000e+03  1.85000000e+00 -1.85137523e-12  3.89910540e-01  6.50911967e-02  1.03792662e+02  7.69264161e+00  1.20614782e+05 -1.95610937e-01 
 1.00000000e-01  7.30800000e+03  1.85000000e+00 -1.85137526e-12  3.89910540e-01  6.50911967e-02  1.03792662e+02  7.69264161e+00  1.20614782e+05 -1.95610937e-01 
 1.10000000e-01  7.30800000e+03  1.85000000e+00 -1.85137531e-12  3.89910540e-01  6.50911967e-02  1.03792662e+02  7.69264161e+00  1.20614782e+05 -1.95610937e-01 
 1.20000000e-01  7.30800000e+03  1.85000000e+00 -1.85137539e-12  3.89910540e-01  6.50911967e-02  1.03792662e+02  7.69264161e+00  1.20614782e+05 -1.95610937e-01 
 1.30000000e-01  7.30800000e+03  1.85000000e+00 -1.85137554e-12  3.89910540e-01  6.50911967e-02  1.03792662e+02  7.69264161e+00  1.20614782e+05 -1.95610937e-01 
 1.40000000e-01  7.30800000e+03  1.85000000e+00 -1.85137581e-12  3.89910540e-01  6.50911967e-02  1.03792662e+02  7.69264161e+00  1.20614782e+05 -1.95610937e-01 
 1.50000000e-01  7.30800000e+03  1.85000000e+00 -1.85137629e-12  3.89910540e-01  6.50911967e-02  1.03792662e+02  7.69264161e+00  1.20614782e+05 -1.95610937e-01 
 1.60000000e-01  7.30800000e+03  1.85000000e+00 -1.85137716e-12  3.89910540e-01  6.50911967e-02  1.03792662e+02  7.69264161e+00  1.20614782e+05 -1.95610937e-01 
 1.70000000e-01  7.30800000e+03  1.85000000e+00 -1.85137869e-12  3.89910540e-01  6.50911967e-02  1.03792662e+02  7.69264161e+00  1.20614782e+05 -1.95610937e-01 
 1.80000000e-01  7.30800000e+03  1.85000000e+00 -1.85138144e-12  3.89910540e-01  6.50911967e-02  1.03792662e+02  7.69264161e+00  1.20614782e+05 -1.95610937e-01 
 1.90000000e-01  7.30800000e+03  1.85000000e+00 -1.85138636e-12  3.89910540e-01  6.50911967e-02  1.03792662e+02  7.69264161e+00  1.20614782e+05 -1.95610937e-01 
 2.00000000e-01  7.30800000e+03  1.85000000e+00 -1.85139514e-12  3.89910540e-01  6.50911967e-02  1.03792662e+02  7.69264161e+00  1.20614782e+05 -1.95610937e-01 
 2.10000000e-01  7.30800000e+03  1.85000000e+00 -1.85141084e-12  3.89910540e-01  6.50911967e-02  1.03792662e+02  7.69264161e+00  1.20614782e+05 -1.95610937e-01 
 2.20000000e-01  7.30800000e+03  1.85000000e+00 -1.85143888e-12  3.89910540e-01  6.50911967e-02  1.03792662e+02  7.69264161e+00  1.20614782e+05 -1.95610937e-01 
 2.30000000e-01  7.30800000e+03  1.85000000e+00 -1.85148900e-12  3.89910540e-01  6.50911967e-02  1.03792662e+02  7.69264161e+00  1.20614782e+05 -1.95610937e-01 
 2.40000000e-01  7.30800000e+03  1.85000000e+00 -1.85157857e-12  3.89910540e-01  6.50911967e-02  1.03792662e+02  7.69264161e+00  1.20614782e+05 -1.95610937e-01 
 2.50000000e-01  7.30800000e+03  1.85000000e+00 -1.85173862e-12  3.89910540e-01  6.50911967e-02  1.03792662e+02  7.69264161e+00  1.20614782e+05 -1.95610937e-01 
 2.60000000e-01  7.30800000e+03  1.85000000e+00 -1.85202464e-12  3.89910540e-01  6.50911967e-02  1.03792662e+02  7.69264161e+00  1.20614782e+05 -1.95610937e-01 
 2.70000000e-01  7.30800000e+03  1.85000000e+00 -1.85253576e-12  3.89910540e-01  6.50911967e-02  1.03792662e+02  7.69264161e+00  1.20614782e+05 -1.95610937e-01 
 2.80000000e-01  7.30800000e+03  1.85000000e+00 -1.85344913e-12  3.89910540e-01  6.50911967e-02  1.03792662e+02  7.69264161e+00  1.20614782e+05 -1.95610937e-01 
 2.90000000e-01  7.30800000e+03  1.85000000e+00 -1.85508132e-12  3.89910540e-01  6.50911967e-02  1.03792662e+02  7.69264161e+00  1.20614782e+05 -1.95610937e-01 
 3.00000000e-01  7.30800000e+03  1.85000000e+00 -1.85799802e-12  3.89910540e-01  6.50911967e-02  1.03792662e+02  7.69264161e+00  1.20614782e+05 -1.95610937e-01 
 3.10000000e-01  7.30800000e+03  1.85000000e+00 -1.86321004e-12  3.89910540e-01  6.50911967e-02  1.03792662e+02  7.69264161e+00  1.20614782e+05 -1.95610937e-01 
 3.20000000e-01  7.30800000e+03  1.85000000e+00 -1.87252365e-12  3.89910540e-01  6.50911967e-02  1.03792662e+02  7.69264161e+00  1.20614782e+05 -1.95610937e-01 
 3.30000000e-01  7.30800000e+03  1.85000000e+00 -1.88916626e-12  3.89910540e-01  6.50911967e-02  1.03792662e+02  7.69264161e+00  1.20614782e+05 -1.95610937e-01 
 3.40000000e-01  7.30800000e+03  1.85000000e+00 -1.91890456e-12  3.89910540e-01  6.50911967e-02  1.03792662e+02  7.69264161e+00  1.20614782e+05 -1.95610937e-01 
 3.50000000e-01  7.30800000e+03  1.85000000e+00 -1.97204169e-12  3.89910540e-01  6.50911967e-02  1.03792662e+02  7.69264161e+00  1.20614782e+05 -1.95610937e-01 
 3.60000000e-01  7.30800000e+03  1.85000000e+00 -2.06698479e-12  3.89910540e-01  6.50911967e-02  1.03792662e+02  7.69264161e+00  1.20614782e+05 -1.95610937e-01 
 3.70000000e-01  7.30800000e+03  1.85000000e+00 -2.23661624e-12  3.89910540e-01  6.50911967e-02  1.03792662e+02  7.69264161e+00  1.20614782e+05 -1.95610937e-01 
 3.80000000e-01  7.30800000e+03  1.85000000e+00 -2.53966984e-12  3.89910540e-01  6.50911967e-02  1.03792662e+02  7.69264161e+00  1.20614782e+05 -1.95610937e-01 
 3.90000000e-01  7.30800000e+03  1.85000000e+00 -3.08103795e-12  3.89910540e-01  6.50911967e-02  1.03792662e+02  7.69264161e+00  1.20614782e+05 -1.95610937e-01 
 4.00000000e-01  7.30800000e+03  1.85000000e+00 -4.04800707e-12  3.89910540e-01  6.50911967e-02  1.03792662e+02  7.69264161e+00  1.20614782e+05 -1.95610937e-01 
 4.10000000e-01  7.30800000e+03  1.85000000e+00 -5.77488407e-12  3.89910540e-01  6.50911967e-02  1.03792662e+02  7.69264161e+00  1.20614782e+05 -1.95610937e-01 
 4.20000000e-01  7.30800000e+03  1.85000000e+00 -8.85818010e-12  3.89910540e-01  6.50911967e-02  1.03792662e+02  7.69264161e+00  1.20614782e+05 -1.95610937e-01 
 4.30000000e-01  7.30800000e+03  1.85000000e+00 -1.43617224e-11  3.89910540e-01  6.50911967e-02  1.03792662e+02  7.69264161e+00  1.20614782e+05 -1.95610937e-01 
 4.40000000e-01  7.30800000e+03  1.85000000e+00 -2.41814711e-11  3.89910540e-01  6.50911967e-02  1.03792662e+02  7.69264161e+00  1.20614782e+05 -1.95610937e-01 
 4.50000000e-01  7.30800000e+03  1.85000000e+00 -4.16933684e-11  3.89910540e-01  6.50911967e-02  1.03792662e+02  7.69264161e+00  1.20614782e+05 -1.95610937e-01 
 4.60000000e-01  7.30800000e+03  1.85000000e+00 -7.29013861e-11  3.89910540e-01  6.50911967e-02  1.03792662e+02  7.69264161e+00  1.20614782e+05 -1.95610937e-01 
 4.70000000e-01  7.30800000e+03  1.85000000e+00 -1.28466287e-10  3.89910540e-01  6.50911967e-02  1.03792662e+02  7.69264161e+00  1.20614782e+05 -1.95610937e-01 
 4.80000000e-01  7.30800000e+03  1.85000000e+00 -2.27277432e-10  3.89910540e-01  6.50911967e-02  1.03792662e+02  7.69264161e+00  1.20614782e+05 -1.95610937e-01 
 4.90000000e-01  7.30800000e+03  1.85000000e+00 -4.02710337e-10  3.89910540e-01  6.50911967e-02  1.03792662e+02  7.69264161e+00  1.20614782e+05 -1.95610937e-01 
 5.00000000e-01  7.30800000e+03  1.85000000e+00 -7.13518299e-10  3.89910540e-01  6.50911967e-02  1.03792662e+02  7.69264161e+00  1.20614782e+05 -1.95610937e-01 
 5.10000000e-01  7.30800000e+03  1.85000000e+00 -1.26262792e-09  3.89910540e-01  6.50911967e-02  1.03792662e+02  7.69264161e+00  1.20614782e+05 -1.95610937e-01 
 5.20000000e-01  7.30800000e+03  1.85000000e+00 -2.22921182e-09  3.89910540e-01  6.50911967e-02  1.03792662e+02  7.69264161e+00  1.20614782e+05 -1.95610937e-01 
 5.30000000e-01  7.30800000e+03  1.85000000e+00 -3.92262379e-09  3.89910540e-01  6.50911967e-02  1.03792662e+02  7.69264161e+00  1.20614782e+05 -1.95610937e-01 
 5.40000000e-01  7.30800000e+03  1.85000000e+00 -6.87141008e-09  3.89910540e-01  6.50911967e-02  1.03792662e+02  7.69264161e+00  1.20614782e+05 -1.95610937e-01 
 5.50000000e-01  7.30800000e+03  1.85000000e+00 -1.19667521e-08  3.89910540e-01  6.50911967e-02  1.03792662e+02  7.69264161e+00  1.20614782e+05 -1.95610937e-01 
 5.60000000e-01  7.30800000e+03  1.85000000e+00 -2.06869088e-08  3.89910540e-01  6.50911967e-02  1.03792662e+02  7.69264161e+00  1.20614782e+05 -1.95610937e-01 
 5.70000000e-01  7.30800000e+03  1.85000000e+00 -3.54362263e-08  3.89910540e-01  6.50911967e-02  1.03792662e+02  7.69264161e+00  1.20614782e+05 -1.95610937e-01 
 5.80000000e-01  7.30800000e+03  1.85000000e+00 -6.00371279e-08  3.89910540e-01  6.50911967e-02  1.03792662e+02  7.69264161e+00  1.20614782e+05 -1.95610937e-01 
 5.90000000e-01  7.30800000e+03  1.85000000e+00 -1.00415083e-07  3.89910540e-01  6.50911967e-02  1.03792662e+02  7.69264161e+00  1.20614782e+05 -1.95610937e-01 
 6.00000000e-01  7.30800000e+03  1.85000000e+00 -1.65517162e-07  3.89910540e-01  6.50911967e-02  1.03792662e+02  7.69264161e+00  1.20614782e+05 -1.95610937e-01 
 6.10000000e-01  7.30800000e+03  1.85000000e+00 -2.68509887e-07  3.89910540e-01  6.50911967e-02  1.03792662e+02  7.69264161e+00  1.20614782e+05 -1.95610937e-01 
 6.20000000e-01  7.30800000e+03  1.85000000e+00 -4.28308698e-07  3.89910540e-01  6.50911967e-02  1.03792662e+02  7.69264161e+00  1.20614782e+05 -1.95610937e-01 
 6.30000000e-01  7.30800000e+03  1.85000000e+00 -6.71462181e-07  3.89910540e-01  6.50911967e-02  1.03792662e+02  7.69264161e+00  1.20614782e+05 -1.95610937e-01 
 6.40000000e-01  7.30800000e+03  1.85000000e+00 -1.03426491e-06  3.89910540e-01  6.50911967e-02  1.03792662e+02  7.69264161e+00  1.20614782e+05 -1.95610937e-01 
 6.50000000e-01  7.30800000e+03  1.85000000e+00 -1.56462969e-06  3.89910540e-01  6.50911967e-02  1.03792662e+02  7.69264161e+00  1.20614782e+05 -1.95610937e-01 
 6.60000000e-01  7.30800000e+03  1.85000000e+00 -2.32279019e-06  3.89910540e-01  6.50911967e-02  1.03792662e+02  7.69264161e+00  1.20614782e+05 -1.95610937e-01 
 6.70000000e-01  7.30800000e+03  1.85000000e+00 -3.37964919e-06  3.89910540e-01  6.50911967e-02  1.03792662e+02  7.69264161e+00  1.20614782e+05 -1.95610937e-01 
 6.80000000e-01  7.30800000e+03  1.85000000e+00 -4.81195497e-06  3.89910540e-01  6.50911967e-02  1.03792662e+02  7.69264161e+00  1.20614782e+05 -1.95610937e-01 
 6.90000000e-01  7.30800000e+03  1.85000000e+00 -6.69460193e-06  3.89910540e-01  6.50911967e-02  1.03792662e+02  7.69264161e+00  1.20614782e+05 -1.95610937e-01 
 7.00000000e-01  7.30800000e+03  1.85000000e+00 -9.09174188e-06  3.89910540e-01  6.50911967e-02  1.03792662e+02  7.69264161e+00  1.20614782e+05 -1.95610937e-01 
 7.10000000e-01  7.30800000e+03  1.85000000e+00 -1.20491902e-05  3.89910540e-01  6.50911967e-02  1.03792662e+02  7.69264161e+00  1.20614782e+05 -1.95610937e-01 
 7.20000000e-01  7.30800000e+03  1.85000000e+00 -1.55902286e-05  3.89910540e-01  6.50911967e-02  1.03792662e+02  7.69264161e+00  1.20614782e+05 -1.95610937e-01 
 7.30000000e-01  7.30800000e+03  1.85000000e+00 -1.97155634e-05  3.89910540e-01  6.50911967e-02  1.03792662e+02  7.69264161e+00  1.20614782e+05 -1.95610937e-01 
 7.40000000e-01  7.30800000e+03  1.85000000e+00 -2.44067256e-05  3.89910540e-01  6.50911967e-02  1.03792662e+02  7.69264161e+00  1.20614782e+05 -1.95610937e-01 
 7.50000000e-01  7.30800000e+03  1.85000000e+00 -2.96313609e-05  3.89910540e-01  6.50911967e-02  1.03792662e+02  7.69264161e+00  1.20614782e+05 -1.95610937e-01 
 7.60000000e-01  7.30800000e+03  1.85000000e+00 -3.53488227e-05  3.89910540e-01  6.50911967e-02  1.03792662e+02  7.69264161e+00  1.20614782e+05 -1.95610937e-01 
 7.70000000e-01  7.30800000e+03  1.85000000e+00 -4.15149813e-05  3.89910540e-01  6.50911967e-02  1.03792662e+02  7.69264161e+00  1.20614782e+05 -1.95610937e-01 
 7.80000000e-01  7.30800000e+03  1.85000000e+00 -4.80857685e-05  3.89910540e-01  6.50911967e-02  1.03792662e+02  7.69264161e+00  1.20614782e+05 -1.95610937e-01 
 7.90000000e-01  7.30800000e+03  1.85000000e+00 -5.50194405e-05  3.89910540e-01  6.50911967e-02  1.03792662e+02  7.69264161e+00  1.20614782e+05 -1.95610937e-01 
 8.00000000e-01  7.30800000e+03  1.85000000e+00 -6.22777888e-05  3.89910540e-01  6.50911967e-02  1.03792662e+02  7.69264161e+00  1.20614782e+05 -1.95610937e-01 
 8.10000000e-01  7.30800000e+03  1.85000000e+00 -6.98266007e-05  3.89910540e-01  6.50911967e-02  1.03792662e+02  7.69264161e+00  1.20614782e+05 -1.95610937e-01 
 8.20000000e-01  7.30800000e+03  1.85000000e+00 -7.76356457e-05  3.89910540e-01  6.50911967e-02  1.03792662e+02  7.69264161e+00  1.20614782e+05 -1.95610937e-01 
 8.30000000e-01  7.30800000e+03  1.85000000e+00 -8.56783981e-05  3.89910540e-01  6.50911967e-02  1.03792662e+02  7.69264161e+00  1.20614782e+05 -1.95610937e-01 
 8.40000000e-01  7.30800000e+03  1.85000000e+00 -9.39316426e-05  3.89910540e-01  6.50911967e-02  1.03792662e+02  7.69264161e+00  1.20614782e+05 -1.95610937e-01 
 8.50000000e-01  7.30800000e+03  1.85000000e+00 -1.02375048e-04  3.89910540e-01  6.50911967e-02  1.03792662e+02  7.69264161e+00  1.20614782e+05 -1.95610937e-01 
 8.60000000e-01  7.30800000e+03  1.85000000e+00 -1.10990759e-04  3.89910540e-01  6.50911967e-02  1.03792662e+02  7.69264161e+00  1.20614782e+05 -1.95610937e-01 
 8.70000000e-01  7.30800000e+03  1.85000000e+00 -1.19763037e-04  3.89910540e-01  6.50911967e-02  1.03792662e+02  7.69264161e+00  1.20614782e+05 -1.95610937e-01 
 8.80000000e-01  7.30800000e+03  1.85000000e+00 -1.28677937e-04  3.89910540e-01  6.50911967e-02  1.03792662e+02  7.69264161e+00  1.20614782e+05 -1.95610937e-01 
 8.90000000e-01  7.30800000e+03  1.85000000e+00 -1.37723048e-04  3.89910540e-01  6.50911967e-02  1.03792662e+02  7.69264161e+00  1.20614782e+05 -1.95610937e-01 
 9.00000000e-01  7.30800000e+03  1.85000000e+00 -1.46887271e-04  3.89910540e-01  6.50911967e-02  1.03792662e+02  7.69264161e+00  1.20614782e+05 -1.95610937e-01 
 9.10000000e-01  7.30800000e+03  1.85000000e+00 -1.56160633e-04  3.89910540e-01  6.50911967e-02  1.03792662e+02  7.69264161e+00  1.20614782e+05 -1.95610937e-01 
 9.20000000e-01  7.30800000e+03  1.85000000e+00 -1.65534138e-04  3.89910540e-01  6.50911967e-02  1.03792662e+02  7.69264161e+00  1.20614782e+05 -1.95610937e-01 
 9.30000000e-01  7.30800000e+03  1.85000000e+00 -1.74999641e-04  3.89910540e-01  6.50911967e-02  1.03792662e+02  7.69264161e+00  1.20614782e+05 -1.95610937e-01 
 9.40000000e-01  7.30800000e+03  1.85000000e+00 -1.84549741e-04  3.89910540e-01  6.50911967e-02  1.03792662e+02  7.69264161e+00  1.20614782e+05 -1.95610937e-01 
 9.50000000e-01  7.30800000e+03  1.85000000e+00 -1.94177699e-04  3.89910540e-01  6.50911967e-02  1.03792662e+02  7.69264161e+00  1.20614782e+05 -1.95610937e-01 
 9.60000000e-01  7.30800000e+03  1.85000000e+00 -2.03877356e-04  3.89910540e-01  6.50911967e-02  1.03792662e+02  7.69264161e+00  1.20614782e+05 -1.95610937e-01 
 9.70000000e-01  7.30800000e+03  1.85000000e+00 -2.13643074e-04  3.89910540e-01  6.50911967e-02  1.03792662e+02  7.69264161e+00  1.20614782e+05 -1.95610937e-01 
 9.80000000e-01  7.30800000e+03  1.85000000e+00 -2.23469685e-04  3.89910540e-01  6.50911967e-02  1.03792662e+02  7.69264161e+00  1.20614782e+05 -1.95610937e-01 
 9.90000000e-01  7.30800000e+03  1.85000000e+00 -2.33352440e-04  3.89910540e-01  6.50911967e-02  1.03792662e+02  7.69264161e+00  1.20614782e+05 -1.95610937e-01 
 1.00000000e+00  7.30800000e+03  1.85000000e+00 -2.43286969e-04  3.89910540e-01  6.50911967e-02  1.03792662e+02  7.69264161e+00  1.20614782e+05 -1.95610937e-01 
 1.01000000e+00  7.30800000e+03  1.85000000e+00 -2.53269246e-04  3.89910540e-01  6.50911967e-02  1.03792662e+02  7.69264161e+00  1.20614782e+05 -1.95610937e-01 
 1.02000000e+00  7.30800000e+03  1.85000000e+00 -2.63295557e-04  3.89910540e-01  6.50911967e-02  1.03792662e+02  7.69264161e+00  1.20614782e+05 -1.95610937e-01 
 1.03000000e+00  7.30800000e+03  1.85000000e+00 -2.73362467e-04  3.89910540e-01  6.50911967e-02  1.03792662e+02  7.69264161e+00  1.20614782e+05 -1.95610937e-01 
 1.04000000e+00  7.30800000e+03  1.85000000e+00 -2.83466805e-04  3.89910540e-01  6.50911967e-02  1.03792662e+02  7.69264161e+00  1.20614782e+05 -1.95610937e-01 
 1.05000000e+00  7.30800000e+03  1.85000000e+00 -2.93605629e-04  3.89910540e-01  6.50911967e-02  1.03792662e+02  7.69264161e+00  1.20614782e+05 -1.95610937e-01 
 1.06000000e+00  7.30800000e+03  1.85000000e+00 -3.03776217e-04  3.89910540e-01  6.50911967e-02  1.03792662e+02  7.69264161e+00  1.20614782e+05 -1.95610937e-01 
 1.07000000e+00  7.30800000e+03  1.85000000e+00 -3.13976040e-04  3.89910540e-01  6.50911967e-02  1.03792662e+02  7.69264161e+00  1.20614782e+05 -1.95610937e-01 
 1.08000000e+00  7.30800000e+03  1.85000000e+00 -3.24202751e-04  3.89910540e-01  6.50911967e-02  1.03792662e+02  7.69264161e+00  1.20614782e+05 -1.95610937e-01 
 1.09000000e+00  7.30800000e+03  1.85000000e+00 -3.34454169e-04  3.89910540e-01  6.50911967e-02  1.03792662e+02  7.69264161e+00  1.20614782e+05 -1.95610937e-01 
 1.10000000e+00  7.30800000e+03  1.85000000e+00 -3.44728263e-04  3.89910540e-01  6.50911967e-02  1.03792662e+02  7.69264161e+00  1.20614782e+05 -1.95610937e-01 
 1.11000000e+00  7.30800000e+03  1.85000000e+00 -3.55023144e-04  3.89910540e-01  6.50911967e-02  1.03792662e+02  7.69264161e+00  1.20614782e+05 -1.95610937e-01 
 1.12000000e+00  7.30800000e+03  1.85000000e+00 -3.65337048e-04  3.89910540e-01  6.50911967e-02  1.03792662e+02  7.69264161e+00  1.20614782e+05 -1.95610937e-01 
 1.13000000e+00  7.30800000e+03  1.85000000e+00 -3.75668334e-04  3.89910540e-01  6.50911967e-02  1.03792662e+02  7.69264161e+00  1.20614782e+05 -1.95610937e-01 
 1.14000000e+00  7.30800000e+03  1.85000000e+00 -3.86015468e-04  3.89910540e-01  6.50911967e-02  1.03792662e+02  7.69264161e+00  1.20614782e+05 -1.95610937e-01 
 1.15000000e+00  7.30800000e+03  1.85000000e+00 -3.96377016e-04  3.89910540e-01  6.50911967e-02  1.03792662e+02  7.69264161e+00  1.20614782e+05 -1.95610937e-01 
 1.16000000e+00  7.30800000e+03  1.85000000e+00 -4.06751639e-04  3.89910540e-01  6.50911967e-02  1.03792662e+02  7.69264161e+00  1.20614782e+05 -1.95610937e-01 
 1.17000000e+00  7.30800000e+03  1.85000000e+00 -4.17138083e-04  3.89910540e-01  6.50911967e-02  1.03792662e+02  7.69264161e+00  1.20614782e+05 -1.95610937e-01 
 1.18000000e+00  7.30800000e+03  1.85000000e+00 -4.27535176e-04  3.89910540e-01  6.50911967e-02  1.03792662e+02  7.69264161e+00  1.20614782e+05 -1.95610937e-01 
 1.19000000e+00  7.30800000e+03  1.85000000e+00 -4.37941818e-04  3.89910540e-01  6.50911967e-02  1.03792662e+02  7.69264161e+00  1.20614782e+05 -1.95610937e-01 
 1.20000000e+00  7.30800000e+03  1.85000000e+00 -4.48356979e-04  3.89910540e-01  6.50911967e-02  1.03792662e+02  7.69264161e+00  1.20614782e+05 -1.95610937e-01 
 1.21000000e+00  7.30800000e+03  1.85000000e+00 -4.58779693e-04  3.89910540e-01  6.50911967e-02  1.03792662e+02  7.69264161e+00  1.20614782e+05 -1.95610937e-01 
 1.22000000e+00  7.30800000e+03  1.85000000e+00 -4.69209052e-04  3.89910540e-01  6.50911967e-02  1.03792662e+02  7.69264161e+00  1.20614782e+05 -1.95610937e-01 
 1.23000000e+00  7.30800000e+03  1.85000000e+00 -4.79644205e-04  3.89910540e-01  6.50911967e-02  1.03792662e+02  7.69264161e+00  1.20614782e+05 -1.95610937e-01 
 1.24000000e+00  7.30800000e+03  1.85000000e+00 -4.90084351e-04  3.89910540e-01  6.50911967e-02  1.03792662e+02  7.69264161e+00  1.20614782e+05 -1.95610937e-01 
 1.25000000e+00  7.30800000e+03  1.85000000e+00 -5.00528739e-04  3.89910540e-01  6.50911967e-02  1.03792662e+02  7.69264161e+00  1.20614782e+05 -1.95610937e-01 
 1.26000000e+00  7.30800000e+03  1.85000000e+00 -5.10976660e-04  3.89910540e-01  6.50911967e-02  1.03792662e+02  7.69264161e+00  1.20614782e+05 -1.95610937e-01 
 1.27000000e+00  7.30800000e+03  1.85000000e+00 -5.21427450e-04  3.89910540e-01  6.50911967e-02  1.03792662e+02  7.69264161e+00  1.20614782e+05 -1.95610937e-01 
 1.28000000e+00  7.30800000e+03  1.85000000e+00 -5.31880481e-04  3.89910540e-01  6.50911967e-02  1.03792662e+02  7.69264161e+00  1.20614782e+05 -1.95610937e-01 
 1.29000000e+00  7.30800000e+03  1.85000000e+00 -5.42335164e-04  3.89910540e-01  6.50911967e-02  1.03792662e+02  7.69264161e+00  1.20614782e+05 -1.95610937e-01 
 1.30000000e+00  7.30800000e+03  1.85000000e+00 -5.52790942e-04  3.89910540e-01  6.50911967e-02  1.03792662e+02  7.69264161e+00  1.20614782e+05 -1.95610937e-01 
 1.31000000e+00  7.30800000e+03  1.85000000e+00 -5.63247292e-04  3.89910540e-01  6.50911967e-02  1.03792662e+02  7.69264161e+00  1.20614782e+05 -1.95610937e-01 
 1.32000000e+00  7.30800000e+03  1.85000000e+00 -5.73703720e-04  3.89910540e-01  6.50911967e-02  1.03792662e+02  7.69264161e+00  1.20614782e+05 -1.95610937e-01 
 1.33000000e+00  7.30800000e+03  1.85000000e+00 -5.84159759e-04  3.89910540e-01  6.50911967e-02  1.03792662e+02  7.69264161e+00  1.20614782e+05 -1.95610937e-01 
 1.34000000e+00  7.30800000e+03  1.85000000e+00 -5.94614971e-04  3.89910540e-01  6.50911967e-02  1.03792662e+02  7.69264161e+00  1.20614782e+05 -1.95610937e-01 
 1.35000000e+00  7.30800000e+03  1.85000000e+00 -6.05068940e-04  3.89910540e-01  6.50911967e-02  1.03792662e+02  7.69264161e+00  1.20614782e+05 -1.95610937e-01 
 1.36000000e+00  7.30800000e+03  1.85000000e+00 -6.15521276e-04  3.89910540e-01  6.50911967e-02  1.03792662e+02  7.69264161e+00  1.20614782e+05 -1.95610937e-01 
 1.37000000e+00  7.30800000e+03  1.85000000e+00 -6.25971609e-04  3.89910540e-01  6.50911967e-02  1.03792662e+02  7.69264161e+00  1.20614782e+05 -1.95610937e-01 
 1.38000000e+00  7.30800000e+03  1.85000000e+00 -6.36419590e-04  3.89910540e-01  6.50911967e-02  1.03792662e+02  7.69264161e+00  1.20614782e+05 -1.95610937e-01 
 1.39000000e+00  7.30800000e+03  1.85000000e+00 -6.46864889e-04  3.89910540e-01  6.50911967e-02  1.03792662e+02  7.69264161e+00  1.20614782e+05 -1.95610937e-01 
 1.40000000e+00  7.30800000e+03  1.85000000e+00 -6.57307196e-04  3.89910540e-01  6.50911967e-02  1.03792662e+02  7.69264161e+00  1.20614782e+05 -1.95610937e-01 
 1.41000000e+00  7.30800000e+03  1.85000000e+00 -6.67746215e-04  3.89910540e-01  6.50911967e-02  1.03792662e+02  7.69264161e+00  1.20614782e+05 -1.95610937e-01 
 1.42000000e+00  7.30800000e+03  1.85000000e+00 -6.78181670e-04  3.89910540e-01  6.50911967e-02  1.03792662e+02  7.69264161e+00  1.20614782e+05 -1.95610937e-01 
 1.43000000e+00  7.30800000e+03  1.85000000e+00 -6.88613298e-04  3.89910540e-01  6.50911967e-02  1.03792662e+02  7.69264161e+00  1.20614782e+05 -1.95610937e-01 
 1.44000000e+00  7.30800000e+03  1.85000000e+00 -6.99040849e-04  3.89910540e-01  6.50911967e-02  1.03792662e+02  7.69264161e+00  1.20614782e+05 -1.95610937e-01 
 1.45000000e+00  7.30800000e+03  1.85000000e+00 -7.09464090e-04  3.89910540e-01  6.50911967e-02  1.03792662e+02  7.69264161e+00  1.20614782e+05 -1.95610937e-01 
 1.46000000e+00  7.30800000e+03  1.85000000e+00 -7.19882798e-04  3.89910540e-01  6.50911967e-02  1.03792662e+02  7.69264161e+00  1.20614782e+05 -1.95610937e-01 
 1.47000000e+00  7.30800000e+03  1.85000000e+00 -7.30296764e-04  3.89910540e-01  6.50911967e-02  1.03792662e+02  7.69264161e+00  1.20614782e+05 -1.95610937e-01 
 1.48000000e+00  7.30800000e+03  1.85000000e+00 -7.40705790e-04  3.89910540e-01  6.50911967e-02  1.03792662e+02  7.69264161e+00  1.20614782e+05 -1.95610937e-01 
 1.49000000e+00  7.30800000e+03  1.85000000e+00 -7.51109687e-04  3.89910540e-01  6.50911967e-02  1.03792662e+02  7.69264161e+00  1.20614782e+05 -1.95610937e-01 
 1.50000000e+00  7.30800000e+03  1.85000000e+00 -7.61508278e-04  3.89910540e-01  6.50911967e-02  1.03792662e+02  7.69264161e+00  1.20614782e+05 -1.95610937e-01 
 1.51000000e+00  7.30800000e+03  1.85000000e+00 -7.71901397e-04  3.89910540e-01  6.50911967e-02  1.03792662e+02  7.69264161e+00  1.20614782e+05 -1.95610937e-01 
 1.52000000e+00  7.30800000e+03  1.85000000e+00 -7.82288883e-04  3.89910540e-01  6.50911967e-02  1.03792662e+02  7.69264161e+00  1.20614782e+05 -1.95610937e-01 
 1.53000000e+00  7.30800000e+03  1.85000000e+00 -7.92670587e-04  3.89910540e-01  6.50911967e-02  1.03792662e+02  7.69264161e+00  1.20614782e+05 -1.95610937e-01 
 1.54000000e+00  7.30800000e+03  1.85000000e+00 -8.03046367e-04  3.89910540e-01  6.50911967e-02  1.03792662e+02  7.69264161e+00  1.20614782e+05 -1.95610937e-01 
 1.55000000e+00  7.30800000e+03  1.85000000e+00 -8.13416089e-04  3.89910540e-01  6.50911967e-02  1.03792662e+02  7.69264161e+00  1.20614782e+05 -1.95610937e-01 
 1.56000000e+00  7.30800000e+03  1.85000000e+00 -8.23779627e-04  3.89910540e-01  6.50911967e-02  1.03792662e+02  7.69264161e+00  1.20614782e+05 -1.95610937e-01 
 1.57000000e+00  7.30800000e+03  1.85000000e+00 -8.34136859e-04  3.89910540e-01  6.50911967e-02  1.03792662e+02  7.69264161e+00  1.20614782e+05 -1.95610937e-01 
 1.58000000e+00  7.30800000e+03  1.85000000e+00 -8.44487673e-04  3.89910540e-01  6.50911967e-02  1.03792662e+02  7.69264161e+00  1.20614782e+05 -1.95610937e-01 
 1.59000000e+00  7.30800000e+03  1.85000000e+00 -8.54831961e-04  3.89910540e-01  6.50911967e-02  1.03792662e+02  7.69264161e+00  1.20614782e+05 -1.95610937e-01 
 1.60000000e+00  7.30800000e+03  1.85000000e+00 -8.65169623e-04  3.89910540e-01  6.50911967e-02  1.03792662e+02  7.69264161e+00  1.20614782e+05 -1.95610937e-01 
 1.61000000e+00  7.30800000e+03  1.85000000e+00 -8.75500561e-04  3.89910540e-01  6.50911967e-02  1.03792662e+02  7.69264161e+00  1.20614782e+05 -1.95610937e-01 
 1.62000000e+00  7.30800000e+03  1.85000000e+00 -8.85824685e-04  3.89910540e-01  6.50911967e-02  1.03792662e+02  7.69264161e+00  1.20614782e+05 -1.95610937e-01 
 1.63000000e+00  7.30800000e+03  1.85000000e+00 -8.96141910e-04  3.89910540e-01  6.50911967e-02  1.03792662e+02  7.69264161e+00  1.20614782e+05 -1.95610937e-01 
 1.64000000e+00  7.30800000e+03  1.85000000e+00 -9.06452154e-04  3.89910540e-01  6.50911967e-02  1.03792662e+02  7.69264161e+00  1.20614782e+05 -1.95610937e-01 
 1.65000000e+00  7.30800000e+03  1.85000000e+00 -9.16755342e-04  3.89910540e-01  6.50911967e-02  1.03792662e+02  7.69264161e+00  1.20614782e+05 -1.95610937e-01 
 1.66000000e+00  7.30800000e+03  1.85000000e+00 -9.27051399e-04  3.89910540e-01  6.50911967e-02  1.03792662e+02  7.69264161e+00  1.20614782e+05 -1.95610937e-01 
 1.67000000e+00  7.30800000e+03  1.85000000e+00 -9.37340258e-04  3.89910540e-01  6.50911967e-02  1.03792662e+02  7.69264161e+00  1.20614782e+05 -1.95610937e-01 
 1.68000000e+00  7.30800000e+03  1.85000000e+00 -9.47621855e-04  3.89910540e-01  6.50911967e-02  1.03792662e+02  7.69264161e+00  1.20614782e+05 -1.95610937e-01 
 1.69000000e+00  7.30800000e+03  1.85000000e+00 -9.57896127e-04  3.89910540e-01  6.50911967e-02  1.03792662e+02  7.69264161e+00  1.20614782e+05 -1.95610937e-01 
 1.70000000e+00  7.30800000e+03  1.85000000e+00 -9.68163017e-04  3.89910540e-01  6.50911967e-02  1.03792662e+02  7.69264161e+00  1.20614782e+05 -1.95610937e-01 
 1.71000000e+00  7.30800000e+03  1.85000000e+00 -9.78422470e-04  3.89910540e-01  6.50911967e-02  1.03792662e+02  7.69264161e+00  1.20614782e+05 -1.95610937e-01 
 1.72000000e+00  7.30800000e+03  1.85000000e+00 -9.88674434e-04  3.89910540e-01  6.50911967e-02  1.03792662e+02  7.69264161e+00  1.20614782e+05 -1.95610937e-01 
 1.73000000e+00  7.30800000e+03  1.85000000e+00 -9.98918861e-04  3.89910540e-01  6.50911967e-02  1.03792662e+02  7.69264161e+00  1.20614782e+05 -1.95610937e-01 
 1.74000000e+00  7.30800000e+03  1.85000000e+00 -1.00915570e-03  3.89910540e-01  6.50911967e-02  1.03792662e+02  7.69264161e+00  1.20614782e+05 -1.95610937e-01 
 1.75000000e+00  7.30800000e+03  1.85000000e+00 -1.01938492e-03  3.89910540e-01  6.50911967e-02  1.03792662e+02  7.69264161e+00  1.20614782e+05 -1.95610937e-01 
 1.76000000e+00  7.30800000e+03  1.85000000e+00 -1.02960647e-03  3.89910540e-01  6.50911967e-02  1.03792662e+02  7.69264161e+00  1.20614782e+05 -1.95610937e-01 
 1.77000000e+00  7.30800000e+03  1.85000000e+00 -1.03982030e-03  3.89910540e-01  6.50911967e-02  1.03792662e+02  7.69264161e+00  1.20614782e+05 -1.95610937e-01 
 1.78000000e+00  7.30800000e+03  1.85000000e+00 -1.05002640e-03  3.89910540e-01  6.50911967e-02  1.03792662e+02  7.69264161e+00  1.20614782e+05 -1.95610937e-01 
 1.79000000e+00  7.30800000e+03  1.85000000e+00 -1.06022471e-03  3.89910540e-01  6.50911967e-02  1.03792662e+02  7.69264161e+00  1.20614782e+05 -1.95610937e-01 
 1.80000000e+00  7.30800000e+03  1.85000000e+00 -1.07041521e-03  3.89910540e-01  6.50911967e-02  1.03792662e+02  7.69264161e+00  1.20614782e+05 -1.95610937e-01 
 1.81000000e+00  7.30800000e+03  1.85000000e+00 -1.08059786e-03  3.89910540e-01  6.50911967e-02  1.03792662e+02  7.69264161e+00  1.20614782e+05 -1.95610937e-01 
 1.82000000e+00  7.30800000e+03  1.85000000e+00 -1.09077264e-03  3.89910540e-01  6.50911967e-02  1.03792662e+02  7.69264161e+00  1.20614782e+05 -1.95610937e-01 
 1.83000000e+00  7.30800000e+03  1.85000000e+00 -1.10093951e-03  3.89910540e-01  6.50911967e-02  1.03792662e+02  7.69264161e+00  1.20614782e+05 -1.95610937e-01 
 1.84000000e+00  7.30800000e+03  1.85000000e+00 -1.11109846e-03  3.89910540e-01  6.50911967e-02  1.03792662e+02  7.69264161e+00  1.20614782e+05 -1.95610937e-01 
 1.85000000e+00  7.30800000e+03  1.85000000e+00 -1.12124945e-03  3.89910540e-01  6.50911967e-02  1.03792662e+02  7.69264161e+00  1.20614782e+05 -1.95610937e-01 
