 v-sweep         run_num         v(drain)        i(vds)          out_vth0        out_u0          out_rdsw        out_nfactor     out_vsat        out_eta0       
 0.00000000e+00  8.10800000e+03  1.85000000e+00 -1.85137520e-12  3.77864891e-01  6.19819212e-02  1.02551300e+02  6.78757795e+00  1.14703944e+05 -1.92823259e-01 
 1.00000000e-02  8.10800000e+03  1.85000000e+00 -1.85137520e-12  3.77864891e-01  6.19819212e-02  1.02551300e+02  6.78757795e+00  1.14703944e+05 -1.92823259e-01 
 2.00000000e-02  8.10800000e+03  1.85000000e+00 -1.85137520e-12  3.77864891e-01  6.19819212e-02  1.02551300e+02  6.78757795e+00  1.14703944e+05 -1.92823259e-01 
 3.00000000e-02  8.10800000e+03  1.85000000e+00 -1.85137520e-12  3.77864891e-01  6.19819212e-02  1.02551300e+02  6.78757795e+00  1.14703944e+05 -1.92823259e-01 
 4.00000000e-02  8.10800000e+03  1.85000000e+00 -1.85137520e-12  3.77864891e-01  6.19819212e-02  1.02551300e+02  6.78757795e+00  1.14703944e+05 -1.92823259e-01 
 5.00000000e-02  8.10800000e+03  1.85000000e+00 -1.85137520e-12  3.77864891e-01  6.19819212e-02  1.02551300e+02  6.78757795e+00  1.14703944e+05 -1.92823259e-01 
 6.00000000e-02  8.10800000e+03  1.85000000e+00 -1.85137520e-12  3.77864891e-01  6.19819212e-02  1.02551300e+02  6.78757795e+00  1.14703944e+05 -1.92823259e-01 
 7.00000000e-02  8.10800000e+03  1.85000000e+00 -1.85137521e-12  3.77864891e-01  6.19819212e-02  1.02551300e+02  6.78757795e+00  1.14703944e+05 -1.92823259e-01 
 8.00000000e-02  8.10800000e+03  1.85000000e+00 -1.85137521e-12  3.77864891e-01  6.19819212e-02  1.02551300e+02  6.78757795e+00  1.14703944e+05 -1.92823259e-01 
 9.00000000e-02  8.10800000e+03  1.85000000e+00 -1.85137522e-12  3.77864891e-01  6.19819212e-02  1.02551300e+02  6.78757795e+00  1.14703944e+05 -1.92823259e-01 
 1.00000000e-01  8.10800000e+03  1.85000000e+00 -1.85137523e-12  3.77864891e-01  6.19819212e-02  1.02551300e+02  6.78757795e+00  1.14703944e+05 -1.92823259e-01 
 1.10000000e-01  8.10800000e+03  1.85000000e+00 -1.85137526e-12  3.77864891e-01  6.19819212e-02  1.02551300e+02  6.78757795e+00  1.14703944e+05 -1.92823259e-01 
 1.20000000e-01  8.10800000e+03  1.85000000e+00 -1.85137531e-12  3.77864891e-01  6.19819212e-02  1.02551300e+02  6.78757795e+00  1.14703944e+05 -1.92823259e-01 
 1.30000000e-01  8.10800000e+03  1.85000000e+00 -1.85137541e-12  3.77864891e-01  6.19819212e-02  1.02551300e+02  6.78757795e+00  1.14703944e+05 -1.92823259e-01 
 1.40000000e-01  8.10800000e+03  1.85000000e+00 -1.85137558e-12  3.77864891e-01  6.19819212e-02  1.02551300e+02  6.78757795e+00  1.14703944e+05 -1.92823259e-01 
 1.50000000e-01  8.10800000e+03  1.85000000e+00 -1.85137590e-12  3.77864891e-01  6.19819212e-02  1.02551300e+02  6.78757795e+00  1.14703944e+05 -1.92823259e-01 
 1.60000000e-01  8.10800000e+03  1.85000000e+00 -1.85137649e-12  3.77864891e-01  6.19819212e-02  1.02551300e+02  6.78757795e+00  1.14703944e+05 -1.92823259e-01 
 1.70000000e-01  8.10800000e+03  1.85000000e+00 -1.85137757e-12  3.77864891e-01  6.19819212e-02  1.02551300e+02  6.78757795e+00  1.14703944e+05 -1.92823259e-01 
 1.80000000e-01  8.10800000e+03  1.85000000e+00 -1.85137958e-12  3.77864891e-01  6.19819212e-02  1.02551300e+02  6.78757795e+00  1.14703944e+05 -1.92823259e-01 
 1.90000000e-01  8.10800000e+03  1.85000000e+00 -1.85138327e-12  3.77864891e-01  6.19819212e-02  1.02551300e+02  6.78757795e+00  1.14703944e+05 -1.92823259e-01 
 2.00000000e-01  8.10800000e+03  1.85000000e+00 -1.85139007e-12  3.77864891e-01  6.19819212e-02  1.02551300e+02  6.78757795e+00  1.14703944e+05 -1.92823259e-01 
 2.10000000e-01  8.10800000e+03  1.85000000e+00 -1.85140262e-12  3.77864891e-01  6.19819212e-02  1.02551300e+02  6.78757795e+00  1.14703944e+05 -1.92823259e-01 
 2.20000000e-01  8.10800000e+03  1.85000000e+00 -1.85142575e-12  3.77864891e-01  6.19819212e-02  1.02551300e+02  6.78757795e+00  1.14703944e+05 -1.92823259e-01 
 2.30000000e-01  8.10800000e+03  1.85000000e+00 -1.85146839e-12  3.77864891e-01  6.19819212e-02  1.02551300e+02  6.78757795e+00  1.14703944e+05 -1.92823259e-01 
 2.40000000e-01  8.10800000e+03  1.85000000e+00 -1.85154700e-12  3.77864891e-01  6.19819212e-02  1.02551300e+02  6.78757795e+00  1.14703944e+05 -1.92823259e-01 
 2.50000000e-01  8.10800000e+03  1.85000000e+00 -1.85169190e-12  3.77864891e-01  6.19819212e-02  1.02551300e+02  6.78757795e+00  1.14703944e+05 -1.92823259e-01 
 2.60000000e-01  8.10800000e+03  1.85000000e+00 -1.85195903e-12  3.77864891e-01  6.19819212e-02  1.02551300e+02  6.78757795e+00  1.14703944e+05 -1.92823259e-01 
 2.70000000e-01  8.10800000e+03  1.85000000e+00 -1.85245148e-12  3.77864891e-01  6.19819212e-02  1.02551300e+02  6.78757795e+00  1.14703944e+05 -1.92823259e-01 
 2.80000000e-01  8.10800000e+03  1.85000000e+00 -1.85335928e-12  3.77864891e-01  6.19819212e-02  1.02551300e+02  6.78757795e+00  1.14703944e+05 -1.92823259e-01 
 2.90000000e-01  8.10800000e+03  1.85000000e+00 -1.85503276e-12  3.77864891e-01  6.19819212e-02  1.02551300e+02  6.78757795e+00  1.14703944e+05 -1.92823259e-01 
 3.00000000e-01  8.10800000e+03  1.85000000e+00 -1.85811770e-12  3.77864891e-01  6.19819212e-02  1.02551300e+02  6.78757795e+00  1.14703944e+05 -1.92823259e-01 
 3.10000000e-01  8.10800000e+03  1.85000000e+00 -1.86380448e-12  3.77864891e-01  6.19819212e-02  1.02551300e+02  6.78757795e+00  1.14703944e+05 -1.92823259e-01 
 3.20000000e-01  8.10800000e+03  1.85000000e+00 -1.87428735e-12  3.77864891e-01  6.19819212e-02  1.02551300e+02  6.78757795e+00  1.14703944e+05 -1.92823259e-01 
 3.30000000e-01  8.10800000e+03  1.85000000e+00 -1.89361074e-12  3.77864891e-01  6.19819212e-02  1.02551300e+02  6.78757795e+00  1.14703944e+05 -1.92823259e-01 
 3.40000000e-01  8.10800000e+03  1.85000000e+00 -1.92922905e-12  3.77864891e-01  6.19819212e-02  1.02551300e+02  6.78757795e+00  1.14703944e+05 -1.92823259e-01 
 3.50000000e-01  8.10800000e+03  1.85000000e+00 -1.99488064e-12  3.77864891e-01  6.19819212e-02  1.02551300e+02  6.78757795e+00  1.14703944e+05 -1.92823259e-01 
 3.60000000e-01  8.10800000e+03  1.85000000e+00 -2.11588261e-12  3.77864891e-01  6.19819212e-02  1.02551300e+02  6.78757795e+00  1.14703944e+05 -1.92823259e-01 
 3.70000000e-01  8.10800000e+03  1.85000000e+00 -2.33888331e-12  3.77864891e-01  6.19819212e-02  1.02551300e+02  6.78757795e+00  1.14703944e+05 -1.92823259e-01 
 3.80000000e-01  8.10800000e+03  1.85000000e+00 -2.74981973e-12  3.77864891e-01  6.19819212e-02  1.02551300e+02  6.78757795e+00  1.14703944e+05 -1.92823259e-01 
 3.90000000e-01  8.10800000e+03  1.85000000e+00 -3.50696901e-12  3.77864891e-01  6.19819212e-02  1.02551300e+02  6.78757795e+00  1.14703944e+05 -1.92823259e-01 
 4.00000000e-01  8.10800000e+03  1.85000000e+00 -4.90174644e-12  3.77864891e-01  6.19819212e-02  1.02551300e+02  6.78757795e+00  1.14703944e+05 -1.92823259e-01 
 4.10000000e-01  8.10800000e+03  1.85000000e+00 -7.47045678e-12  3.77864891e-01  6.19819212e-02  1.02551300e+02  6.78757795e+00  1.14703944e+05 -1.92823259e-01 
 4.20000000e-01  8.10800000e+03  1.85000000e+00 -1.21994859e-11  3.77864891e-01  6.19819212e-02  1.02551300e+02  6.78757795e+00  1.14703944e+05 -1.92823259e-01 
 4.30000000e-01  8.10800000e+03  1.85000000e+00 -2.09015273e-11  3.77864891e-01  6.19819212e-02  1.02551300e+02  6.78757795e+00  1.14703944e+05 -1.92823259e-01 
 4.40000000e-01  8.10800000e+03  1.85000000e+00 -3.69040806e-11  3.77864891e-01  6.19819212e-02  1.02551300e+02  6.78757795e+00  1.14703944e+05 -1.92823259e-01 
 4.50000000e-01  8.10800000e+03  1.85000000e+00 -6.63061333e-11  3.77864891e-01  6.19819212e-02  1.02551300e+02  6.78757795e+00  1.14703944e+05 -1.92823259e-01 
 4.60000000e-01  8.10800000e+03  1.85000000e+00 -1.20263861e-10  3.77864891e-01  6.19819212e-02  1.02551300e+02  6.78757795e+00  1.14703944e+05 -1.92823259e-01 
 4.70000000e-01  8.10800000e+03  1.85000000e+00 -2.19128258e-10  3.77864891e-01  6.19819212e-02  1.02551300e+02  6.78757795e+00  1.14703944e+05 -1.92823259e-01 
 4.80000000e-01  8.10800000e+03  1.85000000e+00 -3.99887478e-10  3.77864891e-01  6.19819212e-02  1.02551300e+02  6.78757795e+00  1.14703944e+05 -1.92823259e-01 
 4.90000000e-01  8.10800000e+03  1.85000000e+00 -7.29439148e-10  3.77864891e-01  6.19819212e-02  1.02551300e+02  6.78757795e+00  1.14703944e+05 -1.92823259e-01 
 5.00000000e-01  8.10800000e+03  1.85000000e+00 -1.32799033e-09  3.77864891e-01  6.19819212e-02  1.02551300e+02  6.78757795e+00  1.14703944e+05 -1.92823259e-01 
 5.10000000e-01  8.10800000e+03  1.85000000e+00 -2.40969173e-09  3.77864891e-01  6.19819212e-02  1.02551300e+02  6.78757795e+00  1.14703944e+05 -1.92823259e-01 
 5.20000000e-01  8.10800000e+03  1.85000000e+00 -4.35180500e-09  3.77864891e-01  6.19819212e-02  1.02551300e+02  6.78757795e+00  1.14703944e+05 -1.92823259e-01 
 5.30000000e-01  8.10800000e+03  1.85000000e+00 -7.80942866e-09  3.77864891e-01  6.19819212e-02  1.02551300e+02  6.78757795e+00  1.14703944e+05 -1.92823259e-01 
 5.40000000e-01  8.10800000e+03  1.85000000e+00 -1.38996193e-08  3.77864891e-01  6.19819212e-02  1.02551300e+02  6.78757795e+00  1.14703944e+05 -1.92823259e-01 
 5.50000000e-01  8.10800000e+03  1.85000000e+00 -2.44850897e-08  3.77864891e-01  6.19819212e-02  1.02551300e+02  6.78757795e+00  1.14703944e+05 -1.92823259e-01 
 5.60000000e-01  8.10800000e+03  1.85000000e+00 -4.25908630e-08  3.77864891e-01  6.19819212e-02  1.02551300e+02  6.78757795e+00  1.14703944e+05 -1.92823259e-01 
 5.70000000e-01  8.10800000e+03  1.85000000e+00 -7.29851493e-08  3.77864891e-01  6.19819212e-02  1.02551300e+02  6.78757795e+00  1.14703944e+05 -1.92823259e-01 
 5.80000000e-01  8.10800000e+03  1.85000000e+00 -1.22950645e-07  3.77864891e-01  6.19819212e-02  1.02551300e+02  6.78757795e+00  1.14703944e+05 -1.92823259e-01 
 5.90000000e-01  8.10800000e+03  1.85000000e+00 -2.03274278e-07  3.77864891e-01  6.19819212e-02  1.02551300e+02  6.78757795e+00  1.14703944e+05 -1.92823259e-01 
 6.00000000e-01  8.10800000e+03  1.85000000e+00 -3.29500632e-07  3.77864891e-01  6.19819212e-02  1.02551300e+02  6.78757795e+00  1.14703944e+05 -1.92823259e-01 
 6.10000000e-01  8.10800000e+03  1.85000000e+00 -5.23505458e-07  3.77864891e-01  6.19819212e-02  1.02551300e+02  6.78757795e+00  1.14703944e+05 -1.92823259e-01 
 6.20000000e-01  8.10800000e+03  1.85000000e+00 -8.15372910e-07  3.77864891e-01  6.19819212e-02  1.02551300e+02  6.78757795e+00  1.14703944e+05 -1.92823259e-01 
 6.30000000e-01  8.10800000e+03  1.85000000e+00 -1.24530449e-06  3.77864891e-01  6.19819212e-02  1.02551300e+02  6.78757795e+00  1.14703944e+05 -1.92823259e-01 
 6.40000000e-01  8.10800000e+03  1.85000000e+00 -1.86485345e-06  3.77864891e-01  6.19819212e-02  1.02551300e+02  6.78757795e+00  1.14703944e+05 -1.92823259e-01 
 6.50000000e-01  8.10800000e+03  1.85000000e+00 -2.73639467e-06  3.77864891e-01  6.19819212e-02  1.02551300e+02  6.78757795e+00  1.14703944e+05 -1.92823259e-01 
 6.60000000e-01  8.10800000e+03  1.85000000e+00 -3.92981325e-06  3.77864891e-01  6.19819212e-02  1.02551300e+02  6.78757795e+00  1.14703944e+05 -1.92823259e-01 
 6.70000000e-01  8.10800000e+03  1.85000000e+00 -5.51621245e-06  3.77864891e-01  6.19819212e-02  1.02551300e+02  6.78757795e+00  1.14703944e+05 -1.92823259e-01 
 6.80000000e-01  8.10800000e+03  1.85000000e+00 -7.55978570e-06  3.77864891e-01  6.19819212e-02  1.02551300e+02  6.78757795e+00  1.14703944e+05 -1.92823259e-01 
 6.90000000e-01  8.10800000e+03  1.85000000e+00 -1.01100872e-05  3.77864891e-01  6.19819212e-02  1.02551300e+02  6.78757795e+00  1.14703944e+05 -1.92823259e-01 
 7.00000000e-01  8.10800000e+03  1.85000000e+00 -1.31969716e-05  3.77864891e-01  6.19819212e-02  1.02551300e+02  6.78757795e+00  1.14703944e+05 -1.92823259e-01 
 7.10000000e-01  8.10800000e+03  1.85000000e+00 -1.68293745e-05  3.77864891e-01  6.19819212e-02  1.02551300e+02  6.78757795e+00  1.14703944e+05 -1.92823259e-01 
 7.20000000e-01  8.10800000e+03  1.85000000e+00 -2.09976077e-05  3.77864891e-01  6.19819212e-02  1.02551300e+02  6.78757795e+00  1.14703944e+05 -1.92823259e-01 
 7.30000000e-01  8.10800000e+03  1.85000000e+00 -2.56778172e-05  3.77864891e-01  6.19819212e-02  1.02551300e+02  6.78757795e+00  1.14703944e+05 -1.92823259e-01 
 7.40000000e-01  8.10800000e+03  1.85000000e+00 -3.08370550e-05  3.77864891e-01  6.19819212e-02  1.02551300e+02  6.78757795e+00  1.14703944e+05 -1.92823259e-01 
 7.50000000e-01  8.10800000e+03  1.85000000e+00 -3.64378232e-05  3.77864891e-01  6.19819212e-02  1.02551300e+02  6.78757795e+00  1.14703944e+05 -1.92823259e-01 
 7.60000000e-01  8.10800000e+03  1.85000000e+00 -4.24415359e-05  3.77864891e-01  6.19819212e-02  1.02551300e+02  6.78757795e+00  1.14703944e+05 -1.92823259e-01 
 7.70000000e-01  8.10800000e+03  1.85000000e+00 -4.88108160e-05  3.77864891e-01  6.19819212e-02  1.02551300e+02  6.78757795e+00  1.14703944e+05 -1.92823259e-01 
 7.80000000e-01  8.10800000e+03  1.85000000e+00 -5.55108088e-05  3.77864891e-01  6.19819212e-02  1.02551300e+02  6.78757795e+00  1.14703944e+05 -1.92823259e-01 
 7.90000000e-01  8.10800000e+03  1.85000000e+00 -6.25097778e-05  3.77864891e-01  6.19819212e-02  1.02551300e+02  6.78757795e+00  1.14703944e+05 -1.92823259e-01 
 8.00000000e-01  8.10800000e+03  1.85000000e+00 -6.97792357e-05  3.77864891e-01  6.19819212e-02  1.02551300e+02  6.78757795e+00  1.14703944e+05 -1.92823259e-01 
 8.10000000e-01  8.10800000e+03  1.85000000e+00 -7.72938085e-05  3.77864891e-01  6.19819212e-02  1.02551300e+02  6.78757795e+00  1.14703944e+05 -1.92823259e-01 
 8.20000000e-01  8.10800000e+03  1.85000000e+00 -8.50309658e-05  3.77864891e-01  6.19819212e-02  1.02551300e+02  6.78757795e+00  1.14703944e+05 -1.92823259e-01 
 8.30000000e-01  8.10800000e+03  1.85000000e+00 -9.29707042e-05  3.77864891e-01  6.19819212e-02  1.02551300e+02  6.78757795e+00  1.14703944e+05 -1.92823259e-01 
 8.40000000e-01  8.10800000e+03  1.85000000e+00 -1.01095231e-04  3.77864891e-01  6.19819212e-02  1.02551300e+02  6.78757795e+00  1.14703944e+05 -1.92823259e-01 
 8.50000000e-01  8.10800000e+03  1.85000000e+00 -1.09388671e-04  3.77864891e-01  6.19819212e-02  1.02551300e+02  6.78757795e+00  1.14703944e+05 -1.92823259e-01 
 8.60000000e-01  8.10800000e+03  1.85000000e+00 -1.17836811e-04  3.77864891e-01  6.19819212e-02  1.02551300e+02  6.78757795e+00  1.14703944e+05 -1.92823259e-01 
 8.70000000e-01  8.10800000e+03  1.85000000e+00 -1.26426878e-04  3.77864891e-01  6.19819212e-02  1.02551300e+02  6.78757795e+00  1.14703944e+05 -1.92823259e-01 
 8.80000000e-01  8.10800000e+03  1.85000000e+00 -1.35147348e-04  3.77864891e-01  6.19819212e-02  1.02551300e+02  6.78757795e+00  1.14703944e+05 -1.92823259e-01 
 8.90000000e-01  8.10800000e+03  1.85000000e+00 -1.43987794e-04  3.77864891e-01  6.19819212e-02  1.02551300e+02  6.78757795e+00  1.14703944e+05 -1.92823259e-01 
 9.00000000e-01  8.10800000e+03  1.85000000e+00 -1.52938745e-04  3.77864891e-01  6.19819212e-02  1.02551300e+02  6.78757795e+00  1.14703944e+05 -1.92823259e-01 
 9.10000000e-01  8.10800000e+03  1.85000000e+00 -1.61991580e-04  3.77864891e-01  6.19819212e-02  1.02551300e+02  6.78757795e+00  1.14703944e+05 -1.92823259e-01 
 9.20000000e-01  8.10800000e+03  1.85000000e+00 -1.71138429e-04  3.77864891e-01  6.19819212e-02  1.02551300e+02  6.78757795e+00  1.14703944e+05 -1.92823259e-01 
 9.30000000e-01  8.10800000e+03  1.85000000e+00 -1.80372091e-04  3.77864891e-01  6.19819212e-02  1.02551300e+02  6.78757795e+00  1.14703944e+05 -1.92823259e-01 
 9.40000000e-01  8.10800000e+03  1.85000000e+00 -1.89685968e-04  3.77864891e-01  6.19819212e-02  1.02551300e+02  6.78757795e+00  1.14703944e+05 -1.92823259e-01 
 9.50000000e-01  8.10800000e+03  1.85000000e+00 -1.99073998e-04  3.77864891e-01  6.19819212e-02  1.02551300e+02  6.78757795e+00  1.14703944e+05 -1.92823259e-01 
 9.60000000e-01  8.10800000e+03  1.85000000e+00 -2.08530608e-04  3.77864891e-01  6.19819212e-02  1.02551300e+02  6.78757795e+00  1.14703944e+05 -1.92823259e-01 
 9.70000000e-01  8.10800000e+03  1.85000000e+00 -2.18050658e-04  3.77864891e-01  6.19819212e-02  1.02551300e+02  6.78757795e+00  1.14703944e+05 -1.92823259e-01 
 9.80000000e-01  8.10800000e+03  1.85000000e+00 -2.27629413e-04  3.77864891e-01  6.19819212e-02  1.02551300e+02  6.78757795e+00  1.14703944e+05 -1.92823259e-01 
 9.90000000e-01  8.10800000e+03  1.85000000e+00 -2.37262499e-04  3.77864891e-01  6.19819212e-02  1.02551300e+02  6.78757795e+00  1.14703944e+05 -1.92823259e-01 
 1.00000000e+00  8.10800000e+03  1.85000000e+00 -2.46945870e-04  3.77864891e-01  6.19819212e-02  1.02551300e+02  6.78757795e+00  1.14703944e+05 -1.92823259e-01 
 1.01000000e+00  8.10800000e+03  1.85000000e+00 -2.56675785e-04  3.77864891e-01  6.19819212e-02  1.02551300e+02  6.78757795e+00  1.14703944e+05 -1.92823259e-01 
 1.02000000e+00  8.10800000e+03  1.85000000e+00 -2.66448772e-04  3.77864891e-01  6.19819212e-02  1.02551300e+02  6.78757795e+00  1.14703944e+05 -1.92823259e-01 
 1.03000000e+00  8.10800000e+03  1.85000000e+00 -2.76261616e-04  3.77864891e-01  6.19819212e-02  1.02551300e+02  6.78757795e+00  1.14703944e+05 -1.92823259e-01 
 1.04000000e+00  8.10800000e+03  1.85000000e+00 -2.86111326e-04  3.77864891e-01  6.19819212e-02  1.02551300e+02  6.78757795e+00  1.14703944e+05 -1.92823259e-01 
 1.05000000e+00  8.10800000e+03  1.85000000e+00 -2.95995127e-04  3.77864891e-01  6.19819212e-02  1.02551300e+02  6.78757795e+00  1.14703944e+05 -1.92823259e-01 
 1.06000000e+00  8.10800000e+03  1.85000000e+00 -3.05910433e-04  3.77864891e-01  6.19819212e-02  1.02551300e+02  6.78757795e+00  1.14703944e+05 -1.92823259e-01 
 1.07000000e+00  8.10800000e+03  1.85000000e+00 -3.15854840e-04  3.77864891e-01  6.19819212e-02  1.02551300e+02  6.78757795e+00  1.14703944e+05 -1.92823259e-01 
 1.08000000e+00  8.10800000e+03  1.85000000e+00 -3.25826104e-04  3.77864891e-01  6.19819212e-02  1.02551300e+02  6.78757795e+00  1.14703944e+05 -1.92823259e-01 
 1.09000000e+00  8.10800000e+03  1.85000000e+00 -3.35822135e-04  3.77864891e-01  6.19819212e-02  1.02551300e+02  6.78757795e+00  1.14703944e+05 -1.92823259e-01 
 1.10000000e+00  8.10800000e+03  1.85000000e+00 -3.45840978e-04  3.77864891e-01  6.19819212e-02  1.02551300e+02  6.78757795e+00  1.14703944e+05 -1.92823259e-01 
 1.11000000e+00  8.10800000e+03  1.85000000e+00 -3.55880809e-04  3.77864891e-01  6.19819212e-02  1.02551300e+02  6.78757795e+00  1.14703944e+05 -1.92823259e-01 
 1.12000000e+00  8.10800000e+03  1.85000000e+00 -3.65939921e-04  3.77864891e-01  6.19819212e-02  1.02551300e+02  6.78757795e+00  1.14703944e+05 -1.92823259e-01 
 1.13000000e+00  8.10800000e+03  1.85000000e+00 -3.76016719e-04  3.77864891e-01  6.19819212e-02  1.02551300e+02  6.78757795e+00  1.14703944e+05 -1.92823259e-01 
 1.14000000e+00  8.10800000e+03  1.85000000e+00 -3.86109706e-04  3.77864891e-01  6.19819212e-02  1.02551300e+02  6.78757795e+00  1.14703944e+05 -1.92823259e-01 
 1.15000000e+00  8.10800000e+03  1.85000000e+00 -3.96217480e-04  3.77864891e-01  6.19819212e-02  1.02551300e+02  6.78757795e+00  1.14703944e+05 -1.92823259e-01 
 1.16000000e+00  8.10800000e+03  1.85000000e+00 -4.06338728e-04  3.77864891e-01  6.19819212e-02  1.02551300e+02  6.78757795e+00  1.14703944e+05 -1.92823259e-01 
 1.17000000e+00  8.10800000e+03  1.85000000e+00 -4.16472215e-04  3.77864891e-01  6.19819212e-02  1.02551300e+02  6.78757795e+00  1.14703944e+05 -1.92823259e-01 
 1.18000000e+00  8.10800000e+03  1.85000000e+00 -4.26616783e-04  3.77864891e-01  6.19819212e-02  1.02551300e+02  6.78757795e+00  1.14703944e+05 -1.92823259e-01 
 1.19000000e+00  8.10800000e+03  1.85000000e+00 -4.36771344e-04  3.77864891e-01  6.19819212e-02  1.02551300e+02  6.78757795e+00  1.14703944e+05 -1.92823259e-01 
 1.20000000e+00  8.10800000e+03  1.85000000e+00 -4.46934873e-04  3.77864891e-01  6.19819212e-02  1.02551300e+02  6.78757795e+00  1.14703944e+05 -1.92823259e-01 
 1.21000000e+00  8.10800000e+03  1.85000000e+00 -4.57106407e-04  3.77864891e-01  6.19819212e-02  1.02551300e+02  6.78757795e+00  1.14703944e+05 -1.92823259e-01 
 1.22000000e+00  8.10800000e+03  1.85000000e+00 -4.67285041e-04  3.77864891e-01  6.19819212e-02  1.02551300e+02  6.78757795e+00  1.14703944e+05 -1.92823259e-01 
 1.23000000e+00  8.10800000e+03  1.85000000e+00 -4.77469921e-04  3.77864891e-01  6.19819212e-02  1.02551300e+02  6.78757795e+00  1.14703944e+05 -1.92823259e-01 
 1.24000000e+00  8.10800000e+03  1.85000000e+00 -4.87660241e-04  3.77864891e-01  6.19819212e-02  1.02551300e+02  6.78757795e+00  1.14703944e+05 -1.92823259e-01 
 1.25000000e+00  8.10800000e+03  1.85000000e+00 -4.97855244e-04  3.77864891e-01  6.19819212e-02  1.02551300e+02  6.78757795e+00  1.14703944e+05 -1.92823259e-01 
 1.26000000e+00  8.10800000e+03  1.85000000e+00 -5.08054214e-04  3.77864891e-01  6.19819212e-02  1.02551300e+02  6.78757795e+00  1.14703944e+05 -1.92823259e-01 
 1.27000000e+00  8.10800000e+03  1.85000000e+00 -5.18256476e-04  3.77864891e-01  6.19819212e-02  1.02551300e+02  6.78757795e+00  1.14703944e+05 -1.92823259e-01 
 1.28000000e+00  8.10800000e+03  1.85000000e+00 -5.28461394e-04  3.77864891e-01  6.19819212e-02  1.02551300e+02  6.78757795e+00  1.14703944e+05 -1.92823259e-01 
 1.29000000e+00  8.10800000e+03  1.85000000e+00 -5.38668364e-04  3.77864891e-01  6.19819212e-02  1.02551300e+02  6.78757795e+00  1.14703944e+05 -1.92823259e-01 
 1.30000000e+00  8.10800000e+03  1.85000000e+00 -5.48876820e-04  3.77864891e-01  6.19819212e-02  1.02551300e+02  6.78757795e+00  1.14703944e+05 -1.92823259e-01 
 1.31000000e+00  8.10800000e+03  1.85000000e+00 -5.59086223e-04  3.77864891e-01  6.19819212e-02  1.02551300e+02  6.78757795e+00  1.14703944e+05 -1.92823259e-01 
 1.32000000e+00  8.10800000e+03  1.85000000e+00 -5.69296066e-04  3.77864891e-01  6.19819212e-02  1.02551300e+02  6.78757795e+00  1.14703944e+05 -1.92823259e-01 
 1.33000000e+00  8.10800000e+03  1.85000000e+00 -5.79505868e-04  3.77864891e-01  6.19819212e-02  1.02551300e+02  6.78757795e+00  1.14703944e+05 -1.92823259e-01 
 1.34000000e+00  8.10800000e+03  1.85000000e+00 -5.89715175e-04  3.77864891e-01  6.19819212e-02  1.02551300e+02  6.78757795e+00  1.14703944e+05 -1.92823259e-01 
 1.35000000e+00  8.10800000e+03  1.85000000e+00 -5.99923557e-04  3.77864891e-01  6.19819212e-02  1.02551300e+02  6.78757795e+00  1.14703944e+05 -1.92823259e-01 
 1.36000000e+00  8.10800000e+03  1.85000000e+00 -6.10130607e-04  3.77864891e-01  6.19819212e-02  1.02551300e+02  6.78757795e+00  1.14703944e+05 -1.92823259e-01 
 1.37000000e+00  8.10800000e+03  1.85000000e+00 -6.20335940e-04  3.77864891e-01  6.19819212e-02  1.02551300e+02  6.78757795e+00  1.14703944e+05 -1.92823259e-01 
 1.38000000e+00  8.10800000e+03  1.85000000e+00 -6.30539191e-04  3.77864891e-01  6.19819212e-02  1.02551300e+02  6.78757795e+00  1.14703944e+05 -1.92823259e-01 
 1.39000000e+00  8.10800000e+03  1.85000000e+00 -6.40740014e-04  3.77864891e-01  6.19819212e-02  1.02551300e+02  6.78757795e+00  1.14703944e+05 -1.92823259e-01 
 1.40000000e+00  8.10800000e+03  1.85000000e+00 -6.50938082e-04  3.77864891e-01  6.19819212e-02  1.02551300e+02  6.78757795e+00  1.14703944e+05 -1.92823259e-01 
 1.41000000e+00  8.10800000e+03  1.85000000e+00 -6.61133085e-04  3.77864891e-01  6.19819212e-02  1.02551300e+02  6.78757795e+00  1.14703944e+05 -1.92823259e-01 
 1.42000000e+00  8.10800000e+03  1.85000000e+00 -6.71324729e-04  3.77864891e-01  6.19819212e-02  1.02551300e+02  6.78757795e+00  1.14703944e+05 -1.92823259e-01 
 1.43000000e+00  8.10800000e+03  1.85000000e+00 -6.81512734e-04  3.77864891e-01  6.19819212e-02  1.02551300e+02  6.78757795e+00  1.14703944e+05 -1.92823259e-01 
 1.44000000e+00  8.10800000e+03  1.85000000e+00 -6.91696838e-04  3.77864891e-01  6.19819212e-02  1.02551300e+02  6.78757795e+00  1.14703944e+05 -1.92823259e-01 
 1.45000000e+00  8.10800000e+03  1.85000000e+00 -7.01876789e-04  3.77864891e-01  6.19819212e-02  1.02551300e+02  6.78757795e+00  1.14703944e+05 -1.92823259e-01 
 1.46000000e+00  8.10800000e+03  1.85000000e+00 -7.12052350e-04  3.77864891e-01  6.19819212e-02  1.02551300e+02  6.78757795e+00  1.14703944e+05 -1.92823259e-01 
 1.47000000e+00  8.10800000e+03  1.85000000e+00 -7.22223295e-04  3.77864891e-01  6.19819212e-02  1.02551300e+02  6.78757795e+00  1.14703944e+05 -1.92823259e-01 
 1.48000000e+00  8.10800000e+03  1.85000000e+00 -7.32389411e-04  3.77864891e-01  6.19819212e-02  1.02551300e+02  6.78757795e+00  1.14703944e+05 -1.92823259e-01 
 1.49000000e+00  8.10800000e+03  1.85000000e+00 -7.42550496e-04  3.77864891e-01  6.19819212e-02  1.02551300e+02  6.78757795e+00  1.14703944e+05 -1.92823259e-01 
 1.50000000e+00  8.10800000e+03  1.85000000e+00 -7.52706356e-04  3.77864891e-01  6.19819212e-02  1.02551300e+02  6.78757795e+00  1.14703944e+05 -1.92823259e-01 
 1.51000000e+00  8.10800000e+03  1.85000000e+00 -7.62856810e-04  3.77864891e-01  6.19819212e-02  1.02551300e+02  6.78757795e+00  1.14703944e+05 -1.92823259e-01 
 1.52000000e+00  8.10800000e+03  1.85000000e+00 -7.73001685e-04  3.77864891e-01  6.19819212e-02  1.02551300e+02  6.78757795e+00  1.14703944e+05 -1.92823259e-01 
 1.53000000e+00  8.10800000e+03  1.85000000e+00 -7.83140816e-04  3.77864891e-01  6.19819212e-02  1.02551300e+02  6.78757795e+00  1.14703944e+05 -1.92823259e-01 
 1.54000000e+00  8.10800000e+03  1.85000000e+00 -7.93274047e-04  3.77864891e-01  6.19819212e-02  1.02551300e+02  6.78757795e+00  1.14703944e+05 -1.92823259e-01 
 1.55000000e+00  8.10800000e+03  1.85000000e+00 -8.03401230e-04  3.77864891e-01  6.19819212e-02  1.02551300e+02  6.78757795e+00  1.14703944e+05 -1.92823259e-01 
 1.56000000e+00  8.10800000e+03  1.85000000e+00 -8.13522226e-04  3.77864891e-01  6.19819212e-02  1.02551300e+02  6.78757795e+00  1.14703944e+05 -1.92823259e-01 
 1.57000000e+00  8.10800000e+03  1.85000000e+00 -8.23636901e-04  3.77864891e-01  6.19819212e-02  1.02551300e+02  6.78757795e+00  1.14703944e+05 -1.92823259e-01 
 1.58000000e+00  8.10800000e+03  1.85000000e+00 -8.33745129e-04  3.77864891e-01  6.19819212e-02  1.02551300e+02  6.78757795e+00  1.14703944e+05 -1.92823259e-01 
 1.59000000e+00  8.10800000e+03  1.85000000e+00 -8.43846789e-04  3.77864891e-01  6.19819212e-02  1.02551300e+02  6.78757795e+00  1.14703944e+05 -1.92823259e-01 
 1.60000000e+00  8.10800000e+03  1.85000000e+00 -8.53941767e-04  3.77864891e-01  6.19819212e-02  1.02551300e+02  6.78757795e+00  1.14703944e+05 -1.92823259e-01 
 1.61000000e+00  8.10800000e+03  1.85000000e+00 -8.64029956e-04  3.77864891e-01  6.19819212e-02  1.02551300e+02  6.78757795e+00  1.14703944e+05 -1.92823259e-01 
 1.62000000e+00  8.10800000e+03  1.85000000e+00 -8.74111253e-04  3.77864891e-01  6.19819212e-02  1.02551300e+02  6.78757795e+00  1.14703944e+05 -1.92823259e-01 
 1.63000000e+00  8.10800000e+03  1.85000000e+00 -8.84185561e-04  3.77864891e-01  6.19819212e-02  1.02551300e+02  6.78757795e+00  1.14703944e+05 -1.92823259e-01 
 1.64000000e+00  8.10800000e+03  1.85000000e+00 -8.94252786e-04  3.77864891e-01  6.19819212e-02  1.02551300e+02  6.78757795e+00  1.14703944e+05 -1.92823259e-01 
 1.65000000e+00  8.10800000e+03  1.85000000e+00 -9.04312841e-04  3.77864891e-01  6.19819212e-02  1.02551300e+02  6.78757795e+00  1.14703944e+05 -1.92823259e-01 
 1.66000000e+00  8.10800000e+03  1.85000000e+00 -9.14365643e-04  3.77864891e-01  6.19819212e-02  1.02551300e+02  6.78757795e+00  1.14703944e+05 -1.92823259e-01 
 1.67000000e+00  8.10800000e+03  1.85000000e+00 -9.24411113e-04  3.77864891e-01  6.19819212e-02  1.02551300e+02  6.78757795e+00  1.14703944e+05 -1.92823259e-01 
 1.68000000e+00  8.10800000e+03  1.85000000e+00 -9.34449175e-04  3.77864891e-01  6.19819212e-02  1.02551300e+02  6.78757795e+00  1.14703944e+05 -1.92823259e-01 
 1.69000000e+00  8.10800000e+03  1.85000000e+00 -9.44479757e-04  3.77864891e-01  6.19819212e-02  1.02551300e+02  6.78757795e+00  1.14703944e+05 -1.92823259e-01 
 1.70000000e+00  8.10800000e+03  1.85000000e+00 -9.54502793e-04  3.77864891e-01  6.19819212e-02  1.02551300e+02  6.78757795e+00  1.14703944e+05 -1.92823259e-01 
 1.71000000e+00  8.10800000e+03  1.85000000e+00 -9.64518217e-04  3.77864891e-01  6.19819212e-02  1.02551300e+02  6.78757795e+00  1.14703944e+05 -1.92823259e-01 
 1.72000000e+00  8.10800000e+03  1.85000000e+00 -9.74525968e-04  3.77864891e-01  6.19819212e-02  1.02551300e+02  6.78757795e+00  1.14703944e+05 -1.92823259e-01 
 1.73000000e+00  8.10800000e+03  1.85000000e+00 -9.84525989e-04  3.77864891e-01  6.19819212e-02  1.02551300e+02  6.78757795e+00  1.14703944e+05 -1.92823259e-01 
 1.74000000e+00  8.10800000e+03  1.85000000e+00 -9.94518223e-04  3.77864891e-01  6.19819212e-02  1.02551300e+02  6.78757795e+00  1.14703944e+05 -1.92823259e-01 
 1.75000000e+00  8.10800000e+03  1.85000000e+00 -1.00450262e-03  3.77864891e-01  6.19819212e-02  1.02551300e+02  6.78757795e+00  1.14703944e+05 -1.92823259e-01 
 1.76000000e+00  8.10800000e+03  1.85000000e+00 -1.01447913e-03  3.77864891e-01  6.19819212e-02  1.02551300e+02  6.78757795e+00  1.14703944e+05 -1.92823259e-01 
 1.77000000e+00  8.10800000e+03  1.85000000e+00 -1.02444770e-03  3.77864891e-01  6.19819212e-02  1.02551300e+02  6.78757795e+00  1.14703944e+05 -1.92823259e-01 
 1.78000000e+00  8.10800000e+03  1.85000000e+00 -1.03440828e-03  3.77864891e-01  6.19819212e-02  1.02551300e+02  6.78757795e+00  1.14703944e+05 -1.92823259e-01 
 1.79000000e+00  8.10800000e+03  1.85000000e+00 -1.04436085e-03  3.77864891e-01  6.19819212e-02  1.02551300e+02  6.78757795e+00  1.14703944e+05 -1.92823259e-01 
 1.80000000e+00  8.10800000e+03  1.85000000e+00 -1.05430535e-03  3.77864891e-01  6.19819212e-02  1.02551300e+02  6.78757795e+00  1.14703944e+05 -1.92823259e-01 
 1.81000000e+00  8.10800000e+03  1.85000000e+00 -1.06424174e-03  3.77864891e-01  6.19819212e-02  1.02551300e+02  6.78757795e+00  1.14703944e+05 -1.92823259e-01 
 1.82000000e+00  8.10800000e+03  1.85000000e+00 -1.07416999e-03  3.77864891e-01  6.19819212e-02  1.02551300e+02  6.78757795e+00  1.14703944e+05 -1.92823259e-01 
 1.83000000e+00  8.10800000e+03  1.85000000e+00 -1.08409007e-03  3.77864891e-01  6.19819212e-02  1.02551300e+02  6.78757795e+00  1.14703944e+05 -1.92823259e-01 
 1.84000000e+00  8.10800000e+03  1.85000000e+00 -1.09400193e-03  3.77864891e-01  6.19819212e-02  1.02551300e+02  6.78757795e+00  1.14703944e+05 -1.92823259e-01 
 1.85000000e+00  8.10800000e+03  1.85000000e+00 -1.10390555e-03  3.77864891e-01  6.19819212e-02  1.02551300e+02  6.78757795e+00  1.14703944e+05 -1.92823259e-01 
