 0.00000000e+00  1.48000000e+00  0.00000000e+00  1.48148160e-12  1.24801841e+00  1.82686143e+00  8.93175117e-01  1.65967626e+00  3.02923413e+01  1.45902802e+00  5.31840617e+00 
 1.00000000e-02  1.48000000e+00  1.00000000e-02  1.48148160e-12  1.24801841e+00  1.82686143e+00  8.93175117e-01  1.65967626e+00  3.02923413e+01  1.45902802e+00  5.31840617e+00 
 2.00000000e-02  1.48000000e+00  2.00000000e-02  1.48148160e-12  1.24801841e+00  1.82686143e+00  8.93175117e-01  1.65967626e+00  3.02923413e+01  1.45902802e+00  5.31840617e+00 
 3.00000000e-02  1.48000000e+00  3.00000000e-02  1.48148160e-12  1.24801841e+00  1.82686143e+00  8.93175117e-01  1.65967626e+00  3.02923413e+01  1.45902802e+00  5.31840617e+00 
 4.00000000e-02  1.48000000e+00  4.00000000e-02  1.48148160e-12  1.24801841e+00  1.82686143e+00  8.93175117e-01  1.65967626e+00  3.02923413e+01  1.45902802e+00  5.31840617e+00 
 5.00000000e-02  1.48000000e+00  5.00000000e-02  1.48148160e-12  1.24801841e+00  1.82686143e+00  8.93175117e-01  1.65967626e+00  3.02923413e+01  1.45902802e+00  5.31840617e+00 
 6.00000000e-02  1.48000000e+00  6.00000000e-02  1.48148160e-12  1.24801841e+00  1.82686143e+00  8.93175117e-01  1.65967626e+00  3.02923413e+01  1.45902802e+00  5.31840617e+00 
 7.00000000e-02  1.48000000e+00  7.00000000e-02  1.48148160e-12  1.24801841e+00  1.82686143e+00  8.93175117e-01  1.65967626e+00  3.02923413e+01  1.45902802e+00  5.31840617e+00 
 8.00000000e-02  1.48000000e+00  8.00000000e-02  1.48148160e-12  1.24801841e+00  1.82686143e+00  8.93175117e-01  1.65967626e+00  3.02923413e+01  1.45902802e+00  5.31840617e+00 
 9.00000000e-02  1.48000000e+00  9.00000000e-02  1.48148160e-12  1.24801841e+00  1.82686143e+00  8.93175117e-01  1.65967626e+00  3.02923413e+01  1.45902802e+00  5.31840617e+00 
 1.00000000e-01  1.48000000e+00  1.00000000e-01  1.48148160e-12  1.24801841e+00  1.82686143e+00  8.93175117e-01  1.65967626e+00  3.02923413e+01  1.45902802e+00  5.31840617e+00 
 1.10000000e-01  1.48000000e+00  1.10000000e-01  1.48148160e-12  1.24801841e+00  1.82686143e+00  8.93175117e-01  1.65967626e+00  3.02923413e+01  1.45902802e+00  5.31840617e+00 
 1.20000000e-01  1.48000000e+00  1.20000000e-01  1.48148160e-12  1.24801841e+00  1.82686143e+00  8.93175117e-01  1.65967626e+00  3.02923413e+01  1.45902802e+00  5.31840617e+00 
 1.30000000e-01  1.48000000e+00  1.30000000e-01  1.48148160e-12  1.24801841e+00  1.82686143e+00  8.93175117e-01  1.65967626e+00  3.02923413e+01  1.45902802e+00  5.31840617e+00 
 1.40000000e-01  1.48000000e+00  1.40000000e-01  1.48148160e-12  1.24801841e+00  1.82686143e+00  8.93175117e-01  1.65967626e+00  3.02923413e+01  1.45902802e+00  5.31840617e+00 
 1.50000000e-01  1.48000000e+00  1.50000000e-01  1.48148160e-12  1.24801841e+00  1.82686143e+00  8.93175117e-01  1.65967626e+00  3.02923413e+01  1.45902802e+00  5.31840617e+00 
 1.60000000e-01  1.48000000e+00  1.60000000e-01  1.48148160e-12  1.24801841e+00  1.82686143e+00  8.93175117e-01  1.65967626e+00  3.02923413e+01  1.45902802e+00  5.31840617e+00 
 1.70000000e-01  1.48000000e+00  1.70000000e-01  1.48148160e-12  1.24801841e+00  1.82686143e+00  8.93175117e-01  1.65967626e+00  3.02923413e+01  1.45902802e+00  5.31840617e+00 
 1.80000000e-01  1.48000000e+00  1.80000000e-01  1.48148160e-12  1.24801841e+00  1.82686143e+00  8.93175117e-01  1.65967626e+00  3.02923413e+01  1.45902802e+00  5.31840617e+00 
 1.90000000e-01  1.48000000e+00  1.90000000e-01  1.48148160e-12  1.24801841e+00  1.82686143e+00  8.93175117e-01  1.65967626e+00  3.02923413e+01  1.45902802e+00  5.31840617e+00 
 2.00000000e-01  1.48000000e+00  2.00000000e-01  1.48148160e-12  1.24801841e+00  1.82686143e+00  8.93175117e-01  1.65967626e+00  3.02923413e+01  1.45902802e+00  5.31840617e+00 
 2.10000000e-01  1.48000000e+00  2.10000000e-01  1.48148160e-12  1.24801841e+00  1.82686143e+00  8.93175117e-01  1.65967626e+00  3.02923413e+01  1.45902802e+00  5.31840617e+00 
 2.20000000e-01  1.48000000e+00  2.20000000e-01  1.48148160e-12  1.24801841e+00  1.82686143e+00  8.93175117e-01  1.65967626e+00  3.02923413e+01  1.45902802e+00  5.31840617e+00 
 2.30000000e-01  1.48000000e+00  2.30000000e-01  1.48148160e-12  1.24801841e+00  1.82686143e+00  8.93175117e-01  1.65967626e+00  3.02923413e+01  1.45902802e+00  5.31840617e+00 
 2.40000000e-01  1.48000000e+00  2.40000000e-01  1.48148160e-12  1.24801841e+00  1.82686143e+00  8.93175117e-01  1.65967626e+00  3.02923413e+01  1.45902802e+00  5.31840617e+00 
 2.50000000e-01  1.48000000e+00  2.50000000e-01  1.48148160e-12  1.24801841e+00  1.82686143e+00  8.93175117e-01  1.65967626e+00  3.02923413e+01  1.45902802e+00  5.31840617e+00 
 2.60000000e-01  1.48000000e+00  2.60000000e-01  1.48148160e-12  1.24801841e+00  1.82686143e+00  8.93175117e-01  1.65967626e+00  3.02923413e+01  1.45902802e+00  5.31840617e+00 
 2.70000000e-01  1.48000000e+00  2.70000000e-01  1.48148160e-12  1.24801841e+00  1.82686143e+00  8.93175117e-01  1.65967626e+00  3.02923413e+01  1.45902802e+00  5.31840617e+00 
 2.80000000e-01  1.48000000e+00  2.80000000e-01  1.48148160e-12  1.24801841e+00  1.82686143e+00  8.93175117e-01  1.65967626e+00  3.02923413e+01  1.45902802e+00  5.31840617e+00 
 2.90000000e-01  1.48000000e+00  2.90000000e-01  1.48148160e-12  1.24801841e+00  1.82686143e+00  8.93175117e-01  1.65967626e+00  3.02923413e+01  1.45902802e+00  5.31840617e+00 
 3.00000000e-01  1.48000000e+00  3.00000000e-01  1.48148160e-12  1.24801841e+00  1.82686143e+00  8.93175117e-01  1.65967626e+00  3.02923413e+01  1.45902802e+00  5.31840617e+00 
 3.10000000e-01  1.48000000e+00  3.10000000e-01  1.48148160e-12  1.24801841e+00  1.82686143e+00  8.93175117e-01  1.65967626e+00  3.02923413e+01  1.45902802e+00  5.31840617e+00 
 3.20000000e-01  1.48000000e+00  3.20000000e-01  1.48148160e-12  1.24801841e+00  1.82686143e+00  8.93175117e-01  1.65967626e+00  3.02923413e+01  1.45902802e+00  5.31840617e+00 
 3.30000000e-01  1.48000000e+00  3.30000000e-01  1.48148160e-12  1.24801841e+00  1.82686143e+00  8.93175117e-01  1.65967626e+00  3.02923413e+01  1.45902802e+00  5.31840617e+00 
 3.40000000e-01  1.48000000e+00  3.40000000e-01  1.48148160e-12  1.24801841e+00  1.82686143e+00  8.93175117e-01  1.65967626e+00  3.02923413e+01  1.45902802e+00  5.31840617e+00 
 3.50000000e-01  1.48000000e+00  3.50000000e-01  1.48148160e-12  1.24801841e+00  1.82686143e+00  8.93175117e-01  1.65967626e+00  3.02923413e+01  1.45902802e+00  5.31840617e+00 
 3.60000000e-01  1.48000000e+00  3.60000000e-01  1.48148160e-12  1.24801841e+00  1.82686143e+00  8.93175117e-01  1.65967626e+00  3.02923413e+01  1.45902802e+00  5.31840617e+00 
 3.70000000e-01  1.48000000e+00  3.70000000e-01  1.48148160e-12  1.24801841e+00  1.82686143e+00  8.93175117e-01  1.65967626e+00  3.02923413e+01  1.45902802e+00  5.31840617e+00 
 3.80000000e-01  1.48000000e+00  3.80000000e-01  1.48148160e-12  1.24801841e+00  1.82686143e+00  8.93175117e-01  1.65967626e+00  3.02923413e+01  1.45902802e+00  5.31840617e+00 
 3.90000000e-01  1.48000000e+00  3.90000000e-01  1.48148160e-12  1.24801841e+00  1.82686143e+00  8.93175117e-01  1.65967626e+00  3.02923413e+01  1.45902802e+00  5.31840617e+00 
 4.00000000e-01  1.48000000e+00  4.00000000e-01  1.48148160e-12  1.24801841e+00  1.82686143e+00  8.93175117e-01  1.65967626e+00  3.02923413e+01  1.45902802e+00  5.31840617e+00 
 4.10000000e-01  1.48000000e+00  4.10000000e-01  1.48325796e-12  1.24801841e+00  1.82686143e+00  8.93175117e-01  1.65967626e+00  3.02923413e+01  1.45902802e+00  5.31840617e+00 
 4.20000000e-01  1.48000000e+00  4.20000000e-01  1.48325796e-12  1.24801841e+00  1.82686143e+00  8.93175117e-01  1.65967626e+00  3.02923413e+01  1.45902802e+00  5.31840617e+00 
 4.30000000e-01  1.48000000e+00  4.30000000e-01  1.48503432e-12  1.24801841e+00  1.82686143e+00  8.93175117e-01  1.65967626e+00  3.02923413e+01  1.45902802e+00  5.31840617e+00 
 4.40000000e-01  1.48000000e+00  4.40000000e-01  1.49391610e-12  1.24801841e+00  1.82686143e+00  8.93175117e-01  1.65967626e+00  3.02923413e+01  1.45902802e+00  5.31840617e+00 
 4.50000000e-01  1.48000000e+00  4.50000000e-01  1.51345603e-12  1.24801841e+00  1.82686143e+00  8.93175117e-01  1.65967626e+00  3.02923413e+01  1.45902802e+00  5.31840617e+00 
 4.60000000e-01  1.48000000e+00  4.60000000e-01  1.56319402e-12  1.24801841e+00  1.82686143e+00  8.93175117e-01  1.65967626e+00  3.02923413e+01  1.45902802e+00  5.31840617e+00 
 4.70000000e-01  1.48000000e+00  4.70000000e-01  1.69109171e-12  1.24801841e+00  1.82686143e+00  8.93175117e-01  1.65967626e+00  3.02923413e+01  1.45902802e+00  5.31840617e+00 
 4.80000000e-01  1.48000000e+00  4.80000000e-01  2.03392858e-12  1.24801841e+00  1.82686143e+00  8.93175117e-01  1.65967626e+00  3.02923413e+01  1.45902802e+00  5.31840617e+00 
 4.90000000e-01  1.48000000e+00  4.90000000e-01  2.93098879e-12  1.24801841e+00  1.82686143e+00  8.93175117e-01  1.65967626e+00  3.02923413e+01  1.45902802e+00  5.31840617e+00 
 5.00000000e-01  1.48000000e+00  5.00000000e-01  5.27222710e-12  1.24801841e+00  1.82686143e+00  8.93175117e-01  1.65967626e+00  3.02923413e+01  1.45902802e+00  5.31840617e+00 
 5.10000000e-01  1.48000000e+00  5.10000000e-01  1.13686838e-11  1.24801841e+00  1.82686143e+00  8.93175117e-01  1.65967626e+00  3.02923413e+01  1.45902802e+00  5.31840617e+00 
 5.20000000e-01  1.48000000e+00  5.20000000e-01  2.71516143e-11  1.24801841e+00  1.82686143e+00  8.93175117e-01  1.65967626e+00  3.02923413e+01  1.45902802e+00  5.31840617e+00 
 5.30000000e-01  1.48000000e+00  5.30000000e-01  6.76099177e-11  1.24801841e+00  1.82686143e+00  8.93175117e-01  1.65967626e+00  3.02923413e+01  1.45902802e+00  5.31840617e+00 
 5.40000000e-01  1.48000000e+00  5.40000000e-01  1.69777081e-10  1.24801841e+00  1.82686143e+00  8.93175117e-01  1.65967626e+00  3.02923413e+01  1.45902802e+00  5.31840617e+00 
 5.50000000e-01  1.48000000e+00  5.50000000e-01  4.22000213e-10  1.24801841e+00  1.82686143e+00  8.93175117e-01  1.65967626e+00  3.02923413e+01  1.45902802e+00  5.31840617e+00 
 5.60000000e-01  1.48000000e+00  5.60000000e-01  1.02446940e-09  1.24801841e+00  1.82686143e+00  8.93175117e-01  1.65967626e+00  3.02923413e+01  1.45902802e+00  5.31840617e+00 
 5.70000000e-01  1.48000000e+00  5.70000000e-01  2.39988651e-09  1.24801841e+00  1.82686143e+00  8.93175117e-01  1.65967626e+00  3.02923413e+01  1.45902802e+00  5.31840617e+00 
 5.80000000e-01  1.48000000e+00  5.80000000e-01  5.36494937e-09  1.24801841e+00  1.82686143e+00  8.93175117e-01  1.65967626e+00  3.02923413e+01  1.45902802e+00  5.31840617e+00 
 5.90000000e-01  1.48000000e+00  5.90000000e-01  1.13527090e-08  1.24801841e+00  1.82686143e+00  8.93175117e-01  1.65967626e+00  3.02923413e+01  1.45902802e+00  5.31840617e+00 
 6.00000000e-01  1.48000000e+00  6.00000000e-01  2.26804779e-08  1.24801841e+00  1.82686143e+00  8.93175117e-01  1.65967626e+00  3.02923413e+01  1.45902802e+00  5.31840617e+00 
 6.10000000e-01  1.48000000e+00  6.10000000e-01  4.29424443e-08  1.24801841e+00  1.82686143e+00  8.93175117e-01  1.65967626e+00  3.02923413e+01  1.45902802e+00  5.31840617e+00 
 6.20000000e-01  1.48000000e+00  6.20000000e-01  7.77347786e-08  1.24801841e+00  1.82686143e+00  8.93175117e-01  1.65967626e+00  3.02923413e+01  1.45902802e+00  5.31840617e+00 
 6.30000000e-01  1.48000000e+00  6.30000000e-01  1.35998958e-07  1.24801841e+00  1.82686143e+00  8.93175117e-01  1.65967626e+00  3.02923413e+01  1.45902802e+00  5.31840617e+00 
 6.40000000e-01  1.48000000e+00  6.40000000e-01  2.32329816e-07  1.24801841e+00  1.82686143e+00  8.93175117e-01  1.65967626e+00  3.02923413e+01  1.45902802e+00  5.31840617e+00 
 6.50000000e-01  1.48000000e+00  6.50000000e-01  3.90754149e-07  1.24801841e+00  1.82686143e+00  8.93175117e-01  1.65967626e+00  3.02923413e+01  1.45902802e+00  5.31840617e+00 
 6.60000000e-01  1.48000000e+00  6.60000000e-01  6.50673725e-07  1.24801841e+00  1.82686143e+00  8.93175117e-01  1.65967626e+00  3.02923413e+01  1.45902802e+00  5.31840617e+00 
 6.70000000e-01  1.48000000e+00  6.70000000e-01  1.07543485e-06  1.24801841e+00  1.82686143e+00  8.93175117e-01  1.65967626e+00  3.02923413e+01  1.45902802e+00  5.31840617e+00 
 6.80000000e-01  1.48000000e+00  6.80000000e-01  1.76238350e-06  1.24801841e+00  1.82686143e+00  8.93175117e-01  1.65967626e+00  3.02923413e+01  1.45902802e+00  5.31840617e+00 
 6.90000000e-01  1.48000000e+00  6.90000000e-01  2.84947669e-06  1.24801841e+00  1.82686143e+00  8.93175117e-01  1.65967626e+00  3.02923413e+01  1.45902802e+00  5.31840617e+00 
 7.00000000e-01  1.48000000e+00  7.00000000e-01  4.50969896e-06  1.24801841e+00  1.82686143e+00  8.93175117e-01  1.65967626e+00  3.02923413e+01  1.45902802e+00  5.31840617e+00 
 7.10000000e-01  1.48000000e+00  7.10000000e-01  6.92768025e-06  1.24801841e+00  1.82686143e+00  8.93175117e-01  1.65967626e+00  3.02923413e+01  1.45902802e+00  5.31840617e+00 
 7.20000000e-01  1.48000000e+00  7.20000000e-01  1.02661446e-05  1.24801841e+00  1.82686143e+00  8.93175117e-01  1.65967626e+00  3.02923413e+01  1.45902802e+00  5.31840617e+00 
 7.30000000e-01  1.48000000e+00  7.30000000e-01  1.46403806e-05  1.24801841e+00  1.82686143e+00  8.93175117e-01  1.65967626e+00  3.02923413e+01  1.45902802e+00  5.31840617e+00 
 7.40000000e-01  1.48000000e+00  7.40000000e-01  2.01125406e-05  1.24801841e+00  1.82686143e+00  8.93175117e-01  1.65967626e+00  3.02923413e+01  1.45902802e+00  5.31840617e+00 
 7.50000000e-01  1.48000000e+00  7.50000000e-01  2.67022330e-05  1.24801841e+00  1.82686143e+00  8.93175117e-01  1.65967626e+00  3.02923413e+01  1.45902802e+00  5.31840617e+00 
 7.60000000e-01  1.48000000e+00  7.60000000e-01  3.44025474e-05  1.24801841e+00  1.82686143e+00  8.93175117e-01  1.65967626e+00  3.02923413e+01  1.45902802e+00  5.31840617e+00 
 7.70000000e-01  1.48000000e+00  7.70000000e-01  4.31936008e-05  1.24801841e+00  1.82686143e+00  8.93175117e-01  1.65967626e+00  3.02923413e+01  1.45902802e+00  5.31840617e+00 
 7.80000000e-01  1.48000000e+00  7.80000000e-01  5.30511592e-05  1.24801841e+00  1.82686143e+00  8.93175117e-01  1.65967626e+00  3.02923413e+01  1.45902802e+00  5.31840617e+00 
 7.90000000e-01  1.48000000e+00  7.90000000e-01  6.39510598e-05  1.24801841e+00  1.82686143e+00  8.93175117e-01  1.65967626e+00  3.02923413e+01  1.45902802e+00  5.31840617e+00 
 8.00000000e-01  1.48000000e+00  8.00000000e-01  7.58709626e-05  1.24801841e+00  1.82686143e+00  8.93175117e-01  1.65967626e+00  3.02923413e+01  1.45902802e+00  5.31840617e+00 
 8.10000000e-01  1.48000000e+00  8.10000000e-01  8.87906993e-05  1.24801841e+00  1.82686143e+00  8.93175117e-01  1.65967626e+00  3.02923413e+01  1.45902802e+00  5.31840617e+00 
 8.20000000e-01  1.48000000e+00  8.20000000e-01  1.02692008e-04  1.24801841e+00  1.82686143e+00  8.93175117e-01  1.65967626e+00  3.02923413e+01  1.45902802e+00  5.31840617e+00 
 8.30000000e-01  1.48000000e+00  8.30000000e-01  1.17558078e-04  1.24801841e+00  1.82686143e+00  8.93175117e-01  1.65967626e+00  3.02923413e+01  1.45902802e+00  5.31840617e+00 
 8.40000000e-01  1.48000000e+00  8.40000000e-01  1.33373095e-04  1.24801841e+00  1.82686143e+00  8.93175117e-01  1.65967626e+00  3.02923413e+01  1.45902802e+00  5.31840617e+00 
 8.50000000e-01  1.48000000e+00  8.50000000e-01  1.50121862e-04  1.24801841e+00  1.82686143e+00  8.93175117e-01  1.65967626e+00  3.02923413e+01  1.45902802e+00  5.31840617e+00 
 8.60000000e-01  1.48000000e+00  8.60000000e-01  1.67789515e-04  1.24801841e+00  1.82686143e+00  8.93175117e-01  1.65967626e+00  3.02923413e+01  1.45902802e+00  5.31840617e+00 
 8.70000000e-01  1.48000000e+00  8.70000000e-01  1.86361313e-04  1.24801841e+00  1.82686143e+00  8.93175117e-01  1.65967626e+00  3.02923413e+01  1.45902802e+00  5.31840617e+00 
 8.80000000e-01  1.48000000e+00  8.80000000e-01  2.05822508e-04  1.24801841e+00  1.82686143e+00  8.93175117e-01  1.65967626e+00  3.02923413e+01  1.45902802e+00  5.31840617e+00 
 8.90000000e-01  1.48000000e+00  8.90000000e-01  2.26158246e-04  1.24801841e+00  1.82686143e+00  8.93175117e-01  1.65967626e+00  3.02923413e+01  1.45902802e+00  5.31840617e+00 
 9.00000000e-01  1.48000000e+00  9.00000000e-01  2.47353525e-04  1.24801841e+00  1.82686143e+00  8.93175117e-01  1.65967626e+00  3.02923413e+01  1.45902802e+00  5.31840617e+00 
 9.10000000e-01  1.48000000e+00  9.10000000e-01  2.69393165e-04  1.24801841e+00  1.82686143e+00  8.93175117e-01  1.65967626e+00  3.02923413e+01  1.45902802e+00  5.31840617e+00 
 9.20000000e-01  1.48000000e+00  9.20000000e-01  2.92261798e-04  1.24801841e+00  1.82686143e+00  8.93175117e-01  1.65967626e+00  3.02923413e+01  1.45902802e+00  5.31840617e+00 
 9.30000000e-01  1.48000000e+00  9.30000000e-01  3.15943872e-04  1.24801841e+00  1.82686143e+00  8.93175117e-01  1.65967626e+00  3.02923413e+01  1.45902802e+00  5.31840617e+00 
 9.40000000e-01  1.48000000e+00  9.40000000e-01  3.40423663e-04  1.24801841e+00  1.82686143e+00  8.93175117e-01  1.65967626e+00  3.02923413e+01  1.45902802e+00  5.31840617e+00 
 9.50000000e-01  1.48000000e+00  9.50000000e-01  3.65685288e-04  1.24801841e+00  1.82686143e+00  8.93175117e-01  1.65967626e+00  3.02923413e+01  1.45902802e+00  5.31840617e+00 
 9.60000000e-01  1.48000000e+00  9.60000000e-01  3.91712725e-04  1.24801841e+00  1.82686143e+00  8.93175117e-01  1.65967626e+00  3.02923413e+01  1.45902802e+00  5.31840617e+00 
 9.70000000e-01  1.48000000e+00  9.70000000e-01  4.18489824e-04  1.24801841e+00  1.82686143e+00  8.93175117e-01  1.65967626e+00  3.02923413e+01  1.45902802e+00  5.31840617e+00 
 9.80000000e-01  1.48000000e+00  9.80000000e-01  4.46000339e-04  1.24801841e+00  1.82686143e+00  8.93175117e-01  1.65967626e+00  3.02923413e+01  1.45902802e+00  5.31840617e+00 
 9.90000000e-01  1.48000000e+00  9.90000000e-01  4.74227950e-04  1.24801841e+00  1.82686143e+00  8.93175117e-01  1.65967626e+00  3.02923413e+01  1.45902802e+00  5.31840617e+00 
 1.00000000e+00  1.48000000e+00  1.00000000e+00  5.03156277e-04  1.24801841e+00  1.82686143e+00  8.93175117e-01  1.65967626e+00  3.02923413e+01  1.45902802e+00  5.31840617e+00 
 1.01000000e+00  1.48000000e+00  1.01000000e+00  5.32768901e-04  1.24801841e+00  1.82686143e+00  8.93175117e-01  1.65967626e+00  3.02923413e+01  1.45902802e+00  5.31840617e+00 
 1.02000000e+00  1.48000000e+00  1.02000000e+00  5.63049386e-04  1.24801841e+00  1.82686143e+00  8.93175117e-01  1.65967626e+00  3.02923413e+01  1.45902802e+00  5.31840617e+00 
 1.03000000e+00  1.48000000e+00  1.03000000e+00  5.93981293e-04  1.24801841e+00  1.82686143e+00  8.93175117e-01  1.65967626e+00  3.02923413e+01  1.45902802e+00  5.31840617e+00 
 1.04000000e+00  1.48000000e+00  1.04000000e+00  6.25548201e-04  1.24801841e+00  1.82686143e+00  8.93175117e-01  1.65967626e+00  3.02923413e+01  1.45902802e+00  5.31840617e+00 
 1.05000000e+00  1.48000000e+00  1.05000000e+00  6.57733723e-04  1.24801841e+00  1.82686143e+00  8.93175117e-01  1.65967626e+00  3.02923413e+01  1.45902802e+00  5.31840617e+00 
 1.06000000e+00  1.48000000e+00  1.06000000e+00  6.90521523e-04  1.24801841e+00  1.82686143e+00  8.93175117e-01  1.65967626e+00  3.02923413e+01  1.45902802e+00  5.31840617e+00 
 1.07000000e+00  1.48000000e+00  1.07000000e+00  7.23895328e-04  1.24801841e+00  1.82686143e+00  8.93175117e-01  1.65967626e+00  3.02923413e+01  1.45902802e+00  5.31840617e+00 
 1.08000000e+00  1.48000000e+00  1.08000000e+00  7.57838946e-04  1.24801841e+00  1.82686143e+00  8.93175117e-01  1.65967626e+00  3.02923413e+01  1.45902802e+00  5.31840617e+00 
 1.09000000e+00  1.48000000e+00  1.09000000e+00  7.92336279e-04  1.24801841e+00  1.82686143e+00  8.93175117e-01  1.65967626e+00  3.02923413e+01  1.45902802e+00  5.31840617e+00 
 1.10000000e+00  1.48000000e+00  1.10000000e+00  8.27371332e-04  1.24801841e+00  1.82686143e+00  8.93175117e-01  1.65967626e+00  3.02923413e+01  1.45902802e+00  5.31840617e+00 
 1.11000000e+00  1.48000000e+00  1.11000000e+00  8.62928229e-04  1.24801841e+00  1.82686143e+00  8.93175117e-01  1.65967626e+00  3.02923413e+01  1.45902802e+00  5.31840617e+00 
 1.12000000e+00  1.48000000e+00  1.12000000e+00  8.98991223e-04  1.24801841e+00  1.82686143e+00  8.93175117e-01  1.65967626e+00  3.02923413e+01  1.45902802e+00  5.31840617e+00 
 1.13000000e+00  1.48000000e+00  1.13000000e+00  9.35544705e-04  1.24801841e+00  1.82686143e+00  8.93175117e-01  1.65967626e+00  3.02923413e+01  1.45902802e+00  5.31840617e+00 
 1.14000000e+00  1.48000000e+00  1.14000000e+00  9.72573213e-04  1.24801841e+00  1.82686143e+00  8.93175117e-01  1.65967626e+00  3.02923413e+01  1.45902802e+00  5.31840617e+00 
 1.15000000e+00  1.48000000e+00  1.15000000e+00  1.01006144e-03  1.24801841e+00  1.82686143e+00  8.93175117e-01  1.65967626e+00  3.02923413e+01  1.45902802e+00  5.31840617e+00 
 1.16000000e+00  1.48000000e+00  1.16000000e+00  1.04799426e-03  1.24801841e+00  1.82686143e+00  8.93175117e-01  1.65967626e+00  3.02923413e+01  1.45902802e+00  5.31840617e+00 
 1.17000000e+00  1.48000000e+00  1.17000000e+00  1.08635669e-03  1.24801841e+00  1.82686143e+00  8.93175117e-01  1.65967626e+00  3.02923413e+01  1.45902802e+00  5.31840617e+00 
 1.18000000e+00  1.48000000e+00  1.18000000e+00  1.12513396e-03  1.24801841e+00  1.82686143e+00  8.93175117e-01  1.65967626e+00  3.02923413e+01  1.45902802e+00  5.31840617e+00 
 1.19000000e+00  1.48000000e+00  1.19000000e+00  1.16431145e-03  1.24801841e+00  1.82686143e+00  8.93175117e-01  1.65967626e+00  3.02923413e+01  1.45902802e+00  5.31840617e+00 
 1.20000000e+00  1.48000000e+00  1.20000000e+00  1.20387475e-03  1.24801841e+00  1.82686143e+00  8.93175117e-01  1.65967626e+00  3.02923413e+01  1.45902802e+00  5.31840617e+00 
 1.21000000e+00  1.48000000e+00  1.21000000e+00  1.24380965e-03  1.24801841e+00  1.82686143e+00  8.93175117e-01  1.65967626e+00  3.02923413e+01  1.45902802e+00  5.31840617e+00 
 1.22000000e+00  1.48000000e+00  1.22000000e+00  1.28410214e-03  1.24801841e+00  1.82686143e+00  8.93175117e-01  1.65967626e+00  3.02923413e+01  1.45902802e+00  5.31840617e+00 
 1.23000000e+00  1.48000000e+00  1.23000000e+00  1.32473838e-03  1.24801841e+00  1.82686143e+00  8.93175117e-01  1.65967626e+00  3.02923413e+01  1.45902802e+00  5.31840617e+00 
 1.24000000e+00  1.48000000e+00  1.24000000e+00  1.36570478e-03  1.24801841e+00  1.82686143e+00  8.93175117e-01  1.65967626e+00  3.02923413e+01  1.45902802e+00  5.31840617e+00 
 1.25000000e+00  1.48000000e+00  1.25000000e+00  1.40698794e-03  1.24801841e+00  1.82686143e+00  8.93175117e-01  1.65967626e+00  3.02923413e+01  1.45902802e+00  5.31840617e+00 
 1.26000000e+00  1.48000000e+00  1.26000000e+00  1.44857467e-03  1.24801841e+00  1.82686143e+00  8.93175117e-01  1.65967626e+00  3.02923413e+01  1.45902802e+00  5.31840617e+00 
 1.27000000e+00  1.48000000e+00  1.27000000e+00  1.49045199e-03  1.24801841e+00  1.82686143e+00  8.93175117e-01  1.65967626e+00  3.02923413e+01  1.45902802e+00  5.31840617e+00 
 1.28000000e+00  1.48000000e+00  1.28000000e+00  1.53260714e-03  1.24801841e+00  1.82686143e+00  8.93175117e-01  1.65967626e+00  3.02923413e+01  1.45902802e+00  5.31840617e+00 
 1.29000000e+00  1.48000000e+00  1.29000000e+00  1.57502758e-03  1.24801841e+00  1.82686143e+00  8.93175117e-01  1.65967626e+00  3.02923413e+01  1.45902802e+00  5.31840617e+00 
 1.30000000e+00  1.48000000e+00  1.30000000e+00  1.61770098e-03  1.24801841e+00  1.82686143e+00  8.93175117e-01  1.65967626e+00  3.02923413e+01  1.45902802e+00  5.31840617e+00 
 1.31000000e+00  1.48000000e+00  1.31000000e+00  1.66061523e-03  1.24801841e+00  1.82686143e+00  8.93175117e-01  1.65967626e+00  3.02923413e+01  1.45902802e+00  5.31840617e+00 
 1.32000000e+00  1.48000000e+00  1.32000000e+00  1.70375843e-03  1.24801841e+00  1.82686143e+00  8.93175117e-01  1.65967626e+00  3.02923413e+01  1.45902802e+00  5.31840617e+00 
 1.33000000e+00  1.48000000e+00  1.33000000e+00  1.74711891e-03  1.24801841e+00  1.82686143e+00  8.93175117e-01  1.65967626e+00  3.02923413e+01  1.45902802e+00  5.31840617e+00 
 1.34000000e+00  1.48000000e+00  1.34000000e+00  1.79068519e-03  1.24801841e+00  1.82686143e+00  8.93175117e-01  1.65967626e+00  3.02923413e+01  1.45902802e+00  5.31840617e+00 
 1.35000000e+00  1.48000000e+00  1.35000000e+00  1.83444603e-03  1.24801841e+00  1.82686143e+00  8.93175117e-01  1.65967626e+00  3.02923413e+01  1.45902802e+00  5.31840617e+00 
 1.36000000e+00  1.48000000e+00  1.36000000e+00  1.87839039e-03  1.24801841e+00  1.82686143e+00  8.93175117e-01  1.65967626e+00  3.02923413e+01  1.45902802e+00  5.31840617e+00 
 1.37000000e+00  1.48000000e+00  1.37000000e+00  1.92250745e-03  1.24801841e+00  1.82686143e+00  8.93175117e-01  1.65967626e+00  3.02923413e+01  1.45902802e+00  5.31840617e+00 
 1.38000000e+00  1.48000000e+00  1.38000000e+00  1.96678660e-03  1.24801841e+00  1.82686143e+00  8.93175117e-01  1.65967626e+00  3.02923413e+01  1.45902802e+00  5.31840617e+00 
 1.39000000e+00  1.48000000e+00  1.39000000e+00  2.01121742e-03  1.24801841e+00  1.82686143e+00  8.93175117e-01  1.65967626e+00  3.02923413e+01  1.45902802e+00  5.31840617e+00 
 1.40000000e+00  1.48000000e+00  1.40000000e+00  2.05578974e-03  1.24801841e+00  1.82686143e+00  8.93175117e-01  1.65967626e+00  3.02923413e+01  1.45902802e+00  5.31840617e+00 
 1.41000000e+00  1.48000000e+00  1.41000000e+00  2.10049354e-03  1.24801841e+00  1.82686143e+00  8.93175117e-01  1.65967626e+00  3.02923413e+01  1.45902802e+00  5.31840617e+00 
 1.42000000e+00  1.48000000e+00  1.42000000e+00  2.14531905e-03  1.24801841e+00  1.82686143e+00  8.93175117e-01  1.65967626e+00  3.02923413e+01  1.45902802e+00  5.31840617e+00 
 1.43000000e+00  1.48000000e+00  1.43000000e+00  2.19025666e-03  1.24801841e+00  1.82686143e+00  8.93175117e-01  1.65967626e+00  3.02923413e+01  1.45902802e+00  5.31840617e+00 
 1.44000000e+00  1.48000000e+00  1.44000000e+00  2.23529700e-03  1.24801841e+00  1.82686143e+00  8.93175117e-01  1.65967626e+00  3.02923413e+01  1.45902802e+00  5.31840617e+00 
 1.45000000e+00  1.48000000e+00  1.45000000e+00  2.28043086e-03  1.24801841e+00  1.82686143e+00  8.93175117e-01  1.65967626e+00  3.02923413e+01  1.45902802e+00  5.31840617e+00 
 1.46000000e+00  1.48000000e+00  1.46000000e+00  2.32564923e-03  1.24801841e+00  1.82686143e+00  8.93175117e-01  1.65967626e+00  3.02923413e+01  1.45902802e+00  5.31840617e+00 
 1.47000000e+00  1.48000000e+00  1.47000000e+00  2.37094331e-03  1.24801841e+00  1.82686143e+00  8.93175117e-01  1.65967626e+00  3.02923413e+01  1.45902802e+00  5.31840617e+00 
 1.48000000e+00  1.48000000e+00  1.48000000e+00  2.41630446e-03  1.24801841e+00  1.82686143e+00  8.93175117e-01  1.65967626e+00  3.02923413e+01  1.45902802e+00  5.31840617e+00 
 1.49000000e+00  1.48000000e+00  1.49000000e+00  2.46172423e-03  1.24801841e+00  1.82686143e+00  8.93175117e-01  1.65967626e+00  3.02923413e+01  1.45902802e+00  5.31840617e+00 
 1.50000000e+00  1.48000000e+00  1.50000000e+00  2.50719436e-03  1.24801841e+00  1.82686143e+00  8.93175117e-01  1.65967626e+00  3.02923413e+01  1.45902802e+00  5.31840617e+00 
 1.51000000e+00  1.48000000e+00  1.51000000e+00  2.55270677e-03  1.24801841e+00  1.82686143e+00  8.93175117e-01  1.65967626e+00  3.02923413e+01  1.45902802e+00  5.31840617e+00 
 1.52000000e+00  1.48000000e+00  1.52000000e+00  2.59825353e-03  1.24801841e+00  1.82686143e+00  8.93175117e-01  1.65967626e+00  3.02923413e+01  1.45902802e+00  5.31840617e+00 
 1.53000000e+00  1.48000000e+00  1.53000000e+00  2.64382691e-03  1.24801841e+00  1.82686143e+00  8.93175117e-01  1.65967626e+00  3.02923413e+01  1.45902802e+00  5.31840617e+00 
 1.54000000e+00  1.48000000e+00  1.54000000e+00  2.68941933e-03  1.24801841e+00  1.82686143e+00  8.93175117e-01  1.65967626e+00  3.02923413e+01  1.45902802e+00  5.31840617e+00 
 1.55000000e+00  1.48000000e+00  1.55000000e+00  2.73502339e-03  1.24801841e+00  1.82686143e+00  8.93175117e-01  1.65967626e+00  3.02923413e+01  1.45902802e+00  5.31840617e+00 
 1.56000000e+00  1.48000000e+00  1.56000000e+00  2.78063182e-03  1.24801841e+00  1.82686143e+00  8.93175117e-01  1.65967626e+00  3.02923413e+01  1.45902802e+00  5.31840617e+00 
 1.57000000e+00  1.48000000e+00  1.57000000e+00  2.82623755e-03  1.24801841e+00  1.82686143e+00  8.93175117e-01  1.65967626e+00  3.02923413e+01  1.45902802e+00  5.31840617e+00 
 1.58000000e+00  1.48000000e+00  1.58000000e+00  2.87183364e-03  1.24801841e+00  1.82686143e+00  8.93175117e-01  1.65967626e+00  3.02923413e+01  1.45902802e+00  5.31840617e+00 
 1.59000000e+00  1.48000000e+00  1.59000000e+00  2.91741329e-03  1.24801841e+00  1.82686143e+00  8.93175117e-01  1.65967626e+00  3.02923413e+01  1.45902802e+00  5.31840617e+00 
 1.60000000e+00  1.48000000e+00  1.60000000e+00  2.96296988e-03  1.24801841e+00  1.82686143e+00  8.93175117e-01  1.65967626e+00  3.02923413e+01  1.45902802e+00  5.31840617e+00 
 1.61000000e+00  1.48000000e+00  1.61000000e+00  3.00849692e-03  1.24801841e+00  1.82686143e+00  8.93175117e-01  1.65967626e+00  3.02923413e+01  1.45902802e+00  5.31840617e+00 
 1.62000000e+00  1.48000000e+00  1.62000000e+00  3.05398805e-03  1.24801841e+00  1.82686143e+00  8.93175117e-01  1.65967626e+00  3.02923413e+01  1.45902802e+00  5.31840617e+00 
 1.63000000e+00  1.48000000e+00  1.63000000e+00  3.09943706e-03  1.24801841e+00  1.82686143e+00  8.93175117e-01  1.65967626e+00  3.02923413e+01  1.45902802e+00  5.31840617e+00 
 1.64000000e+00  1.48000000e+00  1.64000000e+00  3.14483788e-03  1.24801841e+00  1.82686143e+00  8.93175117e-01  1.65967626e+00  3.02923413e+01  1.45902802e+00  5.31840617e+00 
 1.65000000e+00  1.48000000e+00  1.65000000e+00  3.19018457e-03  1.24801841e+00  1.82686143e+00  8.93175117e-01  1.65967626e+00  3.02923413e+01  1.45902802e+00  5.31840617e+00 
 1.66000000e+00  1.48000000e+00  1.66000000e+00  3.23547130e-03  1.24801841e+00  1.82686143e+00  8.93175117e-01  1.65967626e+00  3.02923413e+01  1.45902802e+00  5.31840617e+00 
 1.67000000e+00  1.48000000e+00  1.67000000e+00  3.28069240e-03  1.24801841e+00  1.82686143e+00  8.93175117e-01  1.65967626e+00  3.02923413e+01  1.45902802e+00  5.31840617e+00 
 1.68000000e+00  1.48000000e+00  1.68000000e+00  3.32584228e-03  1.24801841e+00  1.82686143e+00  8.93175117e-01  1.65967626e+00  3.02923413e+01  1.45902802e+00  5.31840617e+00 
 1.69000000e+00  1.48000000e+00  1.69000000e+00  3.37091552e-03  1.24801841e+00  1.82686143e+00  8.93175117e-01  1.65967626e+00  3.02923413e+01  1.45902802e+00  5.31840617e+00 
 1.70000000e+00  1.48000000e+00  1.70000000e+00  3.41590677e-03  1.24801841e+00  1.82686143e+00  8.93175117e-01  1.65967626e+00  3.02923413e+01  1.45902802e+00  5.31840617e+00 
 1.71000000e+00  1.48000000e+00  1.71000000e+00  3.46081081e-03  1.24801841e+00  1.82686143e+00  8.93175117e-01  1.65967626e+00  3.02923413e+01  1.45902802e+00  5.31840617e+00 
 1.72000000e+00  1.48000000e+00  1.72000000e+00  3.50562255e-03  1.24801841e+00  1.82686143e+00  8.93175117e-01  1.65967626e+00  3.02923413e+01  1.45902802e+00  5.31840617e+00 
 1.73000000e+00  1.48000000e+00  1.73000000e+00  3.55033698e-03  1.24801841e+00  1.82686143e+00  8.93175117e-01  1.65967626e+00  3.02923413e+01  1.45902802e+00  5.31840617e+00 
 1.74000000e+00  1.48000000e+00  1.74000000e+00  3.59494920e-03  1.24801841e+00  1.82686143e+00  8.93175117e-01  1.65967626e+00  3.02923413e+01  1.45902802e+00  5.31840617e+00 
 1.75000000e+00  1.48000000e+00  1.75000000e+00  3.63945442e-03  1.24801841e+00  1.82686143e+00  8.93175117e-01  1.65967626e+00  3.02923413e+01  1.45902802e+00  5.31840617e+00 
 1.76000000e+00  1.48000000e+00  1.76000000e+00  3.68384795e-03  1.24801841e+00  1.82686143e+00  8.93175117e-01  1.65967626e+00  3.02923413e+01  1.45902802e+00  5.31840617e+00 
 1.77000000e+00  1.48000000e+00  1.77000000e+00  3.72812518e-03  1.24801841e+00  1.82686143e+00  8.93175117e-01  1.65967626e+00  3.02923413e+01  1.45902802e+00  5.31840617e+00 
 1.78000000e+00  1.48000000e+00  1.78000000e+00  3.77228161e-03  1.24801841e+00  1.82686143e+00  8.93175117e-01  1.65967626e+00  3.02923413e+01  1.45902802e+00  5.31840617e+00 
 1.79000000e+00  1.48000000e+00  1.79000000e+00  3.81631283e-03  1.24801841e+00  1.82686143e+00  8.93175117e-01  1.65967626e+00  3.02923413e+01  1.45902802e+00  5.31840617e+00 
 1.80000000e+00  1.48000000e+00  1.80000000e+00  3.86021449e-03  1.24801841e+00  1.82686143e+00  8.93175117e-01  1.65967626e+00  3.02923413e+01  1.45902802e+00  5.31840617e+00 
 1.81000000e+00  1.48000000e+00  1.81000000e+00  3.90398237e-03  1.24801841e+00  1.82686143e+00  8.93175117e-01  1.65967626e+00  3.02923413e+01  1.45902802e+00  5.31840617e+00 
 1.82000000e+00  1.48000000e+00  1.82000000e+00  3.94761230e-03  1.24801841e+00  1.82686143e+00  8.93175117e-01  1.65967626e+00  3.02923413e+01  1.45902802e+00  5.31840617e+00 
 1.83000000e+00  1.48000000e+00  1.83000000e+00  3.99110019e-03  1.24801841e+00  1.82686143e+00  8.93175117e-01  1.65967626e+00  3.02923413e+01  1.45902802e+00  5.31840617e+00 
 1.84000000e+00  1.48000000e+00  1.84000000e+00  4.03444204e-03  1.24801841e+00  1.82686143e+00  8.93175117e-01  1.65967626e+00  3.02923413e+01  1.45902802e+00  5.31840617e+00 
 1.85000000e+00  1.48000000e+00  1.85000000e+00  4.07763393e-03  1.24801841e+00  1.82686143e+00  8.93175117e-01  1.65967626e+00  3.02923413e+01  1.45902802e+00  5.31840617e+00 
