 0.00000000e+00  0.00000000e+00  1.48000000e+00 -1.28170312e-19  1.38203695e+00  1.70941316e+00  9.85167132e-01  1.68986905e+00  2.97727774e+01  1.42396732e+00  5.58588535e+00 
 1.00000000e-02  1.00000000e-02  1.48000000e+00  4.17213861e-05  1.38203695e+00  1.70941316e+00  9.85167132e-01  1.68986905e+00  2.97727774e+01  1.42396732e+00  5.58588535e+00 
 2.00000000e-02  2.00000000e-02  1.48000000e+00  8.29541743e-05  1.38203695e+00  1.70941316e+00  9.85167132e-01  1.68986905e+00  2.97727774e+01  1.42396732e+00  5.58588535e+00 
 3.00000000e-02  3.00000000e-02  1.48000000e+00  1.23696534e-04  1.38203695e+00  1.70941316e+00  9.85167132e-01  1.68986905e+00  2.97727774e+01  1.42396732e+00  5.58588535e+00 
 4.00000000e-02  4.00000000e-02  1.48000000e+00  1.63946628e-04  1.38203695e+00  1.70941316e+00  9.85167132e-01  1.68986905e+00  2.97727774e+01  1.42396732e+00  5.58588535e+00 
 5.00000000e-02  5.00000000e-02  1.48000000e+00  2.03702617e-04  1.38203695e+00  1.70941316e+00  9.85167132e-01  1.68986905e+00  2.97727774e+01  1.42396732e+00  5.58588535e+00 
 6.00000000e-02  6.00000000e-02  1.48000000e+00  2.42962656e-04  1.38203695e+00  1.70941316e+00  9.85167132e-01  1.68986905e+00  2.97727774e+01  1.42396732e+00  5.58588535e+00 
 7.00000000e-02  7.00000000e-02  1.48000000e+00  2.81724898e-04  1.38203695e+00  1.70941316e+00  9.85167132e-01  1.68986905e+00  2.97727774e+01  1.42396732e+00  5.58588535e+00 
 8.00000000e-02  8.00000000e-02  1.48000000e+00  3.19987494e-04  1.38203695e+00  1.70941316e+00  9.85167132e-01  1.68986905e+00  2.97727774e+01  1.42396732e+00  5.58588535e+00 
 9.00000000e-02  9.00000000e-02  1.48000000e+00  3.57748598e-04  1.38203695e+00  1.70941316e+00  9.85167132e-01  1.68986905e+00  2.97727774e+01  1.42396732e+00  5.58588535e+00 
 1.00000000e-01  1.00000000e-01  1.48000000e+00  3.95006363e-04  1.38203695e+00  1.70941316e+00  9.85167132e-01  1.68986905e+00  2.97727774e+01  1.42396732e+00  5.58588535e+00 
 1.10000000e-01  1.10000000e-01  1.48000000e+00  4.31758948e-04  1.38203695e+00  1.70941316e+00  9.85167132e-01  1.68986905e+00  2.97727774e+01  1.42396732e+00  5.58588535e+00 
 1.20000000e-01  1.20000000e-01  1.48000000e+00  4.68004519e-04  1.38203695e+00  1.70941316e+00  9.85167132e-01  1.68986905e+00  2.97727774e+01  1.42396732e+00  5.58588535e+00 
 1.30000000e-01  1.30000000e-01  1.48000000e+00  5.03741249e-04  1.38203695e+00  1.70941316e+00  9.85167132e-01  1.68986905e+00  2.97727774e+01  1.42396732e+00  5.58588535e+00 
 1.40000000e-01  1.40000000e-01  1.48000000e+00  5.38967326e-04  1.38203695e+00  1.70941316e+00  9.85167132e-01  1.68986905e+00  2.97727774e+01  1.42396732e+00  5.58588535e+00 
 1.50000000e-01  1.50000000e-01  1.48000000e+00  5.73680952e-04  1.38203695e+00  1.70941316e+00  9.85167132e-01  1.68986905e+00  2.97727774e+01  1.42396732e+00  5.58588535e+00 
 1.60000000e-01  1.60000000e-01  1.48000000e+00  6.07880350e-04  1.38203695e+00  1.70941316e+00  9.85167132e-01  1.68986905e+00  2.97727774e+01  1.42396732e+00  5.58588535e+00 
 1.70000000e-01  1.70000000e-01  1.48000000e+00  6.41563767e-04  1.38203695e+00  1.70941316e+00  9.85167132e-01  1.68986905e+00  2.97727774e+01  1.42396732e+00  5.58588535e+00 
 1.80000000e-01  1.80000000e-01  1.48000000e+00  6.74729481e-04  1.38203695e+00  1.70941316e+00  9.85167132e-01  1.68986905e+00  2.97727774e+01  1.42396732e+00  5.58588535e+00 
 1.90000000e-01  1.90000000e-01  1.48000000e+00  7.07375802e-04  1.38203695e+00  1.70941316e+00  9.85167132e-01  1.68986905e+00  2.97727774e+01  1.42396732e+00  5.58588535e+00 
 2.00000000e-01  2.00000000e-01  1.48000000e+00  7.39501086e-04  1.38203695e+00  1.70941316e+00  9.85167132e-01  1.68986905e+00  2.97727774e+01  1.42396732e+00  5.58588535e+00 
 2.10000000e-01  2.10000000e-01  1.48000000e+00  7.71103735e-04  1.38203695e+00  1.70941316e+00  9.85167132e-01  1.68986905e+00  2.97727774e+01  1.42396732e+00  5.58588535e+00 
 2.20000000e-01  2.20000000e-01  1.48000000e+00  8.02182209e-04  1.38203695e+00  1.70941316e+00  9.85167132e-01  1.68986905e+00  2.97727774e+01  1.42396732e+00  5.58588535e+00 
 2.30000000e-01  2.30000000e-01  1.48000000e+00  8.32735035e-04  1.38203695e+00  1.70941316e+00  9.85167132e-01  1.68986905e+00  2.97727774e+01  1.42396732e+00  5.58588535e+00 
 2.40000000e-01  2.40000000e-01  1.48000000e+00  8.62760814e-04  1.38203695e+00  1.70941316e+00  9.85167132e-01  1.68986905e+00  2.97727774e+01  1.42396732e+00  5.58588535e+00 
 2.50000000e-01  2.50000000e-01  1.48000000e+00  8.92258238e-04  1.38203695e+00  1.70941316e+00  9.85167132e-01  1.68986905e+00  2.97727774e+01  1.42396732e+00  5.58588535e+00 
 2.60000000e-01  2.60000000e-01  1.48000000e+00  9.21226094e-04  1.38203695e+00  1.70941316e+00  9.85167132e-01  1.68986905e+00  2.97727774e+01  1.42396732e+00  5.58588535e+00 
 2.70000000e-01  2.70000000e-01  1.48000000e+00  9.49663283e-04  1.38203695e+00  1.70941316e+00  9.85167132e-01  1.68986905e+00  2.97727774e+01  1.42396732e+00  5.58588535e+00 
 2.80000000e-01  2.80000000e-01  1.48000000e+00  9.77568834e-04  1.38203695e+00  1.70941316e+00  9.85167132e-01  1.68986905e+00  2.97727774e+01  1.42396732e+00  5.58588535e+00 
 2.90000000e-01  2.90000000e-01  1.48000000e+00  1.00494192e-03  1.38203695e+00  1.70941316e+00  9.85167132e-01  1.68986905e+00  2.97727774e+01  1.42396732e+00  5.58588535e+00 
 3.00000000e-01  3.00000000e-01  1.48000000e+00  1.03178186e-03  1.38203695e+00  1.70941316e+00  9.85167132e-01  1.68986905e+00  2.97727774e+01  1.42396732e+00  5.58588535e+00 
 3.10000000e-01  3.10000000e-01  1.48000000e+00  1.05808818e-03  1.38203695e+00  1.70941316e+00  9.85167132e-01  1.68986905e+00  2.97727774e+01  1.42396732e+00  5.58588535e+00 
 3.20000000e-01  3.20000000e-01  1.48000000e+00  1.08386057e-03  1.38203695e+00  1.70941316e+00  9.85167132e-01  1.68986905e+00  2.97727774e+01  1.42396732e+00  5.58588535e+00 
 3.30000000e-01  3.30000000e-01  1.48000000e+00  1.10909896e-03  1.38203695e+00  1.70941316e+00  9.85167132e-01  1.68986905e+00  2.97727774e+01  1.42396732e+00  5.58588535e+00 
 3.40000000e-01  3.40000000e-01  1.48000000e+00  1.13380352e-03  1.38203695e+00  1.70941316e+00  9.85167132e-01  1.68986905e+00  2.97727774e+01  1.42396732e+00  5.58588535e+00 
 3.50000000e-01  3.50000000e-01  1.48000000e+00  1.15797466e-03  1.38203695e+00  1.70941316e+00  9.85167132e-01  1.68986905e+00  2.97727774e+01  1.42396732e+00  5.58588535e+00 
 3.60000000e-01  3.60000000e-01  1.48000000e+00  1.18161311e-03  1.38203695e+00  1.70941316e+00  9.85167132e-01  1.68986905e+00  2.97727774e+01  1.42396732e+00  5.58588535e+00 
 3.70000000e-01  3.70000000e-01  1.48000000e+00  1.20471989e-03  1.38203695e+00  1.70941316e+00  9.85167132e-01  1.68986905e+00  2.97727774e+01  1.42396732e+00  5.58588535e+00 
 3.80000000e-01  3.80000000e-01  1.48000000e+00  1.22729636e-03  1.38203695e+00  1.70941316e+00  9.85167132e-01  1.68986905e+00  2.97727774e+01  1.42396732e+00  5.58588535e+00 
 3.90000000e-01  3.90000000e-01  1.48000000e+00  1.24934425e-03  1.38203695e+00  1.70941316e+00  9.85167132e-01  1.68986905e+00  2.97727774e+01  1.42396732e+00  5.58588535e+00 
 4.00000000e-01  4.00000000e-01  1.48000000e+00  1.27086565e-03  1.38203695e+00  1.70941316e+00  9.85167132e-01  1.68986905e+00  2.97727774e+01  1.42396732e+00  5.58588535e+00 
 4.10000000e-01  4.10000000e-01  1.48000000e+00  1.29186309e-03  1.38203695e+00  1.70941316e+00  9.85167132e-01  1.68986905e+00  2.97727774e+01  1.42396732e+00  5.58588535e+00 
 4.20000000e-01  4.20000000e-01  1.48000000e+00  1.31233953e-03  1.38203695e+00  1.70941316e+00  9.85167132e-01  1.68986905e+00  2.97727774e+01  1.42396732e+00  5.58588535e+00 
 4.30000000e-01  4.30000000e-01  1.48000000e+00  1.33229836e-03  1.38203695e+00  1.70941316e+00  9.85167132e-01  1.68986905e+00  2.97727774e+01  1.42396732e+00  5.58588535e+00 
 4.40000000e-01  4.40000000e-01  1.48000000e+00  1.35174347e-03  1.38203695e+00  1.70941316e+00  9.85167132e-01  1.68986905e+00  2.97727774e+01  1.42396732e+00  5.58588535e+00 
 4.50000000e-01  4.50000000e-01  1.48000000e+00  1.37067923e-03  1.38203695e+00  1.70941316e+00  9.85167132e-01  1.68986905e+00  2.97727774e+01  1.42396732e+00  5.58588535e+00 
 4.60000000e-01  4.60000000e-01  1.48000000e+00  1.38911051e-03  1.38203695e+00  1.70941316e+00  9.85167132e-01  1.68986905e+00  2.97727774e+01  1.42396732e+00  5.58588535e+00 
 4.70000000e-01  4.70000000e-01  1.48000000e+00  1.40704272e-03  1.38203695e+00  1.70941316e+00  9.85167132e-01  1.68986905e+00  2.97727774e+01  1.42396732e+00  5.58588535e+00 
 4.80000000e-01  4.80000000e-01  1.48000000e+00  1.42448175e-03  1.38203695e+00  1.70941316e+00  9.85167132e-01  1.68986905e+00  2.97727774e+01  1.42396732e+00  5.58588535e+00 
 4.90000000e-01  4.90000000e-01  1.48000000e+00  1.44143404e-03  1.38203695e+00  1.70941316e+00  9.85167132e-01  1.68986905e+00  2.97727774e+01  1.42396732e+00  5.58588535e+00 
 5.00000000e-01  5.00000000e-01  1.48000000e+00  1.45790656e-03  1.38203695e+00  1.70941316e+00  9.85167132e-01  1.68986905e+00  2.97727774e+01  1.42396732e+00  5.58588535e+00 
 5.10000000e-01  5.10000000e-01  1.48000000e+00  1.47390676e-03  1.38203695e+00  1.70941316e+00  9.85167132e-01  1.68986905e+00  2.97727774e+01  1.42396732e+00  5.58588535e+00 
 5.20000000e-01  5.20000000e-01  1.48000000e+00  1.48944261e-03  1.38203695e+00  1.70941316e+00  9.85167132e-01  1.68986905e+00  2.97727774e+01  1.42396732e+00  5.58588535e+00 
 5.30000000e-01  5.30000000e-01  1.48000000e+00  1.50452256e-03  1.38203695e+00  1.70941316e+00  9.85167132e-01  1.68986905e+00  2.97727774e+01  1.42396732e+00  5.58588535e+00 
 5.40000000e-01  5.40000000e-01  1.48000000e+00  1.51915549e-03  1.38203695e+00  1.70941316e+00  9.85167132e-01  1.68986905e+00  2.97727774e+01  1.42396732e+00  5.58588535e+00 
 5.50000000e-01  5.50000000e-01  1.48000000e+00  1.53335074e-03  1.38203695e+00  1.70941316e+00  9.85167132e-01  1.68986905e+00  2.97727774e+01  1.42396732e+00  5.58588535e+00 
 5.60000000e-01  5.60000000e-01  1.48000000e+00  1.54711803e-03  1.38203695e+00  1.70941316e+00  9.85167132e-01  1.68986905e+00  2.97727774e+01  1.42396732e+00  5.58588535e+00 
 5.70000000e-01  5.70000000e-01  1.48000000e+00  1.56046741e-03  1.38203695e+00  1.70941316e+00  9.85167132e-01  1.68986905e+00  2.97727774e+01  1.42396732e+00  5.58588535e+00 
 5.80000000e-01  5.80000000e-01  1.48000000e+00  1.57340930e-03  1.38203695e+00  1.70941316e+00  9.85167132e-01  1.68986905e+00  2.97727774e+01  1.42396732e+00  5.58588535e+00 
 5.90000000e-01  5.90000000e-01  1.48000000e+00  1.58595435e-03  1.38203695e+00  1.70941316e+00  9.85167132e-01  1.68986905e+00  2.97727774e+01  1.42396732e+00  5.58588535e+00 
 6.00000000e-01  6.00000000e-01  1.48000000e+00  1.59811344e-03  1.38203695e+00  1.70941316e+00  9.85167132e-01  1.68986905e+00  2.97727774e+01  1.42396732e+00  5.58588535e+00 
 6.10000000e-01  6.10000000e-01  1.48000000e+00  1.60989765e-03  1.38203695e+00  1.70941316e+00  9.85167132e-01  1.68986905e+00  2.97727774e+01  1.42396732e+00  5.58588535e+00 
 6.20000000e-01  6.20000000e-01  1.48000000e+00  1.62131819e-03  1.38203695e+00  1.70941316e+00  9.85167132e-01  1.68986905e+00  2.97727774e+01  1.42396732e+00  5.58588535e+00 
 6.30000000e-01  6.30000000e-01  1.48000000e+00  1.63238634e-03  1.38203695e+00  1.70941316e+00  9.85167132e-01  1.68986905e+00  2.97727774e+01  1.42396732e+00  5.58588535e+00 
 6.40000000e-01  6.40000000e-01  1.48000000e+00  1.64311343e-03  1.38203695e+00  1.70941316e+00  9.85167132e-01  1.68986905e+00  2.97727774e+01  1.42396732e+00  5.58588535e+00 
 6.50000000e-01  6.50000000e-01  1.48000000e+00  1.65351079e-03  1.38203695e+00  1.70941316e+00  9.85167132e-01  1.68986905e+00  2.97727774e+01  1.42396732e+00  5.58588535e+00 
 6.60000000e-01  6.60000000e-01  1.48000000e+00  1.66358969e-03  1.38203695e+00  1.70941316e+00  9.85167132e-01  1.68986905e+00  2.97727774e+01  1.42396732e+00  5.58588535e+00 
 6.70000000e-01  6.70000000e-01  1.48000000e+00  1.67336134e-03  1.38203695e+00  1.70941316e+00  9.85167132e-01  1.68986905e+00  2.97727774e+01  1.42396732e+00  5.58588535e+00 
 6.80000000e-01  6.80000000e-01  1.48000000e+00  1.68283680e-03  1.38203695e+00  1.70941316e+00  9.85167132e-01  1.68986905e+00  2.97727774e+01  1.42396732e+00  5.58588535e+00 
 6.90000000e-01  6.90000000e-01  1.48000000e+00  1.69202698e-03  1.38203695e+00  1.70941316e+00  9.85167132e-01  1.68986905e+00  2.97727774e+01  1.42396732e+00  5.58588535e+00 
 7.00000000e-01  7.00000000e-01  1.48000000e+00  1.70094260e-03  1.38203695e+00  1.70941316e+00  9.85167132e-01  1.68986905e+00  2.97727774e+01  1.42396732e+00  5.58588535e+00 
 7.10000000e-01  7.10000000e-01  1.48000000e+00  1.70959419e-03  1.38203695e+00  1.70941316e+00  9.85167132e-01  1.68986905e+00  2.97727774e+01  1.42396732e+00  5.58588535e+00 
 7.20000000e-01  7.20000000e-01  1.48000000e+00  1.71799201e-03  1.38203695e+00  1.70941316e+00  9.85167132e-01  1.68986905e+00  2.97727774e+01  1.42396732e+00  5.58588535e+00 
 7.30000000e-01  7.30000000e-01  1.48000000e+00  1.72614608e-03  1.38203695e+00  1.70941316e+00  9.85167132e-01  1.68986905e+00  2.97727774e+01  1.42396732e+00  5.58588535e+00 
 7.40000000e-01  7.40000000e-01  1.48000000e+00  1.73406614e-03  1.38203695e+00  1.70941316e+00  9.85167132e-01  1.68986905e+00  2.97727774e+01  1.42396732e+00  5.58588535e+00 
 7.50000000e-01  7.50000000e-01  1.48000000e+00  1.74176166e-03  1.38203695e+00  1.70941316e+00  9.85167132e-01  1.68986905e+00  2.97727774e+01  1.42396732e+00  5.58588535e+00 
 7.60000000e-01  7.60000000e-01  1.48000000e+00  1.74924178e-03  1.38203695e+00  1.70941316e+00  9.85167132e-01  1.68986905e+00  2.97727774e+01  1.42396732e+00  5.58588535e+00 
 7.70000000e-01  7.70000000e-01  1.48000000e+00  1.75651538e-03  1.38203695e+00  1.70941316e+00  9.85167132e-01  1.68986905e+00  2.97727774e+01  1.42396732e+00  5.58588535e+00 
 7.80000000e-01  7.80000000e-01  1.48000000e+00  1.76359100e-03  1.38203695e+00  1.70941316e+00  9.85167132e-01  1.68986905e+00  2.97727774e+01  1.42396732e+00  5.58588535e+00 
 7.90000000e-01  7.90000000e-01  1.48000000e+00  1.77047688e-03  1.38203695e+00  1.70941316e+00  9.85167132e-01  1.68986905e+00  2.97727774e+01  1.42396732e+00  5.58588535e+00 
 8.00000000e-01  8.00000000e-01  1.48000000e+00  1.77718096e-03  1.38203695e+00  1.70941316e+00  9.85167132e-01  1.68986905e+00  2.97727774e+01  1.42396732e+00  5.58588535e+00 
 8.10000000e-01  8.10000000e-01  1.48000000e+00  1.78371085e-03  1.38203695e+00  1.70941316e+00  9.85167132e-01  1.68986905e+00  2.97727774e+01  1.42396732e+00  5.58588535e+00 
 8.20000000e-01  8.20000000e-01  1.48000000e+00  1.79007387e-03  1.38203695e+00  1.70941316e+00  9.85167132e-01  1.68986905e+00  2.97727774e+01  1.42396732e+00  5.58588535e+00 
 8.30000000e-01  8.30000000e-01  1.48000000e+00  1.79627704e-03  1.38203695e+00  1.70941316e+00  9.85167132e-01  1.68986905e+00  2.97727774e+01  1.42396732e+00  5.58588535e+00 
 8.40000000e-01  8.40000000e-01  1.48000000e+00  1.80232708e-03  1.38203695e+00  1.70941316e+00  9.85167132e-01  1.68986905e+00  2.97727774e+01  1.42396732e+00  5.58588535e+00 
 8.50000000e-01  8.50000000e-01  1.48000000e+00  1.80823043e-03  1.38203695e+00  1.70941316e+00  9.85167132e-01  1.68986905e+00  2.97727774e+01  1.42396732e+00  5.58588535e+00 
 8.60000000e-01  8.60000000e-01  1.48000000e+00  1.81399324e-03  1.38203695e+00  1.70941316e+00  9.85167132e-01  1.68986905e+00  2.97727774e+01  1.42396732e+00  5.58588535e+00 
 8.70000000e-01  8.70000000e-01  1.48000000e+00  1.81962140e-03  1.38203695e+00  1.70941316e+00  9.85167132e-01  1.68986905e+00  2.97727774e+01  1.42396732e+00  5.58588535e+00 
 8.80000000e-01  8.80000000e-01  1.48000000e+00  1.82512052e-03  1.38203695e+00  1.70941316e+00  9.85167132e-01  1.68986905e+00  2.97727774e+01  1.42396732e+00  5.58588535e+00 
 8.90000000e-01  8.90000000e-01  1.48000000e+00  1.83049599e-03  1.38203695e+00  1.70941316e+00  9.85167132e-01  1.68986905e+00  2.97727774e+01  1.42396732e+00  5.58588535e+00 
 9.00000000e-01  9.00000000e-01  1.48000000e+00  1.83575291e-03  1.38203695e+00  1.70941316e+00  9.85167132e-01  1.68986905e+00  2.97727774e+01  1.42396732e+00  5.58588535e+00 
 9.10000000e-01  9.10000000e-01  1.48000000e+00  1.84089618e-03  1.38203695e+00  1.70941316e+00  9.85167132e-01  1.68986905e+00  2.97727774e+01  1.42396732e+00  5.58588535e+00 
 9.20000000e-01  9.20000000e-01  1.48000000e+00  1.84593047e-03  1.38203695e+00  1.70941316e+00  9.85167132e-01  1.68986905e+00  2.97727774e+01  1.42396732e+00  5.58588535e+00 
 9.30000000e-01  9.30000000e-01  1.48000000e+00  1.85086021e-03  1.38203695e+00  1.70941316e+00  9.85167132e-01  1.68986905e+00  2.97727774e+01  1.42396732e+00  5.58588535e+00 
 9.40000000e-01  9.40000000e-01  1.48000000e+00  1.85568965e-03  1.38203695e+00  1.70941316e+00  9.85167132e-01  1.68986905e+00  2.97727774e+01  1.42396732e+00  5.58588535e+00 
 9.50000000e-01  9.50000000e-01  1.48000000e+00  1.86042282e-03  1.38203695e+00  1.70941316e+00  9.85167132e-01  1.68986905e+00  2.97727774e+01  1.42396732e+00  5.58588535e+00 
 9.60000000e-01  9.60000000e-01  1.48000000e+00  1.86506359e-03  1.38203695e+00  1.70941316e+00  9.85167132e-01  1.68986905e+00  2.97727774e+01  1.42396732e+00  5.58588535e+00 
 9.70000000e-01  9.70000000e-01  1.48000000e+00  1.86961562e-03  1.38203695e+00  1.70941316e+00  9.85167132e-01  1.68986905e+00  2.97727774e+01  1.42396732e+00  5.58588535e+00 
 9.80000000e-01  9.80000000e-01  1.48000000e+00  1.87408241e-03  1.38203695e+00  1.70941316e+00  9.85167132e-01  1.68986905e+00  2.97727774e+01  1.42396732e+00  5.58588535e+00 
 9.90000000e-01  9.90000000e-01  1.48000000e+00  1.87846730e-03  1.38203695e+00  1.70941316e+00  9.85167132e-01  1.68986905e+00  2.97727774e+01  1.42396732e+00  5.58588535e+00 
 1.00000000e+00  1.00000000e+00  1.48000000e+00  1.88277347e-03  1.38203695e+00  1.70941316e+00  9.85167132e-01  1.68986905e+00  2.97727774e+01  1.42396732e+00  5.58588535e+00 
 1.01000000e+00  1.01000000e+00  1.48000000e+00  1.88700395e-03  1.38203695e+00  1.70941316e+00  9.85167132e-01  1.68986905e+00  2.97727774e+01  1.42396732e+00  5.58588535e+00 
 1.02000000e+00  1.02000000e+00  1.48000000e+00  1.89116164e-03  1.38203695e+00  1.70941316e+00  9.85167132e-01  1.68986905e+00  2.97727774e+01  1.42396732e+00  5.58588535e+00 
 1.03000000e+00  1.03000000e+00  1.48000000e+00  1.89524928e-03  1.38203695e+00  1.70941316e+00  9.85167132e-01  1.68986905e+00  2.97727774e+01  1.42396732e+00  5.58588535e+00 
 1.04000000e+00  1.04000000e+00  1.48000000e+00  1.89926951e-03  1.38203695e+00  1.70941316e+00  9.85167132e-01  1.68986905e+00  2.97727774e+01  1.42396732e+00  5.58588535e+00 
 1.05000000e+00  1.05000000e+00  1.48000000e+00  1.90322484e-03  1.38203695e+00  1.70941316e+00  9.85167132e-01  1.68986905e+00  2.97727774e+01  1.42396732e+00  5.58588535e+00 
 1.06000000e+00  1.06000000e+00  1.48000000e+00  1.90711766e-03  1.38203695e+00  1.70941316e+00  9.85167132e-01  1.68986905e+00  2.97727774e+01  1.42396732e+00  5.58588535e+00 
 1.07000000e+00  1.07000000e+00  1.48000000e+00  1.91095026e-03  1.38203695e+00  1.70941316e+00  9.85167132e-01  1.68986905e+00  2.97727774e+01  1.42396732e+00  5.58588535e+00 
 1.08000000e+00  1.08000000e+00  1.48000000e+00  1.91472481e-03  1.38203695e+00  1.70941316e+00  9.85167132e-01  1.68986905e+00  2.97727774e+01  1.42396732e+00  5.58588535e+00 
 1.09000000e+00  1.09000000e+00  1.48000000e+00  1.91844339e-03  1.38203695e+00  1.70941316e+00  9.85167132e-01  1.68986905e+00  2.97727774e+01  1.42396732e+00  5.58588535e+00 
 1.10000000e+00  1.10000000e+00  1.48000000e+00  1.92210800e-03  1.38203695e+00  1.70941316e+00  9.85167132e-01  1.68986905e+00  2.97727774e+01  1.42396732e+00  5.58588535e+00 
 1.11000000e+00  1.11000000e+00  1.48000000e+00  1.92572054e-03  1.38203695e+00  1.70941316e+00  9.85167132e-01  1.68986905e+00  2.97727774e+01  1.42396732e+00  5.58588535e+00 
 1.12000000e+00  1.12000000e+00  1.48000000e+00  1.92928281e-03  1.38203695e+00  1.70941316e+00  9.85167132e-01  1.68986905e+00  2.97727774e+01  1.42396732e+00  5.58588535e+00 
 1.13000000e+00  1.13000000e+00  1.48000000e+00  1.93279655e-03  1.38203695e+00  1.70941316e+00  9.85167132e-01  1.68986905e+00  2.97727774e+01  1.42396732e+00  5.58588535e+00 
 1.14000000e+00  1.14000000e+00  1.48000000e+00  1.93626343e-03  1.38203695e+00  1.70941316e+00  9.85167132e-01  1.68986905e+00  2.97727774e+01  1.42396732e+00  5.58588535e+00 
 1.15000000e+00  1.15000000e+00  1.48000000e+00  1.93968503e-03  1.38203695e+00  1.70941316e+00  9.85167132e-01  1.68986905e+00  2.97727774e+01  1.42396732e+00  5.58588535e+00 
 1.16000000e+00  1.16000000e+00  1.48000000e+00  1.94306287e-03  1.38203695e+00  1.70941316e+00  9.85167132e-01  1.68986905e+00  2.97727774e+01  1.42396732e+00  5.58588535e+00 
 1.17000000e+00  1.17000000e+00  1.48000000e+00  1.94639840e-03  1.38203695e+00  1.70941316e+00  9.85167132e-01  1.68986905e+00  2.97727774e+01  1.42396732e+00  5.58588535e+00 
 1.18000000e+00  1.18000000e+00  1.48000000e+00  1.94969301e-03  1.38203695e+00  1.70941316e+00  9.85167132e-01  1.68986905e+00  2.97727774e+01  1.42396732e+00  5.58588535e+00 
 1.19000000e+00  1.19000000e+00  1.48000000e+00  1.95294804e-03  1.38203695e+00  1.70941316e+00  9.85167132e-01  1.68986905e+00  2.97727774e+01  1.42396732e+00  5.58588535e+00 
 1.20000000e+00  1.20000000e+00  1.48000000e+00  1.95616475e-03  1.38203695e+00  1.70941316e+00  9.85167132e-01  1.68986905e+00  2.97727774e+01  1.42396732e+00  5.58588535e+00 
 1.21000000e+00  1.21000000e+00  1.48000000e+00  1.95934438e-03  1.38203695e+00  1.70941316e+00  9.85167132e-01  1.68986905e+00  2.97727774e+01  1.42396732e+00  5.58588535e+00 
 1.22000000e+00  1.22000000e+00  1.48000000e+00  1.96248810e-03  1.38203695e+00  1.70941316e+00  9.85167132e-01  1.68986905e+00  2.97727774e+01  1.42396732e+00  5.58588535e+00 
 1.23000000e+00  1.23000000e+00  1.48000000e+00  1.96559702e-03  1.38203695e+00  1.70941316e+00  9.85167132e-01  1.68986905e+00  2.97727774e+01  1.42396732e+00  5.58588535e+00 
 1.24000000e+00  1.24000000e+00  1.48000000e+00  1.96867223e-03  1.38203695e+00  1.70941316e+00  9.85167132e-01  1.68986905e+00  2.97727774e+01  1.42396732e+00  5.58588535e+00 
 1.25000000e+00  1.25000000e+00  1.48000000e+00  1.97171477e-03  1.38203695e+00  1.70941316e+00  9.85167132e-01  1.68986905e+00  2.97727774e+01  1.42396732e+00  5.58588535e+00 
 1.26000000e+00  1.26000000e+00  1.48000000e+00  1.97472562e-03  1.38203695e+00  1.70941316e+00  9.85167132e-01  1.68986905e+00  2.97727774e+01  1.42396732e+00  5.58588535e+00 
 1.27000000e+00  1.27000000e+00  1.48000000e+00  1.97770575e-03  1.38203695e+00  1.70941316e+00  9.85167132e-01  1.68986905e+00  2.97727774e+01  1.42396732e+00  5.58588535e+00 
 1.28000000e+00  1.28000000e+00  1.48000000e+00  1.98065606e-03  1.38203695e+00  1.70941316e+00  9.85167132e-01  1.68986905e+00  2.97727774e+01  1.42396732e+00  5.58588535e+00 
 1.29000000e+00  1.29000000e+00  1.48000000e+00  1.98357743e-03  1.38203695e+00  1.70941316e+00  9.85167132e-01  1.68986905e+00  2.97727774e+01  1.42396732e+00  5.58588535e+00 
 1.30000000e+00  1.30000000e+00  1.48000000e+00  1.98647072e-03  1.38203695e+00  1.70941316e+00  9.85167132e-01  1.68986905e+00  2.97727774e+01  1.42396732e+00  5.58588535e+00 
 1.31000000e+00  1.31000000e+00  1.48000000e+00  1.98933674e-03  1.38203695e+00  1.70941316e+00  9.85167132e-01  1.68986905e+00  2.97727774e+01  1.42396732e+00  5.58588535e+00 
 1.32000000e+00  1.32000000e+00  1.48000000e+00  1.99217626e-03  1.38203695e+00  1.70941316e+00  9.85167132e-01  1.68986905e+00  2.97727774e+01  1.42396732e+00  5.58588535e+00 
 1.33000000e+00  1.33000000e+00  1.48000000e+00  1.99499005e-03  1.38203695e+00  1.70941316e+00  9.85167132e-01  1.68986905e+00  2.97727774e+01  1.42396732e+00  5.58588535e+00 
 1.34000000e+00  1.34000000e+00  1.48000000e+00  1.99777882e-03  1.38203695e+00  1.70941316e+00  9.85167132e-01  1.68986905e+00  2.97727774e+01  1.42396732e+00  5.58588535e+00 
 1.35000000e+00  1.35000000e+00  1.48000000e+00  2.00054327e-03  1.38203695e+00  1.70941316e+00  9.85167132e-01  1.68986905e+00  2.97727774e+01  1.42396732e+00  5.58588535e+00 
 1.36000000e+00  1.36000000e+00  1.48000000e+00  2.00328408e-03  1.38203695e+00  1.70941316e+00  9.85167132e-01  1.68986905e+00  2.97727774e+01  1.42396732e+00  5.58588535e+00 
 1.37000000e+00  1.37000000e+00  1.48000000e+00  2.00600189e-03  1.38203695e+00  1.70941316e+00  9.85167132e-01  1.68986905e+00  2.97727774e+01  1.42396732e+00  5.58588535e+00 
 1.38000000e+00  1.38000000e+00  1.48000000e+00  2.00869733e-03  1.38203695e+00  1.70941316e+00  9.85167132e-01  1.68986905e+00  2.97727774e+01  1.42396732e+00  5.58588535e+00 
 1.39000000e+00  1.39000000e+00  1.48000000e+00  2.01137099e-03  1.38203695e+00  1.70941316e+00  9.85167132e-01  1.68986905e+00  2.97727774e+01  1.42396732e+00  5.58588535e+00 
 1.40000000e+00  1.40000000e+00  1.48000000e+00  2.01402346e-03  1.38203695e+00  1.70941316e+00  9.85167132e-01  1.68986905e+00  2.97727774e+01  1.42396732e+00  5.58588535e+00 
 1.41000000e+00  1.41000000e+00  1.48000000e+00  2.01665529e-03  1.38203695e+00  1.70941316e+00  9.85167132e-01  1.68986905e+00  2.97727774e+01  1.42396732e+00  5.58588535e+00 
 1.42000000e+00  1.42000000e+00  1.48000000e+00  2.01926703e-03  1.38203695e+00  1.70941316e+00  9.85167132e-01  1.68986905e+00  2.97727774e+01  1.42396732e+00  5.58588535e+00 
 1.43000000e+00  1.43000000e+00  1.48000000e+00  2.02185918e-03  1.38203695e+00  1.70941316e+00  9.85167132e-01  1.68986905e+00  2.97727774e+01  1.42396732e+00  5.58588535e+00 
 1.44000000e+00  1.44000000e+00  1.48000000e+00  2.02443227e-03  1.38203695e+00  1.70941316e+00  9.85167132e-01  1.68986905e+00  2.97727774e+01  1.42396732e+00  5.58588535e+00 
 1.45000000e+00  1.45000000e+00  1.48000000e+00  2.02698677e-03  1.38203695e+00  1.70941316e+00  9.85167132e-01  1.68986905e+00  2.97727774e+01  1.42396732e+00  5.58588535e+00 
 1.46000000e+00  1.46000000e+00  1.48000000e+00  2.02952314e-03  1.38203695e+00  1.70941316e+00  9.85167132e-01  1.68986905e+00  2.97727774e+01  1.42396732e+00  5.58588535e+00 
 1.47000000e+00  1.47000000e+00  1.48000000e+00  2.03204185e-03  1.38203695e+00  1.70941316e+00  9.85167132e-01  1.68986905e+00  2.97727774e+01  1.42396732e+00  5.58588535e+00 
 1.48000000e+00  1.48000000e+00  1.48000000e+00  2.03454332e-03  1.38203695e+00  1.70941316e+00  9.85167132e-01  1.68986905e+00  2.97727774e+01  1.42396732e+00  5.58588535e+00 
 1.49000000e+00  1.49000000e+00  1.48000000e+00  2.03702799e-03  1.38203695e+00  1.70941316e+00  9.85167132e-01  1.68986905e+00  2.97727774e+01  1.42396732e+00  5.58588535e+00 
 1.50000000e+00  1.50000000e+00  1.48000000e+00  2.03949626e-03  1.38203695e+00  1.70941316e+00  9.85167132e-01  1.68986905e+00  2.97727774e+01  1.42396732e+00  5.58588535e+00 
 1.51000000e+00  1.51000000e+00  1.48000000e+00  2.04194853e-03  1.38203695e+00  1.70941316e+00  9.85167132e-01  1.68986905e+00  2.97727774e+01  1.42396732e+00  5.58588535e+00 
 1.52000000e+00  1.52000000e+00  1.48000000e+00  2.04438518e-03  1.38203695e+00  1.70941316e+00  9.85167132e-01  1.68986905e+00  2.97727774e+01  1.42396732e+00  5.58588535e+00 
 1.53000000e+00  1.53000000e+00  1.48000000e+00  2.04680657e-03  1.38203695e+00  1.70941316e+00  9.85167132e-01  1.68986905e+00  2.97727774e+01  1.42396732e+00  5.58588535e+00 
 1.54000000e+00  1.54000000e+00  1.48000000e+00  2.04921308e-03  1.38203695e+00  1.70941316e+00  9.85167132e-01  1.68986905e+00  2.97727774e+01  1.42396732e+00  5.58588535e+00 
 1.55000000e+00  1.55000000e+00  1.48000000e+00  2.05160504e-03  1.38203695e+00  1.70941316e+00  9.85167132e-01  1.68986905e+00  2.97727774e+01  1.42396732e+00  5.58588535e+00 
 1.56000000e+00  1.56000000e+00  1.48000000e+00  2.05398279e-03  1.38203695e+00  1.70941316e+00  9.85167132e-01  1.68986905e+00  2.97727774e+01  1.42396732e+00  5.58588535e+00 
 1.57000000e+00  1.57000000e+00  1.48000000e+00  2.05634666e-03  1.38203695e+00  1.70941316e+00  9.85167132e-01  1.68986905e+00  2.97727774e+01  1.42396732e+00  5.58588535e+00 
 1.58000000e+00  1.58000000e+00  1.48000000e+00  2.05869696e-03  1.38203695e+00  1.70941316e+00  9.85167132e-01  1.68986905e+00  2.97727774e+01  1.42396732e+00  5.58588535e+00 
 1.59000000e+00  1.59000000e+00  1.48000000e+00  2.06103401e-03  1.38203695e+00  1.70941316e+00  9.85167132e-01  1.68986905e+00  2.97727774e+01  1.42396732e+00  5.58588535e+00 
 1.60000000e+00  1.60000000e+00  1.48000000e+00  2.06335808e-03  1.38203695e+00  1.70941316e+00  9.85167132e-01  1.68986905e+00  2.97727774e+01  1.42396732e+00  5.58588535e+00 
 1.61000000e+00  1.61000000e+00  1.48000000e+00  2.06566949e-03  1.38203695e+00  1.70941316e+00  9.85167132e-01  1.68986905e+00  2.97727774e+01  1.42396732e+00  5.58588535e+00 
 1.62000000e+00  1.62000000e+00  1.48000000e+00  2.06796849e-03  1.38203695e+00  1.70941316e+00  9.85167132e-01  1.68986905e+00  2.97727774e+01  1.42396732e+00  5.58588535e+00 
 1.63000000e+00  1.63000000e+00  1.48000000e+00  2.07025537e-03  1.38203695e+00  1.70941316e+00  9.85167132e-01  1.68986905e+00  2.97727774e+01  1.42396732e+00  5.58588535e+00 
 1.64000000e+00  1.64000000e+00  1.48000000e+00  2.07253039e-03  1.38203695e+00  1.70941316e+00  9.85167132e-01  1.68986905e+00  2.97727774e+01  1.42396732e+00  5.58588535e+00 
 1.65000000e+00  1.65000000e+00  1.48000000e+00  2.07479380e-03  1.38203695e+00  1.70941316e+00  9.85167132e-01  1.68986905e+00  2.97727774e+01  1.42396732e+00  5.58588535e+00 
 1.66000000e+00  1.66000000e+00  1.48000000e+00  2.07704584e-03  1.38203695e+00  1.70941316e+00  9.85167132e-01  1.68986905e+00  2.97727774e+01  1.42396732e+00  5.58588535e+00 
 1.67000000e+00  1.67000000e+00  1.48000000e+00  2.07928677e-03  1.38203695e+00  1.70941316e+00  9.85167132e-01  1.68986905e+00  2.97727774e+01  1.42396732e+00  5.58588535e+00 
 1.68000000e+00  1.68000000e+00  1.48000000e+00  2.08151681e-03  1.38203695e+00  1.70941316e+00  9.85167132e-01  1.68986905e+00  2.97727774e+01  1.42396732e+00  5.58588535e+00 
 1.69000000e+00  1.69000000e+00  1.48000000e+00  2.08373620e-03  1.38203695e+00  1.70941316e+00  9.85167132e-01  1.68986905e+00  2.97727774e+01  1.42396732e+00  5.58588535e+00 
 1.70000000e+00  1.70000000e+00  1.48000000e+00  2.08594514e-03  1.38203695e+00  1.70941316e+00  9.85167132e-01  1.68986905e+00  2.97727774e+01  1.42396732e+00  5.58588535e+00 
 1.71000000e+00  1.71000000e+00  1.48000000e+00  2.08814387e-03  1.38203695e+00  1.70941316e+00  9.85167132e-01  1.68986905e+00  2.97727774e+01  1.42396732e+00  5.58588535e+00 
 1.72000000e+00  1.72000000e+00  1.48000000e+00  2.09033258e-03  1.38203695e+00  1.70941316e+00  9.85167132e-01  1.68986905e+00  2.97727774e+01  1.42396732e+00  5.58588535e+00 
 1.73000000e+00  1.73000000e+00  1.48000000e+00  2.09251148e-03  1.38203695e+00  1.70941316e+00  9.85167132e-01  1.68986905e+00  2.97727774e+01  1.42396732e+00  5.58588535e+00 
 1.74000000e+00  1.74000000e+00  1.48000000e+00  2.09468077e-03  1.38203695e+00  1.70941316e+00  9.85167132e-01  1.68986905e+00  2.97727774e+01  1.42396732e+00  5.58588535e+00 
 1.75000000e+00  1.75000000e+00  1.48000000e+00  2.09684065e-03  1.38203695e+00  1.70941316e+00  9.85167132e-01  1.68986905e+00  2.97727774e+01  1.42396732e+00  5.58588535e+00 
 1.76000000e+00  1.76000000e+00  1.48000000e+00  2.09899129e-03  1.38203695e+00  1.70941316e+00  9.85167132e-01  1.68986905e+00  2.97727774e+01  1.42396732e+00  5.58588535e+00 
 1.77000000e+00  1.77000000e+00  1.48000000e+00  2.10113289e-03  1.38203695e+00  1.70941316e+00  9.85167132e-01  1.68986905e+00  2.97727774e+01  1.42396732e+00  5.58588535e+00 
 1.78000000e+00  1.78000000e+00  1.48000000e+00  2.10326562e-03  1.38203695e+00  1.70941316e+00  9.85167132e-01  1.68986905e+00  2.97727774e+01  1.42396732e+00  5.58588535e+00 
 1.79000000e+00  1.79000000e+00  1.48000000e+00  2.10538966e-03  1.38203695e+00  1.70941316e+00  9.85167132e-01  1.68986905e+00  2.97727774e+01  1.42396732e+00  5.58588535e+00 
 1.80000000e+00  1.80000000e+00  1.48000000e+00  2.10750517e-03  1.38203695e+00  1.70941316e+00  9.85167132e-01  1.68986905e+00  2.97727774e+01  1.42396732e+00  5.58588535e+00 
 1.81000000e+00  1.81000000e+00  1.48000000e+00  2.10961234e-03  1.38203695e+00  1.70941316e+00  9.85167132e-01  1.68986905e+00  2.97727774e+01  1.42396732e+00  5.58588535e+00 
 1.82000000e+00  1.82000000e+00  1.48000000e+00  2.11171131e-03  1.38203695e+00  1.70941316e+00  9.85167132e-01  1.68986905e+00  2.97727774e+01  1.42396732e+00  5.58588535e+00 
 1.83000000e+00  1.83000000e+00  1.48000000e+00  2.11380225e-03  1.38203695e+00  1.70941316e+00  9.85167132e-01  1.68986905e+00  2.97727774e+01  1.42396732e+00  5.58588535e+00 
 1.84000000e+00  1.84000000e+00  1.48000000e+00  2.11588531e-03  1.38203695e+00  1.70941316e+00  9.85167132e-01  1.68986905e+00  2.97727774e+01  1.42396732e+00  5.58588535e+00 
 1.85000000e+00  1.85000000e+00  1.48000000e+00  2.11796065e-03  1.38203695e+00  1.70941316e+00  9.85167132e-01  1.68986905e+00  2.97727774e+01  1.42396732e+00  5.58588535e+00 
