 0.00000000e+00  1.48000000e+00  0.00000000e+00  1.48148160e-12  1.39982530e+00  1.76935576e+00  1.03742680e+00  1.85193155e+00  3.14226398e+01  1.28612147e+00  5.44619261e+00 
 1.00000000e-02  1.48000000e+00  1.00000000e-02  1.48148160e-12  1.39982530e+00  1.76935576e+00  1.03742680e+00  1.85193155e+00  3.14226398e+01  1.28612147e+00  5.44619261e+00 
 2.00000000e-02  1.48000000e+00  2.00000000e-02  1.48148160e-12  1.39982530e+00  1.76935576e+00  1.03742680e+00  1.85193155e+00  3.14226398e+01  1.28612147e+00  5.44619261e+00 
 3.00000000e-02  1.48000000e+00  3.00000000e-02  1.48148160e-12  1.39982530e+00  1.76935576e+00  1.03742680e+00  1.85193155e+00  3.14226398e+01  1.28612147e+00  5.44619261e+00 
 4.00000000e-02  1.48000000e+00  4.00000000e-02  1.48148160e-12  1.39982530e+00  1.76935576e+00  1.03742680e+00  1.85193155e+00  3.14226398e+01  1.28612147e+00  5.44619261e+00 
 5.00000000e-02  1.48000000e+00  5.00000000e-02  1.48148160e-12  1.39982530e+00  1.76935576e+00  1.03742680e+00  1.85193155e+00  3.14226398e+01  1.28612147e+00  5.44619261e+00 
 6.00000000e-02  1.48000000e+00  6.00000000e-02  1.48148160e-12  1.39982530e+00  1.76935576e+00  1.03742680e+00  1.85193155e+00  3.14226398e+01  1.28612147e+00  5.44619261e+00 
 7.00000000e-02  1.48000000e+00  7.00000000e-02  1.48148160e-12  1.39982530e+00  1.76935576e+00  1.03742680e+00  1.85193155e+00  3.14226398e+01  1.28612147e+00  5.44619261e+00 
 8.00000000e-02  1.48000000e+00  8.00000000e-02  1.48148160e-12  1.39982530e+00  1.76935576e+00  1.03742680e+00  1.85193155e+00  3.14226398e+01  1.28612147e+00  5.44619261e+00 
 9.00000000e-02  1.48000000e+00  9.00000000e-02  1.48148160e-12  1.39982530e+00  1.76935576e+00  1.03742680e+00  1.85193155e+00  3.14226398e+01  1.28612147e+00  5.44619261e+00 
 1.00000000e-01  1.48000000e+00  1.00000000e-01  1.48148160e-12  1.39982530e+00  1.76935576e+00  1.03742680e+00  1.85193155e+00  3.14226398e+01  1.28612147e+00  5.44619261e+00 
 1.10000000e-01  1.48000000e+00  1.10000000e-01  1.48148160e-12  1.39982530e+00  1.76935576e+00  1.03742680e+00  1.85193155e+00  3.14226398e+01  1.28612147e+00  5.44619261e+00 
 1.20000000e-01  1.48000000e+00  1.20000000e-01  1.48148160e-12  1.39982530e+00  1.76935576e+00  1.03742680e+00  1.85193155e+00  3.14226398e+01  1.28612147e+00  5.44619261e+00 
 1.30000000e-01  1.48000000e+00  1.30000000e-01  1.48148160e-12  1.39982530e+00  1.76935576e+00  1.03742680e+00  1.85193155e+00  3.14226398e+01  1.28612147e+00  5.44619261e+00 
 1.40000000e-01  1.48000000e+00  1.40000000e-01  1.48148160e-12  1.39982530e+00  1.76935576e+00  1.03742680e+00  1.85193155e+00  3.14226398e+01  1.28612147e+00  5.44619261e+00 
 1.50000000e-01  1.48000000e+00  1.50000000e-01  1.48148160e-12  1.39982530e+00  1.76935576e+00  1.03742680e+00  1.85193155e+00  3.14226398e+01  1.28612147e+00  5.44619261e+00 
 1.60000000e-01  1.48000000e+00  1.60000000e-01  1.48148160e-12  1.39982530e+00  1.76935576e+00  1.03742680e+00  1.85193155e+00  3.14226398e+01  1.28612147e+00  5.44619261e+00 
 1.70000000e-01  1.48000000e+00  1.70000000e-01  1.48148160e-12  1.39982530e+00  1.76935576e+00  1.03742680e+00  1.85193155e+00  3.14226398e+01  1.28612147e+00  5.44619261e+00 
 1.80000000e-01  1.48000000e+00  1.80000000e-01  1.48148160e-12  1.39982530e+00  1.76935576e+00  1.03742680e+00  1.85193155e+00  3.14226398e+01  1.28612147e+00  5.44619261e+00 
 1.90000000e-01  1.48000000e+00  1.90000000e-01  1.48148160e-12  1.39982530e+00  1.76935576e+00  1.03742680e+00  1.85193155e+00  3.14226398e+01  1.28612147e+00  5.44619261e+00 
 2.00000000e-01  1.48000000e+00  2.00000000e-01  1.48148160e-12  1.39982530e+00  1.76935576e+00  1.03742680e+00  1.85193155e+00  3.14226398e+01  1.28612147e+00  5.44619261e+00 
 2.10000000e-01  1.48000000e+00  2.10000000e-01  1.48148160e-12  1.39982530e+00  1.76935576e+00  1.03742680e+00  1.85193155e+00  3.14226398e+01  1.28612147e+00  5.44619261e+00 
 2.20000000e-01  1.48000000e+00  2.20000000e-01  1.48148160e-12  1.39982530e+00  1.76935576e+00  1.03742680e+00  1.85193155e+00  3.14226398e+01  1.28612147e+00  5.44619261e+00 
 2.30000000e-01  1.48000000e+00  2.30000000e-01  1.48148160e-12  1.39982530e+00  1.76935576e+00  1.03742680e+00  1.85193155e+00  3.14226398e+01  1.28612147e+00  5.44619261e+00 
 2.40000000e-01  1.48000000e+00  2.40000000e-01  1.48148160e-12  1.39982530e+00  1.76935576e+00  1.03742680e+00  1.85193155e+00  3.14226398e+01  1.28612147e+00  5.44619261e+00 
 2.50000000e-01  1.48000000e+00  2.50000000e-01  1.48148160e-12  1.39982530e+00  1.76935576e+00  1.03742680e+00  1.85193155e+00  3.14226398e+01  1.28612147e+00  5.44619261e+00 
 2.60000000e-01  1.48000000e+00  2.60000000e-01  1.48148160e-12  1.39982530e+00  1.76935576e+00  1.03742680e+00  1.85193155e+00  3.14226398e+01  1.28612147e+00  5.44619261e+00 
 2.70000000e-01  1.48000000e+00  2.70000000e-01  1.48148160e-12  1.39982530e+00  1.76935576e+00  1.03742680e+00  1.85193155e+00  3.14226398e+01  1.28612147e+00  5.44619261e+00 
 2.80000000e-01  1.48000000e+00  2.80000000e-01  1.48148160e-12  1.39982530e+00  1.76935576e+00  1.03742680e+00  1.85193155e+00  3.14226398e+01  1.28612147e+00  5.44619261e+00 
 2.90000000e-01  1.48000000e+00  2.90000000e-01  1.48148160e-12  1.39982530e+00  1.76935576e+00  1.03742680e+00  1.85193155e+00  3.14226398e+01  1.28612147e+00  5.44619261e+00 
 3.00000000e-01  1.48000000e+00  3.00000000e-01  1.48148160e-12  1.39982530e+00  1.76935576e+00  1.03742680e+00  1.85193155e+00  3.14226398e+01  1.28612147e+00  5.44619261e+00 
 3.10000000e-01  1.48000000e+00  3.10000000e-01  1.48148160e-12  1.39982530e+00  1.76935576e+00  1.03742680e+00  1.85193155e+00  3.14226398e+01  1.28612147e+00  5.44619261e+00 
 3.20000000e-01  1.48000000e+00  3.20000000e-01  1.48148160e-12  1.39982530e+00  1.76935576e+00  1.03742680e+00  1.85193155e+00  3.14226398e+01  1.28612147e+00  5.44619261e+00 
 3.30000000e-01  1.48000000e+00  3.30000000e-01  1.48148160e-12  1.39982530e+00  1.76935576e+00  1.03742680e+00  1.85193155e+00  3.14226398e+01  1.28612147e+00  5.44619261e+00 
 3.40000000e-01  1.48000000e+00  3.40000000e-01  1.48148160e-12  1.39982530e+00  1.76935576e+00  1.03742680e+00  1.85193155e+00  3.14226398e+01  1.28612147e+00  5.44619261e+00 
 3.50000000e-01  1.48000000e+00  3.50000000e-01  1.48148160e-12  1.39982530e+00  1.76935576e+00  1.03742680e+00  1.85193155e+00  3.14226398e+01  1.28612147e+00  5.44619261e+00 
 3.60000000e-01  1.48000000e+00  3.60000000e-01  1.48148160e-12  1.39982530e+00  1.76935576e+00  1.03742680e+00  1.85193155e+00  3.14226398e+01  1.28612147e+00  5.44619261e+00 
 3.70000000e-01  1.48000000e+00  3.70000000e-01  1.48148160e-12  1.39982530e+00  1.76935576e+00  1.03742680e+00  1.85193155e+00  3.14226398e+01  1.28612147e+00  5.44619261e+00 
 3.80000000e-01  1.48000000e+00  3.80000000e-01  1.48148160e-12  1.39982530e+00  1.76935576e+00  1.03742680e+00  1.85193155e+00  3.14226398e+01  1.28612147e+00  5.44619261e+00 
 3.90000000e-01  1.48000000e+00  3.90000000e-01  1.48148160e-12  1.39982530e+00  1.76935576e+00  1.03742680e+00  1.85193155e+00  3.14226398e+01  1.28612147e+00  5.44619261e+00 
 4.00000000e-01  1.48000000e+00  4.00000000e-01  1.48148160e-12  1.39982530e+00  1.76935576e+00  1.03742680e+00  1.85193155e+00  3.14226398e+01  1.28612147e+00  5.44619261e+00 
 4.10000000e-01  1.48000000e+00  4.10000000e-01  1.48325796e-12  1.39982530e+00  1.76935576e+00  1.03742680e+00  1.85193155e+00  3.14226398e+01  1.28612147e+00  5.44619261e+00 
 4.20000000e-01  1.48000000e+00  4.20000000e-01  1.48503432e-12  1.39982530e+00  1.76935576e+00  1.03742680e+00  1.85193155e+00  3.14226398e+01  1.28612147e+00  5.44619261e+00 
 4.30000000e-01  1.48000000e+00  4.30000000e-01  1.48325796e-12  1.39982530e+00  1.76935576e+00  1.03742680e+00  1.85193155e+00  3.14226398e+01  1.28612147e+00  5.44619261e+00 
 4.40000000e-01  1.48000000e+00  4.40000000e-01  1.48325796e-12  1.39982530e+00  1.76935576e+00  1.03742680e+00  1.85193155e+00  3.14226398e+01  1.28612147e+00  5.44619261e+00 
 4.50000000e-01  1.48000000e+00  4.50000000e-01  1.48858703e-12  1.39982530e+00  1.76935576e+00  1.03742680e+00  1.85193155e+00  3.14226398e+01  1.28612147e+00  5.44619261e+00 
 4.60000000e-01  1.48000000e+00  4.60000000e-01  1.50102153e-12  1.39982530e+00  1.76935576e+00  1.03742680e+00  1.85193155e+00  3.14226398e+01  1.28612147e+00  5.44619261e+00 
 4.70000000e-01  1.48000000e+00  4.70000000e-01  1.52766688e-12  1.39982530e+00  1.76935576e+00  1.03742680e+00  1.85193155e+00  3.14226398e+01  1.28612147e+00  5.44619261e+00 
 4.80000000e-01  1.48000000e+00  4.80000000e-01  1.59694480e-12  1.39982530e+00  1.76935576e+00  1.03742680e+00  1.85193155e+00  3.14226398e+01  1.28612147e+00  5.44619261e+00 
 4.90000000e-01  1.48000000e+00  4.90000000e-01  1.78168591e-12  1.39982530e+00  1.76935576e+00  1.03742680e+00  1.85193155e+00  3.14226398e+01  1.28612147e+00  5.44619261e+00 
 5.00000000e-01  1.48000000e+00  5.00000000e-01  2.25952590e-12  1.39982530e+00  1.76935576e+00  1.03742680e+00  1.85193155e+00  3.14226398e+01  1.28612147e+00  5.44619261e+00 
 5.10000000e-01  1.48000000e+00  5.10000000e-01  3.50652840e-12  1.39982530e+00  1.76935576e+00  1.03742680e+00  1.85193155e+00  3.14226398e+01  1.28612147e+00  5.44619261e+00 
 5.20000000e-01  1.48000000e+00  5.20000000e-01  6.74305056e-12  1.39982530e+00  1.76935576e+00  1.03742680e+00  1.85193155e+00  3.14226398e+01  1.28612147e+00  5.44619261e+00 
 5.30000000e-01  1.48000000e+00  5.30000000e-01  1.51114676e-11  1.39982530e+00  1.76935576e+00  1.03742680e+00  1.85193155e+00  3.14226398e+01  1.28612147e+00  5.44619261e+00 
 5.40000000e-01  1.48000000e+00  5.40000000e-01  3.65822928e-11  1.39982530e+00  1.76935576e+00  1.03742680e+00  1.85193155e+00  3.14226398e+01  1.28612147e+00  5.44619261e+00 
 5.50000000e-01  1.48000000e+00  5.50000000e-01  9.10898024e-11  1.39982530e+00  1.76935576e+00  1.03742680e+00  1.85193155e+00  3.14226398e+01  1.28612147e+00  5.44619261e+00 
 5.60000000e-01  1.48000000e+00  5.60000000e-01  2.27144525e-10  1.39982530e+00  1.76935576e+00  1.03742680e+00  1.85193155e+00  3.14226398e+01  1.28612147e+00  5.44619261e+00 
 5.70000000e-01  1.48000000e+00  5.70000000e-01  5.58316060e-10  1.39982530e+00  1.76935576e+00  1.03742680e+00  1.85193155e+00  3.14226398e+01  1.28612147e+00  5.44619261e+00 
 5.80000000e-01  1.48000000e+00  5.80000000e-01  1.33598732e-09  1.39982530e+00  1.76935576e+00  1.03742680e+00  1.85193155e+00  3.14226398e+01  1.28612147e+00  5.44619261e+00 
 5.90000000e-01  1.48000000e+00  5.90000000e-01  3.07614556e-09  1.39982530e+00  1.76935576e+00  1.03742680e+00  1.85193155e+00  3.14226398e+01  1.28612147e+00  5.44619261e+00 
 6.00000000e-01  1.48000000e+00  6.00000000e-01  6.74548062e-09  1.39982530e+00  1.76935576e+00  1.03742680e+00  1.85193155e+00  3.14226398e+01  1.28612147e+00  5.44619261e+00 
 6.10000000e-01  1.48000000e+00  6.10000000e-01  1.39929242e-08  1.39982530e+00  1.76935576e+00  1.03742680e+00  1.85193155e+00  3.14226398e+01  1.28612147e+00  5.44619261e+00 
 6.20000000e-01  1.48000000e+00  6.20000000e-01  2.74356395e-08  1.39982530e+00  1.76935576e+00  1.03742680e+00  1.85193155e+00  3.14226398e+01  1.28612147e+00  5.44619261e+00 
 6.30000000e-01  1.48000000e+00  6.30000000e-01  5.11114848e-08  1.39982530e+00  1.76935576e+00  1.03742680e+00  1.85193155e+00  3.14226398e+01  1.28612147e+00  5.44619261e+00 
 6.40000000e-01  1.48000000e+00  6.40000000e-01  9.13296248e-08  1.39982530e+00  1.76935576e+00  1.03742680e+00  1.85193155e+00  3.14226398e+01  1.28612147e+00  5.44619261e+00 
 6.50000000e-01  1.48000000e+00  6.50000000e-01  1.58212179e-07  1.39982530e+00  1.76935576e+00  1.03742680e+00  1.85193155e+00  3.14226398e+01  1.28612147e+00  5.44619261e+00 
 6.60000000e-01  1.48000000e+00  6.60000000e-01  2.68294528e-07  1.39982530e+00  1.76935576e+00  1.03742680e+00  1.85193155e+00  3.14226398e+01  1.28612147e+00  5.44619261e+00 
 6.70000000e-01  1.48000000e+00  6.70000000e-01  4.48724302e-07  1.39982530e+00  1.76935576e+00  1.03742680e+00  1.85193155e+00  3.14226398e+01  1.28612147e+00  5.44619261e+00 
 6.80000000e-01  1.48000000e+00  6.80000000e-01  7.43706471e-07  1.39982530e+00  1.76935576e+00  1.03742680e+00  1.85193155e+00  3.14226398e+01  1.28612147e+00  5.44619261e+00 
 6.90000000e-01  1.48000000e+00  6.90000000e-01  1.22330903e-06  1.39982530e+00  1.76935576e+00  1.03742680e+00  1.85193155e+00  3.14226398e+01  1.28612147e+00  5.44619261e+00 
 7.00000000e-01  1.48000000e+00  7.00000000e-01  1.99258251e-06  1.39982530e+00  1.76935576e+00  1.03742680e+00  1.85193155e+00  3.14226398e+01  1.28612147e+00  5.44619261e+00 
 7.10000000e-01  1.48000000e+00  7.10000000e-01  3.19494517e-06  1.39982530e+00  1.76935576e+00  1.03742680e+00  1.85193155e+00  3.14226398e+01  1.28612147e+00  5.44619261e+00 
 7.20000000e-01  1.48000000e+00  7.20000000e-01  5.00154275e-06  1.39982530e+00  1.76935576e+00  1.03742680e+00  1.85193155e+00  3.14226398e+01  1.28612147e+00  5.44619261e+00 
 7.30000000e-01  1.48000000e+00  7.30000000e-01  7.58459660e-06  1.39982530e+00  1.76935576e+00  1.03742680e+00  1.85193155e+00  3.14226398e+01  1.28612147e+00  5.44619261e+00 
 7.40000000e-01  1.48000000e+00  7.40000000e-01  1.10862126e-05  1.39982530e+00  1.76935576e+00  1.03742680e+00  1.85193155e+00  3.14226398e+01  1.28612147e+00  5.44619261e+00 
 7.50000000e-01  1.48000000e+00  7.50000000e-01  1.55996085e-05  1.39982530e+00  1.76935576e+00  1.03742680e+00  1.85193155e+00  3.14226398e+01  1.28612147e+00  5.44619261e+00 
 7.60000000e-01  1.48000000e+00  7.60000000e-01  2.11693719e-05  1.39982530e+00  1.76935576e+00  1.03742680e+00  1.85193155e+00  3.14226398e+01  1.28612147e+00  5.44619261e+00 
 7.70000000e-01  1.48000000e+00  7.70000000e-01  2.78041098e-05  1.39982530e+00  1.76935576e+00  1.03742680e+00  1.85193155e+00  3.14226398e+01  1.28612147e+00  5.44619261e+00 
 7.80000000e-01  1.48000000e+00  7.80000000e-01  3.54914405e-05  1.39982530e+00  1.76935576e+00  1.03742680e+00  1.85193155e+00  3.14226398e+01  1.28612147e+00  5.44619261e+00 
 7.90000000e-01  1.48000000e+00  7.90000000e-01  4.42095066e-05  1.39982530e+00  1.76935576e+00  1.03742680e+00  1.85193155e+00  3.14226398e+01  1.28612147e+00  5.44619261e+00 
 8.00000000e-01  1.48000000e+00  8.00000000e-01  5.39338647e-05  1.39982530e+00  1.76935576e+00  1.03742680e+00  1.85193155e+00  3.14226398e+01  1.28612147e+00  5.44619261e+00 
 8.10000000e-01  1.48000000e+00  8.10000000e-01  6.46408206e-05  1.39982530e+00  1.76935576e+00  1.03742680e+00  1.85193155e+00  3.14226398e+01  1.28612147e+00  5.44619261e+00 
 8.20000000e-01  1.48000000e+00  8.20000000e-01  7.63086248e-05  1.39982530e+00  1.76935576e+00  1.03742680e+00  1.85193155e+00  3.14226398e+01  1.28612147e+00  5.44619261e+00 
 8.30000000e-01  1.48000000e+00  8.30000000e-01  8.89175927e-05  1.39982530e+00  1.76935576e+00  1.03742680e+00  1.85193155e+00  3.14226398e+01  1.28612147e+00  5.44619261e+00 
 8.40000000e-01  1.48000000e+00  8.40000000e-01  1.02449781e-04  1.39982530e+00  1.76935576e+00  1.03742680e+00  1.85193155e+00  3.14226398e+01  1.28612147e+00  5.44619261e+00 
 8.50000000e-01  1.48000000e+00  8.50000000e-01  1.16888547e-04  1.39982530e+00  1.76935576e+00  1.03742680e+00  1.85193155e+00  3.14226398e+01  1.28612147e+00  5.44619261e+00 
 8.60000000e-01  1.48000000e+00  8.60000000e-01  1.32218138e-04  1.39982530e+00  1.76935576e+00  1.03742680e+00  1.85193155e+00  3.14226398e+01  1.28612147e+00  5.44619261e+00 
 8.70000000e-01  1.48000000e+00  8.70000000e-01  1.48423351e-04  1.39982530e+00  1.76935576e+00  1.03742680e+00  1.85193155e+00  3.14226398e+01  1.28612147e+00  5.44619261e+00 
 8.80000000e-01  1.48000000e+00  8.80000000e-01  1.65489288e-04  1.39982530e+00  1.76935576e+00  1.03742680e+00  1.85193155e+00  3.14226398e+01  1.28612147e+00  5.44619261e+00 
 8.90000000e-01  1.48000000e+00  8.90000000e-01  1.83401177e-04  1.39982530e+00  1.76935576e+00  1.03742680e+00  1.85193155e+00  3.14226398e+01  1.28612147e+00  5.44619261e+00 
 9.00000000e-01  1.48000000e+00  9.00000000e-01  2.02144254e-04  1.39982530e+00  1.76935576e+00  1.03742680e+00  1.85193155e+00  3.14226398e+01  1.28612147e+00  5.44619261e+00 
 9.10000000e-01  1.48000000e+00  9.10000000e-01  2.21703689e-04  1.39982530e+00  1.76935576e+00  1.03742680e+00  1.85193155e+00  3.14226398e+01  1.28612147e+00  5.44619261e+00 
 9.20000000e-01  1.48000000e+00  9.20000000e-01  2.42064542e-04  1.39982530e+00  1.76935576e+00  1.03742680e+00  1.85193155e+00  3.14226398e+01  1.28612147e+00  5.44619261e+00 
 9.30000000e-01  1.48000000e+00  9.30000000e-01  2.63211746e-04  1.39982530e+00  1.76935576e+00  1.03742680e+00  1.85193155e+00  3.14226398e+01  1.28612147e+00  5.44619261e+00 
 9.40000000e-01  1.48000000e+00  9.40000000e-01  2.85130097e-04  1.39982530e+00  1.76935576e+00  1.03742680e+00  1.85193155e+00  3.14226398e+01  1.28612147e+00  5.44619261e+00 
 9.50000000e-01  1.48000000e+00  9.50000000e-01  3.07804261e-04  1.39982530e+00  1.76935576e+00  1.03742680e+00  1.85193155e+00  3.14226398e+01  1.28612147e+00  5.44619261e+00 
 9.60000000e-01  1.48000000e+00  9.60000000e-01  3.31218782e-04  1.39982530e+00  1.76935576e+00  1.03742680e+00  1.85193155e+00  3.14226398e+01  1.28612147e+00  5.44619261e+00 
 9.70000000e-01  1.48000000e+00  9.70000000e-01  3.55358090e-04  1.39982530e+00  1.76935576e+00  1.03742680e+00  1.85193155e+00  3.14226398e+01  1.28612147e+00  5.44619261e+00 
 9.80000000e-01  1.48000000e+00  9.80000000e-01  3.80206532e-04  1.39982530e+00  1.76935576e+00  1.03742680e+00  1.85193155e+00  3.14226398e+01  1.28612147e+00  5.44619261e+00 
 9.90000000e-01  1.48000000e+00  9.90000000e-01  4.05748381e-04  1.39982530e+00  1.76935576e+00  1.03742680e+00  1.85193155e+00  3.14226398e+01  1.28612147e+00  5.44619261e+00 
 1.00000000e+00  1.48000000e+00  1.00000000e+00  4.31967860e-04  1.39982530e+00  1.76935576e+00  1.03742680e+00  1.85193155e+00  3.14226398e+01  1.28612147e+00  5.44619261e+00 
 1.01000000e+00  1.48000000e+00  1.01000000e+00  4.58849155e-04  1.39982530e+00  1.76935576e+00  1.03742680e+00  1.85193155e+00  3.14226398e+01  1.28612147e+00  5.44619261e+00 
 1.02000000e+00  1.48000000e+00  1.02000000e+00  4.86376436e-04  1.39982530e+00  1.76935576e+00  1.03742680e+00  1.85193155e+00  3.14226398e+01  1.28612147e+00  5.44619261e+00 
 1.03000000e+00  1.48000000e+00  1.03000000e+00  5.14533871e-04  1.39982530e+00  1.76935576e+00  1.03742680e+00  1.85193155e+00  3.14226398e+01  1.28612147e+00  5.44619261e+00 
 1.04000000e+00  1.48000000e+00  1.04000000e+00  5.43305647e-04  1.39982530e+00  1.76935576e+00  1.03742680e+00  1.85193155e+00  3.14226398e+01  1.28612147e+00  5.44619261e+00 
 1.05000000e+00  1.48000000e+00  1.05000000e+00  5.72675985e-04  1.39982530e+00  1.76935576e+00  1.03742680e+00  1.85193155e+00  3.14226398e+01  1.28612147e+00  5.44619261e+00 
 1.06000000e+00  1.48000000e+00  1.06000000e+00  6.02629152e-04  1.39982530e+00  1.76935576e+00  1.03742680e+00  1.85193155e+00  3.14226398e+01  1.28612147e+00  5.44619261e+00 
 1.07000000e+00  1.48000000e+00  1.07000000e+00  6.33149480e-04  1.39982530e+00  1.76935576e+00  1.03742680e+00  1.85193155e+00  3.14226398e+01  1.28612147e+00  5.44619261e+00 
 1.08000000e+00  1.48000000e+00  1.08000000e+00  6.64221377e-04  1.39982530e+00  1.76935576e+00  1.03742680e+00  1.85193155e+00  3.14226398e+01  1.28612147e+00  5.44619261e+00 
 1.09000000e+00  1.48000000e+00  1.09000000e+00  6.95829341e-04  1.39982530e+00  1.76935576e+00  1.03742680e+00  1.85193155e+00  3.14226398e+01  1.28612147e+00  5.44619261e+00 
 1.10000000e+00  1.48000000e+00  1.10000000e+00  7.27957970e-04  1.39982530e+00  1.76935576e+00  1.03742680e+00  1.85193155e+00  3.14226398e+01  1.28612147e+00  5.44619261e+00 
 1.11000000e+00  1.48000000e+00  1.11000000e+00  7.60591979e-04  1.39982530e+00  1.76935576e+00  1.03742680e+00  1.85193155e+00  3.14226398e+01  1.28612147e+00  5.44619261e+00 
 1.12000000e+00  1.48000000e+00  1.12000000e+00  7.93716201e-04  1.39982530e+00  1.76935576e+00  1.03742680e+00  1.85193155e+00  3.14226398e+01  1.28612147e+00  5.44619261e+00 
 1.13000000e+00  1.48000000e+00  1.13000000e+00  8.27315608e-04  1.39982530e+00  1.76935576e+00  1.03742680e+00  1.85193155e+00  3.14226398e+01  1.28612147e+00  5.44619261e+00 
 1.14000000e+00  1.48000000e+00  1.14000000e+00  8.61375310e-04  1.39982530e+00  1.76935576e+00  1.03742680e+00  1.85193155e+00  3.14226398e+01  1.28612147e+00  5.44619261e+00 
 1.15000000e+00  1.48000000e+00  1.15000000e+00  8.95880571e-04  1.39982530e+00  1.76935576e+00  1.03742680e+00  1.85193155e+00  3.14226398e+01  1.28612147e+00  5.44619261e+00 
 1.16000000e+00  1.48000000e+00  1.16000000e+00  9.30816810e-04  1.39982530e+00  1.76935576e+00  1.03742680e+00  1.85193155e+00  3.14226398e+01  1.28612147e+00  5.44619261e+00 
 1.17000000e+00  1.48000000e+00  1.17000000e+00  9.66169614e-04  1.39982530e+00  1.76935576e+00  1.03742680e+00  1.85193155e+00  3.14226398e+01  1.28612147e+00  5.44619261e+00 
 1.18000000e+00  1.48000000e+00  1.18000000e+00  1.00192474e-03  1.39982530e+00  1.76935576e+00  1.03742680e+00  1.85193155e+00  3.14226398e+01  1.28612147e+00  5.44619261e+00 
 1.19000000e+00  1.48000000e+00  1.19000000e+00  1.03806813e-03  1.39982530e+00  1.76935576e+00  1.03742680e+00  1.85193155e+00  3.14226398e+01  1.28612147e+00  5.44619261e+00 
 1.20000000e+00  1.48000000e+00  1.20000000e+00  1.07458589e-03  1.39982530e+00  1.76935576e+00  1.03742680e+00  1.85193155e+00  3.14226398e+01  1.28612147e+00  5.44619261e+00 
 1.21000000e+00  1.48000000e+00  1.21000000e+00  1.11146433e-03  1.39982530e+00  1.76935576e+00  1.03742680e+00  1.85193155e+00  3.14226398e+01  1.28612147e+00  5.44619261e+00 
 1.22000000e+00  1.48000000e+00  1.22000000e+00  1.14868995e-03  1.39982530e+00  1.76935576e+00  1.03742680e+00  1.85193155e+00  3.14226398e+01  1.28612147e+00  5.44619261e+00 
 1.23000000e+00  1.48000000e+00  1.23000000e+00  1.18624943e-03  1.39982530e+00  1.76935576e+00  1.03742680e+00  1.85193155e+00  3.14226398e+01  1.28612147e+00  5.44619261e+00 
 1.24000000e+00  1.48000000e+00  1.24000000e+00  1.22412968e-03  1.39982530e+00  1.76935576e+00  1.03742680e+00  1.85193155e+00  3.14226398e+01  1.28612147e+00  5.44619261e+00 
 1.25000000e+00  1.48000000e+00  1.25000000e+00  1.26231776e-03  1.39982530e+00  1.76935576e+00  1.03742680e+00  1.85193155e+00  3.14226398e+01  1.28612147e+00  5.44619261e+00 
 1.26000000e+00  1.48000000e+00  1.26000000e+00  1.30080099e-03  1.39982530e+00  1.76935576e+00  1.03742680e+00  1.85193155e+00  3.14226398e+01  1.28612147e+00  5.44619261e+00 
 1.27000000e+00  1.48000000e+00  1.27000000e+00  1.33956685e-03  1.39982530e+00  1.76935576e+00  1.03742680e+00  1.85193155e+00  3.14226398e+01  1.28612147e+00  5.44619261e+00 
 1.28000000e+00  1.48000000e+00  1.28000000e+00  1.37860304e-03  1.39982530e+00  1.76935576e+00  1.03742680e+00  1.85193155e+00  3.14226398e+01  1.28612147e+00  5.44619261e+00 
 1.29000000e+00  1.48000000e+00  1.29000000e+00  1.41789748e-03  1.39982530e+00  1.76935576e+00  1.03742680e+00  1.85193155e+00  3.14226398e+01  1.28612147e+00  5.44619261e+00 
 1.30000000e+00  1.48000000e+00  1.30000000e+00  1.45743827e-03  1.39982530e+00  1.76935576e+00  1.03742680e+00  1.85193155e+00  3.14226398e+01  1.28612147e+00  5.44619261e+00 
 1.31000000e+00  1.48000000e+00  1.31000000e+00  1.49721374e-03  1.39982530e+00  1.76935576e+00  1.03742680e+00  1.85193155e+00  3.14226398e+01  1.28612147e+00  5.44619261e+00 
 1.32000000e+00  1.48000000e+00  1.32000000e+00  1.53721243e-03  1.39982530e+00  1.76935576e+00  1.03742680e+00  1.85193155e+00  3.14226398e+01  1.28612147e+00  5.44619261e+00 
 1.33000000e+00  1.48000000e+00  1.33000000e+00  1.57742305e-03  1.39982530e+00  1.76935576e+00  1.03742680e+00  1.85193155e+00  3.14226398e+01  1.28612147e+00  5.44619261e+00 
 1.34000000e+00  1.48000000e+00  1.34000000e+00  1.61783457e-03  1.39982530e+00  1.76935576e+00  1.03742680e+00  1.85193155e+00  3.14226398e+01  1.28612147e+00  5.44619261e+00 
 1.35000000e+00  1.48000000e+00  1.35000000e+00  1.65843613e-03  1.39982530e+00  1.76935576e+00  1.03742680e+00  1.85193155e+00  3.14226398e+01  1.28612147e+00  5.44619261e+00 
 1.36000000e+00  1.48000000e+00  1.36000000e+00  1.69921708e-03  1.39982530e+00  1.76935576e+00  1.03742680e+00  1.85193155e+00  3.14226398e+01  1.28612147e+00  5.44619261e+00 
 1.37000000e+00  1.48000000e+00  1.37000000e+00  1.74016697e-03  1.39982530e+00  1.76935576e+00  1.03742680e+00  1.85193155e+00  3.14226398e+01  1.28612147e+00  5.44619261e+00 
 1.38000000e+00  1.48000000e+00  1.38000000e+00  1.78127557e-03  1.39982530e+00  1.76935576e+00  1.03742680e+00  1.85193155e+00  3.14226398e+01  1.28612147e+00  5.44619261e+00 
 1.39000000e+00  1.48000000e+00  1.39000000e+00  1.82253283e-03  1.39982530e+00  1.76935576e+00  1.03742680e+00  1.85193155e+00  3.14226398e+01  1.28612147e+00  5.44619261e+00 
 1.40000000e+00  1.48000000e+00  1.40000000e+00  1.86392892e-03  1.39982530e+00  1.76935576e+00  1.03742680e+00  1.85193155e+00  3.14226398e+01  1.28612147e+00  5.44619261e+00 
 1.41000000e+00  1.48000000e+00  1.41000000e+00  1.90545417e-03  1.39982530e+00  1.76935576e+00  1.03742680e+00  1.85193155e+00  3.14226398e+01  1.28612147e+00  5.44619261e+00 
 1.42000000e+00  1.48000000e+00  1.42000000e+00  1.94709914e-03  1.39982530e+00  1.76935576e+00  1.03742680e+00  1.85193155e+00  3.14226398e+01  1.28612147e+00  5.44619261e+00 
 1.43000000e+00  1.48000000e+00  1.43000000e+00  1.98885457e-03  1.39982530e+00  1.76935576e+00  1.03742680e+00  1.85193155e+00  3.14226398e+01  1.28612147e+00  5.44619261e+00 
 1.44000000e+00  1.48000000e+00  1.44000000e+00  2.03071138e-03  1.39982530e+00  1.76935576e+00  1.03742680e+00  1.85193155e+00  3.14226398e+01  1.28612147e+00  5.44619261e+00 
 1.45000000e+00  1.48000000e+00  1.45000000e+00  2.07266068e-03  1.39982530e+00  1.76935576e+00  1.03742680e+00  1.85193155e+00  3.14226398e+01  1.28612147e+00  5.44619261e+00 
 1.46000000e+00  1.48000000e+00  1.46000000e+00  2.11469377e-03  1.39982530e+00  1.76935576e+00  1.03742680e+00  1.85193155e+00  3.14226398e+01  1.28612147e+00  5.44619261e+00 
 1.47000000e+00  1.48000000e+00  1.47000000e+00  2.15680213e-03  1.39982530e+00  1.76935576e+00  1.03742680e+00  1.85193155e+00  3.14226398e+01  1.28612147e+00  5.44619261e+00 
 1.48000000e+00  1.48000000e+00  1.48000000e+00  2.19897742e-03  1.39982530e+00  1.76935576e+00  1.03742680e+00  1.85193155e+00  3.14226398e+01  1.28612147e+00  5.44619261e+00 
 1.49000000e+00  1.48000000e+00  1.49000000e+00  2.24121146e-03  1.39982530e+00  1.76935576e+00  1.03742680e+00  1.85193155e+00  3.14226398e+01  1.28612147e+00  5.44619261e+00 
 1.50000000e+00  1.48000000e+00  1.50000000e+00  2.28349627e-03  1.39982530e+00  1.76935576e+00  1.03742680e+00  1.85193155e+00  3.14226398e+01  1.28612147e+00  5.44619261e+00 
 1.51000000e+00  1.48000000e+00  1.51000000e+00  2.32582401e-03  1.39982530e+00  1.76935576e+00  1.03742680e+00  1.85193155e+00  3.14226398e+01  1.28612147e+00  5.44619261e+00 
 1.52000000e+00  1.48000000e+00  1.52000000e+00  2.36818703e-03  1.39982530e+00  1.76935576e+00  1.03742680e+00  1.85193155e+00  3.14226398e+01  1.28612147e+00  5.44619261e+00 
 1.53000000e+00  1.48000000e+00  1.53000000e+00  2.41057784e-03  1.39982530e+00  1.76935576e+00  1.03742680e+00  1.85193155e+00  3.14226398e+01  1.28612147e+00  5.44619261e+00 
 1.54000000e+00  1.48000000e+00  1.54000000e+00  2.45298909e-03  1.39982530e+00  1.76935576e+00  1.03742680e+00  1.85193155e+00  3.14226398e+01  1.28612147e+00  5.44619261e+00 
 1.55000000e+00  1.48000000e+00  1.55000000e+00  2.49541361e-03  1.39982530e+00  1.76935576e+00  1.03742680e+00  1.85193155e+00  3.14226398e+01  1.28612147e+00  5.44619261e+00 
 1.56000000e+00  1.48000000e+00  1.56000000e+00  2.53784437e-03  1.39982530e+00  1.76935576e+00  1.03742680e+00  1.85193155e+00  3.14226398e+01  1.28612147e+00  5.44619261e+00 
 1.57000000e+00  1.48000000e+00  1.57000000e+00  2.58027451e-03  1.39982530e+00  1.76935576e+00  1.03742680e+00  1.85193155e+00  3.14226398e+01  1.28612147e+00  5.44619261e+00 
 1.58000000e+00  1.48000000e+00  1.58000000e+00  2.62269730e-03  1.39982530e+00  1.76935576e+00  1.03742680e+00  1.85193155e+00  3.14226398e+01  1.28612147e+00  5.44619261e+00 
 1.59000000e+00  1.48000000e+00  1.59000000e+00  2.66510615e-03  1.39982530e+00  1.76935576e+00  1.03742680e+00  1.85193155e+00  3.14226398e+01  1.28612147e+00  5.44619261e+00 
 1.60000000e+00  1.48000000e+00  1.60000000e+00  2.70749463e-03  1.39982530e+00  1.76935576e+00  1.03742680e+00  1.85193155e+00  3.14226398e+01  1.28612147e+00  5.44619261e+00 
 1.61000000e+00  1.48000000e+00  1.61000000e+00  2.74985644e-03  1.39982530e+00  1.76935576e+00  1.03742680e+00  1.85193155e+00  3.14226398e+01  1.28612147e+00  5.44619261e+00 
 1.62000000e+00  1.48000000e+00  1.62000000e+00  2.79218541e-03  1.39982530e+00  1.76935576e+00  1.03742680e+00  1.85193155e+00  3.14226398e+01  1.28612147e+00  5.44619261e+00 
 1.63000000e+00  1.48000000e+00  1.63000000e+00  2.83447552e-03  1.39982530e+00  1.76935576e+00  1.03742680e+00  1.85193155e+00  3.14226398e+01  1.28612147e+00  5.44619261e+00 
 1.64000000e+00  1.48000000e+00  1.64000000e+00  2.87672084e-03  1.39982530e+00  1.76935576e+00  1.03742680e+00  1.85193155e+00  3.14226398e+01  1.28612147e+00  5.44619261e+00 
 1.65000000e+00  1.48000000e+00  1.65000000e+00  2.91891562e-03  1.39982530e+00  1.76935576e+00  1.03742680e+00  1.85193155e+00  3.14226398e+01  1.28612147e+00  5.44619261e+00 
 1.66000000e+00  1.48000000e+00  1.66000000e+00  2.96105419e-03  1.39982530e+00  1.76935576e+00  1.03742680e+00  1.85193155e+00  3.14226398e+01  1.28612147e+00  5.44619261e+00 
 1.67000000e+00  1.48000000e+00  1.67000000e+00  3.00313101e-03  1.39982530e+00  1.76935576e+00  1.03742680e+00  1.85193155e+00  3.14226398e+01  1.28612147e+00  5.44619261e+00 
 1.68000000e+00  1.48000000e+00  1.68000000e+00  3.04514067e-03  1.39982530e+00  1.76935576e+00  1.03742680e+00  1.85193155e+00  3.14226398e+01  1.28612147e+00  5.44619261e+00 
 1.69000000e+00  1.48000000e+00  1.69000000e+00  3.08707786e-03  1.39982530e+00  1.76935576e+00  1.03742680e+00  1.85193155e+00  3.14226398e+01  1.28612147e+00  5.44619261e+00 
 1.70000000e+00  1.48000000e+00  1.70000000e+00  3.12893738e-03  1.39982530e+00  1.76935576e+00  1.03742680e+00  1.85193155e+00  3.14226398e+01  1.28612147e+00  5.44619261e+00 
 1.71000000e+00  1.48000000e+00  1.71000000e+00  3.17071416e-03  1.39982530e+00  1.76935576e+00  1.03742680e+00  1.85193155e+00  3.14226398e+01  1.28612147e+00  5.44619261e+00 
 1.72000000e+00  1.48000000e+00  1.72000000e+00  3.21240320e-03  1.39982530e+00  1.76935576e+00  1.03742680e+00  1.85193155e+00  3.14226398e+01  1.28612147e+00  5.44619261e+00 
 1.73000000e+00  1.48000000e+00  1.73000000e+00  3.25399962e-03  1.39982530e+00  1.76935576e+00  1.03742680e+00  1.85193155e+00  3.14226398e+01  1.28612147e+00  5.44619261e+00 
 1.74000000e+00  1.48000000e+00  1.74000000e+00  3.29549865e-03  1.39982530e+00  1.76935576e+00  1.03742680e+00  1.85193155e+00  3.14226398e+01  1.28612147e+00  5.44619261e+00 
 1.75000000e+00  1.48000000e+00  1.75000000e+00  3.33689560e-03  1.39982530e+00  1.76935576e+00  1.03742680e+00  1.85193155e+00  3.14226398e+01  1.28612147e+00  5.44619261e+00 
 1.76000000e+00  1.48000000e+00  1.76000000e+00  3.37818588e-03  1.39982530e+00  1.76935576e+00  1.03742680e+00  1.85193155e+00  3.14226398e+01  1.28612147e+00  5.44619261e+00 
 1.77000000e+00  1.48000000e+00  1.77000000e+00  3.41936498e-03  1.39982530e+00  1.76935576e+00  1.03742680e+00  1.85193155e+00  3.14226398e+01  1.28612147e+00  5.44619261e+00 
 1.78000000e+00  1.48000000e+00  1.78000000e+00  3.46042850e-03  1.39982530e+00  1.76935576e+00  1.03742680e+00  1.85193155e+00  3.14226398e+01  1.28612147e+00  5.44619261e+00 
 1.79000000e+00  1.48000000e+00  1.79000000e+00  3.50137210e-03  1.39982530e+00  1.76935576e+00  1.03742680e+00  1.85193155e+00  3.14226398e+01  1.28612147e+00  5.44619261e+00 
 1.80000000e+00  1.48000000e+00  1.80000000e+00  3.54219155e-03  1.39982530e+00  1.76935576e+00  1.03742680e+00  1.85193155e+00  3.14226398e+01  1.28612147e+00  5.44619261e+00 
 1.81000000e+00  1.48000000e+00  1.81000000e+00  3.58288268e-03  1.39982530e+00  1.76935576e+00  1.03742680e+00  1.85193155e+00  3.14226398e+01  1.28612147e+00  5.44619261e+00 
 1.82000000e+00  1.48000000e+00  1.82000000e+00  3.62344141e-03  1.39982530e+00  1.76935576e+00  1.03742680e+00  1.85193155e+00  3.14226398e+01  1.28612147e+00  5.44619261e+00 
 1.83000000e+00  1.48000000e+00  1.83000000e+00  3.66386372e-03  1.39982530e+00  1.76935576e+00  1.03742680e+00  1.85193155e+00  3.14226398e+01  1.28612147e+00  5.44619261e+00 
 1.84000000e+00  1.48000000e+00  1.84000000e+00  3.70414567e-03  1.39982530e+00  1.76935576e+00  1.03742680e+00  1.85193155e+00  3.14226398e+01  1.28612147e+00  5.44619261e+00 
 1.85000000e+00  1.48000000e+00  1.85000000e+00  3.74428341e-03  1.39982530e+00  1.76935576e+00  1.03742680e+00  1.85193155e+00  3.14226398e+01  1.28612147e+00  5.44619261e+00 
