 0.00000000e+00  1.48000000e+00  0.00000000e+00  1.48148160e-12  1.34392078e+00  1.76976203e+00  8.96616349e-01  1.86031252e+00  3.48988751e+01  1.37065551e+00  4.88868529e+00 
 1.00000000e-02  1.48000000e+00  1.00000000e-02  1.48148160e-12  1.34392078e+00  1.76976203e+00  8.96616349e-01  1.86031252e+00  3.48988751e+01  1.37065551e+00  4.88868529e+00 
 2.00000000e-02  1.48000000e+00  2.00000000e-02  1.48148160e-12  1.34392078e+00  1.76976203e+00  8.96616349e-01  1.86031252e+00  3.48988751e+01  1.37065551e+00  4.88868529e+00 
 3.00000000e-02  1.48000000e+00  3.00000000e-02  1.48148160e-12  1.34392078e+00  1.76976203e+00  8.96616349e-01  1.86031252e+00  3.48988751e+01  1.37065551e+00  4.88868529e+00 
 4.00000000e-02  1.48000000e+00  4.00000000e-02  1.48148160e-12  1.34392078e+00  1.76976203e+00  8.96616349e-01  1.86031252e+00  3.48988751e+01  1.37065551e+00  4.88868529e+00 
 5.00000000e-02  1.48000000e+00  5.00000000e-02  1.48148160e-12  1.34392078e+00  1.76976203e+00  8.96616349e-01  1.86031252e+00  3.48988751e+01  1.37065551e+00  4.88868529e+00 
 6.00000000e-02  1.48000000e+00  6.00000000e-02  1.48148160e-12  1.34392078e+00  1.76976203e+00  8.96616349e-01  1.86031252e+00  3.48988751e+01  1.37065551e+00  4.88868529e+00 
 7.00000000e-02  1.48000000e+00  7.00000000e-02  1.48148160e-12  1.34392078e+00  1.76976203e+00  8.96616349e-01  1.86031252e+00  3.48988751e+01  1.37065551e+00  4.88868529e+00 
 8.00000000e-02  1.48000000e+00  8.00000000e-02  1.48148160e-12  1.34392078e+00  1.76976203e+00  8.96616349e-01  1.86031252e+00  3.48988751e+01  1.37065551e+00  4.88868529e+00 
 9.00000000e-02  1.48000000e+00  9.00000000e-02  1.48148160e-12  1.34392078e+00  1.76976203e+00  8.96616349e-01  1.86031252e+00  3.48988751e+01  1.37065551e+00  4.88868529e+00 
 1.00000000e-01  1.48000000e+00  1.00000000e-01  1.48148160e-12  1.34392078e+00  1.76976203e+00  8.96616349e-01  1.86031252e+00  3.48988751e+01  1.37065551e+00  4.88868529e+00 
 1.10000000e-01  1.48000000e+00  1.10000000e-01  1.48148160e-12  1.34392078e+00  1.76976203e+00  8.96616349e-01  1.86031252e+00  3.48988751e+01  1.37065551e+00  4.88868529e+00 
 1.20000000e-01  1.48000000e+00  1.20000000e-01  1.48148160e-12  1.34392078e+00  1.76976203e+00  8.96616349e-01  1.86031252e+00  3.48988751e+01  1.37065551e+00  4.88868529e+00 
 1.30000000e-01  1.48000000e+00  1.30000000e-01  1.48148160e-12  1.34392078e+00  1.76976203e+00  8.96616349e-01  1.86031252e+00  3.48988751e+01  1.37065551e+00  4.88868529e+00 
 1.40000000e-01  1.48000000e+00  1.40000000e-01  1.48148160e-12  1.34392078e+00  1.76976203e+00  8.96616349e-01  1.86031252e+00  3.48988751e+01  1.37065551e+00  4.88868529e+00 
 1.50000000e-01  1.48000000e+00  1.50000000e-01  1.48148160e-12  1.34392078e+00  1.76976203e+00  8.96616349e-01  1.86031252e+00  3.48988751e+01  1.37065551e+00  4.88868529e+00 
 1.60000000e-01  1.48000000e+00  1.60000000e-01  1.48148160e-12  1.34392078e+00  1.76976203e+00  8.96616349e-01  1.86031252e+00  3.48988751e+01  1.37065551e+00  4.88868529e+00 
 1.70000000e-01  1.48000000e+00  1.70000000e-01  1.48148160e-12  1.34392078e+00  1.76976203e+00  8.96616349e-01  1.86031252e+00  3.48988751e+01  1.37065551e+00  4.88868529e+00 
 1.80000000e-01  1.48000000e+00  1.80000000e-01  1.48148160e-12  1.34392078e+00  1.76976203e+00  8.96616349e-01  1.86031252e+00  3.48988751e+01  1.37065551e+00  4.88868529e+00 
 1.90000000e-01  1.48000000e+00  1.90000000e-01  1.48148160e-12  1.34392078e+00  1.76976203e+00  8.96616349e-01  1.86031252e+00  3.48988751e+01  1.37065551e+00  4.88868529e+00 
 2.00000000e-01  1.48000000e+00  2.00000000e-01  1.48148160e-12  1.34392078e+00  1.76976203e+00  8.96616349e-01  1.86031252e+00  3.48988751e+01  1.37065551e+00  4.88868529e+00 
 2.10000000e-01  1.48000000e+00  2.10000000e-01  1.48148160e-12  1.34392078e+00  1.76976203e+00  8.96616349e-01  1.86031252e+00  3.48988751e+01  1.37065551e+00  4.88868529e+00 
 2.20000000e-01  1.48000000e+00  2.20000000e-01  1.48148160e-12  1.34392078e+00  1.76976203e+00  8.96616349e-01  1.86031252e+00  3.48988751e+01  1.37065551e+00  4.88868529e+00 
 2.30000000e-01  1.48000000e+00  2.30000000e-01  1.48148160e-12  1.34392078e+00  1.76976203e+00  8.96616349e-01  1.86031252e+00  3.48988751e+01  1.37065551e+00  4.88868529e+00 
 2.40000000e-01  1.48000000e+00  2.40000000e-01  1.48148160e-12  1.34392078e+00  1.76976203e+00  8.96616349e-01  1.86031252e+00  3.48988751e+01  1.37065551e+00  4.88868529e+00 
 2.50000000e-01  1.48000000e+00  2.50000000e-01  1.48148160e-12  1.34392078e+00  1.76976203e+00  8.96616349e-01  1.86031252e+00  3.48988751e+01  1.37065551e+00  4.88868529e+00 
 2.60000000e-01  1.48000000e+00  2.60000000e-01  1.48148160e-12  1.34392078e+00  1.76976203e+00  8.96616349e-01  1.86031252e+00  3.48988751e+01  1.37065551e+00  4.88868529e+00 
 2.70000000e-01  1.48000000e+00  2.70000000e-01  1.48148160e-12  1.34392078e+00  1.76976203e+00  8.96616349e-01  1.86031252e+00  3.48988751e+01  1.37065551e+00  4.88868529e+00 
 2.80000000e-01  1.48000000e+00  2.80000000e-01  1.48148160e-12  1.34392078e+00  1.76976203e+00  8.96616349e-01  1.86031252e+00  3.48988751e+01  1.37065551e+00  4.88868529e+00 
 2.90000000e-01  1.48000000e+00  2.90000000e-01  1.48148160e-12  1.34392078e+00  1.76976203e+00  8.96616349e-01  1.86031252e+00  3.48988751e+01  1.37065551e+00  4.88868529e+00 
 3.00000000e-01  1.48000000e+00  3.00000000e-01  1.48148160e-12  1.34392078e+00  1.76976203e+00  8.96616349e-01  1.86031252e+00  3.48988751e+01  1.37065551e+00  4.88868529e+00 
 3.10000000e-01  1.48000000e+00  3.10000000e-01  1.48148160e-12  1.34392078e+00  1.76976203e+00  8.96616349e-01  1.86031252e+00  3.48988751e+01  1.37065551e+00  4.88868529e+00 
 3.20000000e-01  1.48000000e+00  3.20000000e-01  1.48148160e-12  1.34392078e+00  1.76976203e+00  8.96616349e-01  1.86031252e+00  3.48988751e+01  1.37065551e+00  4.88868529e+00 
 3.30000000e-01  1.48000000e+00  3.30000000e-01  1.48148160e-12  1.34392078e+00  1.76976203e+00  8.96616349e-01  1.86031252e+00  3.48988751e+01  1.37065551e+00  4.88868529e+00 
 3.40000000e-01  1.48000000e+00  3.40000000e-01  1.48148160e-12  1.34392078e+00  1.76976203e+00  8.96616349e-01  1.86031252e+00  3.48988751e+01  1.37065551e+00  4.88868529e+00 
 3.50000000e-01  1.48000000e+00  3.50000000e-01  1.48148160e-12  1.34392078e+00  1.76976203e+00  8.96616349e-01  1.86031252e+00  3.48988751e+01  1.37065551e+00  4.88868529e+00 
 3.60000000e-01  1.48000000e+00  3.60000000e-01  1.48148160e-12  1.34392078e+00  1.76976203e+00  8.96616349e-01  1.86031252e+00  3.48988751e+01  1.37065551e+00  4.88868529e+00 
 3.70000000e-01  1.48000000e+00  3.70000000e-01  1.48148160e-12  1.34392078e+00  1.76976203e+00  8.96616349e-01  1.86031252e+00  3.48988751e+01  1.37065551e+00  4.88868529e+00 
 3.80000000e-01  1.48000000e+00  3.80000000e-01  1.48148160e-12  1.34392078e+00  1.76976203e+00  8.96616349e-01  1.86031252e+00  3.48988751e+01  1.37065551e+00  4.88868529e+00 
 3.90000000e-01  1.48000000e+00  3.90000000e-01  1.48148160e-12  1.34392078e+00  1.76976203e+00  8.96616349e-01  1.86031252e+00  3.48988751e+01  1.37065551e+00  4.88868529e+00 
 4.00000000e-01  1.48000000e+00  4.00000000e-01  1.48148160e-12  1.34392078e+00  1.76976203e+00  8.96616349e-01  1.86031252e+00  3.48988751e+01  1.37065551e+00  4.88868529e+00 
 4.10000000e-01  1.48000000e+00  4.10000000e-01  1.48325796e-12  1.34392078e+00  1.76976203e+00  8.96616349e-01  1.86031252e+00  3.48988751e+01  1.37065551e+00  4.88868529e+00 
 4.20000000e-01  1.48000000e+00  4.20000000e-01  1.48325796e-12  1.34392078e+00  1.76976203e+00  8.96616349e-01  1.86031252e+00  3.48988751e+01  1.37065551e+00  4.88868529e+00 
 4.30000000e-01  1.48000000e+00  4.30000000e-01  1.48325796e-12  1.34392078e+00  1.76976203e+00  8.96616349e-01  1.86031252e+00  3.48988751e+01  1.37065551e+00  4.88868529e+00 
 4.40000000e-01  1.48000000e+00  4.40000000e-01  1.48503432e-12  1.34392078e+00  1.76976203e+00  8.96616349e-01  1.86031252e+00  3.48988751e+01  1.37065551e+00  4.88868529e+00 
 4.50000000e-01  1.48000000e+00  4.50000000e-01  1.49036339e-12  1.34392078e+00  1.76976203e+00  8.96616349e-01  1.86031252e+00  3.48988751e+01  1.37065551e+00  4.88868529e+00 
 4.60000000e-01  1.48000000e+00  4.60000000e-01  1.50279789e-12  1.34392078e+00  1.76976203e+00  8.96616349e-01  1.86031252e+00  3.48988751e+01  1.37065551e+00  4.88868529e+00 
 4.70000000e-01  1.48000000e+00  4.70000000e-01  1.53832502e-12  1.34392078e+00  1.76976203e+00  8.96616349e-01  1.86031252e+00  3.48988751e+01  1.37065551e+00  4.88868529e+00 
 4.80000000e-01  1.48000000e+00  4.80000000e-01  1.62536651e-12  1.34392078e+00  1.76976203e+00  8.96616349e-01  1.86031252e+00  3.48988751e+01  1.37065551e+00  4.88868529e+00 
 4.90000000e-01  1.48000000e+00  4.90000000e-01  1.85629290e-12  1.34392078e+00  1.76976203e+00  8.96616349e-01  1.86031252e+00  3.48988751e+01  1.37065551e+00  4.88868529e+00 
 5.00000000e-01  1.48000000e+00  5.00000000e-01  2.45314880e-12  1.34392078e+00  1.76976203e+00  8.96616349e-01  1.86031252e+00  3.48988751e+01  1.37065551e+00  4.88868529e+00 
 5.10000000e-01  1.48000000e+00  5.10000000e-01  4.01279010e-12  1.34392078e+00  1.76976203e+00  8.96616349e-01  1.86031252e+00  3.48988751e+01  1.37065551e+00  4.88868529e+00 
 5.20000000e-01  1.48000000e+00  5.20000000e-01  8.05222555e-12  1.34392078e+00  1.76976203e+00  8.96616349e-01  1.86031252e+00  3.48988751e+01  1.37065551e+00  4.88868529e+00 
 5.30000000e-01  1.48000000e+00  5.30000000e-01  1.84758875e-11  1.34392078e+00  1.76976203e+00  8.96616349e-01  1.86031252e+00  3.48988751e+01  1.37065551e+00  4.88868529e+00 
 5.40000000e-01  1.48000000e+00  5.40000000e-01  4.51620963e-11  1.34392078e+00  1.76976203e+00  8.96616349e-01  1.86031252e+00  3.48988751e+01  1.37065551e+00  4.88868529e+00 
 5.50000000e-01  1.48000000e+00  5.50000000e-01  1.12660103e-10  1.34392078e+00  1.76976203e+00  8.96616349e-01  1.86031252e+00  3.48988751e+01  1.37065551e+00  4.88868529e+00 
 5.60000000e-01  1.48000000e+00  5.60000000e-01  2.80243384e-10  1.34392078e+00  1.76976203e+00  8.96616349e-01  1.86031252e+00  3.48988751e+01  1.37065551e+00  4.88868529e+00 
 5.70000000e-01  1.48000000e+00  5.70000000e-01  6.85059121e-10  1.34392078e+00  1.76976203e+00  8.96616349e-01  1.86031252e+00  3.48988751e+01  1.37065551e+00  4.88868529e+00 
 5.80000000e-01  1.48000000e+00  5.80000000e-01  1.62577862e-09  1.34392078e+00  1.76976203e+00  8.96616349e-01  1.86031252e+00  3.48988751e+01  1.37065551e+00  4.88868529e+00 
 5.90000000e-01  1.48000000e+00  5.90000000e-01  3.70301301e-09  1.34392078e+00  1.76976203e+00  8.96616349e-01  1.86031252e+00  3.48988751e+01  1.37065551e+00  4.88868529e+00 
 6.00000000e-01  1.48000000e+00  6.00000000e-01  8.01672329e-09  1.34392078e+00  1.76976203e+00  8.96616349e-01  1.86031252e+00  3.48988751e+01  1.37065551e+00  4.88868529e+00 
 6.10000000e-01  1.48000000e+00  6.10000000e-01  1.64060623e-08  1.34392078e+00  1.76976203e+00  8.96616349e-01  1.86031252e+00  3.48988751e+01  1.37065551e+00  4.88868529e+00 
 6.20000000e-01  1.48000000e+00  6.20000000e-01  3.17579349e-08  1.34392078e+00  1.76976203e+00  8.96616349e-01  1.86031252e+00  3.48988751e+01  1.37065551e+00  4.88868529e+00 
 6.30000000e-01  1.48000000e+00  6.30000000e-01  5.85264992e-08  1.34392078e+00  1.76976203e+00  8.96616349e-01  1.86031252e+00  3.48988751e+01  1.37065551e+00  4.88868529e+00 
 6.40000000e-01  1.48000000e+00  6.40000000e-01  1.03713768e-07  1.34392078e+00  1.76976203e+00  8.96616349e-01  1.86031252e+00  3.48988751e+01  1.37065551e+00  4.88868529e+00 
 6.50000000e-01  1.48000000e+00  6.50000000e-01  1.78614458e-07  1.34392078e+00  1.76976203e+00  8.96616349e-01  1.86031252e+00  3.48988751e+01  1.37065551e+00  4.88868529e+00 
 6.60000000e-01  1.48000000e+00  6.60000000e-01  3.01724281e-07  1.34392078e+00  1.76976203e+00  8.96616349e-01  1.86031252e+00  3.48988751e+01  1.37065551e+00  4.88868529e+00 
 6.70000000e-01  1.48000000e+00  6.70000000e-01  5.03395901e-07  1.34392078e+00  1.76976203e+00  8.96616349e-01  1.86031252e+00  3.48988751e+01  1.37065551e+00  4.88868529e+00 
 6.80000000e-01  1.48000000e+00  6.80000000e-01  8.32856461e-07  1.34392078e+00  1.76976203e+00  8.96616349e-01  1.86031252e+00  3.48988751e+01  1.37065551e+00  4.88868529e+00 
 6.90000000e-01  1.48000000e+00  6.90000000e-01  1.36738915e-06  1.34392078e+00  1.76976203e+00  8.96616349e-01  1.86031252e+00  3.48988751e+01  1.37065551e+00  4.88868529e+00 
 7.00000000e-01  1.48000000e+00  7.00000000e-01  2.22083989e-06  1.34392078e+00  1.76976203e+00  8.96616349e-01  1.86031252e+00  3.48988751e+01  1.37065551e+00  4.88868529e+00 
 7.10000000e-01  1.48000000e+00  7.10000000e-01  3.54451867e-06  1.34392078e+00  1.76976203e+00  8.96616349e-01  1.86031252e+00  3.48988751e+01  1.37065551e+00  4.88868529e+00 
 7.20000000e-01  1.48000000e+00  7.20000000e-01  5.51274474e-06  1.34392078e+00  1.76976203e+00  8.96616349e-01  1.86031252e+00  3.48988751e+01  1.37065551e+00  4.88868529e+00 
 7.30000000e-01  1.48000000e+00  7.30000000e-01  8.29390137e-06  1.34392078e+00  1.76976203e+00  8.96616349e-01  1.86031252e+00  3.48988751e+01  1.37065551e+00  4.88868529e+00 
 7.40000000e-01  1.48000000e+00  7.40000000e-01  1.20209498e-05  1.34392078e+00  1.76976203e+00  8.96616349e-01  1.86031252e+00  3.48988751e+01  1.37065551e+00  4.88868529e+00 
 7.50000000e-01  1.48000000e+00  7.50000000e-01  1.67770478e-05  1.34392078e+00  1.76976203e+00  8.96616349e-01  1.86031252e+00  3.48988751e+01  1.37065551e+00  4.88868529e+00 
 7.60000000e-01  1.48000000e+00  7.60000000e-01  2.25994102e-05  1.34392078e+00  1.76976203e+00  8.96616349e-01  1.86031252e+00  3.48988751e+01  1.37065551e+00  4.88868529e+00 
 7.70000000e-01  1.48000000e+00  7.70000000e-01  2.94930825e-05  1.34392078e+00  1.76976203e+00  8.96616349e-01  1.86031252e+00  3.48988751e+01  1.37065551e+00  4.88868529e+00 
 7.80000000e-01  1.48000000e+00  7.80000000e-01  3.74452675e-05  1.34392078e+00  1.76976203e+00  8.96616349e-01  1.86031252e+00  3.48988751e+01  1.37065551e+00  4.88868529e+00 
 7.90000000e-01  1.48000000e+00  7.90000000e-01  4.64356484e-05  1.34392078e+00  1.76976203e+00  8.96616349e-01  1.86031252e+00  3.48988751e+01  1.37065551e+00  4.88868529e+00 
 8.00000000e-01  1.48000000e+00  8.00000000e-01  5.64422868e-05  1.34392078e+00  1.76976203e+00  8.96616349e-01  1.86031252e+00  3.48988751e+01  1.37065551e+00  4.88868529e+00 
 8.10000000e-01  1.48000000e+00  8.10000000e-01  6.74443358e-05  1.34392078e+00  1.76976203e+00  8.96616349e-01  1.86031252e+00  3.48988751e+01  1.37065551e+00  4.88868529e+00 
 8.20000000e-01  1.48000000e+00  8.20000000e-01  7.94229129e-05  1.34392078e+00  1.76976203e+00  8.96616349e-01  1.86031252e+00  3.48988751e+01  1.37065551e+00  4.88868529e+00 
 8.30000000e-01  1.48000000e+00  8.30000000e-01  9.23610814e-05  1.34392078e+00  1.76976203e+00  8.96616349e-01  1.86031252e+00  3.48988751e+01  1.37065551e+00  4.88868529e+00 
 8.40000000e-01  1.48000000e+00  8.40000000e-01  1.06243484e-04  1.34392078e+00  1.76976203e+00  8.96616349e-01  1.86031252e+00  3.48988751e+01  1.37065551e+00  4.88868529e+00 
 8.50000000e-01  1.48000000e+00  8.50000000e-01  1.21055901e-04  1.34392078e+00  1.76976203e+00  8.96616349e-01  1.86031252e+00  3.48988751e+01  1.37065551e+00  4.88868529e+00 
 8.60000000e-01  1.48000000e+00  8.60000000e-01  1.36784857e-04  1.34392078e+00  1.76976203e+00  8.96616349e-01  1.86031252e+00  3.48988751e+01  1.37065551e+00  4.88868529e+00 
 8.70000000e-01  1.48000000e+00  8.70000000e-01  1.53417301e-04  1.34392078e+00  1.76976203e+00  8.96616349e-01  1.86031252e+00  3.48988751e+01  1.37065551e+00  4.88868529e+00 
 8.80000000e-01  1.48000000e+00  8.80000000e-01  1.70940369e-04  1.34392078e+00  1.76976203e+00  8.96616349e-01  1.86031252e+00  3.48988751e+01  1.37065551e+00  4.88868529e+00 
 8.90000000e-01  1.48000000e+00  8.90000000e-01  1.89341226e-04  1.34392078e+00  1.76976203e+00  8.96616349e-01  1.86031252e+00  3.48988751e+01  1.37065551e+00  4.88868529e+00 
 9.00000000e-01  1.48000000e+00  9.00000000e-01  2.08606952e-04  1.34392078e+00  1.76976203e+00  8.96616349e-01  1.86031252e+00  3.48988751e+01  1.37065551e+00  4.88868529e+00 
 9.10000000e-01  1.48000000e+00  9.10000000e-01  2.28724470e-04  1.34392078e+00  1.76976203e+00  8.96616349e-01  1.86031252e+00  3.48988751e+01  1.37065551e+00  4.88868529e+00 
 9.20000000e-01  1.48000000e+00  9.20000000e-01  2.49680514e-04  1.34392078e+00  1.76976203e+00  8.96616349e-01  1.86031252e+00  3.48988751e+01  1.37065551e+00  4.88868529e+00 
 9.30000000e-01  1.48000000e+00  9.30000000e-01  2.71461601e-04  1.34392078e+00  1.76976203e+00  8.96616349e-01  1.86031252e+00  3.48988751e+01  1.37065551e+00  4.88868529e+00 
 9.40000000e-01  1.48000000e+00  9.40000000e-01  2.94054032e-04  1.34392078e+00  1.76976203e+00  8.96616349e-01  1.86031252e+00  3.48988751e+01  1.37065551e+00  4.88868529e+00 
 9.50000000e-01  1.48000000e+00  9.50000000e-01  3.17443892e-04  1.34392078e+00  1.76976203e+00  8.96616349e-01  1.86031252e+00  3.48988751e+01  1.37065551e+00  4.88868529e+00 
 9.60000000e-01  1.48000000e+00  9.60000000e-01  3.41617060e-04  1.34392078e+00  1.76976203e+00  8.96616349e-01  1.86031252e+00  3.48988751e+01  1.37065551e+00  4.88868529e+00 
 9.70000000e-01  1.48000000e+00  9.70000000e-01  3.66559218e-04  1.34392078e+00  1.76976203e+00  8.96616349e-01  1.86031252e+00  3.48988751e+01  1.37065551e+00  4.88868529e+00 
 9.80000000e-01  1.48000000e+00  9.80000000e-01  3.92255876e-04  1.34392078e+00  1.76976203e+00  8.96616349e-01  1.86031252e+00  3.48988751e+01  1.37065551e+00  4.88868529e+00 
 9.90000000e-01  1.48000000e+00  9.90000000e-01  4.18692388e-04  1.34392078e+00  1.76976203e+00  8.96616349e-01  1.86031252e+00  3.48988751e+01  1.37065551e+00  4.88868529e+00 
 1.00000000e+00  1.48000000e+00  1.00000000e+00  4.45853970e-04  1.34392078e+00  1.76976203e+00  8.96616349e-01  1.86031252e+00  3.48988751e+01  1.37065551e+00  4.88868529e+00 
 1.01000000e+00  1.48000000e+00  1.01000000e+00  4.73725714e-04  1.34392078e+00  1.76976203e+00  8.96616349e-01  1.86031252e+00  3.48988751e+01  1.37065551e+00  4.88868529e+00 
 1.02000000e+00  1.48000000e+00  1.02000000e+00  5.02292611e-04  1.34392078e+00  1.76976203e+00  8.96616349e-01  1.86031252e+00  3.48988751e+01  1.37065551e+00  4.88868529e+00 
 1.03000000e+00  1.48000000e+00  1.03000000e+00  5.31539568e-04  1.34392078e+00  1.76976203e+00  8.96616349e-01  1.86031252e+00  3.48988751e+01  1.37065551e+00  4.88868529e+00 
 1.04000000e+00  1.48000000e+00  1.04000000e+00  5.61451420e-04  1.34392078e+00  1.76976203e+00  8.96616349e-01  1.86031252e+00  3.48988751e+01  1.37065551e+00  4.88868529e+00 
 1.05000000e+00  1.48000000e+00  1.05000000e+00  5.92012954e-04  1.34392078e+00  1.76976203e+00  8.96616349e-01  1.86031252e+00  3.48988751e+01  1.37065551e+00  4.88868529e+00 
 1.06000000e+00  1.48000000e+00  1.06000000e+00  6.23208924e-04  1.34392078e+00  1.76976203e+00  8.96616349e-01  1.86031252e+00  3.48988751e+01  1.37065551e+00  4.88868529e+00 
 1.07000000e+00  1.48000000e+00  1.07000000e+00  6.55024061e-04  1.34392078e+00  1.76976203e+00  8.96616349e-01  1.86031252e+00  3.48988751e+01  1.37065551e+00  4.88868529e+00 
 1.08000000e+00  1.48000000e+00  1.08000000e+00  6.87443098e-04  1.34392078e+00  1.76976203e+00  8.96616349e-01  1.86031252e+00  3.48988751e+01  1.37065551e+00  4.88868529e+00 
 1.09000000e+00  1.48000000e+00  1.09000000e+00  7.20450774e-04  1.34392078e+00  1.76976203e+00  8.96616349e-01  1.86031252e+00  3.48988751e+01  1.37065551e+00  4.88868529e+00 
 1.10000000e+00  1.48000000e+00  1.10000000e+00  7.54031856e-04  1.34392078e+00  1.76976203e+00  8.96616349e-01  1.86031252e+00  3.48988751e+01  1.37065551e+00  4.88868529e+00 
 1.11000000e+00  1.48000000e+00  1.11000000e+00  7.88171149e-04  1.34392078e+00  1.76976203e+00  8.96616349e-01  1.86031252e+00  3.48988751e+01  1.37065551e+00  4.88868529e+00 
 1.12000000e+00  1.48000000e+00  1.12000000e+00  8.22853506e-04  1.34392078e+00  1.76976203e+00  8.96616349e-01  1.86031252e+00  3.48988751e+01  1.37065551e+00  4.88868529e+00 
 1.13000000e+00  1.48000000e+00  1.13000000e+00  8.58063846e-04  1.34392078e+00  1.76976203e+00  8.96616349e-01  1.86031252e+00  3.48988751e+01  1.37065551e+00  4.88868529e+00 
 1.14000000e+00  1.48000000e+00  1.14000000e+00  8.93787159e-04  1.34392078e+00  1.76976203e+00  8.96616349e-01  1.86031252e+00  3.48988751e+01  1.37065551e+00  4.88868529e+00 
 1.15000000e+00  1.48000000e+00  1.15000000e+00  9.30008522e-04  1.34392078e+00  1.76976203e+00  8.96616349e-01  1.86031252e+00  3.48988751e+01  1.37065551e+00  4.88868529e+00 
 1.16000000e+00  1.48000000e+00  1.16000000e+00  9.66713104e-04  1.34392078e+00  1.76976203e+00  8.96616349e-01  1.86031252e+00  3.48988751e+01  1.37065551e+00  4.88868529e+00 
 1.17000000e+00  1.48000000e+00  1.17000000e+00  1.00388618e-03  1.34392078e+00  1.76976203e+00  8.96616349e-01  1.86031252e+00  3.48988751e+01  1.37065551e+00  4.88868529e+00 
 1.18000000e+00  1.48000000e+00  1.18000000e+00  1.04151314e-03  1.34392078e+00  1.76976203e+00  8.96616349e-01  1.86031252e+00  3.48988751e+01  1.37065551e+00  4.88868529e+00 
 1.19000000e+00  1.48000000e+00  1.19000000e+00  1.07957948e-03  1.34392078e+00  1.76976203e+00  8.96616349e-01  1.86031252e+00  3.48988751e+01  1.37065551e+00  4.88868529e+00 
 1.20000000e+00  1.48000000e+00  1.20000000e+00  1.11807085e-03  1.34392078e+00  1.76976203e+00  8.96616349e-01  1.86031252e+00  3.48988751e+01  1.37065551e+00  4.88868529e+00 
 1.21000000e+00  1.48000000e+00  1.21000000e+00  1.15697301e-03  1.34392078e+00  1.76976203e+00  8.96616349e-01  1.86031252e+00  3.48988751e+01  1.37065551e+00  4.88868529e+00 
 1.22000000e+00  1.48000000e+00  1.22000000e+00  1.19627188e-03  1.34392078e+00  1.76976203e+00  8.96616349e-01  1.86031252e+00  3.48988751e+01  1.37065551e+00  4.88868529e+00 
 1.23000000e+00  1.48000000e+00  1.23000000e+00  1.23595353e-03  1.34392078e+00  1.76976203e+00  8.96616349e-01  1.86031252e+00  3.48988751e+01  1.37065551e+00  4.88868529e+00 
 1.24000000e+00  1.48000000e+00  1.24000000e+00  1.27600417e-03  1.34392078e+00  1.76976203e+00  8.96616349e-01  1.86031252e+00  3.48988751e+01  1.37065551e+00  4.88868529e+00 
 1.25000000e+00  1.48000000e+00  1.25000000e+00  1.31641017e-03  1.34392078e+00  1.76976203e+00  8.96616349e-01  1.86031252e+00  3.48988751e+01  1.37065551e+00  4.88868529e+00 
 1.26000000e+00  1.48000000e+00  1.26000000e+00  1.35715807e-03  1.34392078e+00  1.76976203e+00  8.96616349e-01  1.86031252e+00  3.48988751e+01  1.37065551e+00  4.88868529e+00 
 1.27000000e+00  1.48000000e+00  1.27000000e+00  1.39823459e-03  1.34392078e+00  1.76976203e+00  8.96616349e-01  1.86031252e+00  3.48988751e+01  1.37065551e+00  4.88868529e+00 
 1.28000000e+00  1.48000000e+00  1.28000000e+00  1.43962659e-03  1.34392078e+00  1.76976203e+00  8.96616349e-01  1.86031252e+00  3.48988751e+01  1.37065551e+00  4.88868529e+00 
 1.29000000e+00  1.48000000e+00  1.29000000e+00  1.48132114e-03  1.34392078e+00  1.76976203e+00  8.96616349e-01  1.86031252e+00  3.48988751e+01  1.37065551e+00  4.88868529e+00 
 1.30000000e+00  1.48000000e+00  1.30000000e+00  1.52330546e-03  1.34392078e+00  1.76976203e+00  8.96616349e-01  1.86031252e+00  3.48988751e+01  1.37065551e+00  4.88868529e+00 
 1.31000000e+00  1.48000000e+00  1.31000000e+00  1.56556696e-03  1.34392078e+00  1.76976203e+00  8.96616349e-01  1.86031252e+00  3.48988751e+01  1.37065551e+00  4.88868529e+00 
 1.32000000e+00  1.48000000e+00  1.32000000e+00  1.60809324e-03  1.34392078e+00  1.76976203e+00  8.96616349e-01  1.86031252e+00  3.48988751e+01  1.37065551e+00  4.88868529e+00 
 1.33000000e+00  1.48000000e+00  1.33000000e+00  1.65087206e-03  1.34392078e+00  1.76976203e+00  8.96616349e-01  1.86031252e+00  3.48988751e+01  1.37065551e+00  4.88868529e+00 
 1.34000000e+00  1.48000000e+00  1.34000000e+00  1.69389141e-03  1.34392078e+00  1.76976203e+00  8.96616349e-01  1.86031252e+00  3.48988751e+01  1.37065551e+00  4.88868529e+00 
 1.35000000e+00  1.48000000e+00  1.35000000e+00  1.73713942e-03  1.34392078e+00  1.76976203e+00  8.96616349e-01  1.86031252e+00  3.48988751e+01  1.37065551e+00  4.88868529e+00 
 1.36000000e+00  1.48000000e+00  1.36000000e+00  1.78060442e-03  1.34392078e+00  1.76976203e+00  8.96616349e-01  1.86031252e+00  3.48988751e+01  1.37065551e+00  4.88868529e+00 
 1.37000000e+00  1.48000000e+00  1.37000000e+00  1.82427496e-03  1.34392078e+00  1.76976203e+00  8.96616349e-01  1.86031252e+00  3.48988751e+01  1.37065551e+00  4.88868529e+00 
 1.38000000e+00  1.48000000e+00  1.38000000e+00  1.86813972e-03  1.34392078e+00  1.76976203e+00  8.96616349e-01  1.86031252e+00  3.48988751e+01  1.37065551e+00  4.88868529e+00 
 1.39000000e+00  1.48000000e+00  1.39000000e+00  1.91218763e-03  1.34392078e+00  1.76976203e+00  8.96616349e-01  1.86031252e+00  3.48988751e+01  1.37065551e+00  4.88868529e+00 
 1.40000000e+00  1.48000000e+00  1.40000000e+00  1.95640777e-03  1.34392078e+00  1.76976203e+00  8.96616349e-01  1.86031252e+00  3.48988751e+01  1.37065551e+00  4.88868529e+00 
 1.41000000e+00  1.48000000e+00  1.41000000e+00  2.00078940e-03  1.34392078e+00  1.76976203e+00  8.96616349e-01  1.86031252e+00  3.48988751e+01  1.37065551e+00  4.88868529e+00 
 1.42000000e+00  1.48000000e+00  1.42000000e+00  2.04532201e-03  1.34392078e+00  1.76976203e+00  8.96616349e-01  1.86031252e+00  3.48988751e+01  1.37065551e+00  4.88868529e+00 
 1.43000000e+00  1.48000000e+00  1.43000000e+00  2.08999523e-03  1.34392078e+00  1.76976203e+00  8.96616349e-01  1.86031252e+00  3.48988751e+01  1.37065551e+00  4.88868529e+00 
 1.44000000e+00  1.48000000e+00  1.44000000e+00  2.13479891e-03  1.34392078e+00  1.76976203e+00  8.96616349e-01  1.86031252e+00  3.48988751e+01  1.37065551e+00  4.88868529e+00 
 1.45000000e+00  1.48000000e+00  1.45000000e+00  2.17972305e-03  1.34392078e+00  1.76976203e+00  8.96616349e-01  1.86031252e+00  3.48988751e+01  1.37065551e+00  4.88868529e+00 
 1.46000000e+00  1.48000000e+00  1.46000000e+00  2.22475787e-03  1.34392078e+00  1.76976203e+00  8.96616349e-01  1.86031252e+00  3.48988751e+01  1.37065551e+00  4.88868529e+00 
 1.47000000e+00  1.48000000e+00  1.47000000e+00  2.26989374e-03  1.34392078e+00  1.76976203e+00  8.96616349e-01  1.86031252e+00  3.48988751e+01  1.37065551e+00  4.88868529e+00 
 1.48000000e+00  1.48000000e+00  1.48000000e+00  2.31512123e-03  1.34392078e+00  1.76976203e+00  8.96616349e-01  1.86031252e+00  3.48988751e+01  1.37065551e+00  4.88868529e+00 
 1.49000000e+00  1.48000000e+00  1.49000000e+00  2.36043107e-03  1.34392078e+00  1.76976203e+00  8.96616349e-01  1.86031252e+00  3.48988751e+01  1.37065551e+00  4.88868529e+00 
 1.50000000e+00  1.48000000e+00  1.50000000e+00  2.40581418e-03  1.34392078e+00  1.76976203e+00  8.96616349e-01  1.86031252e+00  3.48988751e+01  1.37065551e+00  4.88868529e+00 
 1.51000000e+00  1.48000000e+00  1.51000000e+00  2.45126165e-03  1.34392078e+00  1.76976203e+00  8.96616349e-01  1.86031252e+00  3.48988751e+01  1.37065551e+00  4.88868529e+00 
 1.52000000e+00  1.48000000e+00  1.52000000e+00  2.49676473e-03  1.34392078e+00  1.76976203e+00  8.96616349e-01  1.86031252e+00  3.48988751e+01  1.37065551e+00  4.88868529e+00 
 1.53000000e+00  1.48000000e+00  1.53000000e+00  2.54231486e-03  1.34392078e+00  1.76976203e+00  8.96616349e-01  1.86031252e+00  3.48988751e+01  1.37065551e+00  4.88868529e+00 
 1.54000000e+00  1.48000000e+00  1.54000000e+00  2.58790362e-03  1.34392078e+00  1.76976203e+00  8.96616349e-01  1.86031252e+00  3.48988751e+01  1.37065551e+00  4.88868529e+00 
 1.55000000e+00  1.48000000e+00  1.55000000e+00  2.63352279e-03  1.34392078e+00  1.76976203e+00  8.96616349e-01  1.86031252e+00  3.48988751e+01  1.37065551e+00  4.88868529e+00 
 1.56000000e+00  1.48000000e+00  1.56000000e+00  2.67916427e-03  1.34392078e+00  1.76976203e+00  8.96616349e-01  1.86031252e+00  3.48988751e+01  1.37065551e+00  4.88868529e+00 
 1.57000000e+00  1.48000000e+00  1.57000000e+00  2.72482015e-03  1.34392078e+00  1.76976203e+00  8.96616349e-01  1.86031252e+00  3.48988751e+01  1.37065551e+00  4.88868529e+00 
 1.58000000e+00  1.48000000e+00  1.58000000e+00  2.77048266e-03  1.34392078e+00  1.76976203e+00  8.96616349e-01  1.86031252e+00  3.48988751e+01  1.37065551e+00  4.88868529e+00 
 1.59000000e+00  1.48000000e+00  1.59000000e+00  2.81614421e-03  1.34392078e+00  1.76976203e+00  8.96616349e-01  1.86031252e+00  3.48988751e+01  1.37065551e+00  4.88868529e+00 
 1.60000000e+00  1.48000000e+00  1.60000000e+00  2.86179732e-03  1.34392078e+00  1.76976203e+00  8.96616349e-01  1.86031252e+00  3.48988751e+01  1.37065551e+00  4.88868529e+00 
 1.61000000e+00  1.48000000e+00  1.61000000e+00  2.90743470e-03  1.34392078e+00  1.76976203e+00  8.96616349e-01  1.86031252e+00  3.48988751e+01  1.37065551e+00  4.88868529e+00 
 1.62000000e+00  1.48000000e+00  1.62000000e+00  2.95304917e-03  1.34392078e+00  1.76976203e+00  8.96616349e-01  1.86031252e+00  3.48988751e+01  1.37065551e+00  4.88868529e+00 
 1.63000000e+00  1.48000000e+00  1.63000000e+00  2.99863372e-03  1.34392078e+00  1.76976203e+00  8.96616349e-01  1.86031252e+00  3.48988751e+01  1.37065551e+00  4.88868529e+00 
 1.64000000e+00  1.48000000e+00  1.64000000e+00  3.04418148e-03  1.34392078e+00  1.76976203e+00  8.96616349e-01  1.86031252e+00  3.48988751e+01  1.37065551e+00  4.88868529e+00 
 1.65000000e+00  1.48000000e+00  1.65000000e+00  3.08968569e-03  1.34392078e+00  1.76976203e+00  8.96616349e-01  1.86031252e+00  3.48988751e+01  1.37065551e+00  4.88868529e+00 
 1.66000000e+00  1.48000000e+00  1.66000000e+00  3.13513975e-03  1.34392078e+00  1.76976203e+00  8.96616349e-01  1.86031252e+00  3.48988751e+01  1.37065551e+00  4.88868529e+00 
 1.67000000e+00  1.48000000e+00  1.67000000e+00  3.18053719e-03  1.34392078e+00  1.76976203e+00  8.96616349e-01  1.86031252e+00  3.48988751e+01  1.37065551e+00  4.88868529e+00 
 1.68000000e+00  1.48000000e+00  1.68000000e+00  3.22587165e-03  1.34392078e+00  1.76976203e+00  8.96616349e-01  1.86031252e+00  3.48988751e+01  1.37065551e+00  4.88868529e+00 
 1.69000000e+00  1.48000000e+00  1.69000000e+00  3.27113693e-03  1.34392078e+00  1.76976203e+00  8.96616349e-01  1.86031252e+00  3.48988751e+01  1.37065551e+00  4.88868529e+00 
 1.70000000e+00  1.48000000e+00  1.70000000e+00  3.31632691e-03  1.34392078e+00  1.76976203e+00  8.96616349e-01  1.86031252e+00  3.48988751e+01  1.37065551e+00  4.88868529e+00 
 1.71000000e+00  1.48000000e+00  1.71000000e+00  3.36143563e-03  1.34392078e+00  1.76976203e+00  8.96616349e-01  1.86031252e+00  3.48988751e+01  1.37065551e+00  4.88868529e+00 
 1.72000000e+00  1.48000000e+00  1.72000000e+00  3.40645723e-03  1.34392078e+00  1.76976203e+00  8.96616349e-01  1.86031252e+00  3.48988751e+01  1.37065551e+00  4.88868529e+00 
 1.73000000e+00  1.48000000e+00  1.73000000e+00  3.45138596e-03  1.34392078e+00  1.76976203e+00  8.96616349e-01  1.86031252e+00  3.48988751e+01  1.37065551e+00  4.88868529e+00 
 1.74000000e+00  1.48000000e+00  1.74000000e+00  3.49621618e-03  1.34392078e+00  1.76976203e+00  8.96616349e-01  1.86031252e+00  3.48988751e+01  1.37065551e+00  4.88868529e+00 
 1.75000000e+00  1.48000000e+00  1.75000000e+00  3.54094239e-03  1.34392078e+00  1.76976203e+00  8.96616349e-01  1.86031252e+00  3.48988751e+01  1.37065551e+00  4.88868529e+00 
 1.76000000e+00  1.48000000e+00  1.76000000e+00  3.58555915e-03  1.34392078e+00  1.76976203e+00  8.96616349e-01  1.86031252e+00  3.48988751e+01  1.37065551e+00  4.88868529e+00 
 1.77000000e+00  1.48000000e+00  1.77000000e+00  3.63006115e-03  1.34392078e+00  1.76976203e+00  8.96616349e-01  1.86031252e+00  3.48988751e+01  1.37065551e+00  4.88868529e+00 
 1.78000000e+00  1.48000000e+00  1.78000000e+00  3.67444319e-03  1.34392078e+00  1.76976203e+00  8.96616349e-01  1.86031252e+00  3.48988751e+01  1.37065551e+00  4.88868529e+00 
 1.79000000e+00  1.48000000e+00  1.79000000e+00  3.71870015e-03  1.34392078e+00  1.76976203e+00  8.96616349e-01  1.86031252e+00  3.48988751e+01  1.37065551e+00  4.88868529e+00 
 1.80000000e+00  1.48000000e+00  1.80000000e+00  3.76282701e-03  1.34392078e+00  1.76976203e+00  8.96616349e-01  1.86031252e+00  3.48988751e+01  1.37065551e+00  4.88868529e+00 
 1.81000000e+00  1.48000000e+00  1.81000000e+00  3.80681884e-03  1.34392078e+00  1.76976203e+00  8.96616349e-01  1.86031252e+00  3.48988751e+01  1.37065551e+00  4.88868529e+00 
 1.82000000e+00  1.48000000e+00  1.82000000e+00  3.85067080e-03  1.34392078e+00  1.76976203e+00  8.96616349e-01  1.86031252e+00  3.48988751e+01  1.37065551e+00  4.88868529e+00 
 1.83000000e+00  1.48000000e+00  1.83000000e+00  3.89437816e-03  1.34392078e+00  1.76976203e+00  8.96616349e-01  1.86031252e+00  3.48988751e+01  1.37065551e+00  4.88868529e+00 
 1.84000000e+00  1.48000000e+00  1.84000000e+00  3.93793623e-03  1.34392078e+00  1.76976203e+00  8.96616349e-01  1.86031252e+00  3.48988751e+01  1.37065551e+00  4.88868529e+00 
 1.85000000e+00  1.48000000e+00  1.85000000e+00  3.98134045e-03  1.34392078e+00  1.76976203e+00  8.96616349e-01  1.86031252e+00  3.48988751e+01  1.37065551e+00  4.88868529e+00 
