 0.00000000e+00  0.00000000e+00  1.48000000e+00 -5.07312793e-19  1.18122316e+00  1.83679283e+00  1.01478124e+00  1.56669316e+00  3.25847224e+01  1.36081439e+00  5.52378247e+00 
 1.00000000e-02  1.00000000e-02  1.48000000e+00  4.81210931e-05  1.18122316e+00  1.83679283e+00  1.01478124e+00  1.56669316e+00  3.25847224e+01  1.36081439e+00  5.52378247e+00 
 2.00000000e-02  2.00000000e-02  1.48000000e+00  9.57607294e-05  1.18122316e+00  1.83679283e+00  1.01478124e+00  1.56669316e+00  3.25847224e+01  1.36081439e+00  5.52378247e+00 
 3.00000000e-02  3.00000000e-02  1.48000000e+00  1.42916627e-04  1.18122316e+00  1.83679283e+00  1.01478124e+00  1.56669316e+00  3.25847224e+01  1.36081439e+00  5.52378247e+00 
 4.00000000e-02  4.00000000e-02  1.48000000e+00  1.89586485e-04  1.18122316e+00  1.83679283e+00  1.01478124e+00  1.56669316e+00  3.25847224e+01  1.36081439e+00  5.52378247e+00 
 5.00000000e-02  5.00000000e-02  1.48000000e+00  2.35767988e-04  1.18122316e+00  1.83679283e+00  1.01478124e+00  1.56669316e+00  3.25847224e+01  1.36081439e+00  5.52378247e+00 
 6.00000000e-02  6.00000000e-02  1.48000000e+00  2.81458800e-04  1.18122316e+00  1.83679283e+00  1.01478124e+00  1.56669316e+00  3.25847224e+01  1.36081439e+00  5.52378247e+00 
 7.00000000e-02  7.00000000e-02  1.48000000e+00  3.26656571e-04  1.18122316e+00  1.83679283e+00  1.01478124e+00  1.56669316e+00  3.25847224e+01  1.36081439e+00  5.52378247e+00 
 8.00000000e-02  8.00000000e-02  1.48000000e+00  3.71358930e-04  1.18122316e+00  1.83679283e+00  1.01478124e+00  1.56669316e+00  3.25847224e+01  1.36081439e+00  5.52378247e+00 
 9.00000000e-02  9.00000000e-02  1.48000000e+00  4.15563493e-04  1.18122316e+00  1.83679283e+00  1.01478124e+00  1.56669316e+00  3.25847224e+01  1.36081439e+00  5.52378247e+00 
 1.00000000e-01  1.00000000e-01  1.48000000e+00  4.59267858e-04  1.18122316e+00  1.83679283e+00  1.01478124e+00  1.56669316e+00  3.25847224e+01  1.36081439e+00  5.52378247e+00 
 1.10000000e-01  1.10000000e-01  1.48000000e+00  5.02469607e-04  1.18122316e+00  1.83679283e+00  1.01478124e+00  1.56669316e+00  3.25847224e+01  1.36081439e+00  5.52378247e+00 
 1.20000000e-01  1.20000000e-01  1.48000000e+00  5.45166309e-04  1.18122316e+00  1.83679283e+00  1.01478124e+00  1.56669316e+00  3.25847224e+01  1.36081439e+00  5.52378247e+00 
 1.30000000e-01  1.30000000e-01  1.48000000e+00  5.87355519e-04  1.18122316e+00  1.83679283e+00  1.01478124e+00  1.56669316e+00  3.25847224e+01  1.36081439e+00  5.52378247e+00 
 1.40000000e-01  1.40000000e-01  1.48000000e+00  6.29034778e-04  1.18122316e+00  1.83679283e+00  1.01478124e+00  1.56669316e+00  3.25847224e+01  1.36081439e+00  5.52378247e+00 
 1.50000000e-01  1.50000000e-01  1.48000000e+00  6.70201619e-04  1.18122316e+00  1.83679283e+00  1.01478124e+00  1.56669316e+00  3.25847224e+01  1.36081439e+00  5.52378247e+00 
 1.60000000e-01  1.60000000e-01  1.48000000e+00  7.10853563e-04  1.18122316e+00  1.83679283e+00  1.01478124e+00  1.56669316e+00  3.25847224e+01  1.36081439e+00  5.52378247e+00 
 1.70000000e-01  1.70000000e-01  1.48000000e+00  7.50988127e-04  1.18122316e+00  1.83679283e+00  1.01478124e+00  1.56669316e+00  3.25847224e+01  1.36081439e+00  5.52378247e+00 
 1.80000000e-01  1.80000000e-01  1.48000000e+00  7.90602823e-04  1.18122316e+00  1.83679283e+00  1.01478124e+00  1.56669316e+00  3.25847224e+01  1.36081439e+00  5.52378247e+00 
 1.90000000e-01  1.90000000e-01  1.48000000e+00  8.29695161e-04  1.18122316e+00  1.83679283e+00  1.01478124e+00  1.56669316e+00  3.25847224e+01  1.36081439e+00  5.52378247e+00 
 2.00000000e-01  2.00000000e-01  1.48000000e+00  8.68262654e-04  1.18122316e+00  1.83679283e+00  1.01478124e+00  1.56669316e+00  3.25847224e+01  1.36081439e+00  5.52378247e+00 
 2.10000000e-01  2.10000000e-01  1.48000000e+00  9.06302823e-04  1.18122316e+00  1.83679283e+00  1.01478124e+00  1.56669316e+00  3.25847224e+01  1.36081439e+00  5.52378247e+00 
 2.20000000e-01  2.20000000e-01  1.48000000e+00  9.43813197e-04  1.18122316e+00  1.83679283e+00  1.01478124e+00  1.56669316e+00  3.25847224e+01  1.36081439e+00  5.52378247e+00 
 2.30000000e-01  2.30000000e-01  1.48000000e+00  9.80791323e-04  1.18122316e+00  1.83679283e+00  1.01478124e+00  1.56669316e+00  3.25847224e+01  1.36081439e+00  5.52378247e+00 
 2.40000000e-01  2.40000000e-01  1.48000000e+00  1.01723477e-03  1.18122316e+00  1.83679283e+00  1.01478124e+00  1.56669316e+00  3.25847224e+01  1.36081439e+00  5.52378247e+00 
 2.50000000e-01  2.50000000e-01  1.48000000e+00  1.05314114e-03  1.18122316e+00  1.83679283e+00  1.01478124e+00  1.56669316e+00  3.25847224e+01  1.36081439e+00  5.52378247e+00 
 2.60000000e-01  2.60000000e-01  1.48000000e+00  1.08850806e-03  1.18122316e+00  1.83679283e+00  1.01478124e+00  1.56669316e+00  3.25847224e+01  1.36081439e+00  5.52378247e+00 
 2.70000000e-01  2.70000000e-01  1.48000000e+00  1.12333322e-03  1.18122316e+00  1.83679283e+00  1.01478124e+00  1.56669316e+00  3.25847224e+01  1.36081439e+00  5.52378247e+00 
 2.80000000e-01  2.80000000e-01  1.48000000e+00  1.15761435e-03  1.18122316e+00  1.83679283e+00  1.01478124e+00  1.56669316e+00  3.25847224e+01  1.36081439e+00  5.52378247e+00 
 2.90000000e-01  2.90000000e-01  1.48000000e+00  1.19134926e-03  1.18122316e+00  1.83679283e+00  1.01478124e+00  1.56669316e+00  3.25847224e+01  1.36081439e+00  5.52378247e+00 
 3.00000000e-01  3.00000000e-01  1.48000000e+00  1.22453581e-03  1.18122316e+00  1.83679283e+00  1.01478124e+00  1.56669316e+00  3.25847224e+01  1.36081439e+00  5.52378247e+00 
 3.10000000e-01  3.10000000e-01  1.48000000e+00  1.25717199e-03  1.18122316e+00  1.83679283e+00  1.01478124e+00  1.56669316e+00  3.25847224e+01  1.36081439e+00  5.52378247e+00 
 3.20000000e-01  3.20000000e-01  1.48000000e+00  1.28925586e-03  1.18122316e+00  1.83679283e+00  1.01478124e+00  1.56669316e+00  3.25847224e+01  1.36081439e+00  5.52378247e+00 
 3.30000000e-01  3.30000000e-01  1.48000000e+00  1.32078561e-03  1.18122316e+00  1.83679283e+00  1.01478124e+00  1.56669316e+00  3.25847224e+01  1.36081439e+00  5.52378247e+00 
 3.40000000e-01  3.40000000e-01  1.48000000e+00  1.35175960e-03  1.18122316e+00  1.83679283e+00  1.01478124e+00  1.56669316e+00  3.25847224e+01  1.36081439e+00  5.52378247e+00 
 3.50000000e-01  3.50000000e-01  1.48000000e+00  1.38217629e-03  1.18122316e+00  1.83679283e+00  1.01478124e+00  1.56669316e+00  3.25847224e+01  1.36081439e+00  5.52378247e+00 
 3.60000000e-01  3.60000000e-01  1.48000000e+00  1.41203437e-03  1.18122316e+00  1.83679283e+00  1.01478124e+00  1.56669316e+00  3.25847224e+01  1.36081439e+00  5.52378247e+00 
 3.70000000e-01  3.70000000e-01  1.48000000e+00  1.44133268e-03  1.18122316e+00  1.83679283e+00  1.01478124e+00  1.56669316e+00  3.25847224e+01  1.36081439e+00  5.52378247e+00 
 3.80000000e-01  3.80000000e-01  1.48000000e+00  1.47007032e-03  1.18122316e+00  1.83679283e+00  1.01478124e+00  1.56669316e+00  3.25847224e+01  1.36081439e+00  5.52378247e+00 
 3.90000000e-01  3.90000000e-01  1.48000000e+00  1.49824661e-03  1.18122316e+00  1.83679283e+00  1.01478124e+00  1.56669316e+00  3.25847224e+01  1.36081439e+00  5.52378247e+00 
 4.00000000e-01  4.00000000e-01  1.48000000e+00  1.52586115e-03  1.18122316e+00  1.83679283e+00  1.01478124e+00  1.56669316e+00  3.25847224e+01  1.36081439e+00  5.52378247e+00 
 4.10000000e-01  4.10000000e-01  1.48000000e+00  1.55291384e-03  1.18122316e+00  1.83679283e+00  1.01478124e+00  1.56669316e+00  3.25847224e+01  1.36081439e+00  5.52378247e+00 
 4.20000000e-01  4.20000000e-01  1.48000000e+00  1.57940488e-03  1.18122316e+00  1.83679283e+00  1.01478124e+00  1.56669316e+00  3.25847224e+01  1.36081439e+00  5.52378247e+00 
 4.30000000e-01  4.30000000e-01  1.48000000e+00  1.60533483e-03  1.18122316e+00  1.83679283e+00  1.01478124e+00  1.56669316e+00  3.25847224e+01  1.36081439e+00  5.52378247e+00 
 4.40000000e-01  4.40000000e-01  1.48000000e+00  1.63070465e-03  1.18122316e+00  1.83679283e+00  1.01478124e+00  1.56669316e+00  3.25847224e+01  1.36081439e+00  5.52378247e+00 
 4.50000000e-01  4.50000000e-01  1.48000000e+00  1.65551566e-03  1.18122316e+00  1.83679283e+00  1.01478124e+00  1.56669316e+00  3.25847224e+01  1.36081439e+00  5.52378247e+00 
 4.60000000e-01  4.60000000e-01  1.48000000e+00  1.67976965e-03  1.18122316e+00  1.83679283e+00  1.01478124e+00  1.56669316e+00  3.25847224e+01  1.36081439e+00  5.52378247e+00 
 4.70000000e-01  4.70000000e-01  1.48000000e+00  1.70346884e-03  1.18122316e+00  1.83679283e+00  1.01478124e+00  1.56669316e+00  3.25847224e+01  1.36081439e+00  5.52378247e+00 
 4.80000000e-01  4.80000000e-01  1.48000000e+00  1.72661593e-03  1.18122316e+00  1.83679283e+00  1.01478124e+00  1.56669316e+00  3.25847224e+01  1.36081439e+00  5.52378247e+00 
 4.90000000e-01  4.90000000e-01  1.48000000e+00  1.74921413e-03  1.18122316e+00  1.83679283e+00  1.01478124e+00  1.56669316e+00  3.25847224e+01  1.36081439e+00  5.52378247e+00 
 5.00000000e-01  5.00000000e-01  1.48000000e+00  1.77126718e-03  1.18122316e+00  1.83679283e+00  1.01478124e+00  1.56669316e+00  3.25847224e+01  1.36081439e+00  5.52378247e+00 
 5.10000000e-01  5.10000000e-01  1.48000000e+00  1.79277932e-03  1.18122316e+00  1.83679283e+00  1.01478124e+00  1.56669316e+00  3.25847224e+01  1.36081439e+00  5.52378247e+00 
 5.20000000e-01  5.20000000e-01  1.48000000e+00  1.81375537e-03  1.18122316e+00  1.83679283e+00  1.01478124e+00  1.56669316e+00  3.25847224e+01  1.36081439e+00  5.52378247e+00 
 5.30000000e-01  5.30000000e-01  1.48000000e+00  1.83420070e-03  1.18122316e+00  1.83679283e+00  1.01478124e+00  1.56669316e+00  3.25847224e+01  1.36081439e+00  5.52378247e+00 
 5.40000000e-01  5.40000000e-01  1.48000000e+00  1.85412123e-03  1.18122316e+00  1.83679283e+00  1.01478124e+00  1.56669316e+00  3.25847224e+01  1.36081439e+00  5.52378247e+00 
 5.50000000e-01  5.50000000e-01  1.48000000e+00  1.87352344e-03  1.18122316e+00  1.83679283e+00  1.01478124e+00  1.56669316e+00  3.25847224e+01  1.36081439e+00  5.52378247e+00 
 5.60000000e-01  5.60000000e-01  1.48000000e+00  1.89241437e-03  1.18122316e+00  1.83679283e+00  1.01478124e+00  1.56669316e+00  3.25847224e+01  1.36081439e+00  5.52378247e+00 
 5.70000000e-01  5.70000000e-01  1.48000000e+00  1.91080160e-03  1.18122316e+00  1.83679283e+00  1.01478124e+00  1.56669316e+00  3.25847224e+01  1.36081439e+00  5.52378247e+00 
 5.80000000e-01  5.80000000e-01  1.48000000e+00  1.92869322e-03  1.18122316e+00  1.83679283e+00  1.01478124e+00  1.56669316e+00  3.25847224e+01  1.36081439e+00  5.52378247e+00 
 5.90000000e-01  5.90000000e-01  1.48000000e+00  1.94609784e-03  1.18122316e+00  1.83679283e+00  1.01478124e+00  1.56669316e+00  3.25847224e+01  1.36081439e+00  5.52378247e+00 
 6.00000000e-01  6.00000000e-01  1.48000000e+00  1.96302454e-03  1.18122316e+00  1.83679283e+00  1.01478124e+00  1.56669316e+00  3.25847224e+01  1.36081439e+00  5.52378247e+00 
 6.10000000e-01  6.10000000e-01  1.48000000e+00  1.97948283e-03  1.18122316e+00  1.83679283e+00  1.01478124e+00  1.56669316e+00  3.25847224e+01  1.36081439e+00  5.52378247e+00 
 6.20000000e-01  6.20000000e-01  1.48000000e+00  1.99548265e-03  1.18122316e+00  1.83679283e+00  1.01478124e+00  1.56669316e+00  3.25847224e+01  1.36081439e+00  5.52378247e+00 
 6.30000000e-01  6.30000000e-01  1.48000000e+00  2.01103430e-03  1.18122316e+00  1.83679283e+00  1.01478124e+00  1.56669316e+00  3.25847224e+01  1.36081439e+00  5.52378247e+00 
 6.40000000e-01  6.40000000e-01  1.48000000e+00  2.02614840e-03  1.18122316e+00  1.83679283e+00  1.01478124e+00  1.56669316e+00  3.25847224e+01  1.36081439e+00  5.52378247e+00 
 6.50000000e-01  6.50000000e-01  1.48000000e+00  2.04083585e-03  1.18122316e+00  1.83679283e+00  1.01478124e+00  1.56669316e+00  3.25847224e+01  1.36081439e+00  5.52378247e+00 
 6.60000000e-01  6.60000000e-01  1.48000000e+00  2.05510781e-03  1.18122316e+00  1.83679283e+00  1.01478124e+00  1.56669316e+00  3.25847224e+01  1.36081439e+00  5.52378247e+00 
 6.70000000e-01  6.70000000e-01  1.48000000e+00  2.06897560e-03  1.18122316e+00  1.83679283e+00  1.01478124e+00  1.56669316e+00  3.25847224e+01  1.36081439e+00  5.52378247e+00 
 6.80000000e-01  6.80000000e-01  1.48000000e+00  2.08245070e-03  1.18122316e+00  1.83679283e+00  1.01478124e+00  1.56669316e+00  3.25847224e+01  1.36081439e+00  5.52378247e+00 
 6.90000000e-01  6.90000000e-01  1.48000000e+00  2.09554469e-03  1.18122316e+00  1.83679283e+00  1.01478124e+00  1.56669316e+00  3.25847224e+01  1.36081439e+00  5.52378247e+00 
 7.00000000e-01  7.00000000e-01  1.48000000e+00  2.10826917e-03  1.18122316e+00  1.83679283e+00  1.01478124e+00  1.56669316e+00  3.25847224e+01  1.36081439e+00  5.52378247e+00 
 7.10000000e-01  7.10000000e-01  1.48000000e+00  2.12063578e-03  1.18122316e+00  1.83679283e+00  1.01478124e+00  1.56669316e+00  3.25847224e+01  1.36081439e+00  5.52378247e+00 
 7.20000000e-01  7.20000000e-01  1.48000000e+00  2.13265610e-03  1.18122316e+00  1.83679283e+00  1.01478124e+00  1.56669316e+00  3.25847224e+01  1.36081439e+00  5.52378247e+00 
 7.30000000e-01  7.30000000e-01  1.48000000e+00  2.14434166e-03  1.18122316e+00  1.83679283e+00  1.01478124e+00  1.56669316e+00  3.25847224e+01  1.36081439e+00  5.52378247e+00 
 7.40000000e-01  7.40000000e-01  1.48000000e+00  2.15570384e-03  1.18122316e+00  1.83679283e+00  1.01478124e+00  1.56669316e+00  3.25847224e+01  1.36081439e+00  5.52378247e+00 
 7.50000000e-01  7.50000000e-01  1.48000000e+00  2.16675392e-03  1.18122316e+00  1.83679283e+00  1.01478124e+00  1.56669316e+00  3.25847224e+01  1.36081439e+00  5.52378247e+00 
 7.60000000e-01  7.60000000e-01  1.48000000e+00  2.17750296e-03  1.18122316e+00  1.83679283e+00  1.01478124e+00  1.56669316e+00  3.25847224e+01  1.36081439e+00  5.52378247e+00 
 7.70000000e-01  7.70000000e-01  1.48000000e+00  2.18796185e-03  1.18122316e+00  1.83679283e+00  1.01478124e+00  1.56669316e+00  3.25847224e+01  1.36081439e+00  5.52378247e+00 
 7.80000000e-01  7.80000000e-01  1.48000000e+00  2.19814125e-03  1.18122316e+00  1.83679283e+00  1.01478124e+00  1.56669316e+00  3.25847224e+01  1.36081439e+00  5.52378247e+00 
 7.90000000e-01  7.90000000e-01  1.48000000e+00  2.20805156e-03  1.18122316e+00  1.83679283e+00  1.01478124e+00  1.56669316e+00  3.25847224e+01  1.36081439e+00  5.52378247e+00 
 8.00000000e-01  8.00000000e-01  1.48000000e+00  2.21770294e-03  1.18122316e+00  1.83679283e+00  1.01478124e+00  1.56669316e+00  3.25847224e+01  1.36081439e+00  5.52378247e+00 
 8.10000000e-01  8.10000000e-01  1.48000000e+00  2.22710525e-03  1.18122316e+00  1.83679283e+00  1.01478124e+00  1.56669316e+00  3.25847224e+01  1.36081439e+00  5.52378247e+00 
 8.20000000e-01  8.20000000e-01  1.48000000e+00  2.23626809e-03  1.18122316e+00  1.83679283e+00  1.01478124e+00  1.56669316e+00  3.25847224e+01  1.36081439e+00  5.52378247e+00 
 8.30000000e-01  8.30000000e-01  1.48000000e+00  2.24520075e-03  1.18122316e+00  1.83679283e+00  1.01478124e+00  1.56669316e+00  3.25847224e+01  1.36081439e+00  5.52378247e+00 
 8.40000000e-01  8.40000000e-01  1.48000000e+00  2.25391222e-03  1.18122316e+00  1.83679283e+00  1.01478124e+00  1.56669316e+00  3.25847224e+01  1.36081439e+00  5.52378247e+00 
 8.50000000e-01  8.50000000e-01  1.48000000e+00  2.26241119e-03  1.18122316e+00  1.83679283e+00  1.01478124e+00  1.56669316e+00  3.25847224e+01  1.36081439e+00  5.52378247e+00 
 8.60000000e-01  8.60000000e-01  1.48000000e+00  2.27070606e-03  1.18122316e+00  1.83679283e+00  1.01478124e+00  1.56669316e+00  3.25847224e+01  1.36081439e+00  5.52378247e+00 
 8.70000000e-01  8.70000000e-01  1.48000000e+00  2.27880490e-03  1.18122316e+00  1.83679283e+00  1.01478124e+00  1.56669316e+00  3.25847224e+01  1.36081439e+00  5.52378247e+00 
 8.80000000e-01  8.80000000e-01  1.48000000e+00  2.28671550e-03  1.18122316e+00  1.83679283e+00  1.01478124e+00  1.56669316e+00  3.25847224e+01  1.36081439e+00  5.52378247e+00 
 8.90000000e-01  8.90000000e-01  1.48000000e+00  2.29444534e-03  1.18122316e+00  1.83679283e+00  1.01478124e+00  1.56669316e+00  3.25847224e+01  1.36081439e+00  5.52378247e+00 
 9.00000000e-01  9.00000000e-01  1.48000000e+00  2.30200161e-03  1.18122316e+00  1.83679283e+00  1.01478124e+00  1.56669316e+00  3.25847224e+01  1.36081439e+00  5.52378247e+00 
 9.10000000e-01  9.10000000e-01  1.48000000e+00  2.30939122e-03  1.18122316e+00  1.83679283e+00  1.01478124e+00  1.56669316e+00  3.25847224e+01  1.36081439e+00  5.52378247e+00 
 9.20000000e-01  9.20000000e-01  1.48000000e+00  2.31662080e-03  1.18122316e+00  1.83679283e+00  1.01478124e+00  1.56669316e+00  3.25847224e+01  1.36081439e+00  5.52378247e+00 
 9.30000000e-01  9.30000000e-01  1.48000000e+00  2.32369669e-03  1.18122316e+00  1.83679283e+00  1.01478124e+00  1.56669316e+00  3.25847224e+01  1.36081439e+00  5.52378247e+00 
 9.40000000e-01  9.40000000e-01  1.48000000e+00  2.33062498e-03  1.18122316e+00  1.83679283e+00  1.01478124e+00  1.56669316e+00  3.25847224e+01  1.36081439e+00  5.52378247e+00 
 9.50000000e-01  9.50000000e-01  1.48000000e+00  2.33741149e-03  1.18122316e+00  1.83679283e+00  1.01478124e+00  1.56669316e+00  3.25847224e+01  1.36081439e+00  5.52378247e+00 
 9.60000000e-01  9.60000000e-01  1.48000000e+00  2.34406181e-03  1.18122316e+00  1.83679283e+00  1.01478124e+00  1.56669316e+00  3.25847224e+01  1.36081439e+00  5.52378247e+00 
 9.70000000e-01  9.70000000e-01  1.48000000e+00  2.35058126e-03  1.18122316e+00  1.83679283e+00  1.01478124e+00  1.56669316e+00  3.25847224e+01  1.36081439e+00  5.52378247e+00 
 9.80000000e-01  9.80000000e-01  1.48000000e+00  2.35697497e-03  1.18122316e+00  1.83679283e+00  1.01478124e+00  1.56669316e+00  3.25847224e+01  1.36081439e+00  5.52378247e+00 
 9.90000000e-01  9.90000000e-01  1.48000000e+00  2.36324780e-03  1.18122316e+00  1.83679283e+00  1.01478124e+00  1.56669316e+00  3.25847224e+01  1.36081439e+00  5.52378247e+00 
 1.00000000e+00  1.00000000e+00  1.48000000e+00  2.36940443e-03  1.18122316e+00  1.83679283e+00  1.01478124e+00  1.56669316e+00  3.25847224e+01  1.36081439e+00  5.52378247e+00 
 1.01000000e+00  1.01000000e+00  1.48000000e+00  2.37544932e-03  1.18122316e+00  1.83679283e+00  1.01478124e+00  1.56669316e+00  3.25847224e+01  1.36081439e+00  5.52378247e+00 
 1.02000000e+00  1.02000000e+00  1.48000000e+00  2.38138674e-03  1.18122316e+00  1.83679283e+00  1.01478124e+00  1.56669316e+00  3.25847224e+01  1.36081439e+00  5.52378247e+00 
 1.03000000e+00  1.03000000e+00  1.48000000e+00  2.38722075e-03  1.18122316e+00  1.83679283e+00  1.01478124e+00  1.56669316e+00  3.25847224e+01  1.36081439e+00  5.52378247e+00 
 1.04000000e+00  1.04000000e+00  1.48000000e+00  2.39295527e-03  1.18122316e+00  1.83679283e+00  1.01478124e+00  1.56669316e+00  3.25847224e+01  1.36081439e+00  5.52378247e+00 
 1.05000000e+00  1.05000000e+00  1.48000000e+00  2.39859401e-03  1.18122316e+00  1.83679283e+00  1.01478124e+00  1.56669316e+00  3.25847224e+01  1.36081439e+00  5.52378247e+00 
 1.06000000e+00  1.06000000e+00  1.48000000e+00  2.40414053e-03  1.18122316e+00  1.83679283e+00  1.01478124e+00  1.56669316e+00  3.25847224e+01  1.36081439e+00  5.52378247e+00 
 1.07000000e+00  1.07000000e+00  1.48000000e+00  2.40959823e-03  1.18122316e+00  1.83679283e+00  1.01478124e+00  1.56669316e+00  3.25847224e+01  1.36081439e+00  5.52378247e+00 
 1.08000000e+00  1.08000000e+00  1.48000000e+00  2.41497037e-03  1.18122316e+00  1.83679283e+00  1.01478124e+00  1.56669316e+00  3.25847224e+01  1.36081439e+00  5.52378247e+00 
 1.09000000e+00  1.09000000e+00  1.48000000e+00  2.42026005e-03  1.18122316e+00  1.83679283e+00  1.01478124e+00  1.56669316e+00  3.25847224e+01  1.36081439e+00  5.52378247e+00 
 1.10000000e+00  1.10000000e+00  1.48000000e+00  2.42547024e-03  1.18122316e+00  1.83679283e+00  1.01478124e+00  1.56669316e+00  3.25847224e+01  1.36081439e+00  5.52378247e+00 
 1.11000000e+00  1.11000000e+00  1.48000000e+00  2.43060378e-03  1.18122316e+00  1.83679283e+00  1.01478124e+00  1.56669316e+00  3.25847224e+01  1.36081439e+00  5.52378247e+00 
 1.12000000e+00  1.12000000e+00  1.48000000e+00  2.43566339e-03  1.18122316e+00  1.83679283e+00  1.01478124e+00  1.56669316e+00  3.25847224e+01  1.36081439e+00  5.52378247e+00 
 1.13000000e+00  1.13000000e+00  1.48000000e+00  2.44065167e-03  1.18122316e+00  1.83679283e+00  1.01478124e+00  1.56669316e+00  3.25847224e+01  1.36081439e+00  5.52378247e+00 
 1.14000000e+00  1.14000000e+00  1.48000000e+00  2.44557111e-03  1.18122316e+00  1.83679283e+00  1.01478124e+00  1.56669316e+00  3.25847224e+01  1.36081439e+00  5.52378247e+00 
 1.15000000e+00  1.15000000e+00  1.48000000e+00  2.45042407e-03  1.18122316e+00  1.83679283e+00  1.01478124e+00  1.56669316e+00  3.25847224e+01  1.36081439e+00  5.52378247e+00 
 1.16000000e+00  1.16000000e+00  1.48000000e+00  2.45521285e-03  1.18122316e+00  1.83679283e+00  1.01478124e+00  1.56669316e+00  3.25847224e+01  1.36081439e+00  5.52378247e+00 
 1.17000000e+00  1.17000000e+00  1.48000000e+00  2.45993961e-03  1.18122316e+00  1.83679283e+00  1.01478124e+00  1.56669316e+00  3.25847224e+01  1.36081439e+00  5.52378247e+00 
 1.18000000e+00  1.18000000e+00  1.48000000e+00  2.46460645e-03  1.18122316e+00  1.83679283e+00  1.01478124e+00  1.56669316e+00  3.25847224e+01  1.36081439e+00  5.52378247e+00 
 1.19000000e+00  1.19000000e+00  1.48000000e+00  2.46921536e-03  1.18122316e+00  1.83679283e+00  1.01478124e+00  1.56669316e+00  3.25847224e+01  1.36081439e+00  5.52378247e+00 
 1.20000000e+00  1.20000000e+00  1.48000000e+00  2.47376826e-03  1.18122316e+00  1.83679283e+00  1.01478124e+00  1.56669316e+00  3.25847224e+01  1.36081439e+00  5.52378247e+00 
 1.21000000e+00  1.21000000e+00  1.48000000e+00  2.47826698e-03  1.18122316e+00  1.83679283e+00  1.01478124e+00  1.56669316e+00  3.25847224e+01  1.36081439e+00  5.52378247e+00 
 1.22000000e+00  1.22000000e+00  1.48000000e+00  2.48271328e-03  1.18122316e+00  1.83679283e+00  1.01478124e+00  1.56669316e+00  3.25847224e+01  1.36081439e+00  5.52378247e+00 
 1.23000000e+00  1.23000000e+00  1.48000000e+00  2.48710885e-03  1.18122316e+00  1.83679283e+00  1.01478124e+00  1.56669316e+00  3.25847224e+01  1.36081439e+00  5.52378247e+00 
 1.24000000e+00  1.24000000e+00  1.48000000e+00  2.49145530e-03  1.18122316e+00  1.83679283e+00  1.01478124e+00  1.56669316e+00  3.25847224e+01  1.36081439e+00  5.52378247e+00 
 1.25000000e+00  1.25000000e+00  1.48000000e+00  2.49575419e-03  1.18122316e+00  1.83679283e+00  1.01478124e+00  1.56669316e+00  3.25847224e+01  1.36081439e+00  5.52378247e+00 
 1.26000000e+00  1.26000000e+00  1.48000000e+00  2.50000700e-03  1.18122316e+00  1.83679283e+00  1.01478124e+00  1.56669316e+00  3.25847224e+01  1.36081439e+00  5.52378247e+00 
 1.27000000e+00  1.27000000e+00  1.48000000e+00  2.50421516e-03  1.18122316e+00  1.83679283e+00  1.01478124e+00  1.56669316e+00  3.25847224e+01  1.36081439e+00  5.52378247e+00 
 1.28000000e+00  1.28000000e+00  1.48000000e+00  2.50838004e-03  1.18122316e+00  1.83679283e+00  1.01478124e+00  1.56669316e+00  3.25847224e+01  1.36081439e+00  5.52378247e+00 
 1.29000000e+00  1.29000000e+00  1.48000000e+00  2.51250297e-03  1.18122316e+00  1.83679283e+00  1.01478124e+00  1.56669316e+00  3.25847224e+01  1.36081439e+00  5.52378247e+00 
 1.30000000e+00  1.30000000e+00  1.48000000e+00  2.51658519e-03  1.18122316e+00  1.83679283e+00  1.01478124e+00  1.56669316e+00  3.25847224e+01  1.36081439e+00  5.52378247e+00 
 1.31000000e+00  1.31000000e+00  1.48000000e+00  2.52062794e-03  1.18122316e+00  1.83679283e+00  1.01478124e+00  1.56669316e+00  3.25847224e+01  1.36081439e+00  5.52378247e+00 
 1.32000000e+00  1.32000000e+00  1.48000000e+00  2.52463238e-03  1.18122316e+00  1.83679283e+00  1.01478124e+00  1.56669316e+00  3.25847224e+01  1.36081439e+00  5.52378247e+00 
 1.33000000e+00  1.33000000e+00  1.48000000e+00  2.52859964e-03  1.18122316e+00  1.83679283e+00  1.01478124e+00  1.56669316e+00  3.25847224e+01  1.36081439e+00  5.52378247e+00 
 1.34000000e+00  1.34000000e+00  1.48000000e+00  2.53253079e-03  1.18122316e+00  1.83679283e+00  1.01478124e+00  1.56669316e+00  3.25847224e+01  1.36081439e+00  5.52378247e+00 
 1.35000000e+00  1.35000000e+00  1.48000000e+00  2.53642687e-03  1.18122316e+00  1.83679283e+00  1.01478124e+00  1.56669316e+00  3.25847224e+01  1.36081439e+00  5.52378247e+00 
 1.36000000e+00  1.36000000e+00  1.48000000e+00  2.54028890e-03  1.18122316e+00  1.83679283e+00  1.01478124e+00  1.56669316e+00  3.25847224e+01  1.36081439e+00  5.52378247e+00 
 1.37000000e+00  1.37000000e+00  1.48000000e+00  2.54411782e-03  1.18122316e+00  1.83679283e+00  1.01478124e+00  1.56669316e+00  3.25847224e+01  1.36081439e+00  5.52378247e+00 
 1.38000000e+00  1.38000000e+00  1.48000000e+00  2.54791457e-03  1.18122316e+00  1.83679283e+00  1.01478124e+00  1.56669316e+00  3.25847224e+01  1.36081439e+00  5.52378247e+00 
 1.39000000e+00  1.39000000e+00  1.48000000e+00  2.55168004e-03  1.18122316e+00  1.83679283e+00  1.01478124e+00  1.56669316e+00  3.25847224e+01  1.36081439e+00  5.52378247e+00 
 1.40000000e+00  1.40000000e+00  1.48000000e+00  2.55541509e-03  1.18122316e+00  1.83679283e+00  1.01478124e+00  1.56669316e+00  3.25847224e+01  1.36081439e+00  5.52378247e+00 
 1.41000000e+00  1.41000000e+00  1.48000000e+00  2.55912056e-03  1.18122316e+00  1.83679283e+00  1.01478124e+00  1.56669316e+00  3.25847224e+01  1.36081439e+00  5.52378247e+00 
 1.42000000e+00  1.42000000e+00  1.48000000e+00  2.56279724e-03  1.18122316e+00  1.83679283e+00  1.01478124e+00  1.56669316e+00  3.25847224e+01  1.36081439e+00  5.52378247e+00 
 1.43000000e+00  1.43000000e+00  1.48000000e+00  2.56644590e-03  1.18122316e+00  1.83679283e+00  1.01478124e+00  1.56669316e+00  3.25847224e+01  1.36081439e+00  5.52378247e+00 
 1.44000000e+00  1.44000000e+00  1.48000000e+00  2.57006729e-03  1.18122316e+00  1.83679283e+00  1.01478124e+00  1.56669316e+00  3.25847224e+01  1.36081439e+00  5.52378247e+00 
 1.45000000e+00  1.45000000e+00  1.48000000e+00  2.57366213e-03  1.18122316e+00  1.83679283e+00  1.01478124e+00  1.56669316e+00  3.25847224e+01  1.36081439e+00  5.52378247e+00 
 1.46000000e+00  1.46000000e+00  1.48000000e+00  2.57723111e-03  1.18122316e+00  1.83679283e+00  1.01478124e+00  1.56669316e+00  3.25847224e+01  1.36081439e+00  5.52378247e+00 
 1.47000000e+00  1.47000000e+00  1.48000000e+00  2.58077490e-03  1.18122316e+00  1.83679283e+00  1.01478124e+00  1.56669316e+00  3.25847224e+01  1.36081439e+00  5.52378247e+00 
 1.48000000e+00  1.48000000e+00  1.48000000e+00  2.58429414e-03  1.18122316e+00  1.83679283e+00  1.01478124e+00  1.56669316e+00  3.25847224e+01  1.36081439e+00  5.52378247e+00 
 1.49000000e+00  1.49000000e+00  1.48000000e+00  2.58778946e-03  1.18122316e+00  1.83679283e+00  1.01478124e+00  1.56669316e+00  3.25847224e+01  1.36081439e+00  5.52378247e+00 
 1.50000000e+00  1.50000000e+00  1.48000000e+00  2.59126147e-03  1.18122316e+00  1.83679283e+00  1.01478124e+00  1.56669316e+00  3.25847224e+01  1.36081439e+00  5.52378247e+00 
 1.51000000e+00  1.51000000e+00  1.48000000e+00  2.59471074e-03  1.18122316e+00  1.83679283e+00  1.01478124e+00  1.56669316e+00  3.25847224e+01  1.36081439e+00  5.52378247e+00 
 1.52000000e+00  1.52000000e+00  1.48000000e+00  2.59813784e-03  1.18122316e+00  1.83679283e+00  1.01478124e+00  1.56669316e+00  3.25847224e+01  1.36081439e+00  5.52378247e+00 
 1.53000000e+00  1.53000000e+00  1.48000000e+00  2.60154331e-03  1.18122316e+00  1.83679283e+00  1.01478124e+00  1.56669316e+00  3.25847224e+01  1.36081439e+00  5.52378247e+00 
 1.54000000e+00  1.54000000e+00  1.48000000e+00  2.60492769e-03  1.18122316e+00  1.83679283e+00  1.01478124e+00  1.56669316e+00  3.25847224e+01  1.36081439e+00  5.52378247e+00 
 1.55000000e+00  1.55000000e+00  1.48000000e+00  2.60829148e-03  1.18122316e+00  1.83679283e+00  1.01478124e+00  1.56669316e+00  3.25847224e+01  1.36081439e+00  5.52378247e+00 
 1.56000000e+00  1.56000000e+00  1.48000000e+00  2.61163517e-03  1.18122316e+00  1.83679283e+00  1.01478124e+00  1.56669316e+00  3.25847224e+01  1.36081439e+00  5.52378247e+00 
 1.57000000e+00  1.57000000e+00  1.48000000e+00  2.61495924e-03  1.18122316e+00  1.83679283e+00  1.01478124e+00  1.56669316e+00  3.25847224e+01  1.36081439e+00  5.52378247e+00 
 1.58000000e+00  1.58000000e+00  1.48000000e+00  2.61826416e-03  1.18122316e+00  1.83679283e+00  1.01478124e+00  1.56669316e+00  3.25847224e+01  1.36081439e+00  5.52378247e+00 
 1.59000000e+00  1.59000000e+00  1.48000000e+00  2.62155037e-03  1.18122316e+00  1.83679283e+00  1.01478124e+00  1.56669316e+00  3.25847224e+01  1.36081439e+00  5.52378247e+00 
 1.60000000e+00  1.60000000e+00  1.48000000e+00  2.62481831e-03  1.18122316e+00  1.83679283e+00  1.01478124e+00  1.56669316e+00  3.25847224e+01  1.36081439e+00  5.52378247e+00 
 1.61000000e+00  1.61000000e+00  1.48000000e+00  2.62806840e-03  1.18122316e+00  1.83679283e+00  1.01478124e+00  1.56669316e+00  3.25847224e+01  1.36081439e+00  5.52378247e+00 
 1.62000000e+00  1.62000000e+00  1.48000000e+00  2.63130104e-03  1.18122316e+00  1.83679283e+00  1.01478124e+00  1.56669316e+00  3.25847224e+01  1.36081439e+00  5.52378247e+00 
 1.63000000e+00  1.63000000e+00  1.48000000e+00  2.63451663e-03  1.18122316e+00  1.83679283e+00  1.01478124e+00  1.56669316e+00  3.25847224e+01  1.36081439e+00  5.52378247e+00 
 1.64000000e+00  1.64000000e+00  1.48000000e+00  2.63771556e-03  1.18122316e+00  1.83679283e+00  1.01478124e+00  1.56669316e+00  3.25847224e+01  1.36081439e+00  5.52378247e+00 
 1.65000000e+00  1.65000000e+00  1.48000000e+00  2.64089818e-03  1.18122316e+00  1.83679283e+00  1.01478124e+00  1.56669316e+00  3.25847224e+01  1.36081439e+00  5.52378247e+00 
 1.66000000e+00  1.66000000e+00  1.48000000e+00  2.64406488e-03  1.18122316e+00  1.83679283e+00  1.01478124e+00  1.56669316e+00  3.25847224e+01  1.36081439e+00  5.52378247e+00 
 1.67000000e+00  1.67000000e+00  1.48000000e+00  2.64721599e-03  1.18122316e+00  1.83679283e+00  1.01478124e+00  1.56669316e+00  3.25847224e+01  1.36081439e+00  5.52378247e+00 
 1.68000000e+00  1.68000000e+00  1.48000000e+00  2.65035185e-03  1.18122316e+00  1.83679283e+00  1.01478124e+00  1.56669316e+00  3.25847224e+01  1.36081439e+00  5.52378247e+00 
 1.69000000e+00  1.69000000e+00  1.48000000e+00  2.65347280e-03  1.18122316e+00  1.83679283e+00  1.01478124e+00  1.56669316e+00  3.25847224e+01  1.36081439e+00  5.52378247e+00 
 1.70000000e+00  1.70000000e+00  1.48000000e+00  2.65657915e-03  1.18122316e+00  1.83679283e+00  1.01478124e+00  1.56669316e+00  3.25847224e+01  1.36081439e+00  5.52378247e+00 
 1.71000000e+00  1.71000000e+00  1.48000000e+00  2.65967122e-03  1.18122316e+00  1.83679283e+00  1.01478124e+00  1.56669316e+00  3.25847224e+01  1.36081439e+00  5.52378247e+00 
 1.72000000e+00  1.72000000e+00  1.48000000e+00  2.66274930e-03  1.18122316e+00  1.83679283e+00  1.01478124e+00  1.56669316e+00  3.25847224e+01  1.36081439e+00  5.52378247e+00 
 1.73000000e+00  1.73000000e+00  1.48000000e+00  2.66581370e-03  1.18122316e+00  1.83679283e+00  1.01478124e+00  1.56669316e+00  3.25847224e+01  1.36081439e+00  5.52378247e+00 
 1.74000000e+00  1.74000000e+00  1.48000000e+00  2.66886469e-03  1.18122316e+00  1.83679283e+00  1.01478124e+00  1.56669316e+00  3.25847224e+01  1.36081439e+00  5.52378247e+00 
 1.75000000e+00  1.75000000e+00  1.48000000e+00  2.67190256e-03  1.18122316e+00  1.83679283e+00  1.01478124e+00  1.56669316e+00  3.25847224e+01  1.36081439e+00  5.52378247e+00 
 1.76000000e+00  1.76000000e+00  1.48000000e+00  2.67492758e-03  1.18122316e+00  1.83679283e+00  1.01478124e+00  1.56669316e+00  3.25847224e+01  1.36081439e+00  5.52378247e+00 
 1.77000000e+00  1.77000000e+00  1.48000000e+00  2.67794000e-03  1.18122316e+00  1.83679283e+00  1.01478124e+00  1.56669316e+00  3.25847224e+01  1.36081439e+00  5.52378247e+00 
 1.78000000e+00  1.78000000e+00  1.48000000e+00  2.68094008e-03  1.18122316e+00  1.83679283e+00  1.01478124e+00  1.56669316e+00  3.25847224e+01  1.36081439e+00  5.52378247e+00 
 1.79000000e+00  1.79000000e+00  1.48000000e+00  2.68392808e-03  1.18122316e+00  1.83679283e+00  1.01478124e+00  1.56669316e+00  3.25847224e+01  1.36081439e+00  5.52378247e+00 
 1.80000000e+00  1.80000000e+00  1.48000000e+00  2.68690424e-03  1.18122316e+00  1.83679283e+00  1.01478124e+00  1.56669316e+00  3.25847224e+01  1.36081439e+00  5.52378247e+00 
 1.81000000e+00  1.81000000e+00  1.48000000e+00  2.68986879e-03  1.18122316e+00  1.83679283e+00  1.01478124e+00  1.56669316e+00  3.25847224e+01  1.36081439e+00  5.52378247e+00 
 1.82000000e+00  1.82000000e+00  1.48000000e+00  2.69282196e-03  1.18122316e+00  1.83679283e+00  1.01478124e+00  1.56669316e+00  3.25847224e+01  1.36081439e+00  5.52378247e+00 
 1.83000000e+00  1.83000000e+00  1.48000000e+00  2.69576398e-03  1.18122316e+00  1.83679283e+00  1.01478124e+00  1.56669316e+00  3.25847224e+01  1.36081439e+00  5.52378247e+00 
 1.84000000e+00  1.84000000e+00  1.48000000e+00  2.69869507e-03  1.18122316e+00  1.83679283e+00  1.01478124e+00  1.56669316e+00  3.25847224e+01  1.36081439e+00  5.52378247e+00 
 1.85000000e+00  1.85000000e+00  1.48000000e+00  2.70161545e-03  1.18122316e+00  1.83679283e+00  1.01478124e+00  1.56669316e+00  3.25847224e+01  1.36081439e+00  5.52378247e+00 
