 0.00000000e+00  1.48000000e+00  0.00000000e+00  1.48148160e-12  1.23842701e+00  1.69226488e+00  9.46741547e-01  1.55675085e+00  3.28079445e+01  1.27250623e+00  5.12146772e+00 
 1.00000000e-02  1.48000000e+00  1.00000000e-02  1.48148160e-12  1.23842701e+00  1.69226488e+00  9.46741547e-01  1.55675085e+00  3.28079445e+01  1.27250623e+00  5.12146772e+00 
 2.00000000e-02  1.48000000e+00  2.00000000e-02  1.48148160e-12  1.23842701e+00  1.69226488e+00  9.46741547e-01  1.55675085e+00  3.28079445e+01  1.27250623e+00  5.12146772e+00 
 3.00000000e-02  1.48000000e+00  3.00000000e-02  1.48148160e-12  1.23842701e+00  1.69226488e+00  9.46741547e-01  1.55675085e+00  3.28079445e+01  1.27250623e+00  5.12146772e+00 
 4.00000000e-02  1.48000000e+00  4.00000000e-02  1.48148160e-12  1.23842701e+00  1.69226488e+00  9.46741547e-01  1.55675085e+00  3.28079445e+01  1.27250623e+00  5.12146772e+00 
 5.00000000e-02  1.48000000e+00  5.00000000e-02  1.48148160e-12  1.23842701e+00  1.69226488e+00  9.46741547e-01  1.55675085e+00  3.28079445e+01  1.27250623e+00  5.12146772e+00 
 6.00000000e-02  1.48000000e+00  6.00000000e-02  1.48148160e-12  1.23842701e+00  1.69226488e+00  9.46741547e-01  1.55675085e+00  3.28079445e+01  1.27250623e+00  5.12146772e+00 
 7.00000000e-02  1.48000000e+00  7.00000000e-02  1.48148160e-12  1.23842701e+00  1.69226488e+00  9.46741547e-01  1.55675085e+00  3.28079445e+01  1.27250623e+00  5.12146772e+00 
 8.00000000e-02  1.48000000e+00  8.00000000e-02  1.48148160e-12  1.23842701e+00  1.69226488e+00  9.46741547e-01  1.55675085e+00  3.28079445e+01  1.27250623e+00  5.12146772e+00 
 9.00000000e-02  1.48000000e+00  9.00000000e-02  1.48148160e-12  1.23842701e+00  1.69226488e+00  9.46741547e-01  1.55675085e+00  3.28079445e+01  1.27250623e+00  5.12146772e+00 
 1.00000000e-01  1.48000000e+00  1.00000000e-01  1.48148160e-12  1.23842701e+00  1.69226488e+00  9.46741547e-01  1.55675085e+00  3.28079445e+01  1.27250623e+00  5.12146772e+00 
 1.10000000e-01  1.48000000e+00  1.10000000e-01  1.48148160e-12  1.23842701e+00  1.69226488e+00  9.46741547e-01  1.55675085e+00  3.28079445e+01  1.27250623e+00  5.12146772e+00 
 1.20000000e-01  1.48000000e+00  1.20000000e-01  1.48148160e-12  1.23842701e+00  1.69226488e+00  9.46741547e-01  1.55675085e+00  3.28079445e+01  1.27250623e+00  5.12146772e+00 
 1.30000000e-01  1.48000000e+00  1.30000000e-01  1.48148160e-12  1.23842701e+00  1.69226488e+00  9.46741547e-01  1.55675085e+00  3.28079445e+01  1.27250623e+00  5.12146772e+00 
 1.40000000e-01  1.48000000e+00  1.40000000e-01  1.48148160e-12  1.23842701e+00  1.69226488e+00  9.46741547e-01  1.55675085e+00  3.28079445e+01  1.27250623e+00  5.12146772e+00 
 1.50000000e-01  1.48000000e+00  1.50000000e-01  1.48148160e-12  1.23842701e+00  1.69226488e+00  9.46741547e-01  1.55675085e+00  3.28079445e+01  1.27250623e+00  5.12146772e+00 
 1.60000000e-01  1.48000000e+00  1.60000000e-01  1.48148160e-12  1.23842701e+00  1.69226488e+00  9.46741547e-01  1.55675085e+00  3.28079445e+01  1.27250623e+00  5.12146772e+00 
 1.70000000e-01  1.48000000e+00  1.70000000e-01  1.48148160e-12  1.23842701e+00  1.69226488e+00  9.46741547e-01  1.55675085e+00  3.28079445e+01  1.27250623e+00  5.12146772e+00 
 1.80000000e-01  1.48000000e+00  1.80000000e-01  1.48148160e-12  1.23842701e+00  1.69226488e+00  9.46741547e-01  1.55675085e+00  3.28079445e+01  1.27250623e+00  5.12146772e+00 
 1.90000000e-01  1.48000000e+00  1.90000000e-01  1.48148160e-12  1.23842701e+00  1.69226488e+00  9.46741547e-01  1.55675085e+00  3.28079445e+01  1.27250623e+00  5.12146772e+00 
 2.00000000e-01  1.48000000e+00  2.00000000e-01  1.48148160e-12  1.23842701e+00  1.69226488e+00  9.46741547e-01  1.55675085e+00  3.28079445e+01  1.27250623e+00  5.12146772e+00 
 2.10000000e-01  1.48000000e+00  2.10000000e-01  1.48148160e-12  1.23842701e+00  1.69226488e+00  9.46741547e-01  1.55675085e+00  3.28079445e+01  1.27250623e+00  5.12146772e+00 
 2.20000000e-01  1.48000000e+00  2.20000000e-01  1.48148160e-12  1.23842701e+00  1.69226488e+00  9.46741547e-01  1.55675085e+00  3.28079445e+01  1.27250623e+00  5.12146772e+00 
 2.30000000e-01  1.48000000e+00  2.30000000e-01  1.48148160e-12  1.23842701e+00  1.69226488e+00  9.46741547e-01  1.55675085e+00  3.28079445e+01  1.27250623e+00  5.12146772e+00 
 2.40000000e-01  1.48000000e+00  2.40000000e-01  1.48148160e-12  1.23842701e+00  1.69226488e+00  9.46741547e-01  1.55675085e+00  3.28079445e+01  1.27250623e+00  5.12146772e+00 
 2.50000000e-01  1.48000000e+00  2.50000000e-01  1.48148160e-12  1.23842701e+00  1.69226488e+00  9.46741547e-01  1.55675085e+00  3.28079445e+01  1.27250623e+00  5.12146772e+00 
 2.60000000e-01  1.48000000e+00  2.60000000e-01  1.48148160e-12  1.23842701e+00  1.69226488e+00  9.46741547e-01  1.55675085e+00  3.28079445e+01  1.27250623e+00  5.12146772e+00 
 2.70000000e-01  1.48000000e+00  2.70000000e-01  1.48148160e-12  1.23842701e+00  1.69226488e+00  9.46741547e-01  1.55675085e+00  3.28079445e+01  1.27250623e+00  5.12146772e+00 
 2.80000000e-01  1.48000000e+00  2.80000000e-01  1.48148160e-12  1.23842701e+00  1.69226488e+00  9.46741547e-01  1.55675085e+00  3.28079445e+01  1.27250623e+00  5.12146772e+00 
 2.90000000e-01  1.48000000e+00  2.90000000e-01  1.48148160e-12  1.23842701e+00  1.69226488e+00  9.46741547e-01  1.55675085e+00  3.28079445e+01  1.27250623e+00  5.12146772e+00 
 3.00000000e-01  1.48000000e+00  3.00000000e-01  1.48148160e-12  1.23842701e+00  1.69226488e+00  9.46741547e-01  1.55675085e+00  3.28079445e+01  1.27250623e+00  5.12146772e+00 
 3.10000000e-01  1.48000000e+00  3.10000000e-01  1.48148160e-12  1.23842701e+00  1.69226488e+00  9.46741547e-01  1.55675085e+00  3.28079445e+01  1.27250623e+00  5.12146772e+00 
 3.20000000e-01  1.48000000e+00  3.20000000e-01  1.48148160e-12  1.23842701e+00  1.69226488e+00  9.46741547e-01  1.55675085e+00  3.28079445e+01  1.27250623e+00  5.12146772e+00 
 3.30000000e-01  1.48000000e+00  3.30000000e-01  1.48148160e-12  1.23842701e+00  1.69226488e+00  9.46741547e-01  1.55675085e+00  3.28079445e+01  1.27250623e+00  5.12146772e+00 
 3.40000000e-01  1.48000000e+00  3.40000000e-01  1.48148160e-12  1.23842701e+00  1.69226488e+00  9.46741547e-01  1.55675085e+00  3.28079445e+01  1.27250623e+00  5.12146772e+00 
 3.50000000e-01  1.48000000e+00  3.50000000e-01  1.48148160e-12  1.23842701e+00  1.69226488e+00  9.46741547e-01  1.55675085e+00  3.28079445e+01  1.27250623e+00  5.12146772e+00 
 3.60000000e-01  1.48000000e+00  3.60000000e-01  1.48325796e-12  1.23842701e+00  1.69226488e+00  9.46741547e-01  1.55675085e+00  3.28079445e+01  1.27250623e+00  5.12146772e+00 
 3.70000000e-01  1.48000000e+00  3.70000000e-01  1.48148160e-12  1.23842701e+00  1.69226488e+00  9.46741547e-01  1.55675085e+00  3.28079445e+01  1.27250623e+00  5.12146772e+00 
 3.80000000e-01  1.48000000e+00  3.80000000e-01  1.48503432e-12  1.23842701e+00  1.69226488e+00  9.46741547e-01  1.55675085e+00  3.28079445e+01  1.27250623e+00  5.12146772e+00 
 3.90000000e-01  1.48000000e+00  3.90000000e-01  1.48503432e-12  1.23842701e+00  1.69226488e+00  9.46741547e-01  1.55675085e+00  3.28079445e+01  1.27250623e+00  5.12146772e+00 
 4.00000000e-01  1.48000000e+00  4.00000000e-01  1.49036339e-12  1.23842701e+00  1.69226488e+00  9.46741547e-01  1.55675085e+00  3.28079445e+01  1.27250623e+00  5.12146772e+00 
 4.10000000e-01  1.48000000e+00  4.10000000e-01  1.50102153e-12  1.23842701e+00  1.69226488e+00  9.46741547e-01  1.55675085e+00  3.28079445e+01  1.27250623e+00  5.12146772e+00 
 4.20000000e-01  1.48000000e+00  4.20000000e-01  1.53299595e-12  1.23842701e+00  1.69226488e+00  9.46741547e-01  1.55675085e+00  3.28079445e+01  1.27250623e+00  5.12146772e+00 
 4.30000000e-01  1.48000000e+00  4.30000000e-01  1.61470837e-12  1.23842701e+00  1.69226488e+00  9.46741547e-01  1.55675085e+00  3.28079445e+01  1.27250623e+00  5.12146772e+00 
 4.40000000e-01  1.48000000e+00  4.40000000e-01  1.82964754e-12  1.23842701e+00  1.69226488e+00  9.46741547e-01  1.55675085e+00  3.28079445e+01  1.27250623e+00  5.12146772e+00 
 4.50000000e-01  1.48000000e+00  4.50000000e-01  2.39808173e-12  1.23842701e+00  1.69226488e+00  9.46741547e-01  1.55675085e+00  3.28079445e+01  1.27250623e+00  5.12146772e+00 
 4.60000000e-01  1.48000000e+00  4.60000000e-01  3.88666876e-12  1.23842701e+00  1.69226488e+00  9.46741547e-01  1.55675085e+00  3.28079445e+01  1.27250623e+00  5.12146772e+00 
 4.70000000e-01  1.48000000e+00  4.70000000e-01  7.78221931e-12  1.23842701e+00  1.69226488e+00  9.46741547e-01  1.55675085e+00  3.28079445e+01  1.27250623e+00  5.12146772e+00 
 4.80000000e-01  1.48000000e+00  4.80000000e-01  1.79181114e-11  1.23842701e+00  1.69226488e+00  9.46741547e-01  1.55675085e+00  3.28079445e+01  1.27250623e+00  5.12146772e+00 
 4.90000000e-01  1.48000000e+00  4.90000000e-01  4.40625314e-11  1.23842701e+00  1.69226488e+00  9.46741547e-01  1.55675085e+00  3.28079445e+01  1.27250623e+00  5.12146772e+00 
 5.00000000e-01  1.48000000e+00  5.00000000e-01  1.10592424e-10  1.23842701e+00  1.69226488e+00  9.46741547e-01  1.55675085e+00  3.28079445e+01  1.27250623e+00  5.12146772e+00 
 5.10000000e-01  1.48000000e+00  5.10000000e-01  2.76454415e-10  1.23842701e+00  1.69226488e+00  9.46741547e-01  1.55675085e+00  3.28079445e+01  1.27250623e+00  5.12146772e+00 
 5.20000000e-01  1.48000000e+00  5.20000000e-01  6.77607304e-10  1.23842701e+00  1.69226488e+00  9.46741547e-01  1.55675085e+00  3.28079445e+01  1.27250623e+00  5.12146772e+00 
 5.30000000e-01  1.48000000e+00  5.30000000e-01  1.60760827e-09  1.23842701e+00  1.69226488e+00  9.46741547e-01  1.55675085e+00  3.28079445e+01  1.27250623e+00  5.12146772e+00 
 5.40000000e-01  1.48000000e+00  5.40000000e-01  3.64845931e-09  1.23842701e+00  1.69226488e+00  9.46741547e-01  1.55675085e+00  3.28079445e+01  1.27250623e+00  5.12146772e+00 
 5.50000000e-01  1.48000000e+00  5.50000000e-01  7.84765319e-09  1.23842701e+00  1.69226488e+00  9.46741547e-01  1.55675085e+00  3.28079445e+01  1.27250623e+00  5.12146772e+00 
 5.60000000e-01  1.48000000e+00  5.60000000e-01  1.59310005e-08  1.23842701e+00  1.69226488e+00  9.46741547e-01  1.55675085e+00  3.28079445e+01  1.27250623e+00  5.12146772e+00 
 5.70000000e-01  1.48000000e+00  5.70000000e-01  3.05940073e-08  1.23842701e+00  1.69226488e+00  9.46741547e-01  1.55675085e+00  3.28079445e+01  1.27250623e+00  5.12146772e+00 
 5.80000000e-01  1.48000000e+00  5.80000000e-01  5.60220847e-08  1.23842701e+00  1.69226488e+00  9.46741547e-01  1.55675085e+00  3.28079445e+01  1.27250623e+00  5.12146772e+00 
 5.90000000e-01  1.48000000e+00  5.90000000e-01  9.88694975e-08  1.23842701e+00  1.69226488e+00  9.46741547e-01  1.55675085e+00  3.28079445e+01  1.27250623e+00  5.12146772e+00 
 6.00000000e-01  1.48000000e+00  6.00000000e-01  1.69972417e-07  1.23842701e+00  1.69226488e+00  9.46741547e-01  1.55675085e+00  3.28079445e+01  1.27250623e+00  5.12146772e+00 
 6.10000000e-01  1.48000000e+00  6.10000000e-01  2.87185657e-07  1.23842701e+00  1.69226488e+00  9.46741547e-01  1.55675085e+00  3.28079445e+01  1.27250623e+00  5.12146772e+00 
 6.20000000e-01  1.48000000e+00  6.20000000e-01  4.79915910e-07  1.23842701e+00  1.69226488e+00  9.46741547e-01  1.55675085e+00  3.28079445e+01  1.27250623e+00  5.12146772e+00 
 6.30000000e-01  1.48000000e+00  6.30000000e-01  7.95896511e-07  1.23842701e+00  1.69226488e+00  9.46741547e-01  1.55675085e+00  3.28079445e+01  1.27250623e+00  5.12146772e+00 
 6.40000000e-01  1.48000000e+00  6.40000000e-01  1.30980482e-06  1.23842701e+00  1.69226488e+00  9.46741547e-01  1.55675085e+00  3.28079445e+01  1.27250623e+00  5.12146772e+00 
 6.50000000e-01  1.48000000e+00  6.50000000e-01  2.13056028e-06  1.23842701e+00  1.69226488e+00  9.46741547e-01  1.55675085e+00  3.28079445e+01  1.27250623e+00  5.12146772e+00 
 6.60000000e-01  1.48000000e+00  6.60000000e-01  3.40035674e-06  1.23842701e+00  1.69226488e+00  9.46741547e-01  1.55675085e+00  3.28079445e+01  1.27250623e+00  5.12146772e+00 
 6.70000000e-01  1.48000000e+00  6.70000000e-01  5.27882275e-06  1.23842701e+00  1.69226488e+00  9.46741547e-01  1.55675085e+00  3.28079445e+01  1.27250623e+00  5.12146772e+00 
 6.80000000e-01  1.48000000e+00  6.80000000e-01  7.91521758e-06  1.23842701e+00  1.69226488e+00  9.46741547e-01  1.55675085e+00  3.28079445e+01  1.27250623e+00  5.12146772e+00 
 6.90000000e-01  1.48000000e+00  6.90000000e-01  1.14230495e-05  1.23842701e+00  1.69226488e+00  9.46741547e-01  1.55675085e+00  3.28079445e+01  1.27250623e+00  5.12146772e+00 
 7.00000000e-01  1.48000000e+00  7.00000000e-01  1.58702454e-05  1.23842701e+00  1.69226488e+00  9.46741547e-01  1.55675085e+00  3.28079445e+01  1.27250623e+00  5.12146772e+00 
 7.10000000e-01  1.48000000e+00  7.10000000e-01  2.12852177e-05  1.23842701e+00  1.69226488e+00  9.46741547e-01  1.55675085e+00  3.28079445e+01  1.27250623e+00  5.12146772e+00 
 7.20000000e-01  1.48000000e+00  7.20000000e-01  2.76701328e-05  1.23842701e+00  1.69226488e+00  9.46741547e-01  1.55675085e+00  3.28079445e+01  1.27250623e+00  5.12146772e+00 
 7.30000000e-01  1.48000000e+00  7.30000000e-01  3.50134007e-05  1.23842701e+00  1.69226488e+00  9.46741547e-01  1.55675085e+00  3.28079445e+01  1.27250623e+00  5.12146772e+00 
 7.40000000e-01  1.48000000e+00  7.40000000e-01  4.32981497e-05  1.23842701e+00  1.69226488e+00  9.46741547e-01  1.55675085e+00  3.28079445e+01  1.27250623e+00  5.12146772e+00 
 7.50000000e-01  1.48000000e+00  7.50000000e-01  5.25068186e-05  1.23842701e+00  1.69226488e+00  9.46741547e-01  1.55675085e+00  3.28079445e+01  1.27250623e+00  5.12146772e+00 
 7.60000000e-01  1.48000000e+00  7.60000000e-01  6.26231276e-05  1.23842701e+00  1.69226488e+00  9.46741547e-01  1.55675085e+00  3.28079445e+01  1.27250623e+00  5.12146772e+00 
 7.70000000e-01  1.48000000e+00  7.70000000e-01  7.36326038e-05  1.23842701e+00  1.69226488e+00  9.46741547e-01  1.55675085e+00  3.28079445e+01  1.27250623e+00  5.12146772e+00 
 7.80000000e-01  1.48000000e+00  7.80000000e-01  8.55224419e-05  1.23842701e+00  1.69226488e+00  9.46741547e-01  1.55675085e+00  3.28079445e+01  1.27250623e+00  5.12146772e+00 
 7.90000000e-01  1.48000000e+00  7.90000000e-01  9.82811299e-05  1.23842701e+00  1.69226488e+00  9.46741547e-01  1.55675085e+00  3.28079445e+01  1.27250623e+00  5.12146772e+00 
 8.00000000e-01  1.48000000e+00  8.00000000e-01  1.11898046e-04  1.23842701e+00  1.69226488e+00  9.46741547e-01  1.55675085e+00  3.28079445e+01  1.27250623e+00  5.12146772e+00 
 8.10000000e-01  1.48000000e+00  8.10000000e-01  1.26363107e-04  1.23842701e+00  1.69226488e+00  9.46741547e-01  1.55675085e+00  3.28079445e+01  1.27250623e+00  5.12146772e+00 
 8.20000000e-01  1.48000000e+00  8.20000000e-01  1.41666502e-04  1.23842701e+00  1.69226488e+00  9.46741547e-01  1.55675085e+00  3.28079445e+01  1.27250623e+00  5.12146772e+00 
 8.30000000e-01  1.48000000e+00  8.30000000e-01  1.57798486e-04  1.23842701e+00  1.69226488e+00  9.46741547e-01  1.55675085e+00  3.28079445e+01  1.27250623e+00  5.12146772e+00 
 8.40000000e-01  1.48000000e+00  8.40000000e-01  1.74749250e-04  1.23842701e+00  1.69226488e+00  9.46741547e-01  1.55675085e+00  3.28079445e+01  1.27250623e+00  5.12146772e+00 
 8.50000000e-01  1.48000000e+00  8.50000000e-01  1.92508823e-04  1.23842701e+00  1.69226488e+00  9.46741547e-01  1.55675085e+00  3.28079445e+01  1.27250623e+00  5.12146772e+00 
 8.60000000e-01  1.48000000e+00  8.60000000e-01  2.11067022e-04  1.23842701e+00  1.69226488e+00  9.46741547e-01  1.55675085e+00  3.28079445e+01  1.27250623e+00  5.12146772e+00 
 8.70000000e-01  1.48000000e+00  8.70000000e-01  2.30413412e-04  1.23842701e+00  1.69226488e+00  9.46741547e-01  1.55675085e+00  3.28079445e+01  1.27250623e+00  5.12146772e+00 
 8.80000000e-01  1.48000000e+00  8.80000000e-01  2.50537297e-04  1.23842701e+00  1.69226488e+00  9.46741547e-01  1.55675085e+00  3.28079445e+01  1.27250623e+00  5.12146772e+00 
 8.90000000e-01  1.48000000e+00  8.90000000e-01  2.71427713e-04  1.23842701e+00  1.69226488e+00  9.46741547e-01  1.55675085e+00  3.28079445e+01  1.27250623e+00  5.12146772e+00 
 9.00000000e-01  1.48000000e+00  9.00000000e-01  2.93073432e-04  1.23842701e+00  1.69226488e+00  9.46741547e-01  1.55675085e+00  3.28079445e+01  1.27250623e+00  5.12146772e+00 
 9.10000000e-01  1.48000000e+00  9.10000000e-01  3.15462971e-04  1.23842701e+00  1.69226488e+00  9.46741547e-01  1.55675085e+00  3.28079445e+01  1.27250623e+00  5.12146772e+00 
 9.20000000e-01  1.48000000e+00  9.20000000e-01  3.38584605e-04  1.23842701e+00  1.69226488e+00  9.46741547e-01  1.55675085e+00  3.28079445e+01  1.27250623e+00  5.12146772e+00 
 9.30000000e-01  1.48000000e+00  9.30000000e-01  3.62426379e-04  1.23842701e+00  1.69226488e+00  9.46741547e-01  1.55675085e+00  3.28079445e+01  1.27250623e+00  5.12146772e+00 
 9.40000000e-01  1.48000000e+00  9.40000000e-01  3.86976126e-04  1.23842701e+00  1.69226488e+00  9.46741547e-01  1.55675085e+00  3.28079445e+01  1.27250623e+00  5.12146772e+00 
 9.50000000e-01  1.48000000e+00  9.50000000e-01  4.12221484e-04  1.23842701e+00  1.69226488e+00  9.46741547e-01  1.55675085e+00  3.28079445e+01  1.27250623e+00  5.12146772e+00 
 9.60000000e-01  1.48000000e+00  9.60000000e-01  4.38149906e-04  1.23842701e+00  1.69226488e+00  9.46741547e-01  1.55675085e+00  3.28079445e+01  1.27250623e+00  5.12146772e+00 
 9.70000000e-01  1.48000000e+00  9.70000000e-01  4.64748678e-04  1.23842701e+00  1.69226488e+00  9.46741547e-01  1.55675085e+00  3.28079445e+01  1.27250623e+00  5.12146772e+00 
 9.80000000e-01  1.48000000e+00  9.80000000e-01  4.92004940e-04  1.23842701e+00  1.69226488e+00  9.46741547e-01  1.55675085e+00  3.28079445e+01  1.27250623e+00  5.12146772e+00 
 9.90000000e-01  1.48000000e+00  9.90000000e-01  5.19905704e-04  1.23842701e+00  1.69226488e+00  9.46741547e-01  1.55675085e+00  3.28079445e+01  1.27250623e+00  5.12146772e+00 
 1.00000000e+00  1.48000000e+00  1.00000000e+00  5.48437868e-04  1.23842701e+00  1.69226488e+00  9.46741547e-01  1.55675085e+00  3.28079445e+01  1.27250623e+00  5.12146772e+00 
 1.01000000e+00  1.48000000e+00  1.01000000e+00  5.77588228e-04  1.23842701e+00  1.69226488e+00  9.46741547e-01  1.55675085e+00  3.28079445e+01  1.27250623e+00  5.12146772e+00 
 1.02000000e+00  1.48000000e+00  1.02000000e+00  6.07343496e-04  1.23842701e+00  1.69226488e+00  9.46741547e-01  1.55675085e+00  3.28079445e+01  1.27250623e+00  5.12146772e+00 
 1.03000000e+00  1.48000000e+00  1.03000000e+00  6.37690313e-04  1.23842701e+00  1.69226488e+00  9.46741547e-01  1.55675085e+00  3.28079445e+01  1.27250623e+00  5.12146772e+00 
 1.04000000e+00  1.48000000e+00  1.04000000e+00  6.68615266e-04  1.23842701e+00  1.69226488e+00  9.46741547e-01  1.55675085e+00  3.28079445e+01  1.27250623e+00  5.12146772e+00 
 1.05000000e+00  1.48000000e+00  1.05000000e+00  7.00104896e-04  1.23842701e+00  1.69226488e+00  9.46741547e-01  1.55675085e+00  3.28079445e+01  1.27250623e+00  5.12146772e+00 
 1.06000000e+00  1.48000000e+00  1.06000000e+00  7.32145718e-04  1.23842701e+00  1.69226488e+00  9.46741547e-01  1.55675085e+00  3.28079445e+01  1.27250623e+00  5.12146772e+00 
 1.07000000e+00  1.48000000e+00  1.07000000e+00  7.64724229e-04  1.23842701e+00  1.69226488e+00  9.46741547e-01  1.55675085e+00  3.28079445e+01  1.27250623e+00  5.12146772e+00 
 1.08000000e+00  1.48000000e+00  1.08000000e+00  7.97826924e-04  1.23842701e+00  1.69226488e+00  9.46741547e-01  1.55675085e+00  3.28079445e+01  1.27250623e+00  5.12146772e+00 
 1.09000000e+00  1.48000000e+00  1.09000000e+00  8.31440303e-04  1.23842701e+00  1.69226488e+00  9.46741547e-01  1.55675085e+00  3.28079445e+01  1.27250623e+00  5.12146772e+00 
 1.10000000e+00  1.48000000e+00  1.10000000e+00  8.65550887e-04  1.23842701e+00  1.69226488e+00  9.46741547e-01  1.55675085e+00  3.28079445e+01  1.27250623e+00  5.12146772e+00 
 1.11000000e+00  1.48000000e+00  1.11000000e+00  9.00145226e-04  1.23842701e+00  1.69226488e+00  9.46741547e-01  1.55675085e+00  3.28079445e+01  1.27250623e+00  5.12146772e+00 
 1.12000000e+00  1.48000000e+00  1.12000000e+00  9.35209911e-04  1.23842701e+00  1.69226488e+00  9.46741547e-01  1.55675085e+00  3.28079445e+01  1.27250623e+00  5.12146772e+00 
 1.13000000e+00  1.48000000e+00  1.13000000e+00  9.70731581e-04  1.23842701e+00  1.69226488e+00  9.46741547e-01  1.55675085e+00  3.28079445e+01  1.27250623e+00  5.12146772e+00 
 1.14000000e+00  1.48000000e+00  1.14000000e+00  1.00669694e-03  1.23842701e+00  1.69226488e+00  9.46741547e-01  1.55675085e+00  3.28079445e+01  1.27250623e+00  5.12146772e+00 
 1.15000000e+00  1.48000000e+00  1.15000000e+00  1.04309275e-03  1.23842701e+00  1.69226488e+00  9.46741547e-01  1.55675085e+00  3.28079445e+01  1.27250623e+00  5.12146772e+00 
 1.16000000e+00  1.48000000e+00  1.16000000e+00  1.07990585e-03  1.23842701e+00  1.69226488e+00  9.46741547e-01  1.55675085e+00  3.28079445e+01  1.27250623e+00  5.12146772e+00 
 1.17000000e+00  1.48000000e+00  1.17000000e+00  1.11712319e-03  1.23842701e+00  1.69226488e+00  9.46741547e-01  1.55675085e+00  3.28079445e+01  1.27250623e+00  5.12146772e+00 
 1.18000000e+00  1.48000000e+00  1.18000000e+00  1.15473177e-03  1.23842701e+00  1.69226488e+00  9.46741547e-01  1.55675085e+00  3.28079445e+01  1.27250623e+00  5.12146772e+00 
 1.19000000e+00  1.48000000e+00  1.19000000e+00  1.19271872e-03  1.23842701e+00  1.69226488e+00  9.46741547e-01  1.55675085e+00  3.28079445e+01  1.27250623e+00  5.12146772e+00 
 1.20000000e+00  1.48000000e+00  1.20000000e+00  1.23107126e-03  1.23842701e+00  1.69226488e+00  9.46741547e-01  1.55675085e+00  3.28079445e+01  1.27250623e+00  5.12146772e+00 
 1.21000000e+00  1.48000000e+00  1.21000000e+00  1.26977672e-03  1.23842701e+00  1.69226488e+00  9.46741547e-01  1.55675085e+00  3.28079445e+01  1.27250623e+00  5.12146772e+00 
 1.22000000e+00  1.48000000e+00  1.22000000e+00  1.30882257e-03  1.23842701e+00  1.69226488e+00  9.46741547e-01  1.55675085e+00  3.28079445e+01  1.27250623e+00  5.12146772e+00 
 1.23000000e+00  1.48000000e+00  1.23000000e+00  1.34819637e-03  1.23842701e+00  1.69226488e+00  9.46741547e-01  1.55675085e+00  3.28079445e+01  1.27250623e+00  5.12146772e+00 
 1.24000000e+00  1.48000000e+00  1.24000000e+00  1.38788583e-03  1.23842701e+00  1.69226488e+00  9.46741547e-01  1.55675085e+00  3.28079445e+01  1.27250623e+00  5.12146772e+00 
 1.25000000e+00  1.48000000e+00  1.25000000e+00  1.42787879e-03  1.23842701e+00  1.69226488e+00  9.46741547e-01  1.55675085e+00  3.28079445e+01  1.27250623e+00  5.12146772e+00 
 1.26000000e+00  1.48000000e+00  1.26000000e+00  1.46816320e-03  1.23842701e+00  1.69226488e+00  9.46741547e-01  1.55675085e+00  3.28079445e+01  1.27250623e+00  5.12146772e+00 
 1.27000000e+00  1.48000000e+00  1.27000000e+00  1.50872720e-03  1.23842701e+00  1.69226488e+00  9.46741547e-01  1.55675085e+00  3.28079445e+01  1.27250623e+00  5.12146772e+00 
 1.28000000e+00  1.48000000e+00  1.28000000e+00  1.54955901e-03  1.23842701e+00  1.69226488e+00  9.46741547e-01  1.55675085e+00  3.28079445e+01  1.27250623e+00  5.12146772e+00 
 1.29000000e+00  1.48000000e+00  1.29000000e+00  1.59064706e-03  1.23842701e+00  1.69226488e+00  9.46741547e-01  1.55675085e+00  3.28079445e+01  1.27250623e+00  5.12146772e+00 
 1.30000000e+00  1.48000000e+00  1.30000000e+00  1.63197987e-03  1.23842701e+00  1.69226488e+00  9.46741547e-01  1.55675085e+00  3.28079445e+01  1.27250623e+00  5.12146772e+00 
 1.31000000e+00  1.48000000e+00  1.31000000e+00  1.67354615e-03  1.23842701e+00  1.69226488e+00  9.46741547e-01  1.55675085e+00  3.28079445e+01  1.27250623e+00  5.12146772e+00 
 1.32000000e+00  1.48000000e+00  1.32000000e+00  1.71533476e-03  1.23842701e+00  1.69226488e+00  9.46741547e-01  1.55675085e+00  3.28079445e+01  1.27250623e+00  5.12146772e+00 
 1.33000000e+00  1.48000000e+00  1.33000000e+00  1.75733468e-03  1.23842701e+00  1.69226488e+00  9.46741547e-01  1.55675085e+00  3.28079445e+01  1.27250623e+00  5.12146772e+00 
 1.34000000e+00  1.48000000e+00  1.34000000e+00  1.79953510e-03  1.23842701e+00  1.69226488e+00  9.46741547e-01  1.55675085e+00  3.28079445e+01  1.27250623e+00  5.12146772e+00 
 1.35000000e+00  1.48000000e+00  1.35000000e+00  1.84192533e-03  1.23842701e+00  1.69226488e+00  9.46741547e-01  1.55675085e+00  3.28079445e+01  1.27250623e+00  5.12146772e+00 
 1.36000000e+00  1.48000000e+00  1.36000000e+00  1.88449484e-03  1.23842701e+00  1.69226488e+00  9.46741547e-01  1.55675085e+00  3.28079445e+01  1.27250623e+00  5.12146772e+00 
 1.37000000e+00  1.48000000e+00  1.37000000e+00  1.92723327e-03  1.23842701e+00  1.69226488e+00  9.46741547e-01  1.55675085e+00  3.28079445e+01  1.27250623e+00  5.12146772e+00 
 1.38000000e+00  1.48000000e+00  1.38000000e+00  1.97013042e-03  1.23842701e+00  1.69226488e+00  9.46741547e-01  1.55675085e+00  3.28079445e+01  1.27250623e+00  5.12146772e+00 
 1.39000000e+00  1.48000000e+00  1.39000000e+00  2.01317625e-03  1.23842701e+00  1.69226488e+00  9.46741547e-01  1.55675085e+00  3.28079445e+01  1.27250623e+00  5.12146772e+00 
 1.40000000e+00  1.48000000e+00  1.40000000e+00  2.05636087e-03  1.23842701e+00  1.69226488e+00  9.46741547e-01  1.55675085e+00  3.28079445e+01  1.27250623e+00  5.12146772e+00 
 1.41000000e+00  1.48000000e+00  1.41000000e+00  2.09967456e-03  1.23842701e+00  1.69226488e+00  9.46741547e-01  1.55675085e+00  3.28079445e+01  1.27250623e+00  5.12146772e+00 
 1.42000000e+00  1.48000000e+00  1.42000000e+00  2.14310775e-03  1.23842701e+00  1.69226488e+00  9.46741547e-01  1.55675085e+00  3.28079445e+01  1.27250623e+00  5.12146772e+00 
 1.43000000e+00  1.48000000e+00  1.43000000e+00  2.18665105e-03  1.23842701e+00  1.69226488e+00  9.46741547e-01  1.55675085e+00  3.28079445e+01  1.27250623e+00  5.12146772e+00 
 1.44000000e+00  1.48000000e+00  1.44000000e+00  2.23029520e-03  1.23842701e+00  1.69226488e+00  9.46741547e-01  1.55675085e+00  3.28079445e+01  1.27250623e+00  5.12146772e+00 
 1.45000000e+00  1.48000000e+00  1.45000000e+00  2.27403112e-03  1.23842701e+00  1.69226488e+00  9.46741547e-01  1.55675085e+00  3.28079445e+01  1.27250623e+00  5.12146772e+00 
 1.46000000e+00  1.48000000e+00  1.46000000e+00  2.31784988e-03  1.23842701e+00  1.69226488e+00  9.46741547e-01  1.55675085e+00  3.28079445e+01  1.27250623e+00  5.12146772e+00 
 1.47000000e+00  1.48000000e+00  1.47000000e+00  2.36174269e-03  1.23842701e+00  1.69226488e+00  9.46741547e-01  1.55675085e+00  3.28079445e+01  1.27250623e+00  5.12146772e+00 
 1.48000000e+00  1.48000000e+00  1.48000000e+00  2.40570094e-03  1.23842701e+00  1.69226488e+00  9.46741547e-01  1.55675085e+00  3.28079445e+01  1.27250623e+00  5.12146772e+00 
 1.49000000e+00  1.48000000e+00  1.49000000e+00  2.44971616e-03  1.23842701e+00  1.69226488e+00  9.46741547e-01  1.55675085e+00  3.28079445e+01  1.27250623e+00  5.12146772e+00 
 1.50000000e+00  1.48000000e+00  1.50000000e+00  2.49378004e-03  1.23842701e+00  1.69226488e+00  9.46741547e-01  1.55675085e+00  3.28079445e+01  1.27250623e+00  5.12146772e+00 
 1.51000000e+00  1.48000000e+00  1.51000000e+00  2.53788439e-03  1.23842701e+00  1.69226488e+00  9.46741547e-01  1.55675085e+00  3.28079445e+01  1.27250623e+00  5.12146772e+00 
 1.52000000e+00  1.48000000e+00  1.52000000e+00  2.58202122e-03  1.23842701e+00  1.69226488e+00  9.46741547e-01  1.55675085e+00  3.28079445e+01  1.27250623e+00  5.12146772e+00 
 1.53000000e+00  1.48000000e+00  1.53000000e+00  2.62618263e-03  1.23842701e+00  1.69226488e+00  9.46741547e-01  1.55675085e+00  3.28079445e+01  1.27250623e+00  5.12146772e+00 
 1.54000000e+00  1.48000000e+00  1.54000000e+00  2.67036091e-03  1.23842701e+00  1.69226488e+00  9.46741547e-01  1.55675085e+00  3.28079445e+01  1.27250623e+00  5.12146772e+00 
 1.55000000e+00  1.48000000e+00  1.55000000e+00  2.71454847e-03  1.23842701e+00  1.69226488e+00  9.46741547e-01  1.55675085e+00  3.28079445e+01  1.27250623e+00  5.12146772e+00 
 1.56000000e+00  1.48000000e+00  1.56000000e+00  2.75873787e-03  1.23842701e+00  1.69226488e+00  9.46741547e-01  1.55675085e+00  3.28079445e+01  1.27250623e+00  5.12146772e+00 
 1.57000000e+00  1.48000000e+00  1.57000000e+00  2.80292180e-03  1.23842701e+00  1.69226488e+00  9.46741547e-01  1.55675085e+00  3.28079445e+01  1.27250623e+00  5.12146772e+00 
 1.58000000e+00  1.48000000e+00  1.58000000e+00  2.84709310e-03  1.23842701e+00  1.69226488e+00  9.46741547e-01  1.55675085e+00  3.28079445e+01  1.27250623e+00  5.12146772e+00 
 1.59000000e+00  1.48000000e+00  1.59000000e+00  2.89124472e-03  1.23842701e+00  1.69226488e+00  9.46741547e-01  1.55675085e+00  3.28079445e+01  1.27250623e+00  5.12146772e+00 
 1.60000000e+00  1.48000000e+00  1.60000000e+00  2.93536978e-03  1.23842701e+00  1.69226488e+00  9.46741547e-01  1.55675085e+00  3.28079445e+01  1.27250623e+00  5.12146772e+00 
 1.61000000e+00  1.48000000e+00  1.61000000e+00  2.97946149e-03  1.23842701e+00  1.69226488e+00  9.46741547e-01  1.55675085e+00  3.28079445e+01  1.27250623e+00  5.12146772e+00 
 1.62000000e+00  1.48000000e+00  1.62000000e+00  3.02351321e-03  1.23842701e+00  1.69226488e+00  9.46741547e-01  1.55675085e+00  3.28079445e+01  1.27250623e+00  5.12146772e+00 
 1.63000000e+00  1.48000000e+00  1.63000000e+00  3.06751843e-03  1.23842701e+00  1.69226488e+00  9.46741547e-01  1.55675085e+00  3.28079445e+01  1.27250623e+00  5.12146772e+00 
 1.64000000e+00  1.48000000e+00  1.64000000e+00  3.11147075e-03  1.23842701e+00  1.69226488e+00  9.46741547e-01  1.55675085e+00  3.28079445e+01  1.27250623e+00  5.12146772e+00 
 1.65000000e+00  1.48000000e+00  1.65000000e+00  3.15536390e-03  1.23842701e+00  1.69226488e+00  9.46741547e-01  1.55675085e+00  3.28079445e+01  1.27250623e+00  5.12146772e+00 
 1.66000000e+00  1.48000000e+00  1.66000000e+00  3.19919172e-03  1.23842701e+00  1.69226488e+00  9.46741547e-01  1.55675085e+00  3.28079445e+01  1.27250623e+00  5.12146772e+00 
 1.67000000e+00  1.48000000e+00  1.67000000e+00  3.24294817e-03  1.23842701e+00  1.69226488e+00  9.46741547e-01  1.55675085e+00  3.28079445e+01  1.27250623e+00  5.12146772e+00 
 1.68000000e+00  1.48000000e+00  1.68000000e+00  3.28662733e-03  1.23842701e+00  1.69226488e+00  9.46741547e-01  1.55675085e+00  3.28079445e+01  1.27250623e+00  5.12146772e+00 
 1.69000000e+00  1.48000000e+00  1.69000000e+00  3.33022339e-03  1.23842701e+00  1.69226488e+00  9.46741547e-01  1.55675085e+00  3.28079445e+01  1.27250623e+00  5.12146772e+00 
 1.70000000e+00  1.48000000e+00  1.70000000e+00  3.37373064e-03  1.23842701e+00  1.69226488e+00  9.46741547e-01  1.55675085e+00  3.28079445e+01  1.27250623e+00  5.12146772e+00 
 1.71000000e+00  1.48000000e+00  1.71000000e+00  3.41714347e-03  1.23842701e+00  1.69226488e+00  9.46741547e-01  1.55675085e+00  3.28079445e+01  1.27250623e+00  5.12146772e+00 
 1.72000000e+00  1.48000000e+00  1.72000000e+00  3.46045640e-03  1.23842701e+00  1.69226488e+00  9.46741547e-01  1.55675085e+00  3.28079445e+01  1.27250623e+00  5.12146772e+00 
 1.73000000e+00  1.48000000e+00  1.73000000e+00  3.50366404e-03  1.23842701e+00  1.69226488e+00  9.46741547e-01  1.55675085e+00  3.28079445e+01  1.27250623e+00  5.12146772e+00 
 1.74000000e+00  1.48000000e+00  1.74000000e+00  3.54676109e-03  1.23842701e+00  1.69226488e+00  9.46741547e-01  1.55675085e+00  3.28079445e+01  1.27250623e+00  5.12146772e+00 
 1.75000000e+00  1.48000000e+00  1.75000000e+00  3.58974235e-03  1.23842701e+00  1.69226488e+00  9.46741547e-01  1.55675085e+00  3.28079445e+01  1.27250623e+00  5.12146772e+00 
 1.76000000e+00  1.48000000e+00  1.76000000e+00  3.63260272e-03  1.23842701e+00  1.69226488e+00  9.46741547e-01  1.55675085e+00  3.28079445e+01  1.27250623e+00  5.12146772e+00 
 1.77000000e+00  1.48000000e+00  1.77000000e+00  3.67533719e-03  1.23842701e+00  1.69226488e+00  9.46741547e-01  1.55675085e+00  3.28079445e+01  1.27250623e+00  5.12146772e+00 
 1.78000000e+00  1.48000000e+00  1.78000000e+00  3.71794085e-03  1.23842701e+00  1.69226488e+00  9.46741547e-01  1.55675085e+00  3.28079445e+01  1.27250623e+00  5.12146772e+00 
 1.79000000e+00  1.48000000e+00  1.79000000e+00  3.76040886e-03  1.23842701e+00  1.69226488e+00  9.46741547e-01  1.55675085e+00  3.28079445e+01  1.27250623e+00  5.12146772e+00 
 1.80000000e+00  1.48000000e+00  1.80000000e+00  3.80273647e-03  1.23842701e+00  1.69226488e+00  9.46741547e-01  1.55675085e+00  3.28079445e+01  1.27250623e+00  5.12146772e+00 
 1.81000000e+00  1.48000000e+00  1.81000000e+00  3.84491902e-03  1.23842701e+00  1.69226488e+00  9.46741547e-01  1.55675085e+00  3.28079445e+01  1.27250623e+00  5.12146772e+00 
 1.82000000e+00  1.48000000e+00  1.82000000e+00  3.88695192e-03  1.23842701e+00  1.69226488e+00  9.46741547e-01  1.55675085e+00  3.28079445e+01  1.27250623e+00  5.12146772e+00 
 1.83000000e+00  1.48000000e+00  1.83000000e+00  3.92883068e-03  1.23842701e+00  1.69226488e+00  9.46741547e-01  1.55675085e+00  3.28079445e+01  1.27250623e+00  5.12146772e+00 
 1.84000000e+00  1.48000000e+00  1.84000000e+00  3.97055087e-03  1.23842701e+00  1.69226488e+00  9.46741547e-01  1.55675085e+00  3.28079445e+01  1.27250623e+00  5.12146772e+00 
 1.85000000e+00  1.48000000e+00  1.85000000e+00  4.01210812e-03  1.23842701e+00  1.69226488e+00  9.46741547e-01  1.55675085e+00  3.28079445e+01  1.27250623e+00  5.12146772e+00 
