 0.00000000e+00  1.48000000e+00  0.00000000e+00  1.48148160e-12  1.26747915e+00  1.92575670e+00  1.04893957e+00  1.62920873e+00  3.42975856e+01  1.53406654e+00  5.08037376e+00 
 1.00000000e-02  1.48000000e+00  1.00000000e-02  1.48148160e-12  1.26747915e+00  1.92575670e+00  1.04893957e+00  1.62920873e+00  3.42975856e+01  1.53406654e+00  5.08037376e+00 
 2.00000000e-02  1.48000000e+00  2.00000000e-02  1.48148160e-12  1.26747915e+00  1.92575670e+00  1.04893957e+00  1.62920873e+00  3.42975856e+01  1.53406654e+00  5.08037376e+00 
 3.00000000e-02  1.48000000e+00  3.00000000e-02  1.48148160e-12  1.26747915e+00  1.92575670e+00  1.04893957e+00  1.62920873e+00  3.42975856e+01  1.53406654e+00  5.08037376e+00 
 4.00000000e-02  1.48000000e+00  4.00000000e-02  1.48148160e-12  1.26747915e+00  1.92575670e+00  1.04893957e+00  1.62920873e+00  3.42975856e+01  1.53406654e+00  5.08037376e+00 
 5.00000000e-02  1.48000000e+00  5.00000000e-02  1.48148160e-12  1.26747915e+00  1.92575670e+00  1.04893957e+00  1.62920873e+00  3.42975856e+01  1.53406654e+00  5.08037376e+00 
 6.00000000e-02  1.48000000e+00  6.00000000e-02  1.48148160e-12  1.26747915e+00  1.92575670e+00  1.04893957e+00  1.62920873e+00  3.42975856e+01  1.53406654e+00  5.08037376e+00 
 7.00000000e-02  1.48000000e+00  7.00000000e-02  1.48148160e-12  1.26747915e+00  1.92575670e+00  1.04893957e+00  1.62920873e+00  3.42975856e+01  1.53406654e+00  5.08037376e+00 
 8.00000000e-02  1.48000000e+00  8.00000000e-02  1.48148160e-12  1.26747915e+00  1.92575670e+00  1.04893957e+00  1.62920873e+00  3.42975856e+01  1.53406654e+00  5.08037376e+00 
 9.00000000e-02  1.48000000e+00  9.00000000e-02  1.48148160e-12  1.26747915e+00  1.92575670e+00  1.04893957e+00  1.62920873e+00  3.42975856e+01  1.53406654e+00  5.08037376e+00 
 1.00000000e-01  1.48000000e+00  1.00000000e-01  1.48148160e-12  1.26747915e+00  1.92575670e+00  1.04893957e+00  1.62920873e+00  3.42975856e+01  1.53406654e+00  5.08037376e+00 
 1.10000000e-01  1.48000000e+00  1.10000000e-01  1.48148160e-12  1.26747915e+00  1.92575670e+00  1.04893957e+00  1.62920873e+00  3.42975856e+01  1.53406654e+00  5.08037376e+00 
 1.20000000e-01  1.48000000e+00  1.20000000e-01  1.48148160e-12  1.26747915e+00  1.92575670e+00  1.04893957e+00  1.62920873e+00  3.42975856e+01  1.53406654e+00  5.08037376e+00 
 1.30000000e-01  1.48000000e+00  1.30000000e-01  1.48148160e-12  1.26747915e+00  1.92575670e+00  1.04893957e+00  1.62920873e+00  3.42975856e+01  1.53406654e+00  5.08037376e+00 
 1.40000000e-01  1.48000000e+00  1.40000000e-01  1.48148160e-12  1.26747915e+00  1.92575670e+00  1.04893957e+00  1.62920873e+00  3.42975856e+01  1.53406654e+00  5.08037376e+00 
 1.50000000e-01  1.48000000e+00  1.50000000e-01  1.48148160e-12  1.26747915e+00  1.92575670e+00  1.04893957e+00  1.62920873e+00  3.42975856e+01  1.53406654e+00  5.08037376e+00 
 1.60000000e-01  1.48000000e+00  1.60000000e-01  1.48148160e-12  1.26747915e+00  1.92575670e+00  1.04893957e+00  1.62920873e+00  3.42975856e+01  1.53406654e+00  5.08037376e+00 
 1.70000000e-01  1.48000000e+00  1.70000000e-01  1.48148160e-12  1.26747915e+00  1.92575670e+00  1.04893957e+00  1.62920873e+00  3.42975856e+01  1.53406654e+00  5.08037376e+00 
 1.80000000e-01  1.48000000e+00  1.80000000e-01  1.48148160e-12  1.26747915e+00  1.92575670e+00  1.04893957e+00  1.62920873e+00  3.42975856e+01  1.53406654e+00  5.08037376e+00 
 1.90000000e-01  1.48000000e+00  1.90000000e-01  1.48148160e-12  1.26747915e+00  1.92575670e+00  1.04893957e+00  1.62920873e+00  3.42975856e+01  1.53406654e+00  5.08037376e+00 
 2.00000000e-01  1.48000000e+00  2.00000000e-01  1.48148160e-12  1.26747915e+00  1.92575670e+00  1.04893957e+00  1.62920873e+00  3.42975856e+01  1.53406654e+00  5.08037376e+00 
 2.10000000e-01  1.48000000e+00  2.10000000e-01  1.48148160e-12  1.26747915e+00  1.92575670e+00  1.04893957e+00  1.62920873e+00  3.42975856e+01  1.53406654e+00  5.08037376e+00 
 2.20000000e-01  1.48000000e+00  2.20000000e-01  1.48148160e-12  1.26747915e+00  1.92575670e+00  1.04893957e+00  1.62920873e+00  3.42975856e+01  1.53406654e+00  5.08037376e+00 
 2.30000000e-01  1.48000000e+00  2.30000000e-01  1.48148160e-12  1.26747915e+00  1.92575670e+00  1.04893957e+00  1.62920873e+00  3.42975856e+01  1.53406654e+00  5.08037376e+00 
 2.40000000e-01  1.48000000e+00  2.40000000e-01  1.48148160e-12  1.26747915e+00  1.92575670e+00  1.04893957e+00  1.62920873e+00  3.42975856e+01  1.53406654e+00  5.08037376e+00 
 2.50000000e-01  1.48000000e+00  2.50000000e-01  1.48148160e-12  1.26747915e+00  1.92575670e+00  1.04893957e+00  1.62920873e+00  3.42975856e+01  1.53406654e+00  5.08037376e+00 
 2.60000000e-01  1.48000000e+00  2.60000000e-01  1.48148160e-12  1.26747915e+00  1.92575670e+00  1.04893957e+00  1.62920873e+00  3.42975856e+01  1.53406654e+00  5.08037376e+00 
 2.70000000e-01  1.48000000e+00  2.70000000e-01  1.48148160e-12  1.26747915e+00  1.92575670e+00  1.04893957e+00  1.62920873e+00  3.42975856e+01  1.53406654e+00  5.08037376e+00 
 2.80000000e-01  1.48000000e+00  2.80000000e-01  1.48148160e-12  1.26747915e+00  1.92575670e+00  1.04893957e+00  1.62920873e+00  3.42975856e+01  1.53406654e+00  5.08037376e+00 
 2.90000000e-01  1.48000000e+00  2.90000000e-01  1.48148160e-12  1.26747915e+00  1.92575670e+00  1.04893957e+00  1.62920873e+00  3.42975856e+01  1.53406654e+00  5.08037376e+00 
 3.00000000e-01  1.48000000e+00  3.00000000e-01  1.48148160e-12  1.26747915e+00  1.92575670e+00  1.04893957e+00  1.62920873e+00  3.42975856e+01  1.53406654e+00  5.08037376e+00 
 3.10000000e-01  1.48000000e+00  3.10000000e-01  1.48148160e-12  1.26747915e+00  1.92575670e+00  1.04893957e+00  1.62920873e+00  3.42975856e+01  1.53406654e+00  5.08037376e+00 
 3.20000000e-01  1.48000000e+00  3.20000000e-01  1.48148160e-12  1.26747915e+00  1.92575670e+00  1.04893957e+00  1.62920873e+00  3.42975856e+01  1.53406654e+00  5.08037376e+00 
 3.30000000e-01  1.48000000e+00  3.30000000e-01  1.48148160e-12  1.26747915e+00  1.92575670e+00  1.04893957e+00  1.62920873e+00  3.42975856e+01  1.53406654e+00  5.08037376e+00 
 3.40000000e-01  1.48000000e+00  3.40000000e-01  1.48148160e-12  1.26747915e+00  1.92575670e+00  1.04893957e+00  1.62920873e+00  3.42975856e+01  1.53406654e+00  5.08037376e+00 
 3.50000000e-01  1.48000000e+00  3.50000000e-01  1.48148160e-12  1.26747915e+00  1.92575670e+00  1.04893957e+00  1.62920873e+00  3.42975856e+01  1.53406654e+00  5.08037376e+00 
 3.60000000e-01  1.48000000e+00  3.60000000e-01  1.48148160e-12  1.26747915e+00  1.92575670e+00  1.04893957e+00  1.62920873e+00  3.42975856e+01  1.53406654e+00  5.08037376e+00 
 3.70000000e-01  1.48000000e+00  3.70000000e-01  1.48148160e-12  1.26747915e+00  1.92575670e+00  1.04893957e+00  1.62920873e+00  3.42975856e+01  1.53406654e+00  5.08037376e+00 
 3.80000000e-01  1.48000000e+00  3.80000000e-01  1.48148160e-12  1.26747915e+00  1.92575670e+00  1.04893957e+00  1.62920873e+00  3.42975856e+01  1.53406654e+00  5.08037376e+00 
 3.90000000e-01  1.48000000e+00  3.90000000e-01  1.48148160e-12  1.26747915e+00  1.92575670e+00  1.04893957e+00  1.62920873e+00  3.42975856e+01  1.53406654e+00  5.08037376e+00 
 4.00000000e-01  1.48000000e+00  4.00000000e-01  1.48148160e-12  1.26747915e+00  1.92575670e+00  1.04893957e+00  1.62920873e+00  3.42975856e+01  1.53406654e+00  5.08037376e+00 
 4.10000000e-01  1.48000000e+00  4.10000000e-01  1.48148160e-12  1.26747915e+00  1.92575670e+00  1.04893957e+00  1.62920873e+00  3.42975856e+01  1.53406654e+00  5.08037376e+00 
 4.20000000e-01  1.48000000e+00  4.20000000e-01  1.48148160e-12  1.26747915e+00  1.92575670e+00  1.04893957e+00  1.62920873e+00  3.42975856e+01  1.53406654e+00  5.08037376e+00 
 4.30000000e-01  1.48000000e+00  4.30000000e-01  1.48325796e-12  1.26747915e+00  1.92575670e+00  1.04893957e+00  1.62920873e+00  3.42975856e+01  1.53406654e+00  5.08037376e+00 
 4.40000000e-01  1.48000000e+00  4.40000000e-01  1.48503432e-12  1.26747915e+00  1.92575670e+00  1.04893957e+00  1.62920873e+00  3.42975856e+01  1.53406654e+00  5.08037376e+00 
 4.50000000e-01  1.48000000e+00  4.50000000e-01  1.48858703e-12  1.26747915e+00  1.92575670e+00  1.04893957e+00  1.62920873e+00  3.42975856e+01  1.53406654e+00  5.08037376e+00 
 4.60000000e-01  1.48000000e+00  4.60000000e-01  1.49391610e-12  1.26747915e+00  1.92575670e+00  1.04893957e+00  1.62920873e+00  3.42975856e+01  1.53406654e+00  5.08037376e+00 
 4.70000000e-01  1.48000000e+00  4.70000000e-01  1.51700874e-12  1.26747915e+00  1.92575670e+00  1.04893957e+00  1.62920873e+00  3.42975856e+01  1.53406654e+00  5.08037376e+00 
 4.80000000e-01  1.48000000e+00  4.80000000e-01  1.56852309e-12  1.26747915e+00  1.92575670e+00  1.04893957e+00  1.62920873e+00  3.42975856e+01  1.53406654e+00  5.08037376e+00 
 4.90000000e-01  1.48000000e+00  4.90000000e-01  1.71063164e-12  1.26747915e+00  1.92575670e+00  1.04893957e+00  1.62920873e+00  3.42975856e+01  1.53406654e+00  5.08037376e+00 
 5.00000000e-01  1.48000000e+00  5.00000000e-01  2.08366657e-12  1.26747915e+00  1.92575670e+00  1.04893957e+00  1.62920873e+00  3.42975856e+01  1.53406654e+00  5.08037376e+00 
 5.10000000e-01  1.48000000e+00  5.10000000e-01  3.06421555e-12  1.26747915e+00  1.92575670e+00  1.04893957e+00  1.62920873e+00  3.42975856e+01  1.53406654e+00  5.08037376e+00 
 5.20000000e-01  1.48000000e+00  5.20000000e-01  5.62394575e-12  1.26747915e+00  1.92575670e+00  1.04893957e+00  1.62920873e+00  3.42975856e+01  1.53406654e+00  5.08037376e+00 
 5.30000000e-01  1.48000000e+00  5.30000000e-01  1.22977184e-11  1.26747915e+00  1.92575670e+00  1.04893957e+00  1.62920873e+00  3.42975856e+01  1.53406654e+00  5.08037376e+00 
 5.40000000e-01  1.48000000e+00  5.40000000e-01  2.95923286e-11  1.26747915e+00  1.92575670e+00  1.04893957e+00  1.62920873e+00  3.42975856e+01  1.53406654e+00  5.08037376e+00 
 5.50000000e-01  1.48000000e+00  5.50000000e-01  7.39657224e-11  1.26747915e+00  1.92575670e+00  1.04893957e+00  1.62920873e+00  3.42975856e+01  1.53406654e+00  5.08037376e+00 
 5.60000000e-01  1.48000000e+00  5.60000000e-01  1.86119564e-10  1.26747915e+00  1.92575670e+00  1.04893957e+00  1.62920873e+00  3.42975856e+01  1.53406654e+00  5.08037376e+00 
 5.70000000e-01  1.48000000e+00  5.70000000e-01  4.63224126e-10  1.26747915e+00  1.92575670e+00  1.04893957e+00  1.62920873e+00  3.42975856e+01  1.53406654e+00  5.08037376e+00 
 5.80000000e-01  1.48000000e+00  5.80000000e-01  1.12559384e-09  1.26747915e+00  1.92575670e+00  1.04893957e+00  1.62920873e+00  3.42975856e+01  1.53406654e+00  5.08037376e+00 
 5.90000000e-01  1.48000000e+00  5.90000000e-01  2.63860400e-09  1.26747915e+00  1.92575670e+00  1.04893957e+00  1.62920873e+00  3.42975856e+01  1.53406654e+00  5.08037376e+00 
 6.00000000e-01  1.48000000e+00  6.00000000e-01  5.90151750e-09  1.26747915e+00  1.92575670e+00  1.04893957e+00  1.62920873e+00  3.42975856e+01  1.53406654e+00  5.08037376e+00 
 6.10000000e-01  1.48000000e+00  6.10000000e-01  1.24921602e-08  1.26747915e+00  1.92575670e+00  1.04893957e+00  1.62920873e+00  3.42975856e+01  1.53406654e+00  5.08037376e+00 
 6.20000000e-01  1.48000000e+00  6.20000000e-01  2.49618619e-08  1.26747915e+00  1.92575670e+00  1.04893957e+00  1.62920873e+00  3.42975856e+01  1.53406654e+00  5.08037376e+00 
 6.30000000e-01  1.48000000e+00  6.30000000e-01  4.72685535e-08  1.26747915e+00  1.92575670e+00  1.04893957e+00  1.62920873e+00  3.42975856e+01  1.53406654e+00  5.08037376e+00 
 6.40000000e-01  1.48000000e+00  6.40000000e-01  8.55775131e-08  1.26747915e+00  1.92575670e+00  1.04893957e+00  1.62920873e+00  3.42975856e+01  1.53406654e+00  5.08037376e+00 
 6.50000000e-01  1.48000000e+00  6.50000000e-01  1.49744125e-07  1.26747915e+00  1.92575670e+00  1.04893957e+00  1.62920873e+00  3.42975856e+01  1.53406654e+00  5.08037376e+00 
 6.60000000e-01  1.48000000e+00  6.60000000e-01  2.55859639e-07  1.26747915e+00  1.92575670e+00  1.04893957e+00  1.62920873e+00  3.42975856e+01  1.53406654e+00  5.08037376e+00 
 6.70000000e-01  1.48000000e+00  6.70000000e-01  4.30416581e-07  1.26747915e+00  1.92575670e+00  1.04893957e+00  1.62920873e+00  3.42975856e+01  1.53406654e+00  5.08037376e+00 
 6.80000000e-01  1.48000000e+00  6.80000000e-01  7.16855528e-07  1.26747915e+00  1.92575670e+00  1.04893957e+00  1.62920873e+00  3.42975856e+01  1.53406654e+00  5.08037376e+00 
 6.90000000e-01  1.48000000e+00  6.90000000e-01  1.18499298e-06  1.26747915e+00  1.92575670e+00  1.04893957e+00  1.62920873e+00  3.42975856e+01  1.53406654e+00  5.08037376e+00 
 7.00000000e-01  1.48000000e+00  7.00000000e-01  1.94204754e-06  1.26747915e+00  1.92575670e+00  1.04893957e+00  1.62920873e+00  3.42975856e+01  1.53406654e+00  5.08037376e+00 
 7.10000000e-01  1.48000000e+00  7.10000000e-01  3.13978362e-06  1.26747915e+00  1.92575670e+00  1.04893957e+00  1.62920873e+00  3.42975856e+01  1.53406654e+00  5.08037376e+00 
 7.20000000e-01  1.48000000e+00  7.20000000e-01  4.96808363e-06  1.26747915e+00  1.92575670e+00  1.04893957e+00  1.62920873e+00  3.42975856e+01  1.53406654e+00  5.08037376e+00 
 7.30000000e-01  1.48000000e+00  7.30000000e-01  7.62882610e-06  1.26747915e+00  1.92575670e+00  1.04893957e+00  1.62920873e+00  3.42975856e+01  1.53406654e+00  5.08037376e+00 
 7.40000000e-01  1.48000000e+00  7.40000000e-01  1.12986847e-05  1.26747915e+00  1.92575670e+00  1.04893957e+00  1.62920873e+00  3.42975856e+01  1.53406654e+00  5.08037376e+00 
 7.50000000e-01  1.48000000e+00  7.50000000e-01  1.61010923e-05  1.26747915e+00  1.92575670e+00  1.04893957e+00  1.62920873e+00  3.42975856e+01  1.53406654e+00  5.08037376e+00 
 7.60000000e-01  1.48000000e+00  7.60000000e-01  2.21003354e-05  1.26747915e+00  1.92575670e+00  1.04893957e+00  1.62920873e+00  3.42975856e+01  1.53406654e+00  5.08037376e+00 
 7.70000000e-01  1.48000000e+00  7.70000000e-01  2.93136460e-05  1.26747915e+00  1.92575670e+00  1.04893957e+00  1.62920873e+00  3.42975856e+01  1.53406654e+00  5.08037376e+00 
 7.80000000e-01  1.48000000e+00  7.80000000e-01  3.77291428e-05  1.26747915e+00  1.92575670e+00  1.04893957e+00  1.62920873e+00  3.42975856e+01  1.53406654e+00  5.08037376e+00 
 7.90000000e-01  1.48000000e+00  7.90000000e-01  4.73208785e-05  1.26747915e+00  1.92575670e+00  1.04893957e+00  1.62920873e+00  3.42975856e+01  1.53406654e+00  5.08037376e+00 
 8.00000000e-01  1.48000000e+00  8.00000000e-01  5.80583548e-05  1.26747915e+00  1.92575670e+00  1.04893957e+00  1.62920873e+00  3.42975856e+01  1.53406654e+00  5.08037376e+00 
 8.10000000e-01  1.48000000e+00  8.10000000e-01  6.99113654e-05  1.26747915e+00  1.92575670e+00  1.04893957e+00  1.62920873e+00  3.42975856e+01  1.53406654e+00  5.08037376e+00 
 8.20000000e-01  1.48000000e+00  8.20000000e-01  8.28518912e-05  1.26747915e+00  1.92575670e+00  1.04893957e+00  1.62920873e+00  3.42975856e+01  1.53406654e+00  5.08037376e+00 
 8.30000000e-01  1.48000000e+00  8.30000000e-01  9.68544568e-05  1.26747915e+00  1.92575670e+00  1.04893957e+00  1.62920873e+00  3.42975856e+01  1.53406654e+00  5.08037376e+00 
 8.40000000e-01  1.48000000e+00  8.40000000e-01  1.11895822e-04  1.26747915e+00  1.92575670e+00  1.04893957e+00  1.62920873e+00  3.42975856e+01  1.53406654e+00  5.08037376e+00 
 8.50000000e-01  1.48000000e+00  8.50000000e-01  1.27954471e-04  1.26747915e+00  1.92575670e+00  1.04893957e+00  1.62920873e+00  3.42975856e+01  1.53406654e+00  5.08037376e+00 
 8.60000000e-01  1.48000000e+00  8.60000000e-01  1.45010110e-04  1.26747915e+00  1.92575670e+00  1.04893957e+00  1.62920873e+00  3.42975856e+01  1.53406654e+00  5.08037376e+00 
 8.70000000e-01  1.48000000e+00  8.70000000e-01  1.63043254e-04  1.26747915e+00  1.92575670e+00  1.04893957e+00  1.62920873e+00  3.42975856e+01  1.53406654e+00  5.08037376e+00 
 8.80000000e-01  1.48000000e+00  8.80000000e-01  1.82034908e-04  1.26747915e+00  1.92575670e+00  1.04893957e+00  1.62920873e+00  3.42975856e+01  1.53406654e+00  5.08037376e+00 
 8.90000000e-01  1.48000000e+00  8.90000000e-01  2.01966353e-04  1.26747915e+00  1.92575670e+00  1.04893957e+00  1.62920873e+00  3.42975856e+01  1.53406654e+00  5.08037376e+00 
 9.00000000e-01  1.48000000e+00  9.00000000e-01  2.22818988e-04  1.26747915e+00  1.92575670e+00  1.04893957e+00  1.62920873e+00  3.42975856e+01  1.53406654e+00  5.08037376e+00 
 9.10000000e-01  1.48000000e+00  9.10000000e-01  2.44574245e-04  1.26747915e+00  1.92575670e+00  1.04893957e+00  1.62920873e+00  3.42975856e+01  1.53406654e+00  5.08037376e+00 
 9.20000000e-01  1.48000000e+00  9.20000000e-01  2.67213528e-04  1.26747915e+00  1.92575670e+00  1.04893957e+00  1.62920873e+00  3.42975856e+01  1.53406654e+00  5.08037376e+00 
 9.30000000e-01  1.48000000e+00  9.30000000e-01  2.90718188e-04  1.26747915e+00  1.92575670e+00  1.04893957e+00  1.62920873e+00  3.42975856e+01  1.53406654e+00  5.08037376e+00 
 9.40000000e-01  1.48000000e+00  9.40000000e-01  3.15069513e-04  1.26747915e+00  1.92575670e+00  1.04893957e+00  1.62920873e+00  3.42975856e+01  1.53406654e+00  5.08037376e+00 
 9.50000000e-01  1.48000000e+00  9.50000000e-01  3.40248733e-04  1.26747915e+00  1.92575670e+00  1.04893957e+00  1.62920873e+00  3.42975856e+01  1.53406654e+00  5.08037376e+00 
 9.60000000e-01  1.48000000e+00  9.60000000e-01  3.66237032e-04  1.26747915e+00  1.92575670e+00  1.04893957e+00  1.62920873e+00  3.42975856e+01  1.53406654e+00  5.08037376e+00 
 9.70000000e-01  1.48000000e+00  9.70000000e-01  3.93015551e-04  1.26747915e+00  1.92575670e+00  1.04893957e+00  1.62920873e+00  3.42975856e+01  1.53406654e+00  5.08037376e+00 
 9.80000000e-01  1.48000000e+00  9.80000000e-01  4.20565425e-04  1.26747915e+00  1.92575670e+00  1.04893957e+00  1.62920873e+00  3.42975856e+01  1.53406654e+00  5.08037376e+00 
 9.90000000e-01  1.48000000e+00  9.90000000e-01  4.48867797e-04  1.26747915e+00  1.92575670e+00  1.04893957e+00  1.62920873e+00  3.42975856e+01  1.53406654e+00  5.08037376e+00 
 1.00000000e+00  1.48000000e+00  1.00000000e+00  4.77903837e-04  1.26747915e+00  1.92575670e+00  1.04893957e+00  1.62920873e+00  3.42975856e+01  1.53406654e+00  5.08037376e+00 
 1.01000000e+00  1.48000000e+00  1.01000000e+00  5.07654761e-04  1.26747915e+00  1.92575670e+00  1.04893957e+00  1.62920873e+00  3.42975856e+01  1.53406654e+00  5.08037376e+00 
 1.02000000e+00  1.48000000e+00  1.02000000e+00  5.38101852e-04  1.26747915e+00  1.92575670e+00  1.04893957e+00  1.62920873e+00  3.42975856e+01  1.53406654e+00  5.08037376e+00 
 1.03000000e+00  1.48000000e+00  1.03000000e+00  5.69226477e-04  1.26747915e+00  1.92575670e+00  1.04893957e+00  1.62920873e+00  3.42975856e+01  1.53406654e+00  5.08037376e+00 
 1.04000000e+00  1.48000000e+00  1.04000000e+00  6.01010106e-04  1.26747915e+00  1.92575670e+00  1.04893957e+00  1.62920873e+00  3.42975856e+01  1.53406654e+00  5.08037376e+00 
 1.05000000e+00  1.48000000e+00  1.05000000e+00  6.33434327e-04  1.26747915e+00  1.92575670e+00  1.04893957e+00  1.62920873e+00  3.42975856e+01  1.53406654e+00  5.08037376e+00 
 1.06000000e+00  1.48000000e+00  1.06000000e+00  6.66480862e-04  1.26747915e+00  1.92575670e+00  1.04893957e+00  1.62920873e+00  3.42975856e+01  1.53406654e+00  5.08037376e+00 
 1.07000000e+00  1.48000000e+00  1.07000000e+00  7.00131583e-04  1.26747915e+00  1.92575670e+00  1.04893957e+00  1.62920873e+00  3.42975856e+01  1.53406654e+00  5.08037376e+00 
 1.08000000e+00  1.48000000e+00  1.08000000e+00  7.34368524e-04  1.26747915e+00  1.92575670e+00  1.04893957e+00  1.62920873e+00  3.42975856e+01  1.53406654e+00  5.08037376e+00 
 1.09000000e+00  1.48000000e+00  1.09000000e+00  7.69173894e-04  1.26747915e+00  1.92575670e+00  1.04893957e+00  1.62920873e+00  3.42975856e+01  1.53406654e+00  5.08037376e+00 
 1.10000000e+00  1.48000000e+00  1.10000000e+00  8.04530086e-04  1.26747915e+00  1.92575670e+00  1.04893957e+00  1.62920873e+00  3.42975856e+01  1.53406654e+00  5.08037376e+00 
 1.11000000e+00  1.48000000e+00  1.11000000e+00  8.40419694e-04  1.26747915e+00  1.92575670e+00  1.04893957e+00  1.62920873e+00  3.42975856e+01  1.53406654e+00  5.08037376e+00 
 1.12000000e+00  1.48000000e+00  1.12000000e+00  8.76825513e-04  1.26747915e+00  1.92575670e+00  1.04893957e+00  1.62920873e+00  3.42975856e+01  1.53406654e+00  5.08037376e+00 
 1.13000000e+00  1.48000000e+00  1.13000000e+00  9.13730555e-04  1.26747915e+00  1.92575670e+00  1.04893957e+00  1.62920873e+00  3.42975856e+01  1.53406654e+00  5.08037376e+00 
 1.14000000e+00  1.48000000e+00  1.14000000e+00  9.51118054e-04  1.26747915e+00  1.92575670e+00  1.04893957e+00  1.62920873e+00  3.42975856e+01  1.53406654e+00  5.08037376e+00 
 1.15000000e+00  1.48000000e+00  1.15000000e+00  9.88971472e-04  1.26747915e+00  1.92575670e+00  1.04893957e+00  1.62920873e+00  3.42975856e+01  1.53406654e+00  5.08037376e+00 
 1.16000000e+00  1.48000000e+00  1.16000000e+00  1.02727451e-03  1.26747915e+00  1.92575670e+00  1.04893957e+00  1.62920873e+00  3.42975856e+01  1.53406654e+00  5.08037376e+00 
 1.17000000e+00  1.48000000e+00  1.17000000e+00  1.06601110e-03  1.26747915e+00  1.92575670e+00  1.04893957e+00  1.62920873e+00  3.42975856e+01  1.53406654e+00  5.08037376e+00 
 1.18000000e+00  1.48000000e+00  1.18000000e+00  1.10516542e-03  1.26747915e+00  1.92575670e+00  1.04893957e+00  1.62920873e+00  3.42975856e+01  1.53406654e+00  5.08037376e+00 
 1.19000000e+00  1.48000000e+00  1.19000000e+00  1.14472192e-03  1.26747915e+00  1.92575670e+00  1.04893957e+00  1.62920873e+00  3.42975856e+01  1.53406654e+00  5.08037376e+00 
 1.20000000e+00  1.48000000e+00  1.20000000e+00  1.18466527e-03  1.26747915e+00  1.92575670e+00  1.04893957e+00  1.62920873e+00  3.42975856e+01  1.53406654e+00  5.08037376e+00 
 1.21000000e+00  1.48000000e+00  1.21000000e+00  1.22498041e-03  1.26747915e+00  1.92575670e+00  1.04893957e+00  1.62920873e+00  3.42975856e+01  1.53406654e+00  5.08037376e+00 
 1.22000000e+00  1.48000000e+00  1.22000000e+00  1.26565253e-03  1.26747915e+00  1.92575670e+00  1.04893957e+00  1.62920873e+00  3.42975856e+01  1.53406654e+00  5.08037376e+00 
 1.23000000e+00  1.48000000e+00  1.23000000e+00  1.30666709e-03  1.26747915e+00  1.92575670e+00  1.04893957e+00  1.62920873e+00  3.42975856e+01  1.53406654e+00  5.08037376e+00 
 1.24000000e+00  1.48000000e+00  1.24000000e+00  1.34800980e-03  1.26747915e+00  1.92575670e+00  1.04893957e+00  1.62920873e+00  3.42975856e+01  1.53406654e+00  5.08037376e+00 
 1.25000000e+00  1.48000000e+00  1.25000000e+00  1.38966663e-03  1.26747915e+00  1.92575670e+00  1.04893957e+00  1.62920873e+00  3.42975856e+01  1.53406654e+00  5.08037376e+00 
 1.26000000e+00  1.48000000e+00  1.26000000e+00  1.43162381e-03  1.26747915e+00  1.92575670e+00  1.04893957e+00  1.62920873e+00  3.42975856e+01  1.53406654e+00  5.08037376e+00 
 1.27000000e+00  1.48000000e+00  1.27000000e+00  1.47386783e-03  1.26747915e+00  1.92575670e+00  1.04893957e+00  1.62920873e+00  3.42975856e+01  1.53406654e+00  5.08037376e+00 
 1.28000000e+00  1.48000000e+00  1.28000000e+00  1.51638544e-03  1.26747915e+00  1.92575670e+00  1.04893957e+00  1.62920873e+00  3.42975856e+01  1.53406654e+00  5.08037376e+00 
 1.29000000e+00  1.48000000e+00  1.29000000e+00  1.55916365e-03  1.26747915e+00  1.92575670e+00  1.04893957e+00  1.62920873e+00  3.42975856e+01  1.53406654e+00  5.08037376e+00 
 1.30000000e+00  1.48000000e+00  1.30000000e+00  1.60218972e-03  1.26747915e+00  1.92575670e+00  1.04893957e+00  1.62920873e+00  3.42975856e+01  1.53406654e+00  5.08037376e+00 
 1.31000000e+00  1.48000000e+00  1.31000000e+00  1.64545117e-03  1.26747915e+00  1.92575670e+00  1.04893957e+00  1.62920873e+00  3.42975856e+01  1.53406654e+00  5.08037376e+00 
 1.32000000e+00  1.48000000e+00  1.32000000e+00  1.68893577e-03  1.26747915e+00  1.92575670e+00  1.04893957e+00  1.62920873e+00  3.42975856e+01  1.53406654e+00  5.08037376e+00 
 1.33000000e+00  1.48000000e+00  1.33000000e+00  1.73263154e-03  1.26747915e+00  1.92575670e+00  1.04893957e+00  1.62920873e+00  3.42975856e+01  1.53406654e+00  5.08037376e+00 
 1.34000000e+00  1.48000000e+00  1.34000000e+00  1.77652675e-03  1.26747915e+00  1.92575670e+00  1.04893957e+00  1.62920873e+00  3.42975856e+01  1.53406654e+00  5.08037376e+00 
 1.35000000e+00  1.48000000e+00  1.35000000e+00  1.82060991e-03  1.26747915e+00  1.92575670e+00  1.04893957e+00  1.62920873e+00  3.42975856e+01  1.53406654e+00  5.08037376e+00 
 1.36000000e+00  1.48000000e+00  1.36000000e+00  1.86486978e-03  1.26747915e+00  1.92575670e+00  1.04893957e+00  1.62920873e+00  3.42975856e+01  1.53406654e+00  5.08037376e+00 
 1.37000000e+00  1.48000000e+00  1.37000000e+00  1.90929536e-03  1.26747915e+00  1.92575670e+00  1.04893957e+00  1.62920873e+00  3.42975856e+01  1.53406654e+00  5.08037376e+00 
 1.38000000e+00  1.48000000e+00  1.38000000e+00  1.95387588e-03  1.26747915e+00  1.92575670e+00  1.04893957e+00  1.62920873e+00  3.42975856e+01  1.53406654e+00  5.08037376e+00 
 1.39000000e+00  1.48000000e+00  1.39000000e+00  1.99860079e-03  1.26747915e+00  1.92575670e+00  1.04893957e+00  1.62920873e+00  3.42975856e+01  1.53406654e+00  5.08037376e+00 
 1.40000000e+00  1.48000000e+00  1.40000000e+00  2.04345981e-03  1.26747915e+00  1.92575670e+00  1.04893957e+00  1.62920873e+00  3.42975856e+01  1.53406654e+00  5.08037376e+00 
 1.41000000e+00  1.48000000e+00  1.41000000e+00  2.08844284e-03  1.26747915e+00  1.92575670e+00  1.04893957e+00  1.62920873e+00  3.42975856e+01  1.53406654e+00  5.08037376e+00 
 1.42000000e+00  1.48000000e+00  1.42000000e+00  2.13354004e-03  1.26747915e+00  1.92575670e+00  1.04893957e+00  1.62920873e+00  3.42975856e+01  1.53406654e+00  5.08037376e+00 
 1.43000000e+00  1.48000000e+00  1.43000000e+00  2.17874175e-03  1.26747915e+00  1.92575670e+00  1.04893957e+00  1.62920873e+00  3.42975856e+01  1.53406654e+00  5.08037376e+00 
 1.44000000e+00  1.48000000e+00  1.44000000e+00  2.22403856e-03  1.26747915e+00  1.92575670e+00  1.04893957e+00  1.62920873e+00  3.42975856e+01  1.53406654e+00  5.08037376e+00 
 1.45000000e+00  1.48000000e+00  1.45000000e+00  2.26942124e-03  1.26747915e+00  1.92575670e+00  1.04893957e+00  1.62920873e+00  3.42975856e+01  1.53406654e+00  5.08037376e+00 
 1.46000000e+00  1.48000000e+00  1.46000000e+00  2.31488080e-03  1.26747915e+00  1.92575670e+00  1.04893957e+00  1.62920873e+00  3.42975856e+01  1.53406654e+00  5.08037376e+00 
 1.47000000e+00  1.48000000e+00  1.47000000e+00  2.36040842e-03  1.26747915e+00  1.92575670e+00  1.04893957e+00  1.62920873e+00  3.42975856e+01  1.53406654e+00  5.08037376e+00 
 1.48000000e+00  1.48000000e+00  1.48000000e+00  2.40599550e-03  1.26747915e+00  1.92575670e+00  1.04893957e+00  1.62920873e+00  3.42975856e+01  1.53406654e+00  5.08037376e+00 
 1.49000000e+00  1.48000000e+00  1.49000000e+00  2.45163363e-03  1.26747915e+00  1.92575670e+00  1.04893957e+00  1.62920873e+00  3.42975856e+01  1.53406654e+00  5.08037376e+00 
 1.50000000e+00  1.48000000e+00  1.50000000e+00  2.49731459e-03  1.26747915e+00  1.92575670e+00  1.04893957e+00  1.62920873e+00  3.42975856e+01  1.53406654e+00  5.08037376e+00 
 1.51000000e+00  1.48000000e+00  1.51000000e+00  2.54303033e-03  1.26747915e+00  1.92575670e+00  1.04893957e+00  1.62920873e+00  3.42975856e+01  1.53406654e+00  5.08037376e+00 
 1.52000000e+00  1.48000000e+00  1.52000000e+00  2.58877301e-03  1.26747915e+00  1.92575670e+00  1.04893957e+00  1.62920873e+00  3.42975856e+01  1.53406654e+00  5.08037376e+00 
 1.53000000e+00  1.48000000e+00  1.53000000e+00  2.63453495e-03  1.26747915e+00  1.92575670e+00  1.04893957e+00  1.62920873e+00  3.42975856e+01  1.53406654e+00  5.08037376e+00 
 1.54000000e+00  1.48000000e+00  1.54000000e+00  2.68030864e-03  1.26747915e+00  1.92575670e+00  1.04893957e+00  1.62920873e+00  3.42975856e+01  1.53406654e+00  5.08037376e+00 
 1.55000000e+00  1.48000000e+00  1.55000000e+00  2.72608677e-03  1.26747915e+00  1.92575670e+00  1.04893957e+00  1.62920873e+00  3.42975856e+01  1.53406654e+00  5.08037376e+00 
 1.56000000e+00  1.48000000e+00  1.56000000e+00  2.77186216e-03  1.26747915e+00  1.92575670e+00  1.04893957e+00  1.62920873e+00  3.42975856e+01  1.53406654e+00  5.08037376e+00 
 1.57000000e+00  1.48000000e+00  1.57000000e+00  2.81762781e-03  1.26747915e+00  1.92575670e+00  1.04893957e+00  1.62920873e+00  3.42975856e+01  1.53406654e+00  5.08037376e+00 
 1.58000000e+00  1.48000000e+00  1.58000000e+00  2.86337687e-03  1.26747915e+00  1.92575670e+00  1.04893957e+00  1.62920873e+00  3.42975856e+01  1.53406654e+00  5.08037376e+00 
 1.59000000e+00  1.48000000e+00  1.59000000e+00  2.90910265e-03  1.26747915e+00  1.92575670e+00  1.04893957e+00  1.62920873e+00  3.42975856e+01  1.53406654e+00  5.08037376e+00 
 1.60000000e+00  1.48000000e+00  1.60000000e+00  2.95479862e-03  1.26747915e+00  1.92575670e+00  1.04893957e+00  1.62920873e+00  3.42975856e+01  1.53406654e+00  5.08037376e+00 
 1.61000000e+00  1.48000000e+00  1.61000000e+00  3.00045838e-03  1.26747915e+00  1.92575670e+00  1.04893957e+00  1.62920873e+00  3.42975856e+01  1.53406654e+00  5.08037376e+00 
 1.62000000e+00  1.48000000e+00  1.62000000e+00  3.04607567e-03  1.26747915e+00  1.92575670e+00  1.04893957e+00  1.62920873e+00  3.42975856e+01  1.53406654e+00  5.08037376e+00 
 1.63000000e+00  1.48000000e+00  1.63000000e+00  3.09164438e-03  1.26747915e+00  1.92575670e+00  1.04893957e+00  1.62920873e+00  3.42975856e+01  1.53406654e+00  5.08037376e+00 
 1.64000000e+00  1.48000000e+00  1.64000000e+00  3.13715854e-03  1.26747915e+00  1.92575670e+00  1.04893957e+00  1.62920873e+00  3.42975856e+01  1.53406654e+00  5.08037376e+00 
 1.65000000e+00  1.48000000e+00  1.65000000e+00  3.18261229e-03  1.26747915e+00  1.92575670e+00  1.04893957e+00  1.62920873e+00  3.42975856e+01  1.53406654e+00  5.08037376e+00 
 1.66000000e+00  1.48000000e+00  1.66000000e+00  3.22799991e-03  1.26747915e+00  1.92575670e+00  1.04893957e+00  1.62920873e+00  3.42975856e+01  1.53406654e+00  5.08037376e+00 
 1.67000000e+00  1.48000000e+00  1.67000000e+00  3.27331581e-03  1.26747915e+00  1.92575670e+00  1.04893957e+00  1.62920873e+00  3.42975856e+01  1.53406654e+00  5.08037376e+00 
 1.68000000e+00  1.48000000e+00  1.68000000e+00  3.31855452e-03  1.26747915e+00  1.92575670e+00  1.04893957e+00  1.62920873e+00  3.42975856e+01  1.53406654e+00  5.08037376e+00 
 1.69000000e+00  1.48000000e+00  1.69000000e+00  3.36371066e-03  1.26747915e+00  1.92575670e+00  1.04893957e+00  1.62920873e+00  3.42975856e+01  1.53406654e+00  5.08037376e+00 
 1.70000000e+00  1.48000000e+00  1.70000000e+00  3.40877900e-03  1.26747915e+00  1.92575670e+00  1.04893957e+00  1.62920873e+00  3.42975856e+01  1.53406654e+00  5.08037376e+00 
 1.71000000e+00  1.48000000e+00  1.71000000e+00  3.45375440e-03  1.26747915e+00  1.92575670e+00  1.04893957e+00  1.62920873e+00  3.42975856e+01  1.53406654e+00  5.08037376e+00 
 1.72000000e+00  1.48000000e+00  1.72000000e+00  3.49863182e-03  1.26747915e+00  1.92575670e+00  1.04893957e+00  1.62920873e+00  3.42975856e+01  1.53406654e+00  5.08037376e+00 
 1.73000000e+00  1.48000000e+00  1.73000000e+00  3.54340635e-03  1.26747915e+00  1.92575670e+00  1.04893957e+00  1.62920873e+00  3.42975856e+01  1.53406654e+00  5.08037376e+00 
 1.74000000e+00  1.48000000e+00  1.74000000e+00  3.58807315e-03  1.26747915e+00  1.92575670e+00  1.04893957e+00  1.62920873e+00  3.42975856e+01  1.53406654e+00  5.08037376e+00 
 1.75000000e+00  1.48000000e+00  1.75000000e+00  3.63262749e-03  1.26747915e+00  1.92575670e+00  1.04893957e+00  1.62920873e+00  3.42975856e+01  1.53406654e+00  5.08037376e+00 
 1.76000000e+00  1.48000000e+00  1.76000000e+00  3.67706475e-03  1.26747915e+00  1.92575670e+00  1.04893957e+00  1.62920873e+00  3.42975856e+01  1.53406654e+00  5.08037376e+00 
 1.77000000e+00  1.48000000e+00  1.77000000e+00  3.72138036e-03  1.26747915e+00  1.92575670e+00  1.04893957e+00  1.62920873e+00  3.42975856e+01  1.53406654e+00  5.08037376e+00 
 1.78000000e+00  1.48000000e+00  1.78000000e+00  3.76556987e-03  1.26747915e+00  1.92575670e+00  1.04893957e+00  1.62920873e+00  3.42975856e+01  1.53406654e+00  5.08037376e+00 
 1.79000000e+00  1.48000000e+00  1.79000000e+00  3.80962891e-03  1.26747915e+00  1.92575670e+00  1.04893957e+00  1.62920873e+00  3.42975856e+01  1.53406654e+00  5.08037376e+00 
 1.80000000e+00  1.48000000e+00  1.80000000e+00  3.85355319e-03  1.26747915e+00  1.92575670e+00  1.04893957e+00  1.62920873e+00  3.42975856e+01  1.53406654e+00  5.08037376e+00 
 1.81000000e+00  1.48000000e+00  1.81000000e+00  3.89733849e-03  1.26747915e+00  1.92575670e+00  1.04893957e+00  1.62920873e+00  3.42975856e+01  1.53406654e+00  5.08037376e+00 
 1.82000000e+00  1.48000000e+00  1.82000000e+00  3.94098067e-03  1.26747915e+00  1.92575670e+00  1.04893957e+00  1.62920873e+00  3.42975856e+01  1.53406654e+00  5.08037376e+00 
 1.83000000e+00  1.48000000e+00  1.83000000e+00  3.98447567e-03  1.26747915e+00  1.92575670e+00  1.04893957e+00  1.62920873e+00  3.42975856e+01  1.53406654e+00  5.08037376e+00 
 1.84000000e+00  1.48000000e+00  1.84000000e+00  4.02781950e-03  1.26747915e+00  1.92575670e+00  1.04893957e+00  1.62920873e+00  3.42975856e+01  1.53406654e+00  5.08037376e+00 
 1.85000000e+00  1.48000000e+00  1.85000000e+00  4.07100823e-03  1.26747915e+00  1.92575670e+00  1.04893957e+00  1.62920873e+00  3.42975856e+01  1.53406654e+00  5.08037376e+00 
