 0.00000000e+00  1.48000000e+00  0.00000000e+00  1.48148160e-12  1.17142332e+00  1.61484994e+00  1.01266722e+00  1.60472943e+00  3.10789620e+01  1.42765493e+00  5.63483004e+00 
 1.00000000e-02  1.48000000e+00  1.00000000e-02  1.48148160e-12  1.17142332e+00  1.61484994e+00  1.01266722e+00  1.60472943e+00  3.10789620e+01  1.42765493e+00  5.63483004e+00 
 2.00000000e-02  1.48000000e+00  2.00000000e-02  1.48148160e-12  1.17142332e+00  1.61484994e+00  1.01266722e+00  1.60472943e+00  3.10789620e+01  1.42765493e+00  5.63483004e+00 
 3.00000000e-02  1.48000000e+00  3.00000000e-02  1.48148160e-12  1.17142332e+00  1.61484994e+00  1.01266722e+00  1.60472943e+00  3.10789620e+01  1.42765493e+00  5.63483004e+00 
 4.00000000e-02  1.48000000e+00  4.00000000e-02  1.48148160e-12  1.17142332e+00  1.61484994e+00  1.01266722e+00  1.60472943e+00  3.10789620e+01  1.42765493e+00  5.63483004e+00 
 5.00000000e-02  1.48000000e+00  5.00000000e-02  1.48148160e-12  1.17142332e+00  1.61484994e+00  1.01266722e+00  1.60472943e+00  3.10789620e+01  1.42765493e+00  5.63483004e+00 
 6.00000000e-02  1.48000000e+00  6.00000000e-02  1.48148160e-12  1.17142332e+00  1.61484994e+00  1.01266722e+00  1.60472943e+00  3.10789620e+01  1.42765493e+00  5.63483004e+00 
 7.00000000e-02  1.48000000e+00  7.00000000e-02  1.48148160e-12  1.17142332e+00  1.61484994e+00  1.01266722e+00  1.60472943e+00  3.10789620e+01  1.42765493e+00  5.63483004e+00 
 8.00000000e-02  1.48000000e+00  8.00000000e-02  1.48148160e-12  1.17142332e+00  1.61484994e+00  1.01266722e+00  1.60472943e+00  3.10789620e+01  1.42765493e+00  5.63483004e+00 
 9.00000000e-02  1.48000000e+00  9.00000000e-02  1.48148160e-12  1.17142332e+00  1.61484994e+00  1.01266722e+00  1.60472943e+00  3.10789620e+01  1.42765493e+00  5.63483004e+00 
 1.00000000e-01  1.48000000e+00  1.00000000e-01  1.48148160e-12  1.17142332e+00  1.61484994e+00  1.01266722e+00  1.60472943e+00  3.10789620e+01  1.42765493e+00  5.63483004e+00 
 1.10000000e-01  1.48000000e+00  1.10000000e-01  1.48148160e-12  1.17142332e+00  1.61484994e+00  1.01266722e+00  1.60472943e+00  3.10789620e+01  1.42765493e+00  5.63483004e+00 
 1.20000000e-01  1.48000000e+00  1.20000000e-01  1.48148160e-12  1.17142332e+00  1.61484994e+00  1.01266722e+00  1.60472943e+00  3.10789620e+01  1.42765493e+00  5.63483004e+00 
 1.30000000e-01  1.48000000e+00  1.30000000e-01  1.48148160e-12  1.17142332e+00  1.61484994e+00  1.01266722e+00  1.60472943e+00  3.10789620e+01  1.42765493e+00  5.63483004e+00 
 1.40000000e-01  1.48000000e+00  1.40000000e-01  1.48148160e-12  1.17142332e+00  1.61484994e+00  1.01266722e+00  1.60472943e+00  3.10789620e+01  1.42765493e+00  5.63483004e+00 
 1.50000000e-01  1.48000000e+00  1.50000000e-01  1.48148160e-12  1.17142332e+00  1.61484994e+00  1.01266722e+00  1.60472943e+00  3.10789620e+01  1.42765493e+00  5.63483004e+00 
 1.60000000e-01  1.48000000e+00  1.60000000e-01  1.48148160e-12  1.17142332e+00  1.61484994e+00  1.01266722e+00  1.60472943e+00  3.10789620e+01  1.42765493e+00  5.63483004e+00 
 1.70000000e-01  1.48000000e+00  1.70000000e-01  1.48148160e-12  1.17142332e+00  1.61484994e+00  1.01266722e+00  1.60472943e+00  3.10789620e+01  1.42765493e+00  5.63483004e+00 
 1.80000000e-01  1.48000000e+00  1.80000000e-01  1.48148160e-12  1.17142332e+00  1.61484994e+00  1.01266722e+00  1.60472943e+00  3.10789620e+01  1.42765493e+00  5.63483004e+00 
 1.90000000e-01  1.48000000e+00  1.90000000e-01  1.48148160e-12  1.17142332e+00  1.61484994e+00  1.01266722e+00  1.60472943e+00  3.10789620e+01  1.42765493e+00  5.63483004e+00 
 2.00000000e-01  1.48000000e+00  2.00000000e-01  1.48148160e-12  1.17142332e+00  1.61484994e+00  1.01266722e+00  1.60472943e+00  3.10789620e+01  1.42765493e+00  5.63483004e+00 
 2.10000000e-01  1.48000000e+00  2.10000000e-01  1.48148160e-12  1.17142332e+00  1.61484994e+00  1.01266722e+00  1.60472943e+00  3.10789620e+01  1.42765493e+00  5.63483004e+00 
 2.20000000e-01  1.48000000e+00  2.20000000e-01  1.48148160e-12  1.17142332e+00  1.61484994e+00  1.01266722e+00  1.60472943e+00  3.10789620e+01  1.42765493e+00  5.63483004e+00 
 2.30000000e-01  1.48000000e+00  2.30000000e-01  1.48148160e-12  1.17142332e+00  1.61484994e+00  1.01266722e+00  1.60472943e+00  3.10789620e+01  1.42765493e+00  5.63483004e+00 
 2.40000000e-01  1.48000000e+00  2.40000000e-01  1.48148160e-12  1.17142332e+00  1.61484994e+00  1.01266722e+00  1.60472943e+00  3.10789620e+01  1.42765493e+00  5.63483004e+00 
 2.50000000e-01  1.48000000e+00  2.50000000e-01  1.48148160e-12  1.17142332e+00  1.61484994e+00  1.01266722e+00  1.60472943e+00  3.10789620e+01  1.42765493e+00  5.63483004e+00 
 2.60000000e-01  1.48000000e+00  2.60000000e-01  1.48148160e-12  1.17142332e+00  1.61484994e+00  1.01266722e+00  1.60472943e+00  3.10789620e+01  1.42765493e+00  5.63483004e+00 
 2.70000000e-01  1.48000000e+00  2.70000000e-01  1.48148160e-12  1.17142332e+00  1.61484994e+00  1.01266722e+00  1.60472943e+00  3.10789620e+01  1.42765493e+00  5.63483004e+00 
 2.80000000e-01  1.48000000e+00  2.80000000e-01  1.48148160e-12  1.17142332e+00  1.61484994e+00  1.01266722e+00  1.60472943e+00  3.10789620e+01  1.42765493e+00  5.63483004e+00 
 2.90000000e-01  1.48000000e+00  2.90000000e-01  1.48148160e-12  1.17142332e+00  1.61484994e+00  1.01266722e+00  1.60472943e+00  3.10789620e+01  1.42765493e+00  5.63483004e+00 
 3.00000000e-01  1.48000000e+00  3.00000000e-01  1.48148160e-12  1.17142332e+00  1.61484994e+00  1.01266722e+00  1.60472943e+00  3.10789620e+01  1.42765493e+00  5.63483004e+00 
 3.10000000e-01  1.48000000e+00  3.10000000e-01  1.48148160e-12  1.17142332e+00  1.61484994e+00  1.01266722e+00  1.60472943e+00  3.10789620e+01  1.42765493e+00  5.63483004e+00 
 3.20000000e-01  1.48000000e+00  3.20000000e-01  1.48148160e-12  1.17142332e+00  1.61484994e+00  1.01266722e+00  1.60472943e+00  3.10789620e+01  1.42765493e+00  5.63483004e+00 
 3.30000000e-01  1.48000000e+00  3.30000000e-01  1.48148160e-12  1.17142332e+00  1.61484994e+00  1.01266722e+00  1.60472943e+00  3.10789620e+01  1.42765493e+00  5.63483004e+00 
 3.40000000e-01  1.48000000e+00  3.40000000e-01  1.48148160e-12  1.17142332e+00  1.61484994e+00  1.01266722e+00  1.60472943e+00  3.10789620e+01  1.42765493e+00  5.63483004e+00 
 3.50000000e-01  1.48000000e+00  3.50000000e-01  1.48148160e-12  1.17142332e+00  1.61484994e+00  1.01266722e+00  1.60472943e+00  3.10789620e+01  1.42765493e+00  5.63483004e+00 
 3.60000000e-01  1.48000000e+00  3.60000000e-01  1.48148160e-12  1.17142332e+00  1.61484994e+00  1.01266722e+00  1.60472943e+00  3.10789620e+01  1.42765493e+00  5.63483004e+00 
 3.70000000e-01  1.48000000e+00  3.70000000e-01  1.48148160e-12  1.17142332e+00  1.61484994e+00  1.01266722e+00  1.60472943e+00  3.10789620e+01  1.42765493e+00  5.63483004e+00 
 3.80000000e-01  1.48000000e+00  3.80000000e-01  1.48325796e-12  1.17142332e+00  1.61484994e+00  1.01266722e+00  1.60472943e+00  3.10789620e+01  1.42765493e+00  5.63483004e+00 
 3.90000000e-01  1.48000000e+00  3.90000000e-01  1.48325796e-12  1.17142332e+00  1.61484994e+00  1.01266722e+00  1.60472943e+00  3.10789620e+01  1.42765493e+00  5.63483004e+00 
 4.00000000e-01  1.48000000e+00  4.00000000e-01  1.48503432e-12  1.17142332e+00  1.61484994e+00  1.01266722e+00  1.60472943e+00  3.10789620e+01  1.42765493e+00  5.63483004e+00 
 4.10000000e-01  1.48000000e+00  4.10000000e-01  1.49036339e-12  1.17142332e+00  1.61484994e+00  1.01266722e+00  1.60472943e+00  3.10789620e+01  1.42765493e+00  5.63483004e+00 
 4.20000000e-01  1.48000000e+00  4.20000000e-01  1.50635060e-12  1.17142332e+00  1.61484994e+00  1.01266722e+00  1.60472943e+00  3.10789620e+01  1.42765493e+00  5.63483004e+00 
 4.30000000e-01  1.48000000e+00  4.30000000e-01  1.54543045e-12  1.17142332e+00  1.61484994e+00  1.01266722e+00  1.60472943e+00  3.10789620e+01  1.42765493e+00  5.63483004e+00 
 4.40000000e-01  1.48000000e+00  4.40000000e-01  1.64845915e-12  1.17142332e+00  1.61484994e+00  1.01266722e+00  1.60472943e+00  3.10789620e+01  1.42765493e+00  5.63483004e+00 
 4.50000000e-01  1.48000000e+00  4.50000000e-01  1.92024174e-12  1.17142332e+00  1.61484994e+00  1.01266722e+00  1.60472943e+00  3.10789620e+01  1.42765493e+00  5.63483004e+00 
 4.60000000e-01  1.48000000e+00  4.60000000e-01  2.63078448e-12  1.17142332e+00  1.61484994e+00  1.01266722e+00  1.60472943e+00  3.10789620e+01  1.42765493e+00  5.63483004e+00 
 4.70000000e-01  1.48000000e+00  4.70000000e-01  4.49240645e-12  1.17142332e+00  1.61484994e+00  1.01266722e+00  1.60472943e+00  3.10789620e+01  1.42765493e+00  5.63483004e+00 
 4.80000000e-01  1.48000000e+00  4.80000000e-01  9.35251876e-12  1.17142332e+00  1.61484994e+00  1.01266722e+00  1.60472943e+00  3.10789620e+01  1.42765493e+00  5.63483004e+00 
 4.90000000e-01  1.48000000e+00  4.90000000e-01  2.19486651e-11  1.17142332e+00  1.61484994e+00  1.01266722e+00  1.60472943e+00  3.10789620e+01  1.42765493e+00  5.63483004e+00 
 5.00000000e-01  1.48000000e+00  5.00000000e-01  5.42765832e-11  1.17142332e+00  1.61484994e+00  1.01266722e+00  1.60472943e+00  3.10789620e+01  1.42765493e+00  5.63483004e+00 
 5.10000000e-01  1.48000000e+00  5.10000000e-01  1.36006761e-10  1.17142332e+00  1.61484994e+00  1.01266722e+00  1.60472943e+00  3.10789620e+01  1.42765493e+00  5.63483004e+00 
 5.20000000e-01  1.48000000e+00  5.20000000e-01  3.37919914e-10  1.17142332e+00  1.61484994e+00  1.01266722e+00  1.60472943e+00  3.10789620e+01  1.42765493e+00  5.63483004e+00 
 5.30000000e-01  1.48000000e+00  5.30000000e-01  8.20314483e-10  1.17142332e+00  1.61484994e+00  1.01266722e+00  1.60472943e+00  3.10789620e+01  1.42765493e+00  5.63483004e+00 
 5.40000000e-01  1.48000000e+00  5.40000000e-01  1.92114769e-09  1.17142332e+00  1.61484994e+00  1.01266722e+00  1.60472943e+00  3.10789620e+01  1.42765493e+00  5.63483004e+00 
 5.50000000e-01  1.48000000e+00  5.50000000e-01  4.29183800e-09  1.17142332e+00  1.61484994e+00  1.01266722e+00  1.60472943e+00  3.10789620e+01  1.42765493e+00  5.63483004e+00 
 5.60000000e-01  1.48000000e+00  5.60000000e-01  9.07243169e-09  1.17142332e+00  1.61484994e+00  1.01266722e+00  1.60472943e+00  3.10789620e+01  1.42765493e+00  5.63483004e+00 
 5.70000000e-01  1.48000000e+00  5.70000000e-01  1.81032558e-08  1.17142332e+00  1.61484994e+00  1.01266722e+00  1.60472943e+00  3.10789620e+01  1.42765493e+00  5.63483004e+00 
 5.80000000e-01  1.48000000e+00  5.80000000e-01  3.42389939e-08  1.17142332e+00  1.61484994e+00  1.01266722e+00  1.60472943e+00  3.10789620e+01  1.42765493e+00  5.63483004e+00 
 5.90000000e-01  1.48000000e+00  5.90000000e-01  6.19319138e-08  1.17142332e+00  1.61484994e+00  1.01266722e+00  1.60472943e+00  3.10789620e+01  1.42765493e+00  5.63483004e+00 
 6.00000000e-01  1.48000000e+00  6.00000000e-01  1.08310317e-07  1.17142332e+00  1.61484994e+00  1.01266722e+00  1.60472943e+00  3.10789620e+01  1.42765493e+00  5.63483004e+00 
 6.10000000e-01  1.48000000e+00  6.10000000e-01  1.85028579e-07  1.17142332e+00  1.61484994e+00  1.01266722e+00  1.60472943e+00  3.10789620e+01  1.42765493e+00  5.63483004e+00 
 6.20000000e-01  1.48000000e+00  6.20000000e-01  3.11297240e-07  1.17142332e+00  1.61484994e+00  1.01266722e+00  1.60472943e+00  3.10789620e+01  1.42765493e+00  5.63483004e+00 
 6.30000000e-01  1.48000000e+00  6.30000000e-01  5.18653595e-07  1.17142332e+00  1.61484994e+00  1.01266722e+00  1.60472943e+00  3.10789620e+01  1.42765493e+00  5.63483004e+00 
 6.40000000e-01  1.48000000e+00  6.40000000e-01  8.57842156e-07  1.17142332e+00  1.61484994e+00  1.01266722e+00  1.60472943e+00  3.10789620e+01  1.42765493e+00  5.63483004e+00 
 6.50000000e-01  1.48000000e+00  6.50000000e-01  1.40687311e-06  1.17142332e+00  1.61484994e+00  1.01266722e+00  1.60472943e+00  3.10789620e+01  1.42765493e+00  5.63483004e+00 
 6.60000000e-01  1.48000000e+00  6.60000000e-01  2.27627495e-06  1.17142332e+00  1.61484994e+00  1.01266722e+00  1.60472943e+00  3.10789620e+01  1.42765493e+00  5.63483004e+00 
 6.70000000e-01  1.48000000e+00  6.70000000e-01  3.60453471e-06  1.17142332e+00  1.61484994e+00  1.01266722e+00  1.60472943e+00  3.10789620e+01  1.42765493e+00  5.63483004e+00 
 6.80000000e-01  1.48000000e+00  6.80000000e-01  5.53936567e-06  1.17142332e+00  1.61484994e+00  1.01266722e+00  1.60472943e+00  3.10789620e+01  1.42765493e+00  5.63483004e+00 
 6.90000000e-01  1.48000000e+00  6.90000000e-01  8.21107666e-06  1.17142332e+00  1.61484994e+00  1.01266722e+00  1.60472943e+00  3.10789620e+01  1.42765493e+00  5.63483004e+00 
 7.00000000e-01  1.48000000e+00  7.00000000e-01  1.17125391e-05  1.17142332e+00  1.61484994e+00  1.01266722e+00  1.60472943e+00  3.10789620e+01  1.42765493e+00  5.63483004e+00 
 7.10000000e-01  1.48000000e+00  7.10000000e-01  1.60949085e-05  1.17142332e+00  1.61484994e+00  1.01266722e+00  1.60472943e+00  3.10789620e+01  1.42765493e+00  5.63483004e+00 
 7.20000000e-01  1.48000000e+00  7.20000000e-01  2.13760927e-05  1.17142332e+00  1.61484994e+00  1.01266722e+00  1.60472943e+00  3.10789620e+01  1.42765493e+00  5.63483004e+00 
 7.30000000e-01  1.48000000e+00  7.30000000e-01  2.75533593e-05  1.17142332e+00  1.61484994e+00  1.01266722e+00  1.60472943e+00  3.10789620e+01  1.42765493e+00  5.63483004e+00 
 7.40000000e-01  1.48000000e+00  7.40000000e-01  3.46139196e-05  1.17142332e+00  1.61484994e+00  1.01266722e+00  1.60472943e+00  3.10789620e+01  1.42765493e+00  5.63483004e+00 
 7.50000000e-01  1.48000000e+00  7.50000000e-01  4.25416335e-05  1.17142332e+00  1.61484994e+00  1.01266722e+00  1.60472943e+00  3.10789620e+01  1.42765493e+00  5.63483004e+00 
 7.60000000e-01  1.48000000e+00  7.60000000e-01  5.13204330e-05  1.17142332e+00  1.61484994e+00  1.01266722e+00  1.60472943e+00  3.10789620e+01  1.42765493e+00  5.63483004e+00 
 7.70000000e-01  1.48000000e+00  7.70000000e-01  6.09356675e-05  1.17142332e+00  1.61484994e+00  1.01266722e+00  1.60472943e+00  3.10789620e+01  1.42765493e+00  5.63483004e+00 
 7.80000000e-01  1.48000000e+00  7.80000000e-01  7.13743606e-05  1.17142332e+00  1.61484994e+00  1.01266722e+00  1.60472943e+00  3.10789620e+01  1.42765493e+00  5.63483004e+00 
 7.90000000e-01  1.48000000e+00  7.90000000e-01  8.26249918e-05  1.17142332e+00  1.61484994e+00  1.01266722e+00  1.60472943e+00  3.10789620e+01  1.42765493e+00  5.63483004e+00 
 8.00000000e-01  1.48000000e+00  8.00000000e-01  9.46771310e-05  1.17142332e+00  1.61484994e+00  1.01266722e+00  1.60472943e+00  3.10789620e+01  1.42765493e+00  5.63483004e+00 
 8.10000000e-01  1.48000000e+00  8.10000000e-01  1.07521076e-04  1.17142332e+00  1.61484994e+00  1.01266722e+00  1.60472943e+00  3.10789620e+01  1.42765493e+00  5.63483004e+00 
 8.20000000e-01  1.48000000e+00  8.20000000e-01  1.21147548e-04  1.17142332e+00  1.61484994e+00  1.01266722e+00  1.60472943e+00  3.10789620e+01  1.42765493e+00  5.63483004e+00 
 8.30000000e-01  1.48000000e+00  8.30000000e-01  1.35547464e-04  1.17142332e+00  1.61484994e+00  1.01266722e+00  1.60472943e+00  3.10789620e+01  1.42765493e+00  5.63483004e+00 
 8.40000000e-01  1.48000000e+00  8.40000000e-01  1.50711765e-04  1.17142332e+00  1.61484994e+00  1.01266722e+00  1.60472943e+00  3.10789620e+01  1.42765493e+00  5.63483004e+00 
 8.50000000e-01  1.48000000e+00  8.50000000e-01  1.66631307e-04  1.17142332e+00  1.61484994e+00  1.01266722e+00  1.60472943e+00  3.10789620e+01  1.42765493e+00  5.63483004e+00 
 8.60000000e-01  1.48000000e+00  8.60000000e-01  1.83296781e-04  1.17142332e+00  1.61484994e+00  1.01266722e+00  1.60472943e+00  3.10789620e+01  1.42765493e+00  5.63483004e+00 
 8.70000000e-01  1.48000000e+00  8.70000000e-01  2.00698673e-04  1.17142332e+00  1.61484994e+00  1.01266722e+00  1.60472943e+00  3.10789620e+01  1.42765493e+00  5.63483004e+00 
 8.80000000e-01  1.48000000e+00  8.80000000e-01  2.18827235e-04  1.17142332e+00  1.61484994e+00  1.01266722e+00  1.60472943e+00  3.10789620e+01  1.42765493e+00  5.63483004e+00 
 8.90000000e-01  1.48000000e+00  8.90000000e-01  2.37672473e-04  1.17142332e+00  1.61484994e+00  1.01266722e+00  1.60472943e+00  3.10789620e+01  1.42765493e+00  5.63483004e+00 
 9.00000000e-01  1.48000000e+00  9.00000000e-01  2.57224151e-04  1.17142332e+00  1.61484994e+00  1.01266722e+00  1.60472943e+00  3.10789620e+01  1.42765493e+00  5.63483004e+00 
 9.10000000e-01  1.48000000e+00  9.10000000e-01  2.77471788e-04  1.17142332e+00  1.61484994e+00  1.01266722e+00  1.60472943e+00  3.10789620e+01  1.42765493e+00  5.63483004e+00 
 9.20000000e-01  1.48000000e+00  9.20000000e-01  2.98404674e-04  1.17142332e+00  1.61484994e+00  1.01266722e+00  1.60472943e+00  3.10789620e+01  1.42765493e+00  5.63483004e+00 
 9.30000000e-01  1.48000000e+00  9.30000000e-01  3.20011878e-04  1.17142332e+00  1.61484994e+00  1.01266722e+00  1.60472943e+00  3.10789620e+01  1.42765493e+00  5.63483004e+00 
 9.40000000e-01  1.48000000e+00  9.40000000e-01  3.42282260e-04  1.17142332e+00  1.61484994e+00  1.01266722e+00  1.60472943e+00  3.10789620e+01  1.42765493e+00  5.63483004e+00 
 9.50000000e-01  1.48000000e+00  9.50000000e-01  3.65204491e-04  1.17142332e+00  1.61484994e+00  1.01266722e+00  1.60472943e+00  3.10789620e+01  1.42765493e+00  5.63483004e+00 
 9.60000000e-01  1.48000000e+00  9.60000000e-01  3.88767062e-04  1.17142332e+00  1.61484994e+00  1.01266722e+00  1.60472943e+00  3.10789620e+01  1.42765493e+00  5.63483004e+00 
 9.70000000e-01  1.48000000e+00  9.70000000e-01  4.12958294e-04  1.17142332e+00  1.61484994e+00  1.01266722e+00  1.60472943e+00  3.10789620e+01  1.42765493e+00  5.63483004e+00 
 9.80000000e-01  1.48000000e+00  9.80000000e-01  4.37766366e-04  1.17142332e+00  1.61484994e+00  1.01266722e+00  1.60472943e+00  3.10789620e+01  1.42765493e+00  5.63483004e+00 
 9.90000000e-01  1.48000000e+00  9.90000000e-01  4.63179327e-04  1.17142332e+00  1.61484994e+00  1.01266722e+00  1.60472943e+00  3.10789620e+01  1.42765493e+00  5.63483004e+00 
 1.00000000e+00  1.48000000e+00  1.00000000e+00  4.89185107e-04  1.17142332e+00  1.61484994e+00  1.01266722e+00  1.60472943e+00  3.10789620e+01  1.42765493e+00  5.63483004e+00 
 1.01000000e+00  1.48000000e+00  1.01000000e+00  5.15771532e-04  1.17142332e+00  1.61484994e+00  1.01266722e+00  1.60472943e+00  3.10789620e+01  1.42765493e+00  5.63483004e+00 
 1.02000000e+00  1.48000000e+00  1.02000000e+00  5.42926342e-04  1.17142332e+00  1.61484994e+00  1.01266722e+00  1.60472943e+00  3.10789620e+01  1.42765493e+00  5.63483004e+00 
 1.03000000e+00  1.48000000e+00  1.03000000e+00  5.70637199e-04  1.17142332e+00  1.61484994e+00  1.01266722e+00  1.60472943e+00  3.10789620e+01  1.42765493e+00  5.63483004e+00 
 1.04000000e+00  1.48000000e+00  1.04000000e+00  5.98891702e-04  1.17142332e+00  1.61484994e+00  1.01266722e+00  1.60472943e+00  3.10789620e+01  1.42765493e+00  5.63483004e+00 
 1.05000000e+00  1.48000000e+00  1.05000000e+00  6.27677403e-04  1.17142332e+00  1.61484994e+00  1.01266722e+00  1.60472943e+00  3.10789620e+01  1.42765493e+00  5.63483004e+00 
 1.06000000e+00  1.48000000e+00  1.06000000e+00  6.56981817e-04  1.17142332e+00  1.61484994e+00  1.01266722e+00  1.60472943e+00  3.10789620e+01  1.42765493e+00  5.63483004e+00 
 1.07000000e+00  1.48000000e+00  1.07000000e+00  6.86792433e-04  1.17142332e+00  1.61484994e+00  1.01266722e+00  1.60472943e+00  3.10789620e+01  1.42765493e+00  5.63483004e+00 
 1.08000000e+00  1.48000000e+00  1.08000000e+00  7.17096727e-04  1.17142332e+00  1.61484994e+00  1.01266722e+00  1.60472943e+00  3.10789620e+01  1.42765493e+00  5.63483004e+00 
 1.09000000e+00  1.48000000e+00  1.09000000e+00  7.47882175e-04  1.17142332e+00  1.61484994e+00  1.01266722e+00  1.60472943e+00  3.10789620e+01  1.42765493e+00  5.63483004e+00 
 1.10000000e+00  1.48000000e+00  1.10000000e+00  7.79136260e-04  1.17142332e+00  1.61484994e+00  1.01266722e+00  1.60472943e+00  3.10789620e+01  1.42765493e+00  5.63483004e+00 
 1.11000000e+00  1.48000000e+00  1.11000000e+00  8.10846484e-04  1.17142332e+00  1.61484994e+00  1.01266722e+00  1.60472943e+00  3.10789620e+01  1.42765493e+00  5.63483004e+00 
 1.12000000e+00  1.48000000e+00  1.12000000e+00  8.43000380e-04  1.17142332e+00  1.61484994e+00  1.01266722e+00  1.60472943e+00  3.10789620e+01  1.42765493e+00  5.63483004e+00 
 1.13000000e+00  1.48000000e+00  1.13000000e+00  8.75585517e-04  1.17142332e+00  1.61484994e+00  1.01266722e+00  1.60472943e+00  3.10789620e+01  1.42765493e+00  5.63483004e+00 
 1.14000000e+00  1.48000000e+00  1.14000000e+00  9.08589513e-04  1.17142332e+00  1.61484994e+00  1.01266722e+00  1.60472943e+00  3.10789620e+01  1.42765493e+00  5.63483004e+00 
 1.15000000e+00  1.48000000e+00  1.15000000e+00  9.42000041e-04  1.17142332e+00  1.61484994e+00  1.01266722e+00  1.60472943e+00  3.10789620e+01  1.42765493e+00  5.63483004e+00 
 1.16000000e+00  1.48000000e+00  1.16000000e+00  9.75804837e-04  1.17142332e+00  1.61484994e+00  1.01266722e+00  1.60472943e+00  3.10789620e+01  1.42765493e+00  5.63483004e+00 
 1.17000000e+00  1.48000000e+00  1.17000000e+00  1.00999171e-03  1.17142332e+00  1.61484994e+00  1.01266722e+00  1.60472943e+00  3.10789620e+01  1.42765493e+00  5.63483004e+00 
 1.18000000e+00  1.48000000e+00  1.18000000e+00  1.04454855e-03  1.17142332e+00  1.61484994e+00  1.01266722e+00  1.60472943e+00  3.10789620e+01  1.42765493e+00  5.63483004e+00 
 1.19000000e+00  1.48000000e+00  1.19000000e+00  1.07946332e-03  1.17142332e+00  1.61484994e+00  1.01266722e+00  1.60472943e+00  3.10789620e+01  1.42765493e+00  5.63483004e+00 
 1.20000000e+00  1.48000000e+00  1.20000000e+00  1.11472409e-03  1.17142332e+00  1.61484994e+00  1.01266722e+00  1.60472943e+00  3.10789620e+01  1.42765493e+00  5.63483004e+00 
 1.21000000e+00  1.48000000e+00  1.21000000e+00  1.15031902e-03  1.17142332e+00  1.61484994e+00  1.01266722e+00  1.60472943e+00  3.10789620e+01  1.42765493e+00  5.63483004e+00 
 1.22000000e+00  1.48000000e+00  1.22000000e+00  1.18623638e-03  1.17142332e+00  1.61484994e+00  1.01266722e+00  1.60472943e+00  3.10789620e+01  1.42765493e+00  5.63483004e+00 
 1.23000000e+00  1.48000000e+00  1.23000000e+00  1.22246454e-03  1.17142332e+00  1.61484994e+00  1.01266722e+00  1.60472943e+00  3.10789620e+01  1.42765493e+00  5.63483004e+00 
 1.24000000e+00  1.48000000e+00  1.24000000e+00  1.25899198e-03  1.17142332e+00  1.61484994e+00  1.01266722e+00  1.60472943e+00  3.10789620e+01  1.42765493e+00  5.63483004e+00 
 1.25000000e+00  1.48000000e+00  1.25000000e+00  1.29580731e-03  1.17142332e+00  1.61484994e+00  1.01266722e+00  1.60472943e+00  3.10789620e+01  1.42765493e+00  5.63483004e+00 
 1.26000000e+00  1.48000000e+00  1.26000000e+00  1.33289926e-03  1.17142332e+00  1.61484994e+00  1.01266722e+00  1.60472943e+00  3.10789620e+01  1.42765493e+00  5.63483004e+00 
 1.27000000e+00  1.48000000e+00  1.27000000e+00  1.37025667e-03  1.17142332e+00  1.61484994e+00  1.01266722e+00  1.60472943e+00  3.10789620e+01  1.42765493e+00  5.63483004e+00 
 1.28000000e+00  1.48000000e+00  1.28000000e+00  1.40786853e-03  1.17142332e+00  1.61484994e+00  1.01266722e+00  1.60472943e+00  3.10789620e+01  1.42765493e+00  5.63483004e+00 
 1.29000000e+00  1.48000000e+00  1.29000000e+00  1.44572394e-03  1.17142332e+00  1.61484994e+00  1.01266722e+00  1.60472943e+00  3.10789620e+01  1.42765493e+00  5.63483004e+00 
 1.30000000e+00  1.48000000e+00  1.30000000e+00  1.48381216e-03  1.17142332e+00  1.61484994e+00  1.01266722e+00  1.60472943e+00  3.10789620e+01  1.42765493e+00  5.63483004e+00 
 1.31000000e+00  1.48000000e+00  1.31000000e+00  1.52212257e-03  1.17142332e+00  1.61484994e+00  1.01266722e+00  1.60472943e+00  3.10789620e+01  1.42765493e+00  5.63483004e+00 
 1.32000000e+00  1.48000000e+00  1.32000000e+00  1.56064468e-03  1.17142332e+00  1.61484994e+00  1.01266722e+00  1.60472943e+00  3.10789620e+01  1.42765493e+00  5.63483004e+00 
 1.33000000e+00  1.48000000e+00  1.33000000e+00  1.59936817e-03  1.17142332e+00  1.61484994e+00  1.01266722e+00  1.60472943e+00  3.10789620e+01  1.42765493e+00  5.63483004e+00 
 1.34000000e+00  1.48000000e+00  1.34000000e+00  1.63828284e-03  1.17142332e+00  1.61484994e+00  1.01266722e+00  1.60472943e+00  3.10789620e+01  1.42765493e+00  5.63483004e+00 
 1.35000000e+00  1.48000000e+00  1.35000000e+00  1.67737865e-03  1.17142332e+00  1.61484994e+00  1.01266722e+00  1.60472943e+00  3.10789620e+01  1.42765493e+00  5.63483004e+00 
 1.36000000e+00  1.48000000e+00  1.36000000e+00  1.71664568e-03  1.17142332e+00  1.61484994e+00  1.01266722e+00  1.60472943e+00  3.10789620e+01  1.42765493e+00  5.63483004e+00 
 1.37000000e+00  1.48000000e+00  1.37000000e+00  1.75607417e-03  1.17142332e+00  1.61484994e+00  1.01266722e+00  1.60472943e+00  3.10789620e+01  1.42765493e+00  5.63483004e+00 
 1.38000000e+00  1.48000000e+00  1.38000000e+00  1.79565453e-03  1.17142332e+00  1.61484994e+00  1.01266722e+00  1.60472943e+00  3.10789620e+01  1.42765493e+00  5.63483004e+00 
 1.39000000e+00  1.48000000e+00  1.39000000e+00  1.83537728e-03  1.17142332e+00  1.61484994e+00  1.01266722e+00  1.60472943e+00  3.10789620e+01  1.42765493e+00  5.63483004e+00 
 1.40000000e+00  1.48000000e+00  1.40000000e+00  1.87523312e-03  1.17142332e+00  1.61484994e+00  1.01266722e+00  1.60472943e+00  3.10789620e+01  1.42765493e+00  5.63483004e+00 
 1.41000000e+00  1.48000000e+00  1.41000000e+00  1.91521286e-03  1.17142332e+00  1.61484994e+00  1.01266722e+00  1.60472943e+00  3.10789620e+01  1.42765493e+00  5.63483004e+00 
 1.42000000e+00  1.48000000e+00  1.42000000e+00  1.95530749e-03  1.17142332e+00  1.61484994e+00  1.01266722e+00  1.60472943e+00  3.10789620e+01  1.42765493e+00  5.63483004e+00 
 1.43000000e+00  1.48000000e+00  1.43000000e+00  1.99550814e-03  1.17142332e+00  1.61484994e+00  1.01266722e+00  1.60472943e+00  3.10789620e+01  1.42765493e+00  5.63483004e+00 
 1.44000000e+00  1.48000000e+00  1.44000000e+00  2.03580608e-03  1.17142332e+00  1.61484994e+00  1.01266722e+00  1.60472943e+00  3.10789620e+01  1.42765493e+00  5.63483004e+00 
 1.45000000e+00  1.48000000e+00  1.45000000e+00  2.07619272e-03  1.17142332e+00  1.61484994e+00  1.01266722e+00  1.60472943e+00  3.10789620e+01  1.42765493e+00  5.63483004e+00 
 1.46000000e+00  1.48000000e+00  1.46000000e+00  2.11665964e-03  1.17142332e+00  1.61484994e+00  1.01266722e+00  1.60472943e+00  3.10789620e+01  1.42765493e+00  5.63483004e+00 
 1.47000000e+00  1.48000000e+00  1.47000000e+00  2.15719855e-03  1.17142332e+00  1.61484994e+00  1.01266722e+00  1.60472943e+00  3.10789620e+01  1.42765493e+00  5.63483004e+00 
 1.48000000e+00  1.48000000e+00  1.48000000e+00  2.19780129e-03  1.17142332e+00  1.61484994e+00  1.01266722e+00  1.60472943e+00  3.10789620e+01  1.42765493e+00  5.63483004e+00 
 1.49000000e+00  1.48000000e+00  1.49000000e+00  2.23845987e-03  1.17142332e+00  1.61484994e+00  1.01266722e+00  1.60472943e+00  3.10789620e+01  1.42765493e+00  5.63483004e+00 
 1.50000000e+00  1.48000000e+00  1.50000000e+00  2.27916641e-03  1.17142332e+00  1.61484994e+00  1.01266722e+00  1.60472943e+00  3.10789620e+01  1.42765493e+00  5.63483004e+00 
 1.51000000e+00  1.48000000e+00  1.51000000e+00  2.31991321e-03  1.17142332e+00  1.61484994e+00  1.01266722e+00  1.60472943e+00  3.10789620e+01  1.42765493e+00  5.63483004e+00 
 1.52000000e+00  1.48000000e+00  1.52000000e+00  2.36069266e-03  1.17142332e+00  1.61484994e+00  1.01266722e+00  1.60472943e+00  3.10789620e+01  1.42765493e+00  5.63483004e+00 
 1.53000000e+00  1.48000000e+00  1.53000000e+00  2.40149734e-03  1.17142332e+00  1.61484994e+00  1.01266722e+00  1.60472943e+00  3.10789620e+01  1.42765493e+00  5.63483004e+00 
 1.54000000e+00  1.48000000e+00  1.54000000e+00  2.44231991e-03  1.17142332e+00  1.61484994e+00  1.01266722e+00  1.60472943e+00  3.10789620e+01  1.42765493e+00  5.63483004e+00 
 1.55000000e+00  1.48000000e+00  1.55000000e+00  2.48315322e-03  1.17142332e+00  1.61484994e+00  1.01266722e+00  1.60472943e+00  3.10789620e+01  1.42765493e+00  5.63483004e+00 
 1.56000000e+00  1.48000000e+00  1.56000000e+00  2.52399020e-03  1.17142332e+00  1.61484994e+00  1.01266722e+00  1.60472943e+00  3.10789620e+01  1.42765493e+00  5.63483004e+00 
 1.57000000e+00  1.48000000e+00  1.57000000e+00  2.56482395e-03  1.17142332e+00  1.61484994e+00  1.01266722e+00  1.60472943e+00  3.10789620e+01  1.42765493e+00  5.63483004e+00 
 1.58000000e+00  1.48000000e+00  1.58000000e+00  2.60564767e-03  1.17142332e+00  1.61484994e+00  1.01266722e+00  1.60472943e+00  3.10789620e+01  1.42765493e+00  5.63483004e+00 
 1.59000000e+00  1.48000000e+00  1.59000000e+00  2.64645471e-03  1.17142332e+00  1.61484994e+00  1.01266722e+00  1.60472943e+00  3.10789620e+01  1.42765493e+00  5.63483004e+00 
 1.60000000e+00  1.48000000e+00  1.60000000e+00  2.68723853e-03  1.17142332e+00  1.61484994e+00  1.01266722e+00  1.60472943e+00  3.10789620e+01  1.42765493e+00  5.63483004e+00 
 1.61000000e+00  1.48000000e+00  1.61000000e+00  2.72799272e-03  1.17142332e+00  1.61484994e+00  1.01266722e+00  1.60472943e+00  3.10789620e+01  1.42765493e+00  5.63483004e+00 
 1.62000000e+00  1.48000000e+00  1.62000000e+00  2.76871098e-03  1.17142332e+00  1.61484994e+00  1.01266722e+00  1.60472943e+00  3.10789620e+01  1.42765493e+00  5.63483004e+00 
 1.63000000e+00  1.48000000e+00  1.63000000e+00  2.80938714e-03  1.17142332e+00  1.61484994e+00  1.01266722e+00  1.60472943e+00  3.10789620e+01  1.42765493e+00  5.63483004e+00 
 1.64000000e+00  1.48000000e+00  1.64000000e+00  2.85001514e-03  1.17142332e+00  1.61484994e+00  1.01266722e+00  1.60472943e+00  3.10789620e+01  1.42765493e+00  5.63483004e+00 
 1.65000000e+00  1.48000000e+00  1.65000000e+00  2.89058904e-03  1.17142332e+00  1.61484994e+00  1.01266722e+00  1.60472943e+00  3.10789620e+01  1.42765493e+00  5.63483004e+00 
 1.66000000e+00  1.48000000e+00  1.66000000e+00  2.93110300e-03  1.17142332e+00  1.61484994e+00  1.01266722e+00  1.60472943e+00  3.10789620e+01  1.42765493e+00  5.63483004e+00 
 1.67000000e+00  1.48000000e+00  1.67000000e+00  2.97155130e-03  1.17142332e+00  1.61484994e+00  1.01266722e+00  1.60472943e+00  3.10789620e+01  1.42765493e+00  5.63483004e+00 
 1.68000000e+00  1.48000000e+00  1.68000000e+00  3.01192834e-03  1.17142332e+00  1.61484994e+00  1.01266722e+00  1.60472943e+00  3.10789620e+01  1.42765493e+00  5.63483004e+00 
 1.69000000e+00  1.48000000e+00  1.69000000e+00  3.05222859e-03  1.17142332e+00  1.61484994e+00  1.01266722e+00  1.60472943e+00  3.10789620e+01  1.42765493e+00  5.63483004e+00 
 1.70000000e+00  1.48000000e+00  1.70000000e+00  3.09244667e-03  1.17142332e+00  1.61484994e+00  1.01266722e+00  1.60472943e+00  3.10789620e+01  1.42765493e+00  5.63483004e+00 
 1.71000000e+00  1.48000000e+00  1.71000000e+00  3.13257725e-03  1.17142332e+00  1.61484994e+00  1.01266722e+00  1.60472943e+00  3.10789620e+01  1.42765493e+00  5.63483004e+00 
 1.72000000e+00  1.48000000e+00  1.72000000e+00  3.17261515e-03  1.17142332e+00  1.61484994e+00  1.01266722e+00  1.60472943e+00  3.10789620e+01  1.42765493e+00  5.63483004e+00 
 1.73000000e+00  1.48000000e+00  1.73000000e+00  3.21255524e-03  1.17142332e+00  1.61484994e+00  1.01266722e+00  1.60472943e+00  3.10789620e+01  1.42765493e+00  5.63483004e+00 
 1.74000000e+00  1.48000000e+00  1.74000000e+00  3.25239253e-03  1.17142332e+00  1.61484994e+00  1.01266722e+00  1.60472943e+00  3.10789620e+01  1.42765493e+00  5.63483004e+00 
 1.75000000e+00  1.48000000e+00  1.75000000e+00  3.29212208e-03  1.17142332e+00  1.61484994e+00  1.01266722e+00  1.60472943e+00  3.10789620e+01  1.42765493e+00  5.63483004e+00 
 1.76000000e+00  1.48000000e+00  1.76000000e+00  3.33173907e-03  1.17142332e+00  1.61484994e+00  1.01266722e+00  1.60472943e+00  3.10789620e+01  1.42765493e+00  5.63483004e+00 
 1.77000000e+00  1.48000000e+00  1.77000000e+00  3.37123876e-03  1.17142332e+00  1.61484994e+00  1.01266722e+00  1.60472943e+00  3.10789620e+01  1.42765493e+00  5.63483004e+00 
 1.78000000e+00  1.48000000e+00  1.78000000e+00  3.41061650e-03  1.17142332e+00  1.61484994e+00  1.01266722e+00  1.60472943e+00  3.10789620e+01  1.42765493e+00  5.63483004e+00 
 1.79000000e+00  1.48000000e+00  1.79000000e+00  3.44986771e-03  1.17142332e+00  1.61484994e+00  1.01266722e+00  1.60472943e+00  3.10789620e+01  1.42765493e+00  5.63483004e+00 
 1.80000000e+00  1.48000000e+00  1.80000000e+00  3.48898791e-03  1.17142332e+00  1.61484994e+00  1.01266722e+00  1.60472943e+00  3.10789620e+01  1.42765493e+00  5.63483004e+00 
 1.81000000e+00  1.48000000e+00  1.81000000e+00  3.52797269e-03  1.17142332e+00  1.61484994e+00  1.01266722e+00  1.60472943e+00  3.10789620e+01  1.42765493e+00  5.63483004e+00 
 1.82000000e+00  1.48000000e+00  1.82000000e+00  3.56681772e-03  1.17142332e+00  1.61484994e+00  1.01266722e+00  1.60472943e+00  3.10789620e+01  1.42765493e+00  5.63483004e+00 
 1.83000000e+00  1.48000000e+00  1.83000000e+00  3.60551874e-03  1.17142332e+00  1.61484994e+00  1.01266722e+00  1.60472943e+00  3.10789620e+01  1.42765493e+00  5.63483004e+00 
 1.84000000e+00  1.48000000e+00  1.84000000e+00  3.64407157e-03  1.17142332e+00  1.61484994e+00  1.01266722e+00  1.60472943e+00  3.10789620e+01  1.42765493e+00  5.63483004e+00 
 1.85000000e+00  1.48000000e+00  1.85000000e+00  3.68247212e-03  1.17142332e+00  1.61484994e+00  1.01266722e+00  1.60472943e+00  3.10789620e+01  1.42765493e+00  5.63483004e+00 
