 0.00000000e+00  0.00000000e+00  1.48000000e+00  1.22878464e-19  1.37001445e+00  1.59145524e+00  1.04300880e+00  1.60615087e+00  3.05692578e+01  1.41646856e+00  5.59818081e+00 
 1.00000000e-02  1.00000000e-02  1.48000000e+00  3.78963019e-05  1.37001445e+00  1.59145524e+00  1.04300880e+00  1.60615087e+00  3.05692578e+01  1.41646856e+00  5.59818081e+00 
 2.00000000e-02  2.00000000e-02  1.48000000e+00  7.53541856e-05  1.37001445e+00  1.59145524e+00  1.04300880e+00  1.60615087e+00  3.05692578e+01  1.41646856e+00  5.59818081e+00 
 3.00000000e-02  3.00000000e-02  1.48000000e+00  1.12372146e-04  1.37001445e+00  1.59145524e+00  1.04300880e+00  1.60615087e+00  3.05692578e+01  1.41646856e+00  5.59818081e+00 
 4.00000000e-02  4.00000000e-02  1.48000000e+00  1.48948675e-04  1.37001445e+00  1.59145524e+00  1.04300880e+00  1.60615087e+00  3.05692578e+01  1.41646856e+00  5.59818081e+00 
 5.00000000e-02  5.00000000e-02  1.48000000e+00  1.85082265e-04  1.37001445e+00  1.59145524e+00  1.04300880e+00  1.60615087e+00  3.05692578e+01  1.41646856e+00  5.59818081e+00 
 6.00000000e-02  6.00000000e-02  1.48000000e+00  2.20771410e-04  1.37001445e+00  1.59145524e+00  1.04300880e+00  1.60615087e+00  3.05692578e+01  1.41646856e+00  5.59818081e+00 
 7.00000000e-02  7.00000000e-02  1.48000000e+00  2.56014604e-04  1.37001445e+00  1.59145524e+00  1.04300880e+00  1.60615087e+00  3.05692578e+01  1.41646856e+00  5.59818081e+00 
 8.00000000e-02  8.00000000e-02  1.48000000e+00  2.90810345e-04  1.37001445e+00  1.59145524e+00  1.04300880e+00  1.60615087e+00  3.05692578e+01  1.41646856e+00  5.59818081e+00 
 9.00000000e-02  9.00000000e-02  1.48000000e+00  3.25157134e-04  1.37001445e+00  1.59145524e+00  1.04300880e+00  1.60615087e+00  3.05692578e+01  1.41646856e+00  5.59818081e+00 
 1.00000000e-01  1.00000000e-01  1.48000000e+00  3.59053479e-04  1.37001445e+00  1.59145524e+00  1.04300880e+00  1.60615087e+00  3.05692578e+01  1.41646856e+00  5.59818081e+00 
 1.10000000e-01  1.10000000e-01  1.48000000e+00  3.92497896e-04  1.37001445e+00  1.59145524e+00  1.04300880e+00  1.60615087e+00  3.05692578e+01  1.41646856e+00  5.59818081e+00 
 1.20000000e-01  1.20000000e-01  1.48000000e+00  4.25488909e-04  1.37001445e+00  1.59145524e+00  1.04300880e+00  1.60615087e+00  3.05692578e+01  1.41646856e+00  5.59818081e+00 
 1.30000000e-01  1.30000000e-01  1.48000000e+00  4.58025055e-04  1.37001445e+00  1.59145524e+00  1.04300880e+00  1.60615087e+00  3.05692578e+01  1.41646856e+00  5.59818081e+00 
 1.40000000e-01  1.40000000e-01  1.48000000e+00  4.90104887e-04  1.37001445e+00  1.59145524e+00  1.04300880e+00  1.60615087e+00  3.05692578e+01  1.41646856e+00  5.59818081e+00 
 1.50000000e-01  1.50000000e-01  1.48000000e+00  5.21726974e-04  1.37001445e+00  1.59145524e+00  1.04300880e+00  1.60615087e+00  3.05692578e+01  1.41646856e+00  5.59818081e+00 
 1.60000000e-01  1.60000000e-01  1.48000000e+00  5.52889906e-04  1.37001445e+00  1.59145524e+00  1.04300880e+00  1.60615087e+00  3.05692578e+01  1.41646856e+00  5.59818081e+00 
 1.70000000e-01  1.70000000e-01  1.48000000e+00  5.83592298e-04  1.37001445e+00  1.59145524e+00  1.04300880e+00  1.60615087e+00  3.05692578e+01  1.41646856e+00  5.59818081e+00 
 1.80000000e-01  1.80000000e-01  1.48000000e+00  6.13832793e-04  1.37001445e+00  1.59145524e+00  1.04300880e+00  1.60615087e+00  3.05692578e+01  1.41646856e+00  5.59818081e+00 
 1.90000000e-01  1.90000000e-01  1.48000000e+00  6.43610068e-04  1.37001445e+00  1.59145524e+00  1.04300880e+00  1.60615087e+00  3.05692578e+01  1.41646856e+00  5.59818081e+00 
 2.00000000e-01  2.00000000e-01  1.48000000e+00  6.72922837e-04  1.37001445e+00  1.59145524e+00  1.04300880e+00  1.60615087e+00  3.05692578e+01  1.41646856e+00  5.59818081e+00 
 2.10000000e-01  2.10000000e-01  1.48000000e+00  7.01769861e-04  1.37001445e+00  1.59145524e+00  1.04300880e+00  1.60615087e+00  3.05692578e+01  1.41646856e+00  5.59818081e+00 
 2.20000000e-01  2.20000000e-01  1.48000000e+00  7.30149946e-04  1.37001445e+00  1.59145524e+00  1.04300880e+00  1.60615087e+00  3.05692578e+01  1.41646856e+00  5.59818081e+00 
 2.30000000e-01  2.30000000e-01  1.48000000e+00  7.58061959e-04  1.37001445e+00  1.59145524e+00  1.04300880e+00  1.60615087e+00  3.05692578e+01  1.41646856e+00  5.59818081e+00 
 2.40000000e-01  2.40000000e-01  1.48000000e+00  7.85504831e-04  1.37001445e+00  1.59145524e+00  1.04300880e+00  1.60615087e+00  3.05692578e+01  1.41646856e+00  5.59818081e+00 
 2.50000000e-01  2.50000000e-01  1.48000000e+00  8.12477564e-04  1.37001445e+00  1.59145524e+00  1.04300880e+00  1.60615087e+00  3.05692578e+01  1.41646856e+00  5.59818081e+00 
 2.60000000e-01  2.60000000e-01  1.48000000e+00  8.38979244e-04  1.37001445e+00  1.59145524e+00  1.04300880e+00  1.60615087e+00  3.05692578e+01  1.41646856e+00  5.59818081e+00 
 2.70000000e-01  2.70000000e-01  1.48000000e+00  8.65009048e-04  1.37001445e+00  1.59145524e+00  1.04300880e+00  1.60615087e+00  3.05692578e+01  1.41646856e+00  5.59818081e+00 
 2.80000000e-01  2.80000000e-01  1.48000000e+00  8.90566256e-04  1.37001445e+00  1.59145524e+00  1.04300880e+00  1.60615087e+00  3.05692578e+01  1.41646856e+00  5.59818081e+00 
 2.90000000e-01  2.90000000e-01  1.48000000e+00  9.15650264e-04  1.37001445e+00  1.59145524e+00  1.04300880e+00  1.60615087e+00  3.05692578e+01  1.41646856e+00  5.59818081e+00 
 3.00000000e-01  3.00000000e-01  1.48000000e+00  9.40260593e-04  1.37001445e+00  1.59145524e+00  1.04300880e+00  1.60615087e+00  3.05692578e+01  1.41646856e+00  5.59818081e+00 
 3.10000000e-01  3.10000000e-01  1.48000000e+00  9.64396906e-04  1.37001445e+00  1.59145524e+00  1.04300880e+00  1.60615087e+00  3.05692578e+01  1.41646856e+00  5.59818081e+00 
 3.20000000e-01  3.20000000e-01  1.48000000e+00  9.88059023e-04  1.37001445e+00  1.59145524e+00  1.04300880e+00  1.60615087e+00  3.05692578e+01  1.41646856e+00  5.59818081e+00 
 3.30000000e-01  3.30000000e-01  1.48000000e+00  1.01124693e-03  1.37001445e+00  1.59145524e+00  1.04300880e+00  1.60615087e+00  3.05692578e+01  1.41646856e+00  5.59818081e+00 
 3.40000000e-01  3.40000000e-01  1.48000000e+00  1.03396081e-03  1.37001445e+00  1.59145524e+00  1.04300880e+00  1.60615087e+00  3.05692578e+01  1.41646856e+00  5.59818081e+00 
 3.50000000e-01  3.50000000e-01  1.48000000e+00  1.05620105e-03  1.37001445e+00  1.59145524e+00  1.04300880e+00  1.60615087e+00  3.05692578e+01  1.41646856e+00  5.59818081e+00 
 3.60000000e-01  3.60000000e-01  1.48000000e+00  1.07796824e-03  1.37001445e+00  1.59145524e+00  1.04300880e+00  1.60615087e+00  3.05692578e+01  1.41646856e+00  5.59818081e+00 
 3.70000000e-01  3.70000000e-01  1.48000000e+00  1.09926325e-03  1.37001445e+00  1.59145524e+00  1.04300880e+00  1.60615087e+00  3.05692578e+01  1.41646856e+00  5.59818081e+00 
 3.80000000e-01  3.80000000e-01  1.48000000e+00  1.12008717e-03  1.37001445e+00  1.59145524e+00  1.04300880e+00  1.60615087e+00  3.05692578e+01  1.41646856e+00  5.59818081e+00 
 3.90000000e-01  3.90000000e-01  1.48000000e+00  1.14044139e-03  1.37001445e+00  1.59145524e+00  1.04300880e+00  1.60615087e+00  3.05692578e+01  1.41646856e+00  5.59818081e+00 
 4.00000000e-01  4.00000000e-01  1.48000000e+00  1.16032762e-03  1.37001445e+00  1.59145524e+00  1.04300880e+00  1.60615087e+00  3.05692578e+01  1.41646856e+00  5.59818081e+00 
 4.10000000e-01  4.10000000e-01  1.48000000e+00  1.17974785e-03  1.37001445e+00  1.59145524e+00  1.04300880e+00  1.60615087e+00  3.05692578e+01  1.41646856e+00  5.59818081e+00 
 4.20000000e-01  4.20000000e-01  1.48000000e+00  1.19870443e-03  1.37001445e+00  1.59145524e+00  1.04300880e+00  1.60615087e+00  3.05692578e+01  1.41646856e+00  5.59818081e+00 
 4.30000000e-01  4.30000000e-01  1.48000000e+00  1.21720007e-03  1.37001445e+00  1.59145524e+00  1.04300880e+00  1.60615087e+00  3.05692578e+01  1.41646856e+00  5.59818081e+00 
 4.40000000e-01  4.40000000e-01  1.48000000e+00  1.23523785e-03  1.37001445e+00  1.59145524e+00  1.04300880e+00  1.60615087e+00  3.05692578e+01  1.41646856e+00  5.59818081e+00 
 4.50000000e-01  4.50000000e-01  1.48000000e+00  1.25282124e-03  1.37001445e+00  1.59145524e+00  1.04300880e+00  1.60615087e+00  3.05692578e+01  1.41646856e+00  5.59818081e+00 
 4.60000000e-01  4.60000000e-01  1.48000000e+00  1.26995411e-03  1.37001445e+00  1.59145524e+00  1.04300880e+00  1.60615087e+00  3.05692578e+01  1.41646856e+00  5.59818081e+00 
 4.70000000e-01  4.70000000e-01  1.48000000e+00  1.28664075e-03  1.37001445e+00  1.59145524e+00  1.04300880e+00  1.60615087e+00  3.05692578e+01  1.41646856e+00  5.59818081e+00 
 4.80000000e-01  4.80000000e-01  1.48000000e+00  1.30288587e-03  1.37001445e+00  1.59145524e+00  1.04300880e+00  1.60615087e+00  3.05692578e+01  1.41646856e+00  5.59818081e+00 
 4.90000000e-01  4.90000000e-01  1.48000000e+00  1.31869461e-03  1.37001445e+00  1.59145524e+00  1.04300880e+00  1.60615087e+00  3.05692578e+01  1.41646856e+00  5.59818081e+00 
 5.00000000e-01  5.00000000e-01  1.48000000e+00  1.33407254e-03  1.37001445e+00  1.59145524e+00  1.04300880e+00  1.60615087e+00  3.05692578e+01  1.41646856e+00  5.59818081e+00 
 5.10000000e-01  5.10000000e-01  1.48000000e+00  1.34902565e-03  1.37001445e+00  1.59145524e+00  1.04300880e+00  1.60615087e+00  3.05692578e+01  1.41646856e+00  5.59818081e+00 
 5.20000000e-01  5.20000000e-01  1.48000000e+00  1.36356039e-03  1.37001445e+00  1.59145524e+00  1.04300880e+00  1.60615087e+00  3.05692578e+01  1.41646856e+00  5.59818081e+00 
 5.30000000e-01  5.30000000e-01  1.48000000e+00  1.37768358e-03  1.37001445e+00  1.59145524e+00  1.04300880e+00  1.60615087e+00  3.05692578e+01  1.41646856e+00  5.59818081e+00 
 5.40000000e-01  5.40000000e-01  1.48000000e+00  1.39140246e-03  1.37001445e+00  1.59145524e+00  1.04300880e+00  1.60615087e+00  3.05692578e+01  1.41646856e+00  5.59818081e+00 
 5.50000000e-01  5.50000000e-01  1.48000000e+00  1.40472467e-03  1.37001445e+00  1.59145524e+00  1.04300880e+00  1.60615087e+00  3.05692578e+01  1.41646856e+00  5.59818081e+00 
 5.60000000e-01  5.60000000e-01  1.48000000e+00  1.41765819e-03  1.37001445e+00  1.59145524e+00  1.04300880e+00  1.60615087e+00  3.05692578e+01  1.41646856e+00  5.59818081e+00 
 5.70000000e-01  5.70000000e-01  1.48000000e+00  1.43021135e-03  1.37001445e+00  1.59145524e+00  1.04300880e+00  1.60615087e+00  3.05692578e+01  1.41646856e+00  5.59818081e+00 
 5.80000000e-01  5.80000000e-01  1.48000000e+00  1.44239277e-03  1.37001445e+00  1.59145524e+00  1.04300880e+00  1.60615087e+00  3.05692578e+01  1.41646856e+00  5.59818081e+00 
 5.90000000e-01  5.90000000e-01  1.48000000e+00  1.45421136e-03  1.37001445e+00  1.59145524e+00  1.04300880e+00  1.60615087e+00  3.05692578e+01  1.41646856e+00  5.59818081e+00 
 6.00000000e-01  6.00000000e-01  1.48000000e+00  1.46567629e-03  1.37001445e+00  1.59145524e+00  1.04300880e+00  1.60615087e+00  3.05692578e+01  1.41646856e+00  5.59818081e+00 
 6.10000000e-01  6.10000000e-01  1.48000000e+00  1.47679690e-03  1.37001445e+00  1.59145524e+00  1.04300880e+00  1.60615087e+00  3.05692578e+01  1.41646856e+00  5.59818081e+00 
 6.20000000e-01  6.20000000e-01  1.48000000e+00  1.48758272e-03  1.37001445e+00  1.59145524e+00  1.04300880e+00  1.60615087e+00  3.05692578e+01  1.41646856e+00  5.59818081e+00 
 6.30000000e-01  6.30000000e-01  1.48000000e+00  1.49804342e-03  1.37001445e+00  1.59145524e+00  1.04300880e+00  1.60615087e+00  3.05692578e+01  1.41646856e+00  5.59818081e+00 
 6.40000000e-01  6.40000000e-01  1.48000000e+00  1.50818873e-03  1.37001445e+00  1.59145524e+00  1.04300880e+00  1.60615087e+00  3.05692578e+01  1.41646856e+00  5.59818081e+00 
 6.50000000e-01  6.50000000e-01  1.48000000e+00  1.51802847e-03  1.37001445e+00  1.59145524e+00  1.04300880e+00  1.60615087e+00  3.05692578e+01  1.41646856e+00  5.59818081e+00 
 6.60000000e-01  6.60000000e-01  1.48000000e+00  1.52757246e-03  1.37001445e+00  1.59145524e+00  1.04300880e+00  1.60615087e+00  3.05692578e+01  1.41646856e+00  5.59818081e+00 
 6.70000000e-01  6.70000000e-01  1.48000000e+00  1.53683049e-03  1.37001445e+00  1.59145524e+00  1.04300880e+00  1.60615087e+00  3.05692578e+01  1.41646856e+00  5.59818081e+00 
 6.80000000e-01  6.80000000e-01  1.48000000e+00  1.54581231e-03  1.37001445e+00  1.59145524e+00  1.04300880e+00  1.60615087e+00  3.05692578e+01  1.41646856e+00  5.59818081e+00 
 6.90000000e-01  6.90000000e-01  1.48000000e+00  1.55452758e-03  1.37001445e+00  1.59145524e+00  1.04300880e+00  1.60615087e+00  3.05692578e+01  1.41646856e+00  5.59818081e+00 
 7.00000000e-01  7.00000000e-01  1.48000000e+00  1.56298585e-03  1.37001445e+00  1.59145524e+00  1.04300880e+00  1.60615087e+00  3.05692578e+01  1.41646856e+00  5.59818081e+00 
 7.10000000e-01  7.10000000e-01  1.48000000e+00  1.57119652e-03  1.37001445e+00  1.59145524e+00  1.04300880e+00  1.60615087e+00  3.05692578e+01  1.41646856e+00  5.59818081e+00 
 7.20000000e-01  7.20000000e-01  1.48000000e+00  1.57916882e-03  1.37001445e+00  1.59145524e+00  1.04300880e+00  1.60615087e+00  3.05692578e+01  1.41646856e+00  5.59818081e+00 
 7.30000000e-01  7.30000000e-01  1.48000000e+00  1.58691181e-03  1.37001445e+00  1.59145524e+00  1.04300880e+00  1.60615087e+00  3.05692578e+01  1.41646856e+00  5.59818081e+00 
 7.40000000e-01  7.40000000e-01  1.48000000e+00  1.59443432e-03  1.37001445e+00  1.59145524e+00  1.04300880e+00  1.60615087e+00  3.05692578e+01  1.41646856e+00  5.59818081e+00 
 7.50000000e-01  7.50000000e-01  1.48000000e+00  1.60174496e-03  1.37001445e+00  1.59145524e+00  1.04300880e+00  1.60615087e+00  3.05692578e+01  1.41646856e+00  5.59818081e+00 
 7.60000000e-01  7.60000000e-01  1.48000000e+00  1.60885213e-03  1.37001445e+00  1.59145524e+00  1.04300880e+00  1.60615087e+00  3.05692578e+01  1.41646856e+00  5.59818081e+00 
 7.70000000e-01  7.70000000e-01  1.48000000e+00  1.61576395e-03  1.37001445e+00  1.59145524e+00  1.04300880e+00  1.60615087e+00  3.05692578e+01  1.41646856e+00  5.59818081e+00 
 7.80000000e-01  7.80000000e-01  1.48000000e+00  1.62248832e-03  1.37001445e+00  1.59145524e+00  1.04300880e+00  1.60615087e+00  3.05692578e+01  1.41646856e+00  5.59818081e+00 
 7.90000000e-01  7.90000000e-01  1.48000000e+00  1.62903284e-03  1.37001445e+00  1.59145524e+00  1.04300880e+00  1.60615087e+00  3.05692578e+01  1.41646856e+00  5.59818081e+00 
 8.00000000e-01  8.00000000e-01  1.48000000e+00  1.63540488e-03  1.37001445e+00  1.59145524e+00  1.04300880e+00  1.60615087e+00  3.05692578e+01  1.41646856e+00  5.59818081e+00 
 8.10000000e-01  8.10000000e-01  1.48000000e+00  1.64161155e-03  1.37001445e+00  1.59145524e+00  1.04300880e+00  1.60615087e+00  3.05692578e+01  1.41646856e+00  5.59818081e+00 
 8.20000000e-01  8.20000000e-01  1.48000000e+00  1.64765965e-03  1.37001445e+00  1.59145524e+00  1.04300880e+00  1.60615087e+00  3.05692578e+01  1.41646856e+00  5.59818081e+00 
 8.30000000e-01  8.30000000e-01  1.48000000e+00  1.65355578e-03  1.37001445e+00  1.59145524e+00  1.04300880e+00  1.60615087e+00  3.05692578e+01  1.41646856e+00  5.59818081e+00 
 8.40000000e-01  8.40000000e-01  1.48000000e+00  1.65930622e-03  1.37001445e+00  1.59145524e+00  1.04300880e+00  1.60615087e+00  3.05692578e+01  1.41646856e+00  5.59818081e+00 
 8.50000000e-01  8.50000000e-01  1.48000000e+00  1.66491705e-03  1.37001445e+00  1.59145524e+00  1.04300880e+00  1.60615087e+00  3.05692578e+01  1.41646856e+00  5.59818081e+00 
 8.60000000e-01  8.60000000e-01  1.48000000e+00  1.67039405e-03  1.37001445e+00  1.59145524e+00  1.04300880e+00  1.60615087e+00  3.05692578e+01  1.41646856e+00  5.59818081e+00 
 8.70000000e-01  8.70000000e-01  1.48000000e+00  1.67574278e-03  1.37001445e+00  1.59145524e+00  1.04300880e+00  1.60615087e+00  3.05692578e+01  1.41646856e+00  5.59818081e+00 
 8.80000000e-01  8.80000000e-01  1.48000000e+00  1.68096857e-03  1.37001445e+00  1.59145524e+00  1.04300880e+00  1.60615087e+00  3.05692578e+01  1.41646856e+00  5.59818081e+00 
 8.90000000e-01  8.90000000e-01  1.48000000e+00  1.68607650e-03  1.37001445e+00  1.59145524e+00  1.04300880e+00  1.60615087e+00  3.05692578e+01  1.41646856e+00  5.59818081e+00 
 9.00000000e-01  9.00000000e-01  1.48000000e+00  1.69107143e-03  1.37001445e+00  1.59145524e+00  1.04300880e+00  1.60615087e+00  3.05692578e+01  1.41646856e+00  5.59818081e+00 
 9.10000000e-01  9.10000000e-01  1.48000000e+00  1.69595801e-03  1.37001445e+00  1.59145524e+00  1.04300880e+00  1.60615087e+00  3.05692578e+01  1.41646856e+00  5.59818081e+00 
 9.20000000e-01  9.20000000e-01  1.48000000e+00  1.70074067e-03  1.37001445e+00  1.59145524e+00  1.04300880e+00  1.60615087e+00  3.05692578e+01  1.41646856e+00  5.59818081e+00 
 9.30000000e-01  9.30000000e-01  1.48000000e+00  1.70542365e-03  1.37001445e+00  1.59145524e+00  1.04300880e+00  1.60615087e+00  3.05692578e+01  1.41646856e+00  5.59818081e+00 
 9.40000000e-01  9.40000000e-01  1.48000000e+00  1.71001100e-03  1.37001445e+00  1.59145524e+00  1.04300880e+00  1.60615087e+00  3.05692578e+01  1.41646856e+00  5.59818081e+00 
 9.50000000e-01  9.50000000e-01  1.48000000e+00  1.71450656e-03  1.37001445e+00  1.59145524e+00  1.04300880e+00  1.60615087e+00  3.05692578e+01  1.41646856e+00  5.59818081e+00 
 9.60000000e-01  9.60000000e-01  1.48000000e+00  1.71891402e-03  1.37001445e+00  1.59145524e+00  1.04300880e+00  1.60615087e+00  3.05692578e+01  1.41646856e+00  5.59818081e+00 
 9.70000000e-01  9.70000000e-01  1.48000000e+00  1.72323690e-03  1.37001445e+00  1.59145524e+00  1.04300880e+00  1.60615087e+00  3.05692578e+01  1.41646856e+00  5.59818081e+00 
 9.80000000e-01  9.80000000e-01  1.48000000e+00  1.72747853e-03  1.37001445e+00  1.59145524e+00  1.04300880e+00  1.60615087e+00  3.05692578e+01  1.41646856e+00  5.59818081e+00 
 9.90000000e-01  9.90000000e-01  1.48000000e+00  1.73164212e-03  1.37001445e+00  1.59145524e+00  1.04300880e+00  1.60615087e+00  3.05692578e+01  1.41646856e+00  5.59818081e+00 
 1.00000000e+00  1.00000000e+00  1.48000000e+00  1.73573070e-03  1.37001445e+00  1.59145524e+00  1.04300880e+00  1.60615087e+00  3.05692578e+01  1.41646856e+00  5.59818081e+00 
 1.01000000e+00  1.01000000e+00  1.48000000e+00  1.73974718e-03  1.37001445e+00  1.59145524e+00  1.04300880e+00  1.60615087e+00  3.05692578e+01  1.41646856e+00  5.59818081e+00 
 1.02000000e+00  1.02000000e+00  1.48000000e+00  1.74369434e-03  1.37001445e+00  1.59145524e+00  1.04300880e+00  1.60615087e+00  3.05692578e+01  1.41646856e+00  5.59818081e+00 
 1.03000000e+00  1.03000000e+00  1.48000000e+00  1.74757481e-03  1.37001445e+00  1.59145524e+00  1.04300880e+00  1.60615087e+00  3.05692578e+01  1.41646856e+00  5.59818081e+00 
 1.04000000e+00  1.04000000e+00  1.48000000e+00  1.75139111e-03  1.37001445e+00  1.59145524e+00  1.04300880e+00  1.60615087e+00  3.05692578e+01  1.41646856e+00  5.59818081e+00 
 1.05000000e+00  1.05000000e+00  1.48000000e+00  1.75514566e-03  1.37001445e+00  1.59145524e+00  1.04300880e+00  1.60615087e+00  3.05692578e+01  1.41646856e+00  5.59818081e+00 
 1.06000000e+00  1.06000000e+00  1.48000000e+00  1.75884074e-03  1.37001445e+00  1.59145524e+00  1.04300880e+00  1.60615087e+00  3.05692578e+01  1.41646856e+00  5.59818081e+00 
 1.07000000e+00  1.07000000e+00  1.48000000e+00  1.76247854e-03  1.37001445e+00  1.59145524e+00  1.04300880e+00  1.60615087e+00  3.05692578e+01  1.41646856e+00  5.59818081e+00 
 1.08000000e+00  1.08000000e+00  1.48000000e+00  1.76606117e-03  1.37001445e+00  1.59145524e+00  1.04300880e+00  1.60615087e+00  3.05692578e+01  1.41646856e+00  5.59818081e+00 
 1.09000000e+00  1.09000000e+00  1.48000000e+00  1.76959061e-03  1.37001445e+00  1.59145524e+00  1.04300880e+00  1.60615087e+00  3.05692578e+01  1.41646856e+00  5.59818081e+00 
 1.10000000e+00  1.10000000e+00  1.48000000e+00  1.77306877e-03  1.37001445e+00  1.59145524e+00  1.04300880e+00  1.60615087e+00  3.05692578e+01  1.41646856e+00  5.59818081e+00 
 1.11000000e+00  1.11000000e+00  1.48000000e+00  1.77649747e-03  1.37001445e+00  1.59145524e+00  1.04300880e+00  1.60615087e+00  3.05692578e+01  1.41646856e+00  5.59818081e+00 
 1.12000000e+00  1.12000000e+00  1.48000000e+00  1.77987846e-03  1.37001445e+00  1.59145524e+00  1.04300880e+00  1.60615087e+00  3.05692578e+01  1.41646856e+00  5.59818081e+00 
 1.13000000e+00  1.13000000e+00  1.48000000e+00  1.78321339e-03  1.37001445e+00  1.59145524e+00  1.04300880e+00  1.60615087e+00  3.05692578e+01  1.41646856e+00  5.59818081e+00 
 1.14000000e+00  1.14000000e+00  1.48000000e+00  1.78650386e-03  1.37001445e+00  1.59145524e+00  1.04300880e+00  1.60615087e+00  3.05692578e+01  1.41646856e+00  5.59818081e+00 
 1.15000000e+00  1.15000000e+00  1.48000000e+00  1.78975140e-03  1.37001445e+00  1.59145524e+00  1.04300880e+00  1.60615087e+00  3.05692578e+01  1.41646856e+00  5.59818081e+00 
 1.16000000e+00  1.16000000e+00  1.48000000e+00  1.79295744e-03  1.37001445e+00  1.59145524e+00  1.04300880e+00  1.60615087e+00  3.05692578e+01  1.41646856e+00  5.59818081e+00 
 1.17000000e+00  1.17000000e+00  1.48000000e+00  1.79612339e-03  1.37001445e+00  1.59145524e+00  1.04300880e+00  1.60615087e+00  3.05692578e+01  1.41646856e+00  5.59818081e+00 
 1.18000000e+00  1.18000000e+00  1.48000000e+00  1.79925059e-03  1.37001445e+00  1.59145524e+00  1.04300880e+00  1.60615087e+00  3.05692578e+01  1.41646856e+00  5.59818081e+00 
 1.19000000e+00  1.19000000e+00  1.48000000e+00  1.80234029e-03  1.37001445e+00  1.59145524e+00  1.04300880e+00  1.60615087e+00  3.05692578e+01  1.41646856e+00  5.59818081e+00 
 1.20000000e+00  1.20000000e+00  1.48000000e+00  1.80539373e-03  1.37001445e+00  1.59145524e+00  1.04300880e+00  1.60615087e+00  3.05692578e+01  1.41646856e+00  5.59818081e+00 
 1.21000000e+00  1.21000000e+00  1.48000000e+00  1.80841208e-03  1.37001445e+00  1.59145524e+00  1.04300880e+00  1.60615087e+00  3.05692578e+01  1.41646856e+00  5.59818081e+00 
 1.22000000e+00  1.22000000e+00  1.48000000e+00  1.81139646e-03  1.37001445e+00  1.59145524e+00  1.04300880e+00  1.60615087e+00  3.05692578e+01  1.41646856e+00  5.59818081e+00 
 1.23000000e+00  1.23000000e+00  1.48000000e+00  1.81434795e-03  1.37001445e+00  1.59145524e+00  1.04300880e+00  1.60615087e+00  3.05692578e+01  1.41646856e+00  5.59818081e+00 
 1.24000000e+00  1.24000000e+00  1.48000000e+00  1.81726757e-03  1.37001445e+00  1.59145524e+00  1.04300880e+00  1.60615087e+00  3.05692578e+01  1.41646856e+00  5.59818081e+00 
 1.25000000e+00  1.25000000e+00  1.48000000e+00  1.82015632e-03  1.37001445e+00  1.59145524e+00  1.04300880e+00  1.60615087e+00  3.05692578e+01  1.41646856e+00  5.59818081e+00 
 1.26000000e+00  1.26000000e+00  1.48000000e+00  1.82301514e-03  1.37001445e+00  1.59145524e+00  1.04300880e+00  1.60615087e+00  3.05692578e+01  1.41646856e+00  5.59818081e+00 
 1.27000000e+00  1.27000000e+00  1.48000000e+00  1.82584495e-03  1.37001445e+00  1.59145524e+00  1.04300880e+00  1.60615087e+00  3.05692578e+01  1.41646856e+00  5.59818081e+00 
 1.28000000e+00  1.28000000e+00  1.48000000e+00  1.82864662e-03  1.37001445e+00  1.59145524e+00  1.04300880e+00  1.60615087e+00  3.05692578e+01  1.41646856e+00  5.59818081e+00 
 1.29000000e+00  1.29000000e+00  1.48000000e+00  1.83142099e-03  1.37001445e+00  1.59145524e+00  1.04300880e+00  1.60615087e+00  3.05692578e+01  1.41646856e+00  5.59818081e+00 
 1.30000000e+00  1.30000000e+00  1.48000000e+00  1.83416888e-03  1.37001445e+00  1.59145524e+00  1.04300880e+00  1.60615087e+00  3.05692578e+01  1.41646856e+00  5.59818081e+00 
 1.31000000e+00  1.31000000e+00  1.48000000e+00  1.83689105e-03  1.37001445e+00  1.59145524e+00  1.04300880e+00  1.60615087e+00  3.05692578e+01  1.41646856e+00  5.59818081e+00 
 1.32000000e+00  1.32000000e+00  1.48000000e+00  1.83958825e-03  1.37001445e+00  1.59145524e+00  1.04300880e+00  1.60615087e+00  3.05692578e+01  1.41646856e+00  5.59818081e+00 
 1.33000000e+00  1.33000000e+00  1.48000000e+00  1.84226121e-03  1.37001445e+00  1.59145524e+00  1.04300880e+00  1.60615087e+00  3.05692578e+01  1.41646856e+00  5.59818081e+00 
 1.34000000e+00  1.34000000e+00  1.48000000e+00  1.84491060e-03  1.37001445e+00  1.59145524e+00  1.04300880e+00  1.60615087e+00  3.05692578e+01  1.41646856e+00  5.59818081e+00 
 1.35000000e+00  1.35000000e+00  1.48000000e+00  1.84753710e-03  1.37001445e+00  1.59145524e+00  1.04300880e+00  1.60615087e+00  3.05692578e+01  1.41646856e+00  5.59818081e+00 
 1.36000000e+00  1.36000000e+00  1.48000000e+00  1.85014135e-03  1.37001445e+00  1.59145524e+00  1.04300880e+00  1.60615087e+00  3.05692578e+01  1.41646856e+00  5.59818081e+00 
 1.37000000e+00  1.37000000e+00  1.48000000e+00  1.85272396e-03  1.37001445e+00  1.59145524e+00  1.04300880e+00  1.60615087e+00  3.05692578e+01  1.41646856e+00  5.59818081e+00 
 1.38000000e+00  1.38000000e+00  1.48000000e+00  1.85528552e-03  1.37001445e+00  1.59145524e+00  1.04300880e+00  1.60615087e+00  3.05692578e+01  1.41646856e+00  5.59818081e+00 
 1.39000000e+00  1.39000000e+00  1.48000000e+00  1.85782661e-03  1.37001445e+00  1.59145524e+00  1.04300880e+00  1.60615087e+00  3.05692578e+01  1.41646856e+00  5.59818081e+00 
 1.40000000e+00  1.40000000e+00  1.48000000e+00  1.86034778e-03  1.37001445e+00  1.59145524e+00  1.04300880e+00  1.60615087e+00  3.05692578e+01  1.41646856e+00  5.59818081e+00 
 1.41000000e+00  1.41000000e+00  1.48000000e+00  1.86284956e-03  1.37001445e+00  1.59145524e+00  1.04300880e+00  1.60615087e+00  3.05692578e+01  1.41646856e+00  5.59818081e+00 
 1.42000000e+00  1.42000000e+00  1.48000000e+00  1.86533246e-03  1.37001445e+00  1.59145524e+00  1.04300880e+00  1.60615087e+00  3.05692578e+01  1.41646856e+00  5.59818081e+00 
 1.43000000e+00  1.43000000e+00  1.48000000e+00  1.86779698e-03  1.37001445e+00  1.59145524e+00  1.04300880e+00  1.60615087e+00  3.05692578e+01  1.41646856e+00  5.59818081e+00 
 1.44000000e+00  1.44000000e+00  1.48000000e+00  1.87024359e-03  1.37001445e+00  1.59145524e+00  1.04300880e+00  1.60615087e+00  3.05692578e+01  1.41646856e+00  5.59818081e+00 
 1.45000000e+00  1.45000000e+00  1.48000000e+00  1.87267276e-03  1.37001445e+00  1.59145524e+00  1.04300880e+00  1.60615087e+00  3.05692578e+01  1.41646856e+00  5.59818081e+00 
 1.46000000e+00  1.46000000e+00  1.48000000e+00  1.87508492e-03  1.37001445e+00  1.59145524e+00  1.04300880e+00  1.60615087e+00  3.05692578e+01  1.41646856e+00  5.59818081e+00 
 1.47000000e+00  1.47000000e+00  1.48000000e+00  1.87748052e-03  1.37001445e+00  1.59145524e+00  1.04300880e+00  1.60615087e+00  3.05692578e+01  1.41646856e+00  5.59818081e+00 
 1.48000000e+00  1.48000000e+00  1.48000000e+00  1.87985996e-03  1.37001445e+00  1.59145524e+00  1.04300880e+00  1.60615087e+00  3.05692578e+01  1.41646856e+00  5.59818081e+00 
 1.49000000e+00  1.49000000e+00  1.48000000e+00  1.88222365e-03  1.37001445e+00  1.59145524e+00  1.04300880e+00  1.60615087e+00  3.05692578e+01  1.41646856e+00  5.59818081e+00 
 1.50000000e+00  1.50000000e+00  1.48000000e+00  1.88457197e-03  1.37001445e+00  1.59145524e+00  1.04300880e+00  1.60615087e+00  3.05692578e+01  1.41646856e+00  5.59818081e+00 
 1.51000000e+00  1.51000000e+00  1.48000000e+00  1.88690529e-03  1.37001445e+00  1.59145524e+00  1.04300880e+00  1.60615087e+00  3.05692578e+01  1.41646856e+00  5.59818081e+00 
 1.52000000e+00  1.52000000e+00  1.48000000e+00  1.88922399e-03  1.37001445e+00  1.59145524e+00  1.04300880e+00  1.60615087e+00  3.05692578e+01  1.41646856e+00  5.59818081e+00 
 1.53000000e+00  1.53000000e+00  1.48000000e+00  1.89152841e-03  1.37001445e+00  1.59145524e+00  1.04300880e+00  1.60615087e+00  3.05692578e+01  1.41646856e+00  5.59818081e+00 
 1.54000000e+00  1.54000000e+00  1.48000000e+00  1.89381889e-03  1.37001445e+00  1.59145524e+00  1.04300880e+00  1.60615087e+00  3.05692578e+01  1.41646856e+00  5.59818081e+00 
 1.55000000e+00  1.55000000e+00  1.48000000e+00  1.89609577e-03  1.37001445e+00  1.59145524e+00  1.04300880e+00  1.60615087e+00  3.05692578e+01  1.41646856e+00  5.59818081e+00 
 1.56000000e+00  1.56000000e+00  1.48000000e+00  1.89835935e-03  1.37001445e+00  1.59145524e+00  1.04300880e+00  1.60615087e+00  3.05692578e+01  1.41646856e+00  5.59818081e+00 
 1.57000000e+00  1.57000000e+00  1.48000000e+00  1.90060994e-03  1.37001445e+00  1.59145524e+00  1.04300880e+00  1.60615087e+00  3.05692578e+01  1.41646856e+00  5.59818081e+00 
 1.58000000e+00  1.58000000e+00  1.48000000e+00  1.90284785e-03  1.37001445e+00  1.59145524e+00  1.04300880e+00  1.60615087e+00  3.05692578e+01  1.41646856e+00  5.59818081e+00 
 1.59000000e+00  1.59000000e+00  1.48000000e+00  1.90507337e-03  1.37001445e+00  1.59145524e+00  1.04300880e+00  1.60615087e+00  3.05692578e+01  1.41646856e+00  5.59818081e+00 
 1.60000000e+00  1.60000000e+00  1.48000000e+00  1.90728677e-03  1.37001445e+00  1.59145524e+00  1.04300880e+00  1.60615087e+00  3.05692578e+01  1.41646856e+00  5.59818081e+00 
 1.61000000e+00  1.61000000e+00  1.48000000e+00  1.90948833e-03  1.37001445e+00  1.59145524e+00  1.04300880e+00  1.60615087e+00  3.05692578e+01  1.41646856e+00  5.59818081e+00 
 1.62000000e+00  1.62000000e+00  1.48000000e+00  1.91167831e-03  1.37001445e+00  1.59145524e+00  1.04300880e+00  1.60615087e+00  3.05692578e+01  1.41646856e+00  5.59818081e+00 
 1.63000000e+00  1.63000000e+00  1.48000000e+00  1.91385696e-03  1.37001445e+00  1.59145524e+00  1.04300880e+00  1.60615087e+00  3.05692578e+01  1.41646856e+00  5.59818081e+00 
 1.64000000e+00  1.64000000e+00  1.48000000e+00  1.91602454e-03  1.37001445e+00  1.59145524e+00  1.04300880e+00  1.60615087e+00  3.05692578e+01  1.41646856e+00  5.59818081e+00 
 1.65000000e+00  1.65000000e+00  1.48000000e+00  1.91818129e-03  1.37001445e+00  1.59145524e+00  1.04300880e+00  1.60615087e+00  3.05692578e+01  1.41646856e+00  5.59818081e+00 
 1.66000000e+00  1.66000000e+00  1.48000000e+00  1.92032743e-03  1.37001445e+00  1.59145524e+00  1.04300880e+00  1.60615087e+00  3.05692578e+01  1.41646856e+00  5.59818081e+00 
 1.67000000e+00  1.67000000e+00  1.48000000e+00  1.92246320e-03  1.37001445e+00  1.59145524e+00  1.04300880e+00  1.60615087e+00  3.05692578e+01  1.41646856e+00  5.59818081e+00 
 1.68000000e+00  1.68000000e+00  1.48000000e+00  1.92458882e-03  1.37001445e+00  1.59145524e+00  1.04300880e+00  1.60615087e+00  3.05692578e+01  1.41646856e+00  5.59818081e+00 
 1.69000000e+00  1.69000000e+00  1.48000000e+00  1.92670450e-03  1.37001445e+00  1.59145524e+00  1.04300880e+00  1.60615087e+00  3.05692578e+01  1.41646856e+00  5.59818081e+00 
 1.70000000e+00  1.70000000e+00  1.48000000e+00  1.92881045e-03  1.37001445e+00  1.59145524e+00  1.04300880e+00  1.60615087e+00  3.05692578e+01  1.41646856e+00  5.59818081e+00 
 1.71000000e+00  1.71000000e+00  1.48000000e+00  1.93090686e-03  1.37001445e+00  1.59145524e+00  1.04300880e+00  1.60615087e+00  3.05692578e+01  1.41646856e+00  5.59818081e+00 
 1.72000000e+00  1.72000000e+00  1.48000000e+00  1.93299395e-03  1.37001445e+00  1.59145524e+00  1.04300880e+00  1.60615087e+00  3.05692578e+01  1.41646856e+00  5.59818081e+00 
 1.73000000e+00  1.73000000e+00  1.48000000e+00  1.93507190e-03  1.37001445e+00  1.59145524e+00  1.04300880e+00  1.60615087e+00  3.05692578e+01  1.41646856e+00  5.59818081e+00 
 1.74000000e+00  1.74000000e+00  1.48000000e+00  1.93714090e-03  1.37001445e+00  1.59145524e+00  1.04300880e+00  1.60615087e+00  3.05692578e+01  1.41646856e+00  5.59818081e+00 
 1.75000000e+00  1.75000000e+00  1.48000000e+00  1.93920112e-03  1.37001445e+00  1.59145524e+00  1.04300880e+00  1.60615087e+00  3.05692578e+01  1.41646856e+00  5.59818081e+00 
 1.76000000e+00  1.76000000e+00  1.48000000e+00  1.94125275e-03  1.37001445e+00  1.59145524e+00  1.04300880e+00  1.60615087e+00  3.05692578e+01  1.41646856e+00  5.59818081e+00 
 1.77000000e+00  1.77000000e+00  1.48000000e+00  1.94329595e-03  1.37001445e+00  1.59145524e+00  1.04300880e+00  1.60615087e+00  3.05692578e+01  1.41646856e+00  5.59818081e+00 
 1.78000000e+00  1.78000000e+00  1.48000000e+00  1.94533090e-03  1.37001445e+00  1.59145524e+00  1.04300880e+00  1.60615087e+00  3.05692578e+01  1.41646856e+00  5.59818081e+00 
 1.79000000e+00  1.79000000e+00  1.48000000e+00  1.94735776e-03  1.37001445e+00  1.59145524e+00  1.04300880e+00  1.60615087e+00  3.05692578e+01  1.41646856e+00  5.59818081e+00 
 1.80000000e+00  1.80000000e+00  1.48000000e+00  1.94937668e-03  1.37001445e+00  1.59145524e+00  1.04300880e+00  1.60615087e+00  3.05692578e+01  1.41646856e+00  5.59818081e+00 
 1.81000000e+00  1.81000000e+00  1.48000000e+00  1.95138783e-03  1.37001445e+00  1.59145524e+00  1.04300880e+00  1.60615087e+00  3.05692578e+01  1.41646856e+00  5.59818081e+00 
 1.82000000e+00  1.82000000e+00  1.48000000e+00  1.95339136e-03  1.37001445e+00  1.59145524e+00  1.04300880e+00  1.60615087e+00  3.05692578e+01  1.41646856e+00  5.59818081e+00 
 1.83000000e+00  1.83000000e+00  1.48000000e+00  1.95538741e-03  1.37001445e+00  1.59145524e+00  1.04300880e+00  1.60615087e+00  3.05692578e+01  1.41646856e+00  5.59818081e+00 
 1.84000000e+00  1.84000000e+00  1.48000000e+00  1.95737613e-03  1.37001445e+00  1.59145524e+00  1.04300880e+00  1.60615087e+00  3.05692578e+01  1.41646856e+00  5.59818081e+00 
 1.85000000e+00  1.85000000e+00  1.48000000e+00  1.95935767e-03  1.37001445e+00  1.59145524e+00  1.04300880e+00  1.60615087e+00  3.05692578e+01  1.41646856e+00  5.59818081e+00 
