 0.00000000e+00  1.48000000e+00  0.00000000e+00  1.48148160e-12  1.31828096e+00  1.91038388e+00  8.83160083e-01  1.88680238e+00  3.11450039e+01  1.51105999e+00  5.39244206e+00 
 1.00000000e-02  1.48000000e+00  1.00000000e-02  1.48148160e-12  1.31828096e+00  1.91038388e+00  8.83160083e-01  1.88680238e+00  3.11450039e+01  1.51105999e+00  5.39244206e+00 
 2.00000000e-02  1.48000000e+00  2.00000000e-02  1.48148160e-12  1.31828096e+00  1.91038388e+00  8.83160083e-01  1.88680238e+00  3.11450039e+01  1.51105999e+00  5.39244206e+00 
 3.00000000e-02  1.48000000e+00  3.00000000e-02  1.48148160e-12  1.31828096e+00  1.91038388e+00  8.83160083e-01  1.88680238e+00  3.11450039e+01  1.51105999e+00  5.39244206e+00 
 4.00000000e-02  1.48000000e+00  4.00000000e-02  1.48148160e-12  1.31828096e+00  1.91038388e+00  8.83160083e-01  1.88680238e+00  3.11450039e+01  1.51105999e+00  5.39244206e+00 
 5.00000000e-02  1.48000000e+00  5.00000000e-02  1.48148160e-12  1.31828096e+00  1.91038388e+00  8.83160083e-01  1.88680238e+00  3.11450039e+01  1.51105999e+00  5.39244206e+00 
 6.00000000e-02  1.48000000e+00  6.00000000e-02  1.48148160e-12  1.31828096e+00  1.91038388e+00  8.83160083e-01  1.88680238e+00  3.11450039e+01  1.51105999e+00  5.39244206e+00 
 7.00000000e-02  1.48000000e+00  7.00000000e-02  1.48148160e-12  1.31828096e+00  1.91038388e+00  8.83160083e-01  1.88680238e+00  3.11450039e+01  1.51105999e+00  5.39244206e+00 
 8.00000000e-02  1.48000000e+00  8.00000000e-02  1.48148160e-12  1.31828096e+00  1.91038388e+00  8.83160083e-01  1.88680238e+00  3.11450039e+01  1.51105999e+00  5.39244206e+00 
 9.00000000e-02  1.48000000e+00  9.00000000e-02  1.48148160e-12  1.31828096e+00  1.91038388e+00  8.83160083e-01  1.88680238e+00  3.11450039e+01  1.51105999e+00  5.39244206e+00 
 1.00000000e-01  1.48000000e+00  1.00000000e-01  1.48148160e-12  1.31828096e+00  1.91038388e+00  8.83160083e-01  1.88680238e+00  3.11450039e+01  1.51105999e+00  5.39244206e+00 
 1.10000000e-01  1.48000000e+00  1.10000000e-01  1.48148160e-12  1.31828096e+00  1.91038388e+00  8.83160083e-01  1.88680238e+00  3.11450039e+01  1.51105999e+00  5.39244206e+00 
 1.20000000e-01  1.48000000e+00  1.20000000e-01  1.48148160e-12  1.31828096e+00  1.91038388e+00  8.83160083e-01  1.88680238e+00  3.11450039e+01  1.51105999e+00  5.39244206e+00 
 1.30000000e-01  1.48000000e+00  1.30000000e-01  1.48148160e-12  1.31828096e+00  1.91038388e+00  8.83160083e-01  1.88680238e+00  3.11450039e+01  1.51105999e+00  5.39244206e+00 
 1.40000000e-01  1.48000000e+00  1.40000000e-01  1.48148160e-12  1.31828096e+00  1.91038388e+00  8.83160083e-01  1.88680238e+00  3.11450039e+01  1.51105999e+00  5.39244206e+00 
 1.50000000e-01  1.48000000e+00  1.50000000e-01  1.48148160e-12  1.31828096e+00  1.91038388e+00  8.83160083e-01  1.88680238e+00  3.11450039e+01  1.51105999e+00  5.39244206e+00 
 1.60000000e-01  1.48000000e+00  1.60000000e-01  1.48148160e-12  1.31828096e+00  1.91038388e+00  8.83160083e-01  1.88680238e+00  3.11450039e+01  1.51105999e+00  5.39244206e+00 
 1.70000000e-01  1.48000000e+00  1.70000000e-01  1.48148160e-12  1.31828096e+00  1.91038388e+00  8.83160083e-01  1.88680238e+00  3.11450039e+01  1.51105999e+00  5.39244206e+00 
 1.80000000e-01  1.48000000e+00  1.80000000e-01  1.48148160e-12  1.31828096e+00  1.91038388e+00  8.83160083e-01  1.88680238e+00  3.11450039e+01  1.51105999e+00  5.39244206e+00 
 1.90000000e-01  1.48000000e+00  1.90000000e-01  1.48148160e-12  1.31828096e+00  1.91038388e+00  8.83160083e-01  1.88680238e+00  3.11450039e+01  1.51105999e+00  5.39244206e+00 
 2.00000000e-01  1.48000000e+00  2.00000000e-01  1.48148160e-12  1.31828096e+00  1.91038388e+00  8.83160083e-01  1.88680238e+00  3.11450039e+01  1.51105999e+00  5.39244206e+00 
 2.10000000e-01  1.48000000e+00  2.10000000e-01  1.48148160e-12  1.31828096e+00  1.91038388e+00  8.83160083e-01  1.88680238e+00  3.11450039e+01  1.51105999e+00  5.39244206e+00 
 2.20000000e-01  1.48000000e+00  2.20000000e-01  1.48148160e-12  1.31828096e+00  1.91038388e+00  8.83160083e-01  1.88680238e+00  3.11450039e+01  1.51105999e+00  5.39244206e+00 
 2.30000000e-01  1.48000000e+00  2.30000000e-01  1.48148160e-12  1.31828096e+00  1.91038388e+00  8.83160083e-01  1.88680238e+00  3.11450039e+01  1.51105999e+00  5.39244206e+00 
 2.40000000e-01  1.48000000e+00  2.40000000e-01  1.48148160e-12  1.31828096e+00  1.91038388e+00  8.83160083e-01  1.88680238e+00  3.11450039e+01  1.51105999e+00  5.39244206e+00 
 2.50000000e-01  1.48000000e+00  2.50000000e-01  1.48148160e-12  1.31828096e+00  1.91038388e+00  8.83160083e-01  1.88680238e+00  3.11450039e+01  1.51105999e+00  5.39244206e+00 
 2.60000000e-01  1.48000000e+00  2.60000000e-01  1.48148160e-12  1.31828096e+00  1.91038388e+00  8.83160083e-01  1.88680238e+00  3.11450039e+01  1.51105999e+00  5.39244206e+00 
 2.70000000e-01  1.48000000e+00  2.70000000e-01  1.48148160e-12  1.31828096e+00  1.91038388e+00  8.83160083e-01  1.88680238e+00  3.11450039e+01  1.51105999e+00  5.39244206e+00 
 2.80000000e-01  1.48000000e+00  2.80000000e-01  1.48148160e-12  1.31828096e+00  1.91038388e+00  8.83160083e-01  1.88680238e+00  3.11450039e+01  1.51105999e+00  5.39244206e+00 
 2.90000000e-01  1.48000000e+00  2.90000000e-01  1.48148160e-12  1.31828096e+00  1.91038388e+00  8.83160083e-01  1.88680238e+00  3.11450039e+01  1.51105999e+00  5.39244206e+00 
 3.00000000e-01  1.48000000e+00  3.00000000e-01  1.48148160e-12  1.31828096e+00  1.91038388e+00  8.83160083e-01  1.88680238e+00  3.11450039e+01  1.51105999e+00  5.39244206e+00 
 3.10000000e-01  1.48000000e+00  3.10000000e-01  1.48148160e-12  1.31828096e+00  1.91038388e+00  8.83160083e-01  1.88680238e+00  3.11450039e+01  1.51105999e+00  5.39244206e+00 
 3.20000000e-01  1.48000000e+00  3.20000000e-01  1.48148160e-12  1.31828096e+00  1.91038388e+00  8.83160083e-01  1.88680238e+00  3.11450039e+01  1.51105999e+00  5.39244206e+00 
 3.30000000e-01  1.48000000e+00  3.30000000e-01  1.48148160e-12  1.31828096e+00  1.91038388e+00  8.83160083e-01  1.88680238e+00  3.11450039e+01  1.51105999e+00  5.39244206e+00 
 3.40000000e-01  1.48000000e+00  3.40000000e-01  1.48148160e-12  1.31828096e+00  1.91038388e+00  8.83160083e-01  1.88680238e+00  3.11450039e+01  1.51105999e+00  5.39244206e+00 
 3.50000000e-01  1.48000000e+00  3.50000000e-01  1.48148160e-12  1.31828096e+00  1.91038388e+00  8.83160083e-01  1.88680238e+00  3.11450039e+01  1.51105999e+00  5.39244206e+00 
 3.60000000e-01  1.48000000e+00  3.60000000e-01  1.48148160e-12  1.31828096e+00  1.91038388e+00  8.83160083e-01  1.88680238e+00  3.11450039e+01  1.51105999e+00  5.39244206e+00 
 3.70000000e-01  1.48000000e+00  3.70000000e-01  1.48148160e-12  1.31828096e+00  1.91038388e+00  8.83160083e-01  1.88680238e+00  3.11450039e+01  1.51105999e+00  5.39244206e+00 
 3.80000000e-01  1.48000000e+00  3.80000000e-01  1.48148160e-12  1.31828096e+00  1.91038388e+00  8.83160083e-01  1.88680238e+00  3.11450039e+01  1.51105999e+00  5.39244206e+00 
 3.90000000e-01  1.48000000e+00  3.90000000e-01  1.48148160e-12  1.31828096e+00  1.91038388e+00  8.83160083e-01  1.88680238e+00  3.11450039e+01  1.51105999e+00  5.39244206e+00 
 4.00000000e-01  1.48000000e+00  4.00000000e-01  1.48148160e-12  1.31828096e+00  1.91038388e+00  8.83160083e-01  1.88680238e+00  3.11450039e+01  1.51105999e+00  5.39244206e+00 
 4.10000000e-01  1.48000000e+00  4.10000000e-01  1.48148160e-12  1.31828096e+00  1.91038388e+00  8.83160083e-01  1.88680238e+00  3.11450039e+01  1.51105999e+00  5.39244206e+00 
 4.20000000e-01  1.48000000e+00  4.20000000e-01  1.48148160e-12  1.31828096e+00  1.91038388e+00  8.83160083e-01  1.88680238e+00  3.11450039e+01  1.51105999e+00  5.39244206e+00 
 4.30000000e-01  1.48000000e+00  4.30000000e-01  1.48148160e-12  1.31828096e+00  1.91038388e+00  8.83160083e-01  1.88680238e+00  3.11450039e+01  1.51105999e+00  5.39244206e+00 
 4.40000000e-01  1.48000000e+00  4.40000000e-01  1.48325796e-12  1.31828096e+00  1.91038388e+00  8.83160083e-01  1.88680238e+00  3.11450039e+01  1.51105999e+00  5.39244206e+00 
 4.50000000e-01  1.48000000e+00  4.50000000e-01  1.48503432e-12  1.31828096e+00  1.91038388e+00  8.83160083e-01  1.88680238e+00  3.11450039e+01  1.51105999e+00  5.39244206e+00 
 4.60000000e-01  1.48000000e+00  4.60000000e-01  1.48681067e-12  1.31828096e+00  1.91038388e+00  8.83160083e-01  1.88680238e+00  3.11450039e+01  1.51105999e+00  5.39244206e+00 
 4.70000000e-01  1.48000000e+00  4.70000000e-01  1.49391610e-12  1.31828096e+00  1.91038388e+00  8.83160083e-01  1.88680238e+00  3.11450039e+01  1.51105999e+00  5.39244206e+00 
 4.80000000e-01  1.48000000e+00  4.80000000e-01  1.51345603e-12  1.31828096e+00  1.91038388e+00  8.83160083e-01  1.88680238e+00  3.11450039e+01  1.51105999e+00  5.39244206e+00 
 4.90000000e-01  1.48000000e+00  4.90000000e-01  1.56141766e-12  1.31828096e+00  1.91038388e+00  8.83160083e-01  1.88680238e+00  3.11450039e+01  1.51105999e+00  5.39244206e+00 
 5.00000000e-01  1.48000000e+00  5.00000000e-01  1.69286807e-12  1.31828096e+00  1.91038388e+00  8.83160083e-01  1.88680238e+00  3.11450039e+01  1.51105999e+00  5.39244206e+00 
 5.10000000e-01  1.48000000e+00  5.10000000e-01  2.03037587e-12  1.31828096e+00  1.91038388e+00  8.83160083e-01  1.88680238e+00  3.11450039e+01  1.51105999e+00  5.39244206e+00 
 5.20000000e-01  1.48000000e+00  5.20000000e-01  2.90789615e-12  1.31828096e+00  1.91038388e+00  8.83160083e-01  1.88680238e+00  3.11450039e+01  1.51105999e+00  5.39244206e+00 
 5.30000000e-01  1.48000000e+00  5.30000000e-01  5.19229104e-12  1.31828096e+00  1.91038388e+00  8.83160083e-01  1.88680238e+00  3.11450039e+01  1.51105999e+00  5.39244206e+00 
 5.40000000e-01  1.48000000e+00  5.40000000e-01  1.10986775e-11  1.31828096e+00  1.91038388e+00  8.83160083e-01  1.88680238e+00  3.11450039e+01  1.51105999e+00  5.39244206e+00 
 5.50000000e-01  1.48000000e+00  5.50000000e-01  2.63042921e-11  1.31828096e+00  1.91038388e+00  8.83160083e-01  1.88680238e+00  3.11450039e+01  1.51105999e+00  5.39244206e+00 
 5.60000000e-01  1.48000000e+00  5.60000000e-01  6.51070309e-11  1.31828096e+00  1.91038388e+00  8.83160083e-01  1.88680238e+00  3.11450039e+01  1.51105999e+00  5.39244206e+00 
 5.70000000e-01  1.48000000e+00  5.70000000e-01  1.62801328e-10  1.31828096e+00  1.91038388e+00  8.83160083e-01  1.88680238e+00  3.11450039e+01  1.51105999e+00  5.39244206e+00 
 5.80000000e-01  1.48000000e+00  5.80000000e-01  4.03796108e-10  1.31828096e+00  1.91038388e+00  8.83160083e-01  1.88680238e+00  3.11450039e+01  1.51105999e+00  5.39244206e+00 
 5.90000000e-01  1.48000000e+00  5.90000000e-01  9.80787007e-10  1.31828096e+00  1.91038388e+00  8.83160083e-01  1.88680238e+00  3.11450039e+01  1.51105999e+00  5.39244206e+00 
 6.00000000e-01  1.48000000e+00  6.00000000e-01  2.30595099e-09  1.31828096e+00  1.91038388e+00  8.83160083e-01  1.88680238e+00  3.11450039e+01  1.51105999e+00  5.39244206e+00 
 6.10000000e-01  1.48000000e+00  6.10000000e-01  5.19013454e-09  1.31828096e+00  1.91038388e+00  8.83160083e-01  1.88680238e+00  3.11450039e+01  1.51105999e+00  5.39244206e+00 
 6.20000000e-01  1.48000000e+00  6.20000000e-01  1.10843441e-08  1.31828096e+00  1.91038388e+00  8.83160083e-01  1.88680238e+00  3.11450039e+01  1.51105999e+00  5.39244206e+00 
 6.30000000e-01  1.48000000e+00  6.30000000e-01  2.23694201e-08  1.31828096e+00  1.91038388e+00  8.83160083e-01  1.88680238e+00  3.11450039e+01  1.51105999e+00  5.39244206e+00 
 6.40000000e-01  1.48000000e+00  6.40000000e-01  4.27499476e-08  1.31828096e+00  1.91038388e+00  8.83160083e-01  1.88680238e+00  3.11450039e+01  1.51105999e+00  5.39244206e+00 
 6.50000000e-01  1.48000000e+00  6.50000000e-01  7.79515155e-08  1.31828096e+00  1.91038388e+00  8.83160083e-01  1.88680238e+00  3.11450039e+01  1.51105999e+00  5.39244206e+00 
 6.60000000e-01  1.48000000e+00  6.60000000e-01  1.37028120e-07  1.31828096e+00  1.91038388e+00  8.83160083e-01  1.88680238e+00  3.11450039e+01  1.51105999e+00  5.39244206e+00 
 6.70000000e-01  1.48000000e+00  6.70000000e-01  2.34644810e-07  1.31828096e+00  1.91038388e+00  8.83160083e-01  1.88680238e+00  3.11450039e+01  1.51105999e+00  5.39244206e+00 
 6.80000000e-01  1.48000000e+00  6.80000000e-01  3.94837500e-07  1.31828096e+00  1.91038388e+00  8.83160083e-01  1.88680238e+00  3.11450039e+01  1.51105999e+00  5.39244206e+00 
 6.90000000e-01  1.48000000e+00  6.90000000e-01  6.56958006e-07  1.31828096e+00  1.91038388e+00  8.83160083e-01  1.88680238e+00  3.11450039e+01  1.51105999e+00  5.39244206e+00 
 7.00000000e-01  1.48000000e+00  7.00000000e-01  1.08439670e-06  1.31828096e+00  1.91038388e+00  8.83160083e-01  1.88680238e+00  3.11450039e+01  1.51105999e+00  5.39244206e+00 
 7.10000000e-01  1.48000000e+00  7.10000000e-01  1.77531592e-06  1.31828096e+00  1.91038388e+00  8.83160083e-01  1.88680238e+00  3.11450039e+01  1.51105999e+00  5.39244206e+00 
 7.20000000e-01  1.48000000e+00  7.20000000e-01  2.87100631e-06  1.31828096e+00  1.91038388e+00  8.83160083e-01  1.88680238e+00  3.11450039e+01  1.51105999e+00  5.39244206e+00 
 7.30000000e-01  1.48000000e+00  7.30000000e-01  4.55301093e-06  1.31828096e+00  1.91038388e+00  8.83160083e-01  1.88680238e+00  3.11450039e+01  1.51105999e+00  5.39244206e+00 
 7.40000000e-01  1.48000000e+00  7.40000000e-01  7.02150739e-06  1.31828096e+00  1.91038388e+00  8.83160083e-01  1.88680238e+00  3.11450039e+01  1.51105999e+00  5.39244206e+00 
 7.50000000e-01  1.48000000e+00  7.50000000e-01  1.04599133e-05  1.31828096e+00  1.91038388e+00  8.83160083e-01  1.88680238e+00  3.11450039e+01  1.51105999e+00  5.39244206e+00 
 7.60000000e-01  1.48000000e+00  7.60000000e-01  1.50040770e-05  1.31828096e+00  1.91038388e+00  8.83160083e-01  1.88680238e+00  3.11450039e+01  1.51105999e+00  5.39244206e+00 
 7.70000000e-01  1.48000000e+00  7.70000000e-01  2.07314699e-05  1.31828096e+00  1.91038388e+00  8.83160083e-01  1.88680238e+00  3.11450039e+01  1.51105999e+00  5.39244206e+00 
 7.80000000e-01  1.48000000e+00  7.80000000e-01  2.76698031e-05  1.31828096e+00  1.91038388e+00  8.83160083e-01  1.88680238e+00  3.11450039e+01  1.51105999e+00  5.39244206e+00 
 7.90000000e-01  1.48000000e+00  7.90000000e-01  3.58140330e-05  1.31828096e+00  1.91038388e+00  8.83160083e-01  1.88680238e+00  3.11450039e+01  1.51105999e+00  5.39244206e+00 
 8.00000000e-01  1.48000000e+00  8.00000000e-01  4.51420644e-05  1.31828096e+00  1.91038388e+00  8.83160083e-01  1.88680238e+00  3.11450039e+01  1.51105999e+00  5.39244206e+00 
 8.10000000e-01  1.48000000e+00  8.10000000e-01  5.56253433e-05  1.31828096e+00  1.91038388e+00  8.83160083e-01  1.88680238e+00  3.11450039e+01  1.51105999e+00  5.39244206e+00 
 8.20000000e-01  1.48000000e+00  8.20000000e-01  6.72345931e-05  1.31828096e+00  1.91038388e+00  8.83160083e-01  1.88680238e+00  3.11450039e+01  1.51105999e+00  5.39244206e+00 
 8.30000000e-01  1.48000000e+00  8.30000000e-01  7.99422810e-05  1.31828096e+00  1.91038388e+00  8.83160083e-01  1.88680238e+00  3.11450039e+01  1.51105999e+00  5.39244206e+00 
 8.40000000e-01  1.48000000e+00  8.40000000e-01  9.37232832e-05  1.31828096e+00  1.91038388e+00  8.83160083e-01  1.88680238e+00  3.11450039e+01  1.51105999e+00  5.39244206e+00 
 8.50000000e-01  1.48000000e+00  8.50000000e-01  1.08554719e-04  1.31828096e+00  1.91038388e+00  8.83160083e-01  1.88680238e+00  3.11450039e+01  1.51105999e+00  5.39244206e+00 
 8.60000000e-01  1.48000000e+00  8.60000000e-01  1.24415488e-04  1.31828096e+00  1.91038388e+00  8.83160083e-01  1.88680238e+00  3.11450039e+01  1.51105999e+00  5.39244206e+00 
 8.70000000e-01  1.48000000e+00  8.70000000e-01  1.41285774e-04  1.31828096e+00  1.91038388e+00  8.83160083e-01  1.88680238e+00  3.11450039e+01  1.51105999e+00  5.39244206e+00 
 8.80000000e-01  1.48000000e+00  8.80000000e-01  1.59146615e-04  1.31828096e+00  1.91038388e+00  8.83160083e-01  1.88680238e+00  3.11450039e+01  1.51105999e+00  5.39244206e+00 
 8.90000000e-01  1.48000000e+00  8.90000000e-01  1.77979568e-04  1.31828096e+00  1.91038388e+00  8.83160083e-01  1.88680238e+00  3.11450039e+01  1.51105999e+00  5.39244206e+00 
 9.00000000e-01  1.48000000e+00  9.00000000e-01  1.97766471e-04  1.31828096e+00  1.91038388e+00  8.83160083e-01  1.88680238e+00  3.11450039e+01  1.51105999e+00  5.39244206e+00 
 9.10000000e-01  1.48000000e+00  9.10000000e-01  2.18489277e-04  1.31828096e+00  1.91038388e+00  8.83160083e-01  1.88680238e+00  3.11450039e+01  1.51105999e+00  5.39244206e+00 
 9.20000000e-01  1.48000000e+00  9.20000000e-01  2.40129947e-04  1.31828096e+00  1.91038388e+00  8.83160083e-01  1.88680238e+00  3.11450039e+01  1.51105999e+00  5.39244206e+00 
 9.30000000e-01  1.48000000e+00  9.30000000e-01  2.62670389e-04  1.31828096e+00  1.91038388e+00  8.83160083e-01  1.88680238e+00  3.11450039e+01  1.51105999e+00  5.39244206e+00 
 9.40000000e-01  1.48000000e+00  9.40000000e-01  2.86092422e-04  1.31828096e+00  1.91038388e+00  8.83160083e-01  1.88680238e+00  3.11450039e+01  1.51105999e+00  5.39244206e+00 
 9.50000000e-01  1.48000000e+00  9.50000000e-01  3.10377766e-04  1.31828096e+00  1.91038388e+00  8.83160083e-01  1.88680238e+00  3.11450039e+01  1.51105999e+00  5.39244206e+00 
 9.60000000e-01  1.48000000e+00  9.60000000e-01  3.35508040e-04  1.31828096e+00  1.91038388e+00  8.83160083e-01  1.88680238e+00  3.11450039e+01  1.51105999e+00  5.39244206e+00 
 9.70000000e-01  1.48000000e+00  9.70000000e-01  3.61464766e-04  1.31828096e+00  1.91038388e+00  8.83160083e-01  1.88680238e+00  3.11450039e+01  1.51105999e+00  5.39244206e+00 
 9.80000000e-01  1.48000000e+00  9.80000000e-01  3.88229399e-04  1.31828096e+00  1.91038388e+00  8.83160083e-01  1.88680238e+00  3.11450039e+01  1.51105999e+00  5.39244206e+00 
 9.90000000e-01  1.48000000e+00  9.90000000e-01  4.15783340e-04  1.31828096e+00  1.91038388e+00  8.83160083e-01  1.88680238e+00  3.11450039e+01  1.51105999e+00  5.39244206e+00 
 1.00000000e+00  1.48000000e+00  1.00000000e+00  4.44107957e-04  1.31828096e+00  1.91038388e+00  8.83160083e-01  1.88680238e+00  3.11450039e+01  1.51105999e+00  5.39244206e+00 
 1.01000000e+00  1.48000000e+00  1.01000000e+00  4.73184604e-04  1.31828096e+00  1.91038388e+00  8.83160083e-01  1.88680238e+00  3.11450039e+01  1.51105999e+00  5.39244206e+00 
 1.02000000e+00  1.48000000e+00  1.02000000e+00  5.02994646e-04  1.31828096e+00  1.91038388e+00  8.83160083e-01  1.88680238e+00  3.11450039e+01  1.51105999e+00  5.39244206e+00 
 1.03000000e+00  1.48000000e+00  1.03000000e+00  5.33519476e-04  1.31828096e+00  1.91038388e+00  8.83160083e-01  1.88680238e+00  3.11450039e+01  1.51105999e+00  5.39244206e+00 
 1.04000000e+00  1.48000000e+00  1.04000000e+00  5.64740537e-04  1.31828096e+00  1.91038388e+00  8.83160083e-01  1.88680238e+00  3.11450039e+01  1.51105999e+00  5.39244206e+00 
 1.05000000e+00  1.48000000e+00  1.05000000e+00  5.96639343e-04  1.31828096e+00  1.91038388e+00  8.83160083e-01  1.88680238e+00  3.11450039e+01  1.51105999e+00  5.39244206e+00 
 1.06000000e+00  1.48000000e+00  1.06000000e+00  6.29197495e-04  1.31828096e+00  1.91038388e+00  8.83160083e-01  1.88680238e+00  3.11450039e+01  1.51105999e+00  5.39244206e+00 
 1.07000000e+00  1.48000000e+00  1.07000000e+00  6.62396698e-04  1.31828096e+00  1.91038388e+00  8.83160083e-01  1.88680238e+00  3.11450039e+01  1.51105999e+00  5.39244206e+00 
 1.08000000e+00  1.48000000e+00  1.08000000e+00  6.96218779e-04  1.31828096e+00  1.91038388e+00  8.83160083e-01  1.88680238e+00  3.11450039e+01  1.51105999e+00  5.39244206e+00 
 1.09000000e+00  1.48000000e+00  1.09000000e+00  7.30645701e-04  1.31828096e+00  1.91038388e+00  8.83160083e-01  1.88680238e+00  3.11450039e+01  1.51105999e+00  5.39244206e+00 
 1.10000000e+00  1.48000000e+00  1.10000000e+00  7.65659578e-04  1.31828096e+00  1.91038388e+00  8.83160083e-01  1.88680238e+00  3.11450039e+01  1.51105999e+00  5.39244206e+00 
 1.11000000e+00  1.48000000e+00  1.11000000e+00  8.01242688e-04  1.31828096e+00  1.91038388e+00  8.83160083e-01  1.88680238e+00  3.11450039e+01  1.51105999e+00  5.39244206e+00 
 1.12000000e+00  1.48000000e+00  1.12000000e+00  8.37377483e-04  1.31828096e+00  1.91038388e+00  8.83160083e-01  1.88680238e+00  3.11450039e+01  1.51105999e+00  5.39244206e+00 
 1.13000000e+00  1.48000000e+00  1.13000000e+00  8.74046604e-04  1.31828096e+00  1.91038388e+00  8.83160083e-01  1.88680238e+00  3.11450039e+01  1.51105999e+00  5.39244206e+00 
 1.14000000e+00  1.48000000e+00  1.14000000e+00  9.11232886e-04  1.31828096e+00  1.91038388e+00  8.83160083e-01  1.88680238e+00  3.11450039e+01  1.51105999e+00  5.39244206e+00 
 1.15000000e+00  1.48000000e+00  1.15000000e+00  9.48919371e-04  1.31828096e+00  1.91038388e+00  8.83160083e-01  1.88680238e+00  3.11450039e+01  1.51105999e+00  5.39244206e+00 
 1.16000000e+00  1.48000000e+00  1.16000000e+00  9.87089316e-04  1.31828096e+00  1.91038388e+00  8.83160083e-01  1.88680238e+00  3.11450039e+01  1.51105999e+00  5.39244206e+00 
 1.17000000e+00  1.48000000e+00  1.17000000e+00  1.02572620e-03  1.31828096e+00  1.91038388e+00  8.83160083e-01  1.88680238e+00  3.11450039e+01  1.51105999e+00  5.39244206e+00 
 1.18000000e+00  1.48000000e+00  1.18000000e+00  1.06481372e-03  1.31828096e+00  1.91038388e+00  8.83160083e-01  1.88680238e+00  3.11450039e+01  1.51105999e+00  5.39244206e+00 
 1.19000000e+00  1.48000000e+00  1.19000000e+00  1.10433583e-03  1.31828096e+00  1.91038388e+00  8.83160083e-01  1.88680238e+00  3.11450039e+01  1.51105999e+00  5.39244206e+00 
 1.20000000e+00  1.48000000e+00  1.20000000e+00  1.14427670e-03  1.31828096e+00  1.91038388e+00  8.83160083e-01  1.88680238e+00  3.11450039e+01  1.51105999e+00  5.39244206e+00 
 1.21000000e+00  1.48000000e+00  1.21000000e+00  1.18462076e-03  1.31828096e+00  1.91038388e+00  8.83160083e-01  1.88680238e+00  3.11450039e+01  1.51105999e+00  5.39244206e+00 
 1.22000000e+00  1.48000000e+00  1.22000000e+00  1.22535267e-03  1.31828096e+00  1.91038388e+00  8.83160083e-01  1.88680238e+00  3.11450039e+01  1.51105999e+00  5.39244206e+00 
 1.23000000e+00  1.48000000e+00  1.23000000e+00  1.26645735e-03  1.31828096e+00  1.91038388e+00  8.83160083e-01  1.88680238e+00  3.11450039e+01  1.51105999e+00  5.39244206e+00 
 1.24000000e+00  1.48000000e+00  1.24000000e+00  1.30791998e-03  1.31828096e+00  1.91038388e+00  8.83160083e-01  1.88680238e+00  3.11450039e+01  1.51105999e+00  5.39244206e+00 
 1.25000000e+00  1.48000000e+00  1.25000000e+00  1.34972598e-03  1.31828096e+00  1.91038388e+00  8.83160083e-01  1.88680238e+00  3.11450039e+01  1.51105999e+00  5.39244206e+00 
 1.26000000e+00  1.48000000e+00  1.26000000e+00  1.39186104e-03  1.31828096e+00  1.91038388e+00  8.83160083e-01  1.88680238e+00  3.11450039e+01  1.51105999e+00  5.39244206e+00 
 1.27000000e+00  1.48000000e+00  1.27000000e+00  1.43431109e-03  1.31828096e+00  1.91038388e+00  8.83160083e-01  1.88680238e+00  3.11450039e+01  1.51105999e+00  5.39244206e+00 
 1.28000000e+00  1.48000000e+00  1.28000000e+00  1.47706235e-03  1.31828096e+00  1.91038388e+00  8.83160083e-01  1.88680238e+00  3.11450039e+01  1.51105999e+00  5.39244206e+00 
 1.29000000e+00  1.48000000e+00  1.29000000e+00  1.52010125e-03  1.31828096e+00  1.91038388e+00  8.83160083e-01  1.88680238e+00  3.11450039e+01  1.51105999e+00  5.39244206e+00 
 1.30000000e+00  1.48000000e+00  1.30000000e+00  1.56341452e-03  1.31828096e+00  1.91038388e+00  8.83160083e-01  1.88680238e+00  3.11450039e+01  1.51105999e+00  5.39244206e+00 
 1.31000000e+00  1.48000000e+00  1.31000000e+00  1.60698912e-03  1.31828096e+00  1.91038388e+00  8.83160083e-01  1.88680238e+00  3.11450039e+01  1.51105999e+00  5.39244206e+00 
 1.32000000e+00  1.48000000e+00  1.32000000e+00  1.65081229e-03  1.31828096e+00  1.91038388e+00  8.83160083e-01  1.88680238e+00  3.11450039e+01  1.51105999e+00  5.39244206e+00 
 1.33000000e+00  1.48000000e+00  1.33000000e+00  1.69487149e-03  1.31828096e+00  1.91038388e+00  8.83160083e-01  1.88680238e+00  3.11450039e+01  1.51105999e+00  5.39244206e+00 
 1.34000000e+00  1.48000000e+00  1.34000000e+00  1.73915446e-03  1.31828096e+00  1.91038388e+00  8.83160083e-01  1.88680238e+00  3.11450039e+01  1.51105999e+00  5.39244206e+00 
 1.35000000e+00  1.48000000e+00  1.35000000e+00  1.78364919e-03  1.31828096e+00  1.91038388e+00  8.83160083e-01  1.88680238e+00  3.11450039e+01  1.51105999e+00  5.39244206e+00 
 1.36000000e+00  1.48000000e+00  1.36000000e+00  1.82834390e-03  1.31828096e+00  1.91038388e+00  8.83160083e-01  1.88680238e+00  3.11450039e+01  1.51105999e+00  5.39244206e+00 
 1.37000000e+00  1.48000000e+00  1.37000000e+00  1.87322707e-03  1.31828096e+00  1.91038388e+00  8.83160083e-01  1.88680238e+00  3.11450039e+01  1.51105999e+00  5.39244206e+00 
 1.38000000e+00  1.48000000e+00  1.38000000e+00  1.91828742e-03  1.31828096e+00  1.91038388e+00  8.83160083e-01  1.88680238e+00  3.11450039e+01  1.51105999e+00  5.39244206e+00 
 1.39000000e+00  1.48000000e+00  1.39000000e+00  1.96351390e-03  1.31828096e+00  1.91038388e+00  8.83160083e-01  1.88680238e+00  3.11450039e+01  1.51105999e+00  5.39244206e+00 
 1.40000000e+00  1.48000000e+00  1.40000000e+00  2.00889572e-03  1.31828096e+00  1.91038388e+00  8.83160083e-01  1.88680238e+00  3.11450039e+01  1.51105999e+00  5.39244206e+00 
 1.41000000e+00  1.48000000e+00  1.41000000e+00  2.05442230e-03  1.31828096e+00  1.91038388e+00  8.83160083e-01  1.88680238e+00  3.11450039e+01  1.51105999e+00  5.39244206e+00 
 1.42000000e+00  1.48000000e+00  1.42000000e+00  2.10008331e-03  1.31828096e+00  1.91038388e+00  8.83160083e-01  1.88680238e+00  3.11450039e+01  1.51105999e+00  5.39244206e+00 
 1.43000000e+00  1.48000000e+00  1.43000000e+00  2.14586863e-03  1.31828096e+00  1.91038388e+00  8.83160083e-01  1.88680238e+00  3.11450039e+01  1.51105999e+00  5.39244206e+00 
 1.44000000e+00  1.48000000e+00  1.44000000e+00  2.19176838e-03  1.31828096e+00  1.91038388e+00  8.83160083e-01  1.88680238e+00  3.11450039e+01  1.51105999e+00  5.39244206e+00 
 1.45000000e+00  1.48000000e+00  1.45000000e+00  2.23777290e-03  1.31828096e+00  1.91038388e+00  8.83160083e-01  1.88680238e+00  3.11450039e+01  1.51105999e+00  5.39244206e+00 
 1.46000000e+00  1.48000000e+00  1.46000000e+00  2.28387272e-03  1.31828096e+00  1.91038388e+00  8.83160083e-01  1.88680238e+00  3.11450039e+01  1.51105999e+00  5.39244206e+00 
 1.47000000e+00  1.48000000e+00  1.47000000e+00  2.33005861e-03  1.31828096e+00  1.91038388e+00  8.83160083e-01  1.88680238e+00  3.11450039e+01  1.51105999e+00  5.39244206e+00 
 1.48000000e+00  1.48000000e+00  1.48000000e+00  2.37632154e-03  1.31828096e+00  1.91038388e+00  8.83160083e-01  1.88680238e+00  3.11450039e+01  1.51105999e+00  5.39244206e+00 
 1.49000000e+00  1.48000000e+00  1.49000000e+00  2.42265270e-03  1.31828096e+00  1.91038388e+00  8.83160083e-01  1.88680238e+00  3.11450039e+01  1.51105999e+00  5.39244206e+00 
 1.50000000e+00  1.48000000e+00  1.50000000e+00  2.46904345e-03  1.31828096e+00  1.91038388e+00  8.83160083e-01  1.88680238e+00  3.11450039e+01  1.51105999e+00  5.39244206e+00 
 1.51000000e+00  1.48000000e+00  1.51000000e+00  2.51548536e-03  1.31828096e+00  1.91038388e+00  8.83160083e-01  1.88680238e+00  3.11450039e+01  1.51105999e+00  5.39244206e+00 
 1.52000000e+00  1.48000000e+00  1.52000000e+00  2.56197022e-03  1.31828096e+00  1.91038388e+00  8.83160083e-01  1.88680238e+00  3.11450039e+01  1.51105999e+00  5.39244206e+00 
 1.53000000e+00  1.48000000e+00  1.53000000e+00  2.60848997e-03  1.31828096e+00  1.91038388e+00  8.83160083e-01  1.88680238e+00  3.11450039e+01  1.51105999e+00  5.39244206e+00 
 1.54000000e+00  1.48000000e+00  1.54000000e+00  2.65503676e-03  1.31828096e+00  1.91038388e+00  8.83160083e-01  1.88680238e+00  3.11450039e+01  1.51105999e+00  5.39244206e+00 
 1.55000000e+00  1.48000000e+00  1.55000000e+00  2.70160290e-03  1.31828096e+00  1.91038388e+00  8.83160083e-01  1.88680238e+00  3.11450039e+01  1.51105999e+00  5.39244206e+00 
 1.56000000e+00  1.48000000e+00  1.56000000e+00  2.74818090e-03  1.31828096e+00  1.91038388e+00  8.83160083e-01  1.88680238e+00  3.11450039e+01  1.51105999e+00  5.39244206e+00 
 1.57000000e+00  1.48000000e+00  1.57000000e+00  2.79476343e-03  1.31828096e+00  1.91038388e+00  8.83160083e-01  1.88680238e+00  3.11450039e+01  1.51105999e+00  5.39244206e+00 
 1.58000000e+00  1.48000000e+00  1.58000000e+00  2.84134334e-03  1.31828096e+00  1.91038388e+00  8.83160083e-01  1.88680238e+00  3.11450039e+01  1.51105999e+00  5.39244206e+00 
 1.59000000e+00  1.48000000e+00  1.59000000e+00  2.88791363e-03  1.31828096e+00  1.91038388e+00  8.83160083e-01  1.88680238e+00  3.11450039e+01  1.51105999e+00  5.39244206e+00 
 1.60000000e+00  1.48000000e+00  1.60000000e+00  2.93446748e-03  1.31828096e+00  1.91038388e+00  8.83160083e-01  1.88680238e+00  3.11450039e+01  1.51105999e+00  5.39244206e+00 
 1.61000000e+00  1.48000000e+00  1.61000000e+00  2.98099820e-03  1.31828096e+00  1.91038388e+00  8.83160083e-01  1.88680238e+00  3.11450039e+01  1.51105999e+00  5.39244206e+00 
 1.62000000e+00  1.48000000e+00  1.62000000e+00  3.02749928e-03  1.31828096e+00  1.91038388e+00  8.83160083e-01  1.88680238e+00  3.11450039e+01  1.51105999e+00  5.39244206e+00 
 1.63000000e+00  1.48000000e+00  1.63000000e+00  3.07396435e-03  1.31828096e+00  1.91038388e+00  8.83160083e-01  1.88680238e+00  3.11450039e+01  1.51105999e+00  5.39244206e+00 
 1.64000000e+00  1.48000000e+00  1.64000000e+00  3.12038719e-03  1.31828096e+00  1.91038388e+00  8.83160083e-01  1.88680238e+00  3.11450039e+01  1.51105999e+00  5.39244206e+00 
 1.65000000e+00  1.48000000e+00  1.65000000e+00  3.16676172e-03  1.31828096e+00  1.91038388e+00  8.83160083e-01  1.88680238e+00  3.11450039e+01  1.51105999e+00  5.39244206e+00 
 1.66000000e+00  1.48000000e+00  1.66000000e+00  3.21308199e-03  1.31828096e+00  1.91038388e+00  8.83160083e-01  1.88680238e+00  3.11450039e+01  1.51105999e+00  5.39244206e+00 
 1.67000000e+00  1.48000000e+00  1.67000000e+00  3.25934220e-03  1.31828096e+00  1.91038388e+00  8.83160083e-01  1.88680238e+00  3.11450039e+01  1.51105999e+00  5.39244206e+00 
 1.68000000e+00  1.48000000e+00  1.68000000e+00  3.30553666e-03  1.31828096e+00  1.91038388e+00  8.83160083e-01  1.88680238e+00  3.11450039e+01  1.51105999e+00  5.39244206e+00 
 1.69000000e+00  1.48000000e+00  1.69000000e+00  3.35165984e-03  1.31828096e+00  1.91038388e+00  8.83160083e-01  1.88680238e+00  3.11450039e+01  1.51105999e+00  5.39244206e+00 
 1.70000000e+00  1.48000000e+00  1.70000000e+00  3.39770631e-03  1.31828096e+00  1.91038388e+00  8.83160083e-01  1.88680238e+00  3.11450039e+01  1.51105999e+00  5.39244206e+00 
 1.71000000e+00  1.48000000e+00  1.71000000e+00  3.44367077e-03  1.31828096e+00  1.91038388e+00  8.83160083e-01  1.88680238e+00  3.11450039e+01  1.51105999e+00  5.39244206e+00 
 1.72000000e+00  1.48000000e+00  1.72000000e+00  3.48954802e-03  1.31828096e+00  1.91038388e+00  8.83160083e-01  1.88680238e+00  3.11450039e+01  1.51105999e+00  5.39244206e+00 
 1.73000000e+00  1.48000000e+00  1.73000000e+00  3.53533301e-03  1.31828096e+00  1.91038388e+00  8.83160083e-01  1.88680238e+00  3.11450039e+01  1.51105999e+00  5.39244206e+00 
 1.74000000e+00  1.48000000e+00  1.74000000e+00  3.58102077e-03  1.31828096e+00  1.91038388e+00  8.83160083e-01  1.88680238e+00  3.11450039e+01  1.51105999e+00  5.39244206e+00 
 1.75000000e+00  1.48000000e+00  1.75000000e+00  3.62660644e-03  1.31828096e+00  1.91038388e+00  8.83160083e-01  1.88680238e+00  3.11450039e+01  1.51105999e+00  5.39244206e+00 
 1.76000000e+00  1.48000000e+00  1.76000000e+00  3.67208529e-03  1.31828096e+00  1.91038388e+00  8.83160083e-01  1.88680238e+00  3.11450039e+01  1.51105999e+00  5.39244206e+00 
 1.77000000e+00  1.48000000e+00  1.77000000e+00  3.71745265e-03  1.31828096e+00  1.91038388e+00  8.83160083e-01  1.88680238e+00  3.11450039e+01  1.51105999e+00  5.39244206e+00 
 1.78000000e+00  1.48000000e+00  1.78000000e+00  3.76270399e-03  1.31828096e+00  1.91038388e+00  8.83160083e-01  1.88680238e+00  3.11450039e+01  1.51105999e+00  5.39244206e+00 
 1.79000000e+00  1.48000000e+00  1.79000000e+00  3.80783485e-03  1.31828096e+00  1.91038388e+00  8.83160083e-01  1.88680238e+00  3.11450039e+01  1.51105999e+00  5.39244206e+00 
 1.80000000e+00  1.48000000e+00  1.80000000e+00  3.85284087e-03  1.31828096e+00  1.91038388e+00  8.83160083e-01  1.88680238e+00  3.11450039e+01  1.51105999e+00  5.39244206e+00 
 1.81000000e+00  1.48000000e+00  1.81000000e+00  3.89771777e-03  1.31828096e+00  1.91038388e+00  8.83160083e-01  1.88680238e+00  3.11450039e+01  1.51105999e+00  5.39244206e+00 
 1.82000000e+00  1.48000000e+00  1.82000000e+00  3.94246138e-03  1.31828096e+00  1.91038388e+00  8.83160083e-01  1.88680238e+00  3.11450039e+01  1.51105999e+00  5.39244206e+00 
 1.83000000e+00  1.48000000e+00  1.83000000e+00  3.98706759e-03  1.31828096e+00  1.91038388e+00  8.83160083e-01  1.88680238e+00  3.11450039e+01  1.51105999e+00  5.39244206e+00 
 1.84000000e+00  1.48000000e+00  1.84000000e+00  4.03153237e-03  1.31828096e+00  1.91038388e+00  8.83160083e-01  1.88680238e+00  3.11450039e+01  1.51105999e+00  5.39244206e+00 
 1.85000000e+00  1.48000000e+00  1.85000000e+00  4.07585180e-03  1.31828096e+00  1.91038388e+00  8.83160083e-01  1.88680238e+00  3.11450039e+01  1.51105999e+00  5.39244206e+00 
