 0.00000000e+00  1.48000000e+00  0.00000000e+00  1.48148160e-12  1.22647469e+00  1.80447644e+00  9.15969019e-01  1.77861704e+00  3.04988376e+01  1.42231475e+00  5.12114400e+00 
 1.00000000e-02  1.48000000e+00  1.00000000e-02  1.48148160e-12  1.22647469e+00  1.80447644e+00  9.15969019e-01  1.77861704e+00  3.04988376e+01  1.42231475e+00  5.12114400e+00 
 2.00000000e-02  1.48000000e+00  2.00000000e-02  1.48148160e-12  1.22647469e+00  1.80447644e+00  9.15969019e-01  1.77861704e+00  3.04988376e+01  1.42231475e+00  5.12114400e+00 
 3.00000000e-02  1.48000000e+00  3.00000000e-02  1.48148160e-12  1.22647469e+00  1.80447644e+00  9.15969019e-01  1.77861704e+00  3.04988376e+01  1.42231475e+00  5.12114400e+00 
 4.00000000e-02  1.48000000e+00  4.00000000e-02  1.48148160e-12  1.22647469e+00  1.80447644e+00  9.15969019e-01  1.77861704e+00  3.04988376e+01  1.42231475e+00  5.12114400e+00 
 5.00000000e-02  1.48000000e+00  5.00000000e-02  1.48148160e-12  1.22647469e+00  1.80447644e+00  9.15969019e-01  1.77861704e+00  3.04988376e+01  1.42231475e+00  5.12114400e+00 
 6.00000000e-02  1.48000000e+00  6.00000000e-02  1.48148160e-12  1.22647469e+00  1.80447644e+00  9.15969019e-01  1.77861704e+00  3.04988376e+01  1.42231475e+00  5.12114400e+00 
 7.00000000e-02  1.48000000e+00  7.00000000e-02  1.48148160e-12  1.22647469e+00  1.80447644e+00  9.15969019e-01  1.77861704e+00  3.04988376e+01  1.42231475e+00  5.12114400e+00 
 8.00000000e-02  1.48000000e+00  8.00000000e-02  1.48148160e-12  1.22647469e+00  1.80447644e+00  9.15969019e-01  1.77861704e+00  3.04988376e+01  1.42231475e+00  5.12114400e+00 
 9.00000000e-02  1.48000000e+00  9.00000000e-02  1.48148160e-12  1.22647469e+00  1.80447644e+00  9.15969019e-01  1.77861704e+00  3.04988376e+01  1.42231475e+00  5.12114400e+00 
 1.00000000e-01  1.48000000e+00  1.00000000e-01  1.48148160e-12  1.22647469e+00  1.80447644e+00  9.15969019e-01  1.77861704e+00  3.04988376e+01  1.42231475e+00  5.12114400e+00 
 1.10000000e-01  1.48000000e+00  1.10000000e-01  1.48148160e-12  1.22647469e+00  1.80447644e+00  9.15969019e-01  1.77861704e+00  3.04988376e+01  1.42231475e+00  5.12114400e+00 
 1.20000000e-01  1.48000000e+00  1.20000000e-01  1.48148160e-12  1.22647469e+00  1.80447644e+00  9.15969019e-01  1.77861704e+00  3.04988376e+01  1.42231475e+00  5.12114400e+00 
 1.30000000e-01  1.48000000e+00  1.30000000e-01  1.48148160e-12  1.22647469e+00  1.80447644e+00  9.15969019e-01  1.77861704e+00  3.04988376e+01  1.42231475e+00  5.12114400e+00 
 1.40000000e-01  1.48000000e+00  1.40000000e-01  1.48148160e-12  1.22647469e+00  1.80447644e+00  9.15969019e-01  1.77861704e+00  3.04988376e+01  1.42231475e+00  5.12114400e+00 
 1.50000000e-01  1.48000000e+00  1.50000000e-01  1.48148160e-12  1.22647469e+00  1.80447644e+00  9.15969019e-01  1.77861704e+00  3.04988376e+01  1.42231475e+00  5.12114400e+00 
 1.60000000e-01  1.48000000e+00  1.60000000e-01  1.48148160e-12  1.22647469e+00  1.80447644e+00  9.15969019e-01  1.77861704e+00  3.04988376e+01  1.42231475e+00  5.12114400e+00 
 1.70000000e-01  1.48000000e+00  1.70000000e-01  1.48148160e-12  1.22647469e+00  1.80447644e+00  9.15969019e-01  1.77861704e+00  3.04988376e+01  1.42231475e+00  5.12114400e+00 
 1.80000000e-01  1.48000000e+00  1.80000000e-01  1.48148160e-12  1.22647469e+00  1.80447644e+00  9.15969019e-01  1.77861704e+00  3.04988376e+01  1.42231475e+00  5.12114400e+00 
 1.90000000e-01  1.48000000e+00  1.90000000e-01  1.48148160e-12  1.22647469e+00  1.80447644e+00  9.15969019e-01  1.77861704e+00  3.04988376e+01  1.42231475e+00  5.12114400e+00 
 2.00000000e-01  1.48000000e+00  2.00000000e-01  1.48148160e-12  1.22647469e+00  1.80447644e+00  9.15969019e-01  1.77861704e+00  3.04988376e+01  1.42231475e+00  5.12114400e+00 
 2.10000000e-01  1.48000000e+00  2.10000000e-01  1.48148160e-12  1.22647469e+00  1.80447644e+00  9.15969019e-01  1.77861704e+00  3.04988376e+01  1.42231475e+00  5.12114400e+00 
 2.20000000e-01  1.48000000e+00  2.20000000e-01  1.48148160e-12  1.22647469e+00  1.80447644e+00  9.15969019e-01  1.77861704e+00  3.04988376e+01  1.42231475e+00  5.12114400e+00 
 2.30000000e-01  1.48000000e+00  2.30000000e-01  1.48148160e-12  1.22647469e+00  1.80447644e+00  9.15969019e-01  1.77861704e+00  3.04988376e+01  1.42231475e+00  5.12114400e+00 
 2.40000000e-01  1.48000000e+00  2.40000000e-01  1.48148160e-12  1.22647469e+00  1.80447644e+00  9.15969019e-01  1.77861704e+00  3.04988376e+01  1.42231475e+00  5.12114400e+00 
 2.50000000e-01  1.48000000e+00  2.50000000e-01  1.48148160e-12  1.22647469e+00  1.80447644e+00  9.15969019e-01  1.77861704e+00  3.04988376e+01  1.42231475e+00  5.12114400e+00 
 2.60000000e-01  1.48000000e+00  2.60000000e-01  1.48148160e-12  1.22647469e+00  1.80447644e+00  9.15969019e-01  1.77861704e+00  3.04988376e+01  1.42231475e+00  5.12114400e+00 
 2.70000000e-01  1.48000000e+00  2.70000000e-01  1.48148160e-12  1.22647469e+00  1.80447644e+00  9.15969019e-01  1.77861704e+00  3.04988376e+01  1.42231475e+00  5.12114400e+00 
 2.80000000e-01  1.48000000e+00  2.80000000e-01  1.48148160e-12  1.22647469e+00  1.80447644e+00  9.15969019e-01  1.77861704e+00  3.04988376e+01  1.42231475e+00  5.12114400e+00 
 2.90000000e-01  1.48000000e+00  2.90000000e-01  1.48148160e-12  1.22647469e+00  1.80447644e+00  9.15969019e-01  1.77861704e+00  3.04988376e+01  1.42231475e+00  5.12114400e+00 
 3.00000000e-01  1.48000000e+00  3.00000000e-01  1.48148160e-12  1.22647469e+00  1.80447644e+00  9.15969019e-01  1.77861704e+00  3.04988376e+01  1.42231475e+00  5.12114400e+00 
 3.10000000e-01  1.48000000e+00  3.10000000e-01  1.48148160e-12  1.22647469e+00  1.80447644e+00  9.15969019e-01  1.77861704e+00  3.04988376e+01  1.42231475e+00  5.12114400e+00 
 3.20000000e-01  1.48000000e+00  3.20000000e-01  1.48148160e-12  1.22647469e+00  1.80447644e+00  9.15969019e-01  1.77861704e+00  3.04988376e+01  1.42231475e+00  5.12114400e+00 
 3.30000000e-01  1.48000000e+00  3.30000000e-01  1.48148160e-12  1.22647469e+00  1.80447644e+00  9.15969019e-01  1.77861704e+00  3.04988376e+01  1.42231475e+00  5.12114400e+00 
 3.40000000e-01  1.48000000e+00  3.40000000e-01  1.48148160e-12  1.22647469e+00  1.80447644e+00  9.15969019e-01  1.77861704e+00  3.04988376e+01  1.42231475e+00  5.12114400e+00 
 3.50000000e-01  1.48000000e+00  3.50000000e-01  1.48148160e-12  1.22647469e+00  1.80447644e+00  9.15969019e-01  1.77861704e+00  3.04988376e+01  1.42231475e+00  5.12114400e+00 
 3.60000000e-01  1.48000000e+00  3.60000000e-01  1.48148160e-12  1.22647469e+00  1.80447644e+00  9.15969019e-01  1.77861704e+00  3.04988376e+01  1.42231475e+00  5.12114400e+00 
 3.70000000e-01  1.48000000e+00  3.70000000e-01  1.48148160e-12  1.22647469e+00  1.80447644e+00  9.15969019e-01  1.77861704e+00  3.04988376e+01  1.42231475e+00  5.12114400e+00 
 3.80000000e-01  1.48000000e+00  3.80000000e-01  1.48148160e-12  1.22647469e+00  1.80447644e+00  9.15969019e-01  1.77861704e+00  3.04988376e+01  1.42231475e+00  5.12114400e+00 
 3.90000000e-01  1.48000000e+00  3.90000000e-01  1.48325796e-12  1.22647469e+00  1.80447644e+00  9.15969019e-01  1.77861704e+00  3.04988376e+01  1.42231475e+00  5.12114400e+00 
 4.00000000e-01  1.48000000e+00  4.00000000e-01  1.48148160e-12  1.22647469e+00  1.80447644e+00  9.15969019e-01  1.77861704e+00  3.04988376e+01  1.42231475e+00  5.12114400e+00 
 4.10000000e-01  1.48000000e+00  4.10000000e-01  1.48503432e-12  1.22647469e+00  1.80447644e+00  9.15969019e-01  1.77861704e+00  3.04988376e+01  1.42231475e+00  5.12114400e+00 
 4.20000000e-01  1.48000000e+00  4.20000000e-01  1.49036339e-12  1.22647469e+00  1.80447644e+00  9.15969019e-01  1.77861704e+00  3.04988376e+01  1.42231475e+00  5.12114400e+00 
 4.30000000e-01  1.48000000e+00  4.30000000e-01  1.49924517e-12  1.22647469e+00  1.80447644e+00  9.15969019e-01  1.77861704e+00  3.04988376e+01  1.42231475e+00  5.12114400e+00 
 4.40000000e-01  1.48000000e+00  4.40000000e-01  1.52766688e-12  1.22647469e+00  1.80447644e+00  9.15969019e-01  1.77861704e+00  3.04988376e+01  1.42231475e+00  5.12114400e+00 
 4.50000000e-01  1.48000000e+00  4.50000000e-01  1.60049751e-12  1.22647469e+00  1.80447644e+00  9.15969019e-01  1.77861704e+00  3.04988376e+01  1.42231475e+00  5.12114400e+00 
 4.60000000e-01  1.48000000e+00  4.60000000e-01  1.78523862e-12  1.22647469e+00  1.80447644e+00  9.15969019e-01  1.77861704e+00  3.04988376e+01  1.42231475e+00  5.12114400e+00 
 4.70000000e-01  1.48000000e+00  4.70000000e-01  2.28084218e-12  1.22647469e+00  1.80447644e+00  9.15969019e-01  1.77861704e+00  3.04988376e+01  1.42231475e+00  5.12114400e+00 
 4.80000000e-01  1.48000000e+00  4.80000000e-01  3.56514818e-12  1.22647469e+00  1.80447644e+00  9.15969019e-01  1.77861704e+00  3.04988376e+01  1.42231475e+00  5.12114400e+00 
 4.90000000e-01  1.48000000e+00  4.90000000e-01  6.90825175e-12  1.22647469e+00  1.80447644e+00  9.15969019e-01  1.77861704e+00  3.04988376e+01  1.42231475e+00  5.12114400e+00 
 5.00000000e-01  1.48000000e+00  5.00000000e-01  1.55608859e-11  1.22647469e+00  1.80447644e+00  9.15969019e-01  1.77861704e+00  3.04988376e+01  1.42231475e+00  5.12114400e+00 
 5.10000000e-01  1.48000000e+00  5.10000000e-01  3.78150844e-11  1.22647469e+00  1.80447644e+00  9.15969019e-01  1.77861704e+00  3.04988376e+01  1.42231475e+00  5.12114400e+00 
 5.20000000e-01  1.48000000e+00  5.20000000e-01  9.43920497e-11  1.22647469e+00  1.80447644e+00  9.15969019e-01  1.77861704e+00  3.04988376e+01  1.42231475e+00  5.12114400e+00 
 5.30000000e-01  1.48000000e+00  5.30000000e-01  2.35766962e-10  1.22647469e+00  1.80447644e+00  9.15969019e-01  1.77861704e+00  3.04988376e+01  1.42231475e+00  5.12114400e+00 
 5.40000000e-01  1.48000000e+00  5.40000000e-01  5.80046233e-10  1.22647469e+00  1.80447644e+00  9.15969019e-01  1.77861704e+00  3.04988376e+01  1.42231475e+00  5.12114400e+00 
 5.50000000e-01  1.48000000e+00  5.50000000e-01  1.38817668e-09  1.22647469e+00  1.80447644e+00  9.15969019e-01  1.77861704e+00  3.04988376e+01  1.42231475e+00  5.12114400e+00 
 5.60000000e-01  1.48000000e+00  5.60000000e-01  3.19405302e-09  1.22647469e+00  1.80447644e+00  9.15969019e-01  1.77861704e+00  3.04988376e+01  1.42231475e+00  5.12114400e+00 
 5.70000000e-01  1.48000000e+00  5.70000000e-01  6.99359859e-09  1.22647469e+00  1.80447644e+00  9.15969019e-01  1.77861704e+00  3.04988376e+01  1.42231475e+00  5.12114400e+00 
 5.80000000e-01  1.48000000e+00  5.80000000e-01  1.44785304e-08  1.22647469e+00  1.80447644e+00  9.15969019e-01  1.77861704e+00  3.04988376e+01  1.42231475e+00  5.12114400e+00 
 5.90000000e-01  1.48000000e+00  5.90000000e-01  2.83278947e-08  1.22647469e+00  1.80447644e+00  9.15969019e-01  1.77861704e+00  3.04988376e+01  1.42231475e+00  5.12114400e+00 
 6.00000000e-01  1.48000000e+00  6.00000000e-01  5.26780735e-08  1.22647469e+00  1.80447644e+00  9.15969019e-01  1.77861704e+00  3.04988376e+01  1.42231475e+00  5.12114400e+00 
 6.10000000e-01  1.48000000e+00  6.10000000e-01  9.40094242e-08  1.22647469e+00  1.80447644e+00  9.15969019e-01  1.77861704e+00  3.04988376e+01  1.42231475e+00  5.12114400e+00 
 6.20000000e-01  1.48000000e+00  6.20000000e-01  1.62746455e-07  1.22647469e+00  1.80447644e+00  9.15969019e-01  1.77861704e+00  3.04988376e+01  1.42231475e+00  5.12114400e+00 
 6.30000000e-01  1.48000000e+00  6.30000000e-01  2.75950420e-07  1.22647469e+00  1.80447644e+00  9.15969019e-01  1.77861704e+00  3.04988376e+01  1.42231475e+00  5.12114400e+00 
 6.40000000e-01  1.48000000e+00  6.40000000e-01  4.61666026e-07  1.22647469e+00  1.80447644e+00  9.15969019e-01  1.77861704e+00  3.04988376e+01  1.42231475e+00  5.12114400e+00 
 6.50000000e-01  1.48000000e+00  6.50000000e-01  7.65586938e-07  1.22647469e+00  1.80447644e+00  9.15969019e-01  1.77861704e+00  3.04988376e+01  1.42231475e+00  5.12114400e+00 
 6.60000000e-01  1.48000000e+00  6.60000000e-01  1.26012261e-06  1.22647469e+00  1.80447644e+00  9.15969019e-01  1.77861704e+00  3.04988376e+01  1.42231475e+00  5.12114400e+00 
 6.70000000e-01  1.48000000e+00  6.70000000e-01  2.05366140e-06  1.22647469e+00  1.80447644e+00  9.15969019e-01  1.77861704e+00  3.04988376e+01  1.42231475e+00  5.12114400e+00 
 6.80000000e-01  1.48000000e+00  6.80000000e-01  3.29369122e-06  1.22647469e+00  1.80447644e+00  9.15969019e-01  1.77861704e+00  3.04988376e+01  1.42231475e+00  5.12114400e+00 
 6.90000000e-01  1.48000000e+00  6.90000000e-01  5.15534018e-06  1.22647469e+00  1.80447644e+00  9.15969019e-01  1.77861704e+00  3.04988376e+01  1.42231475e+00  5.12114400e+00 
 7.00000000e-01  1.48000000e+00  7.00000000e-01  7.81376551e-06  1.22647469e+00  1.80447644e+00  9.15969019e-01  1.77861704e+00  3.04988376e+01  1.42231475e+00  5.12114400e+00 
 7.10000000e-01  1.48000000e+00  7.10000000e-01  1.14126107e-05  1.22647469e+00  1.80447644e+00  9.15969019e-01  1.77861704e+00  3.04988376e+01  1.42231475e+00  5.12114400e+00 
 7.20000000e-01  1.48000000e+00  7.20000000e-01  1.60456889e-05  1.22647469e+00  1.80447644e+00  9.15969019e-01  1.77861704e+00  3.04988376e+01  1.42231475e+00  5.12114400e+00 
 7.30000000e-01  1.48000000e+00  7.30000000e-01  2.17579696e-05  1.22647469e+00  1.80447644e+00  9.15969019e-01  1.77861704e+00  3.04988376e+01  1.42231475e+00  5.12114400e+00 
 7.40000000e-01  1.48000000e+00  7.40000000e-01  2.85586979e-05  1.22647469e+00  1.80447644e+00  9.15969019e-01  1.77861704e+00  3.04988376e+01  1.42231475e+00  5.12114400e+00 
 7.50000000e-01  1.48000000e+00  7.50000000e-01  3.64364991e-05  1.22647469e+00  1.80447644e+00  9.15969019e-01  1.77861704e+00  3.04988376e+01  1.42231475e+00  5.12114400e+00 
 7.60000000e-01  1.48000000e+00  7.60000000e-01  4.53708106e-05  1.22647469e+00  1.80447644e+00  9.15969019e-01  1.77861704e+00  3.04988376e+01  1.42231475e+00  5.12114400e+00 
 7.70000000e-01  1.48000000e+00  7.70000000e-01  5.53386461e-05  1.22647469e+00  1.80447644e+00  9.15969019e-01  1.77861704e+00  3.04988376e+01  1.42231475e+00  5.12114400e+00 
 7.80000000e-01  1.48000000e+00  7.80000000e-01  6.63178283e-05  1.22647469e+00  1.80447644e+00  9.15969019e-01  1.77861704e+00  3.04988376e+01  1.42231475e+00  5.12114400e+00 
 7.90000000e-01  1.48000000e+00  7.90000000e-01  7.82881201e-05  1.22647469e+00  1.80447644e+00  9.15969019e-01  1.77861704e+00  3.04988376e+01  1.42231475e+00  5.12114400e+00 
 8.00000000e-01  1.48000000e+00  8.00000000e-01  9.12313073e-05  1.22647469e+00  1.80447644e+00  9.15969019e-01  1.77861704e+00  3.04988376e+01  1.42231475e+00  5.12114400e+00 
 8.10000000e-01  1.48000000e+00  8.10000000e-01  1.05130857e-04  1.22647469e+00  1.80447644e+00  9.15969019e-01  1.77861704e+00  3.04988376e+01  1.42231475e+00  5.12114400e+00 
 8.20000000e-01  1.48000000e+00  8.20000000e-01  1.19971468e-04  1.22647469e+00  1.80447644e+00  9.15969019e-01  1.77861704e+00  3.04988376e+01  1.42231475e+00  5.12114400e+00 
 8.30000000e-01  1.48000000e+00  8.30000000e-01  1.35738656e-04  1.22647469e+00  1.80447644e+00  9.15969019e-01  1.77861704e+00  3.04988376e+01  1.42231475e+00  5.12114400e+00 
 8.40000000e-01  1.48000000e+00  8.40000000e-01  1.52418413e-04  1.22647469e+00  1.80447644e+00  9.15969019e-01  1.77861704e+00  3.04988376e+01  1.42231475e+00  5.12114400e+00 
 8.50000000e-01  1.48000000e+00  8.50000000e-01  1.69996962e-04  1.22647469e+00  1.80447644e+00  9.15969019e-01  1.77861704e+00  3.04988376e+01  1.42231475e+00  5.12114400e+00 
 8.60000000e-01  1.48000000e+00  8.60000000e-01  1.88460577e-04  1.22647469e+00  1.80447644e+00  9.15969019e-01  1.77861704e+00  3.04988376e+01  1.42231475e+00  5.12114400e+00 
 8.70000000e-01  1.48000000e+00  8.70000000e-01  2.07795467e-04  1.22647469e+00  1.80447644e+00  9.15969019e-01  1.77861704e+00  3.04988376e+01  1.42231475e+00  5.12114400e+00 
 8.80000000e-01  1.48000000e+00  8.80000000e-01  2.27987701e-04  1.22647469e+00  1.80447644e+00  9.15969019e-01  1.77861704e+00  3.04988376e+01  1.42231475e+00  5.12114400e+00 
 8.90000000e-01  1.48000000e+00  8.90000000e-01  2.49023170e-04  1.22647469e+00  1.80447644e+00  9.15969019e-01  1.77861704e+00  3.04988376e+01  1.42231475e+00  5.12114400e+00 
 9.00000000e-01  1.48000000e+00  9.00000000e-01  2.70887560e-04  1.22647469e+00  1.80447644e+00  9.15969019e-01  1.77861704e+00  3.04988376e+01  1.42231475e+00  5.12114400e+00 
 9.10000000e-01  1.48000000e+00  9.10000000e-01  2.93566352e-04  1.22647469e+00  1.80447644e+00  9.15969019e-01  1.77861704e+00  3.04988376e+01  1.42231475e+00  5.12114400e+00 
 9.20000000e-01  1.48000000e+00  9.20000000e-01  3.17044827e-04  1.22647469e+00  1.80447644e+00  9.15969019e-01  1.77861704e+00  3.04988376e+01  1.42231475e+00  5.12114400e+00 
 9.30000000e-01  1.48000000e+00  9.30000000e-01  3.41308073e-04  1.22647469e+00  1.80447644e+00  9.15969019e-01  1.77861704e+00  3.04988376e+01  1.42231475e+00  5.12114400e+00 
 9.40000000e-01  1.48000000e+00  9.40000000e-01  3.66341006e-04  1.22647469e+00  1.80447644e+00  9.15969019e-01  1.77861704e+00  3.04988376e+01  1.42231475e+00  5.12114400e+00 
 9.50000000e-01  1.48000000e+00  9.50000000e-01  3.92128381e-04  1.22647469e+00  1.80447644e+00  9.15969019e-01  1.77861704e+00  3.04988376e+01  1.42231475e+00  5.12114400e+00 
 9.60000000e-01  1.48000000e+00  9.60000000e-01  4.18654820e-04  1.22647469e+00  1.80447644e+00  9.15969019e-01  1.77861704e+00  3.04988376e+01  1.42231475e+00  5.12114400e+00 
 9.70000000e-01  1.48000000e+00  9.70000000e-01  4.45904815e-04  1.22647469e+00  1.80447644e+00  9.15969019e-01  1.77861704e+00  3.04988376e+01  1.42231475e+00  5.12114400e+00 
 9.80000000e-01  1.48000000e+00  9.80000000e-01  4.73862769e-04  1.22647469e+00  1.80447644e+00  9.15969019e-01  1.77861704e+00  3.04988376e+01  1.42231475e+00  5.12114400e+00 
 9.90000000e-01  1.48000000e+00  9.90000000e-01  5.02513007e-04  1.22647469e+00  1.80447644e+00  9.15969019e-01  1.77861704e+00  3.04988376e+01  1.42231475e+00  5.12114400e+00 
 1.00000000e+00  1.48000000e+00  1.00000000e+00  5.31839796e-04  1.22647469e+00  1.80447644e+00  9.15969019e-01  1.77861704e+00  3.04988376e+01  1.42231475e+00  5.12114400e+00 
 1.01000000e+00  1.48000000e+00  1.01000000e+00  5.61827363e-04  1.22647469e+00  1.80447644e+00  9.15969019e-01  1.77861704e+00  3.04988376e+01  1.42231475e+00  5.12114400e+00 
 1.02000000e+00  1.48000000e+00  1.02000000e+00  5.92459913e-04  1.22647469e+00  1.80447644e+00  9.15969019e-01  1.77861704e+00  3.04988376e+01  1.42231475e+00  5.12114400e+00 
 1.03000000e+00  1.48000000e+00  1.03000000e+00  6.23721647e-04  1.22647469e+00  1.80447644e+00  9.15969019e-01  1.77861704e+00  3.04988376e+01  1.42231475e+00  5.12114400e+00 
 1.04000000e+00  1.48000000e+00  1.04000000e+00  6.55596778e-04  1.22647469e+00  1.80447644e+00  9.15969019e-01  1.77861704e+00  3.04988376e+01  1.42231475e+00  5.12114400e+00 
 1.05000000e+00  1.48000000e+00  1.05000000e+00  6.88069547e-04  1.22647469e+00  1.80447644e+00  9.15969019e-01  1.77861704e+00  3.04988376e+01  1.42231475e+00  5.12114400e+00 
 1.06000000e+00  1.48000000e+00  1.06000000e+00  7.21124239e-04  1.22647469e+00  1.80447644e+00  9.15969019e-01  1.77861704e+00  3.04988376e+01  1.42231475e+00  5.12114400e+00 
 1.07000000e+00  1.48000000e+00  1.07000000e+00  7.54745195e-04  1.22647469e+00  1.80447644e+00  9.15969019e-01  1.77861704e+00  3.04988376e+01  1.42231475e+00  5.12114400e+00 
 1.08000000e+00  1.48000000e+00  1.08000000e+00  7.88916827e-04  1.22647469e+00  1.80447644e+00  9.15969019e-01  1.77861704e+00  3.04988376e+01  1.42231475e+00  5.12114400e+00 
 1.09000000e+00  1.48000000e+00  1.09000000e+00  8.23623631e-04  1.22647469e+00  1.80447644e+00  9.15969019e-01  1.77861704e+00  3.04988376e+01  1.42231475e+00  5.12114400e+00 
 1.10000000e+00  1.48000000e+00  1.10000000e+00  8.58850198e-04  1.22647469e+00  1.80447644e+00  9.15969019e-01  1.77861704e+00  3.04988376e+01  1.42231475e+00  5.12114400e+00 
 1.11000000e+00  1.48000000e+00  1.11000000e+00  8.94581227e-04  1.22647469e+00  1.80447644e+00  9.15969019e-01  1.77861704e+00  3.04988376e+01  1.42231475e+00  5.12114400e+00 
 1.12000000e+00  1.48000000e+00  1.12000000e+00  9.30801533e-04  1.22647469e+00  1.80447644e+00  9.15969019e-01  1.77861704e+00  3.04988376e+01  1.42231475e+00  5.12114400e+00 
 1.13000000e+00  1.48000000e+00  1.13000000e+00  9.67496058e-04  1.22647469e+00  1.80447644e+00  9.15969019e-01  1.77861704e+00  3.04988376e+01  1.42231475e+00  5.12114400e+00 
 1.14000000e+00  1.48000000e+00  1.14000000e+00  1.00464988e-03  1.22647469e+00  1.80447644e+00  9.15969019e-01  1.77861704e+00  3.04988376e+01  1.42231475e+00  5.12114400e+00 
 1.15000000e+00  1.48000000e+00  1.15000000e+00  1.04224822e-03  1.22647469e+00  1.80447644e+00  9.15969019e-01  1.77861704e+00  3.04988376e+01  1.42231475e+00  5.12114400e+00 
 1.16000000e+00  1.48000000e+00  1.16000000e+00  1.08027646e-03  1.22647469e+00  1.80447644e+00  9.15969019e-01  1.77861704e+00  3.04988376e+01  1.42231475e+00  5.12114400e+00 
 1.17000000e+00  1.48000000e+00  1.17000000e+00  1.11872012e-03  1.22647469e+00  1.80447644e+00  9.15969019e-01  1.77861704e+00  3.04988376e+01  1.42231475e+00  5.12114400e+00 
 1.18000000e+00  1.48000000e+00  1.18000000e+00  1.15756492e-03  1.22647469e+00  1.80447644e+00  9.15969019e-01  1.77861704e+00  3.04988376e+01  1.42231475e+00  5.12114400e+00 
 1.19000000e+00  1.48000000e+00  1.19000000e+00  1.19679671e-03  1.22647469e+00  1.80447644e+00  9.15969019e-01  1.77861704e+00  3.04988376e+01  1.42231475e+00  5.12114400e+00 
 1.20000000e+00  1.48000000e+00  1.20000000e+00  1.23640155e-03  1.22647469e+00  1.80447644e+00  9.15969019e-01  1.77861704e+00  3.04988376e+01  1.42231475e+00  5.12114400e+00 
 1.21000000e+00  1.48000000e+00  1.21000000e+00  1.27636567e-03  1.22647469e+00  1.80447644e+00  9.15969019e-01  1.77861704e+00  3.04988376e+01  1.42231475e+00  5.12114400e+00 
 1.22000000e+00  1.48000000e+00  1.22000000e+00  1.31667548e-03  1.22647469e+00  1.80447644e+00  9.15969019e-01  1.77861704e+00  3.04988376e+01  1.42231475e+00  5.12114400e+00 
 1.23000000e+00  1.48000000e+00  1.23000000e+00  1.35731758e-03  1.22647469e+00  1.80447644e+00  9.15969019e-01  1.77861704e+00  3.04988376e+01  1.42231475e+00  5.12114400e+00 
 1.24000000e+00  1.48000000e+00  1.24000000e+00  1.39827879e-03  1.22647469e+00  1.80447644e+00  9.15969019e-01  1.77861704e+00  3.04988376e+01  1.42231475e+00  5.12114400e+00 
 1.25000000e+00  1.48000000e+00  1.25000000e+00  1.43954608e-03  1.22647469e+00  1.80447644e+00  9.15969019e-01  1.77861704e+00  3.04988376e+01  1.42231475e+00  5.12114400e+00 
 1.26000000e+00  1.48000000e+00  1.26000000e+00  1.48110665e-03  1.22647469e+00  1.80447644e+00  9.15969019e-01  1.77861704e+00  3.04988376e+01  1.42231475e+00  5.12114400e+00 
 1.27000000e+00  1.48000000e+00  1.27000000e+00  1.52294790e-03  1.22647469e+00  1.80447644e+00  9.15969019e-01  1.77861704e+00  3.04988376e+01  1.42231475e+00  5.12114400e+00 
 1.28000000e+00  1.48000000e+00  1.28000000e+00  1.56505742e-03  1.22647469e+00  1.80447644e+00  9.15969019e-01  1.77861704e+00  3.04988376e+01  1.42231475e+00  5.12114400e+00 
 1.29000000e+00  1.48000000e+00  1.29000000e+00  1.60742300e-03  1.22647469e+00  1.80447644e+00  9.15969019e-01  1.77861704e+00  3.04988376e+01  1.42231475e+00  5.12114400e+00 
 1.30000000e+00  1.48000000e+00  1.30000000e+00  1.65003264e-03  1.22647469e+00  1.80447644e+00  9.15969019e-01  1.77861704e+00  3.04988376e+01  1.42231475e+00  5.12114400e+00 
 1.31000000e+00  1.48000000e+00  1.31000000e+00  1.69287455e-03  1.22647469e+00  1.80447644e+00  9.15969019e-01  1.77861704e+00  3.04988376e+01  1.42231475e+00  5.12114400e+00 
 1.32000000e+00  1.48000000e+00  1.32000000e+00  1.73593713e-03  1.22647469e+00  1.80447644e+00  9.15969019e-01  1.77861704e+00  3.04988376e+01  1.42231475e+00  5.12114400e+00 
 1.33000000e+00  1.48000000e+00  1.33000000e+00  1.77920900e-03  1.22647469e+00  1.80447644e+00  9.15969019e-01  1.77861704e+00  3.04988376e+01  1.42231475e+00  5.12114400e+00 
 1.34000000e+00  1.48000000e+00  1.34000000e+00  1.82267898e-03  1.22647469e+00  1.80447644e+00  9.15969019e-01  1.77861704e+00  3.04988376e+01  1.42231475e+00  5.12114400e+00 
 1.35000000e+00  1.48000000e+00  1.35000000e+00  1.86633608e-03  1.22647469e+00  1.80447644e+00  9.15969019e-01  1.77861704e+00  3.04988376e+01  1.42231475e+00  5.12114400e+00 
 1.36000000e+00  1.48000000e+00  1.36000000e+00  1.91016953e-03  1.22647469e+00  1.80447644e+00  9.15969019e-01  1.77861704e+00  3.04988376e+01  1.42231475e+00  5.12114400e+00 
 1.37000000e+00  1.48000000e+00  1.37000000e+00  1.95416875e-03  1.22647469e+00  1.80447644e+00  9.15969019e-01  1.77861704e+00  3.04988376e+01  1.42231475e+00  5.12114400e+00 
 1.38000000e+00  1.48000000e+00  1.38000000e+00  1.99832336e-03  1.22647469e+00  1.80447644e+00  9.15969019e-01  1.77861704e+00  3.04988376e+01  1.42231475e+00  5.12114400e+00 
 1.39000000e+00  1.48000000e+00  1.39000000e+00  2.04262319e-03  1.22647469e+00  1.80447644e+00  9.15969019e-01  1.77861704e+00  3.04988376e+01  1.42231475e+00  5.12114400e+00 
 1.40000000e+00  1.48000000e+00  1.40000000e+00  2.08705825e-03  1.22647469e+00  1.80447644e+00  9.15969019e-01  1.77861704e+00  3.04988376e+01  1.42231475e+00  5.12114400e+00 
 1.41000000e+00  1.48000000e+00  1.41000000e+00  2.13161876e-03  1.22647469e+00  1.80447644e+00  9.15969019e-01  1.77861704e+00  3.04988376e+01  1.42231475e+00  5.12114400e+00 
 1.42000000e+00  1.48000000e+00  1.42000000e+00  2.17629512e-03  1.22647469e+00  1.80447644e+00  9.15969019e-01  1.77861704e+00  3.04988376e+01  1.42231475e+00  5.12114400e+00 
 1.43000000e+00  1.48000000e+00  1.43000000e+00  2.22107794e-03  1.22647469e+00  1.80447644e+00  9.15969019e-01  1.77861704e+00  3.04988376e+01  1.42231475e+00  5.12114400e+00 
 1.44000000e+00  1.48000000e+00  1.44000000e+00  2.26595799e-03  1.22647469e+00  1.80447644e+00  9.15969019e-01  1.77861704e+00  3.04988376e+01  1.42231475e+00  5.12114400e+00 
 1.45000000e+00  1.48000000e+00  1.45000000e+00  2.31092626e-03  1.22647469e+00  1.80447644e+00  9.15969019e-01  1.77861704e+00  3.04988376e+01  1.42231475e+00  5.12114400e+00 
 1.46000000e+00  1.48000000e+00  1.46000000e+00  2.35597389e-03  1.22647469e+00  1.80447644e+00  9.15969019e-01  1.77861704e+00  3.04988376e+01  1.42231475e+00  5.12114400e+00 
 1.47000000e+00  1.48000000e+00  1.47000000e+00  2.40109223e-03  1.22647469e+00  1.80447644e+00  9.15969019e-01  1.77861704e+00  3.04988376e+01  1.42231475e+00  5.12114400e+00 
 1.48000000e+00  1.48000000e+00  1.48000000e+00  2.44627279e-03  1.22647469e+00  1.80447644e+00  9.15969019e-01  1.77861704e+00  3.04988376e+01  1.42231475e+00  5.12114400e+00 
 1.49000000e+00  1.48000000e+00  1.49000000e+00  2.49150726e-03  1.22647469e+00  1.80447644e+00  9.15969019e-01  1.77861704e+00  3.04988376e+01  1.42231475e+00  5.12114400e+00 
 1.50000000e+00  1.48000000e+00  1.50000000e+00  2.53678752e-03  1.22647469e+00  1.80447644e+00  9.15969019e-01  1.77861704e+00  3.04988376e+01  1.42231475e+00  5.12114400e+00 
 1.51000000e+00  1.48000000e+00  1.51000000e+00  2.58210558e-03  1.22647469e+00  1.80447644e+00  9.15969019e-01  1.77861704e+00  3.04988376e+01  1.42231475e+00  5.12114400e+00 
 1.52000000e+00  1.48000000e+00  1.52000000e+00  2.62745367e-03  1.22647469e+00  1.80447644e+00  9.15969019e-01  1.77861704e+00  3.04988376e+01  1.42231475e+00  5.12114400e+00 
 1.53000000e+00  1.48000000e+00  1.53000000e+00  2.67282414e-03  1.22647469e+00  1.80447644e+00  9.15969019e-01  1.77861704e+00  3.04988376e+01  1.42231475e+00  5.12114400e+00 
 1.54000000e+00  1.48000000e+00  1.54000000e+00  2.71820952e-03  1.22647469e+00  1.80447644e+00  9.15969019e-01  1.77861704e+00  3.04988376e+01  1.42231475e+00  5.12114400e+00 
 1.55000000e+00  1.48000000e+00  1.55000000e+00  2.76360250e-03  1.22647469e+00  1.80447644e+00  9.15969019e-01  1.77861704e+00  3.04988376e+01  1.42231475e+00  5.12114400e+00 
 1.56000000e+00  1.48000000e+00  1.56000000e+00  2.80899592e-03  1.22647469e+00  1.80447644e+00  9.15969019e-01  1.77861704e+00  3.04988376e+01  1.42231475e+00  5.12114400e+00 
 1.57000000e+00  1.48000000e+00  1.57000000e+00  2.85438278e-03  1.22647469e+00  1.80447644e+00  9.15969019e-01  1.77861704e+00  3.04988376e+01  1.42231475e+00  5.12114400e+00 
 1.58000000e+00  1.48000000e+00  1.58000000e+00  2.89975622e-03  1.22647469e+00  1.80447644e+00  9.15969019e-01  1.77861704e+00  3.04988376e+01  1.42231475e+00  5.12114400e+00 
 1.59000000e+00  1.48000000e+00  1.59000000e+00  2.94510953e-03  1.22647469e+00  1.80447644e+00  9.15969019e-01  1.77861704e+00  3.04988376e+01  1.42231475e+00  5.12114400e+00 
 1.60000000e+00  1.48000000e+00  1.60000000e+00  2.99043614e-03  1.22647469e+00  1.80447644e+00  9.15969019e-01  1.77861704e+00  3.04988376e+01  1.42231475e+00  5.12114400e+00 
 1.61000000e+00  1.48000000e+00  1.61000000e+00  3.03572963e-03  1.22647469e+00  1.80447644e+00  9.15969019e-01  1.77861704e+00  3.04988376e+01  1.42231475e+00  5.12114400e+00 
 1.62000000e+00  1.48000000e+00  1.62000000e+00  3.08098370e-03  1.22647469e+00  1.80447644e+00  9.15969019e-01  1.77861704e+00  3.04988376e+01  1.42231475e+00  5.12114400e+00 
 1.63000000e+00  1.48000000e+00  1.63000000e+00  3.12619220e-03  1.22647469e+00  1.80447644e+00  9.15969019e-01  1.77861704e+00  3.04988376e+01  1.42231475e+00  5.12114400e+00 
 1.64000000e+00  1.48000000e+00  1.64000000e+00  3.17134911e-03  1.22647469e+00  1.80447644e+00  9.15969019e-01  1.77861704e+00  3.04988376e+01  1.42231475e+00  5.12114400e+00 
 1.65000000e+00  1.48000000e+00  1.65000000e+00  3.21644852e-03  1.22647469e+00  1.80447644e+00  9.15969019e-01  1.77861704e+00  3.04988376e+01  1.42231475e+00  5.12114400e+00 
 1.66000000e+00  1.48000000e+00  1.66000000e+00  3.26148466e-03  1.22647469e+00  1.80447644e+00  9.15969019e-01  1.77861704e+00  3.04988376e+01  1.42231475e+00  5.12114400e+00 
 1.67000000e+00  1.48000000e+00  1.67000000e+00  3.30645187e-03  1.22647469e+00  1.80447644e+00  9.15969019e-01  1.77861704e+00  3.04988376e+01  1.42231475e+00  5.12114400e+00 
 1.68000000e+00  1.48000000e+00  1.68000000e+00  3.35134464e-03  1.22647469e+00  1.80447644e+00  9.15969019e-01  1.77861704e+00  3.04988376e+01  1.42231475e+00  5.12114400e+00 
 1.69000000e+00  1.48000000e+00  1.69000000e+00  3.39615753e-03  1.22647469e+00  1.80447644e+00  9.15969019e-01  1.77861704e+00  3.04988376e+01  1.42231475e+00  5.12114400e+00 
 1.70000000e+00  1.48000000e+00  1.70000000e+00  3.44088524e-03  1.22647469e+00  1.80447644e+00  9.15969019e-01  1.77861704e+00  3.04988376e+01  1.42231475e+00  5.12114400e+00 
 1.71000000e+00  1.48000000e+00  1.71000000e+00  3.48552258e-03  1.22647469e+00  1.80447644e+00  9.15969019e-01  1.77861704e+00  3.04988376e+01  1.42231475e+00  5.12114400e+00 
 1.72000000e+00  1.48000000e+00  1.72000000e+00  3.53006446e-03  1.22647469e+00  1.80447644e+00  9.15969019e-01  1.77861704e+00  3.04988376e+01  1.42231475e+00  5.12114400e+00 
 1.73000000e+00  1.48000000e+00  1.73000000e+00  3.57450589e-03  1.22647469e+00  1.80447644e+00  9.15969019e-01  1.77861704e+00  3.04988376e+01  1.42231475e+00  5.12114400e+00 
 1.74000000e+00  1.48000000e+00  1.74000000e+00  3.61884199e-03  1.22647469e+00  1.80447644e+00  9.15969019e-01  1.77861704e+00  3.04988376e+01  1.42231475e+00  5.12114400e+00 
 1.75000000e+00  1.48000000e+00  1.75000000e+00  3.66306797e-03  1.22647469e+00  1.80447644e+00  9.15969019e-01  1.77861704e+00  3.04988376e+01  1.42231475e+00  5.12114400e+00 
 1.76000000e+00  1.48000000e+00  1.76000000e+00  3.70717915e-03  1.22647469e+00  1.80447644e+00  9.15969019e-01  1.77861704e+00  3.04988376e+01  1.42231475e+00  5.12114400e+00 
 1.77000000e+00  1.48000000e+00  1.77000000e+00  3.75117093e-03  1.22647469e+00  1.80447644e+00  9.15969019e-01  1.77861704e+00  3.04988376e+01  1.42231475e+00  5.12114400e+00 
 1.78000000e+00  1.48000000e+00  1.78000000e+00  3.79503880e-03  1.22647469e+00  1.80447644e+00  9.15969019e-01  1.77861704e+00  3.04988376e+01  1.42231475e+00  5.12114400e+00 
 1.79000000e+00  1.48000000e+00  1.79000000e+00  3.83877834e-03  1.22647469e+00  1.80447644e+00  9.15969019e-01  1.77861704e+00  3.04988376e+01  1.42231475e+00  5.12114400e+00 
 1.80000000e+00  1.48000000e+00  1.80000000e+00  3.88238522e-03  1.22647469e+00  1.80447644e+00  9.15969019e-01  1.77861704e+00  3.04988376e+01  1.42231475e+00  5.12114400e+00 
 1.81000000e+00  1.48000000e+00  1.81000000e+00  3.92585519e-03  1.22647469e+00  1.80447644e+00  9.15969019e-01  1.77861704e+00  3.04988376e+01  1.42231475e+00  5.12114400e+00 
 1.82000000e+00  1.48000000e+00  1.82000000e+00  3.96918408e-03  1.22647469e+00  1.80447644e+00  9.15969019e-01  1.77861704e+00  3.04988376e+01  1.42231475e+00  5.12114400e+00 
 1.83000000e+00  1.48000000e+00  1.83000000e+00  4.01236778e-03  1.22647469e+00  1.80447644e+00  9.15969019e-01  1.77861704e+00  3.04988376e+01  1.42231475e+00  5.12114400e+00 
 1.84000000e+00  1.48000000e+00  1.84000000e+00  4.05540229e-03  1.22647469e+00  1.80447644e+00  9.15969019e-01  1.77861704e+00  3.04988376e+01  1.42231475e+00  5.12114400e+00 
 1.85000000e+00  1.48000000e+00  1.85000000e+00  4.09828365e-03  1.22647469e+00  1.80447644e+00  9.15969019e-01  1.77861704e+00  3.04988376e+01  1.42231475e+00  5.12114400e+00 
