 0.00000000e+00  0.00000000e+00  1.48000000e+00  3.98463192e-19  1.16794032e+00  1.82687854e+00  1.03766257e+00  1.85800174e+00  3.00590893e+01  1.28765475e+00  5.22544486e+00 
 1.00000000e-02  1.00000000e-02  1.48000000e+00  4.78325750e-05  1.16794032e+00  1.82687854e+00  1.03766257e+00  1.85800174e+00  3.00590893e+01  1.28765475e+00  5.22544486e+00 
 2.00000000e-02  2.00000000e-02  1.48000000e+00  9.51946270e-05  1.16794032e+00  1.82687854e+00  1.03766257e+00  1.85800174e+00  3.00590893e+01  1.28765475e+00  5.22544486e+00 
 3.00000000e-02  3.00000000e-02  1.48000000e+00  1.42083977e-04  1.16794032e+00  1.82687854e+00  1.03766257e+00  1.85800174e+00  3.00590893e+01  1.28765475e+00  5.22544486e+00 
 4.00000000e-02  4.00000000e-02  1.48000000e+00  1.88498426e-04  1.16794032e+00  1.82687854e+00  1.03766257e+00  1.85800174e+00  3.00590893e+01  1.28765475e+00  5.22544486e+00 
 5.00000000e-02  5.00000000e-02  1.48000000e+00  2.34435753e-04  1.16794032e+00  1.82687854e+00  1.03766257e+00  1.85800174e+00  3.00590893e+01  1.28765475e+00  5.22544486e+00 
 6.00000000e-02  6.00000000e-02  1.48000000e+00  2.79893717e-04  1.16794032e+00  1.82687854e+00  1.03766257e+00  1.85800174e+00  3.00590893e+01  1.28765475e+00  5.22544486e+00 
 7.00000000e-02  7.00000000e-02  1.48000000e+00  3.24870053e-04  1.16794032e+00  1.82687854e+00  1.03766257e+00  1.85800174e+00  3.00590893e+01  1.28765475e+00  5.22544486e+00 
 8.00000000e-02  8.00000000e-02  1.48000000e+00  3.69362476e-04  1.16794032e+00  1.82687854e+00  1.03766257e+00  1.85800174e+00  3.00590893e+01  1.28765475e+00  5.22544486e+00 
 9.00000000e-02  9.00000000e-02  1.48000000e+00  4.13368678e-04  1.16794032e+00  1.82687854e+00  1.03766257e+00  1.85800174e+00  3.00590893e+01  1.28765475e+00  5.22544486e+00 
 1.00000000e-01  1.00000000e-01  1.48000000e+00  4.56886331e-04  1.16794032e+00  1.82687854e+00  1.03766257e+00  1.85800174e+00  3.00590893e+01  1.28765475e+00  5.22544486e+00 
 1.10000000e-01  1.10000000e-01  1.48000000e+00  4.99913084e-04  1.16794032e+00  1.82687854e+00  1.03766257e+00  1.85800174e+00  3.00590893e+01  1.28765475e+00  5.22544486e+00 
 1.20000000e-01  1.20000000e-01  1.48000000e+00  5.42446564e-04  1.16794032e+00  1.82687854e+00  1.03766257e+00  1.85800174e+00  3.00590893e+01  1.28765475e+00  5.22544486e+00 
 1.30000000e-01  1.30000000e-01  1.48000000e+00  5.84484377e-04  1.16794032e+00  1.82687854e+00  1.03766257e+00  1.85800174e+00  3.00590893e+01  1.28765475e+00  5.22544486e+00 
 1.40000000e-01  1.40000000e-01  1.48000000e+00  6.26024111e-04  1.16794032e+00  1.82687854e+00  1.03766257e+00  1.85800174e+00  3.00590893e+01  1.28765475e+00  5.22544486e+00 
 1.50000000e-01  1.50000000e-01  1.48000000e+00  6.67063333e-04  1.16794032e+00  1.82687854e+00  1.03766257e+00  1.85800174e+00  3.00590893e+01  1.28765475e+00  5.22544486e+00 
 1.60000000e-01  1.60000000e-01  1.48000000e+00  7.07599590e-04  1.16794032e+00  1.82687854e+00  1.03766257e+00  1.85800174e+00  3.00590893e+01  1.28765475e+00  5.22544486e+00 
 1.70000000e-01  1.70000000e-01  1.48000000e+00  7.47630417e-04  1.16794032e+00  1.82687854e+00  1.03766257e+00  1.85800174e+00  3.00590893e+01  1.28765475e+00  5.22544486e+00 
 1.80000000e-01  1.80000000e-01  1.48000000e+00  7.87153329e-04  1.16794032e+00  1.82687854e+00  1.03766257e+00  1.85800174e+00  3.00590893e+01  1.28765475e+00  5.22544486e+00 
 1.90000000e-01  1.90000000e-01  1.48000000e+00  8.26165833e-04  1.16794032e+00  1.82687854e+00  1.03766257e+00  1.85800174e+00  3.00590893e+01  1.28765475e+00  5.22544486e+00 
 2.00000000e-01  2.00000000e-01  1.48000000e+00  8.64665422e-04  1.16794032e+00  1.82687854e+00  1.03766257e+00  1.85800174e+00  3.00590893e+01  1.28765475e+00  5.22544486e+00 
 2.10000000e-01  2.10000000e-01  1.48000000e+00  9.02649585e-04  1.16794032e+00  1.82687854e+00  1.03766257e+00  1.85800174e+00  3.00590893e+01  1.28765475e+00  5.22544486e+00 
 2.20000000e-01  2.20000000e-01  1.48000000e+00  9.40115809e-04  1.16794032e+00  1.82687854e+00  1.03766257e+00  1.85800174e+00  3.00590893e+01  1.28765475e+00  5.22544486e+00 
 2.30000000e-01  2.30000000e-01  1.48000000e+00  9.77061579e-04  1.16794032e+00  1.82687854e+00  1.03766257e+00  1.85800174e+00  3.00590893e+01  1.28765475e+00  5.22544486e+00 
 2.40000000e-01  2.40000000e-01  1.48000000e+00  1.01348439e-03  1.16794032e+00  1.82687854e+00  1.03766257e+00  1.85800174e+00  3.00590893e+01  1.28765475e+00  5.22544486e+00 
 2.50000000e-01  2.50000000e-01  1.48000000e+00  1.04938175e-03  1.16794032e+00  1.82687854e+00  1.03766257e+00  1.85800174e+00  3.00590893e+01  1.28765475e+00  5.22544486e+00 
 2.60000000e-01  2.60000000e-01  1.48000000e+00  1.08475118e-03  1.16794032e+00  1.82687854e+00  1.03766257e+00  1.85800174e+00  3.00590893e+01  1.28765475e+00  5.22544486e+00 
 2.70000000e-01  2.70000000e-01  1.48000000e+00  1.11959023e-03  1.16794032e+00  1.82687854e+00  1.03766257e+00  1.85800174e+00  3.00590893e+01  1.28765475e+00  5.22544486e+00 
 2.80000000e-01  2.80000000e-01  1.48000000e+00  1.15389650e-03  1.16794032e+00  1.82687854e+00  1.03766257e+00  1.85800174e+00  3.00590893e+01  1.28765475e+00  5.22544486e+00 
 2.90000000e-01  2.90000000e-01  1.48000000e+00  1.18766762e-03  1.16794032e+00  1.82687854e+00  1.03766257e+00  1.85800174e+00  3.00590893e+01  1.28765475e+00  5.22544486e+00 
 3.00000000e-01  3.00000000e-01  1.48000000e+00  1.22090129e-03  1.16794032e+00  1.82687854e+00  1.03766257e+00  1.85800174e+00  3.00590893e+01  1.28765475e+00  5.22544486e+00 
 3.10000000e-01  3.10000000e-01  1.48000000e+00  1.25359526e-03  1.16794032e+00  1.82687854e+00  1.03766257e+00  1.85800174e+00  3.00590893e+01  1.28765475e+00  5.22544486e+00 
 3.20000000e-01  3.20000000e-01  1.48000000e+00  1.28574738e-03  1.16794032e+00  1.82687854e+00  1.03766257e+00  1.85800174e+00  3.00590893e+01  1.28765475e+00  5.22544486e+00 
 3.30000000e-01  3.30000000e-01  1.48000000e+00  1.31735561e-03  1.16794032e+00  1.82687854e+00  1.03766257e+00  1.85800174e+00  3.00590893e+01  1.28765475e+00  5.22544486e+00 
 3.40000000e-01  3.40000000e-01  1.48000000e+00  1.34841799e-03  1.16794032e+00  1.82687854e+00  1.03766257e+00  1.85800174e+00  3.00590893e+01  1.28765475e+00  5.22544486e+00 
 3.50000000e-01  3.50000000e-01  1.48000000e+00  1.37893273e-03  1.16794032e+00  1.82687854e+00  1.03766257e+00  1.85800174e+00  3.00590893e+01  1.28765475e+00  5.22544486e+00 
 3.60000000e-01  3.60000000e-01  1.48000000e+00  1.40889819e-03  1.16794032e+00  1.82687854e+00  1.03766257e+00  1.85800174e+00  3.00590893e+01  1.28765475e+00  5.22544486e+00 
 3.70000000e-01  3.70000000e-01  1.48000000e+00  1.43831290e-03  1.16794032e+00  1.82687854e+00  1.03766257e+00  1.85800174e+00  3.00590893e+01  1.28765475e+00  5.22544486e+00 
 3.80000000e-01  3.80000000e-01  1.48000000e+00  1.46717558e-03  1.16794032e+00  1.82687854e+00  1.03766257e+00  1.85800174e+00  3.00590893e+01  1.28765475e+00  5.22544486e+00 
 3.90000000e-01  3.90000000e-01  1.48000000e+00  1.49548519e-03  1.16794032e+00  1.82687854e+00  1.03766257e+00  1.85800174e+00  3.00590893e+01  1.28765475e+00  5.22544486e+00 
 4.00000000e-01  4.00000000e-01  1.48000000e+00  1.52324095e-03  1.16794032e+00  1.82687854e+00  1.03766257e+00  1.85800174e+00  3.00590893e+01  1.28765475e+00  5.22544486e+00 
 4.10000000e-01  4.10000000e-01  1.48000000e+00  1.55044235e-03  1.16794032e+00  1.82687854e+00  1.03766257e+00  1.85800174e+00  3.00590893e+01  1.28765475e+00  5.22544486e+00 
 4.20000000e-01  4.20000000e-01  1.48000000e+00  1.57708919e-03  1.16794032e+00  1.82687854e+00  1.03766257e+00  1.85800174e+00  3.00590893e+01  1.28765475e+00  5.22544486e+00 
 4.30000000e-01  4.30000000e-01  1.48000000e+00  1.60318161e-03  1.16794032e+00  1.82687854e+00  1.03766257e+00  1.85800174e+00  3.00590893e+01  1.28765475e+00  5.22544486e+00 
 4.40000000e-01  4.40000000e-01  1.48000000e+00  1.62872012e-03  1.16794032e+00  1.82687854e+00  1.03766257e+00  1.85800174e+00  3.00590893e+01  1.28765475e+00  5.22544486e+00 
 4.50000000e-01  4.50000000e-01  1.48000000e+00  1.65370563e-03  1.16794032e+00  1.82687854e+00  1.03766257e+00  1.85800174e+00  3.00590893e+01  1.28765475e+00  5.22544486e+00 
 4.60000000e-01  4.60000000e-01  1.48000000e+00  1.67813947e-03  1.16794032e+00  1.82687854e+00  1.03766257e+00  1.85800174e+00  3.00590893e+01  1.28765475e+00  5.22544486e+00 
 4.70000000e-01  4.70000000e-01  1.48000000e+00  1.70202346e-03  1.16794032e+00  1.82687854e+00  1.03766257e+00  1.85800174e+00  3.00590893e+01  1.28765475e+00  5.22544486e+00 
 4.80000000e-01  4.80000000e-01  1.48000000e+00  1.72535987e-03  1.16794032e+00  1.82687854e+00  1.03766257e+00  1.85800174e+00  3.00590893e+01  1.28765475e+00  5.22544486e+00 
 4.90000000e-01  4.90000000e-01  1.48000000e+00  1.74815150e-03  1.16794032e+00  1.82687854e+00  1.03766257e+00  1.85800174e+00  3.00590893e+01  1.28765475e+00  5.22544486e+00 
 5.00000000e-01  5.00000000e-01  1.48000000e+00  1.77040167e-03  1.16794032e+00  1.82687854e+00  1.03766257e+00  1.85800174e+00  3.00590893e+01  1.28765475e+00  5.22544486e+00 
 5.10000000e-01  5.10000000e-01  1.48000000e+00  1.79211429e-03  1.16794032e+00  1.82687854e+00  1.03766257e+00  1.85800174e+00  3.00590893e+01  1.28765475e+00  5.22544486e+00 
 5.20000000e-01  5.20000000e-01  1.48000000e+00  1.81329380e-03  1.16794032e+00  1.82687854e+00  1.03766257e+00  1.85800174e+00  3.00590893e+01  1.28765475e+00  5.22544486e+00 
 5.30000000e-01  5.30000000e-01  1.48000000e+00  1.83394525e-03  1.16794032e+00  1.82687854e+00  1.03766257e+00  1.85800174e+00  3.00590893e+01  1.28765475e+00  5.22544486e+00 
 5.40000000e-01  5.40000000e-01  1.48000000e+00  1.85407426e-03  1.16794032e+00  1.82687854e+00  1.03766257e+00  1.85800174e+00  3.00590893e+01  1.28765475e+00  5.22544486e+00 
 5.50000000e-01  5.50000000e-01  1.48000000e+00  1.87368706e-03  1.16794032e+00  1.82687854e+00  1.03766257e+00  1.85800174e+00  3.00590893e+01  1.28765475e+00  5.22544486e+00 
 5.60000000e-01  5.60000000e-01  1.48000000e+00  1.89279044e-03  1.16794032e+00  1.82687854e+00  1.03766257e+00  1.85800174e+00  3.00590893e+01  1.28765475e+00  5.22544486e+00 
 5.70000000e-01  5.70000000e-01  1.48000000e+00  1.91139179e-03  1.16794032e+00  1.82687854e+00  1.03766257e+00  1.85800174e+00  3.00590893e+01  1.28765475e+00  5.22544486e+00 
 5.80000000e-01  5.80000000e-01  1.48000000e+00  1.92949905e-03  1.16794032e+00  1.82687854e+00  1.03766257e+00  1.85800174e+00  3.00590893e+01  1.28765475e+00  5.22544486e+00 
 5.90000000e-01  5.90000000e-01  1.48000000e+00  1.94712070e-03  1.16794032e+00  1.82687854e+00  1.03766257e+00  1.85800174e+00  3.00590893e+01  1.28765475e+00  5.22544486e+00 
 6.00000000e-01  6.00000000e-01  1.48000000e+00  1.96426573e-03  1.16794032e+00  1.82687854e+00  1.03766257e+00  1.85800174e+00  3.00590893e+01  1.28765475e+00  5.22544486e+00 
 6.10000000e-01  6.10000000e-01  1.48000000e+00  1.98094361e-03  1.16794032e+00  1.82687854e+00  1.03766257e+00  1.85800174e+00  3.00590893e+01  1.28765475e+00  5.22544486e+00 
 6.20000000e-01  6.20000000e-01  1.48000000e+00  1.99716424e-03  1.16794032e+00  1.82687854e+00  1.03766257e+00  1.85800174e+00  3.00590893e+01  1.28765475e+00  5.22544486e+00 
 6.30000000e-01  6.30000000e-01  1.48000000e+00  2.01293793e-03  1.16794032e+00  1.82687854e+00  1.03766257e+00  1.85800174e+00  3.00590893e+01  1.28765475e+00  5.22544486e+00 
 6.40000000e-01  6.40000000e-01  1.48000000e+00  2.02827534e-03  1.16794032e+00  1.82687854e+00  1.03766257e+00  1.85800174e+00  3.00590893e+01  1.28765475e+00  5.22544486e+00 
 6.50000000e-01  6.50000000e-01  1.48000000e+00  2.04318744e-03  1.16794032e+00  1.82687854e+00  1.03766257e+00  1.85800174e+00  3.00590893e+01  1.28765475e+00  5.22544486e+00 
 6.60000000e-01  6.60000000e-01  1.48000000e+00  2.05768546e-03  1.16794032e+00  1.82687854e+00  1.03766257e+00  1.85800174e+00  3.00590893e+01  1.28765475e+00  5.22544486e+00 
 6.70000000e-01  6.70000000e-01  1.48000000e+00  2.07178082e-03  1.16794032e+00  1.82687854e+00  1.03766257e+00  1.85800174e+00  3.00590893e+01  1.28765475e+00  5.22544486e+00 
 6.80000000e-01  6.80000000e-01  1.48000000e+00  2.08548511e-03  1.16794032e+00  1.82687854e+00  1.03766257e+00  1.85800174e+00  3.00590893e+01  1.28765475e+00  5.22544486e+00 
 6.90000000e-01  6.90000000e-01  1.48000000e+00  2.09881004e-03  1.16794032e+00  1.82687854e+00  1.03766257e+00  1.85800174e+00  3.00590893e+01  1.28765475e+00  5.22544486e+00 
 7.00000000e-01  7.00000000e-01  1.48000000e+00  2.11176733e-03  1.16794032e+00  1.82687854e+00  1.03766257e+00  1.85800174e+00  3.00590893e+01  1.28765475e+00  5.22544486e+00 
 7.10000000e-01  7.10000000e-01  1.48000000e+00  2.12436876e-03  1.16794032e+00  1.82687854e+00  1.03766257e+00  1.85800174e+00  3.00590893e+01  1.28765475e+00  5.22544486e+00 
 7.20000000e-01  7.20000000e-01  1.48000000e+00  2.13662605e-03  1.16794032e+00  1.82687854e+00  1.03766257e+00  1.85800174e+00  3.00590893e+01  1.28765475e+00  5.22544486e+00 
 7.30000000e-01  7.30000000e-01  1.48000000e+00  2.14855085e-03  1.16794032e+00  1.82687854e+00  1.03766257e+00  1.85800174e+00  3.00590893e+01  1.28765475e+00  5.22544486e+00 
 7.40000000e-01  7.40000000e-01  1.48000000e+00  2.16015467e-03  1.16794032e+00  1.82687854e+00  1.03766257e+00  1.85800174e+00  3.00590893e+01  1.28765475e+00  5.22544486e+00 
 7.50000000e-01  7.50000000e-01  1.48000000e+00  2.17144891e-03  1.16794032e+00  1.82687854e+00  1.03766257e+00  1.85800174e+00  3.00590893e+01  1.28765475e+00  5.22544486e+00 
 7.60000000e-01  7.60000000e-01  1.48000000e+00  2.18244477e-03  1.16794032e+00  1.82687854e+00  1.03766257e+00  1.85800174e+00  3.00590893e+01  1.28765475e+00  5.22544486e+00 
 7.70000000e-01  7.70000000e-01  1.48000000e+00  2.19315321e-03  1.16794032e+00  1.82687854e+00  1.03766257e+00  1.85800174e+00  3.00590893e+01  1.28765475e+00  5.22544486e+00 
 7.80000000e-01  7.80000000e-01  1.48000000e+00  2.20358501e-03  1.16794032e+00  1.82687854e+00  1.03766257e+00  1.85800174e+00  3.00590893e+01  1.28765475e+00  5.22544486e+00 
 7.90000000e-01  7.90000000e-01  1.48000000e+00  2.21375065e-03  1.16794032e+00  1.82687854e+00  1.03766257e+00  1.85800174e+00  3.00590893e+01  1.28765475e+00  5.22544486e+00 
 8.00000000e-01  8.00000000e-01  1.48000000e+00  2.22366036e-03  1.16794032e+00  1.82687854e+00  1.03766257e+00  1.85800174e+00  3.00590893e+01  1.28765475e+00  5.22544486e+00 
 8.10000000e-01  8.10000000e-01  1.48000000e+00  2.23332407e-03  1.16794032e+00  1.82687854e+00  1.03766257e+00  1.85800174e+00  3.00590893e+01  1.28765475e+00  5.22544486e+00 
 8.20000000e-01  8.20000000e-01  1.48000000e+00  2.24275144e-03  1.16794032e+00  1.82687854e+00  1.03766257e+00  1.85800174e+00  3.00590893e+01  1.28765475e+00  5.22544486e+00 
 8.30000000e-01  8.30000000e-01  1.48000000e+00  2.25195178e-03  1.16794032e+00  1.82687854e+00  1.03766257e+00  1.85800174e+00  3.00590893e+01  1.28765475e+00  5.22544486e+00 
 8.40000000e-01  8.40000000e-01  1.48000000e+00  2.26093413e-03  1.16794032e+00  1.82687854e+00  1.03766257e+00  1.85800174e+00  3.00590893e+01  1.28765475e+00  5.22544486e+00 
 8.50000000e-01  8.50000000e-01  1.48000000e+00  2.26970720e-03  1.16794032e+00  1.82687854e+00  1.03766257e+00  1.85800174e+00  3.00590893e+01  1.28765475e+00  5.22544486e+00 
 8.60000000e-01  8.60000000e-01  1.48000000e+00  2.27827939e-03  1.16794032e+00  1.82687854e+00  1.03766257e+00  1.85800174e+00  3.00590893e+01  1.28765475e+00  5.22544486e+00 
 8.70000000e-01  8.70000000e-01  1.48000000e+00  2.28665879e-03  1.16794032e+00  1.82687854e+00  1.03766257e+00  1.85800174e+00  3.00590893e+01  1.28765475e+00  5.22544486e+00 
 8.80000000e-01  8.80000000e-01  1.48000000e+00  2.29485317e-03  1.16794032e+00  1.82687854e+00  1.03766257e+00  1.85800174e+00  3.00590893e+01  1.28765475e+00  5.22544486e+00 
 8.90000000e-01  8.90000000e-01  1.48000000e+00  2.30287001e-03  1.16794032e+00  1.82687854e+00  1.03766257e+00  1.85800174e+00  3.00590893e+01  1.28765475e+00  5.22544486e+00 
 9.00000000e-01  9.00000000e-01  1.48000000e+00  2.31071648e-03  1.16794032e+00  1.82687854e+00  1.03766257e+00  1.85800174e+00  3.00590893e+01  1.28765475e+00  5.22544486e+00 
 9.10000000e-01  9.10000000e-01  1.48000000e+00  2.31839946e-03  1.16794032e+00  1.82687854e+00  1.03766257e+00  1.85800174e+00  3.00590893e+01  1.28765475e+00  5.22544486e+00 
 9.20000000e-01  9.20000000e-01  1.48000000e+00  2.32592553e-03  1.16794032e+00  1.82687854e+00  1.03766257e+00  1.85800174e+00  3.00590893e+01  1.28765475e+00  5.22544486e+00 
 9.30000000e-01  9.30000000e-01  1.48000000e+00  2.33330103e-03  1.16794032e+00  1.82687854e+00  1.03766257e+00  1.85800174e+00  3.00590893e+01  1.28765475e+00  5.22544486e+00 
 9.40000000e-01  9.40000000e-01  1.48000000e+00  2.34053198e-03  1.16794032e+00  1.82687854e+00  1.03766257e+00  1.85800174e+00  3.00590893e+01  1.28765475e+00  5.22544486e+00 
 9.50000000e-01  9.50000000e-01  1.48000000e+00  2.34762418e-03  1.16794032e+00  1.82687854e+00  1.03766257e+00  1.85800174e+00  3.00590893e+01  1.28765475e+00  5.22544486e+00 
 9.60000000e-01  9.60000000e-01  1.48000000e+00  2.35458315e-03  1.16794032e+00  1.82687854e+00  1.03766257e+00  1.85800174e+00  3.00590893e+01  1.28765475e+00  5.22544486e+00 
 9.70000000e-01  9.70000000e-01  1.48000000e+00  2.36141418e-03  1.16794032e+00  1.82687854e+00  1.03766257e+00  1.85800174e+00  3.00590893e+01  1.28765475e+00  5.22544486e+00 
 9.80000000e-01  9.80000000e-01  1.48000000e+00  2.36812233e-03  1.16794032e+00  1.82687854e+00  1.03766257e+00  1.85800174e+00  3.00590893e+01  1.28765475e+00  5.22544486e+00 
 9.90000000e-01  9.90000000e-01  1.48000000e+00  2.37471242e-03  1.16794032e+00  1.82687854e+00  1.03766257e+00  1.85800174e+00  3.00590893e+01  1.28765475e+00  5.22544486e+00 
 1.00000000e+00  1.00000000e+00  1.48000000e+00  2.38118907e-03  1.16794032e+00  1.82687854e+00  1.03766257e+00  1.85800174e+00  3.00590893e+01  1.28765475e+00  5.22544486e+00 
 1.01000000e+00  1.01000000e+00  1.48000000e+00  2.38755668e-03  1.16794032e+00  1.82687854e+00  1.03766257e+00  1.85800174e+00  3.00590893e+01  1.28765475e+00  5.22544486e+00 
 1.02000000e+00  1.02000000e+00  1.48000000e+00  2.39381947e-03  1.16794032e+00  1.82687854e+00  1.03766257e+00  1.85800174e+00  3.00590893e+01  1.28765475e+00  5.22544486e+00 
 1.03000000e+00  1.03000000e+00  1.48000000e+00  2.39998144e-03  1.16794032e+00  1.82687854e+00  1.03766257e+00  1.85800174e+00  3.00590893e+01  1.28765475e+00  5.22544486e+00 
 1.04000000e+00  1.04000000e+00  1.48000000e+00  2.40604644e-03  1.16794032e+00  1.82687854e+00  1.03766257e+00  1.85800174e+00  3.00590893e+01  1.28765475e+00  5.22544486e+00 
 1.05000000e+00  1.05000000e+00  1.48000000e+00  2.41201814e-03  1.16794032e+00  1.82687854e+00  1.03766257e+00  1.85800174e+00  3.00590893e+01  1.28765475e+00  5.22544486e+00 
 1.06000000e+00  1.06000000e+00  1.48000000e+00  2.41790004e-03  1.16794032e+00  1.82687854e+00  1.03766257e+00  1.85800174e+00  3.00590893e+01  1.28765475e+00  5.22544486e+00 
 1.07000000e+00  1.07000000e+00  1.48000000e+00  2.42369548e-03  1.16794032e+00  1.82687854e+00  1.03766257e+00  1.85800174e+00  3.00590893e+01  1.28765475e+00  5.22544486e+00 
 1.08000000e+00  1.08000000e+00  1.48000000e+00  2.42940765e-03  1.16794032e+00  1.82687854e+00  1.03766257e+00  1.85800174e+00  3.00590893e+01  1.28765475e+00  5.22544486e+00 
 1.09000000e+00  1.09000000e+00  1.48000000e+00  2.43503962e-03  1.16794032e+00  1.82687854e+00  1.03766257e+00  1.85800174e+00  3.00590893e+01  1.28765475e+00  5.22544486e+00 
 1.10000000e+00  1.10000000e+00  1.48000000e+00  2.44059429e-03  1.16794032e+00  1.82687854e+00  1.03766257e+00  1.85800174e+00  3.00590893e+01  1.28765475e+00  5.22544486e+00 
 1.11000000e+00  1.11000000e+00  1.48000000e+00  2.44607444e-03  1.16794032e+00  1.82687854e+00  1.03766257e+00  1.85800174e+00  3.00590893e+01  1.28765475e+00  5.22544486e+00 
 1.12000000e+00  1.12000000e+00  1.48000000e+00  2.45148276e-03  1.16794032e+00  1.82687854e+00  1.03766257e+00  1.85800174e+00  3.00590893e+01  1.28765475e+00  5.22544486e+00 
 1.13000000e+00  1.13000000e+00  1.48000000e+00  2.45682178e-03  1.16794032e+00  1.82687854e+00  1.03766257e+00  1.85800174e+00  3.00590893e+01  1.28765475e+00  5.22544486e+00 
 1.14000000e+00  1.14000000e+00  1.48000000e+00  2.46209393e-03  1.16794032e+00  1.82687854e+00  1.03766257e+00  1.85800174e+00  3.00590893e+01  1.28765475e+00  5.22544486e+00 
 1.15000000e+00  1.15000000e+00  1.48000000e+00  2.46730155e-03  1.16794032e+00  1.82687854e+00  1.03766257e+00  1.85800174e+00  3.00590893e+01  1.28765475e+00  5.22544486e+00 
 1.16000000e+00  1.16000000e+00  1.48000000e+00  2.47244686e-03  1.16794032e+00  1.82687854e+00  1.03766257e+00  1.85800174e+00  3.00590893e+01  1.28765475e+00  5.22544486e+00 
 1.17000000e+00  1.17000000e+00  1.48000000e+00  2.47753200e-03  1.16794032e+00  1.82687854e+00  1.03766257e+00  1.85800174e+00  3.00590893e+01  1.28765475e+00  5.22544486e+00 
 1.18000000e+00  1.18000000e+00  1.48000000e+00  2.48255900e-03  1.16794032e+00  1.82687854e+00  1.03766257e+00  1.85800174e+00  3.00590893e+01  1.28765475e+00  5.22544486e+00 
 1.19000000e+00  1.19000000e+00  1.48000000e+00  2.48752982e-03  1.16794032e+00  1.82687854e+00  1.03766257e+00  1.85800174e+00  3.00590893e+01  1.28765475e+00  5.22544486e+00 
 1.20000000e+00  1.20000000e+00  1.48000000e+00  2.49244633e-03  1.16794032e+00  1.82687854e+00  1.03766257e+00  1.85800174e+00  3.00590893e+01  1.28765475e+00  5.22544486e+00 
 1.21000000e+00  1.21000000e+00  1.48000000e+00  2.49731033e-03  1.16794032e+00  1.82687854e+00  1.03766257e+00  1.85800174e+00  3.00590893e+01  1.28765475e+00  5.22544486e+00 
 1.22000000e+00  1.22000000e+00  1.48000000e+00  2.50212352e-03  1.16794032e+00  1.82687854e+00  1.03766257e+00  1.85800174e+00  3.00590893e+01  1.28765475e+00  5.22544486e+00 
 1.23000000e+00  1.23000000e+00  1.48000000e+00  2.50688756e-03  1.16794032e+00  1.82687854e+00  1.03766257e+00  1.85800174e+00  3.00590893e+01  1.28765475e+00  5.22544486e+00 
 1.24000000e+00  1.24000000e+00  1.48000000e+00  2.51160402e-03  1.16794032e+00  1.82687854e+00  1.03766257e+00  1.85800174e+00  3.00590893e+01  1.28765475e+00  5.22544486e+00 
 1.25000000e+00  1.25000000e+00  1.48000000e+00  2.51627442e-03  1.16794032e+00  1.82687854e+00  1.03766257e+00  1.85800174e+00  3.00590893e+01  1.28765475e+00  5.22544486e+00 
 1.26000000e+00  1.26000000e+00  1.48000000e+00  2.52090020e-03  1.16794032e+00  1.82687854e+00  1.03766257e+00  1.85800174e+00  3.00590893e+01  1.28765475e+00  5.22544486e+00 
 1.27000000e+00  1.27000000e+00  1.48000000e+00  2.52548276e-03  1.16794032e+00  1.82687854e+00  1.03766257e+00  1.85800174e+00  3.00590893e+01  1.28765475e+00  5.22544486e+00 
 1.28000000e+00  1.28000000e+00  1.48000000e+00  2.53002344e-03  1.16794032e+00  1.82687854e+00  1.03766257e+00  1.85800174e+00  3.00590893e+01  1.28765475e+00  5.22544486e+00 
 1.29000000e+00  1.29000000e+00  1.48000000e+00  2.53452352e-03  1.16794032e+00  1.82687854e+00  1.03766257e+00  1.85800174e+00  3.00590893e+01  1.28765475e+00  5.22544486e+00 
 1.30000000e+00  1.30000000e+00  1.48000000e+00  2.53898423e-03  1.16794032e+00  1.82687854e+00  1.03766257e+00  1.85800174e+00  3.00590893e+01  1.28765475e+00  5.22544486e+00 
 1.31000000e+00  1.31000000e+00  1.48000000e+00  2.54340675e-03  1.16794032e+00  1.82687854e+00  1.03766257e+00  1.85800174e+00  3.00590893e+01  1.28765475e+00  5.22544486e+00 
 1.32000000e+00  1.32000000e+00  1.48000000e+00  2.54779224e-03  1.16794032e+00  1.82687854e+00  1.03766257e+00  1.85800174e+00  3.00590893e+01  1.28765475e+00  5.22544486e+00 
 1.33000000e+00  1.33000000e+00  1.48000000e+00  2.55214177e-03  1.16794032e+00  1.82687854e+00  1.03766257e+00  1.85800174e+00  3.00590893e+01  1.28765475e+00  5.22544486e+00 
 1.34000000e+00  1.34000000e+00  1.48000000e+00  2.55645640e-03  1.16794032e+00  1.82687854e+00  1.03766257e+00  1.85800174e+00  3.00590893e+01  1.28765475e+00  5.22544486e+00 
 1.35000000e+00  1.35000000e+00  1.48000000e+00  2.56073715e-03  1.16794032e+00  1.82687854e+00  1.03766257e+00  1.85800174e+00  3.00590893e+01  1.28765475e+00  5.22544486e+00 
 1.36000000e+00  1.36000000e+00  1.48000000e+00  2.56498499e-03  1.16794032e+00  1.82687854e+00  1.03766257e+00  1.85800174e+00  3.00590893e+01  1.28765475e+00  5.22544486e+00 
 1.37000000e+00  1.37000000e+00  1.48000000e+00  2.56920085e-03  1.16794032e+00  1.82687854e+00  1.03766257e+00  1.85800174e+00  3.00590893e+01  1.28765475e+00  5.22544486e+00 
 1.38000000e+00  1.38000000e+00  1.48000000e+00  2.57338564e-03  1.16794032e+00  1.82687854e+00  1.03766257e+00  1.85800174e+00  3.00590893e+01  1.28765475e+00  5.22544486e+00 
 1.39000000e+00  1.39000000e+00  1.48000000e+00  2.57754022e-03  1.16794032e+00  1.82687854e+00  1.03766257e+00  1.85800174e+00  3.00590893e+01  1.28765475e+00  5.22544486e+00 
 1.40000000e+00  1.40000000e+00  1.48000000e+00  2.58166544e-03  1.16794032e+00  1.82687854e+00  1.03766257e+00  1.85800174e+00  3.00590893e+01  1.28765475e+00  5.22544486e+00 
 1.41000000e+00  1.41000000e+00  1.48000000e+00  2.58576210e-03  1.16794032e+00  1.82687854e+00  1.03766257e+00  1.85800174e+00  3.00590893e+01  1.28765475e+00  5.22544486e+00 
 1.42000000e+00  1.42000000e+00  1.48000000e+00  2.58983098e-03  1.16794032e+00  1.82687854e+00  1.03766257e+00  1.85800174e+00  3.00590893e+01  1.28765475e+00  5.22544486e+00 
 1.43000000e+00  1.43000000e+00  1.48000000e+00  2.59387283e-03  1.16794032e+00  1.82687854e+00  1.03766257e+00  1.85800174e+00  3.00590893e+01  1.28765475e+00  5.22544486e+00 
 1.44000000e+00  1.44000000e+00  1.48000000e+00  2.59788837e-03  1.16794032e+00  1.82687854e+00  1.03766257e+00  1.85800174e+00  3.00590893e+01  1.28765475e+00  5.22544486e+00 
 1.45000000e+00  1.45000000e+00  1.48000000e+00  2.60187830e-03  1.16794032e+00  1.82687854e+00  1.03766257e+00  1.85800174e+00  3.00590893e+01  1.28765475e+00  5.22544486e+00 
 1.46000000e+00  1.46000000e+00  1.48000000e+00  2.60584329e-03  1.16794032e+00  1.82687854e+00  1.03766257e+00  1.85800174e+00  3.00590893e+01  1.28765475e+00  5.22544486e+00 
 1.47000000e+00  1.47000000e+00  1.48000000e+00  2.60978399e-03  1.16794032e+00  1.82687854e+00  1.03766257e+00  1.85800174e+00  3.00590893e+01  1.28765475e+00  5.22544486e+00 
 1.48000000e+00  1.48000000e+00  1.48000000e+00  2.61370104e-03  1.16794032e+00  1.82687854e+00  1.03766257e+00  1.85800174e+00  3.00590893e+01  1.28765475e+00  5.22544486e+00 
 1.49000000e+00  1.49000000e+00  1.48000000e+00  2.61759503e-03  1.16794032e+00  1.82687854e+00  1.03766257e+00  1.85800174e+00  3.00590893e+01  1.28765475e+00  5.22544486e+00 
 1.50000000e+00  1.50000000e+00  1.48000000e+00  2.62146656e-03  1.16794032e+00  1.82687854e+00  1.03766257e+00  1.85800174e+00  3.00590893e+01  1.28765475e+00  5.22544486e+00 
 1.51000000e+00  1.51000000e+00  1.48000000e+00  2.62531618e-03  1.16794032e+00  1.82687854e+00  1.03766257e+00  1.85800174e+00  3.00590893e+01  1.28765475e+00  5.22544486e+00 
 1.52000000e+00  1.52000000e+00  1.48000000e+00  2.62914444e-03  1.16794032e+00  1.82687854e+00  1.03766257e+00  1.85800174e+00  3.00590893e+01  1.28765475e+00  5.22544486e+00 
 1.53000000e+00  1.53000000e+00  1.48000000e+00  2.63295189e-03  1.16794032e+00  1.82687854e+00  1.03766257e+00  1.85800174e+00  3.00590893e+01  1.28765475e+00  5.22544486e+00 
 1.54000000e+00  1.54000000e+00  1.48000000e+00  2.63673901e-03  1.16794032e+00  1.82687854e+00  1.03766257e+00  1.85800174e+00  3.00590893e+01  1.28765475e+00  5.22544486e+00 
 1.55000000e+00  1.55000000e+00  1.48000000e+00  2.64050632e-03  1.16794032e+00  1.82687854e+00  1.03766257e+00  1.85800174e+00  3.00590893e+01  1.28765475e+00  5.22544486e+00 
 1.56000000e+00  1.56000000e+00  1.48000000e+00  2.64425429e-03  1.16794032e+00  1.82687854e+00  1.03766257e+00  1.85800174e+00  3.00590893e+01  1.28765475e+00  5.22544486e+00 
 1.57000000e+00  1.57000000e+00  1.48000000e+00  2.64798338e-03  1.16794032e+00  1.82687854e+00  1.03766257e+00  1.85800174e+00  3.00590893e+01  1.28765475e+00  5.22544486e+00 
 1.58000000e+00  1.58000000e+00  1.48000000e+00  2.65169405e-03  1.16794032e+00  1.82687854e+00  1.03766257e+00  1.85800174e+00  3.00590893e+01  1.28765475e+00  5.22544486e+00 
 1.59000000e+00  1.59000000e+00  1.48000000e+00  2.65538672e-03  1.16794032e+00  1.82687854e+00  1.03766257e+00  1.85800174e+00  3.00590893e+01  1.28765475e+00  5.22544486e+00 
 1.60000000e+00  1.60000000e+00  1.48000000e+00  2.65906181e-03  1.16794032e+00  1.82687854e+00  1.03766257e+00  1.85800174e+00  3.00590893e+01  1.28765475e+00  5.22544486e+00 
 1.61000000e+00  1.61000000e+00  1.48000000e+00  2.66271975e-03  1.16794032e+00  1.82687854e+00  1.03766257e+00  1.85800174e+00  3.00590893e+01  1.28765475e+00  5.22544486e+00 
 1.62000000e+00  1.62000000e+00  1.48000000e+00  2.66636091e-03  1.16794032e+00  1.82687854e+00  1.03766257e+00  1.85800174e+00  3.00590893e+01  1.28765475e+00  5.22544486e+00 
 1.63000000e+00  1.63000000e+00  1.48000000e+00  2.66998568e-03  1.16794032e+00  1.82687854e+00  1.03766257e+00  1.85800174e+00  3.00590893e+01  1.28765475e+00  5.22544486e+00 
 1.64000000e+00  1.64000000e+00  1.48000000e+00  2.67359445e-03  1.16794032e+00  1.82687854e+00  1.03766257e+00  1.85800174e+00  3.00590893e+01  1.28765475e+00  5.22544486e+00 
 1.65000000e+00  1.65000000e+00  1.48000000e+00  2.67718755e-03  1.16794032e+00  1.82687854e+00  1.03766257e+00  1.85800174e+00  3.00590893e+01  1.28765475e+00  5.22544486e+00 
 1.66000000e+00  1.66000000e+00  1.48000000e+00  2.68076536e-03  1.16794032e+00  1.82687854e+00  1.03766257e+00  1.85800174e+00  3.00590893e+01  1.28765475e+00  5.22544486e+00 
 1.67000000e+00  1.67000000e+00  1.48000000e+00  2.68432819e-03  1.16794032e+00  1.82687854e+00  1.03766257e+00  1.85800174e+00  3.00590893e+01  1.28765475e+00  5.22544486e+00 
 1.68000000e+00  1.68000000e+00  1.48000000e+00  2.68787639e-03  1.16794032e+00  1.82687854e+00  1.03766257e+00  1.85800174e+00  3.00590893e+01  1.28765475e+00  5.22544486e+00 
 1.69000000e+00  1.69000000e+00  1.48000000e+00  2.69141028e-03  1.16794032e+00  1.82687854e+00  1.03766257e+00  1.85800174e+00  3.00590893e+01  1.28765475e+00  5.22544486e+00 
 1.70000000e+00  1.70000000e+00  1.48000000e+00  2.69493015e-03  1.16794032e+00  1.82687854e+00  1.03766257e+00  1.85800174e+00  3.00590893e+01  1.28765475e+00  5.22544486e+00 
 1.71000000e+00  1.71000000e+00  1.48000000e+00  2.69843632e-03  1.16794032e+00  1.82687854e+00  1.03766257e+00  1.85800174e+00  3.00590893e+01  1.28765475e+00  5.22544486e+00 
 1.72000000e+00  1.72000000e+00  1.48000000e+00  2.70192908e-03  1.16794032e+00  1.82687854e+00  1.03766257e+00  1.85800174e+00  3.00590893e+01  1.28765475e+00  5.22544486e+00 
 1.73000000e+00  1.73000000e+00  1.48000000e+00  2.70540871e-03  1.16794032e+00  1.82687854e+00  1.03766257e+00  1.85800174e+00  3.00590893e+01  1.28765475e+00  5.22544486e+00 
 1.74000000e+00  1.74000000e+00  1.48000000e+00  2.70887549e-03  1.16794032e+00  1.82687854e+00  1.03766257e+00  1.85800174e+00  3.00590893e+01  1.28765475e+00  5.22544486e+00 
 1.75000000e+00  1.75000000e+00  1.48000000e+00  2.71232969e-03  1.16794032e+00  1.82687854e+00  1.03766257e+00  1.85800174e+00  3.00590893e+01  1.28765475e+00  5.22544486e+00 
 1.76000000e+00  1.76000000e+00  1.48000000e+00  2.71577157e-03  1.16794032e+00  1.82687854e+00  1.03766257e+00  1.85800174e+00  3.00590893e+01  1.28765475e+00  5.22544486e+00 
 1.77000000e+00  1.77000000e+00  1.48000000e+00  2.71920138e-03  1.16794032e+00  1.82687854e+00  1.03766257e+00  1.85800174e+00  3.00590893e+01  1.28765475e+00  5.22544486e+00 
 1.78000000e+00  1.78000000e+00  1.48000000e+00  2.72261938e-03  1.16794032e+00  1.82687854e+00  1.03766257e+00  1.85800174e+00  3.00590893e+01  1.28765475e+00  5.22544486e+00 
 1.79000000e+00  1.79000000e+00  1.48000000e+00  2.72602580e-03  1.16794032e+00  1.82687854e+00  1.03766257e+00  1.85800174e+00  3.00590893e+01  1.28765475e+00  5.22544486e+00 
 1.80000000e+00  1.80000000e+00  1.48000000e+00  2.72942088e-03  1.16794032e+00  1.82687854e+00  1.03766257e+00  1.85800174e+00  3.00590893e+01  1.28765475e+00  5.22544486e+00 
 1.81000000e+00  1.81000000e+00  1.48000000e+00  2.73280484e-03  1.16794032e+00  1.82687854e+00  1.03766257e+00  1.85800174e+00  3.00590893e+01  1.28765475e+00  5.22544486e+00 
 1.82000000e+00  1.82000000e+00  1.48000000e+00  2.73617792e-03  1.16794032e+00  1.82687854e+00  1.03766257e+00  1.85800174e+00  3.00590893e+01  1.28765475e+00  5.22544486e+00 
 1.83000000e+00  1.83000000e+00  1.48000000e+00  2.73954034e-03  1.16794032e+00  1.82687854e+00  1.03766257e+00  1.85800174e+00  3.00590893e+01  1.28765475e+00  5.22544486e+00 
 1.84000000e+00  1.84000000e+00  1.48000000e+00  2.74289229e-03  1.16794032e+00  1.82687854e+00  1.03766257e+00  1.85800174e+00  3.00590893e+01  1.28765475e+00  5.22544486e+00 
 1.85000000e+00  1.85000000e+00  1.48000000e+00  2.74623400e-03  1.16794032e+00  1.82687854e+00  1.03766257e+00  1.85800174e+00  3.00590893e+01  1.28765475e+00  5.22544486e+00 
