 0.00000000e+00  1.48000000e+00  0.00000000e+00  1.48148160e-12  1.16707366e+00  1.65165746e+00  9.65444709e-01  1.64463113e+00  3.19000531e+01  1.29424377e+00  5.17304840e+00 
 1.00000000e-02  1.48000000e+00  1.00000000e-02  1.48148160e-12  1.16707366e+00  1.65165746e+00  9.65444709e-01  1.64463113e+00  3.19000531e+01  1.29424377e+00  5.17304840e+00 
 2.00000000e-02  1.48000000e+00  2.00000000e-02  1.48148160e-12  1.16707366e+00  1.65165746e+00  9.65444709e-01  1.64463113e+00  3.19000531e+01  1.29424377e+00  5.17304840e+00 
 3.00000000e-02  1.48000000e+00  3.00000000e-02  1.48148160e-12  1.16707366e+00  1.65165746e+00  9.65444709e-01  1.64463113e+00  3.19000531e+01  1.29424377e+00  5.17304840e+00 
 4.00000000e-02  1.48000000e+00  4.00000000e-02  1.48148160e-12  1.16707366e+00  1.65165746e+00  9.65444709e-01  1.64463113e+00  3.19000531e+01  1.29424377e+00  5.17304840e+00 
 5.00000000e-02  1.48000000e+00  5.00000000e-02  1.48148160e-12  1.16707366e+00  1.65165746e+00  9.65444709e-01  1.64463113e+00  3.19000531e+01  1.29424377e+00  5.17304840e+00 
 6.00000000e-02  1.48000000e+00  6.00000000e-02  1.48148160e-12  1.16707366e+00  1.65165746e+00  9.65444709e-01  1.64463113e+00  3.19000531e+01  1.29424377e+00  5.17304840e+00 
 7.00000000e-02  1.48000000e+00  7.00000000e-02  1.48148160e-12  1.16707366e+00  1.65165746e+00  9.65444709e-01  1.64463113e+00  3.19000531e+01  1.29424377e+00  5.17304840e+00 
 8.00000000e-02  1.48000000e+00  8.00000000e-02  1.48148160e-12  1.16707366e+00  1.65165746e+00  9.65444709e-01  1.64463113e+00  3.19000531e+01  1.29424377e+00  5.17304840e+00 
 9.00000000e-02  1.48000000e+00  9.00000000e-02  1.48148160e-12  1.16707366e+00  1.65165746e+00  9.65444709e-01  1.64463113e+00  3.19000531e+01  1.29424377e+00  5.17304840e+00 
 1.00000000e-01  1.48000000e+00  1.00000000e-01  1.48148160e-12  1.16707366e+00  1.65165746e+00  9.65444709e-01  1.64463113e+00  3.19000531e+01  1.29424377e+00  5.17304840e+00 
 1.10000000e-01  1.48000000e+00  1.10000000e-01  1.48148160e-12  1.16707366e+00  1.65165746e+00  9.65444709e-01  1.64463113e+00  3.19000531e+01  1.29424377e+00  5.17304840e+00 
 1.20000000e-01  1.48000000e+00  1.20000000e-01  1.48148160e-12  1.16707366e+00  1.65165746e+00  9.65444709e-01  1.64463113e+00  3.19000531e+01  1.29424377e+00  5.17304840e+00 
 1.30000000e-01  1.48000000e+00  1.30000000e-01  1.48148160e-12  1.16707366e+00  1.65165746e+00  9.65444709e-01  1.64463113e+00  3.19000531e+01  1.29424377e+00  5.17304840e+00 
 1.40000000e-01  1.48000000e+00  1.40000000e-01  1.48148160e-12  1.16707366e+00  1.65165746e+00  9.65444709e-01  1.64463113e+00  3.19000531e+01  1.29424377e+00  5.17304840e+00 
 1.50000000e-01  1.48000000e+00  1.50000000e-01  1.48148160e-12  1.16707366e+00  1.65165746e+00  9.65444709e-01  1.64463113e+00  3.19000531e+01  1.29424377e+00  5.17304840e+00 
 1.60000000e-01  1.48000000e+00  1.60000000e-01  1.48148160e-12  1.16707366e+00  1.65165746e+00  9.65444709e-01  1.64463113e+00  3.19000531e+01  1.29424377e+00  5.17304840e+00 
 1.70000000e-01  1.48000000e+00  1.70000000e-01  1.48148160e-12  1.16707366e+00  1.65165746e+00  9.65444709e-01  1.64463113e+00  3.19000531e+01  1.29424377e+00  5.17304840e+00 
 1.80000000e-01  1.48000000e+00  1.80000000e-01  1.48148160e-12  1.16707366e+00  1.65165746e+00  9.65444709e-01  1.64463113e+00  3.19000531e+01  1.29424377e+00  5.17304840e+00 
 1.90000000e-01  1.48000000e+00  1.90000000e-01  1.48148160e-12  1.16707366e+00  1.65165746e+00  9.65444709e-01  1.64463113e+00  3.19000531e+01  1.29424377e+00  5.17304840e+00 
 2.00000000e-01  1.48000000e+00  2.00000000e-01  1.48148160e-12  1.16707366e+00  1.65165746e+00  9.65444709e-01  1.64463113e+00  3.19000531e+01  1.29424377e+00  5.17304840e+00 
 2.10000000e-01  1.48000000e+00  2.10000000e-01  1.48148160e-12  1.16707366e+00  1.65165746e+00  9.65444709e-01  1.64463113e+00  3.19000531e+01  1.29424377e+00  5.17304840e+00 
 2.20000000e-01  1.48000000e+00  2.20000000e-01  1.48148160e-12  1.16707366e+00  1.65165746e+00  9.65444709e-01  1.64463113e+00  3.19000531e+01  1.29424377e+00  5.17304840e+00 
 2.30000000e-01  1.48000000e+00  2.30000000e-01  1.48148160e-12  1.16707366e+00  1.65165746e+00  9.65444709e-01  1.64463113e+00  3.19000531e+01  1.29424377e+00  5.17304840e+00 
 2.40000000e-01  1.48000000e+00  2.40000000e-01  1.48148160e-12  1.16707366e+00  1.65165746e+00  9.65444709e-01  1.64463113e+00  3.19000531e+01  1.29424377e+00  5.17304840e+00 
 2.50000000e-01  1.48000000e+00  2.50000000e-01  1.48148160e-12  1.16707366e+00  1.65165746e+00  9.65444709e-01  1.64463113e+00  3.19000531e+01  1.29424377e+00  5.17304840e+00 
 2.60000000e-01  1.48000000e+00  2.60000000e-01  1.48148160e-12  1.16707366e+00  1.65165746e+00  9.65444709e-01  1.64463113e+00  3.19000531e+01  1.29424377e+00  5.17304840e+00 
 2.70000000e-01  1.48000000e+00  2.70000000e-01  1.48148160e-12  1.16707366e+00  1.65165746e+00  9.65444709e-01  1.64463113e+00  3.19000531e+01  1.29424377e+00  5.17304840e+00 
 2.80000000e-01  1.48000000e+00  2.80000000e-01  1.48148160e-12  1.16707366e+00  1.65165746e+00  9.65444709e-01  1.64463113e+00  3.19000531e+01  1.29424377e+00  5.17304840e+00 
 2.90000000e-01  1.48000000e+00  2.90000000e-01  1.48148160e-12  1.16707366e+00  1.65165746e+00  9.65444709e-01  1.64463113e+00  3.19000531e+01  1.29424377e+00  5.17304840e+00 
 3.00000000e-01  1.48000000e+00  3.00000000e-01  1.48148160e-12  1.16707366e+00  1.65165746e+00  9.65444709e-01  1.64463113e+00  3.19000531e+01  1.29424377e+00  5.17304840e+00 
 3.10000000e-01  1.48000000e+00  3.10000000e-01  1.48148160e-12  1.16707366e+00  1.65165746e+00  9.65444709e-01  1.64463113e+00  3.19000531e+01  1.29424377e+00  5.17304840e+00 
 3.20000000e-01  1.48000000e+00  3.20000000e-01  1.48148160e-12  1.16707366e+00  1.65165746e+00  9.65444709e-01  1.64463113e+00  3.19000531e+01  1.29424377e+00  5.17304840e+00 
 3.30000000e-01  1.48000000e+00  3.30000000e-01  1.48148160e-12  1.16707366e+00  1.65165746e+00  9.65444709e-01  1.64463113e+00  3.19000531e+01  1.29424377e+00  5.17304840e+00 
 3.40000000e-01  1.48000000e+00  3.40000000e-01  1.48325796e-12  1.16707366e+00  1.65165746e+00  9.65444709e-01  1.64463113e+00  3.19000531e+01  1.29424377e+00  5.17304840e+00 
 3.50000000e-01  1.48000000e+00  3.50000000e-01  1.48325796e-12  1.16707366e+00  1.65165746e+00  9.65444709e-01  1.64463113e+00  3.19000531e+01  1.29424377e+00  5.17304840e+00 
 3.60000000e-01  1.48000000e+00  3.60000000e-01  1.48325796e-12  1.16707366e+00  1.65165746e+00  9.65444709e-01  1.64463113e+00  3.19000531e+01  1.29424377e+00  5.17304840e+00 
 3.70000000e-01  1.48000000e+00  3.70000000e-01  1.48325796e-12  1.16707366e+00  1.65165746e+00  9.65444709e-01  1.64463113e+00  3.19000531e+01  1.29424377e+00  5.17304840e+00 
 3.80000000e-01  1.48000000e+00  3.80000000e-01  1.48858703e-12  1.16707366e+00  1.65165746e+00  9.65444709e-01  1.64463113e+00  3.19000531e+01  1.29424377e+00  5.17304840e+00 
 3.90000000e-01  1.48000000e+00  3.90000000e-01  1.49924517e-12  1.16707366e+00  1.65165746e+00  9.65444709e-01  1.64463113e+00  3.19000531e+01  1.29424377e+00  5.17304840e+00 
 4.00000000e-01  1.48000000e+00  4.00000000e-01  1.52589053e-12  1.16707366e+00  1.65165746e+00  9.65444709e-01  1.64463113e+00  3.19000531e+01  1.29424377e+00  5.17304840e+00 
 4.10000000e-01  1.48000000e+00  4.10000000e-01  1.59872116e-12  1.16707366e+00  1.65165746e+00  9.65444709e-01  1.64463113e+00  3.19000531e+01  1.29424377e+00  5.17304840e+00 
 4.20000000e-01  1.48000000e+00  4.20000000e-01  1.78523862e-12  1.16707366e+00  1.65165746e+00  9.65444709e-01  1.64463113e+00  3.19000531e+01  1.29424377e+00  5.17304840e+00 
 4.30000000e-01  1.48000000e+00  4.30000000e-01  2.28084218e-12  1.16707366e+00  1.65165746e+00  9.65444709e-01  1.64463113e+00  3.19000531e+01  1.29424377e+00  5.17304840e+00 
 4.40000000e-01  1.48000000e+00  4.40000000e-01  3.57758267e-12  1.16707366e+00  1.65165746e+00  9.65444709e-01  1.64463113e+00  3.19000531e+01  1.29424377e+00  5.17304840e+00 
 4.50000000e-01  1.48000000e+00  4.50000000e-01  6.96154245e-12  1.16707366e+00  1.65165746e+00  9.65444709e-01  1.64463113e+00  3.19000531e+01  1.29424377e+00  5.17304840e+00 
 4.60000000e-01  1.48000000e+00  4.60000000e-01  1.57456270e-11  1.16707366e+00  1.65165746e+00  9.65444709e-01  1.64463113e+00  3.19000531e+01  1.29424377e+00  5.17304840e+00 
 4.70000000e-01  1.48000000e+00  4.70000000e-01  3.83710841e-11  1.16707366e+00  1.65165746e+00  9.65444709e-01  1.64463113e+00  3.19000531e+01  1.29424377e+00  5.17304840e+00 
 4.80000000e-01  1.48000000e+00  4.80000000e-01  9.59090585e-11  1.16707366e+00  1.65165746e+00  9.65444709e-01  1.64463113e+00  3.19000531e+01  1.29424377e+00  5.17304840e+00 
 4.90000000e-01  1.48000000e+00  4.90000000e-01  2.39406717e-10  1.16707366e+00  1.65165746e+00  9.65444709e-01  1.64463113e+00  3.19000531e+01  1.29424377e+00  5.17304840e+00 
 5.00000000e-01  1.48000000e+00  5.00000000e-01  5.87149884e-10  1.16707366e+00  1.65165746e+00  9.65444709e-01  1.64463113e+00  3.19000531e+01  1.29424377e+00  5.17304840e+00 
 5.10000000e-01  1.48000000e+00  5.10000000e-01  1.39644385e-09  1.16707366e+00  1.65165746e+00  9.65444709e-01  1.64463113e+00  3.19000531e+01  1.29424377e+00  5.17304840e+00 
 5.20000000e-01  1.48000000e+00  5.20000000e-01  3.18263282e-09  1.16707366e+00  1.65165746e+00  9.65444709e-01  1.64463113e+00  3.19000531e+01  1.29424377e+00  5.17304840e+00 
 5.30000000e-01  1.48000000e+00  5.30000000e-01  6.88385704e-09  1.16707366e+00  1.65165746e+00  9.65444709e-01  1.64463113e+00  3.19000531e+01  1.29424377e+00  5.17304840e+00 
 5.40000000e-01  1.48000000e+00  5.40000000e-01  1.40600740e-08  1.16707366e+00  1.65165746e+00  9.65444709e-01  1.64463113e+00  3.19000531e+01  1.29424377e+00  5.17304840e+00 
 5.50000000e-01  1.48000000e+00  5.50000000e-01  2.71560232e-08  1.16707366e+00  1.65165746e+00  9.65444709e-01  1.64463113e+00  3.19000531e+01  1.29424377e+00  5.17304840e+00 
 5.60000000e-01  1.48000000e+00  5.60000000e-01  4.99573662e-08  1.16707366e+00  1.65165746e+00  9.65444709e-01  1.64463113e+00  3.19000531e+01  1.29424377e+00  5.17304840e+00 
 5.70000000e-01  1.48000000e+00  5.70000000e-01  8.84525999e-08  1.16707366e+00  1.65165746e+00  9.65444709e-01  1.64463113e+00  3.19000531e+01  1.29424377e+00  5.17304840e+00 
 5.80000000e-01  1.48000000e+00  5.80000000e-01  1.52356305e-07  1.16707366e+00  1.65165746e+00  9.65444709e-01  1.64463113e+00  3.19000531e+01  1.29424377e+00  5.17304840e+00 
 5.90000000e-01  1.48000000e+00  5.90000000e-01  2.57643379e-07  1.16707366e+00  1.65165746e+00  9.65444709e-01  1.64463113e+00  3.19000531e+01  1.29424377e+00  5.17304840e+00 
 6.00000000e-01  1.48000000e+00  6.00000000e-01  4.30613539e-07  1.16707366e+00  1.65165746e+00  9.65444709e-01  1.64463113e+00  3.19000531e+01  1.29424377e+00  5.17304840e+00 
 6.10000000e-01  1.48000000e+00  6.10000000e-01  7.14024898e-07  1.16707366e+00  1.65165746e+00  9.65444709e-01  1.64463113e+00  3.19000531e+01  1.29424377e+00  5.17304840e+00 
 6.20000000e-01  1.48000000e+00  6.20000000e-01  1.17509156e-06  1.16707366e+00  1.65165746e+00  9.65444709e-01  1.64463113e+00  3.19000531e+01  1.29424377e+00  5.17304840e+00 
 6.30000000e-01  1.48000000e+00  6.30000000e-01  1.91276638e-06  1.16707366e+00  1.65165746e+00  9.65444709e-01  1.64463113e+00  3.19000531e+01  1.29424377e+00  5.17304840e+00 
 6.40000000e-01  1.48000000e+00  6.40000000e-01  3.05814697e-06  1.16707366e+00  1.65165746e+00  9.65444709e-01  1.64463113e+00  3.19000531e+01  1.29424377e+00  5.17304840e+00 
 6.50000000e-01  1.48000000e+00  6.50000000e-01  4.76138262e-06  1.16707366e+00  1.65165746e+00  9.65444709e-01  1.64463113e+00  3.19000531e+01  1.29424377e+00  5.17304840e+00 
 6.60000000e-01  1.48000000e+00  6.60000000e-01  7.16638911e-06  1.16707366e+00  1.65165746e+00  9.65444709e-01  1.64463113e+00  3.19000531e+01  1.29424377e+00  5.17304840e+00 
 6.70000000e-01  1.48000000e+00  6.70000000e-01  1.03859329e-05  1.16707366e+00  1.65165746e+00  9.65444709e-01  1.64463113e+00  3.19000531e+01  1.29424377e+00  5.17304840e+00 
 6.80000000e-01  1.48000000e+00  6.80000000e-01  1.44902824e-05  1.16707366e+00  1.65165746e+00  9.65444709e-01  1.64463113e+00  3.19000531e+01  1.29424377e+00  5.17304840e+00 
 6.90000000e-01  1.48000000e+00  6.90000000e-01  1.95113268e-05  1.16707366e+00  1.65165746e+00  9.65444709e-01  1.64463113e+00  3.19000531e+01  1.29424377e+00  5.17304840e+00 
 7.00000000e-01  1.48000000e+00  7.00000000e-01  2.54545969e-05  1.16707366e+00  1.65165746e+00  9.65444709e-01  1.64463113e+00  3.19000531e+01  1.29424377e+00  5.17304840e+00 
 7.10000000e-01  1.48000000e+00  7.10000000e-01  3.23113069e-05  1.16707366e+00  1.65165746e+00  9.65444709e-01  1.64463113e+00  3.19000531e+01  1.29424377e+00  5.17304840e+00 
 7.20000000e-01  1.48000000e+00  7.20000000e-01  4.00668302e-05  1.16707366e+00  1.65165746e+00  9.65444709e-01  1.64463113e+00  3.19000531e+01  1.29424377e+00  5.17304840e+00 
 7.30000000e-01  1.48000000e+00  7.30000000e-01  4.87054394e-05  1.16707366e+00  1.65165746e+00  9.65444709e-01  1.64463113e+00  3.19000531e+01  1.29424377e+00  5.17304840e+00 
 7.40000000e-01  1.48000000e+00  7.40000000e-01  5.82124272e-05  1.16707366e+00  1.65165746e+00  9.65444709e-01  1.64463113e+00  3.19000531e+01  1.29424377e+00  5.17304840e+00 
 7.50000000e-01  1.48000000e+00  7.50000000e-01  6.85747430e-05  1.16707366e+00  1.65165746e+00  9.65444709e-01  1.64463113e+00  3.19000531e+01  1.29424377e+00  5.17304840e+00 
 7.60000000e-01  1.48000000e+00  7.60000000e-01  7.97809244e-05  1.16707366e+00  1.65165746e+00  9.65444709e-01  1.64463113e+00  3.19000531e+01  1.29424377e+00  5.17304840e+00 
 7.70000000e-01  1.48000000e+00  7.70000000e-01  9.18207644e-05  1.16707366e+00  1.65165746e+00  9.65444709e-01  1.64463113e+00  3.19000531e+01  1.29424377e+00  5.17304840e+00 
 7.80000000e-01  1.48000000e+00  7.80000000e-01  1.04684931e-04  1.16707366e+00  1.65165746e+00  9.65444709e-01  1.64463113e+00  3.19000531e+01  1.29424377e+00  5.17304840e+00 
 7.90000000e-01  1.48000000e+00  7.90000000e-01  1.18364630e-04  1.16707366e+00  1.65165746e+00  9.65444709e-01  1.64463113e+00  3.19000531e+01  1.29424377e+00  5.17304840e+00 
 8.00000000e-01  1.48000000e+00  8.00000000e-01  1.32851335e-04  1.16707366e+00  1.65165746e+00  9.65444709e-01  1.64463113e+00  3.19000531e+01  1.29424377e+00  5.17304840e+00 
 8.10000000e-01  1.48000000e+00  8.10000000e-01  1.48136594e-04  1.16707366e+00  1.65165746e+00  9.65444709e-01  1.64463113e+00  3.19000531e+01  1.29424377e+00  5.17304840e+00 
 8.20000000e-01  1.48000000e+00  8.20000000e-01  1.64211888e-04  1.16707366e+00  1.65165746e+00  9.65444709e-01  1.64463113e+00  3.19000531e+01  1.29424377e+00  5.17304840e+00 
 8.30000000e-01  1.48000000e+00  8.30000000e-01  1.81068537e-04  1.16707366e+00  1.65165746e+00  9.65444709e-01  1.64463113e+00  3.19000531e+01  1.29424377e+00  5.17304840e+00 
 8.40000000e-01  1.48000000e+00  8.40000000e-01  1.98697644e-04  1.16707366e+00  1.65165746e+00  9.65444709e-01  1.64463113e+00  3.19000531e+01  1.29424377e+00  5.17304840e+00 
 8.50000000e-01  1.48000000e+00  8.50000000e-01  2.17090058e-04  1.16707366e+00  1.65165746e+00  9.65444709e-01  1.64463113e+00  3.19000531e+01  1.29424377e+00  5.17304840e+00 
 8.60000000e-01  1.48000000e+00  8.60000000e-01  2.36236356e-04  1.16707366e+00  1.65165746e+00  9.65444709e-01  1.64463113e+00  3.19000531e+01  1.29424377e+00  5.17304840e+00 
 8.70000000e-01  1.48000000e+00  8.70000000e-01  2.56126836e-04  1.16707366e+00  1.65165746e+00  9.65444709e-01  1.64463113e+00  3.19000531e+01  1.29424377e+00  5.17304840e+00 
 8.80000000e-01  1.48000000e+00  8.80000000e-01  2.76751521e-04  1.16707366e+00  1.65165746e+00  9.65444709e-01  1.64463113e+00  3.19000531e+01  1.29424377e+00  5.17304840e+00 
 8.90000000e-01  1.48000000e+00  8.90000000e-01  2.98100164e-04  1.16707366e+00  1.65165746e+00  9.65444709e-01  1.64463113e+00  3.19000531e+01  1.29424377e+00  5.17304840e+00 
 9.00000000e-01  1.48000000e+00  9.00000000e-01  3.20162258e-04  1.16707366e+00  1.65165746e+00  9.65444709e-01  1.64463113e+00  3.19000531e+01  1.29424377e+00  5.17304840e+00 
 9.10000000e-01  1.48000000e+00  9.10000000e-01  3.42927051e-04  1.16707366e+00  1.65165746e+00  9.65444709e-01  1.64463113e+00  3.19000531e+01  1.29424377e+00  5.17304840e+00 
 9.20000000e-01  1.48000000e+00  9.20000000e-01  3.66383557e-04  1.16707366e+00  1.65165746e+00  9.65444709e-01  1.64463113e+00  3.19000531e+01  1.29424377e+00  5.17304840e+00 
 9.30000000e-01  1.48000000e+00  9.30000000e-01  3.90520570e-04  1.16707366e+00  1.65165746e+00  9.65444709e-01  1.64463113e+00  3.19000531e+01  1.29424377e+00  5.17304840e+00 
 9.40000000e-01  1.48000000e+00  9.40000000e-01  4.15326685e-04  1.16707366e+00  1.65165746e+00  9.65444709e-01  1.64463113e+00  3.19000531e+01  1.29424377e+00  5.17304840e+00 
 9.50000000e-01  1.48000000e+00  9.50000000e-01  4.40790306e-04  1.16707366e+00  1.65165746e+00  9.65444709e-01  1.64463113e+00  3.19000531e+01  1.29424377e+00  5.17304840e+00 
 9.60000000e-01  1.48000000e+00  9.60000000e-01  4.66899666e-04  1.16707366e+00  1.65165746e+00  9.65444709e-01  1.64463113e+00  3.19000531e+01  1.29424377e+00  5.17304840e+00 
 9.70000000e-01  1.48000000e+00  9.70000000e-01  4.93642830e-04  1.16707366e+00  1.65165746e+00  9.65444709e-01  1.64463113e+00  3.19000531e+01  1.29424377e+00  5.17304840e+00 
 9.80000000e-01  1.48000000e+00  9.80000000e-01  5.21007730e-04  1.16707366e+00  1.65165746e+00  9.65444709e-01  1.64463113e+00  3.19000531e+01  1.29424377e+00  5.17304840e+00 
 9.90000000e-01  1.48000000e+00  9.90000000e-01  5.48982169e-04  1.16707366e+00  1.65165746e+00  9.65444709e-01  1.64463113e+00  3.19000531e+01  1.29424377e+00  5.17304840e+00 
 1.00000000e+00  1.48000000e+00  1.00000000e+00  5.77553840e-04  1.16707366e+00  1.65165746e+00  9.65444709e-01  1.64463113e+00  3.19000531e+01  1.29424377e+00  5.17304840e+00 
 1.01000000e+00  1.48000000e+00  1.01000000e+00  6.06710334e-04  1.16707366e+00  1.65165746e+00  9.65444709e-01  1.64463113e+00  3.19000531e+01  1.29424377e+00  5.17304840e+00 
 1.02000000e+00  1.48000000e+00  1.02000000e+00  6.36439160e-04  1.16707366e+00  1.65165746e+00  9.65444709e-01  1.64463113e+00  3.19000531e+01  1.29424377e+00  5.17304840e+00 
 1.03000000e+00  1.48000000e+00  1.03000000e+00  6.66727753e-04  1.16707366e+00  1.65165746e+00  9.65444709e-01  1.64463113e+00  3.19000531e+01  1.29424377e+00  5.17304840e+00 
 1.04000000e+00  1.48000000e+00  1.04000000e+00  6.97563489e-04  1.16707366e+00  1.65165746e+00  9.65444709e-01  1.64463113e+00  3.19000531e+01  1.29424377e+00  5.17304840e+00 
 1.05000000e+00  1.48000000e+00  1.05000000e+00  7.28933699e-04  1.16707366e+00  1.65165746e+00  9.65444709e-01  1.64463113e+00  3.19000531e+01  1.29424377e+00  5.17304840e+00 
 1.06000000e+00  1.48000000e+00  1.06000000e+00  7.60825680e-04  1.16707366e+00  1.65165746e+00  9.65444709e-01  1.64463113e+00  3.19000531e+01  1.29424377e+00  5.17304840e+00 
 1.07000000e+00  1.48000000e+00  1.07000000e+00  7.93226707e-04  1.16707366e+00  1.65165746e+00  9.65444709e-01  1.64463113e+00  3.19000531e+01  1.29424377e+00  5.17304840e+00 
 1.08000000e+00  1.48000000e+00  1.08000000e+00  8.26124041e-04  1.16707366e+00  1.65165746e+00  9.65444709e-01  1.64463113e+00  3.19000531e+01  1.29424377e+00  5.17304840e+00 
 1.09000000e+00  1.48000000e+00  1.09000000e+00  8.59504949e-04  1.16707366e+00  1.65165746e+00  9.65444709e-01  1.64463113e+00  3.19000531e+01  1.29424377e+00  5.17304840e+00 
 1.10000000e+00  1.48000000e+00  1.10000000e+00  8.93356703e-04  1.16707366e+00  1.65165746e+00  9.65444709e-01  1.64463113e+00  3.19000531e+01  1.29424377e+00  5.17304840e+00 
 1.11000000e+00  1.48000000e+00  1.11000000e+00  9.27666599e-04  1.16707366e+00  1.65165746e+00  9.65444709e-01  1.64463113e+00  3.19000531e+01  1.29424377e+00  5.17304840e+00 
 1.12000000e+00  1.48000000e+00  1.12000000e+00  9.62421961e-04  1.16707366e+00  1.65165746e+00  9.65444709e-01  1.64463113e+00  3.19000531e+01  1.29424377e+00  5.17304840e+00 
 1.13000000e+00  1.48000000e+00  1.13000000e+00  9.97610155e-04  1.16707366e+00  1.65165746e+00  9.65444709e-01  1.64463113e+00  3.19000531e+01  1.29424377e+00  5.17304840e+00 
 1.14000000e+00  1.48000000e+00  1.14000000e+00  1.03321859e-03  1.16707366e+00  1.65165746e+00  9.65444709e-01  1.64463113e+00  3.19000531e+01  1.29424377e+00  5.17304840e+00 
 1.15000000e+00  1.48000000e+00  1.15000000e+00  1.06923475e-03  1.16707366e+00  1.65165746e+00  9.65444709e-01  1.64463113e+00  3.19000531e+01  1.29424377e+00  5.17304840e+00 
 1.16000000e+00  1.48000000e+00  1.16000000e+00  1.10564615e-03  1.16707366e+00  1.65165746e+00  9.65444709e-01  1.64463113e+00  3.19000531e+01  1.29424377e+00  5.17304840e+00 
 1.17000000e+00  1.48000000e+00  1.17000000e+00  1.14244040e-03  1.16707366e+00  1.65165746e+00  9.65444709e-01  1.64463113e+00  3.19000531e+01  1.29424377e+00  5.17304840e+00 
 1.18000000e+00  1.48000000e+00  1.18000000e+00  1.17960520e-03  1.16707366e+00  1.65165746e+00  9.65444709e-01  1.64463113e+00  3.19000531e+01  1.29424377e+00  5.17304840e+00 
 1.19000000e+00  1.48000000e+00  1.19000000e+00  1.21712831e-03  1.16707366e+00  1.65165746e+00  9.65444709e-01  1.64463113e+00  3.19000531e+01  1.29424377e+00  5.17304840e+00 
 1.20000000e+00  1.48000000e+00  1.20000000e+00  1.25499759e-03  1.16707366e+00  1.65165746e+00  9.65444709e-01  1.64463113e+00  3.19000531e+01  1.29424377e+00  5.17304840e+00 
 1.21000000e+00  1.48000000e+00  1.21000000e+00  1.29320101e-03  1.16707366e+00  1.65165746e+00  9.65444709e-01  1.64463113e+00  3.19000531e+01  1.29424377e+00  5.17304840e+00 
 1.22000000e+00  1.48000000e+00  1.22000000e+00  1.33172663e-03  1.16707366e+00  1.65165746e+00  9.65444709e-01  1.64463113e+00  3.19000531e+01  1.29424377e+00  5.17304840e+00 
 1.23000000e+00  1.48000000e+00  1.23000000e+00  1.37056263e-03  1.16707366e+00  1.65165746e+00  9.65444709e-01  1.64463113e+00  3.19000531e+01  1.29424377e+00  5.17304840e+00 
 1.24000000e+00  1.48000000e+00  1.24000000e+00  1.40969728e-03  1.16707366e+00  1.65165746e+00  9.65444709e-01  1.64463113e+00  3.19000531e+01  1.29424377e+00  5.17304840e+00 
 1.25000000e+00  1.48000000e+00  1.25000000e+00  1.44911900e-03  1.16707366e+00  1.65165746e+00  9.65444709e-01  1.64463113e+00  3.19000531e+01  1.29424377e+00  5.17304840e+00 
 1.26000000e+00  1.48000000e+00  1.26000000e+00  1.48881632e-03  1.16707366e+00  1.65165746e+00  9.65444709e-01  1.64463113e+00  3.19000531e+01  1.29424377e+00  5.17304840e+00 
 1.27000000e+00  1.48000000e+00  1.27000000e+00  1.52877788e-03  1.16707366e+00  1.65165746e+00  9.65444709e-01  1.64463113e+00  3.19000531e+01  1.29424377e+00  5.17304840e+00 
 1.28000000e+00  1.48000000e+00  1.28000000e+00  1.56899246e-03  1.16707366e+00  1.65165746e+00  9.65444709e-01  1.64463113e+00  3.19000531e+01  1.29424377e+00  5.17304840e+00 
 1.29000000e+00  1.48000000e+00  1.29000000e+00  1.60944899e-03  1.16707366e+00  1.65165746e+00  9.65444709e-01  1.64463113e+00  3.19000531e+01  1.29424377e+00  5.17304840e+00 
 1.30000000e+00  1.48000000e+00  1.30000000e+00  1.65013649e-03  1.16707366e+00  1.65165746e+00  9.65444709e-01  1.64463113e+00  3.19000531e+01  1.29424377e+00  5.17304840e+00 
 1.31000000e+00  1.48000000e+00  1.31000000e+00  1.69104417e-03  1.16707366e+00  1.65165746e+00  9.65444709e-01  1.64463113e+00  3.19000531e+01  1.29424377e+00  5.17304840e+00 
 1.32000000e+00  1.48000000e+00  1.32000000e+00  1.73216135e-03  1.16707366e+00  1.65165746e+00  9.65444709e-01  1.64463113e+00  3.19000531e+01  1.29424377e+00  5.17304840e+00 
 1.33000000e+00  1.48000000e+00  1.33000000e+00  1.77347749e-03  1.16707366e+00  1.65165746e+00  9.65444709e-01  1.64463113e+00  3.19000531e+01  1.29424377e+00  5.17304840e+00 
 1.34000000e+00  1.48000000e+00  1.34000000e+00  1.81498220e-03  1.16707366e+00  1.65165746e+00  9.65444709e-01  1.64463113e+00  3.19000531e+01  1.29424377e+00  5.17304840e+00 
 1.35000000e+00  1.48000000e+00  1.35000000e+00  1.85666523e-03  1.16707366e+00  1.65165746e+00  9.65444709e-01  1.64463113e+00  3.19000531e+01  1.29424377e+00  5.17304840e+00 
 1.36000000e+00  1.48000000e+00  1.36000000e+00  1.89851648e-03  1.16707366e+00  1.65165746e+00  9.65444709e-01  1.64463113e+00  3.19000531e+01  1.29424377e+00  5.17304840e+00 
 1.37000000e+00  1.48000000e+00  1.37000000e+00  1.94052600e-03  1.16707366e+00  1.65165746e+00  9.65444709e-01  1.64463113e+00  3.19000531e+01  1.29424377e+00  5.17304840e+00 
 1.38000000e+00  1.48000000e+00  1.38000000e+00  1.98268398e-03  1.16707366e+00  1.65165746e+00  9.65444709e-01  1.64463113e+00  3.19000531e+01  1.29424377e+00  5.17304840e+00 
 1.39000000e+00  1.48000000e+00  1.39000000e+00  2.02498075e-03  1.16707366e+00  1.65165746e+00  9.65444709e-01  1.64463113e+00  3.19000531e+01  1.29424377e+00  5.17304840e+00 
 1.40000000e+00  1.48000000e+00  1.40000000e+00  2.06740682e-03  1.16707366e+00  1.65165746e+00  9.65444709e-01  1.64463113e+00  3.19000531e+01  1.29424377e+00  5.17304840e+00 
 1.41000000e+00  1.48000000e+00  1.41000000e+00  2.10995280e-03  1.16707366e+00  1.65165746e+00  9.65444709e-01  1.64463113e+00  3.19000531e+01  1.29424377e+00  5.17304840e+00 
 1.42000000e+00  1.48000000e+00  1.42000000e+00  2.15260949e-03  1.16707366e+00  1.65165746e+00  9.65444709e-01  1.64463113e+00  3.19000531e+01  1.29424377e+00  5.17304840e+00 
 1.43000000e+00  1.48000000e+00  1.43000000e+00  2.19536782e-03  1.16707366e+00  1.65165746e+00  9.65444709e-01  1.64463113e+00  3.19000531e+01  1.29424377e+00  5.17304840e+00 
 1.44000000e+00  1.48000000e+00  1.44000000e+00  2.23821887e-03  1.16707366e+00  1.65165746e+00  9.65444709e-01  1.64463113e+00  3.19000531e+01  1.29424377e+00  5.17304840e+00 
 1.45000000e+00  1.48000000e+00  1.45000000e+00  2.28115386e-03  1.16707366e+00  1.65165746e+00  9.65444709e-01  1.64463113e+00  3.19000531e+01  1.29424377e+00  5.17304840e+00 
 1.46000000e+00  1.48000000e+00  1.46000000e+00  2.32416417e-03  1.16707366e+00  1.65165746e+00  9.65444709e-01  1.64463113e+00  3.19000531e+01  1.29424377e+00  5.17304840e+00 
 1.47000000e+00  1.48000000e+00  1.47000000e+00  2.36724130e-03  1.16707366e+00  1.65165746e+00  9.65444709e-01  1.64463113e+00  3.19000531e+01  1.29424377e+00  5.17304840e+00 
 1.48000000e+00  1.48000000e+00  1.48000000e+00  2.41037693e-03  1.16707366e+00  1.65165746e+00  9.65444709e-01  1.64463113e+00  3.19000531e+01  1.29424377e+00  5.17304840e+00 
 1.49000000e+00  1.48000000e+00  1.49000000e+00  2.45356285e-03  1.16707366e+00  1.65165746e+00  9.65444709e-01  1.64463113e+00  3.19000531e+01  1.29424377e+00  5.17304840e+00 
 1.50000000e+00  1.48000000e+00  1.50000000e+00  2.49679102e-03  1.16707366e+00  1.65165746e+00  9.65444709e-01  1.64463113e+00  3.19000531e+01  1.29424377e+00  5.17304840e+00 
 1.51000000e+00  1.48000000e+00  1.51000000e+00  2.54005351e-03  1.16707366e+00  1.65165746e+00  9.65444709e-01  1.64463113e+00  3.19000531e+01  1.29424377e+00  5.17304840e+00 
 1.52000000e+00  1.48000000e+00  1.52000000e+00  2.58334256e-03  1.16707366e+00  1.65165746e+00  9.65444709e-01  1.64463113e+00  3.19000531e+01  1.29424377e+00  5.17304840e+00 
 1.53000000e+00  1.48000000e+00  1.53000000e+00  2.62665053e-03  1.16707366e+00  1.65165746e+00  9.65444709e-01  1.64463113e+00  3.19000531e+01  1.29424377e+00  5.17304840e+00 
 1.54000000e+00  1.48000000e+00  1.54000000e+00  2.66996992e-03  1.16707366e+00  1.65165746e+00  9.65444709e-01  1.64463113e+00  3.19000531e+01  1.29424377e+00  5.17304840e+00 
 1.55000000e+00  1.48000000e+00  1.55000000e+00  2.71329336e-03  1.16707366e+00  1.65165746e+00  9.65444709e-01  1.64463113e+00  3.19000531e+01  1.29424377e+00  5.17304840e+00 
 1.56000000e+00  1.48000000e+00  1.56000000e+00  2.75661362e-03  1.16707366e+00  1.65165746e+00  9.65444709e-01  1.64463113e+00  3.19000531e+01  1.29424377e+00  5.17304840e+00 
 1.57000000e+00  1.48000000e+00  1.57000000e+00  2.79992360e-03  1.16707366e+00  1.65165746e+00  9.65444709e-01  1.64463113e+00  3.19000531e+01  1.29424377e+00  5.17304840e+00 
 1.58000000e+00  1.48000000e+00  1.58000000e+00  2.84321632e-03  1.16707366e+00  1.65165746e+00  9.65444709e-01  1.64463113e+00  3.19000531e+01  1.29424377e+00  5.17304840e+00 
 1.59000000e+00  1.48000000e+00  1.59000000e+00  2.88648494e-03  1.16707366e+00  1.65165746e+00  9.65444709e-01  1.64463113e+00  3.19000531e+01  1.29424377e+00  5.17304840e+00 
 1.60000000e+00  1.48000000e+00  1.60000000e+00  2.92972274e-03  1.16707366e+00  1.65165746e+00  9.65444709e-01  1.64463113e+00  3.19000531e+01  1.29424377e+00  5.17304840e+00 
 1.61000000e+00  1.48000000e+00  1.61000000e+00  2.97292311e-03  1.16707366e+00  1.65165746e+00  9.65444709e-01  1.64463113e+00  3.19000531e+01  1.29424377e+00  5.17304840e+00 
 1.62000000e+00  1.48000000e+00  1.62000000e+00  3.01607960e-03  1.16707366e+00  1.65165746e+00  9.65444709e-01  1.64463113e+00  3.19000531e+01  1.29424377e+00  5.17304840e+00 
 1.63000000e+00  1.48000000e+00  1.63000000e+00  3.05918583e-03  1.16707366e+00  1.65165746e+00  9.65444709e-01  1.64463113e+00  3.19000531e+01  1.29424377e+00  5.17304840e+00 
 1.64000000e+00  1.48000000e+00  1.64000000e+00  3.10223557e-03  1.16707366e+00  1.65165746e+00  9.65444709e-01  1.64463113e+00  3.19000531e+01  1.29424377e+00  5.17304840e+00 
 1.65000000e+00  1.48000000e+00  1.65000000e+00  3.14522269e-03  1.16707366e+00  1.65165746e+00  9.65444709e-01  1.64463113e+00  3.19000531e+01  1.29424377e+00  5.17304840e+00 
 1.66000000e+00  1.48000000e+00  1.66000000e+00  3.18814118e-03  1.16707366e+00  1.65165746e+00  9.65444709e-01  1.64463113e+00  3.19000531e+01  1.29424377e+00  5.17304840e+00 
 1.67000000e+00  1.48000000e+00  1.67000000e+00  3.23098514e-03  1.16707366e+00  1.65165746e+00  9.65444709e-01  1.64463113e+00  3.19000531e+01  1.29424377e+00  5.17304840e+00 
 1.68000000e+00  1.48000000e+00  1.68000000e+00  3.27374877e-03  1.16707366e+00  1.65165746e+00  9.65444709e-01  1.64463113e+00  3.19000531e+01  1.29424377e+00  5.17304840e+00 
 1.69000000e+00  1.48000000e+00  1.69000000e+00  3.31642639e-03  1.16707366e+00  1.65165746e+00  9.65444709e-01  1.64463113e+00  3.19000531e+01  1.29424377e+00  5.17304840e+00 
 1.70000000e+00  1.48000000e+00  1.70000000e+00  3.35901241e-03  1.16707366e+00  1.65165746e+00  9.65444709e-01  1.64463113e+00  3.19000531e+01  1.29424377e+00  5.17304840e+00 
 1.71000000e+00  1.48000000e+00  1.71000000e+00  3.40150135e-03  1.16707366e+00  1.65165746e+00  9.65444709e-01  1.64463113e+00  3.19000531e+01  1.29424377e+00  5.17304840e+00 
 1.72000000e+00  1.48000000e+00  1.72000000e+00  3.44388783e-03  1.16707366e+00  1.65165746e+00  9.65444709e-01  1.64463113e+00  3.19000531e+01  1.29424377e+00  5.17304840e+00 
 1.73000000e+00  1.48000000e+00  1.73000000e+00  3.48616656e-03  1.16707366e+00  1.65165746e+00  9.65444709e-01  1.64463113e+00  3.19000531e+01  1.29424377e+00  5.17304840e+00 
 1.74000000e+00  1.48000000e+00  1.74000000e+00  3.52833236e-03  1.16707366e+00  1.65165746e+00  9.65444709e-01  1.64463113e+00  3.19000531e+01  1.29424377e+00  5.17304840e+00 
 1.75000000e+00  1.48000000e+00  1.75000000e+00  3.57038013e-03  1.16707366e+00  1.65165746e+00  9.65444709e-01  1.64463113e+00  3.19000531e+01  1.29424377e+00  5.17304840e+00 
 1.76000000e+00  1.48000000e+00  1.76000000e+00  3.61230485e-03  1.16707366e+00  1.65165746e+00  9.65444709e-01  1.64463113e+00  3.19000531e+01  1.29424377e+00  5.17304840e+00 
 1.77000000e+00  1.48000000e+00  1.77000000e+00  3.65410161e-03  1.16707366e+00  1.65165746e+00  9.65444709e-01  1.64463113e+00  3.19000531e+01  1.29424377e+00  5.17304840e+00 
 1.78000000e+00  1.48000000e+00  1.78000000e+00  3.69576559e-03  1.16707366e+00  1.65165746e+00  9.65444709e-01  1.64463113e+00  3.19000531e+01  1.29424377e+00  5.17304840e+00 
 1.79000000e+00  1.48000000e+00  1.79000000e+00  3.73729203e-03  1.16707366e+00  1.65165746e+00  9.65444709e-01  1.64463113e+00  3.19000531e+01  1.29424377e+00  5.17304840e+00 
 1.80000000e+00  1.48000000e+00  1.80000000e+00  3.77867627e-03  1.16707366e+00  1.65165746e+00  9.65444709e-01  1.64463113e+00  3.19000531e+01  1.29424377e+00  5.17304840e+00 
 1.81000000e+00  1.48000000e+00  1.81000000e+00  3.81991371e-03  1.16707366e+00  1.65165746e+00  9.65444709e-01  1.64463113e+00  3.19000531e+01  1.29424377e+00  5.17304840e+00 
 1.82000000e+00  1.48000000e+00  1.82000000e+00  3.86099987e-03  1.16707366e+00  1.65165746e+00  9.65444709e-01  1.64463113e+00  3.19000531e+01  1.29424377e+00  5.17304840e+00 
 1.83000000e+00  1.48000000e+00  1.83000000e+00  3.90193030e-03  1.16707366e+00  1.65165746e+00  9.65444709e-01  1.64463113e+00  3.19000531e+01  1.29424377e+00  5.17304840e+00 
 1.84000000e+00  1.48000000e+00  1.84000000e+00  3.94270064e-03  1.16707366e+00  1.65165746e+00  9.65444709e-01  1.64463113e+00  3.19000531e+01  1.29424377e+00  5.17304840e+00 
 1.85000000e+00  1.48000000e+00  1.85000000e+00  3.98330661e-03  1.16707366e+00  1.65165746e+00  9.65444709e-01  1.64463113e+00  3.19000531e+01  1.29424377e+00  5.17304840e+00 
