 0.00000000e+00  1.48000000e+00  0.00000000e+00  1.48148160e-12  1.21224996e+00  1.78847579e+00  1.03533882e+00  1.63942730e+00  2.96634186e+01  1.41837068e+00  5.39501206e+00 
 1.00000000e-02  1.48000000e+00  1.00000000e-02  1.48148160e-12  1.21224996e+00  1.78847579e+00  1.03533882e+00  1.63942730e+00  2.96634186e+01  1.41837068e+00  5.39501206e+00 
 2.00000000e-02  1.48000000e+00  2.00000000e-02  1.48148160e-12  1.21224996e+00  1.78847579e+00  1.03533882e+00  1.63942730e+00  2.96634186e+01  1.41837068e+00  5.39501206e+00 
 3.00000000e-02  1.48000000e+00  3.00000000e-02  1.48148160e-12  1.21224996e+00  1.78847579e+00  1.03533882e+00  1.63942730e+00  2.96634186e+01  1.41837068e+00  5.39501206e+00 
 4.00000000e-02  1.48000000e+00  4.00000000e-02  1.48148160e-12  1.21224996e+00  1.78847579e+00  1.03533882e+00  1.63942730e+00  2.96634186e+01  1.41837068e+00  5.39501206e+00 
 5.00000000e-02  1.48000000e+00  5.00000000e-02  1.48148160e-12  1.21224996e+00  1.78847579e+00  1.03533882e+00  1.63942730e+00  2.96634186e+01  1.41837068e+00  5.39501206e+00 
 6.00000000e-02  1.48000000e+00  6.00000000e-02  1.48148160e-12  1.21224996e+00  1.78847579e+00  1.03533882e+00  1.63942730e+00  2.96634186e+01  1.41837068e+00  5.39501206e+00 
 7.00000000e-02  1.48000000e+00  7.00000000e-02  1.48148160e-12  1.21224996e+00  1.78847579e+00  1.03533882e+00  1.63942730e+00  2.96634186e+01  1.41837068e+00  5.39501206e+00 
 8.00000000e-02  1.48000000e+00  8.00000000e-02  1.48148160e-12  1.21224996e+00  1.78847579e+00  1.03533882e+00  1.63942730e+00  2.96634186e+01  1.41837068e+00  5.39501206e+00 
 9.00000000e-02  1.48000000e+00  9.00000000e-02  1.48148160e-12  1.21224996e+00  1.78847579e+00  1.03533882e+00  1.63942730e+00  2.96634186e+01  1.41837068e+00  5.39501206e+00 
 1.00000000e-01  1.48000000e+00  1.00000000e-01  1.48148160e-12  1.21224996e+00  1.78847579e+00  1.03533882e+00  1.63942730e+00  2.96634186e+01  1.41837068e+00  5.39501206e+00 
 1.10000000e-01  1.48000000e+00  1.10000000e-01  1.48148160e-12  1.21224996e+00  1.78847579e+00  1.03533882e+00  1.63942730e+00  2.96634186e+01  1.41837068e+00  5.39501206e+00 
 1.20000000e-01  1.48000000e+00  1.20000000e-01  1.48148160e-12  1.21224996e+00  1.78847579e+00  1.03533882e+00  1.63942730e+00  2.96634186e+01  1.41837068e+00  5.39501206e+00 
 1.30000000e-01  1.48000000e+00  1.30000000e-01  1.48148160e-12  1.21224996e+00  1.78847579e+00  1.03533882e+00  1.63942730e+00  2.96634186e+01  1.41837068e+00  5.39501206e+00 
 1.40000000e-01  1.48000000e+00  1.40000000e-01  1.48148160e-12  1.21224996e+00  1.78847579e+00  1.03533882e+00  1.63942730e+00  2.96634186e+01  1.41837068e+00  5.39501206e+00 
 1.50000000e-01  1.48000000e+00  1.50000000e-01  1.48148160e-12  1.21224996e+00  1.78847579e+00  1.03533882e+00  1.63942730e+00  2.96634186e+01  1.41837068e+00  5.39501206e+00 
 1.60000000e-01  1.48000000e+00  1.60000000e-01  1.48148160e-12  1.21224996e+00  1.78847579e+00  1.03533882e+00  1.63942730e+00  2.96634186e+01  1.41837068e+00  5.39501206e+00 
 1.70000000e-01  1.48000000e+00  1.70000000e-01  1.48148160e-12  1.21224996e+00  1.78847579e+00  1.03533882e+00  1.63942730e+00  2.96634186e+01  1.41837068e+00  5.39501206e+00 
 1.80000000e-01  1.48000000e+00  1.80000000e-01  1.48148160e-12  1.21224996e+00  1.78847579e+00  1.03533882e+00  1.63942730e+00  2.96634186e+01  1.41837068e+00  5.39501206e+00 
 1.90000000e-01  1.48000000e+00  1.90000000e-01  1.48148160e-12  1.21224996e+00  1.78847579e+00  1.03533882e+00  1.63942730e+00  2.96634186e+01  1.41837068e+00  5.39501206e+00 
 2.00000000e-01  1.48000000e+00  2.00000000e-01  1.48148160e-12  1.21224996e+00  1.78847579e+00  1.03533882e+00  1.63942730e+00  2.96634186e+01  1.41837068e+00  5.39501206e+00 
 2.10000000e-01  1.48000000e+00  2.10000000e-01  1.48148160e-12  1.21224996e+00  1.78847579e+00  1.03533882e+00  1.63942730e+00  2.96634186e+01  1.41837068e+00  5.39501206e+00 
 2.20000000e-01  1.48000000e+00  2.20000000e-01  1.48148160e-12  1.21224996e+00  1.78847579e+00  1.03533882e+00  1.63942730e+00  2.96634186e+01  1.41837068e+00  5.39501206e+00 
 2.30000000e-01  1.48000000e+00  2.30000000e-01  1.48148160e-12  1.21224996e+00  1.78847579e+00  1.03533882e+00  1.63942730e+00  2.96634186e+01  1.41837068e+00  5.39501206e+00 
 2.40000000e-01  1.48000000e+00  2.40000000e-01  1.48148160e-12  1.21224996e+00  1.78847579e+00  1.03533882e+00  1.63942730e+00  2.96634186e+01  1.41837068e+00  5.39501206e+00 
 2.50000000e-01  1.48000000e+00  2.50000000e-01  1.48148160e-12  1.21224996e+00  1.78847579e+00  1.03533882e+00  1.63942730e+00  2.96634186e+01  1.41837068e+00  5.39501206e+00 
 2.60000000e-01  1.48000000e+00  2.60000000e-01  1.48148160e-12  1.21224996e+00  1.78847579e+00  1.03533882e+00  1.63942730e+00  2.96634186e+01  1.41837068e+00  5.39501206e+00 
 2.70000000e-01  1.48000000e+00  2.70000000e-01  1.48148160e-12  1.21224996e+00  1.78847579e+00  1.03533882e+00  1.63942730e+00  2.96634186e+01  1.41837068e+00  5.39501206e+00 
 2.80000000e-01  1.48000000e+00  2.80000000e-01  1.48148160e-12  1.21224996e+00  1.78847579e+00  1.03533882e+00  1.63942730e+00  2.96634186e+01  1.41837068e+00  5.39501206e+00 
 2.90000000e-01  1.48000000e+00  2.90000000e-01  1.48148160e-12  1.21224996e+00  1.78847579e+00  1.03533882e+00  1.63942730e+00  2.96634186e+01  1.41837068e+00  5.39501206e+00 
 3.00000000e-01  1.48000000e+00  3.00000000e-01  1.48148160e-12  1.21224996e+00  1.78847579e+00  1.03533882e+00  1.63942730e+00  2.96634186e+01  1.41837068e+00  5.39501206e+00 
 3.10000000e-01  1.48000000e+00  3.10000000e-01  1.48148160e-12  1.21224996e+00  1.78847579e+00  1.03533882e+00  1.63942730e+00  2.96634186e+01  1.41837068e+00  5.39501206e+00 
 3.20000000e-01  1.48000000e+00  3.20000000e-01  1.48148160e-12  1.21224996e+00  1.78847579e+00  1.03533882e+00  1.63942730e+00  2.96634186e+01  1.41837068e+00  5.39501206e+00 
 3.30000000e-01  1.48000000e+00  3.30000000e-01  1.48148160e-12  1.21224996e+00  1.78847579e+00  1.03533882e+00  1.63942730e+00  2.96634186e+01  1.41837068e+00  5.39501206e+00 
 3.40000000e-01  1.48000000e+00  3.40000000e-01  1.48148160e-12  1.21224996e+00  1.78847579e+00  1.03533882e+00  1.63942730e+00  2.96634186e+01  1.41837068e+00  5.39501206e+00 
 3.50000000e-01  1.48000000e+00  3.50000000e-01  1.48148160e-12  1.21224996e+00  1.78847579e+00  1.03533882e+00  1.63942730e+00  2.96634186e+01  1.41837068e+00  5.39501206e+00 
 3.60000000e-01  1.48000000e+00  3.60000000e-01  1.48148160e-12  1.21224996e+00  1.78847579e+00  1.03533882e+00  1.63942730e+00  2.96634186e+01  1.41837068e+00  5.39501206e+00 
 3.70000000e-01  1.48000000e+00  3.70000000e-01  1.48148160e-12  1.21224996e+00  1.78847579e+00  1.03533882e+00  1.63942730e+00  2.96634186e+01  1.41837068e+00  5.39501206e+00 
 3.80000000e-01  1.48000000e+00  3.80000000e-01  1.48325796e-12  1.21224996e+00  1.78847579e+00  1.03533882e+00  1.63942730e+00  2.96634186e+01  1.41837068e+00  5.39501206e+00 
 3.90000000e-01  1.48000000e+00  3.90000000e-01  1.48325796e-12  1.21224996e+00  1.78847579e+00  1.03533882e+00  1.63942730e+00  2.96634186e+01  1.41837068e+00  5.39501206e+00 
 4.00000000e-01  1.48000000e+00  4.00000000e-01  1.48503432e-12  1.21224996e+00  1.78847579e+00  1.03533882e+00  1.63942730e+00  2.96634186e+01  1.41837068e+00  5.39501206e+00 
 4.10000000e-01  1.48000000e+00  4.10000000e-01  1.48503432e-12  1.21224996e+00  1.78847579e+00  1.03533882e+00  1.63942730e+00  2.96634186e+01  1.41837068e+00  5.39501206e+00 
 4.20000000e-01  1.48000000e+00  4.20000000e-01  1.49391610e-12  1.21224996e+00  1.78847579e+00  1.03533882e+00  1.63942730e+00  2.96634186e+01  1.41837068e+00  5.39501206e+00 
 4.30000000e-01  1.48000000e+00  4.30000000e-01  1.50812696e-12  1.21224996e+00  1.78847579e+00  1.03533882e+00  1.63942730e+00  2.96634186e+01  1.41837068e+00  5.39501206e+00 
 4.40000000e-01  1.48000000e+00  4.40000000e-01  1.54898316e-12  1.21224996e+00  1.78847579e+00  1.03533882e+00  1.63942730e+00  2.96634186e+01  1.41837068e+00  5.39501206e+00 
 4.50000000e-01  1.48000000e+00  4.50000000e-01  1.66089364e-12  1.21224996e+00  1.78847579e+00  1.03533882e+00  1.63942730e+00  2.96634186e+01  1.41837068e+00  5.39501206e+00 
 4.60000000e-01  1.48000000e+00  4.60000000e-01  1.95221617e-12  1.21224996e+00  1.78847579e+00  1.03533882e+00  1.63942730e+00  2.96634186e+01  1.41837068e+00  5.39501206e+00 
 4.70000000e-01  1.48000000e+00  4.70000000e-01  2.71782596e-12  1.21224996e+00  1.78847579e+00  1.03533882e+00  1.63942730e+00  2.96634186e+01  1.41837068e+00  5.39501206e+00 
 4.80000000e-01  1.48000000e+00  4.80000000e-01  4.71622741e-12  1.21224996e+00  1.78847579e+00  1.03533882e+00  1.63942730e+00  2.96634186e+01  1.41837068e+00  5.39501206e+00 
 4.90000000e-01  1.48000000e+00  4.90000000e-01  9.92983473e-12  1.21224996e+00  1.78847579e+00  1.03533882e+00  1.63942730e+00  2.96634186e+01  1.41837068e+00  5.39501206e+00 
 5.00000000e-01  1.48000000e+00  5.00000000e-01  2.34425812e-11  1.21224996e+00  1.78847579e+00  1.03533882e+00  1.63942730e+00  2.96634186e+01  1.41837068e+00  5.39501206e+00 
 5.10000000e-01  1.48000000e+00  5.10000000e-01  5.81472648e-11  1.21224996e+00  1.78847579e+00  1.03533882e+00  1.63942730e+00  2.96634186e+01  1.41837068e+00  5.39501206e+00 
 5.20000000e-01  1.48000000e+00  5.20000000e-01  1.46018309e-10  1.21224996e+00  1.78847579e+00  1.03533882e+00  1.63942730e+00  2.96634186e+01  1.41837068e+00  5.39501206e+00 
 5.30000000e-01  1.48000000e+00  5.30000000e-01  3.63693076e-10  1.21224996e+00  1.78847579e+00  1.03533882e+00  1.63942730e+00  2.96634186e+01  1.41837068e+00  5.39501206e+00 
 5.40000000e-01  1.48000000e+00  5.40000000e-01  8.86059226e-10  1.21224996e+00  1.78847579e+00  1.03533882e+00  1.63942730e+00  2.96634186e+01  1.41837068e+00  5.39501206e+00 
 5.50000000e-01  1.48000000e+00  5.50000000e-01  2.08568984e-09  1.21224996e+00  1.78847579e+00  1.03533882e+00  1.63942730e+00  2.96634186e+01  1.41837068e+00  5.39501206e+00 
 5.60000000e-01  1.48000000e+00  5.60000000e-01  4.68998351e-09  1.21224996e+00  1.78847579e+00  1.03533882e+00  1.63942730e+00  2.96634186e+01  1.41837068e+00  5.39501206e+00 
 5.70000000e-01  1.48000000e+00  5.70000000e-01  9.98842609e-09  1.21224996e+00  1.78847579e+00  1.03533882e+00  1.63942730e+00  2.96634186e+01  1.41837068e+00  5.39501206e+00 
 5.80000000e-01  1.48000000e+00  5.80000000e-01  2.00814867e-08  1.21224996e+00  1.78847579e+00  1.03533882e+00  1.63942730e+00  2.96634186e+01  1.41837068e+00  5.39501206e+00 
 5.90000000e-01  1.48000000e+00  5.90000000e-01  3.82345071e-08  1.21224996e+00  1.78847579e+00  1.03533882e+00  1.63942730e+00  2.96634186e+01  1.41837068e+00  5.39501206e+00 
 6.00000000e-01  1.48000000e+00  6.00000000e-01  6.95228710e-08  1.21224996e+00  1.78847579e+00  1.03533882e+00  1.63942730e+00  2.96634186e+01  1.41837068e+00  5.39501206e+00 
 6.10000000e-01  1.48000000e+00  6.10000000e-01  1.22035551e-07  1.21224996e+00  1.78847579e+00  1.03533882e+00  1.63942730e+00  2.96634186e+01  1.41837068e+00  5.39501206e+00 
 6.20000000e-01  1.48000000e+00  6.20000000e-01  2.08957797e-07  1.21224996e+00  1.78847579e+00  1.03533882e+00  1.63942730e+00  2.96634186e+01  1.41837068e+00  5.39501206e+00 
 6.30000000e-01  1.48000000e+00  6.30000000e-01  3.51994725e-07  1.21224996e+00  1.78847579e+00  1.03533882e+00  1.63942730e+00  2.96634186e+01  1.41837068e+00  5.39501206e+00 
 6.40000000e-01  1.48000000e+00  6.40000000e-01  5.86787568e-07  1.21224996e+00  1.78847579e+00  1.03533882e+00  1.63942730e+00  2.96634186e+01  1.41837068e+00  5.39501206e+00 
 6.50000000e-01  1.48000000e+00  6.50000000e-01  9.70833380e-07  1.21224996e+00  1.78847579e+00  1.03533882e+00  1.63942730e+00  2.96634186e+01  1.41837068e+00  5.39501206e+00 
 6.60000000e-01  1.48000000e+00  6.60000000e-01  1.59308420e-06  1.21224996e+00  1.78847579e+00  1.03533882e+00  1.63942730e+00  2.96634186e+01  1.41837068e+00  5.39501206e+00 
 6.70000000e-01  1.48000000e+00  6.70000000e-01  2.58098972e-06  1.21224996e+00  1.78847579e+00  1.03533882e+00  1.63942730e+00  2.96634186e+01  1.41837068e+00  5.39501206e+00 
 6.80000000e-01  1.48000000e+00  6.80000000e-01  4.09682743e-06  1.21224996e+00  1.78847579e+00  1.03533882e+00  1.63942730e+00  2.96634186e+01  1.41837068e+00  5.39501206e+00 
 6.90000000e-01  1.48000000e+00  6.90000000e-01  6.31710190e-06  1.21224996e+00  1.78847579e+00  1.03533882e+00  1.63942730e+00  2.96634186e+01  1.41837068e+00  5.39501206e+00 
 7.00000000e-01  1.48000000e+00  7.00000000e-01  9.40072928e-06  1.21224996e+00  1.78847579e+00  1.03533882e+00  1.63942730e+00  2.96634186e+01  1.41837068e+00  5.39501206e+00 
 7.10000000e-01  1.48000000e+00  7.10000000e-01  1.34630137e-05  1.21224996e+00  1.78847579e+00  1.03533882e+00  1.63942730e+00  2.96634186e+01  1.41837068e+00  5.39501206e+00 
 7.20000000e-01  1.48000000e+00  7.20000000e-01  1.85681083e-05  1.21224996e+00  1.78847579e+00  1.03533882e+00  1.63942730e+00  2.96634186e+01  1.41837068e+00  5.39501206e+00 
 7.30000000e-01  1.48000000e+00  7.30000000e-01  2.47379826e-05  1.21224996e+00  1.78847579e+00  1.03533882e+00  1.63942730e+00  2.96634186e+01  1.41837068e+00  5.39501206e+00 
 7.40000000e-01  1.48000000e+00  7.40000000e-01  3.19676703e-05  1.21224996e+00  1.78847579e+00  1.03533882e+00  1.63942730e+00  2.96634186e+01  1.41837068e+00  5.39501206e+00 
 7.50000000e-01  1.48000000e+00  7.50000000e-01  4.02386741e-05  1.21224996e+00  1.78847579e+00  1.03533882e+00  1.63942730e+00  2.96634186e+01  1.41837068e+00  5.39501206e+00 
 7.60000000e-01  1.48000000e+00  7.60000000e-01  4.95277056e-05  1.21224996e+00  1.78847579e+00  1.03533882e+00  1.63942730e+00  2.96634186e+01  1.41837068e+00  5.39501206e+00 
 7.70000000e-01  1.48000000e+00  7.70000000e-01  5.98112644e-05  1.21224996e+00  1.78847579e+00  1.03533882e+00  1.63942730e+00  2.96634186e+01  1.41837068e+00  5.39501206e+00 
 7.80000000e-01  1.48000000e+00  7.80000000e-01  7.10675135e-05  1.21224996e+00  1.78847579e+00  1.03533882e+00  1.63942730e+00  2.96634186e+01  1.41837068e+00  5.39501206e+00 
 7.90000000e-01  1.48000000e+00  7.90000000e-01  8.32767064e-05  1.21224996e+00  1.78847579e+00  1.03533882e+00  1.63942730e+00  2.96634186e+01  1.41837068e+00  5.39501206e+00 
 8.00000000e-01  1.48000000e+00  8.00000000e-01  9.64209698e-05  1.21224996e+00  1.78847579e+00  1.03533882e+00  1.63942730e+00  2.96634186e+01  1.41837068e+00  5.39501206e+00 
 8.10000000e-01  1.48000000e+00  8.10000000e-01  1.10483875e-04  1.21224996e+00  1.78847579e+00  1.03533882e+00  1.63942730e+00  2.96634186e+01  1.41837068e+00  5.39501206e+00 
 8.20000000e-01  1.48000000e+00  8.20000000e-01  1.25449996e-04  1.21224996e+00  1.78847579e+00  1.03533882e+00  1.63942730e+00  2.96634186e+01  1.41837068e+00  5.39501206e+00 
 8.30000000e-01  1.48000000e+00  8.30000000e-01  1.41304545e-04  1.21224996e+00  1.78847579e+00  1.03533882e+00  1.63942730e+00  2.96634186e+01  1.41837068e+00  5.39501206e+00 
 8.40000000e-01  1.48000000e+00  8.40000000e-01  1.58033083e-04  1.21224996e+00  1.78847579e+00  1.03533882e+00  1.63942730e+00  2.96634186e+01  1.41837068e+00  5.39501206e+00 
 8.50000000e-01  1.48000000e+00  8.50000000e-01  1.75621320e-04  1.21224996e+00  1.78847579e+00  1.03533882e+00  1.63942730e+00  2.96634186e+01  1.41837068e+00  5.39501206e+00 
 8.60000000e-01  1.48000000e+00  8.60000000e-01  1.94054979e-04  1.21224996e+00  1.78847579e+00  1.03533882e+00  1.63942730e+00  2.96634186e+01  1.41837068e+00  5.39501206e+00 
 8.70000000e-01  1.48000000e+00  8.70000000e-01  2.13319705e-04  1.21224996e+00  1.78847579e+00  1.03533882e+00  1.63942730e+00  2.96634186e+01  1.41837068e+00  5.39501206e+00 
 8.80000000e-01  1.48000000e+00  8.80000000e-01  2.33401014e-04  1.21224996e+00  1.78847579e+00  1.03533882e+00  1.63942730e+00  2.96634186e+01  1.41837068e+00  5.39501206e+00 
 8.90000000e-01  1.48000000e+00  8.90000000e-01  2.54284267e-04  1.21224996e+00  1.78847579e+00  1.03533882e+00  1.63942730e+00  2.96634186e+01  1.41837068e+00  5.39501206e+00 
 9.00000000e-01  1.48000000e+00  9.00000000e-01  2.75954659e-04  1.21224996e+00  1.78847579e+00  1.03533882e+00  1.63942730e+00  2.96634186e+01  1.41837068e+00  5.39501206e+00 
 9.10000000e-01  1.48000000e+00  9.10000000e-01  2.98397221e-04  1.21224996e+00  1.78847579e+00  1.03533882e+00  1.63942730e+00  2.96634186e+01  1.41837068e+00  5.39501206e+00 
 9.20000000e-01  1.48000000e+00  9.20000000e-01  3.21596832e-04  1.21224996e+00  1.78847579e+00  1.03533882e+00  1.63942730e+00  2.96634186e+01  1.41837068e+00  5.39501206e+00 
 9.30000000e-01  1.48000000e+00  9.30000000e-01  3.45538230e-04  1.21224996e+00  1.78847579e+00  1.03533882e+00  1.63942730e+00  2.96634186e+01  1.41837068e+00  5.39501206e+00 
 9.40000000e-01  1.48000000e+00  9.40000000e-01  3.70206030e-04  1.21224996e+00  1.78847579e+00  1.03533882e+00  1.63942730e+00  2.96634186e+01  1.41837068e+00  5.39501206e+00 
 9.50000000e-01  1.48000000e+00  9.50000000e-01  3.95584743e-04  1.21224996e+00  1.78847579e+00  1.03533882e+00  1.63942730e+00  2.96634186e+01  1.41837068e+00  5.39501206e+00 
 9.60000000e-01  1.48000000e+00  9.60000000e-01  4.21658795e-04  1.21224996e+00  1.78847579e+00  1.03533882e+00  1.63942730e+00  2.96634186e+01  1.41837068e+00  5.39501206e+00 
 9.70000000e-01  1.48000000e+00  9.70000000e-01  4.48412539e-04  1.21224996e+00  1.78847579e+00  1.03533882e+00  1.63942730e+00  2.96634186e+01  1.41837068e+00  5.39501206e+00 
 9.80000000e-01  1.48000000e+00  9.80000000e-01  4.75830288e-04  1.21224996e+00  1.78847579e+00  1.03533882e+00  1.63942730e+00  2.96634186e+01  1.41837068e+00  5.39501206e+00 
 9.90000000e-01  1.48000000e+00  9.90000000e-01  5.03896329e-04  1.21224996e+00  1.78847579e+00  1.03533882e+00  1.63942730e+00  2.96634186e+01  1.41837068e+00  5.39501206e+00 
 1.00000000e+00  1.48000000e+00  1.00000000e+00  5.32594940e-04  1.21224996e+00  1.78847579e+00  1.03533882e+00  1.63942730e+00  2.96634186e+01  1.41837068e+00  5.39501206e+00 
 1.01000000e+00  1.48000000e+00  1.01000000e+00  5.61910407e-04  1.21224996e+00  1.78847579e+00  1.03533882e+00  1.63942730e+00  2.96634186e+01  1.41837068e+00  5.39501206e+00 
 1.02000000e+00  1.48000000e+00  1.02000000e+00  5.91827043e-04  1.21224996e+00  1.78847579e+00  1.03533882e+00  1.63942730e+00  2.96634186e+01  1.41837068e+00  5.39501206e+00 
 1.03000000e+00  1.48000000e+00  1.03000000e+00  6.22329199e-04  1.21224996e+00  1.78847579e+00  1.03533882e+00  1.63942730e+00  2.96634186e+01  1.41837068e+00  5.39501206e+00 
 1.04000000e+00  1.48000000e+00  1.04000000e+00  6.53401285e-04  1.21224996e+00  1.78847579e+00  1.03533882e+00  1.63942730e+00  2.96634186e+01  1.41837068e+00  5.39501206e+00 
 1.05000000e+00  1.48000000e+00  1.05000000e+00  6.85027780e-04  1.21224996e+00  1.78847579e+00  1.03533882e+00  1.63942730e+00  2.96634186e+01  1.41837068e+00  5.39501206e+00 
 1.06000000e+00  1.48000000e+00  1.06000000e+00  7.17193244e-04  1.21224996e+00  1.78847579e+00  1.03533882e+00  1.63942730e+00  2.96634186e+01  1.41837068e+00  5.39501206e+00 
 1.07000000e+00  1.48000000e+00  1.07000000e+00  7.49882337e-04  1.21224996e+00  1.78847579e+00  1.03533882e+00  1.63942730e+00  2.96634186e+01  1.41837068e+00  5.39501206e+00 
 1.08000000e+00  1.48000000e+00  1.08000000e+00  7.83079825e-04  1.21224996e+00  1.78847579e+00  1.03533882e+00  1.63942730e+00  2.96634186e+01  1.41837068e+00  5.39501206e+00 
 1.09000000e+00  1.48000000e+00  1.09000000e+00  8.16770592e-04  1.21224996e+00  1.78847579e+00  1.03533882e+00  1.63942730e+00  2.96634186e+01  1.41837068e+00  5.39501206e+00 
 1.10000000e+00  1.48000000e+00  1.10000000e+00  8.50939652e-04  1.21224996e+00  1.78847579e+00  1.03533882e+00  1.63942730e+00  2.96634186e+01  1.41837068e+00  5.39501206e+00 
 1.11000000e+00  1.48000000e+00  1.11000000e+00  8.85572156e-04  1.21224996e+00  1.78847579e+00  1.03533882e+00  1.63942730e+00  2.96634186e+01  1.41837068e+00  5.39501206e+00 
 1.12000000e+00  1.48000000e+00  1.12000000e+00  9.20653404e-04  1.21224996e+00  1.78847579e+00  1.03533882e+00  1.63942730e+00  2.96634186e+01  1.41837068e+00  5.39501206e+00 
 1.13000000e+00  1.48000000e+00  1.13000000e+00  9.56168849e-04  1.21224996e+00  1.78847579e+00  1.03533882e+00  1.63942730e+00  2.96634186e+01  1.41837068e+00  5.39501206e+00 
 1.14000000e+00  1.48000000e+00  1.14000000e+00  9.92104107e-04  1.21224996e+00  1.78847579e+00  1.03533882e+00  1.63942730e+00  2.96634186e+01  1.41837068e+00  5.39501206e+00 
 1.15000000e+00  1.48000000e+00  1.15000000e+00  1.02844496e-03  1.21224996e+00  1.78847579e+00  1.03533882e+00  1.63942730e+00  2.96634186e+01  1.41837068e+00  5.39501206e+00 
 1.16000000e+00  1.48000000e+00  1.16000000e+00  1.06517738e-03  1.21224996e+00  1.78847579e+00  1.03533882e+00  1.63942730e+00  2.96634186e+01  1.41837068e+00  5.39501206e+00 
 1.17000000e+00  1.48000000e+00  1.17000000e+00  1.10228750e-03  1.21224996e+00  1.78847579e+00  1.03533882e+00  1.63942730e+00  2.96634186e+01  1.41837068e+00  5.39501206e+00 
 1.18000000e+00  1.48000000e+00  1.18000000e+00  1.13976164e-03  1.21224996e+00  1.78847579e+00  1.03533882e+00  1.63942730e+00  2.96634186e+01  1.41837068e+00  5.39501206e+00 
 1.19000000e+00  1.48000000e+00  1.19000000e+00  1.17758632e-03  1.21224996e+00  1.78847579e+00  1.03533882e+00  1.63942730e+00  2.96634186e+01  1.41837068e+00  5.39501206e+00 
 1.20000000e+00  1.48000000e+00  1.20000000e+00  1.21574825e-03  1.21224996e+00  1.78847579e+00  1.03533882e+00  1.63942730e+00  2.96634186e+01  1.41837068e+00  5.39501206e+00 
 1.21000000e+00  1.48000000e+00  1.21000000e+00  1.25423433e-03  1.21224996e+00  1.78847579e+00  1.03533882e+00  1.63942730e+00  2.96634186e+01  1.41837068e+00  5.39501206e+00 
 1.22000000e+00  1.48000000e+00  1.22000000e+00  1.29303167e-03  1.21224996e+00  1.78847579e+00  1.03533882e+00  1.63942730e+00  2.96634186e+01  1.41837068e+00  5.39501206e+00 
 1.23000000e+00  1.48000000e+00  1.23000000e+00  1.33212758e-03  1.21224996e+00  1.78847579e+00  1.03533882e+00  1.63942730e+00  2.96634186e+01  1.41837068e+00  5.39501206e+00 
 1.24000000e+00  1.48000000e+00  1.24000000e+00  1.37150956e-03  1.21224996e+00  1.78847579e+00  1.03533882e+00  1.63942730e+00  2.96634186e+01  1.41837068e+00  5.39501206e+00 
 1.25000000e+00  1.48000000e+00  1.25000000e+00  1.41116534e-03  1.21224996e+00  1.78847579e+00  1.03533882e+00  1.63942730e+00  2.96634186e+01  1.41837068e+00  5.39501206e+00 
 1.26000000e+00  1.48000000e+00  1.26000000e+00  1.45108282e-03  1.21224996e+00  1.78847579e+00  1.03533882e+00  1.63942730e+00  2.96634186e+01  1.41837068e+00  5.39501206e+00 
 1.27000000e+00  1.48000000e+00  1.27000000e+00  1.49125014e-03  1.21224996e+00  1.78847579e+00  1.03533882e+00  1.63942730e+00  2.96634186e+01  1.41837068e+00  5.39501206e+00 
 1.28000000e+00  1.48000000e+00  1.28000000e+00  1.53165563e-03  1.21224996e+00  1.78847579e+00  1.03533882e+00  1.63942730e+00  2.96634186e+01  1.41837068e+00  5.39501206e+00 
 1.29000000e+00  1.48000000e+00  1.29000000e+00  1.57228784e-03  1.21224996e+00  1.78847579e+00  1.03533882e+00  1.63942730e+00  2.96634186e+01  1.41837068e+00  5.39501206e+00 
 1.30000000e+00  1.48000000e+00  1.30000000e+00  1.61313551e-03  1.21224996e+00  1.78847579e+00  1.03533882e+00  1.63942730e+00  2.96634186e+01  1.41837068e+00  5.39501206e+00 
 1.31000000e+00  1.48000000e+00  1.31000000e+00  1.65418761e-03  1.21224996e+00  1.78847579e+00  1.03533882e+00  1.63942730e+00  2.96634186e+01  1.41837068e+00  5.39501206e+00 
 1.32000000e+00  1.48000000e+00  1.32000000e+00  1.69543328e-03  1.21224996e+00  1.78847579e+00  1.03533882e+00  1.63942730e+00  2.96634186e+01  1.41837068e+00  5.39501206e+00 
 1.33000000e+00  1.48000000e+00  1.33000000e+00  1.73686190e-03  1.21224996e+00  1.78847579e+00  1.03533882e+00  1.63942730e+00  2.96634186e+01  1.41837068e+00  5.39501206e+00 
 1.34000000e+00  1.48000000e+00  1.34000000e+00  1.77846304e-03  1.21224996e+00  1.78847579e+00  1.03533882e+00  1.63942730e+00  2.96634186e+01  1.41837068e+00  5.39501206e+00 
 1.35000000e+00  1.48000000e+00  1.35000000e+00  1.82022647e-03  1.21224996e+00  1.78847579e+00  1.03533882e+00  1.63942730e+00  2.96634186e+01  1.41837068e+00  5.39501206e+00 
 1.36000000e+00  1.48000000e+00  1.36000000e+00  1.86214215e-03  1.21224996e+00  1.78847579e+00  1.03533882e+00  1.63942730e+00  2.96634186e+01  1.41837068e+00  5.39501206e+00 
 1.37000000e+00  1.48000000e+00  1.37000000e+00  1.90420027e-03  1.21224996e+00  1.78847579e+00  1.03533882e+00  1.63942730e+00  2.96634186e+01  1.41837068e+00  5.39501206e+00 
 1.38000000e+00  1.48000000e+00  1.38000000e+00  1.94639119e-03  1.21224996e+00  1.78847579e+00  1.03533882e+00  1.63942730e+00  2.96634186e+01  1.41837068e+00  5.39501206e+00 
 1.39000000e+00  1.48000000e+00  1.39000000e+00  1.98870546e-03  1.21224996e+00  1.78847579e+00  1.03533882e+00  1.63942730e+00  2.96634186e+01  1.41837068e+00  5.39501206e+00 
 1.40000000e+00  1.48000000e+00  1.40000000e+00  2.03113385e-03  1.21224996e+00  1.78847579e+00  1.03533882e+00  1.63942730e+00  2.96634186e+01  1.41837068e+00  5.39501206e+00 
 1.41000000e+00  1.48000000e+00  1.41000000e+00  2.07366729e-03  1.21224996e+00  1.78847579e+00  1.03533882e+00  1.63942730e+00  2.96634186e+01  1.41837068e+00  5.39501206e+00 
 1.42000000e+00  1.48000000e+00  1.42000000e+00  2.11629692e-03  1.21224996e+00  1.78847579e+00  1.03533882e+00  1.63942730e+00  2.96634186e+01  1.41837068e+00  5.39501206e+00 
 1.43000000e+00  1.48000000e+00  1.43000000e+00  2.15901404e-03  1.21224996e+00  1.78847579e+00  1.03533882e+00  1.63942730e+00  2.96634186e+01  1.41837068e+00  5.39501206e+00 
 1.44000000e+00  1.48000000e+00  1.44000000e+00  2.20181017e-03  1.21224996e+00  1.78847579e+00  1.03533882e+00  1.63942730e+00  2.96634186e+01  1.41837068e+00  5.39501206e+00 
 1.45000000e+00  1.48000000e+00  1.45000000e+00  2.24467696e-03  1.21224996e+00  1.78847579e+00  1.03533882e+00  1.63942730e+00  2.96634186e+01  1.41837068e+00  5.39501206e+00 
 1.46000000e+00  1.48000000e+00  1.46000000e+00  2.28760628e-03  1.21224996e+00  1.78847579e+00  1.03533882e+00  1.63942730e+00  2.96634186e+01  1.41837068e+00  5.39501206e+00 
 1.47000000e+00  1.48000000e+00  1.47000000e+00  2.33059014e-03  1.21224996e+00  1.78847579e+00  1.03533882e+00  1.63942730e+00  2.96634186e+01  1.41837068e+00  5.39501206e+00 
 1.48000000e+00  1.48000000e+00  1.48000000e+00  2.37362075e-03  1.21224996e+00  1.78847579e+00  1.03533882e+00  1.63942730e+00  2.96634186e+01  1.41837068e+00  5.39501206e+00 
 1.49000000e+00  1.48000000e+00  1.49000000e+00  2.41669046e-03  1.21224996e+00  1.78847579e+00  1.03533882e+00  1.63942730e+00  2.96634186e+01  1.41837068e+00  5.39501206e+00 
 1.50000000e+00  1.48000000e+00  1.50000000e+00  2.45979181e-03  1.21224996e+00  1.78847579e+00  1.03533882e+00  1.63942730e+00  2.96634186e+01  1.41837068e+00  5.39501206e+00 
 1.51000000e+00  1.48000000e+00  1.51000000e+00  2.50291747e-03  1.21224996e+00  1.78847579e+00  1.03533882e+00  1.63942730e+00  2.96634186e+01  1.41837068e+00  5.39501206e+00 
 1.52000000e+00  1.48000000e+00  1.52000000e+00  2.54606030e-03  1.21224996e+00  1.78847579e+00  1.03533882e+00  1.63942730e+00  2.96634186e+01  1.41837068e+00  5.39501206e+00 
 1.53000000e+00  1.48000000e+00  1.53000000e+00  2.58921329e-03  1.21224996e+00  1.78847579e+00  1.03533882e+00  1.63942730e+00  2.96634186e+01  1.41837068e+00  5.39501206e+00 
 1.54000000e+00  1.48000000e+00  1.54000000e+00  2.63236959e-03  1.21224996e+00  1.78847579e+00  1.03533882e+00  1.63942730e+00  2.96634186e+01  1.41837068e+00  5.39501206e+00 
 1.55000000e+00  1.48000000e+00  1.55000000e+00  2.67552251e-03  1.21224996e+00  1.78847579e+00  1.03533882e+00  1.63942730e+00  2.96634186e+01  1.41837068e+00  5.39501206e+00 
 1.56000000e+00  1.48000000e+00  1.56000000e+00  2.71866549e-03  1.21224996e+00  1.78847579e+00  1.03533882e+00  1.63942730e+00  2.96634186e+01  1.41837068e+00  5.39501206e+00 
 1.57000000e+00  1.48000000e+00  1.57000000e+00  2.76179213e-03  1.21224996e+00  1.78847579e+00  1.03533882e+00  1.63942730e+00  2.96634186e+01  1.41837068e+00  5.39501206e+00 
 1.58000000e+00  1.48000000e+00  1.58000000e+00  2.80489613e-03  1.21224996e+00  1.78847579e+00  1.03533882e+00  1.63942730e+00  2.96634186e+01  1.41837068e+00  5.39501206e+00 
 1.59000000e+00  1.48000000e+00  1.59000000e+00  2.84797137e-03  1.21224996e+00  1.78847579e+00  1.03533882e+00  1.63942730e+00  2.96634186e+01  1.41837068e+00  5.39501206e+00 
 1.60000000e+00  1.48000000e+00  1.60000000e+00  2.89101185e-03  1.21224996e+00  1.78847579e+00  1.03533882e+00  1.63942730e+00  2.96634186e+01  1.41837068e+00  5.39501206e+00 
 1.61000000e+00  1.48000000e+00  1.61000000e+00  2.93401168e-03  1.21224996e+00  1.78847579e+00  1.03533882e+00  1.63942730e+00  2.96634186e+01  1.41837068e+00  5.39501206e+00 
 1.62000000e+00  1.48000000e+00  1.62000000e+00  2.97696511e-03  1.21224996e+00  1.78847579e+00  1.03533882e+00  1.63942730e+00  2.96634186e+01  1.41837068e+00  5.39501206e+00 
 1.63000000e+00  1.48000000e+00  1.63000000e+00  3.01986653e-03  1.21224996e+00  1.78847579e+00  1.03533882e+00  1.63942730e+00  2.96634186e+01  1.41837068e+00  5.39501206e+00 
 1.64000000e+00  1.48000000e+00  1.64000000e+00  3.06271042e-03  1.21224996e+00  1.78847579e+00  1.03533882e+00  1.63942730e+00  2.96634186e+01  1.41837068e+00  5.39501206e+00 
 1.65000000e+00  1.48000000e+00  1.65000000e+00  3.10549141e-03  1.21224996e+00  1.78847579e+00  1.03533882e+00  1.63942730e+00  2.96634186e+01  1.41837068e+00  5.39501206e+00 
 1.66000000e+00  1.48000000e+00  1.66000000e+00  3.14820420e-03  1.21224996e+00  1.78847579e+00  1.03533882e+00  1.63942730e+00  2.96634186e+01  1.41837068e+00  5.39501206e+00 
 1.67000000e+00  1.48000000e+00  1.67000000e+00  3.19084364e-03  1.21224996e+00  1.78847579e+00  1.03533882e+00  1.63942730e+00  2.96634186e+01  1.41837068e+00  5.39501206e+00 
 1.68000000e+00  1.48000000e+00  1.68000000e+00  3.23340468e-03  1.21224996e+00  1.78847579e+00  1.03533882e+00  1.63942730e+00  2.96634186e+01  1.41837068e+00  5.39501206e+00 
 1.69000000e+00  1.48000000e+00  1.69000000e+00  3.27588237e-03  1.21224996e+00  1.78847579e+00  1.03533882e+00  1.63942730e+00  2.96634186e+01  1.41837068e+00  5.39501206e+00 
 1.70000000e+00  1.48000000e+00  1.70000000e+00  3.31827185e-03  1.21224996e+00  1.78847579e+00  1.03533882e+00  1.63942730e+00  2.96634186e+01  1.41837068e+00  5.39501206e+00 
 1.71000000e+00  1.48000000e+00  1.71000000e+00  3.36056839e-03  1.21224996e+00  1.78847579e+00  1.03533882e+00  1.63942730e+00  2.96634186e+01  1.41837068e+00  5.39501206e+00 
 1.72000000e+00  1.48000000e+00  1.72000000e+00  3.40276734e-03  1.21224996e+00  1.78847579e+00  1.03533882e+00  1.63942730e+00  2.96634186e+01  1.41837068e+00  5.39501206e+00 
 1.73000000e+00  1.48000000e+00  1.73000000e+00  3.44486412e-03  1.21224996e+00  1.78847579e+00  1.03533882e+00  1.63942730e+00  2.96634186e+01  1.41837068e+00  5.39501206e+00 
 1.74000000e+00  1.48000000e+00  1.74000000e+00  3.48685430e-03  1.21224996e+00  1.78847579e+00  1.03533882e+00  1.63942730e+00  2.96634186e+01  1.41837068e+00  5.39501206e+00 
 1.75000000e+00  1.48000000e+00  1.75000000e+00  3.52873347e-03  1.21224996e+00  1.78847579e+00  1.03533882e+00  1.63942730e+00  2.96634186e+01  1.41837068e+00  5.39501206e+00 
 1.76000000e+00  1.48000000e+00  1.76000000e+00  3.57049737e-03  1.21224996e+00  1.78847579e+00  1.03533882e+00  1.63942730e+00  2.96634186e+01  1.41837068e+00  5.39501206e+00 
 1.77000000e+00  1.48000000e+00  1.77000000e+00  3.61214177e-03  1.21224996e+00  1.78847579e+00  1.03533882e+00  1.63942730e+00  2.96634186e+01  1.41837068e+00  5.39501206e+00 
 1.78000000e+00  1.48000000e+00  1.78000000e+00  3.65366256e-03  1.21224996e+00  1.78847579e+00  1.03533882e+00  1.63942730e+00  2.96634186e+01  1.41837068e+00  5.39501206e+00 
 1.79000000e+00  1.48000000e+00  1.79000000e+00  3.69505569e-03  1.21224996e+00  1.78847579e+00  1.03533882e+00  1.63942730e+00  2.96634186e+01  1.41837068e+00  5.39501206e+00 
 1.80000000e+00  1.48000000e+00  1.80000000e+00  3.73631719e-03  1.21224996e+00  1.78847579e+00  1.03533882e+00  1.63942730e+00  2.96634186e+01  1.41837068e+00  5.39501206e+00 
 1.81000000e+00  1.48000000e+00  1.81000000e+00  3.77744315e-03  1.21224996e+00  1.78847579e+00  1.03533882e+00  1.63942730e+00  2.96634186e+01  1.41837068e+00  5.39501206e+00 
 1.82000000e+00  1.48000000e+00  1.82000000e+00  3.81842976e-03  1.21224996e+00  1.78847579e+00  1.03533882e+00  1.63942730e+00  2.96634186e+01  1.41837068e+00  5.39501206e+00 
 1.83000000e+00  1.48000000e+00  1.83000000e+00  3.85927326e-03  1.21224996e+00  1.78847579e+00  1.03533882e+00  1.63942730e+00  2.96634186e+01  1.41837068e+00  5.39501206e+00 
 1.84000000e+00  1.48000000e+00  1.84000000e+00  3.89996994e-03  1.21224996e+00  1.78847579e+00  1.03533882e+00  1.63942730e+00  2.96634186e+01  1.41837068e+00  5.39501206e+00 
 1.85000000e+00  1.48000000e+00  1.85000000e+00  3.94051620e-03  1.21224996e+00  1.78847579e+00  1.03533882e+00  1.63942730e+00  2.96634186e+01  1.41837068e+00  5.39501206e+00 
