 0.00000000e+00  1.48000000e+00  0.00000000e+00  1.48148160e-12  1.35742949e+00  1.77337135e+00  9.13337340e-01  1.55487503e+00  3.19838895e+01  1.27742627e+00  4.91413352e+00 
 1.00000000e-02  1.48000000e+00  1.00000000e-02  1.48148160e-12  1.35742949e+00  1.77337135e+00  9.13337340e-01  1.55487503e+00  3.19838895e+01  1.27742627e+00  4.91413352e+00 
 2.00000000e-02  1.48000000e+00  2.00000000e-02  1.48148160e-12  1.35742949e+00  1.77337135e+00  9.13337340e-01  1.55487503e+00  3.19838895e+01  1.27742627e+00  4.91413352e+00 
 3.00000000e-02  1.48000000e+00  3.00000000e-02  1.48148160e-12  1.35742949e+00  1.77337135e+00  9.13337340e-01  1.55487503e+00  3.19838895e+01  1.27742627e+00  4.91413352e+00 
 4.00000000e-02  1.48000000e+00  4.00000000e-02  1.48148160e-12  1.35742949e+00  1.77337135e+00  9.13337340e-01  1.55487503e+00  3.19838895e+01  1.27742627e+00  4.91413352e+00 
 5.00000000e-02  1.48000000e+00  5.00000000e-02  1.48148160e-12  1.35742949e+00  1.77337135e+00  9.13337340e-01  1.55487503e+00  3.19838895e+01  1.27742627e+00  4.91413352e+00 
 6.00000000e-02  1.48000000e+00  6.00000000e-02  1.48148160e-12  1.35742949e+00  1.77337135e+00  9.13337340e-01  1.55487503e+00  3.19838895e+01  1.27742627e+00  4.91413352e+00 
 7.00000000e-02  1.48000000e+00  7.00000000e-02  1.48148160e-12  1.35742949e+00  1.77337135e+00  9.13337340e-01  1.55487503e+00  3.19838895e+01  1.27742627e+00  4.91413352e+00 
 8.00000000e-02  1.48000000e+00  8.00000000e-02  1.48148160e-12  1.35742949e+00  1.77337135e+00  9.13337340e-01  1.55487503e+00  3.19838895e+01  1.27742627e+00  4.91413352e+00 
 9.00000000e-02  1.48000000e+00  9.00000000e-02  1.48148160e-12  1.35742949e+00  1.77337135e+00  9.13337340e-01  1.55487503e+00  3.19838895e+01  1.27742627e+00  4.91413352e+00 
 1.00000000e-01  1.48000000e+00  1.00000000e-01  1.48148160e-12  1.35742949e+00  1.77337135e+00  9.13337340e-01  1.55487503e+00  3.19838895e+01  1.27742627e+00  4.91413352e+00 
 1.10000000e-01  1.48000000e+00  1.10000000e-01  1.48148160e-12  1.35742949e+00  1.77337135e+00  9.13337340e-01  1.55487503e+00  3.19838895e+01  1.27742627e+00  4.91413352e+00 
 1.20000000e-01  1.48000000e+00  1.20000000e-01  1.48148160e-12  1.35742949e+00  1.77337135e+00  9.13337340e-01  1.55487503e+00  3.19838895e+01  1.27742627e+00  4.91413352e+00 
 1.30000000e-01  1.48000000e+00  1.30000000e-01  1.48148160e-12  1.35742949e+00  1.77337135e+00  9.13337340e-01  1.55487503e+00  3.19838895e+01  1.27742627e+00  4.91413352e+00 
 1.40000000e-01  1.48000000e+00  1.40000000e-01  1.48148160e-12  1.35742949e+00  1.77337135e+00  9.13337340e-01  1.55487503e+00  3.19838895e+01  1.27742627e+00  4.91413352e+00 
 1.50000000e-01  1.48000000e+00  1.50000000e-01  1.48148160e-12  1.35742949e+00  1.77337135e+00  9.13337340e-01  1.55487503e+00  3.19838895e+01  1.27742627e+00  4.91413352e+00 
 1.60000000e-01  1.48000000e+00  1.60000000e-01  1.48148160e-12  1.35742949e+00  1.77337135e+00  9.13337340e-01  1.55487503e+00  3.19838895e+01  1.27742627e+00  4.91413352e+00 
 1.70000000e-01  1.48000000e+00  1.70000000e-01  1.48148160e-12  1.35742949e+00  1.77337135e+00  9.13337340e-01  1.55487503e+00  3.19838895e+01  1.27742627e+00  4.91413352e+00 
 1.80000000e-01  1.48000000e+00  1.80000000e-01  1.48148160e-12  1.35742949e+00  1.77337135e+00  9.13337340e-01  1.55487503e+00  3.19838895e+01  1.27742627e+00  4.91413352e+00 
 1.90000000e-01  1.48000000e+00  1.90000000e-01  1.48148160e-12  1.35742949e+00  1.77337135e+00  9.13337340e-01  1.55487503e+00  3.19838895e+01  1.27742627e+00  4.91413352e+00 
 2.00000000e-01  1.48000000e+00  2.00000000e-01  1.48148160e-12  1.35742949e+00  1.77337135e+00  9.13337340e-01  1.55487503e+00  3.19838895e+01  1.27742627e+00  4.91413352e+00 
 2.10000000e-01  1.48000000e+00  2.10000000e-01  1.48148160e-12  1.35742949e+00  1.77337135e+00  9.13337340e-01  1.55487503e+00  3.19838895e+01  1.27742627e+00  4.91413352e+00 
 2.20000000e-01  1.48000000e+00  2.20000000e-01  1.48148160e-12  1.35742949e+00  1.77337135e+00  9.13337340e-01  1.55487503e+00  3.19838895e+01  1.27742627e+00  4.91413352e+00 
 2.30000000e-01  1.48000000e+00  2.30000000e-01  1.48148160e-12  1.35742949e+00  1.77337135e+00  9.13337340e-01  1.55487503e+00  3.19838895e+01  1.27742627e+00  4.91413352e+00 
 2.40000000e-01  1.48000000e+00  2.40000000e-01  1.48148160e-12  1.35742949e+00  1.77337135e+00  9.13337340e-01  1.55487503e+00  3.19838895e+01  1.27742627e+00  4.91413352e+00 
 2.50000000e-01  1.48000000e+00  2.50000000e-01  1.48148160e-12  1.35742949e+00  1.77337135e+00  9.13337340e-01  1.55487503e+00  3.19838895e+01  1.27742627e+00  4.91413352e+00 
 2.60000000e-01  1.48000000e+00  2.60000000e-01  1.48148160e-12  1.35742949e+00  1.77337135e+00  9.13337340e-01  1.55487503e+00  3.19838895e+01  1.27742627e+00  4.91413352e+00 
 2.70000000e-01  1.48000000e+00  2.70000000e-01  1.48148160e-12  1.35742949e+00  1.77337135e+00  9.13337340e-01  1.55487503e+00  3.19838895e+01  1.27742627e+00  4.91413352e+00 
 2.80000000e-01  1.48000000e+00  2.80000000e-01  1.48148160e-12  1.35742949e+00  1.77337135e+00  9.13337340e-01  1.55487503e+00  3.19838895e+01  1.27742627e+00  4.91413352e+00 
 2.90000000e-01  1.48000000e+00  2.90000000e-01  1.48148160e-12  1.35742949e+00  1.77337135e+00  9.13337340e-01  1.55487503e+00  3.19838895e+01  1.27742627e+00  4.91413352e+00 
 3.00000000e-01  1.48000000e+00  3.00000000e-01  1.48148160e-12  1.35742949e+00  1.77337135e+00  9.13337340e-01  1.55487503e+00  3.19838895e+01  1.27742627e+00  4.91413352e+00 
 3.10000000e-01  1.48000000e+00  3.10000000e-01  1.48148160e-12  1.35742949e+00  1.77337135e+00  9.13337340e-01  1.55487503e+00  3.19838895e+01  1.27742627e+00  4.91413352e+00 
 3.20000000e-01  1.48000000e+00  3.20000000e-01  1.48148160e-12  1.35742949e+00  1.77337135e+00  9.13337340e-01  1.55487503e+00  3.19838895e+01  1.27742627e+00  4.91413352e+00 
 3.30000000e-01  1.48000000e+00  3.30000000e-01  1.48148160e-12  1.35742949e+00  1.77337135e+00  9.13337340e-01  1.55487503e+00  3.19838895e+01  1.27742627e+00  4.91413352e+00 
 3.40000000e-01  1.48000000e+00  3.40000000e-01  1.48148160e-12  1.35742949e+00  1.77337135e+00  9.13337340e-01  1.55487503e+00  3.19838895e+01  1.27742627e+00  4.91413352e+00 
 3.50000000e-01  1.48000000e+00  3.50000000e-01  1.48148160e-12  1.35742949e+00  1.77337135e+00  9.13337340e-01  1.55487503e+00  3.19838895e+01  1.27742627e+00  4.91413352e+00 
 3.60000000e-01  1.48000000e+00  3.60000000e-01  1.48148160e-12  1.35742949e+00  1.77337135e+00  9.13337340e-01  1.55487503e+00  3.19838895e+01  1.27742627e+00  4.91413352e+00 
 3.70000000e-01  1.48000000e+00  3.70000000e-01  1.48148160e-12  1.35742949e+00  1.77337135e+00  9.13337340e-01  1.55487503e+00  3.19838895e+01  1.27742627e+00  4.91413352e+00 
 3.80000000e-01  1.48000000e+00  3.80000000e-01  1.48148160e-12  1.35742949e+00  1.77337135e+00  9.13337340e-01  1.55487503e+00  3.19838895e+01  1.27742627e+00  4.91413352e+00 
 3.90000000e-01  1.48000000e+00  3.90000000e-01  1.48148160e-12  1.35742949e+00  1.77337135e+00  9.13337340e-01  1.55487503e+00  3.19838895e+01  1.27742627e+00  4.91413352e+00 
 4.00000000e-01  1.48000000e+00  4.00000000e-01  1.48325796e-12  1.35742949e+00  1.77337135e+00  9.13337340e-01  1.55487503e+00  3.19838895e+01  1.27742627e+00  4.91413352e+00 
 4.10000000e-01  1.48000000e+00  4.10000000e-01  1.48148160e-12  1.35742949e+00  1.77337135e+00  9.13337340e-01  1.55487503e+00  3.19838895e+01  1.27742627e+00  4.91413352e+00 
 4.20000000e-01  1.48000000e+00  4.20000000e-01  1.48503432e-12  1.35742949e+00  1.77337135e+00  9.13337340e-01  1.55487503e+00  3.19838895e+01  1.27742627e+00  4.91413352e+00 
 4.30000000e-01  1.48000000e+00  4.30000000e-01  1.48503432e-12  1.35742949e+00  1.77337135e+00  9.13337340e-01  1.55487503e+00  3.19838895e+01  1.27742627e+00  4.91413352e+00 
 4.40000000e-01  1.48000000e+00  4.40000000e-01  1.49036339e-12  1.35742949e+00  1.77337135e+00  9.13337340e-01  1.55487503e+00  3.19838895e+01  1.27742627e+00  4.91413352e+00 
 4.50000000e-01  1.48000000e+00  4.50000000e-01  1.50635060e-12  1.35742949e+00  1.77337135e+00  9.13337340e-01  1.55487503e+00  3.19838895e+01  1.27742627e+00  4.91413352e+00 
 4.60000000e-01  1.48000000e+00  4.60000000e-01  1.54543045e-12  1.35742949e+00  1.77337135e+00  9.13337340e-01  1.55487503e+00  3.19838895e+01  1.27742627e+00  4.91413352e+00 
 4.70000000e-01  1.48000000e+00  4.70000000e-01  1.64490643e-12  1.35742949e+00  1.77337135e+00  9.13337340e-01  1.55487503e+00  3.19838895e+01  1.27742627e+00  4.91413352e+00 
 4.80000000e-01  1.48000000e+00  4.80000000e-01  1.91135996e-12  1.35742949e+00  1.77337135e+00  9.13337340e-01  1.55487503e+00  3.19838895e+01  1.27742627e+00  4.91413352e+00 
 4.90000000e-01  1.48000000e+00  4.90000000e-01  2.60769184e-12  1.35742949e+00  1.77337135e+00  9.13337340e-01  1.55487503e+00  3.19838895e+01  1.27742627e+00  4.91413352e+00 
 5.00000000e-01  1.48000000e+00  5.00000000e-01  4.44266846e-12  1.35742949e+00  1.77337135e+00  9.13337340e-01  1.55487503e+00  3.19838895e+01  1.27742627e+00  4.91413352e+00 
 5.10000000e-01  1.48000000e+00  5.10000000e-01  9.23527921e-12  1.35742949e+00  1.77337135e+00  9.13337340e-01  1.55487503e+00  3.19838895e+01  1.27742627e+00  4.91413352e+00 
 5.20000000e-01  1.48000000e+00  5.20000000e-01  2.16964224e-11  1.35742949e+00  1.77337135e+00  9.13337340e-01  1.55487503e+00  3.19838895e+01  1.27742627e+00  4.91413352e+00 
 5.30000000e-01  1.48000000e+00  5.30000000e-01  5.38058487e-11  1.35742949e+00  1.77337135e+00  9.13337340e-01  1.55487503e+00  3.19838895e+01  1.27742627e+00  4.91413352e+00 
 5.40000000e-01  1.48000000e+00  5.40000000e-01  1.35379707e-10  1.35742949e+00  1.77337135e+00  9.13337340e-01  1.55487503e+00  3.19838895e+01  1.27742627e+00  4.91413352e+00 
 5.50000000e-01  1.48000000e+00  5.50000000e-01  3.38230777e-10  1.35742949e+00  1.77337135e+00  9.13337340e-01  1.55487503e+00  3.19838895e+01  1.27742627e+00  4.91413352e+00 
 5.60000000e-01  1.48000000e+00  5.60000000e-01  8.27025559e-10  1.35742949e+00  1.77337135e+00  9.13337340e-01  1.55487503e+00  3.19838895e+01  1.27742627e+00  4.91413352e+00 
 5.70000000e-01  1.48000000e+00  5.70000000e-01  1.95453431e-09  1.35742949e+00  1.77337135e+00  9.13337340e-01  1.55487503e+00  3.19838895e+01  1.27742627e+00  4.91413352e+00 
 5.80000000e-01  1.48000000e+00  5.80000000e-01  4.41347403e-09  1.35742949e+00  1.77337135e+00  9.13337340e-01  1.55487503e+00  3.19838895e+01  1.27742627e+00  4.91413352e+00 
 5.90000000e-01  1.48000000e+00  5.90000000e-01  9.43832390e-09  1.35742949e+00  1.77337135e+00  9.13337340e-01  1.55487503e+00  3.19838895e+01  1.27742627e+00  4.91413352e+00 
 6.00000000e-01  1.48000000e+00  6.00000000e-01  1.90477820e-08  1.35742949e+00  1.77337135e+00  9.13337340e-01  1.55487503e+00  3.19838895e+01  1.27742627e+00  4.91413352e+00 
 6.10000000e-01  1.48000000e+00  6.10000000e-01  3.63861012e-08  1.35742949e+00  1.77337135e+00  9.13337340e-01  1.55487503e+00  3.19838895e+01  1.27742627e+00  4.91413352e+00 
 6.20000000e-01  1.48000000e+00  6.20000000e-01  6.63430448e-08  1.35742949e+00  1.77337135e+00  9.13337340e-01  1.55487503e+00  3.19838895e+01  1.27742627e+00  4.91413352e+00 
 6.30000000e-01  1.48000000e+00  6.30000000e-01  1.16714020e-07  1.35742949e+00  1.77337135e+00  9.13337340e-01  1.55487503e+00  3.19838895e+01  1.27742627e+00  4.91413352e+00 
 6.40000000e-01  1.48000000e+00  6.40000000e-01  2.00214519e-07  1.35742949e+00  1.77337135e+00  9.13337340e-01  1.55487503e+00  3.19838895e+01  1.27742627e+00  4.91413352e+00 
 6.50000000e-01  1.48000000e+00  6.50000000e-01  3.37801144e-07  1.35742949e+00  1.77337135e+00  9.13337340e-01  1.55487503e+00  3.19838895e+01  1.27742627e+00  4.91413352e+00 
 6.60000000e-01  1.48000000e+00  6.60000000e-01  5.63950380e-07  1.35742949e+00  1.77337135e+00  9.13337340e-01  1.55487503e+00  3.19838895e+01  1.27742627e+00  4.91413352e+00 
 6.70000000e-01  1.48000000e+00  6.70000000e-01  9.34450576e-07  1.35742949e+00  1.77337135e+00  9.13337340e-01  1.55487503e+00  3.19838895e+01  1.27742627e+00  4.91413352e+00 
 6.80000000e-01  1.48000000e+00  6.80000000e-01  1.53603486e-06  1.35742949e+00  1.77337135e+00  9.13337340e-01  1.55487503e+00  3.19838895e+01  1.27742627e+00  4.91413352e+00 
 6.90000000e-01  1.48000000e+00  6.90000000e-01  2.49387494e-06  1.35742949e+00  1.77337135e+00  9.13337340e-01  1.55487503e+00  3.19838895e+01  1.27742627e+00  4.91413352e+00 
 7.00000000e-01  1.48000000e+00  7.00000000e-01  3.96887615e-06  1.35742949e+00  1.77337135e+00  9.13337340e-01  1.55487503e+00  3.19838895e+01  1.27742627e+00  4.91413352e+00 
 7.10000000e-01  1.48000000e+00  7.10000000e-01  6.13806292e-06  1.35742949e+00  1.77337135e+00  9.13337340e-01  1.55487503e+00  3.19838895e+01  1.27742627e+00  4.91413352e+00 
 7.20000000e-01  1.48000000e+00  7.20000000e-01  9.16290679e-06  1.35742949e+00  1.77337135e+00  9.13337340e-01  1.55487503e+00  3.19838895e+01  1.27742627e+00  4.91413352e+00 
 7.30000000e-01  1.48000000e+00  7.30000000e-01  1.31624104e-05  1.35742949e+00  1.77337135e+00  9.13337340e-01  1.55487503e+00  3.19838895e+01  1.27742627e+00  4.91413352e+00 
 7.40000000e-01  1.48000000e+00  7.40000000e-01  1.82044189e-05  1.35742949e+00  1.77337135e+00  9.13337340e-01  1.55487503e+00  3.19838895e+01  1.27742627e+00  4.91413352e+00 
 7.50000000e-01  1.48000000e+00  7.50000000e-01  2.43139379e-05  1.35742949e+00  1.77337135e+00  9.13337340e-01  1.55487503e+00  3.19838895e+01  1.27742627e+00  4.91413352e+00 
 7.60000000e-01  1.48000000e+00  7.60000000e-01  3.14883096e-05  1.35742949e+00  1.77337135e+00  9.13337340e-01  1.55487503e+00  3.19838895e+01  1.27742627e+00  4.91413352e+00 
 7.70000000e-01  1.48000000e+00  7.70000000e-01  3.97108203e-05  1.35742949e+00  1.77337135e+00  9.13337340e-01  1.55487503e+00  3.19838895e+01  1.27742627e+00  4.91413352e+00 
 7.80000000e-01  1.48000000e+00  7.80000000e-01  4.89596677e-05  1.35742949e+00  1.77337135e+00  9.13337340e-01  1.55487503e+00  3.19838895e+01  1.27742627e+00  4.91413352e+00 
 7.90000000e-01  1.48000000e+00  7.90000000e-01  5.92126981e-05  1.35742949e+00  1.77337135e+00  9.13337340e-01  1.55487503e+00  3.19838895e+01  1.27742627e+00  4.91413352e+00 
 8.00000000e-01  1.48000000e+00  8.00000000e-01  7.04493673e-05  1.35742949e+00  1.77337135e+00  9.13337340e-01  1.55487503e+00  3.19838895e+01  1.27742627e+00  4.91413352e+00 
 8.10000000e-01  1.48000000e+00  8.10000000e-01  8.26512061e-05  1.35742949e+00  1.77337135e+00  9.13337340e-01  1.55487503e+00  3.19838895e+01  1.27742627e+00  4.91413352e+00 
 8.20000000e-01  1.48000000e+00  8.20000000e-01  9.58016145e-05  1.35742949e+00  1.77337135e+00  9.13337340e-01  1.55487503e+00  3.19838895e+01  1.27742627e+00  4.91413352e+00 
 8.30000000e-01  1.48000000e+00  8.30000000e-01  1.09885432e-04  1.35742949e+00  1.77337135e+00  9.13337340e-01  1.55487503e+00  3.19838895e+01  1.27742627e+00  4.91413352e+00 
 8.40000000e-01  1.48000000e+00  8.40000000e-01  1.24888491e-04  1.35742949e+00  1.77337135e+00  9.13337340e-01  1.55487503e+00  3.19838895e+01  1.27742627e+00  4.91413352e+00 
 8.50000000e-01  1.48000000e+00  8.50000000e-01  1.40797246e-04  1.35742949e+00  1.77337135e+00  9.13337340e-01  1.55487503e+00  3.19838895e+01  1.27742627e+00  4.91413352e+00 
 8.60000000e-01  1.48000000e+00  8.60000000e-01  1.57598474e-04  1.35742949e+00  1.77337135e+00  9.13337340e-01  1.55487503e+00  3.19838895e+01  1.27742627e+00  4.91413352e+00 
 8.70000000e-01  1.48000000e+00  8.70000000e-01  1.75279076e-04  1.35742949e+00  1.77337135e+00  9.13337340e-01  1.55487503e+00  3.19838895e+01  1.27742627e+00  4.91413352e+00 
 8.80000000e-01  1.48000000e+00  8.80000000e-01  1.93825928e-04  1.35742949e+00  1.77337135e+00  9.13337340e-01  1.55487503e+00  3.19838895e+01  1.27742627e+00  4.91413352e+00 
 8.90000000e-01  1.48000000e+00  8.90000000e-01  2.13225793e-04  1.35742949e+00  1.77337135e+00  9.13337340e-01  1.55487503e+00  3.19838895e+01  1.27742627e+00  4.91413352e+00 
 9.00000000e-01  1.48000000e+00  9.00000000e-01  2.33465262e-04  1.35742949e+00  1.77337135e+00  9.13337340e-01  1.55487503e+00  3.19838895e+01  1.27742627e+00  4.91413352e+00 
 9.10000000e-01  1.48000000e+00  9.10000000e-01  2.54530728e-04  1.35742949e+00  1.77337135e+00  9.13337340e-01  1.55487503e+00  3.19838895e+01  1.27742627e+00  4.91413352e+00 
 9.20000000e-01  1.48000000e+00  9.20000000e-01  2.76408369e-04  1.35742949e+00  1.77337135e+00  9.13337340e-01  1.55487503e+00  3.19838895e+01  1.27742627e+00  4.91413352e+00 
 9.30000000e-01  1.48000000e+00  9.30000000e-01  2.99084154e-04  1.35742949e+00  1.77337135e+00  9.13337340e-01  1.55487503e+00  3.19838895e+01  1.27742627e+00  4.91413352e+00 
 9.40000000e-01  1.48000000e+00  9.40000000e-01  3.22543846e-04  1.35742949e+00  1.77337135e+00  9.13337340e-01  1.55487503e+00  3.19838895e+01  1.27742627e+00  4.91413352e+00 
 9.50000000e-01  1.48000000e+00  9.50000000e-01  3.46773016e-04  1.35742949e+00  1.77337135e+00  9.13337340e-01  1.55487503e+00  3.19838895e+01  1.27742627e+00  4.91413352e+00 
 9.60000000e-01  1.48000000e+00  9.60000000e-01  3.71757060e-04  1.35742949e+00  1.77337135e+00  9.13337340e-01  1.55487503e+00  3.19838895e+01  1.27742627e+00  4.91413352e+00 
 9.70000000e-01  1.48000000e+00  9.70000000e-01  3.97481209e-04  1.35742949e+00  1.77337135e+00  9.13337340e-01  1.55487503e+00  3.19838895e+01  1.27742627e+00  4.91413352e+00 
 9.80000000e-01  1.48000000e+00  9.80000000e-01  4.23930559e-04  1.35742949e+00  1.77337135e+00  9.13337340e-01  1.55487503e+00  3.19838895e+01  1.27742627e+00  4.91413352e+00 
 9.90000000e-01  1.48000000e+00  9.90000000e-01  4.51090089e-04  1.35742949e+00  1.77337135e+00  9.13337340e-01  1.55487503e+00  3.19838895e+01  1.27742627e+00  4.91413352e+00 
 1.00000000e+00  1.48000000e+00  1.00000000e+00  4.78944675e-04  1.35742949e+00  1.77337135e+00  9.13337340e-01  1.55487503e+00  3.19838895e+01  1.27742627e+00  4.91413352e+00 
 1.01000000e+00  1.48000000e+00  1.01000000e+00  5.07479113e-04  1.35742949e+00  1.77337135e+00  9.13337340e-01  1.55487503e+00  3.19838895e+01  1.27742627e+00  4.91413352e+00 
 1.02000000e+00  1.48000000e+00  1.02000000e+00  5.36678133e-04  1.35742949e+00  1.77337135e+00  9.13337340e-01  1.55487503e+00  3.19838895e+01  1.27742627e+00  4.91413352e+00 
 1.03000000e+00  1.48000000e+00  1.03000000e+00  5.66526421e-04  1.35742949e+00  1.77337135e+00  9.13337340e-01  1.55487503e+00  3.19838895e+01  1.27742627e+00  4.91413352e+00 
 1.04000000e+00  1.48000000e+00  1.04000000e+00  5.97008632e-04  1.35742949e+00  1.77337135e+00  9.13337340e-01  1.55487503e+00  3.19838895e+01  1.27742627e+00  4.91413352e+00 
 1.05000000e+00  1.48000000e+00  1.05000000e+00  6.28109409e-04  1.35742949e+00  1.77337135e+00  9.13337340e-01  1.55487503e+00  3.19838895e+01  1.27742627e+00  4.91413352e+00 
 1.06000000e+00  1.48000000e+00  1.06000000e+00  6.59813399e-04  1.35742949e+00  1.77337135e+00  9.13337340e-01  1.55487503e+00  3.19838895e+01  1.27742627e+00  4.91413352e+00 
 1.07000000e+00  1.48000000e+00  1.07000000e+00  6.92105267e-04  1.35742949e+00  1.77337135e+00  9.13337340e-01  1.55487503e+00  3.19838895e+01  1.27742627e+00  4.91413352e+00 
 1.08000000e+00  1.48000000e+00  1.08000000e+00  7.24969709e-04  1.35742949e+00  1.77337135e+00  9.13337340e-01  1.55487503e+00  3.19838895e+01  1.27742627e+00  4.91413352e+00 
 1.09000000e+00  1.48000000e+00  1.09000000e+00  7.58391469e-04  1.35742949e+00  1.77337135e+00  9.13337340e-01  1.55487503e+00  3.19838895e+01  1.27742627e+00  4.91413352e+00 
 1.10000000e+00  1.48000000e+00  1.10000000e+00  7.92355350e-04  1.35742949e+00  1.77337135e+00  9.13337340e-01  1.55487503e+00  3.19838895e+01  1.27742627e+00  4.91413352e+00 
 1.11000000e+00  1.48000000e+00  1.11000000e+00  8.26846226e-04  1.35742949e+00  1.77337135e+00  9.13337340e-01  1.55487503e+00  3.19838895e+01  1.27742627e+00  4.91413352e+00 
 1.12000000e+00  1.48000000e+00  1.12000000e+00  8.61849056e-04  1.35742949e+00  1.77337135e+00  9.13337340e-01  1.55487503e+00  3.19838895e+01  1.27742627e+00  4.91413352e+00 
 1.13000000e+00  1.48000000e+00  1.13000000e+00  8.97348889e-04  1.35742949e+00  1.77337135e+00  9.13337340e-01  1.55487503e+00  3.19838895e+01  1.27742627e+00  4.91413352e+00 
 1.14000000e+00  1.48000000e+00  1.14000000e+00  9.33330882e-04  1.35742949e+00  1.77337135e+00  9.13337340e-01  1.55487503e+00  3.19838895e+01  1.27742627e+00  4.91413352e+00 
 1.15000000e+00  1.48000000e+00  1.15000000e+00  9.69780303e-04  1.35742949e+00  1.77337135e+00  9.13337340e-01  1.55487503e+00  3.19838895e+01  1.27742627e+00  4.91413352e+00 
 1.16000000e+00  1.48000000e+00  1.16000000e+00  1.00668254e-03  1.35742949e+00  1.77337135e+00  9.13337340e-01  1.55487503e+00  3.19838895e+01  1.27742627e+00  4.91413352e+00 
 1.17000000e+00  1.48000000e+00  1.17000000e+00  1.04402313e-03  1.35742949e+00  1.77337135e+00  9.13337340e-01  1.55487503e+00  3.19838895e+01  1.27742627e+00  4.91413352e+00 
 1.18000000e+00  1.48000000e+00  1.18000000e+00  1.08178772e-03  1.35742949e+00  1.77337135e+00  9.13337340e-01  1.55487503e+00  3.19838895e+01  1.27742627e+00  4.91413352e+00 
 1.19000000e+00  1.48000000e+00  1.19000000e+00  1.11996211e-03  1.35742949e+00  1.77337135e+00  9.13337340e-01  1.55487503e+00  3.19838895e+01  1.27742627e+00  4.91413352e+00 
 1.20000000e+00  1.48000000e+00  1.20000000e+00  1.15853228e-03  1.35742949e+00  1.77337135e+00  9.13337340e-01  1.55487503e+00  3.19838895e+01  1.27742627e+00  4.91413352e+00 
 1.21000000e+00  1.48000000e+00  1.21000000e+00  1.19748433e-03  1.35742949e+00  1.77337135e+00  9.13337340e-01  1.55487503e+00  3.19838895e+01  1.27742627e+00  4.91413352e+00 
 1.22000000e+00  1.48000000e+00  1.22000000e+00  1.23680454e-03  1.35742949e+00  1.77337135e+00  9.13337340e-01  1.55487503e+00  3.19838895e+01  1.27742627e+00  4.91413352e+00 
 1.23000000e+00  1.48000000e+00  1.23000000e+00  1.27647937e-03  1.35742949e+00  1.77337135e+00  9.13337340e-01  1.55487503e+00  3.19838895e+01  1.27742627e+00  4.91413352e+00 
 1.24000000e+00  1.48000000e+00  1.24000000e+00  1.31649544e-03  1.35742949e+00  1.77337135e+00  9.13337340e-01  1.55487503e+00  3.19838895e+01  1.27742627e+00  4.91413352e+00 
 1.25000000e+00  1.48000000e+00  1.25000000e+00  1.35683953e-03  1.35742949e+00  1.77337135e+00  9.13337340e-01  1.55487503e+00  3.19838895e+01  1.27742627e+00  4.91413352e+00 
 1.26000000e+00  1.48000000e+00  1.26000000e+00  1.39749864e-03  1.35742949e+00  1.77337135e+00  9.13337340e-01  1.55487503e+00  3.19838895e+01  1.27742627e+00  4.91413352e+00 
 1.27000000e+00  1.48000000e+00  1.27000000e+00  1.43845992e-03  1.35742949e+00  1.77337135e+00  9.13337340e-01  1.55487503e+00  3.19838895e+01  1.27742627e+00  4.91413352e+00 
 1.28000000e+00  1.48000000e+00  1.28000000e+00  1.47971072e-03  1.35742949e+00  1.77337135e+00  9.13337340e-01  1.55487503e+00  3.19838895e+01  1.27742627e+00  4.91413352e+00 
 1.29000000e+00  1.48000000e+00  1.29000000e+00  1.52123857e-03  1.35742949e+00  1.77337135e+00  9.13337340e-01  1.55487503e+00  3.19838895e+01  1.27742627e+00  4.91413352e+00 
 1.30000000e+00  1.48000000e+00  1.30000000e+00  1.56303120e-03  1.35742949e+00  1.77337135e+00  9.13337340e-01  1.55487503e+00  3.19838895e+01  1.27742627e+00  4.91413352e+00 
 1.31000000e+00  1.48000000e+00  1.31000000e+00  1.60507653e-03  1.35742949e+00  1.77337135e+00  9.13337340e-01  1.55487503e+00  3.19838895e+01  1.27742627e+00  4.91413352e+00 
 1.32000000e+00  1.48000000e+00  1.32000000e+00  1.64736267e-03  1.35742949e+00  1.77337135e+00  9.13337340e-01  1.55487503e+00  3.19838895e+01  1.27742627e+00  4.91413352e+00 
 1.33000000e+00  1.48000000e+00  1.33000000e+00  1.68987791e-03  1.35742949e+00  1.77337135e+00  9.13337340e-01  1.55487503e+00  3.19838895e+01  1.27742627e+00  4.91413352e+00 
 1.34000000e+00  1.48000000e+00  1.34000000e+00  1.73261077e-03  1.35742949e+00  1.77337135e+00  9.13337340e-01  1.55487503e+00  3.19838895e+01  1.27742627e+00  4.91413352e+00 
 1.35000000e+00  1.48000000e+00  1.35000000e+00  1.77554991e-03  1.35742949e+00  1.77337135e+00  9.13337340e-01  1.55487503e+00  3.19838895e+01  1.27742627e+00  4.91413352e+00 
 1.36000000e+00  1.48000000e+00  1.36000000e+00  1.81868424e-03  1.35742949e+00  1.77337135e+00  9.13337340e-01  1.55487503e+00  3.19838895e+01  1.27742627e+00  4.91413352e+00 
 1.37000000e+00  1.48000000e+00  1.37000000e+00  1.86200284e-03  1.35742949e+00  1.77337135e+00  9.13337340e-01  1.55487503e+00  3.19838895e+01  1.27742627e+00  4.91413352e+00 
 1.38000000e+00  1.48000000e+00  1.38000000e+00  1.90549496e-03  1.35742949e+00  1.77337135e+00  9.13337340e-01  1.55487503e+00  3.19838895e+01  1.27742627e+00  4.91413352e+00 
 1.39000000e+00  1.48000000e+00  1.39000000e+00  1.94915009e-03  1.35742949e+00  1.77337135e+00  9.13337340e-01  1.55487503e+00  3.19838895e+01  1.27742627e+00  4.91413352e+00 
 1.40000000e+00  1.48000000e+00  1.40000000e+00  1.99295788e-03  1.35742949e+00  1.77337135e+00  9.13337340e-01  1.55487503e+00  3.19838895e+01  1.27742627e+00  4.91413352e+00 
 1.41000000e+00  1.48000000e+00  1.41000000e+00  2.03690817e-03  1.35742949e+00  1.77337135e+00  9.13337340e-01  1.55487503e+00  3.19838895e+01  1.27742627e+00  4.91413352e+00 
 1.42000000e+00  1.48000000e+00  1.42000000e+00  2.08099100e-03  1.35742949e+00  1.77337135e+00  9.13337340e-01  1.55487503e+00  3.19838895e+01  1.27742627e+00  4.91413352e+00 
 1.43000000e+00  1.48000000e+00  1.43000000e+00  2.12519659e-03  1.35742949e+00  1.77337135e+00  9.13337340e-01  1.55487503e+00  3.19838895e+01  1.27742627e+00  4.91413352e+00 
 1.44000000e+00  1.48000000e+00  1.44000000e+00  2.16951537e-03  1.35742949e+00  1.77337135e+00  9.13337340e-01  1.55487503e+00  3.19838895e+01  1.27742627e+00  4.91413352e+00 
 1.45000000e+00  1.48000000e+00  1.45000000e+00  2.21393792e-03  1.35742949e+00  1.77337135e+00  9.13337340e-01  1.55487503e+00  3.19838895e+01  1.27742627e+00  4.91413352e+00 
 1.46000000e+00  1.48000000e+00  1.46000000e+00  2.25845501e-03  1.35742949e+00  1.77337135e+00  9.13337340e-01  1.55487503e+00  3.19838895e+01  1.27742627e+00  4.91413352e+00 
 1.47000000e+00  1.48000000e+00  1.47000000e+00  2.30305761e-03  1.35742949e+00  1.77337135e+00  9.13337340e-01  1.55487503e+00  3.19838895e+01  1.27742627e+00  4.91413352e+00 
 1.48000000e+00  1.48000000e+00  1.48000000e+00  2.34773686e-03  1.35742949e+00  1.77337135e+00  9.13337340e-01  1.55487503e+00  3.19838895e+01  1.27742627e+00  4.91413352e+00 
 1.49000000e+00  1.48000000e+00  1.49000000e+00  2.39248406e-03  1.35742949e+00  1.77337135e+00  9.13337340e-01  1.55487503e+00  3.19838895e+01  1.27742627e+00  4.91413352e+00 
 1.50000000e+00  1.48000000e+00  1.50000000e+00  2.43729069e-03  1.35742949e+00  1.77337135e+00  9.13337340e-01  1.55487503e+00  3.19838895e+01  1.27742627e+00  4.91413352e+00 
 1.51000000e+00  1.48000000e+00  1.51000000e+00  2.48214842e-03  1.35742949e+00  1.77337135e+00  9.13337340e-01  1.55487503e+00  3.19838895e+01  1.27742627e+00  4.91413352e+00 
 1.52000000e+00  1.48000000e+00  1.52000000e+00  2.52704907e-03  1.35742949e+00  1.77337135e+00  9.13337340e-01  1.55487503e+00  3.19838895e+01  1.27742627e+00  4.91413352e+00 
 1.53000000e+00  1.48000000e+00  1.53000000e+00  2.57198462e-03  1.35742949e+00  1.77337135e+00  9.13337340e-01  1.55487503e+00  3.19838895e+01  1.27742627e+00  4.91413352e+00 
 1.54000000e+00  1.48000000e+00  1.54000000e+00  2.61694724e-03  1.35742949e+00  1.77337135e+00  9.13337340e-01  1.55487503e+00  3.19838895e+01  1.27742627e+00  4.91413352e+00 
 1.55000000e+00  1.48000000e+00  1.55000000e+00  2.66192923e-03  1.35742949e+00  1.77337135e+00  9.13337340e-01  1.55487503e+00  3.19838895e+01  1.27742627e+00  4.91413352e+00 
 1.56000000e+00  1.48000000e+00  1.56000000e+00  2.70692306e-03  1.35742949e+00  1.77337135e+00  9.13337340e-01  1.55487503e+00  3.19838895e+01  1.27742627e+00  4.91413352e+00 
 1.57000000e+00  1.48000000e+00  1.57000000e+00  2.75192137e-03  1.35742949e+00  1.77337135e+00  9.13337340e-01  1.55487503e+00  3.19838895e+01  1.27742627e+00  4.91413352e+00 
 1.58000000e+00  1.48000000e+00  1.58000000e+00  2.79691693e-03  1.35742949e+00  1.77337135e+00  9.13337340e-01  1.55487503e+00  3.19838895e+01  1.27742627e+00  4.91413352e+00 
 1.59000000e+00  1.48000000e+00  1.59000000e+00  2.84190266e-03  1.35742949e+00  1.77337135e+00  9.13337340e-01  1.55487503e+00  3.19838895e+01  1.27742627e+00  4.91413352e+00 
 1.60000000e+00  1.48000000e+00  1.60000000e+00  2.88687164e-03  1.35742949e+00  1.77337135e+00  9.13337340e-01  1.55487503e+00  3.19838895e+01  1.27742627e+00  4.91413352e+00 
 1.61000000e+00  1.48000000e+00  1.61000000e+00  2.93181710e-03  1.35742949e+00  1.77337135e+00  9.13337340e-01  1.55487503e+00  3.19838895e+01  1.27742627e+00  4.91413352e+00 
 1.62000000e+00  1.48000000e+00  1.62000000e+00  2.97673237e-03  1.35742949e+00  1.77337135e+00  9.13337340e-01  1.55487503e+00  3.19838895e+01  1.27742627e+00  4.91413352e+00 
 1.63000000e+00  1.48000000e+00  1.63000000e+00  3.02161097e-03  1.35742949e+00  1.77337135e+00  9.13337340e-01  1.55487503e+00  3.19838895e+01  1.27742627e+00  4.91413352e+00 
 1.64000000e+00  1.48000000e+00  1.64000000e+00  3.06644651e-03  1.35742949e+00  1.77337135e+00  9.13337340e-01  1.55487503e+00  3.19838895e+01  1.27742627e+00  4.91413352e+00 
 1.65000000e+00  1.48000000e+00  1.65000000e+00  3.11123276e-03  1.35742949e+00  1.77337135e+00  9.13337340e-01  1.55487503e+00  3.19838895e+01  1.27742627e+00  4.91413352e+00 
 1.66000000e+00  1.48000000e+00  1.66000000e+00  3.15596362e-03  1.35742949e+00  1.77337135e+00  9.13337340e-01  1.55487503e+00  3.19838895e+01  1.27742627e+00  4.91413352e+00 
 1.67000000e+00  1.48000000e+00  1.67000000e+00  3.20063309e-03  1.35742949e+00  1.77337135e+00  9.13337340e-01  1.55487503e+00  3.19838895e+01  1.27742627e+00  4.91413352e+00 
 1.68000000e+00  1.48000000e+00  1.68000000e+00  3.24523531e-03  1.35742949e+00  1.77337135e+00  9.13337340e-01  1.55487503e+00  3.19838895e+01  1.27742627e+00  4.91413352e+00 
 1.69000000e+00  1.48000000e+00  1.69000000e+00  3.28976454e-03  1.35742949e+00  1.77337135e+00  9.13337340e-01  1.55487503e+00  3.19838895e+01  1.27742627e+00  4.91413352e+00 
 1.70000000e+00  1.48000000e+00  1.70000000e+00  3.33421517e-03  1.35742949e+00  1.77337135e+00  9.13337340e-01  1.55487503e+00  3.19838895e+01  1.27742627e+00  4.91413352e+00 
 1.71000000e+00  1.48000000e+00  1.71000000e+00  3.37858166e-03  1.35742949e+00  1.77337135e+00  9.13337340e-01  1.55487503e+00  3.19838895e+01  1.27742627e+00  4.91413352e+00 
 1.72000000e+00  1.48000000e+00  1.72000000e+00  3.42285864e-03  1.35742949e+00  1.77337135e+00  9.13337340e-01  1.55487503e+00  3.19838895e+01  1.27742627e+00  4.91413352e+00 
 1.73000000e+00  1.48000000e+00  1.73000000e+00  3.46704081e-03  1.35742949e+00  1.77337135e+00  9.13337340e-01  1.55487503e+00  3.19838895e+01  1.27742627e+00  4.91413352e+00 
 1.74000000e+00  1.48000000e+00  1.74000000e+00  3.51112297e-03  1.35742949e+00  1.77337135e+00  9.13337340e-01  1.55487503e+00  3.19838895e+01  1.27742627e+00  4.91413352e+00 
 1.75000000e+00  1.48000000e+00  1.75000000e+00  3.55510006e-03  1.35742949e+00  1.77337135e+00  9.13337340e-01  1.55487503e+00  3.19838895e+01  1.27742627e+00  4.91413352e+00 
 1.76000000e+00  1.48000000e+00  1.76000000e+00  3.59896708e-03  1.35742949e+00  1.77337135e+00  9.13337340e-01  1.55487503e+00  3.19838895e+01  1.27742627e+00  4.91413352e+00 
 1.77000000e+00  1.48000000e+00  1.77000000e+00  3.64271916e-03  1.35742949e+00  1.77337135e+00  9.13337340e-01  1.55487503e+00  3.19838895e+01  1.27742627e+00  4.91413352e+00 
 1.78000000e+00  1.48000000e+00  1.78000000e+00  3.68635150e-03  1.35742949e+00  1.77337135e+00  9.13337340e-01  1.55487503e+00  3.19838895e+01  1.27742627e+00  4.91413352e+00 
 1.79000000e+00  1.48000000e+00  1.79000000e+00  3.72985940e-03  1.35742949e+00  1.77337135e+00  9.13337340e-01  1.55487503e+00  3.19838895e+01  1.27742627e+00  4.91413352e+00 
 1.80000000e+00  1.48000000e+00  1.80000000e+00  3.77323826e-03  1.35742949e+00  1.77337135e+00  9.13337340e-01  1.55487503e+00  3.19838895e+01  1.27742627e+00  4.91413352e+00 
 1.81000000e+00  1.48000000e+00  1.81000000e+00  3.81648356e-03  1.35742949e+00  1.77337135e+00  9.13337340e-01  1.55487503e+00  3.19838895e+01  1.27742627e+00  4.91413352e+00 
 1.82000000e+00  1.48000000e+00  1.82000000e+00  3.85959084e-03  1.35742949e+00  1.77337135e+00  9.13337340e-01  1.55487503e+00  3.19838895e+01  1.27742627e+00  4.91413352e+00 
 1.83000000e+00  1.48000000e+00  1.83000000e+00  3.90255577e-03  1.35742949e+00  1.77337135e+00  9.13337340e-01  1.55487503e+00  3.19838895e+01  1.27742627e+00  4.91413352e+00 
 1.84000000e+00  1.48000000e+00  1.84000000e+00  3.94537406e-03  1.35742949e+00  1.77337135e+00  9.13337340e-01  1.55487503e+00  3.19838895e+01  1.27742627e+00  4.91413352e+00 
 1.85000000e+00  1.48000000e+00  1.85000000e+00  3.98804151e-03  1.35742949e+00  1.77337135e+00  9.13337340e-01  1.55487503e+00  3.19838895e+01  1.27742627e+00  4.91413352e+00 
