 0.00000000e+00  1.48000000e+00  0.00000000e+00  1.48148160e-12  1.20231572e+00  1.87189453e+00  9.14140933e-01  1.81873253e+00  3.37356333e+01  1.43564419e+00  5.70345540e+00 
 1.00000000e-02  1.48000000e+00  1.00000000e-02  1.48148160e-12  1.20231572e+00  1.87189453e+00  9.14140933e-01  1.81873253e+00  3.37356333e+01  1.43564419e+00  5.70345540e+00 
 2.00000000e-02  1.48000000e+00  2.00000000e-02  1.48148160e-12  1.20231572e+00  1.87189453e+00  9.14140933e-01  1.81873253e+00  3.37356333e+01  1.43564419e+00  5.70345540e+00 
 3.00000000e-02  1.48000000e+00  3.00000000e-02  1.48148160e-12  1.20231572e+00  1.87189453e+00  9.14140933e-01  1.81873253e+00  3.37356333e+01  1.43564419e+00  5.70345540e+00 
 4.00000000e-02  1.48000000e+00  4.00000000e-02  1.48148160e-12  1.20231572e+00  1.87189453e+00  9.14140933e-01  1.81873253e+00  3.37356333e+01  1.43564419e+00  5.70345540e+00 
 5.00000000e-02  1.48000000e+00  5.00000000e-02  1.48148160e-12  1.20231572e+00  1.87189453e+00  9.14140933e-01  1.81873253e+00  3.37356333e+01  1.43564419e+00  5.70345540e+00 
 6.00000000e-02  1.48000000e+00  6.00000000e-02  1.48148160e-12  1.20231572e+00  1.87189453e+00  9.14140933e-01  1.81873253e+00  3.37356333e+01  1.43564419e+00  5.70345540e+00 
 7.00000000e-02  1.48000000e+00  7.00000000e-02  1.48148160e-12  1.20231572e+00  1.87189453e+00  9.14140933e-01  1.81873253e+00  3.37356333e+01  1.43564419e+00  5.70345540e+00 
 8.00000000e-02  1.48000000e+00  8.00000000e-02  1.48148160e-12  1.20231572e+00  1.87189453e+00  9.14140933e-01  1.81873253e+00  3.37356333e+01  1.43564419e+00  5.70345540e+00 
 9.00000000e-02  1.48000000e+00  9.00000000e-02  1.48148160e-12  1.20231572e+00  1.87189453e+00  9.14140933e-01  1.81873253e+00  3.37356333e+01  1.43564419e+00  5.70345540e+00 
 1.00000000e-01  1.48000000e+00  1.00000000e-01  1.48148160e-12  1.20231572e+00  1.87189453e+00  9.14140933e-01  1.81873253e+00  3.37356333e+01  1.43564419e+00  5.70345540e+00 
 1.10000000e-01  1.48000000e+00  1.10000000e-01  1.48148160e-12  1.20231572e+00  1.87189453e+00  9.14140933e-01  1.81873253e+00  3.37356333e+01  1.43564419e+00  5.70345540e+00 
 1.20000000e-01  1.48000000e+00  1.20000000e-01  1.48148160e-12  1.20231572e+00  1.87189453e+00  9.14140933e-01  1.81873253e+00  3.37356333e+01  1.43564419e+00  5.70345540e+00 
 1.30000000e-01  1.48000000e+00  1.30000000e-01  1.48148160e-12  1.20231572e+00  1.87189453e+00  9.14140933e-01  1.81873253e+00  3.37356333e+01  1.43564419e+00  5.70345540e+00 
 1.40000000e-01  1.48000000e+00  1.40000000e-01  1.48148160e-12  1.20231572e+00  1.87189453e+00  9.14140933e-01  1.81873253e+00  3.37356333e+01  1.43564419e+00  5.70345540e+00 
 1.50000000e-01  1.48000000e+00  1.50000000e-01  1.48148160e-12  1.20231572e+00  1.87189453e+00  9.14140933e-01  1.81873253e+00  3.37356333e+01  1.43564419e+00  5.70345540e+00 
 1.60000000e-01  1.48000000e+00  1.60000000e-01  1.48148160e-12  1.20231572e+00  1.87189453e+00  9.14140933e-01  1.81873253e+00  3.37356333e+01  1.43564419e+00  5.70345540e+00 
 1.70000000e-01  1.48000000e+00  1.70000000e-01  1.48148160e-12  1.20231572e+00  1.87189453e+00  9.14140933e-01  1.81873253e+00  3.37356333e+01  1.43564419e+00  5.70345540e+00 
 1.80000000e-01  1.48000000e+00  1.80000000e-01  1.48148160e-12  1.20231572e+00  1.87189453e+00  9.14140933e-01  1.81873253e+00  3.37356333e+01  1.43564419e+00  5.70345540e+00 
 1.90000000e-01  1.48000000e+00  1.90000000e-01  1.48148160e-12  1.20231572e+00  1.87189453e+00  9.14140933e-01  1.81873253e+00  3.37356333e+01  1.43564419e+00  5.70345540e+00 
 2.00000000e-01  1.48000000e+00  2.00000000e-01  1.48148160e-12  1.20231572e+00  1.87189453e+00  9.14140933e-01  1.81873253e+00  3.37356333e+01  1.43564419e+00  5.70345540e+00 
 2.10000000e-01  1.48000000e+00  2.10000000e-01  1.48148160e-12  1.20231572e+00  1.87189453e+00  9.14140933e-01  1.81873253e+00  3.37356333e+01  1.43564419e+00  5.70345540e+00 
 2.20000000e-01  1.48000000e+00  2.20000000e-01  1.48148160e-12  1.20231572e+00  1.87189453e+00  9.14140933e-01  1.81873253e+00  3.37356333e+01  1.43564419e+00  5.70345540e+00 
 2.30000000e-01  1.48000000e+00  2.30000000e-01  1.48148160e-12  1.20231572e+00  1.87189453e+00  9.14140933e-01  1.81873253e+00  3.37356333e+01  1.43564419e+00  5.70345540e+00 
 2.40000000e-01  1.48000000e+00  2.40000000e-01  1.48148160e-12  1.20231572e+00  1.87189453e+00  9.14140933e-01  1.81873253e+00  3.37356333e+01  1.43564419e+00  5.70345540e+00 
 2.50000000e-01  1.48000000e+00  2.50000000e-01  1.48148160e-12  1.20231572e+00  1.87189453e+00  9.14140933e-01  1.81873253e+00  3.37356333e+01  1.43564419e+00  5.70345540e+00 
 2.60000000e-01  1.48000000e+00  2.60000000e-01  1.48148160e-12  1.20231572e+00  1.87189453e+00  9.14140933e-01  1.81873253e+00  3.37356333e+01  1.43564419e+00  5.70345540e+00 
 2.70000000e-01  1.48000000e+00  2.70000000e-01  1.48148160e-12  1.20231572e+00  1.87189453e+00  9.14140933e-01  1.81873253e+00  3.37356333e+01  1.43564419e+00  5.70345540e+00 
 2.80000000e-01  1.48000000e+00  2.80000000e-01  1.48148160e-12  1.20231572e+00  1.87189453e+00  9.14140933e-01  1.81873253e+00  3.37356333e+01  1.43564419e+00  5.70345540e+00 
 2.90000000e-01  1.48000000e+00  2.90000000e-01  1.48148160e-12  1.20231572e+00  1.87189453e+00  9.14140933e-01  1.81873253e+00  3.37356333e+01  1.43564419e+00  5.70345540e+00 
 3.00000000e-01  1.48000000e+00  3.00000000e-01  1.48148160e-12  1.20231572e+00  1.87189453e+00  9.14140933e-01  1.81873253e+00  3.37356333e+01  1.43564419e+00  5.70345540e+00 
 3.10000000e-01  1.48000000e+00  3.10000000e-01  1.48148160e-12  1.20231572e+00  1.87189453e+00  9.14140933e-01  1.81873253e+00  3.37356333e+01  1.43564419e+00  5.70345540e+00 
 3.20000000e-01  1.48000000e+00  3.20000000e-01  1.48148160e-12  1.20231572e+00  1.87189453e+00  9.14140933e-01  1.81873253e+00  3.37356333e+01  1.43564419e+00  5.70345540e+00 
 3.30000000e-01  1.48000000e+00  3.30000000e-01  1.48148160e-12  1.20231572e+00  1.87189453e+00  9.14140933e-01  1.81873253e+00  3.37356333e+01  1.43564419e+00  5.70345540e+00 
 3.40000000e-01  1.48000000e+00  3.40000000e-01  1.48148160e-12  1.20231572e+00  1.87189453e+00  9.14140933e-01  1.81873253e+00  3.37356333e+01  1.43564419e+00  5.70345540e+00 
 3.50000000e-01  1.48000000e+00  3.50000000e-01  1.48148160e-12  1.20231572e+00  1.87189453e+00  9.14140933e-01  1.81873253e+00  3.37356333e+01  1.43564419e+00  5.70345540e+00 
 3.60000000e-01  1.48000000e+00  3.60000000e-01  1.48148160e-12  1.20231572e+00  1.87189453e+00  9.14140933e-01  1.81873253e+00  3.37356333e+01  1.43564419e+00  5.70345540e+00 
 3.70000000e-01  1.48000000e+00  3.70000000e-01  1.48148160e-12  1.20231572e+00  1.87189453e+00  9.14140933e-01  1.81873253e+00  3.37356333e+01  1.43564419e+00  5.70345540e+00 
 3.80000000e-01  1.48000000e+00  3.80000000e-01  1.48325796e-12  1.20231572e+00  1.87189453e+00  9.14140933e-01  1.81873253e+00  3.37356333e+01  1.43564419e+00  5.70345540e+00 
 3.90000000e-01  1.48000000e+00  3.90000000e-01  1.48325796e-12  1.20231572e+00  1.87189453e+00  9.14140933e-01  1.81873253e+00  3.37356333e+01  1.43564419e+00  5.70345540e+00 
 4.00000000e-01  1.48000000e+00  4.00000000e-01  1.48503432e-12  1.20231572e+00  1.87189453e+00  9.14140933e-01  1.81873253e+00  3.37356333e+01  1.43564419e+00  5.70345540e+00 
 4.10000000e-01  1.48000000e+00  4.10000000e-01  1.48503432e-12  1.20231572e+00  1.87189453e+00  9.14140933e-01  1.81873253e+00  3.37356333e+01  1.43564419e+00  5.70345540e+00 
 4.20000000e-01  1.48000000e+00  4.20000000e-01  1.49391610e-12  1.20231572e+00  1.87189453e+00  9.14140933e-01  1.81873253e+00  3.37356333e+01  1.43564419e+00  5.70345540e+00 
 4.30000000e-01  1.48000000e+00  4.30000000e-01  1.51345603e-12  1.20231572e+00  1.87189453e+00  9.14140933e-01  1.81873253e+00  3.37356333e+01  1.43564419e+00  5.70345540e+00 
 4.40000000e-01  1.48000000e+00  4.40000000e-01  1.56141766e-12  1.20231572e+00  1.87189453e+00  9.14140933e-01  1.81873253e+00  3.37356333e+01  1.43564419e+00  5.70345540e+00 
 4.50000000e-01  1.48000000e+00  4.50000000e-01  1.69109171e-12  1.20231572e+00  1.87189453e+00  9.14140933e-01  1.81873253e+00  3.37356333e+01  1.43564419e+00  5.70345540e+00 
 4.60000000e-01  1.48000000e+00  4.60000000e-01  2.02682315e-12  1.20231572e+00  1.87189453e+00  9.14140933e-01  1.81873253e+00  3.37356333e+01  1.43564419e+00  5.70345540e+00 
 4.70000000e-01  1.48000000e+00  4.70000000e-01  2.90434343e-12  1.20231572e+00  1.87189453e+00  9.14140933e-01  1.81873253e+00  3.37356333e+01  1.43564419e+00  5.70345540e+00 
 4.80000000e-01  1.48000000e+00  4.80000000e-01  5.17985654e-12  1.20231572e+00  1.87189453e+00  9.14140933e-01  1.81873253e+00  3.37356333e+01  1.43564419e+00  5.70345540e+00 
 4.90000000e-01  1.48000000e+00  4.90000000e-01  1.10897957e-11  1.20231572e+00  1.87189453e+00  9.14140933e-01  1.81873253e+00  3.37356333e+01  1.43564419e+00  5.70345540e+00 
 5.00000000e-01  1.48000000e+00  5.00000000e-01  2.63202793e-11  1.20231572e+00  1.87189453e+00  9.14140933e-01  1.81873253e+00  3.37356333e+01  1.43564419e+00  5.70345540e+00 
 5.10000000e-01  1.48000000e+00  5.10000000e-01  6.52207177e-11  1.20231572e+00  1.87189453e+00  9.14140933e-01  1.81873253e+00  3.37356333e+01  1.43564419e+00  5.70345540e+00 
 5.20000000e-01  1.48000000e+00  5.20000000e-01  1.63202785e-10  1.20231572e+00  1.87189453e+00  9.14140933e-01  1.81873253e+00  3.37356333e+01  1.43564419e+00  5.70345540e+00 
 5.30000000e-01  1.48000000e+00  5.30000000e-01  4.04774880e-10  1.20231572e+00  1.87189453e+00  9.14140933e-01  1.81873253e+00  3.37356333e+01  1.43564419e+00  5.70345540e+00 
 5.40000000e-01  1.48000000e+00  5.40000000e-01  9.82069537e-10  1.20231572e+00  1.87189453e+00  9.14140933e-01  1.81873253e+00  3.37356333e+01  1.43564419e+00  5.70345540e+00 
 5.50000000e-01  1.48000000e+00  5.50000000e-01  2.30347830e-09  1.20231572e+00  1.87189453e+00  9.14140933e-01  1.81873253e+00  3.37356333e+01  1.43564419e+00  5.70345540e+00 
 5.60000000e-01  1.48000000e+00  5.60000000e-01  5.16567411e-09  1.20231572e+00  1.87189453e+00  9.14140933e-01  1.81873253e+00  3.37356333e+01  1.43564419e+00  5.70345540e+00 
 5.70000000e-01  1.48000000e+00  5.70000000e-01  1.09813900e-08  1.20231572e+00  1.87189453e+00  9.14140933e-01  1.81873253e+00  3.37356333e+01  1.43564419e+00  5.70345540e+00 
 5.80000000e-01  1.48000000e+00  5.80000000e-01  2.20525713e-08  1.20231572e+00  1.87189453e+00  9.14140933e-01  1.81873253e+00  3.37356333e+01  1.43564419e+00  5.70345540e+00 
 5.90000000e-01  1.48000000e+00  5.90000000e-01  4.19534611e-08  1.20231572e+00  1.87189453e+00  9.14140933e-01  1.81873253e+00  3.37356333e+01  1.43564419e+00  5.70345540e+00 
 6.00000000e-01  1.48000000e+00  6.00000000e-01  7.62226264e-08  1.20231572e+00  1.87189453e+00  9.14140933e-01  1.81873253e+00  3.37356333e+01  1.43564419e+00  5.70345540e+00 
 6.10000000e-01  1.48000000e+00  6.10000000e-01  1.33654764e-07  1.20231572e+00  1.87189453e+00  9.14140933e-01  1.81873253e+00  3.37356333e+01  1.43564419e+00  5.70345540e+00 
 6.20000000e-01  1.48000000e+00  6.20000000e-01  2.28539957e-07  1.20231572e+00  1.87189453e+00  9.14140933e-01  1.81873253e+00  3.37356333e+01  1.43564419e+00  5.70345540e+00 
 6.30000000e-01  1.48000000e+00  6.30000000e-01  3.84341476e-07  1.20231572e+00  1.87189453e+00  9.14140933e-01  1.81873253e+00  3.37356333e+01  1.43564419e+00  5.70345540e+00 
 6.40000000e-01  1.48000000e+00  6.40000000e-01  6.39497117e-07  1.20231572e+00  1.87189453e+00  9.14140933e-01  1.81873253e+00  3.37356333e+01  1.43564419e+00  5.70345540e+00 
 6.50000000e-01  1.48000000e+00  6.50000000e-01  1.05586741e-06  1.20231572e+00  1.87189453e+00  9.14140933e-01  1.81873253e+00  3.37356333e+01  1.43564419e+00  5.70345540e+00 
 6.60000000e-01  1.48000000e+00  6.60000000e-01  1.72892382e-06  1.20231572e+00  1.87189453e+00  9.14140933e-01  1.81873253e+00  3.37356333e+01  1.43564419e+00  5.70345540e+00 
 6.70000000e-01  1.48000000e+00  6.70000000e-01  2.79516989e-06  1.20231572e+00  1.87189453e+00  9.14140933e-01  1.81873253e+00  3.37356333e+01  1.43564419e+00  5.70345540e+00 
 6.80000000e-01  1.48000000e+00  6.80000000e-01  4.42821465e-06  1.20231572e+00  1.87189453e+00  9.14140933e-01  1.81873253e+00  3.37356333e+01  1.43564419e+00  5.70345540e+00 
 6.90000000e-01  1.48000000e+00  6.90000000e-01  6.81701014e-06  1.20231572e+00  1.87189453e+00  9.14140933e-01  1.81873253e+00  3.37356333e+01  1.43564419e+00  5.70345540e+00 
 7.00000000e-01  1.48000000e+00  7.00000000e-01  1.01322438e-05  1.20231572e+00  1.87189453e+00  9.14140933e-01  1.81873253e+00  3.37356333e+01  1.43564419e+00  5.70345540e+00 
 7.10000000e-01  1.48000000e+00  7.10000000e-01  1.44986749e-05  1.20231572e+00  1.87189453e+00  9.14140933e-01  1.81873253e+00  3.37356333e+01  1.43564419e+00  5.70345540e+00 
 7.20000000e-01  1.48000000e+00  7.20000000e-01  1.99868183e-05  1.20231572e+00  1.87189453e+00  9.14140933e-01  1.81873253e+00  3.37356333e+01  1.43564419e+00  5.70345540e+00 
 7.30000000e-01  1.48000000e+00  7.30000000e-01  2.66221120e-05  1.20231572e+00  1.87189453e+00  9.14140933e-01  1.81873253e+00  3.37356333e+01  1.43564419e+00  5.70345540e+00 
 7.40000000e-01  1.48000000e+00  7.40000000e-01  3.44009355e-05  1.20231572e+00  1.87189453e+00  9.14140933e-01  1.81873253e+00  3.37356333e+01  1.43564419e+00  5.70345540e+00 
 7.50000000e-01  1.48000000e+00  7.50000000e-01  4.33048664e-05  1.20231572e+00  1.87189453e+00  9.14140933e-01  1.81873253e+00  3.37356333e+01  1.43564419e+00  5.70345540e+00 
 7.60000000e-01  1.48000000e+00  7.60000000e-01  5.33100797e-05  1.20231572e+00  1.87189453e+00  9.14140933e-01  1.81873253e+00  3.37356333e+01  1.43564419e+00  5.70345540e+00 
 7.70000000e-01  1.48000000e+00  7.70000000e-01  6.43923376e-05  1.20231572e+00  1.87189453e+00  9.14140933e-01  1.81873253e+00  3.37356333e+01  1.43564419e+00  5.70345540e+00 
 7.80000000e-01  1.48000000e+00  7.80000000e-01  7.65290756e-05  1.20231572e+00  1.87189453e+00  9.14140933e-01  1.81873253e+00  3.37356333e+01  1.43564419e+00  5.70345540e+00 
 7.90000000e-01  1.48000000e+00  7.90000000e-01  8.96999138e-05  1.20231572e+00  1.87189453e+00  9.14140933e-01  1.81873253e+00  3.37356333e+01  1.43564419e+00  5.70345540e+00 
 8.00000000e-01  1.48000000e+00  8.00000000e-01  1.03886456e-04  1.20231572e+00  1.87189453e+00  9.14140933e-01  1.81873253e+00  3.37356333e+01  1.43564419e+00  5.70345540e+00 
 8.10000000e-01  1.48000000e+00  8.10000000e-01  1.19071844e-04  1.20231572e+00  1.87189453e+00  9.14140933e-01  1.81873253e+00  3.37356333e+01  1.43564419e+00  5.70345540e+00 
 8.20000000e-01  1.48000000e+00  8.20000000e-01  1.35240292e-04  1.20231572e+00  1.87189453e+00  9.14140933e-01  1.81873253e+00  3.37356333e+01  1.43564419e+00  5.70345540e+00 
 8.30000000e-01  1.48000000e+00  8.30000000e-01  1.52376690e-04  1.20231572e+00  1.87189453e+00  9.14140933e-01  1.81873253e+00  3.37356333e+01  1.43564419e+00  5.70345540e+00 
 8.40000000e-01  1.48000000e+00  8.40000000e-01  1.70466294e-04  1.20231572e+00  1.87189453e+00  9.14140933e-01  1.81873253e+00  3.37356333e+01  1.43564419e+00  5.70345540e+00 
 8.50000000e-01  1.48000000e+00  8.50000000e-01  1.89494507e-04  1.20231572e+00  1.87189453e+00  9.14140933e-01  1.81873253e+00  3.37356333e+01  1.43564419e+00  5.70345540e+00 
 8.60000000e-01  1.48000000e+00  8.60000000e-01  2.09446726e-04  1.20231572e+00  1.87189453e+00  9.14140933e-01  1.81873253e+00  3.37356333e+01  1.43564419e+00  5.70345540e+00 
 8.70000000e-01  1.48000000e+00  8.70000000e-01  2.30308244e-04  1.20231572e+00  1.87189453e+00  9.14140933e-01  1.81873253e+00  3.37356333e+01  1.43564419e+00  5.70345540e+00 
 8.80000000e-01  1.48000000e+00  8.80000000e-01  2.52064189e-04  1.20231572e+00  1.87189453e+00  9.14140933e-01  1.81873253e+00  3.37356333e+01  1.43564419e+00  5.70345540e+00 
 8.90000000e-01  1.48000000e+00  8.90000000e-01  2.74699492e-04  1.20231572e+00  1.87189453e+00  9.14140933e-01  1.81873253e+00  3.37356333e+01  1.43564419e+00  5.70345540e+00 
 9.00000000e-01  1.48000000e+00  9.00000000e-01  2.98198879e-04  1.20231572e+00  1.87189453e+00  9.14140933e-01  1.81873253e+00  3.37356333e+01  1.43564419e+00  5.70345540e+00 
 9.10000000e-01  1.48000000e+00  9.10000000e-01  3.22546863e-04  1.20231572e+00  1.87189453e+00  9.14140933e-01  1.81873253e+00  3.37356333e+01  1.43564419e+00  5.70345540e+00 
 9.20000000e-01  1.48000000e+00  9.20000000e-01  3.47727759e-04  1.20231572e+00  1.87189453e+00  9.14140933e-01  1.81873253e+00  3.37356333e+01  1.43564419e+00  5.70345540e+00 
 9.30000000e-01  1.48000000e+00  9.30000000e-01  3.73725696e-04  1.20231572e+00  1.87189453e+00  9.14140933e-01  1.81873253e+00  3.37356333e+01  1.43564419e+00  5.70345540e+00 
 9.40000000e-01  1.48000000e+00  9.40000000e-01  4.00524635e-04  1.20231572e+00  1.87189453e+00  9.14140933e-01  1.81873253e+00  3.37356333e+01  1.43564419e+00  5.70345540e+00 
 9.50000000e-01  1.48000000e+00  9.50000000e-01  4.28108386e-04  1.20231572e+00  1.87189453e+00  9.14140933e-01  1.81873253e+00  3.37356333e+01  1.43564419e+00  5.70345540e+00 
 9.60000000e-01  1.48000000e+00  9.60000000e-01  4.56460631e-04  1.20231572e+00  1.87189453e+00  9.14140933e-01  1.81873253e+00  3.37356333e+01  1.43564419e+00  5.70345540e+00 
 9.70000000e-01  1.48000000e+00  9.70000000e-01  4.85564934e-04  1.20231572e+00  1.87189453e+00  9.14140933e-01  1.81873253e+00  3.37356333e+01  1.43564419e+00  5.70345540e+00 
 9.80000000e-01  1.48000000e+00  9.80000000e-01  5.15404777e-04  1.20231572e+00  1.87189453e+00  9.14140933e-01  1.81873253e+00  3.37356333e+01  1.43564419e+00  5.70345540e+00 
 9.90000000e-01  1.48000000e+00  9.90000000e-01  5.45963578e-04  1.20231572e+00  1.87189453e+00  9.14140933e-01  1.81873253e+00  3.37356333e+01  1.43564419e+00  5.70345540e+00 
 1.00000000e+00  1.48000000e+00  1.00000000e+00  5.77224706e-04  1.20231572e+00  1.87189453e+00  9.14140933e-01  1.81873253e+00  3.37356333e+01  1.43564419e+00  5.70345540e+00 
 1.01000000e+00  1.48000000e+00  1.01000000e+00  6.09171502e-04  1.20231572e+00  1.87189453e+00  9.14140933e-01  1.81873253e+00  3.37356333e+01  1.43564419e+00  5.70345540e+00 
 1.02000000e+00  1.48000000e+00  1.02000000e+00  6.41787295e-04  1.20231572e+00  1.87189453e+00  9.14140933e-01  1.81873253e+00  3.37356333e+01  1.43564419e+00  5.70345540e+00 
 1.03000000e+00  1.48000000e+00  1.03000000e+00  6.75055422e-04  1.20231572e+00  1.87189453e+00  9.14140933e-01  1.81873253e+00  3.37356333e+01  1.43564419e+00  5.70345540e+00 
 1.04000000e+00  1.48000000e+00  1.04000000e+00  7.08959244e-04  1.20231572e+00  1.87189453e+00  9.14140933e-01  1.81873253e+00  3.37356333e+01  1.43564419e+00  5.70345540e+00 
 1.05000000e+00  1.48000000e+00  1.05000000e+00  7.43482161e-04  1.20231572e+00  1.87189453e+00  9.14140933e-01  1.81873253e+00  3.37356333e+01  1.43564419e+00  5.70345540e+00 
 1.06000000e+00  1.48000000e+00  1.06000000e+00  7.78607629e-04  1.20231572e+00  1.87189453e+00  9.14140933e-01  1.81873253e+00  3.37356333e+01  1.43564419e+00  5.70345540e+00 
 1.07000000e+00  1.48000000e+00  1.07000000e+00  8.14319173e-04  1.20231572e+00  1.87189453e+00  9.14140933e-01  1.81873253e+00  3.37356333e+01  1.43564419e+00  5.70345540e+00 
 1.08000000e+00  1.48000000e+00  1.08000000e+00  8.50600399e-04  1.20231572e+00  1.87189453e+00  9.14140933e-01  1.81873253e+00  3.37356333e+01  1.43564419e+00  5.70345540e+00 
 1.09000000e+00  1.48000000e+00  1.09000000e+00  8.87435010e-04  1.20231572e+00  1.87189453e+00  9.14140933e-01  1.81873253e+00  3.37356333e+01  1.43564419e+00  5.70345540e+00 
 1.10000000e+00  1.48000000e+00  1.10000000e+00  9.24806815e-04  1.20231572e+00  1.87189453e+00  9.14140933e-01  1.81873253e+00  3.37356333e+01  1.43564419e+00  5.70345540e+00 
 1.11000000e+00  1.48000000e+00  1.11000000e+00  9.62699745e-04  1.20231572e+00  1.87189453e+00  9.14140933e-01  1.81873253e+00  3.37356333e+01  1.43564419e+00  5.70345540e+00 
 1.12000000e+00  1.48000000e+00  1.12000000e+00  1.00109785e-03  1.20231572e+00  1.87189453e+00  9.14140933e-01  1.81873253e+00  3.37356333e+01  1.43564419e+00  5.70345540e+00 
 1.13000000e+00  1.48000000e+00  1.13000000e+00  1.03998534e-03  1.20231572e+00  1.87189453e+00  9.14140933e-01  1.81873253e+00  3.37356333e+01  1.43564419e+00  5.70345540e+00 
 1.14000000e+00  1.48000000e+00  1.14000000e+00  1.07934655e-03  1.20231572e+00  1.87189453e+00  9.14140933e-01  1.81873253e+00  3.37356333e+01  1.43564419e+00  5.70345540e+00 
 1.15000000e+00  1.48000000e+00  1.15000000e+00  1.11916598e-03  1.20231572e+00  1.87189453e+00  9.14140933e-01  1.81873253e+00  3.37356333e+01  1.43564419e+00  5.70345540e+00 
 1.16000000e+00  1.48000000e+00  1.16000000e+00  1.15942829e-03  1.20231572e+00  1.87189453e+00  9.14140933e-01  1.81873253e+00  3.37356333e+01  1.43564419e+00  5.70345540e+00 
 1.17000000e+00  1.48000000e+00  1.17000000e+00  1.20011832e-03  1.20231572e+00  1.87189453e+00  9.14140933e-01  1.81873253e+00  3.37356333e+01  1.43564419e+00  5.70345540e+00 
 1.18000000e+00  1.48000000e+00  1.18000000e+00  1.24122108e-03  1.20231572e+00  1.87189453e+00  9.14140933e-01  1.81873253e+00  3.37356333e+01  1.43564419e+00  5.70345540e+00 
 1.19000000e+00  1.48000000e+00  1.19000000e+00  1.28272177e-03  1.20231572e+00  1.87189453e+00  9.14140933e-01  1.81873253e+00  3.37356333e+01  1.43564419e+00  5.70345540e+00 
 1.20000000e+00  1.48000000e+00  1.20000000e+00  1.32460575e-03  1.20231572e+00  1.87189453e+00  9.14140933e-01  1.81873253e+00  3.37356333e+01  1.43564419e+00  5.70345540e+00 
 1.21000000e+00  1.48000000e+00  1.21000000e+00  1.36685862e-03  1.20231572e+00  1.87189453e+00  9.14140933e-01  1.81873253e+00  3.37356333e+01  1.43564419e+00  5.70345540e+00 
 1.22000000e+00  1.48000000e+00  1.22000000e+00  1.40946614e-03  1.20231572e+00  1.87189453e+00  9.14140933e-01  1.81873253e+00  3.37356333e+01  1.43564419e+00  5.70345540e+00 
 1.23000000e+00  1.48000000e+00  1.23000000e+00  1.45241428e-03  1.20231572e+00  1.87189453e+00  9.14140933e-01  1.81873253e+00  3.37356333e+01  1.43564419e+00  5.70345540e+00 
 1.24000000e+00  1.48000000e+00  1.24000000e+00  1.49568921e-03  1.20231572e+00  1.87189453e+00  9.14140933e-01  1.81873253e+00  3.37356333e+01  1.43564419e+00  5.70345540e+00 
 1.25000000e+00  1.48000000e+00  1.25000000e+00  1.53927732e-03  1.20231572e+00  1.87189453e+00  9.14140933e-01  1.81873253e+00  3.37356333e+01  1.43564419e+00  5.70345540e+00 
 1.26000000e+00  1.48000000e+00  1.26000000e+00  1.58316520e-03  1.20231572e+00  1.87189453e+00  9.14140933e-01  1.81873253e+00  3.37356333e+01  1.43564419e+00  5.70345540e+00 
 1.27000000e+00  1.48000000e+00  1.27000000e+00  1.62733964e-03  1.20231572e+00  1.87189453e+00  9.14140933e-01  1.81873253e+00  3.37356333e+01  1.43564419e+00  5.70345540e+00 
 1.28000000e+00  1.48000000e+00  1.28000000e+00  1.67178766e-03  1.20231572e+00  1.87189453e+00  9.14140933e-01  1.81873253e+00  3.37356333e+01  1.43564419e+00  5.70345540e+00 
 1.29000000e+00  1.48000000e+00  1.29000000e+00  1.71649648e-03  1.20231572e+00  1.87189453e+00  9.14140933e-01  1.81873253e+00  3.37356333e+01  1.43564419e+00  5.70345540e+00 
 1.30000000e+00  1.48000000e+00  1.30000000e+00  1.76145354e-03  1.20231572e+00  1.87189453e+00  9.14140933e-01  1.81873253e+00  3.37356333e+01  1.43564419e+00  5.70345540e+00 
 1.31000000e+00  1.48000000e+00  1.31000000e+00  1.80664649e-03  1.20231572e+00  1.87189453e+00  9.14140933e-01  1.81873253e+00  3.37356333e+01  1.43564419e+00  5.70345540e+00 
 1.32000000e+00  1.48000000e+00  1.32000000e+00  1.85206319e-03  1.20231572e+00  1.87189453e+00  9.14140933e-01  1.81873253e+00  3.37356333e+01  1.43564419e+00  5.70345540e+00 
 1.33000000e+00  1.48000000e+00  1.33000000e+00  1.89769172e-03  1.20231572e+00  1.87189453e+00  9.14140933e-01  1.81873253e+00  3.37356333e+01  1.43564419e+00  5.70345540e+00 
 1.34000000e+00  1.48000000e+00  1.34000000e+00  1.94352037e-03  1.20231572e+00  1.87189453e+00  9.14140933e-01  1.81873253e+00  3.37356333e+01  1.43564419e+00  5.70345540e+00 
 1.35000000e+00  1.48000000e+00  1.35000000e+00  1.98953764e-03  1.20231572e+00  1.87189453e+00  9.14140933e-01  1.81873253e+00  3.37356333e+01  1.43564419e+00  5.70345540e+00 
 1.36000000e+00  1.48000000e+00  1.36000000e+00  2.03573225e-03  1.20231572e+00  1.87189453e+00  9.14140933e-01  1.81873253e+00  3.37356333e+01  1.43564419e+00  5.70345540e+00 
 1.37000000e+00  1.48000000e+00  1.37000000e+00  2.08209312e-03  1.20231572e+00  1.87189453e+00  9.14140933e-01  1.81873253e+00  3.37356333e+01  1.43564419e+00  5.70345540e+00 
 1.38000000e+00  1.48000000e+00  1.38000000e+00  2.12860939e-03  1.20231572e+00  1.87189453e+00  9.14140933e-01  1.81873253e+00  3.37356333e+01  1.43564419e+00  5.70345540e+00 
 1.39000000e+00  1.48000000e+00  1.39000000e+00  2.17527039e-03  1.20231572e+00  1.87189453e+00  9.14140933e-01  1.81873253e+00  3.37356333e+01  1.43564419e+00  5.70345540e+00 
 1.40000000e+00  1.48000000e+00  1.40000000e+00  2.22206566e-03  1.20231572e+00  1.87189453e+00  9.14140933e-01  1.81873253e+00  3.37356333e+01  1.43564419e+00  5.70345540e+00 
 1.41000000e+00  1.48000000e+00  1.41000000e+00  2.26898496e-03  1.20231572e+00  1.87189453e+00  9.14140933e-01  1.81873253e+00  3.37356333e+01  1.43564419e+00  5.70345540e+00 
 1.42000000e+00  1.48000000e+00  1.42000000e+00  2.31601823e-03  1.20231572e+00  1.87189453e+00  9.14140933e-01  1.81873253e+00  3.37356333e+01  1.43564419e+00  5.70345540e+00 
 1.43000000e+00  1.48000000e+00  1.43000000e+00  2.36315562e-03  1.20231572e+00  1.87189453e+00  9.14140933e-01  1.81873253e+00  3.37356333e+01  1.43564419e+00  5.70345540e+00 
 1.44000000e+00  1.48000000e+00  1.44000000e+00  2.41038747e-03  1.20231572e+00  1.87189453e+00  9.14140933e-01  1.81873253e+00  3.37356333e+01  1.43564419e+00  5.70345540e+00 
 1.45000000e+00  1.48000000e+00  1.45000000e+00  2.45770432e-03  1.20231572e+00  1.87189453e+00  9.14140933e-01  1.81873253e+00  3.37356333e+01  1.43564419e+00  5.70345540e+00 
 1.46000000e+00  1.48000000e+00  1.46000000e+00  2.50509688e-03  1.20231572e+00  1.87189453e+00  9.14140933e-01  1.81873253e+00  3.37356333e+01  1.43564419e+00  5.70345540e+00 
 1.47000000e+00  1.48000000e+00  1.47000000e+00  2.55255609e-03  1.20231572e+00  1.87189453e+00  9.14140933e-01  1.81873253e+00  3.37356333e+01  1.43564419e+00  5.70345540e+00 
 1.48000000e+00  1.48000000e+00  1.48000000e+00  2.60007304e-03  1.20231572e+00  1.87189453e+00  9.14140933e-01  1.81873253e+00  3.37356333e+01  1.43564419e+00  5.70345540e+00 
 1.49000000e+00  1.48000000e+00  1.49000000e+00  2.64763901e-03  1.20231572e+00  1.87189453e+00  9.14140933e-01  1.81873253e+00  3.37356333e+01  1.43564419e+00  5.70345540e+00 
 1.50000000e+00  1.48000000e+00  1.50000000e+00  2.69524546e-03  1.20231572e+00  1.87189453e+00  9.14140933e-01  1.81873253e+00  3.37356333e+01  1.43564419e+00  5.70345540e+00 
 1.51000000e+00  1.48000000e+00  1.51000000e+00  2.74288405e-03  1.20231572e+00  1.87189453e+00  9.14140933e-01  1.81873253e+00  3.37356333e+01  1.43564419e+00  5.70345540e+00 
 1.52000000e+00  1.48000000e+00  1.52000000e+00  2.79054657e-03  1.20231572e+00  1.87189453e+00  9.14140933e-01  1.81873253e+00  3.37356333e+01  1.43564419e+00  5.70345540e+00 
 1.53000000e+00  1.48000000e+00  1.53000000e+00  2.83822501e-03  1.20231572e+00  1.87189453e+00  9.14140933e-01  1.81873253e+00  3.37356333e+01  1.43564419e+00  5.70345540e+00 
 1.54000000e+00  1.48000000e+00  1.54000000e+00  2.88591153e-03  1.20231572e+00  1.87189453e+00  9.14140933e-01  1.81873253e+00  3.37356333e+01  1.43564419e+00  5.70345540e+00 
 1.55000000e+00  1.48000000e+00  1.55000000e+00  2.93359843e-03  1.20231572e+00  1.87189453e+00  9.14140933e-01  1.81873253e+00  3.37356333e+01  1.43564419e+00  5.70345540e+00 
 1.56000000e+00  1.48000000e+00  1.56000000e+00  2.98127820e-03  1.20231572e+00  1.87189453e+00  9.14140933e-01  1.81873253e+00  3.37356333e+01  1.43564419e+00  5.70345540e+00 
 1.57000000e+00  1.48000000e+00  1.57000000e+00  3.02894347e-03  1.20231572e+00  1.87189453e+00  9.14140933e-01  1.81873253e+00  3.37356333e+01  1.43564419e+00  5.70345540e+00 
 1.58000000e+00  1.48000000e+00  1.58000000e+00  3.07658703e-03  1.20231572e+00  1.87189453e+00  9.14140933e-01  1.81873253e+00  3.37356333e+01  1.43564419e+00  5.70345540e+00 
 1.59000000e+00  1.48000000e+00  1.59000000e+00  3.12420182e-03  1.20231572e+00  1.87189453e+00  9.14140933e-01  1.81873253e+00  3.37356333e+01  1.43564419e+00  5.70345540e+00 
 1.60000000e+00  1.48000000e+00  1.60000000e+00  3.17178092e-03  1.20231572e+00  1.87189453e+00  9.14140933e-01  1.81873253e+00  3.37356333e+01  1.43564419e+00  5.70345540e+00 
 1.61000000e+00  1.48000000e+00  1.61000000e+00  3.21931757e-03  1.20231572e+00  1.87189453e+00  9.14140933e-01  1.81873253e+00  3.37356333e+01  1.43564419e+00  5.70345540e+00 
 1.62000000e+00  1.48000000e+00  1.62000000e+00  3.26680515e-03  1.20231572e+00  1.87189453e+00  9.14140933e-01  1.81873253e+00  3.37356333e+01  1.43564419e+00  5.70345540e+00 
 1.63000000e+00  1.48000000e+00  1.63000000e+00  3.31423717e-03  1.20231572e+00  1.87189453e+00  9.14140933e-01  1.81873253e+00  3.37356333e+01  1.43564419e+00  5.70345540e+00 
 1.64000000e+00  1.48000000e+00  1.64000000e+00  3.36160727e-03  1.20231572e+00  1.87189453e+00  9.14140933e-01  1.81873253e+00  3.37356333e+01  1.43564419e+00  5.70345540e+00 
 1.65000000e+00  1.48000000e+00  1.65000000e+00  3.40890925e-03  1.20231572e+00  1.87189453e+00  9.14140933e-01  1.81873253e+00  3.37356333e+01  1.43564419e+00  5.70345540e+00 
 1.66000000e+00  1.48000000e+00  1.66000000e+00  3.45613700e-03  1.20231572e+00  1.87189453e+00  9.14140933e-01  1.81873253e+00  3.37356333e+01  1.43564419e+00  5.70345540e+00 
 1.67000000e+00  1.48000000e+00  1.67000000e+00  3.50328456e-03  1.20231572e+00  1.87189453e+00  9.14140933e-01  1.81873253e+00  3.37356333e+01  1.43564419e+00  5.70345540e+00 
 1.68000000e+00  1.48000000e+00  1.68000000e+00  3.55034610e-03  1.20231572e+00  1.87189453e+00  9.14140933e-01  1.81873253e+00  3.37356333e+01  1.43564419e+00  5.70345540e+00 
 1.69000000e+00  1.48000000e+00  1.69000000e+00  3.59731589e-03  1.20231572e+00  1.87189453e+00  9.14140933e-01  1.81873253e+00  3.37356333e+01  1.43564419e+00  5.70345540e+00 
 1.70000000e+00  1.48000000e+00  1.70000000e+00  3.64418832e-03  1.20231572e+00  1.87189453e+00  9.14140933e-01  1.81873253e+00  3.37356333e+01  1.43564419e+00  5.70345540e+00 
 1.71000000e+00  1.48000000e+00  1.71000000e+00  3.69095791e-03  1.20231572e+00  1.87189453e+00  9.14140933e-01  1.81873253e+00  3.37356333e+01  1.43564419e+00  5.70345540e+00 
 1.72000000e+00  1.48000000e+00  1.72000000e+00  3.73761928e-03  1.20231572e+00  1.87189453e+00  9.14140933e-01  1.81873253e+00  3.37356333e+01  1.43564419e+00  5.70345540e+00 
 1.73000000e+00  1.48000000e+00  1.73000000e+00  3.78416714e-03  1.20231572e+00  1.87189453e+00  9.14140933e-01  1.81873253e+00  3.37356333e+01  1.43564419e+00  5.70345540e+00 
 1.74000000e+00  1.48000000e+00  1.74000000e+00  3.83059634e-03  1.20231572e+00  1.87189453e+00  9.14140933e-01  1.81873253e+00  3.37356333e+01  1.43564419e+00  5.70345540e+00 
 1.75000000e+00  1.48000000e+00  1.75000000e+00  3.87690181e-03  1.20231572e+00  1.87189453e+00  9.14140933e-01  1.81873253e+00  3.37356333e+01  1.43564419e+00  5.70345540e+00 
 1.76000000e+00  1.48000000e+00  1.76000000e+00  3.92307857e-03  1.20231572e+00  1.87189453e+00  9.14140933e-01  1.81873253e+00  3.37356333e+01  1.43564419e+00  5.70345540e+00 
 1.77000000e+00  1.48000000e+00  1.77000000e+00  3.96912176e-03  1.20231572e+00  1.87189453e+00  9.14140933e-01  1.81873253e+00  3.37356333e+01  1.43564419e+00  5.70345540e+00 
 1.78000000e+00  1.48000000e+00  1.78000000e+00  4.01502660e-03  1.20231572e+00  1.87189453e+00  9.14140933e-01  1.81873253e+00  3.37356333e+01  1.43564419e+00  5.70345540e+00 
 1.79000000e+00  1.48000000e+00  1.79000000e+00  4.06078841e-03  1.20231572e+00  1.87189453e+00  9.14140933e-01  1.81873253e+00  3.37356333e+01  1.43564419e+00  5.70345540e+00 
 1.80000000e+00  1.48000000e+00  1.80000000e+00  4.10640258e-03  1.20231572e+00  1.87189453e+00  9.14140933e-01  1.81873253e+00  3.37356333e+01  1.43564419e+00  5.70345540e+00 
 1.81000000e+00  1.48000000e+00  1.81000000e+00  4.15186460e-03  1.20231572e+00  1.87189453e+00  9.14140933e-01  1.81873253e+00  3.37356333e+01  1.43564419e+00  5.70345540e+00 
 1.82000000e+00  1.48000000e+00  1.82000000e+00  4.19717004e-03  1.20231572e+00  1.87189453e+00  9.14140933e-01  1.81873253e+00  3.37356333e+01  1.43564419e+00  5.70345540e+00 
 1.83000000e+00  1.48000000e+00  1.83000000e+00  4.24231456e-03  1.20231572e+00  1.87189453e+00  9.14140933e-01  1.81873253e+00  3.37356333e+01  1.43564419e+00  5.70345540e+00 
 1.84000000e+00  1.48000000e+00  1.84000000e+00  4.28729387e-03  1.20231572e+00  1.87189453e+00  9.14140933e-01  1.81873253e+00  3.37356333e+01  1.43564419e+00  5.70345540e+00 
 1.85000000e+00  1.48000000e+00  1.85000000e+00  4.33210379e-03  1.20231572e+00  1.87189453e+00  9.14140933e-01  1.81873253e+00  3.37356333e+01  1.43564419e+00  5.70345540e+00 
