 v-sweep         run_num         v(gate)         i(vds)          out_vth0        out_u0          out_rdsw        out_nfactor     out_vsat        out_eta0       
 0.00000000e+00  1.10200000e+03  0.00000000e+00 -1.85137525e-12  4.03833816e-01  7.43556844e-02  1.00279000e+02  1.13110000e+01  1.37848000e+05 -1.91127000e-01 
 1.00000000e-02  1.10200000e+03  1.00000000e-02 -1.85137528e-12  4.03833816e-01  7.43556844e-02  1.00279000e+02  1.13110000e+01  1.37848000e+05 -1.91127000e-01 
 2.00000000e-02  1.10200000e+03  2.00000000e-02 -1.85137534e-12  4.03833816e-01  7.43556844e-02  1.00279000e+02  1.13110000e+01  1.37848000e+05 -1.91127000e-01 
 3.00000000e-02  1.10200000e+03  3.00000000e-02 -1.85137543e-12  4.03833816e-01  7.43556844e-02  1.00279000e+02  1.13110000e+01  1.37848000e+05 -1.91127000e-01 
 4.00000000e-02  1.10200000e+03  4.00000000e-02 -1.85137558e-12  4.03833816e-01  7.43556844e-02  1.00279000e+02  1.13110000e+01  1.37848000e+05 -1.91127000e-01 
 5.00000000e-02  1.10200000e+03  5.00000000e-02 -1.85137581e-12  4.03833816e-01  7.43556844e-02  1.00279000e+02  1.13110000e+01  1.37848000e+05 -1.91127000e-01 
 6.00000000e-02  1.10200000e+03  6.00000000e-02 -1.85137619e-12  4.03833816e-01  7.43556844e-02  1.00279000e+02  1.13110000e+01  1.37848000e+05 -1.91127000e-01 
 7.00000000e-02  1.10200000e+03  7.00000000e-02 -1.85137681e-12  4.03833816e-01  7.43556844e-02  1.00279000e+02  1.13110000e+01  1.37848000e+05 -1.91127000e-01 
 8.00000000e-02  1.10200000e+03  8.00000000e-02 -1.85137780e-12  4.03833816e-01  7.43556844e-02  1.00279000e+02  1.13110000e+01  1.37848000e+05 -1.91127000e-01 
 9.00000000e-02  1.10200000e+03  9.00000000e-02 -1.85137942e-12  4.03833816e-01  7.43556844e-02  1.00279000e+02  1.13110000e+01  1.37848000e+05 -1.91127000e-01 
 1.00000000e-01  1.10200000e+03  1.00000000e-01 -1.85138204e-12  4.03833816e-01  7.43556844e-02  1.00279000e+02  1.13110000e+01  1.37848000e+05 -1.91127000e-01 
 1.10000000e-01  1.10200000e+03  1.10000000e-01 -1.85138627e-12  4.03833816e-01  7.43556844e-02  1.00279000e+02  1.13110000e+01  1.37848000e+05 -1.91127000e-01 
 1.20000000e-01  1.10200000e+03  1.20000000e-01 -1.85139314e-12  4.03833816e-01  7.43556844e-02  1.00279000e+02  1.13110000e+01  1.37848000e+05 -1.91127000e-01 
 1.30000000e-01  1.10200000e+03  1.30000000e-01 -1.85140426e-12  4.03833816e-01  7.43556844e-02  1.00279000e+02  1.13110000e+01  1.37848000e+05 -1.91127000e-01 
 1.40000000e-01  1.10200000e+03  1.40000000e-01 -1.85142229e-12  4.03833816e-01  7.43556844e-02  1.00279000e+02  1.13110000e+01  1.37848000e+05 -1.91127000e-01 
 1.50000000e-01  1.10200000e+03  1.50000000e-01 -1.85145148e-12  4.03833816e-01  7.43556844e-02  1.00279000e+02  1.13110000e+01  1.37848000e+05 -1.91127000e-01 
 1.60000000e-01  1.10200000e+03  1.60000000e-01 -1.85149878e-12  4.03833816e-01  7.43556844e-02  1.00279000e+02  1.13110000e+01  1.37848000e+05 -1.91127000e-01 
 1.70000000e-01  1.10200000e+03  1.70000000e-01 -1.85157541e-12  4.03833816e-01  7.43556844e-02  1.00279000e+02  1.13110000e+01  1.37848000e+05 -1.91127000e-01 
 1.80000000e-01  1.10200000e+03  1.80000000e-01 -1.85169956e-12  4.03833816e-01  7.43556844e-02  1.00279000e+02  1.13110000e+01  1.37848000e+05 -1.91127000e-01 
 1.90000000e-01  1.10200000e+03  1.90000000e-01 -1.85190068e-12  4.03833816e-01  7.43556844e-02  1.00279000e+02  1.13110000e+01  1.37848000e+05 -1.91127000e-01 
 2.00000000e-01  1.10200000e+03  2.00000000e-01 -1.85222650e-12  4.03833816e-01  7.43556844e-02  1.00279000e+02  1.13110000e+01  1.37848000e+05 -1.91127000e-01 
 2.10000000e-01  1.10200000e+03  2.10000000e-01 -1.85275435e-12  4.03833816e-01  7.43556844e-02  1.00279000e+02  1.13110000e+01  1.37848000e+05 -1.91127000e-01 
 2.20000000e-01  1.10200000e+03  2.20000000e-01 -1.85360950e-12  4.03833816e-01  7.43556844e-02  1.00279000e+02  1.13110000e+01  1.37848000e+05 -1.91127000e-01 
 2.30000000e-01  1.10200000e+03  2.30000000e-01 -1.85499487e-12  4.03833816e-01  7.43556844e-02  1.00279000e+02  1.13110000e+01  1.37848000e+05 -1.91127000e-01 
 2.40000000e-01  1.10200000e+03  2.40000000e-01 -1.85723924e-12  4.03833816e-01  7.43556844e-02  1.00279000e+02  1.13110000e+01  1.37848000e+05 -1.91127000e-01 
 2.50000000e-01  1.10200000e+03  2.50000000e-01 -1.86087518e-12  4.03833816e-01  7.43556844e-02  1.00279000e+02  1.13110000e+01  1.37848000e+05 -1.91127000e-01 
 2.60000000e-01  1.10200000e+03  2.60000000e-01 -1.86676550e-12  4.03833816e-01  7.43556844e-02  1.00279000e+02  1.13110000e+01  1.37848000e+05 -1.91127000e-01 
 2.70000000e-01  1.10200000e+03  2.70000000e-01 -1.87630791e-12  4.03833816e-01  7.43556844e-02  1.00279000e+02  1.13110000e+01  1.37848000e+05 -1.91127000e-01 
 2.80000000e-01  1.10200000e+03  2.80000000e-01 -1.89176669e-12  4.03833816e-01  7.43556844e-02  1.00279000e+02  1.13110000e+01  1.37848000e+05 -1.91127000e-01 
 2.90000000e-01  1.10200000e+03  2.90000000e-01 -1.91680975e-12  4.03833816e-01  7.43556844e-02  1.00279000e+02  1.13110000e+01  1.37848000e+05 -1.91127000e-01 
 3.00000000e-01  1.10200000e+03  3.00000000e-01 -1.95737879e-12  4.03833816e-01  7.43556844e-02  1.00279000e+02  1.13110000e+01  1.37848000e+05 -1.91127000e-01 
 3.10000000e-01  1.10200000e+03  3.10000000e-01 -2.02309849e-12  4.03833816e-01  7.43556844e-02  1.00279000e+02  1.13110000e+01  1.37848000e+05 -1.91127000e-01 
 3.20000000e-01  1.10200000e+03  3.20000000e-01 -2.12955889e-12  4.03833816e-01  7.43556844e-02  1.00279000e+02  1.13110000e+01  1.37848000e+05 -1.91127000e-01 
 3.30000000e-01  1.10200000e+03  3.30000000e-01 -2.30201161e-12  4.03833816e-01  7.43556844e-02  1.00279000e+02  1.13110000e+01  1.37848000e+05 -1.91127000e-01 
 3.40000000e-01  1.10200000e+03  3.40000000e-01 -2.58135512e-12  4.03833816e-01  7.43556844e-02  1.00279000e+02  1.13110000e+01  1.37848000e+05 -1.91127000e-01 
 3.50000000e-01  1.10200000e+03  3.50000000e-01 -3.03382538e-12  4.03833816e-01  7.43556844e-02  1.00279000e+02  1.13110000e+01  1.37848000e+05 -1.91127000e-01 
 3.60000000e-01  1.10200000e+03  3.60000000e-01 -3.76668326e-12  4.03833816e-01  7.43556844e-02  1.00279000e+02  1.13110000e+01  1.37848000e+05 -1.91127000e-01 
 3.70000000e-01  1.10200000e+03  3.70000000e-01 -4.95360434e-12  4.03833816e-01  7.43556844e-02  1.00279000e+02  1.13110000e+01  1.37848000e+05 -1.91127000e-01 
 3.80000000e-01  1.10200000e+03  3.80000000e-01 -6.87576095e-12  4.03833816e-01  7.43556844e-02  1.00279000e+02  1.13110000e+01  1.37848000e+05 -1.91127000e-01 
 3.90000000e-01  1.10200000e+03  3.90000000e-01 -9.98827270e-12  4.03833816e-01  7.43556844e-02  1.00279000e+02  1.13110000e+01  1.37848000e+05 -1.91127000e-01 
 4.00000000e-01  1.10200000e+03  4.00000000e-01 -1.50276446e-11  4.03833816e-01  7.43556844e-02  1.00279000e+02  1.13110000e+01  1.37848000e+05 -1.91127000e-01 
 4.10000000e-01  1.10200000e+03  4.10000000e-01 -2.31853804e-11  4.03833816e-01  7.43556844e-02  1.00279000e+02  1.13110000e+01  1.37848000e+05 -1.91127000e-01 
 4.20000000e-01  1.10200000e+03  4.20000000e-01 -3.63883356e-11  4.03833816e-01  7.43556844e-02  1.00279000e+02  1.13110000e+01  1.37848000e+05 -1.91127000e-01 
 4.30000000e-01  1.10200000e+03  4.30000000e-01 -5.77510416e-11  4.03833816e-01  7.43556844e-02  1.00279000e+02  1.13110000e+01  1.37848000e+05 -1.91127000e-01 
 4.40000000e-01  1.10200000e+03  4.40000000e-01 -9.23046731e-11  4.03833816e-01  7.43556844e-02  1.00279000e+02  1.13110000e+01  1.37848000e+05 -1.91127000e-01 
 4.50000000e-01  1.10200000e+03  4.50000000e-01 -1.48170207e-10  4.03833816e-01  7.43556844e-02  1.00279000e+02  1.13110000e+01  1.37848000e+05 -1.91127000e-01 
 4.60000000e-01  1.10200000e+03  4.60000000e-01 -2.38443075e-10  4.03833816e-01  7.43556844e-02  1.00279000e+02  1.13110000e+01  1.37848000e+05 -1.91127000e-01 
 4.70000000e-01  1.10200000e+03  4.70000000e-01 -3.84214001e-10  4.03833816e-01  7.43556844e-02  1.00279000e+02  1.13110000e+01  1.37848000e+05 -1.91127000e-01 
 4.80000000e-01  1.10200000e+03  4.80000000e-01 -6.19397295e-10  4.03833816e-01  7.43556844e-02  1.00279000e+02  1.13110000e+01  1.37848000e+05 -1.91127000e-01 
 4.90000000e-01  1.10200000e+03  4.90000000e-01 -9.98420602e-10  4.03833816e-01  7.43556844e-02  1.00279000e+02  1.13110000e+01  1.37848000e+05 -1.91127000e-01 
 5.00000000e-01  1.10200000e+03  5.00000000e-01 -1.60841745e-09  4.03833816e-01  7.43556844e-02  1.00279000e+02  1.13110000e+01  1.37848000e+05 -1.91127000e-01 
 5.10000000e-01  1.10200000e+03  5.10000000e-01 -2.58845222e-09  4.03833816e-01  7.43556844e-02  1.00279000e+02  1.13110000e+01  1.37848000e+05 -1.91127000e-01 
 5.20000000e-01  1.10200000e+03  5.20000000e-01 -4.15962620e-09  4.03833816e-01  7.43556844e-02  1.00279000e+02  1.13110000e+01  1.37848000e+05 -1.91127000e-01 
 5.30000000e-01  1.10200000e+03  5.30000000e-01 -6.67182817e-09  4.03833816e-01  7.43556844e-02  1.00279000e+02  1.13110000e+01  1.37848000e+05 -1.91127000e-01 
 5.40000000e-01  1.10200000e+03  5.40000000e-01 -1.06755954e-08  4.03833816e-01  7.43556844e-02  1.00279000e+02  1.13110000e+01  1.37848000e+05 -1.91127000e-01 
 5.50000000e-01  1.10200000e+03  5.50000000e-01 -1.70312413e-08  4.03833816e-01  7.43556844e-02  1.00279000e+02  1.13110000e+01  1.37848000e+05 -1.91127000e-01 
 5.60000000e-01  1.10200000e+03  5.60000000e-01 -2.70722603e-08  4.03833816e-01  7.43556844e-02  1.00279000e+02  1.13110000e+01  1.37848000e+05 -1.91127000e-01 
 5.70000000e-01  1.10200000e+03  5.70000000e-01 -4.28461764e-08  4.03833816e-01  7.43556844e-02  1.00279000e+02  1.13110000e+01  1.37848000e+05 -1.91127000e-01 
 5.80000000e-01  1.10200000e+03  5.80000000e-01 -6.74636207e-08  4.03833816e-01  7.43556844e-02  1.00279000e+02  1.13110000e+01  1.37848000e+05 -1.91127000e-01 
 5.90000000e-01  1.10200000e+03  5.90000000e-01 -1.05595905e-07  4.03833816e-01  7.43556844e-02  1.00279000e+02  1.13110000e+01  1.37848000e+05 -1.91127000e-01 
 6.00000000e-01  1.10200000e+03  6.00000000e-01 -1.64173637e-07  4.03833816e-01  7.43556844e-02  1.00279000e+02  1.13110000e+01  1.37848000e+05 -1.91127000e-01 
 6.10000000e-01  1.10200000e+03  6.10000000e-01 -2.53355196e-07  4.03833816e-01  7.43556844e-02  1.00279000e+02  1.13110000e+01  1.37848000e+05 -1.91127000e-01 
 6.20000000e-01  1.10200000e+03  6.20000000e-01 -3.87852928e-07  4.03833816e-01  7.43556844e-02  1.00279000e+02  1.13110000e+01  1.37848000e+05 -1.91127000e-01 
 6.30000000e-01  1.10200000e+03  6.30000000e-01 -5.88714484e-07  4.03833816e-01  7.43556844e-02  1.00279000e+02  1.13110000e+01  1.37848000e+05 -1.91127000e-01 
 6.40000000e-01  1.10200000e+03  6.40000000e-01 -8.85619482e-07  4.03833816e-01  7.43556844e-02  1.00279000e+02  1.13110000e+01  1.37848000e+05 -1.91127000e-01 
 6.50000000e-01  1.10200000e+03  6.50000000e-01 -1.31959573e-06  4.03833816e-01  7.43556844e-02  1.00279000e+02  1.13110000e+01  1.37848000e+05 -1.91127000e-01 
 6.60000000e-01  1.10200000e+03  6.60000000e-01 -1.94570756e-06  4.03833816e-01  7.43556844e-02  1.00279000e+02  1.13110000e+01  1.37848000e+05 -1.91127000e-01 
 6.70000000e-01  1.10200000e+03  6.70000000e-01 -2.83473881e-06  4.03833816e-01  7.43556844e-02  1.00279000e+02  1.13110000e+01  1.37848000e+05 -1.91127000e-01 
 6.80000000e-01  1.10200000e+03  6.80000000e-01 -4.07242910e-06  4.03833816e-01  7.43556844e-02  1.00279000e+02  1.13110000e+01  1.37848000e+05 -1.91127000e-01 
 6.90000000e-01  1.10200000e+03  6.90000000e-01 -5.75489338e-06  4.03833816e-01  7.43556844e-02  1.00279000e+02  1.13110000e+01  1.37848000e+05 -1.91127000e-01 
 7.00000000e-01  1.10200000e+03  7.00000000e-01 -7.97984626e-06  4.03833816e-01  7.43556844e-02  1.00279000e+02  1.13110000e+01  1.37848000e+05 -1.91127000e-01 
 7.10000000e-01  1.10200000e+03  7.10000000e-01 -1.08349800e-05  4.03833816e-01  7.43556844e-02  1.00279000e+02  1.13110000e+01  1.37848000e+05 -1.91127000e-01 
 7.20000000e-01  1.10200000e+03  7.20000000e-01 -1.43864118e-05  4.03833816e-01  7.43556844e-02  1.00279000e+02  1.13110000e+01  1.37848000e+05 -1.91127000e-01 
 7.30000000e-01  1.10200000e+03  7.30000000e-01 -1.86704819e-05  4.03833816e-01  7.43556844e-02  1.00279000e+02  1.13110000e+01  1.37848000e+05 -1.91127000e-01 
 7.40000000e-01  1.10200000e+03  7.40000000e-01 -2.36910211e-05  4.03833816e-01  7.43556844e-02  1.00279000e+02  1.13110000e+01  1.37848000e+05 -1.91127000e-01 
 7.50000000e-01  1.10200000e+03  7.50000000e-01 -2.94222043e-05  4.03833816e-01  7.43556844e-02  1.00279000e+02  1.13110000e+01  1.37848000e+05 -1.91127000e-01 
 7.60000000e-01  1.10200000e+03  7.60000000e-01 -3.58153830e-05  4.03833816e-01  7.43556844e-02  1.00279000e+02  1.13110000e+01  1.37848000e+05 -1.91127000e-01 
 7.70000000e-01  1.10200000e+03  7.70000000e-01 -4.28075658e-05  4.03833816e-01  7.43556844e-02  1.00279000e+02  1.13110000e+01  1.37848000e+05 -1.91127000e-01 
 7.80000000e-01  1.10200000e+03  7.80000000e-01 -5.03294921e-05  4.03833816e-01  7.43556844e-02  1.00279000e+02  1.13110000e+01  1.37848000e+05 -1.91127000e-01 
 7.90000000e-01  1.10200000e+03  7.90000000e-01 -5.83120473e-05  4.03833816e-01  7.43556844e-02  1.00279000e+02  1.13110000e+01  1.37848000e+05 -1.91127000e-01 
 8.00000000e-01  1.10200000e+03  8.00000000e-01 -6.66905984e-05  4.03833816e-01  7.43556844e-02  1.00279000e+02  1.13110000e+01  1.37848000e+05 -1.91127000e-01 
 8.10000000e-01  1.10200000e+03  8.10000000e-01 -7.54074059e-05  4.03833816e-01  7.43556844e-02  1.00279000e+02  1.13110000e+01  1.37848000e+05 -1.91127000e-01 
 8.20000000e-01  1.10200000e+03  8.20000000e-01 -8.44125487e-05  4.03833816e-01  7.43556844e-02  1.00279000e+02  1.13110000e+01  1.37848000e+05 -1.91127000e-01 
 8.30000000e-01  1.10200000e+03  8.30000000e-01 -9.36638497e-05  4.03833816e-01  7.43556844e-02  1.00279000e+02  1.13110000e+01  1.37848000e+05 -1.91127000e-01 
 8.40000000e-01  1.10200000e+03  8.40000000e-01 -1.03126224e-04  4.03833816e-01  7.43556844e-02  1.00279000e+02  1.13110000e+01  1.37848000e+05 -1.91127000e-01 
 8.50000000e-01  1.10200000e+03  8.50000000e-01 -1.12770756e-04  4.03833816e-01  7.43556844e-02  1.00279000e+02  1.13110000e+01  1.37848000e+05 -1.91127000e-01 
 8.60000000e-01  1.10200000e+03  8.60000000e-01 -1.22573716e-04  4.03833816e-01  7.43556844e-02  1.00279000e+02  1.13110000e+01  1.37848000e+05 -1.91127000e-01 
 8.70000000e-01  1.10200000e+03  8.70000000e-01 -1.32515623e-04  4.03833816e-01  7.43556844e-02  1.00279000e+02  1.13110000e+01  1.37848000e+05 -1.91127000e-01 
 8.80000000e-01  1.10200000e+03  8.80000000e-01 -1.42580415e-04  4.03833816e-01  7.43556844e-02  1.00279000e+02  1.13110000e+01  1.37848000e+05 -1.91127000e-01 
 8.90000000e-01  1.10200000e+03  8.90000000e-01 -1.52754759e-04  4.03833816e-01  7.43556844e-02  1.00279000e+02  1.13110000e+01  1.37848000e+05 -1.91127000e-01 
 9.00000000e-01  1.10200000e+03  9.00000000e-01 -1.63027473e-04  4.03833816e-01  7.43556844e-02  1.00279000e+02  1.13110000e+01  1.37848000e+05 -1.91127000e-01 
 9.10000000e-01  1.10200000e+03  9.10000000e-01 -1.73389077e-04  4.03833816e-01  7.43556844e-02  1.00279000e+02  1.13110000e+01  1.37848000e+05 -1.91127000e-01 
 9.20000000e-01  1.10200000e+03  9.20000000e-01 -1.83831432e-04  4.03833816e-01  7.43556844e-02  1.00279000e+02  1.13110000e+01  1.37848000e+05 -1.91127000e-01 
 9.30000000e-01  1.10200000e+03  9.30000000e-01 -1.94347464e-04  4.03833816e-01  7.43556844e-02  1.00279000e+02  1.13110000e+01  1.37848000e+05 -1.91127000e-01 
 9.40000000e-01  1.10200000e+03  9.40000000e-01 -2.04930948e-04  4.03833816e-01  7.43556844e-02  1.00279000e+02  1.13110000e+01  1.37848000e+05 -1.91127000e-01 
 9.50000000e-01  1.10200000e+03  9.50000000e-01 -2.15576347e-04  4.03833816e-01  7.43556844e-02  1.00279000e+02  1.13110000e+01  1.37848000e+05 -1.91127000e-01 
 9.60000000e-01  1.10200000e+03  9.60000000e-01 -2.26278688e-04  4.03833816e-01  7.43556844e-02  1.00279000e+02  1.13110000e+01  1.37848000e+05 -1.91127000e-01 
 9.70000000e-01  1.10200000e+03  9.70000000e-01 -2.37033462e-04  4.03833816e-01  7.43556844e-02  1.00279000e+02  1.13110000e+01  1.37848000e+05 -1.91127000e-01 
 9.80000000e-01  1.10200000e+03  9.80000000e-01 -2.47836555e-04  4.03833816e-01  7.43556844e-02  1.00279000e+02  1.13110000e+01  1.37848000e+05 -1.91127000e-01 
 9.90000000e-01  1.10200000e+03  9.90000000e-01 -2.58684195e-04  4.03833816e-01  7.43556844e-02  1.00279000e+02  1.13110000e+01  1.37848000e+05 -1.91127000e-01 
 1.00000000e+00  1.10200000e+03  1.00000000e+00 -2.69572905e-04  4.03833816e-01  7.43556844e-02  1.00279000e+02  1.13110000e+01  1.37848000e+05 -1.91127000e-01 
 1.01000000e+00  1.10200000e+03  1.01000000e+00 -2.80499466e-04  4.03833816e-01  7.43556844e-02  1.00279000e+02  1.13110000e+01  1.37848000e+05 -1.91127000e-01 
 1.02000000e+00  1.10200000e+03  1.02000000e+00 -2.91460894e-04  4.03833816e-01  7.43556844e-02  1.00279000e+02  1.13110000e+01  1.37848000e+05 -1.91127000e-01 
 1.03000000e+00  1.10200000e+03  1.03000000e+00 -3.02454415e-04  4.03833816e-01  7.43556844e-02  1.00279000e+02  1.13110000e+01  1.37848000e+05 -1.91127000e-01 
 1.04000000e+00  1.10200000e+03  1.04000000e+00 -3.13477446e-04  4.03833816e-01  7.43556844e-02  1.00279000e+02  1.13110000e+01  1.37848000e+05 -1.91127000e-01 
 1.05000000e+00  1.10200000e+03  1.05000000e+00 -3.24527581e-04  4.03833816e-01  7.43556844e-02  1.00279000e+02  1.13110000e+01  1.37848000e+05 -1.91127000e-01 
 1.06000000e+00  1.10200000e+03  1.06000000e+00 -3.35602575e-04  4.03833816e-01  7.43556844e-02  1.00279000e+02  1.13110000e+01  1.37848000e+05 -1.91127000e-01 
 1.07000000e+00  1.10200000e+03  1.07000000e+00 -3.46700333e-04  4.03833816e-01  7.43556844e-02  1.00279000e+02  1.13110000e+01  1.37848000e+05 -1.91127000e-01 
 1.08000000e+00  1.10200000e+03  1.08000000e+00 -3.57818898e-04  4.03833816e-01  7.43556844e-02  1.00279000e+02  1.13110000e+01  1.37848000e+05 -1.91127000e-01 
 1.09000000e+00  1.10200000e+03  1.09000000e+00 -3.68956445e-04  4.03833816e-01  7.43556844e-02  1.00279000e+02  1.13110000e+01  1.37848000e+05 -1.91127000e-01 
 1.10000000e+00  1.10200000e+03  1.10000000e+00 -3.80111266e-04  4.03833816e-01  7.43556844e-02  1.00279000e+02  1.13110000e+01  1.37848000e+05 -1.91127000e-01 
 1.11000000e+00  1.10200000e+03  1.11000000e+00 -3.91281766e-04  4.03833816e-01  7.43556844e-02  1.00279000e+02  1.13110000e+01  1.37848000e+05 -1.91127000e-01 
 1.12000000e+00  1.10200000e+03  1.12000000e+00 -4.02466457e-04  4.03833816e-01  7.43556844e-02  1.00279000e+02  1.13110000e+01  1.37848000e+05 -1.91127000e-01 
 1.13000000e+00  1.10200000e+03  1.13000000e+00 -4.13663945e-04  4.03833816e-01  7.43556844e-02  1.00279000e+02  1.13110000e+01  1.37848000e+05 -1.91127000e-01 
 1.14000000e+00  1.10200000e+03  1.14000000e+00 -4.24872929e-04  4.03833816e-01  7.43556844e-02  1.00279000e+02  1.13110000e+01  1.37848000e+05 -1.91127000e-01 
 1.15000000e+00  1.10200000e+03  1.15000000e+00 -4.36092190e-04  4.03833816e-01  7.43556844e-02  1.00279000e+02  1.13110000e+01  1.37848000e+05 -1.91127000e-01 
 1.16000000e+00  1.10200000e+03  1.16000000e+00 -4.47320592e-04  4.03833816e-01  7.43556844e-02  1.00279000e+02  1.13110000e+01  1.37848000e+05 -1.91127000e-01 
 1.17000000e+00  1.10200000e+03  1.17000000e+00 -4.58557069e-04  4.03833816e-01  7.43556844e-02  1.00279000e+02  1.13110000e+01  1.37848000e+05 -1.91127000e-01 
 1.18000000e+00  1.10200000e+03  1.18000000e+00 -4.69800625e-04  4.03833816e-01  7.43556844e-02  1.00279000e+02  1.13110000e+01  1.37848000e+05 -1.91127000e-01 
 1.19000000e+00  1.10200000e+03  1.19000000e+00 -4.81050330e-04  4.03833816e-01  7.43556844e-02  1.00279000e+02  1.13110000e+01  1.37848000e+05 -1.91127000e-01 
 1.20000000e+00  1.10200000e+03  1.20000000e+00 -4.92305309e-04  4.03833816e-01  7.43556844e-02  1.00279000e+02  1.13110000e+01  1.37848000e+05 -1.91127000e-01 
 1.21000000e+00  1.10200000e+03  1.21000000e+00 -5.03564748e-04  4.03833816e-01  7.43556844e-02  1.00279000e+02  1.13110000e+01  1.37848000e+05 -1.91127000e-01 
 1.22000000e+00  1.10200000e+03  1.22000000e+00 -5.14827882e-04  4.03833816e-01  7.43556844e-02  1.00279000e+02  1.13110000e+01  1.37848000e+05 -1.91127000e-01 
 1.23000000e+00  1.10200000e+03  1.23000000e+00 -5.26093995e-04  4.03833816e-01  7.43556844e-02  1.00279000e+02  1.13110000e+01  1.37848000e+05 -1.91127000e-01 
 1.24000000e+00  1.10200000e+03  1.24000000e+00 -5.37362416e-04  4.03833816e-01  7.43556844e-02  1.00279000e+02  1.13110000e+01  1.37848000e+05 -1.91127000e-01 
 1.25000000e+00  1.10200000e+03  1.25000000e+00 -5.48632518e-04  4.03833816e-01  7.43556844e-02  1.00279000e+02  1.13110000e+01  1.37848000e+05 -1.91127000e-01 
 1.26000000e+00  1.10200000e+03  1.26000000e+00 -5.59903711e-04  4.03833816e-01  7.43556844e-02  1.00279000e+02  1.13110000e+01  1.37848000e+05 -1.91127000e-01 
 1.27000000e+00  1.10200000e+03  1.27000000e+00 -5.71175444e-04  4.03833816e-01  7.43556844e-02  1.00279000e+02  1.13110000e+01  1.37848000e+05 -1.91127000e-01 
 1.28000000e+00  1.10200000e+03  1.28000000e+00 -5.82447199e-04  4.03833816e-01  7.43556844e-02  1.00279000e+02  1.13110000e+01  1.37848000e+05 -1.91127000e-01 
 1.29000000e+00  1.10200000e+03  1.29000000e+00 -5.93718492e-04  4.03833816e-01  7.43556844e-02  1.00279000e+02  1.13110000e+01  1.37848000e+05 -1.91127000e-01 
 1.30000000e+00  1.10200000e+03  1.30000000e+00 -6.04988867e-04  4.03833816e-01  7.43556844e-02  1.00279000e+02  1.13110000e+01  1.37848000e+05 -1.91127000e-01 
 1.31000000e+00  1.10200000e+03  1.31000000e+00 -6.16257898e-04  4.03833816e-01  7.43556844e-02  1.00279000e+02  1.13110000e+01  1.37848000e+05 -1.91127000e-01 
 1.32000000e+00  1.10200000e+03  1.32000000e+00 -6.27525184e-04  4.03833816e-01  7.43556844e-02  1.00279000e+02  1.13110000e+01  1.37848000e+05 -1.91127000e-01 
 1.33000000e+00  1.10200000e+03  1.33000000e+00 -6.38790350e-04  4.03833816e-01  7.43556844e-02  1.00279000e+02  1.13110000e+01  1.37848000e+05 -1.91127000e-01 
 1.34000000e+00  1.10200000e+03  1.34000000e+00 -6.50053044e-04  4.03833816e-01  7.43556844e-02  1.00279000e+02  1.13110000e+01  1.37848000e+05 -1.91127000e-01 
 1.35000000e+00  1.10200000e+03  1.35000000e+00 -6.61312934e-04  4.03833816e-01  7.43556844e-02  1.00279000e+02  1.13110000e+01  1.37848000e+05 -1.91127000e-01 
 1.36000000e+00  1.10200000e+03  1.36000000e+00 -6.72569711e-04  4.03833816e-01  7.43556844e-02  1.00279000e+02  1.13110000e+01  1.37848000e+05 -1.91127000e-01 
 1.37000000e+00  1.10200000e+03  1.37000000e+00 -6.83823083e-04  4.03833816e-01  7.43556844e-02  1.00279000e+02  1.13110000e+01  1.37848000e+05 -1.91127000e-01 
 1.38000000e+00  1.10200000e+03  1.38000000e+00 -6.95072777e-04  4.03833816e-01  7.43556844e-02  1.00279000e+02  1.13110000e+01  1.37848000e+05 -1.91127000e-01 
 1.39000000e+00  1.10200000e+03  1.39000000e+00 -7.06318537e-04  4.03833816e-01  7.43556844e-02  1.00279000e+02  1.13110000e+01  1.37848000e+05 -1.91127000e-01 
 1.40000000e+00  1.10200000e+03  1.40000000e+00 -7.17560122e-04  4.03833816e-01  7.43556844e-02  1.00279000e+02  1.13110000e+01  1.37848000e+05 -1.91127000e-01 
 1.41000000e+00  1.10200000e+03  1.41000000e+00 -7.28797307e-04  4.03833816e-01  7.43556844e-02  1.00279000e+02  1.13110000e+01  1.37848000e+05 -1.91127000e-01 
 1.42000000e+00  1.10200000e+03  1.42000000e+00 -7.40029879e-04  4.03833816e-01  7.43556844e-02  1.00279000e+02  1.13110000e+01  1.37848000e+05 -1.91127000e-01 
 1.43000000e+00  1.10200000e+03  1.43000000e+00 -7.51257640e-04  4.03833816e-01  7.43556844e-02  1.00279000e+02  1.13110000e+01  1.37848000e+05 -1.91127000e-01 
 1.44000000e+00  1.10200000e+03  1.44000000e+00 -7.62480404e-04  4.03833816e-01  7.43556844e-02  1.00279000e+02  1.13110000e+01  1.37848000e+05 -1.91127000e-01 
 1.45000000e+00  1.10200000e+03  1.45000000e+00 -7.73697996e-04  4.03833816e-01  7.43556844e-02  1.00279000e+02  1.13110000e+01  1.37848000e+05 -1.91127000e-01 
 1.46000000e+00  1.10200000e+03  1.46000000e+00 -7.84910252e-04  4.03833816e-01  7.43556844e-02  1.00279000e+02  1.13110000e+01  1.37848000e+05 -1.91127000e-01 
 1.47000000e+00  1.10200000e+03  1.47000000e+00 -7.96117019e-04  4.03833816e-01  7.43556844e-02  1.00279000e+02  1.13110000e+01  1.37848000e+05 -1.91127000e-01 
 1.48000000e+00  1.10200000e+03  1.48000000e+00 -8.07318153e-04  4.03833816e-01  7.43556844e-02  1.00279000e+02  1.13110000e+01  1.37848000e+05 -1.91127000e-01 
 1.49000000e+00  1.10200000e+03  1.49000000e+00 -8.18513519e-04  4.03833816e-01  7.43556844e-02  1.00279000e+02  1.13110000e+01  1.37848000e+05 -1.91127000e-01 
 1.50000000e+00  1.10200000e+03  1.50000000e+00 -8.29702991e-04  4.03833816e-01  7.43556844e-02  1.00279000e+02  1.13110000e+01  1.37848000e+05 -1.91127000e-01 
 1.51000000e+00  1.10200000e+03  1.51000000e+00 -8.40886450e-04  4.03833816e-01  7.43556844e-02  1.00279000e+02  1.13110000e+01  1.37848000e+05 -1.91127000e-01 
 1.52000000e+00  1.10200000e+03  1.52000000e+00 -8.52063788e-04  4.03833816e-01  7.43556844e-02  1.00279000e+02  1.13110000e+01  1.37848000e+05 -1.91127000e-01 
 1.53000000e+00  1.10200000e+03  1.53000000e+00 -8.63234899e-04  4.03833816e-01  7.43556844e-02  1.00279000e+02  1.13110000e+01  1.37848000e+05 -1.91127000e-01 
 1.54000000e+00  1.10200000e+03  1.54000000e+00 -8.74399688e-04  4.03833816e-01  7.43556844e-02  1.00279000e+02  1.13110000e+01  1.37848000e+05 -1.91127000e-01 
 1.55000000e+00  1.10200000e+03  1.55000000e+00 -8.85558064e-04  4.03833816e-01  7.43556844e-02  1.00279000e+02  1.13110000e+01  1.37848000e+05 -1.91127000e-01 
 1.56000000e+00  1.10200000e+03  1.56000000e+00 -8.96709943e-04  4.03833816e-01  7.43556844e-02  1.00279000e+02  1.13110000e+01  1.37848000e+05 -1.91127000e-01 
 1.57000000e+00  1.10200000e+03  1.57000000e+00 -9.07855247e-04  4.03833816e-01  7.43556844e-02  1.00279000e+02  1.13110000e+01  1.37848000e+05 -1.91127000e-01 
 1.58000000e+00  1.10200000e+03  1.58000000e+00 -9.18993902e-04  4.03833816e-01  7.43556844e-02  1.00279000e+02  1.13110000e+01  1.37848000e+05 -1.91127000e-01 
 1.59000000e+00  1.10200000e+03  1.59000000e+00 -9.30125839e-04  4.03833816e-01  7.43556844e-02  1.00279000e+02  1.13110000e+01  1.37848000e+05 -1.91127000e-01 
 1.60000000e+00  1.10200000e+03  1.60000000e+00 -9.41250995e-04  4.03833816e-01  7.43556844e-02  1.00279000e+02  1.13110000e+01  1.37848000e+05 -1.91127000e-01 
 1.61000000e+00  1.10200000e+03  1.61000000e+00 -9.52369311e-04  4.03833816e-01  7.43556844e-02  1.00279000e+02  1.13110000e+01  1.37848000e+05 -1.91127000e-01 
 1.62000000e+00  1.10200000e+03  1.62000000e+00 -9.63480732e-04  4.03833816e-01  7.43556844e-02  1.00279000e+02  1.13110000e+01  1.37848000e+05 -1.91127000e-01 
 1.63000000e+00  1.10200000e+03  1.63000000e+00 -9.74585205e-04  4.03833816e-01  7.43556844e-02  1.00279000e+02  1.13110000e+01  1.37848000e+05 -1.91127000e-01 
 1.64000000e+00  1.10200000e+03  1.64000000e+00 -9.85682685e-04  4.03833816e-01  7.43556844e-02  1.00279000e+02  1.13110000e+01  1.37848000e+05 -1.91127000e-01 
 1.65000000e+00  1.10200000e+03  1.65000000e+00 -9.96773126e-04  4.03833816e-01  7.43556844e-02  1.00279000e+02  1.13110000e+01  1.37848000e+05 -1.91127000e-01 
 1.66000000e+00  1.10200000e+03  1.66000000e+00 -1.00785649e-03  4.03833816e-01  7.43556844e-02  1.00279000e+02  1.13110000e+01  1.37848000e+05 -1.91127000e-01 
 1.67000000e+00  1.10200000e+03  1.67000000e+00 -1.01893273e-03  4.03833816e-01  7.43556844e-02  1.00279000e+02  1.13110000e+01  1.37848000e+05 -1.91127000e-01 
 1.68000000e+00  1.10200000e+03  1.68000000e+00 -1.03000182e-03  4.03833816e-01  7.43556844e-02  1.00279000e+02  1.13110000e+01  1.37848000e+05 -1.91127000e-01 
 1.69000000e+00  1.10200000e+03  1.69000000e+00 -1.04106373e-03  4.03833816e-01  7.43556844e-02  1.00279000e+02  1.13110000e+01  1.37848000e+05 -1.91127000e-01 
 1.70000000e+00  1.10200000e+03  1.70000000e+00 -1.05211843e-03  4.03833816e-01  7.43556844e-02  1.00279000e+02  1.13110000e+01  1.37848000e+05 -1.91127000e-01 
 1.71000000e+00  1.10200000e+03  1.71000000e+00 -1.06316588e-03  4.03833816e-01  7.43556844e-02  1.00279000e+02  1.13110000e+01  1.37848000e+05 -1.91127000e-01 
 1.72000000e+00  1.10200000e+03  1.72000000e+00 -1.07420606e-03  4.03833816e-01  7.43556844e-02  1.00279000e+02  1.13110000e+01  1.37848000e+05 -1.91127000e-01 
 1.73000000e+00  1.10200000e+03  1.73000000e+00 -1.08523896e-03  4.03833816e-01  7.43556844e-02  1.00279000e+02  1.13110000e+01  1.37848000e+05 -1.91127000e-01 
 1.74000000e+00  1.10200000e+03  1.74000000e+00 -1.09626454e-03  4.03833816e-01  7.43556844e-02  1.00279000e+02  1.13110000e+01  1.37848000e+05 -1.91127000e-01 
 1.75000000e+00  1.10200000e+03  1.75000000e+00 -1.10728279e-03  4.03833816e-01  7.43556844e-02  1.00279000e+02  1.13110000e+01  1.37848000e+05 -1.91127000e-01 
 1.76000000e+00  1.10200000e+03  1.76000000e+00 -1.11829369e-03  4.03833816e-01  7.43556844e-02  1.00279000e+02  1.13110000e+01  1.37848000e+05 -1.91127000e-01 
 1.77000000e+00  1.10200000e+03  1.77000000e+00 -1.12929722e-03  4.03833816e-01  7.43556844e-02  1.00279000e+02  1.13110000e+01  1.37848000e+05 -1.91127000e-01 
 1.78000000e+00  1.10200000e+03  1.78000000e+00 -1.14029338e-03  4.03833816e-01  7.43556844e-02  1.00279000e+02  1.13110000e+01  1.37848000e+05 -1.91127000e-01 
 1.79000000e+00  1.10200000e+03  1.79000000e+00 -1.15128213e-03  4.03833816e-01  7.43556844e-02  1.00279000e+02  1.13110000e+01  1.37848000e+05 -1.91127000e-01 
 1.80000000e+00  1.10200000e+03  1.80000000e+00 -1.16226349e-03  4.03833816e-01  7.43556844e-02  1.00279000e+02  1.13110000e+01  1.37848000e+05 -1.91127000e-01 
