 v-sweep         run_num         v(gate)         i(vds)          out_vth0        out_u0          out_rdsw        out_nfactor     out_vsat        out_eta0       
 0.00000000e+00  1.16100000e+03  0.00000000e+00 -1.85137862e-12  2.93703409e-01  4.49875758e-02  1.00279000e+02  1.13110000e+01  1.37848000e+05 -1.91127000e-01 
 1.00000000e-02  1.16100000e+03  1.00000000e-02 -1.85138027e-12  2.93703409e-01  4.49875758e-02  1.00279000e+02  1.13110000e+01  1.37848000e+05 -1.91127000e-01 
 2.00000000e-02  1.16100000e+03  2.00000000e-02 -1.85138418e-12  2.93703409e-01  4.49875758e-02  1.00279000e+02  1.13110000e+01  1.37848000e+05 -1.91127000e-01 
 3.00000000e-02  1.16100000e+03  3.00000000e-02 -1.85138974e-12  2.93703409e-01  4.49875758e-02  1.00279000e+02  1.13110000e+01  1.37848000e+05 -1.91127000e-01 
 4.00000000e-02  1.16100000e+03  4.00000000e-02 -1.85139876e-12  2.93703409e-01  4.49875758e-02  1.00279000e+02  1.13110000e+01  1.37848000e+05 -1.91127000e-01 
 5.00000000e-02  1.16100000e+03  5.00000000e-02 -1.85141337e-12  2.93703409e-01  4.49875758e-02  1.00279000e+02  1.13110000e+01  1.37848000e+05 -1.91127000e-01 
 6.00000000e-02  1.16100000e+03  6.00000000e-02 -1.85143704e-12  2.93703409e-01  4.49875758e-02  1.00279000e+02  1.13110000e+01  1.37848000e+05 -1.91127000e-01 
 7.00000000e-02  1.16100000e+03  7.00000000e-02 -1.85147539e-12  2.93703409e-01  4.49875758e-02  1.00279000e+02  1.13110000e+01  1.37848000e+05 -1.91127000e-01 
 8.00000000e-02  1.16100000e+03  8.00000000e-02 -1.85153751e-12  2.93703409e-01  4.49875758e-02  1.00279000e+02  1.13110000e+01  1.37848000e+05 -1.91127000e-01 
 9.00000000e-02  1.16100000e+03  9.00000000e-02 -1.85163815e-12  2.93703409e-01  4.49875758e-02  1.00279000e+02  1.13110000e+01  1.37848000e+05 -1.91127000e-01 
 1.00000000e-01  1.16100000e+03  1.00000000e-01 -1.85180120e-12  2.93703409e-01  4.49875758e-02  1.00279000e+02  1.13110000e+01  1.37848000e+05 -1.91127000e-01 
 1.10000000e-01  1.16100000e+03  1.10000000e-01 -1.85206534e-12  2.93703409e-01  4.49875758e-02  1.00279000e+02  1.13110000e+01  1.37848000e+05 -1.91127000e-01 
 1.20000000e-01  1.16100000e+03  1.20000000e-01 -1.85249326e-12  2.93703409e-01  4.49875758e-02  1.00279000e+02  1.13110000e+01  1.37848000e+05 -1.91127000e-01 
 1.30000000e-01  1.16100000e+03  1.30000000e-01 -1.85318650e-12  2.93703409e-01  4.49875758e-02  1.00279000e+02  1.13110000e+01  1.37848000e+05 -1.91127000e-01 
 1.40000000e-01  1.16100000e+03  1.40000000e-01 -1.85430958e-12  2.93703409e-01  4.49875758e-02  1.00279000e+02  1.13110000e+01  1.37848000e+05 -1.91127000e-01 
 1.50000000e-01  1.16100000e+03  1.50000000e-01 -1.85612900e-12  2.93703409e-01  4.49875758e-02  1.00279000e+02  1.13110000e+01  1.37848000e+05 -1.91127000e-01 
 1.60000000e-01  1.16100000e+03  1.60000000e-01 -1.85907649e-12  2.93703409e-01  4.49875758e-02  1.00279000e+02  1.13110000e+01  1.37848000e+05 -1.91127000e-01 
 1.70000000e-01  1.16100000e+03  1.70000000e-01 -1.86385144e-12  2.93703409e-01  4.49875758e-02  1.00279000e+02  1.13110000e+01  1.37848000e+05 -1.91127000e-01 
 1.80000000e-01  1.16100000e+03  1.80000000e-01 -1.87158681e-12  2.93703409e-01  4.49875758e-02  1.00279000e+02  1.13110000e+01  1.37848000e+05 -1.91127000e-01 
 1.90000000e-01  1.16100000e+03  1.90000000e-01 -1.88411788e-12  2.93703409e-01  4.49875758e-02  1.00279000e+02  1.13110000e+01  1.37848000e+05 -1.91127000e-01 
 2.00000000e-01  1.16100000e+03  2.00000000e-01 -1.90441756e-12  2.93703409e-01  4.49875758e-02  1.00279000e+02  1.13110000e+01  1.37848000e+05 -1.91127000e-01 
 2.10000000e-01  1.16100000e+03  2.10000000e-01 -1.93730131e-12  2.93703409e-01  4.49875758e-02  1.00279000e+02  1.13110000e+01  1.37848000e+05 -1.91127000e-01 
 2.20000000e-01  1.16100000e+03  2.20000000e-01 -1.99056893e-12  2.93703409e-01  4.49875758e-02  1.00279000e+02  1.13110000e+01  1.37848000e+05 -1.91127000e-01 
 2.30000000e-01  1.16100000e+03  2.30000000e-01 -2.07685320e-12  2.93703409e-01  4.49875758e-02  1.00279000e+02  1.13110000e+01  1.37848000e+05 -1.91127000e-01 
 2.40000000e-01  1.16100000e+03  2.40000000e-01 -2.21661317e-12  2.93703409e-01  4.49875758e-02  1.00279000e+02  1.13110000e+01  1.37848000e+05 -1.91127000e-01 
 2.50000000e-01  1.16100000e+03  2.50000000e-01 -2.44297970e-12  2.93703409e-01  4.49875758e-02  1.00279000e+02  1.13110000e+01  1.37848000e+05 -1.91127000e-01 
 2.60000000e-01  1.16100000e+03  2.60000000e-01 -2.80959781e-12  2.93703409e-01  4.49875758e-02  1.00279000e+02  1.13110000e+01  1.37848000e+05 -1.91127000e-01 
 2.70000000e-01  1.16100000e+03  2.70000000e-01 -3.40331596e-12  2.93703409e-01  4.49875758e-02  1.00279000e+02  1.13110000e+01  1.37848000e+05 -1.91127000e-01 
 2.80000000e-01  1.16100000e+03  2.80000000e-01 -4.36471112e-12  2.93703409e-01  4.49875758e-02  1.00279000e+02  1.13110000e+01  1.37848000e+05 -1.91127000e-01 
 2.90000000e-01  1.16100000e+03  2.90000000e-01 -5.92127359e-12  2.93703409e-01  4.49875758e-02  1.00279000e+02  1.13110000e+01  1.37848000e+05 -1.91127000e-01 
 3.00000000e-01  1.16100000e+03  3.00000000e-01 -8.44103134e-12  2.93703409e-01  4.49875758e-02  1.00279000e+02  1.13110000e+01  1.37848000e+05 -1.91127000e-01 
 3.10000000e-01  1.16100000e+03  3.10000000e-01 -1.25191427e-11  2.93703409e-01  4.49875758e-02  1.00279000e+02  1.13110000e+01  1.37848000e+05 -1.91127000e-01 
 3.20000000e-01  1.16100000e+03  3.20000000e-01 -1.91176042e-11  2.93703409e-01  4.49875758e-02  1.00279000e+02  1.13110000e+01  1.37848000e+05 -1.91127000e-01 
 3.30000000e-01  1.16100000e+03  3.30000000e-01 -2.97904021e-11  2.93703409e-01  4.49875758e-02  1.00279000e+02  1.13110000e+01  1.37848000e+05 -1.91127000e-01 
 3.40000000e-01  1.16100000e+03  3.40000000e-01 -4.70458537e-11  2.93703409e-01  4.49875758e-02  1.00279000e+02  1.13110000e+01  1.37848000e+05 -1.91127000e-01 
 3.50000000e-01  1.16100000e+03  3.50000000e-01 -7.49286937e-11  2.93703409e-01  4.49875758e-02  1.00279000e+02  1.13110000e+01  1.37848000e+05 -1.91127000e-01 
 3.60000000e-01  1.16100000e+03  3.60000000e-01 -1.19953069e-10  2.93703409e-01  4.49875758e-02  1.00279000e+02  1.13110000e+01  1.37848000e+05 -1.91127000e-01 
 3.70000000e-01  1.16100000e+03  3.70000000e-01 -1.92593764e-10  2.93703409e-01  4.49875758e-02  1.00279000e+02  1.13110000e+01  1.37848000e+05 -1.91127000e-01 
 3.80000000e-01  1.16100000e+03  3.80000000e-01 -3.09661213e-10  2.93703409e-01  4.49875758e-02  1.00279000e+02  1.13110000e+01  1.37848000e+05 -1.91127000e-01 
 3.90000000e-01  1.16100000e+03  3.90000000e-01 -4.98067345e-10  2.93703409e-01  4.49875758e-02  1.00279000e+02  1.13110000e+01  1.37848000e+05 -1.91127000e-01 
 4.00000000e-01  1.16100000e+03  4.00000000e-01 -8.00763964e-10  2.93703409e-01  4.49875758e-02  1.00279000e+02  1.13110000e+01  1.37848000e+05 -1.91127000e-01 
 4.10000000e-01  1.16100000e+03  4.10000000e-01 -1.28604370e-09  2.93703409e-01  4.49875758e-02  1.00279000e+02  1.13110000e+01  1.37848000e+05 -1.91127000e-01 
 4.20000000e-01  1.16100000e+03  4.20000000e-01 -2.06198745e-09  2.93703409e-01  4.49875758e-02  1.00279000e+02  1.13110000e+01  1.37848000e+05 -1.91127000e-01 
 4.30000000e-01  1.16100000e+03  4.30000000e-01 -3.29868401e-09  2.93703409e-01  4.49875758e-02  1.00279000e+02  1.13110000e+01  1.37848000e+05 -1.91127000e-01 
 4.40000000e-01  1.16100000e+03  4.40000000e-01 -5.26200497e-09  2.93703409e-01  4.49875758e-02  1.00279000e+02  1.13110000e+01  1.37848000e+05 -1.91127000e-01 
 4.50000000e-01  1.16100000e+03  4.50000000e-01 -8.36426119e-09  2.93703409e-01  4.49875758e-02  1.00279000e+02  1.13110000e+01  1.37848000e+05 -1.91127000e-01 
 4.60000000e-01  1.16100000e+03  4.60000000e-01 -1.32390727e-08  2.93703409e-01  4.49875758e-02  1.00279000e+02  1.13110000e+01  1.37848000e+05 -1.91127000e-01 
 4.70000000e-01  1.16100000e+03  4.70000000e-01 -2.08503729e-08  2.93703409e-01  4.49875758e-02  1.00279000e+02  1.13110000e+01  1.37848000e+05 -1.91127000e-01 
 4.80000000e-01  1.16100000e+03  4.80000000e-01 -3.26489050e-08  2.93703409e-01  4.49875758e-02  1.00279000e+02  1.13110000e+01  1.37848000e+05 -1.91127000e-01 
 4.90000000e-01  1.16100000e+03  4.90000000e-01 -5.07943990e-08  2.93703409e-01  4.49875758e-02  1.00279000e+02  1.13110000e+01  1.37848000e+05 -1.91127000e-01 
 5.00000000e-01  1.16100000e+03  5.00000000e-01 -7.84686292e-08  2.93703409e-01  4.49875758e-02  1.00279000e+02  1.13110000e+01  1.37848000e+05 -1.91127000e-01 
 5.10000000e-01  1.16100000e+03  5.10000000e-01 -1.20313931e-07  2.93703409e-01  4.49875758e-02  1.00279000e+02  1.13110000e+01  1.37848000e+05 -1.91127000e-01 
 5.20000000e-01  1.16100000e+03  5.20000000e-01 -1.83040395e-07  2.93703409e-01  4.49875758e-02  1.00279000e+02  1.13110000e+01  1.37848000e+05 -1.91127000e-01 
 5.30000000e-01  1.16100000e+03  5.30000000e-01 -2.76241574e-07  2.93703409e-01  4.49875758e-02  1.00279000e+02  1.13110000e+01  1.37848000e+05 -1.91127000e-01 
 5.40000000e-01  1.16100000e+03  5.40000000e-01 -4.13420031e-07  2.93703409e-01  4.49875758e-02  1.00279000e+02  1.13110000e+01  1.37848000e+05 -1.91127000e-01 
 5.50000000e-01  1.16100000e+03  5.50000000e-01 -6.13122750e-07  2.93703409e-01  4.49875758e-02  1.00279000e+02  1.13110000e+01  1.37848000e+05 -1.91127000e-01 
 5.60000000e-01  1.16100000e+03  5.60000000e-01 -8.99918638e-07  2.93703409e-01  4.49875758e-02  1.00279000e+02  1.13110000e+01  1.37848000e+05 -1.91127000e-01 
 5.70000000e-01  1.16100000e+03  5.70000000e-01 -1.30477710e-06  2.93703409e-01  4.49875758e-02  1.00279000e+02  1.13110000e+01  1.37848000e+05 -1.91127000e-01 
 5.80000000e-01  1.16100000e+03  5.80000000e-01 -1.86436101e-06  2.93703409e-01  4.49875758e-02  1.00279000e+02  1.13110000e+01  1.37848000e+05 -1.91127000e-01 
 5.90000000e-01  1.16100000e+03  5.90000000e-01 -2.61895685e-06  2.93703409e-01  4.49875758e-02  1.00279000e+02  1.13110000e+01  1.37848000e+05 -1.91127000e-01 
 6.00000000e-01  1.16100000e+03  6.00000000e-01 -3.60921885e-06  2.93703409e-01  4.49875758e-02  1.00279000e+02  1.13110000e+01  1.37848000e+05 -1.91127000e-01 
 6.10000000e-01  1.16100000e+03  6.10000000e-01 -4.87239655e-06  2.93703409e-01  4.49875758e-02  1.00279000e+02  1.13110000e+01  1.37848000e+05 -1.91127000e-01 
 6.20000000e-01  1.16100000e+03  6.20000000e-01 -6.43896342e-06  2.93703409e-01  4.49875758e-02  1.00279000e+02  1.13110000e+01  1.37848000e+05 -1.91127000e-01 
 6.30000000e-01  1.16100000e+03  6.30000000e-01 -8.33042349e-06  2.93703409e-01  4.49875758e-02  1.00279000e+02  1.13110000e+01  1.37848000e+05 -1.91127000e-01 
 6.40000000e-01  1.16100000e+03  6.40000000e-01 -1.05586402e-05  2.93703409e-01  4.49875758e-02  1.00279000e+02  1.13110000e+01  1.37848000e+05 -1.91127000e-01 
 6.50000000e-01  1.16100000e+03  6.50000000e-01 -1.31265510e-05  2.93703409e-01  4.49875758e-02  1.00279000e+02  1.13110000e+01  1.37848000e+05 -1.91127000e-01 
 6.60000000e-01  1.16100000e+03  6.60000000e-01 -1.60298143e-05  2.93703409e-01  4.49875758e-02  1.00279000e+02  1.13110000e+01  1.37848000e+05 -1.91127000e-01 
 6.70000000e-01  1.16100000e+03  6.70000000e-01 -1.92588516e-05  2.93703409e-01  4.49875758e-02  1.00279000e+02  1.13110000e+01  1.37848000e+05 -1.91127000e-01 
 6.80000000e-01  1.16100000e+03  6.80000000e-01 -2.28008399e-05  2.93703409e-01  4.49875758e-02  1.00279000e+02  1.13110000e+01  1.37848000e+05 -1.91127000e-01 
 6.90000000e-01  1.16100000e+03  6.90000000e-01 -2.66413833e-05  2.93703409e-01  4.49875758e-02  1.00279000e+02  1.13110000e+01  1.37848000e+05 -1.91127000e-01 
 7.00000000e-01  1.16100000e+03  7.00000000e-01 -3.07657529e-05  2.93703409e-01  4.49875758e-02  1.00279000e+02  1.13110000e+01  1.37848000e+05 -1.91127000e-01 
 7.10000000e-01  1.16100000e+03  7.10000000e-01 -3.51597042e-05  2.93703409e-01  4.49875758e-02  1.00279000e+02  1.13110000e+01  1.37848000e+05 -1.91127000e-01 
 7.20000000e-01  1.16100000e+03  7.20000000e-01 -3.98099399e-05  2.93703409e-01  4.49875758e-02  1.00279000e+02  1.13110000e+01  1.37848000e+05 -1.91127000e-01 
 7.30000000e-01  1.16100000e+03  7.30000000e-01 -4.47043113e-05  2.93703409e-01  4.49875758e-02  1.00279000e+02  1.13110000e+01  1.37848000e+05 -1.91127000e-01 
 7.40000000e-01  1.16100000e+03  7.40000000e-01 -4.98318433e-05  2.93703409e-01  4.49875758e-02  1.00279000e+02  1.13110000e+01  1.37848000e+05 -1.91127000e-01 
 7.50000000e-01  1.16100000e+03  7.50000000e-01 -5.51826545e-05  2.93703409e-01  4.49875758e-02  1.00279000e+02  1.13110000e+01  1.37848000e+05 -1.91127000e-01 
 7.60000000e-01  1.16100000e+03  7.60000000e-01 -6.07478239e-05  2.93703409e-01  4.49875758e-02  1.00279000e+02  1.13110000e+01  1.37848000e+05 -1.91127000e-01 
 7.70000000e-01  1.16100000e+03  7.70000000e-01 -6.65192403e-05  2.93703409e-01  4.49875758e-02  1.00279000e+02  1.13110000e+01  1.37848000e+05 -1.91127000e-01 
 7.80000000e-01  1.16100000e+03  7.80000000e-01 -7.24894539e-05  2.93703409e-01  4.49875758e-02  1.00279000e+02  1.13110000e+01  1.37848000e+05 -1.91127000e-01 
 7.90000000e-01  1.16100000e+03  7.90000000e-01 -7.86515433e-05  2.93703409e-01  4.49875758e-02  1.00279000e+02  1.13110000e+01  1.37848000e+05 -1.91127000e-01 
 8.00000000e-01  1.16100000e+03  8.00000000e-01 -8.49990031e-05  2.93703409e-01  4.49875758e-02  1.00279000e+02  1.13110000e+01  1.37848000e+05 -1.91127000e-01 
 8.10000000e-01  1.16100000e+03  8.10000000e-01 -9.15256519e-05  2.93703409e-01  4.49875758e-02  1.00279000e+02  1.13110000e+01  1.37848000e+05 -1.91127000e-01 
 8.20000000e-01  1.16100000e+03  8.20000000e-01 -9.82255612e-05  2.93703409e-01  4.49875758e-02  1.00279000e+02  1.13110000e+01  1.37848000e+05 -1.91127000e-01 
 8.30000000e-01  1.16100000e+03  8.30000000e-01 -1.05093001e-04  2.93703409e-01  4.49875758e-02  1.00279000e+02  1.13110000e+01  1.37848000e+05 -1.91127000e-01 
 8.40000000e-01  1.16100000e+03  8.40000000e-01 -1.12122401e-04  2.93703409e-01  4.49875758e-02  1.00279000e+02  1.13110000e+01  1.37848000e+05 -1.91127000e-01 
 8.50000000e-01  1.16100000e+03  8.50000000e-01 -1.19308323e-04  2.93703409e-01  4.49875758e-02  1.00279000e+02  1.13110000e+01  1.37848000e+05 -1.91127000e-01 
 8.60000000e-01  1.16100000e+03  8.60000000e-01 -1.26645443e-04  2.93703409e-01  4.49875758e-02  1.00279000e+02  1.13110000e+01  1.37848000e+05 -1.91127000e-01 
 8.70000000e-01  1.16100000e+03  8.70000000e-01 -1.34128541e-04  2.93703409e-01  4.49875758e-02  1.00279000e+02  1.13110000e+01  1.37848000e+05 -1.91127000e-01 
 8.80000000e-01  1.16100000e+03  8.80000000e-01 -1.41752495e-04  2.93703409e-01  4.49875758e-02  1.00279000e+02  1.13110000e+01  1.37848000e+05 -1.91127000e-01 
 8.90000000e-01  1.16100000e+03  8.90000000e-01 -1.49512276e-04  2.93703409e-01  4.49875758e-02  1.00279000e+02  1.13110000e+01  1.37848000e+05 -1.91127000e-01 
 9.00000000e-01  1.16100000e+03  9.00000000e-01 -1.57402955e-04  2.93703409e-01  4.49875758e-02  1.00279000e+02  1.13110000e+01  1.37848000e+05 -1.91127000e-01 
 9.10000000e-01  1.16100000e+03  9.10000000e-01 -1.65419697e-04  2.93703409e-01  4.49875758e-02  1.00279000e+02  1.13110000e+01  1.37848000e+05 -1.91127000e-01 
 9.20000000e-01  1.16100000e+03  9.20000000e-01 -1.73557769e-04  2.93703409e-01  4.49875758e-02  1.00279000e+02  1.13110000e+01  1.37848000e+05 -1.91127000e-01 
 9.30000000e-01  1.16100000e+03  9.30000000e-01 -1.81812542e-04  2.93703409e-01  4.49875758e-02  1.00279000e+02  1.13110000e+01  1.37848000e+05 -1.91127000e-01 
 9.40000000e-01  1.16100000e+03  9.40000000e-01 -1.90179492e-04  2.93703409e-01  4.49875758e-02  1.00279000e+02  1.13110000e+01  1.37848000e+05 -1.91127000e-01 
 9.50000000e-01  1.16100000e+03  9.50000000e-01 -1.98654206e-04  2.93703409e-01  4.49875758e-02  1.00279000e+02  1.13110000e+01  1.37848000e+05 -1.91127000e-01 
 9.60000000e-01  1.16100000e+03  9.60000000e-01 -2.07232380e-04  2.93703409e-01  4.49875758e-02  1.00279000e+02  1.13110000e+01  1.37848000e+05 -1.91127000e-01 
 9.70000000e-01  1.16100000e+03  9.70000000e-01 -2.15909822e-04  2.93703409e-01  4.49875758e-02  1.00279000e+02  1.13110000e+01  1.37848000e+05 -1.91127000e-01 
 9.80000000e-01  1.16100000e+03  9.80000000e-01 -2.24682456e-04  2.93703409e-01  4.49875758e-02  1.00279000e+02  1.13110000e+01  1.37848000e+05 -1.91127000e-01 
 9.90000000e-01  1.16100000e+03  9.90000000e-01 -2.33546322e-04  2.93703409e-01  4.49875758e-02  1.00279000e+02  1.13110000e+01  1.37848000e+05 -1.91127000e-01 
 1.00000000e+00  1.16100000e+03  1.00000000e+00 -2.42497574e-04  2.93703409e-01  4.49875758e-02  1.00279000e+02  1.13110000e+01  1.37848000e+05 -1.91127000e-01 
 1.01000000e+00  1.16100000e+03  1.01000000e+00 -2.51532483e-04  2.93703409e-01  4.49875758e-02  1.00279000e+02  1.13110000e+01  1.37848000e+05 -1.91127000e-01 
 1.02000000e+00  1.16100000e+03  1.02000000e+00 -2.60647433e-04  2.93703409e-01  4.49875758e-02  1.00279000e+02  1.13110000e+01  1.37848000e+05 -1.91127000e-01 
 1.03000000e+00  1.16100000e+03  1.03000000e+00 -2.69838920e-04  2.93703409e-01  4.49875758e-02  1.00279000e+02  1.13110000e+01  1.37848000e+05 -1.91127000e-01 
 1.04000000e+00  1.16100000e+03  1.04000000e+00 -2.79103554e-04  2.93703409e-01  4.49875758e-02  1.00279000e+02  1.13110000e+01  1.37848000e+05 -1.91127000e-01 
 1.05000000e+00  1.16100000e+03  1.05000000e+00 -2.88438053e-04  2.93703409e-01  4.49875758e-02  1.00279000e+02  1.13110000e+01  1.37848000e+05 -1.91127000e-01 
 1.06000000e+00  1.16100000e+03  1.06000000e+00 -2.97839242e-04  2.93703409e-01  4.49875758e-02  1.00279000e+02  1.13110000e+01  1.37848000e+05 -1.91127000e-01 
 1.07000000e+00  1.16100000e+03  1.07000000e+00 -3.07304052e-04  2.93703409e-01  4.49875758e-02  1.00279000e+02  1.13110000e+01  1.37848000e+05 -1.91127000e-01 
 1.08000000e+00  1.16100000e+03  1.08000000e+00 -3.16829519e-04  2.93703409e-01  4.49875758e-02  1.00279000e+02  1.13110000e+01  1.37848000e+05 -1.91127000e-01 
 1.09000000e+00  1.16100000e+03  1.09000000e+00 -3.26412778e-04  2.93703409e-01  4.49875758e-02  1.00279000e+02  1.13110000e+01  1.37848000e+05 -1.91127000e-01 
 1.10000000e+00  1.16100000e+03  1.10000000e+00 -3.36051059e-04  2.93703409e-01  4.49875758e-02  1.00279000e+02  1.13110000e+01  1.37848000e+05 -1.91127000e-01 
 1.11000000e+00  1.16100000e+03  1.11000000e+00 -3.45741692e-04  2.93703409e-01  4.49875758e-02  1.00279000e+02  1.13110000e+01  1.37848000e+05 -1.91127000e-01 
 1.12000000e+00  1.16100000e+03  1.12000000e+00 -3.55482097e-04  2.93703409e-01  4.49875758e-02  1.00279000e+02  1.13110000e+01  1.37848000e+05 -1.91127000e-01 
 1.13000000e+00  1.16100000e+03  1.13000000e+00 -3.65269783e-04  2.93703409e-01  4.49875758e-02  1.00279000e+02  1.13110000e+01  1.37848000e+05 -1.91127000e-01 
 1.14000000e+00  1.16100000e+03  1.14000000e+00 -3.75102346e-04  2.93703409e-01  4.49875758e-02  1.00279000e+02  1.13110000e+01  1.37848000e+05 -1.91127000e-01 
 1.15000000e+00  1.16100000e+03  1.15000000e+00 -3.84977468e-04  2.93703409e-01  4.49875758e-02  1.00279000e+02  1.13110000e+01  1.37848000e+05 -1.91127000e-01 
 1.16000000e+00  1.16100000e+03  1.16000000e+00 -3.94892911e-04  2.93703409e-01  4.49875758e-02  1.00279000e+02  1.13110000e+01  1.37848000e+05 -1.91127000e-01 
 1.17000000e+00  1.16100000e+03  1.17000000e+00 -4.04846515e-04  2.93703409e-01  4.49875758e-02  1.00279000e+02  1.13110000e+01  1.37848000e+05 -1.91127000e-01 
 1.18000000e+00  1.16100000e+03  1.18000000e+00 -4.14836196e-04  2.93703409e-01  4.49875758e-02  1.00279000e+02  1.13110000e+01  1.37848000e+05 -1.91127000e-01 
 1.19000000e+00  1.16100000e+03  1.19000000e+00 -4.24859946e-04  2.93703409e-01  4.49875758e-02  1.00279000e+02  1.13110000e+01  1.37848000e+05 -1.91127000e-01 
 1.20000000e+00  1.16100000e+03  1.20000000e+00 -4.34915824e-04  2.93703409e-01  4.49875758e-02  1.00279000e+02  1.13110000e+01  1.37848000e+05 -1.91127000e-01 
 1.21000000e+00  1.16100000e+03  1.21000000e+00 -4.45001961e-04  2.93703409e-01  4.49875758e-02  1.00279000e+02  1.13110000e+01  1.37848000e+05 -1.91127000e-01 
 1.22000000e+00  1.16100000e+03  1.22000000e+00 -4.55116551e-04  2.93703409e-01  4.49875758e-02  1.00279000e+02  1.13110000e+01  1.37848000e+05 -1.91127000e-01 
 1.23000000e+00  1.16100000e+03  1.23000000e+00 -4.65257854e-04  2.93703409e-01  4.49875758e-02  1.00279000e+02  1.13110000e+01  1.37848000e+05 -1.91127000e-01 
 1.24000000e+00  1.16100000e+03  1.24000000e+00 -4.75424189e-04  2.93703409e-01  4.49875758e-02  1.00279000e+02  1.13110000e+01  1.37848000e+05 -1.91127000e-01 
 1.25000000e+00  1.16100000e+03  1.25000000e+00 -4.85613937e-04  2.93703409e-01  4.49875758e-02  1.00279000e+02  1.13110000e+01  1.37848000e+05 -1.91127000e-01 
 1.26000000e+00  1.16100000e+03  1.26000000e+00 -4.95825533e-04  2.93703409e-01  4.49875758e-02  1.00279000e+02  1.13110000e+01  1.37848000e+05 -1.91127000e-01 
 1.27000000e+00  1.16100000e+03  1.27000000e+00 -5.06057469e-04  2.93703409e-01  4.49875758e-02  1.00279000e+02  1.13110000e+01  1.37848000e+05 -1.91127000e-01 
 1.28000000e+00  1.16100000e+03  1.28000000e+00 -5.16308289e-04  2.93703409e-01  4.49875758e-02  1.00279000e+02  1.13110000e+01  1.37848000e+05 -1.91127000e-01 
 1.29000000e+00  1.16100000e+03  1.29000000e+00 -5.26576588e-04  2.93703409e-01  4.49875758e-02  1.00279000e+02  1.13110000e+01  1.37848000e+05 -1.91127000e-01 
 1.30000000e+00  1.16100000e+03  1.30000000e+00 -5.36861010e-04  2.93703409e-01  4.49875758e-02  1.00279000e+02  1.13110000e+01  1.37848000e+05 -1.91127000e-01 
 1.31000000e+00  1.16100000e+03  1.31000000e+00 -5.47160247e-04  2.93703409e-01  4.49875758e-02  1.00279000e+02  1.13110000e+01  1.37848000e+05 -1.91127000e-01 
 1.32000000e+00  1.16100000e+03  1.32000000e+00 -5.57473036e-04  2.93703409e-01  4.49875758e-02  1.00279000e+02  1.13110000e+01  1.37848000e+05 -1.91127000e-01 
 1.33000000e+00  1.16100000e+03  1.33000000e+00 -5.67798157e-04  2.93703409e-01  4.49875758e-02  1.00279000e+02  1.13110000e+01  1.37848000e+05 -1.91127000e-01 
 1.34000000e+00  1.16100000e+03  1.34000000e+00 -5.78134435e-04  2.93703409e-01  4.49875758e-02  1.00279000e+02  1.13110000e+01  1.37848000e+05 -1.91127000e-01 
 1.35000000e+00  1.16100000e+03  1.35000000e+00 -5.88480733e-04  2.93703409e-01  4.49875758e-02  1.00279000e+02  1.13110000e+01  1.37848000e+05 -1.91127000e-01 
 1.36000000e+00  1.16100000e+03  1.36000000e+00 -5.98835953e-04  2.93703409e-01  4.49875758e-02  1.00279000e+02  1.13110000e+01  1.37848000e+05 -1.91127000e-01 
 1.37000000e+00  1.16100000e+03  1.37000000e+00 -6.09199038e-04  2.93703409e-01  4.49875758e-02  1.00279000e+02  1.13110000e+01  1.37848000e+05 -1.91127000e-01 
 1.38000000e+00  1.16100000e+03  1.38000000e+00 -6.19568964e-04  2.93703409e-01  4.49875758e-02  1.00279000e+02  1.13110000e+01  1.37848000e+05 -1.91127000e-01 
 1.39000000e+00  1.16100000e+03  1.39000000e+00 -6.29944744e-04  2.93703409e-01  4.49875758e-02  1.00279000e+02  1.13110000e+01  1.37848000e+05 -1.91127000e-01 
 1.40000000e+00  1.16100000e+03  1.40000000e+00 -6.40325425e-04  2.93703409e-01  4.49875758e-02  1.00279000e+02  1.13110000e+01  1.37848000e+05 -1.91127000e-01 
 1.41000000e+00  1.16100000e+03  1.41000000e+00 -6.50710083e-04  2.93703409e-01  4.49875758e-02  1.00279000e+02  1.13110000e+01  1.37848000e+05 -1.91127000e-01 
 1.42000000e+00  1.16100000e+03  1.42000000e+00 -6.61097831e-04  2.93703409e-01  4.49875758e-02  1.00279000e+02  1.13110000e+01  1.37848000e+05 -1.91127000e-01 
 1.43000000e+00  1.16100000e+03  1.43000000e+00 -6.71487808e-04  2.93703409e-01  4.49875758e-02  1.00279000e+02  1.13110000e+01  1.37848000e+05 -1.91127000e-01 
 1.44000000e+00  1.16100000e+03  1.44000000e+00 -6.81879183e-04  2.93703409e-01  4.49875758e-02  1.00279000e+02  1.13110000e+01  1.37848000e+05 -1.91127000e-01 
 1.45000000e+00  1.16100000e+03  1.45000000e+00 -6.92271155e-04  2.93703409e-01  4.49875758e-02  1.00279000e+02  1.13110000e+01  1.37848000e+05 -1.91127000e-01 
 1.46000000e+00  1.16100000e+03  1.46000000e+00 -7.02662946e-04  2.93703409e-01  4.49875758e-02  1.00279000e+02  1.13110000e+01  1.37848000e+05 -1.91127000e-01 
 1.47000000e+00  1.16100000e+03  1.47000000e+00 -7.13053810e-04  2.93703409e-01  4.49875758e-02  1.00279000e+02  1.13110000e+01  1.37848000e+05 -1.91127000e-01 
 1.48000000e+00  1.16100000e+03  1.48000000e+00 -7.23443020e-04  2.93703409e-01  4.49875758e-02  1.00279000e+02  1.13110000e+01  1.37848000e+05 -1.91127000e-01 
 1.49000000e+00  1.16100000e+03  1.49000000e+00 -7.33829877e-04  2.93703409e-01  4.49875758e-02  1.00279000e+02  1.13110000e+01  1.37848000e+05 -1.91127000e-01 
 1.50000000e+00  1.16100000e+03  1.50000000e+00 -7.44213705e-04  2.93703409e-01  4.49875758e-02  1.00279000e+02  1.13110000e+01  1.37848000e+05 -1.91127000e-01 
 1.51000000e+00  1.16100000e+03  1.51000000e+00 -7.54593848e-04  2.93703409e-01  4.49875758e-02  1.00279000e+02  1.13110000e+01  1.37848000e+05 -1.91127000e-01 
 1.52000000e+00  1.16100000e+03  1.52000000e+00 -7.64969676e-04  2.93703409e-01  4.49875758e-02  1.00279000e+02  1.13110000e+01  1.37848000e+05 -1.91127000e-01 
 1.53000000e+00  1.16100000e+03  1.53000000e+00 -7.75340576e-04  2.93703409e-01  4.49875758e-02  1.00279000e+02  1.13110000e+01  1.37848000e+05 -1.91127000e-01 
 1.54000000e+00  1.16100000e+03  1.54000000e+00 -7.85705957e-04  2.93703409e-01  4.49875758e-02  1.00279000e+02  1.13110000e+01  1.37848000e+05 -1.91127000e-01 
 1.55000000e+00  1.16100000e+03  1.55000000e+00 -7.96065248e-04  2.93703409e-01  4.49875758e-02  1.00279000e+02  1.13110000e+01  1.37848000e+05 -1.91127000e-01 
 1.56000000e+00  1.16100000e+03  1.56000000e+00 -8.06417895e-04  2.93703409e-01  4.49875758e-02  1.00279000e+02  1.13110000e+01  1.37848000e+05 -1.91127000e-01 
 1.57000000e+00  1.16100000e+03  1.57000000e+00 -8.16763364e-04  2.93703409e-01  4.49875758e-02  1.00279000e+02  1.13110000e+01  1.37848000e+05 -1.91127000e-01 
 1.58000000e+00  1.16100000e+03  1.58000000e+00 -8.27101138e-04  2.93703409e-01  4.49875758e-02  1.00279000e+02  1.13110000e+01  1.37848000e+05 -1.91127000e-01 
 1.59000000e+00  1.16100000e+03  1.59000000e+00 -8.37430715e-04  2.93703409e-01  4.49875758e-02  1.00279000e+02  1.13110000e+01  1.37848000e+05 -1.91127000e-01 
 1.60000000e+00  1.16100000e+03  1.60000000e+00 -8.47751613e-04  2.93703409e-01  4.49875758e-02  1.00279000e+02  1.13110000e+01  1.37848000e+05 -1.91127000e-01 
 1.61000000e+00  1.16100000e+03  1.61000000e+00 -8.58063362e-04  2.93703409e-01  4.49875758e-02  1.00279000e+02  1.13110000e+01  1.37848000e+05 -1.91127000e-01 
 1.62000000e+00  1.16100000e+03  1.62000000e+00 -8.68365510e-04  2.93703409e-01  4.49875758e-02  1.00279000e+02  1.13110000e+01  1.37848000e+05 -1.91127000e-01 
 1.63000000e+00  1.16100000e+03  1.63000000e+00 -8.78657618e-04  2.93703409e-01  4.49875758e-02  1.00279000e+02  1.13110000e+01  1.37848000e+05 -1.91127000e-01 
 1.64000000e+00  1.16100000e+03  1.64000000e+00 -8.88939261e-04  2.93703409e-01  4.49875758e-02  1.00279000e+02  1.13110000e+01  1.37848000e+05 -1.91127000e-01 
 1.65000000e+00  1.16100000e+03  1.65000000e+00 -8.99210029e-04  2.93703409e-01  4.49875758e-02  1.00279000e+02  1.13110000e+01  1.37848000e+05 -1.91127000e-01 
 1.66000000e+00  1.16100000e+03  1.66000000e+00 -9.09469524e-04  2.93703409e-01  4.49875758e-02  1.00279000e+02  1.13110000e+01  1.37848000e+05 -1.91127000e-01 
 1.67000000e+00  1.16100000e+03  1.67000000e+00 -9.19717362e-04  2.93703409e-01  4.49875758e-02  1.00279000e+02  1.13110000e+01  1.37848000e+05 -1.91127000e-01 
 1.68000000e+00  1.16100000e+03  1.68000000e+00 -9.29953169e-04  2.93703409e-01  4.49875758e-02  1.00279000e+02  1.13110000e+01  1.37848000e+05 -1.91127000e-01 
 1.69000000e+00  1.16100000e+03  1.69000000e+00 -9.40176586e-04  2.93703409e-01  4.49875758e-02  1.00279000e+02  1.13110000e+01  1.37848000e+05 -1.91127000e-01 
 1.70000000e+00  1.16100000e+03  1.70000000e+00 -9.50387263e-04  2.93703409e-01  4.49875758e-02  1.00279000e+02  1.13110000e+01  1.37848000e+05 -1.91127000e-01 
 1.71000000e+00  1.16100000e+03  1.71000000e+00 -9.60584862e-04  2.93703409e-01  4.49875758e-02  1.00279000e+02  1.13110000e+01  1.37848000e+05 -1.91127000e-01 
 1.72000000e+00  1.16100000e+03  1.72000000e+00 -9.70769055e-04  2.93703409e-01  4.49875758e-02  1.00279000e+02  1.13110000e+01  1.37848000e+05 -1.91127000e-01 
 1.73000000e+00  1.16100000e+03  1.73000000e+00 -9.80939526e-04  2.93703409e-01  4.49875758e-02  1.00279000e+02  1.13110000e+01  1.37848000e+05 -1.91127000e-01 
 1.74000000e+00  1.16100000e+03  1.74000000e+00 -9.91095967e-04  2.93703409e-01  4.49875758e-02  1.00279000e+02  1.13110000e+01  1.37848000e+05 -1.91127000e-01 
 1.75000000e+00  1.16100000e+03  1.75000000e+00 -1.00123808e-03  2.93703409e-01  4.49875758e-02  1.00279000e+02  1.13110000e+01  1.37848000e+05 -1.91127000e-01 
 1.76000000e+00  1.16100000e+03  1.76000000e+00 -1.01136558e-03  2.93703409e-01  4.49875758e-02  1.00279000e+02  1.13110000e+01  1.37848000e+05 -1.91127000e-01 
 1.77000000e+00  1.16100000e+03  1.77000000e+00 -1.02147818e-03  2.93703409e-01  4.49875758e-02  1.00279000e+02  1.13110000e+01  1.37848000e+05 -1.91127000e-01 
 1.78000000e+00  1.16100000e+03  1.78000000e+00 -1.03157562e-03  2.93703409e-01  4.49875758e-02  1.00279000e+02  1.13110000e+01  1.37848000e+05 -1.91127000e-01 
 1.79000000e+00  1.16100000e+03  1.79000000e+00 -1.04165763e-03  2.93703409e-01  4.49875758e-02  1.00279000e+02  1.13110000e+01  1.37848000e+05 -1.91127000e-01 
 1.80000000e+00  1.16100000e+03  1.80000000e+00 -1.05172396e-03  2.93703409e-01  4.49875758e-02  1.00279000e+02  1.13110000e+01  1.37848000e+05 -1.91127000e-01 
