 v-sweep         run_num         v(gate)         i(vds)          out_vth0        out_u0          out_rdsw        out_nfactor     out_vsat        out_eta0       
 0.00000000e+00  1.17500000e+03  0.00000000e+00 -1.85137700e-12  3.13762793e-01  5.03367447e-02  1.00279000e+02  1.13110000e+01  1.37848000e+05 -1.91127000e-01 
 1.00000000e-02  1.17500000e+03  1.00000000e-02 -1.85137787e-12  3.13762793e-01  5.03367447e-02  1.00279000e+02  1.13110000e+01  1.37848000e+05 -1.91127000e-01 
 2.00000000e-02  1.17500000e+03  2.00000000e-02 -1.85137993e-12  3.13762793e-01  5.03367447e-02  1.00279000e+02  1.13110000e+01  1.37848000e+05 -1.91127000e-01 
 3.00000000e-02  1.17500000e+03  3.00000000e-02 -1.85138286e-12  3.13762793e-01  5.03367447e-02  1.00279000e+02  1.13110000e+01  1.37848000e+05 -1.91127000e-01 
 4.00000000e-02  1.17500000e+03  4.00000000e-02 -1.85138762e-12  3.13762793e-01  5.03367447e-02  1.00279000e+02  1.13110000e+01  1.37848000e+05 -1.91127000e-01 
 5.00000000e-02  1.17500000e+03  5.00000000e-02 -1.85139532e-12  3.13762793e-01  5.03367447e-02  1.00279000e+02  1.13110000e+01  1.37848000e+05 -1.91127000e-01 
 6.00000000e-02  1.17500000e+03  6.00000000e-02 -1.85140779e-12  3.13762793e-01  5.03367447e-02  1.00279000e+02  1.13110000e+01  1.37848000e+05 -1.91127000e-01 
 7.00000000e-02  1.17500000e+03  7.00000000e-02 -1.85142800e-12  3.13762793e-01  5.03367447e-02  1.00279000e+02  1.13110000e+01  1.37848000e+05 -1.91127000e-01 
 8.00000000e-02  1.17500000e+03  8.00000000e-02 -1.85146073e-12  3.13762793e-01  5.03367447e-02  1.00279000e+02  1.13110000e+01  1.37848000e+05 -1.91127000e-01 
 9.00000000e-02  1.17500000e+03  9.00000000e-02 -1.85151377e-12  3.13762793e-01  5.03367447e-02  1.00279000e+02  1.13110000e+01  1.37848000e+05 -1.91127000e-01 
 1.00000000e-01  1.17500000e+03  1.00000000e-01 -1.85159969e-12  3.13762793e-01  5.03367447e-02  1.00279000e+02  1.13110000e+01  1.37848000e+05 -1.91127000e-01 
 1.10000000e-01  1.17500000e+03  1.10000000e-01 -1.85173888e-12  3.13762793e-01  5.03367447e-02  1.00279000e+02  1.13110000e+01  1.37848000e+05 -1.91127000e-01 
 1.20000000e-01  1.17500000e+03  1.20000000e-01 -1.85196438e-12  3.13762793e-01  5.03367447e-02  1.00279000e+02  1.13110000e+01  1.37848000e+05 -1.91127000e-01 
 1.30000000e-01  1.17500000e+03  1.30000000e-01 -1.85232970e-12  3.13762793e-01  5.03367447e-02  1.00279000e+02  1.13110000e+01  1.37848000e+05 -1.91127000e-01 
 1.40000000e-01  1.17500000e+03  1.40000000e-01 -1.85292154e-12  3.13762793e-01  5.03367447e-02  1.00279000e+02  1.13110000e+01  1.37848000e+05 -1.91127000e-01 
 1.50000000e-01  1.17500000e+03  1.50000000e-01 -1.85388034e-12  3.13762793e-01  5.03367447e-02  1.00279000e+02  1.13110000e+01  1.37848000e+05 -1.91127000e-01 
 1.60000000e-01  1.17500000e+03  1.60000000e-01 -1.85543363e-12  3.13762793e-01  5.03367447e-02  1.00279000e+02  1.13110000e+01  1.37848000e+05 -1.91127000e-01 
 1.70000000e-01  1.17500000e+03  1.70000000e-01 -1.85794999e-12  3.13762793e-01  5.03367447e-02  1.00279000e+02  1.13110000e+01  1.37848000e+05 -1.91127000e-01 
 1.80000000e-01  1.17500000e+03  1.80000000e-01 -1.86202655e-12  3.13762793e-01  5.03367447e-02  1.00279000e+02  1.13110000e+01  1.37848000e+05 -1.91127000e-01 
 1.90000000e-01  1.17500000e+03  1.90000000e-01 -1.86863060e-12  3.13762793e-01  5.03367447e-02  1.00279000e+02  1.13110000e+01  1.37848000e+05 -1.91127000e-01 
 2.00000000e-01  1.17500000e+03  2.00000000e-01 -1.87932909e-12  3.13762793e-01  5.03367447e-02  1.00279000e+02  1.13110000e+01  1.37848000e+05 -1.91127000e-01 
 2.10000000e-01  1.17500000e+03  2.10000000e-01 -1.89666033e-12  3.13762793e-01  5.03367447e-02  1.00279000e+02  1.13110000e+01  1.37848000e+05 -1.91127000e-01 
 2.20000000e-01  1.17500000e+03  2.20000000e-01 -1.92473603e-12  3.13762793e-01  5.03367447e-02  1.00279000e+02  1.13110000e+01  1.37848000e+05 -1.91127000e-01 
 2.30000000e-01  1.17500000e+03  2.30000000e-01 -1.97021630e-12  3.13762793e-01  5.03367447e-02  1.00279000e+02  1.13110000e+01  1.37848000e+05 -1.91127000e-01 
 2.40000000e-01  1.17500000e+03  2.40000000e-01 -2.04388871e-12  3.13762793e-01  5.03367447e-02  1.00279000e+02  1.13110000e+01  1.37848000e+05 -1.91127000e-01 
 2.50000000e-01  1.17500000e+03  2.50000000e-01 -2.16322522e-12  3.13762793e-01  5.03367447e-02  1.00279000e+02  1.13110000e+01  1.37848000e+05 -1.91127000e-01 
 2.60000000e-01  1.17500000e+03  2.60000000e-01 -2.35652200e-12  3.13762793e-01  5.03367447e-02  1.00279000e+02  1.13110000e+01  1.37848000e+05 -1.91127000e-01 
 2.70000000e-01  1.17500000e+03  2.70000000e-01 -2.66960119e-12  3.13762793e-01  5.03367447e-02  1.00279000e+02  1.13110000e+01  1.37848000e+05 -1.91127000e-01 
 2.80000000e-01  1.17500000e+03  2.80000000e-01 -3.17665734e-12  3.13762793e-01  5.03367447e-02  1.00279000e+02  1.13110000e+01  1.37848000e+05 -1.91127000e-01 
 2.90000000e-01  1.17500000e+03  2.90000000e-01 -3.99780777e-12  3.13762793e-01  5.03367447e-02  1.00279000e+02  1.13110000e+01  1.37848000e+05 -1.91127000e-01 
 3.00000000e-01  1.17500000e+03  3.00000000e-01 -5.32748006e-12  3.13762793e-01  5.03367447e-02  1.00279000e+02  1.13110000e+01  1.37848000e+05 -1.91127000e-01 
 3.10000000e-01  1.17500000e+03  3.10000000e-01 -7.48030947e-12  3.13762793e-01  5.03367447e-02  1.00279000e+02  1.13110000e+01  1.37848000e+05 -1.91127000e-01 
 3.20000000e-01  1.17500000e+03  3.20000000e-01 -1.09653058e-11  3.13762793e-01  5.03367447e-02  1.00279000e+02  1.13110000e+01  1.37848000e+05 -1.91127000e-01 
 3.30000000e-01  1.17500000e+03  3.30000000e-01 -1.66056190e-11  3.13762793e-01  5.03367447e-02  1.00279000e+02  1.13110000e+01  1.37848000e+05 -1.91127000e-01 
 3.40000000e-01  1.17500000e+03  3.40000000e-01 -2.57317685e-11  3.13762793e-01  5.03367447e-02  1.00279000e+02  1.13110000e+01  1.37848000e+05 -1.91127000e-01 
 3.50000000e-01  1.17500000e+03  3.50000000e-01 -4.04930517e-11  3.13762793e-01  5.03367447e-02  1.00279000e+02  1.13110000e+01  1.37848000e+05 -1.91127000e-01 
 3.60000000e-01  1.17500000e+03  3.60000000e-01 -6.43587052e-11  3.13762793e-01  5.03367447e-02  1.00279000e+02  1.13110000e+01  1.37848000e+05 -1.91127000e-01 
 3.70000000e-01  1.17500000e+03  3.70000000e-01 -1.02923006e-10  3.13762793e-01  5.03367447e-02  1.00279000e+02  1.13110000e+01  1.37848000e+05 -1.91127000e-01 
 3.80000000e-01  1.17500000e+03  3.80000000e-01 -1.65195738e-10  3.13762793e-01  5.03367447e-02  1.00279000e+02  1.13110000e+01  1.37848000e+05 -1.91127000e-01 
 3.90000000e-01  1.17500000e+03  3.90000000e-01 -2.65664808e-10  3.13762793e-01  5.03367447e-02  1.00279000e+02  1.13110000e+01  1.37848000e+05 -1.91127000e-01 
 4.00000000e-01  1.17500000e+03  4.00000000e-01 -4.27581313e-10  3.13762793e-01  5.03367447e-02  1.00279000e+02  1.13110000e+01  1.37848000e+05 -1.91127000e-01 
 4.10000000e-01  1.17500000e+03  4.10000000e-01 -6.88168468e-10  3.13762793e-01  5.03367447e-02  1.00279000e+02  1.13110000e+01  1.37848000e+05 -1.91127000e-01 
 4.20000000e-01  1.17500000e+03  4.20000000e-01 -1.10683566e-09  3.13762793e-01  5.03367447e-02  1.00279000e+02  1.13110000e+01  1.37848000e+05 -1.91127000e-01 
 4.30000000e-01  1.17500000e+03  4.30000000e-01 -1.77804369e-09  3.13762793e-01  5.03367447e-02  1.00279000e+02  1.13110000e+01  1.37848000e+05 -1.91127000e-01 
 4.40000000e-01  1.17500000e+03  4.40000000e-01 -2.85128838e-09  3.13762793e-01  5.03367447e-02  1.00279000e+02  1.13110000e+01  1.37848000e+05 -1.91127000e-01 
 4.50000000e-01  1.17500000e+03  4.50000000e-01 -4.56183313e-09  3.13762793e-01  5.03367447e-02  1.00279000e+02  1.13110000e+01  1.37848000e+05 -1.91127000e-01 
 4.60000000e-01  1.17500000e+03  4.60000000e-01 -7.27741851e-09  3.13762793e-01  5.03367447e-02  1.00279000e+02  1.13110000e+01  1.37848000e+05 -1.91127000e-01 
 4.70000000e-01  1.17500000e+03  4.70000000e-01 -1.15683033e-08  3.13762793e-01  5.03367447e-02  1.00279000e+02  1.13110000e+01  1.37848000e+05 -1.91127000e-01 
 4.80000000e-01  1.17500000e+03  4.80000000e-01 -1.83107433e-08  3.13762793e-01  5.03367447e-02  1.00279000e+02  1.13110000e+01  1.37848000e+05 -1.91127000e-01 
 4.90000000e-01  1.17500000e+03  4.90000000e-01 -2.88375429e-08  3.13762793e-01  5.03367447e-02  1.00279000e+02  1.13110000e+01  1.37848000e+05 -1.91127000e-01 
 5.00000000e-01  1.17500000e+03  5.00000000e-01 -4.51539551e-08  3.13762793e-01  5.03367447e-02  1.00279000e+02  1.13110000e+01  1.37848000e+05 -1.91127000e-01 
 5.10000000e-01  1.17500000e+03  5.10000000e-01 -7.02436461e-08  3.13762793e-01  5.03367447e-02  1.00279000e+02  1.13110000e+01  1.37848000e+05 -1.91127000e-01 
 5.20000000e-01  1.17500000e+03  5.20000000e-01 -1.08498685e-07  3.13762793e-01  5.03367447e-02  1.00279000e+02  1.13110000e+01  1.37848000e+05 -1.91127000e-01 
 5.30000000e-01  1.17500000e+03  5.30000000e-01 -1.66319686e-07  3.13762793e-01  5.03367447e-02  1.00279000e+02  1.13110000e+01  1.37848000e+05 -1.91127000e-01 
 5.40000000e-01  1.17500000e+03  5.40000000e-01 -2.52942897e-07  3.13762793e-01  5.03367447e-02  1.00279000e+02  1.13110000e+01  1.37848000e+05 -1.91127000e-01 
 5.50000000e-01  1.17500000e+03  5.50000000e-01 -3.81544511e-07  3.13762793e-01  5.03367447e-02  1.00279000e+02  1.13110000e+01  1.37848000e+05 -1.91127000e-01 
 5.60000000e-01  1.17500000e+03  5.60000000e-01 -5.70617046e-07  3.13762793e-01  5.03367447e-02  1.00279000e+02  1.13110000e+01  1.37848000e+05 -1.91127000e-01 
 5.70000000e-01  1.17500000e+03  5.70000000e-01 -8.45470596e-07  3.13762793e-01  5.03367447e-02  1.00279000e+02  1.13110000e+01  1.37848000e+05 -1.91127000e-01 
 5.80000000e-01  1.17500000e+03  5.80000000e-01 -1.23947983e-06  3.13762793e-01  5.03367447e-02  1.00279000e+02  1.13110000e+01  1.37848000e+05 -1.91127000e-01 
 5.90000000e-01  1.17500000e+03  5.90000000e-01 -1.79446296e-06  3.13762793e-01  5.03367447e-02  1.00279000e+02  1.13110000e+01  1.37848000e+05 -1.91127000e-01 
 6.00000000e-01  1.17500000e+03  6.00000000e-01 -2.55952819e-06  3.13762793e-01  5.03367447e-02  1.00279000e+02  1.13110000e+01  1.37848000e+05 -1.91127000e-01 
 6.10000000e-01  1.17500000e+03  6.10000000e-01 -3.58803242e-06  3.13762793e-01  5.03367447e-02  1.00279000e+02  1.13110000e+01  1.37848000e+05 -1.91127000e-01 
 6.20000000e-01  1.17500000e+03  6.20000000e-01 -4.93294364e-06  3.13762793e-01  5.03367447e-02  1.00279000e+02  1.13110000e+01  1.37848000e+05 -1.91127000e-01 
 6.30000000e-01  1.17500000e+03  6.30000000e-01 -6.64158434e-06  3.13762793e-01  5.03367447e-02  1.00279000e+02  1.13110000e+01  1.37848000e+05 -1.91127000e-01 
 6.40000000e-01  1.17500000e+03  6.40000000e-01 -8.75105798e-06  3.13762793e-01  5.03367447e-02  1.00279000e+02  1.13110000e+01  1.37848000e+05 -1.91127000e-01 
 6.50000000e-01  1.17500000e+03  6.50000000e-01 -1.12854291e-05  3.13762793e-01  5.03367447e-02  1.00279000e+02  1.13110000e+01  1.37848000e+05 -1.91127000e-01 
 6.60000000e-01  1.17500000e+03  6.60000000e-01 -1.42550898e-05  3.13762793e-01  5.03367447e-02  1.00279000e+02  1.13110000e+01  1.37848000e+05 -1.91127000e-01 
 6.70000000e-01  1.17500000e+03  6.70000000e-01 -1.76580619e-05  3.13762793e-01  5.03367447e-02  1.00279000e+02  1.13110000e+01  1.37848000e+05 -1.91127000e-01 
 6.80000000e-01  1.17500000e+03  6.80000000e-01 -2.14825475e-05  3.13762793e-01  5.03367447e-02  1.00279000e+02  1.13110000e+01  1.37848000e+05 -1.91127000e-01 
 6.90000000e-01  1.17500000e+03  6.90000000e-01 -2.57099494e-05  3.13762793e-01  5.03367447e-02  1.00279000e+02  1.13110000e+01  1.37848000e+05 -1.91127000e-01 
 7.00000000e-01  1.17500000e+03  7.00000000e-01 -3.03177384e-05  3.13762793e-01  5.03367447e-02  1.00279000e+02  1.13110000e+01  1.37848000e+05 -1.91127000e-01 
 7.10000000e-01  1.17500000e+03  7.10000000e-01 -3.52817999e-05  3.13762793e-01  5.03367447e-02  1.00279000e+02  1.13110000e+01  1.37848000e+05 -1.91127000e-01 
 7.20000000e-01  1.17500000e+03  7.20000000e-01 -4.05781323e-05  3.13762793e-01  5.03367447e-02  1.00279000e+02  1.13110000e+01  1.37848000e+05 -1.91127000e-01 
 7.30000000e-01  1.17500000e+03  7.30000000e-01 -4.61839287e-05  3.13762793e-01  5.03367447e-02  1.00279000e+02  1.13110000e+01  1.37848000e+05 -1.91127000e-01 
 7.40000000e-01  1.17500000e+03  7.40000000e-01 -5.20781587e-05  3.13762793e-01  5.03367447e-02  1.00279000e+02  1.13110000e+01  1.37848000e+05 -1.91127000e-01 
 7.50000000e-01  1.17500000e+03  7.50000000e-01 -5.82417867e-05  3.13762793e-01  5.03367447e-02  1.00279000e+02  1.13110000e+01  1.37848000e+05 -1.91127000e-01 
 7.60000000e-01  1.17500000e+03  7.60000000e-01 -6.46577552e-05  3.13762793e-01  5.03367447e-02  1.00279000e+02  1.13110000e+01  1.37848000e+05 -1.91127000e-01 
 7.70000000e-01  1.17500000e+03  7.70000000e-01 -7.13108319e-05  3.13762793e-01  5.03367447e-02  1.00279000e+02  1.13110000e+01  1.37848000e+05 -1.91127000e-01 
 7.80000000e-01  1.17500000e+03  7.80000000e-01 -7.81873938e-05  3.13762793e-01  5.03367447e-02  1.00279000e+02  1.13110000e+01  1.37848000e+05 -1.91127000e-01 
 7.90000000e-01  1.17500000e+03  7.90000000e-01 -8.52751933e-05  3.13762793e-01  5.03367447e-02  1.00279000e+02  1.13110000e+01  1.37848000e+05 -1.91127000e-01 
 8.00000000e-01  1.17500000e+03  8.00000000e-01 -9.25631357e-05  3.13762793e-01  5.03367447e-02  1.00279000e+02  1.13110000e+01  1.37848000e+05 -1.91127000e-01 
 8.10000000e-01  1.17500000e+03  8.10000000e-01 -1.00041081e-04  3.13762793e-01  5.03367447e-02  1.00279000e+02  1.13110000e+01  1.37848000e+05 -1.91127000e-01 
 8.20000000e-01  1.17500000e+03  8.20000000e-01 -1.07699678e-04  3.13762793e-01  5.03367447e-02  1.00279000e+02  1.13110000e+01  1.37848000e+05 -1.91127000e-01 
 8.30000000e-01  1.17500000e+03  8.30000000e-01 -1.15530223e-04  3.13762793e-01  5.03367447e-02  1.00279000e+02  1.13110000e+01  1.37848000e+05 -1.91127000e-01 
 8.40000000e-01  1.17500000e+03  8.40000000e-01 -1.23524558e-04  3.13762793e-01  5.03367447e-02  1.00279000e+02  1.13110000e+01  1.37848000e+05 -1.91127000e-01 
 8.50000000e-01  1.17500000e+03  8.50000000e-01 -1.31674980e-04  3.13762793e-01  5.03367447e-02  1.00279000e+02  1.13110000e+01  1.37848000e+05 -1.91127000e-01 
 8.60000000e-01  1.17500000e+03  8.60000000e-01 -1.39974177e-04  3.13762793e-01  5.03367447e-02  1.00279000e+02  1.13110000e+01  1.37848000e+05 -1.91127000e-01 
 8.70000000e-01  1.17500000e+03  8.70000000e-01 -1.48415184e-04  3.13762793e-01  5.03367447e-02  1.00279000e+02  1.13110000e+01  1.37848000e+05 -1.91127000e-01 
 8.80000000e-01  1.17500000e+03  8.80000000e-01 -1.56991342e-04  3.13762793e-01  5.03367447e-02  1.00279000e+02  1.13110000e+01  1.37848000e+05 -1.91127000e-01 
 8.90000000e-01  1.17500000e+03  8.90000000e-01 -1.65696272e-04  3.13762793e-01  5.03367447e-02  1.00279000e+02  1.13110000e+01  1.37848000e+05 -1.91127000e-01 
 9.00000000e-01  1.17500000e+03  9.00000000e-01 -1.74523856e-04  3.13762793e-01  5.03367447e-02  1.00279000e+02  1.13110000e+01  1.37848000e+05 -1.91127000e-01 
 9.10000000e-01  1.17500000e+03  9.10000000e-01 -1.83468222e-04  3.13762793e-01  5.03367447e-02  1.00279000e+02  1.13110000e+01  1.37848000e+05 -1.91127000e-01 
 9.20000000e-01  1.17500000e+03  9.20000000e-01 -1.92523731e-04  3.13762793e-01  5.03367447e-02  1.00279000e+02  1.13110000e+01  1.37848000e+05 -1.91127000e-01 
 9.30000000e-01  1.17500000e+03  9.30000000e-01 -2.01684968e-04  3.13762793e-01  5.03367447e-02  1.00279000e+02  1.13110000e+01  1.37848000e+05 -1.91127000e-01 
 9.40000000e-01  1.17500000e+03  9.40000000e-01 -2.10946737e-04  3.13762793e-01  5.03367447e-02  1.00279000e+02  1.13110000e+01  1.37848000e+05 -1.91127000e-01 
 9.50000000e-01  1.17500000e+03  9.50000000e-01 -2.20304051e-04  3.13762793e-01  5.03367447e-02  1.00279000e+02  1.13110000e+01  1.37848000e+05 -1.91127000e-01 
 9.60000000e-01  1.17500000e+03  9.60000000e-01 -2.29752125e-04  3.13762793e-01  5.03367447e-02  1.00279000e+02  1.13110000e+01  1.37848000e+05 -1.91127000e-01 
 9.70000000e-01  1.17500000e+03  9.70000000e-01 -2.39286371e-04  3.13762793e-01  5.03367447e-02  1.00279000e+02  1.13110000e+01  1.37848000e+05 -1.91127000e-01 
 9.80000000e-01  1.17500000e+03  9.80000000e-01 -2.48902396e-04  3.13762793e-01  5.03367447e-02  1.00279000e+02  1.13110000e+01  1.37848000e+05 -1.91127000e-01 
 9.90000000e-01  1.17500000e+03  9.90000000e-01 -2.58595992e-04  3.13762793e-01  5.03367447e-02  1.00279000e+02  1.13110000e+01  1.37848000e+05 -1.91127000e-01 
 1.00000000e+00  1.17500000e+03  1.00000000e+00 -2.68363132e-04  3.13762793e-01  5.03367447e-02  1.00279000e+02  1.13110000e+01  1.37848000e+05 -1.91127000e-01 
 1.01000000e+00  1.17500000e+03  1.01000000e+00 -2.78199963e-04  3.13762793e-01  5.03367447e-02  1.00279000e+02  1.13110000e+01  1.37848000e+05 -1.91127000e-01 
 1.02000000e+00  1.17500000e+03  1.02000000e+00 -2.88102800e-04  3.13762793e-01  5.03367447e-02  1.00279000e+02  1.13110000e+01  1.37848000e+05 -1.91127000e-01 
 1.03000000e+00  1.17500000e+03  1.03000000e+00 -2.98068119e-04  3.13762793e-01  5.03367447e-02  1.00279000e+02  1.13110000e+01  1.37848000e+05 -1.91127000e-01 
 1.04000000e+00  1.17500000e+03  1.04000000e+00 -3.08092553e-04  3.13762793e-01  5.03367447e-02  1.00279000e+02  1.13110000e+01  1.37848000e+05 -1.91127000e-01 
 1.05000000e+00  1.17500000e+03  1.05000000e+00 -3.18172885e-04  3.13762793e-01  5.03367447e-02  1.00279000e+02  1.13110000e+01  1.37848000e+05 -1.91127000e-01 
 1.06000000e+00  1.17500000e+03  1.06000000e+00 -3.28306039e-04  3.13762793e-01  5.03367447e-02  1.00279000e+02  1.13110000e+01  1.37848000e+05 -1.91127000e-01 
 1.07000000e+00  1.17500000e+03  1.07000000e+00 -3.38489078e-04  3.13762793e-01  5.03367447e-02  1.00279000e+02  1.13110000e+01  1.37848000e+05 -1.91127000e-01 
 1.08000000e+00  1.17500000e+03  1.08000000e+00 -3.48719196e-04  3.13762793e-01  5.03367447e-02  1.00279000e+02  1.13110000e+01  1.37848000e+05 -1.91127000e-01 
 1.09000000e+00  1.17500000e+03  1.09000000e+00 -3.58993714e-04  3.13762793e-01  5.03367447e-02  1.00279000e+02  1.13110000e+01  1.37848000e+05 -1.91127000e-01 
 1.10000000e+00  1.17500000e+03  1.10000000e+00 -3.69310072e-04  3.13762793e-01  5.03367447e-02  1.00279000e+02  1.13110000e+01  1.37848000e+05 -1.91127000e-01 
 1.11000000e+00  1.17500000e+03  1.11000000e+00 -3.79665824e-04  3.13762793e-01  5.03367447e-02  1.00279000e+02  1.13110000e+01  1.37848000e+05 -1.91127000e-01 
 1.12000000e+00  1.17500000e+03  1.12000000e+00 -3.90058635e-04  3.13762793e-01  5.03367447e-02  1.00279000e+02  1.13110000e+01  1.37848000e+05 -1.91127000e-01 
 1.13000000e+00  1.17500000e+03  1.13000000e+00 -4.00486273e-04  3.13762793e-01  5.03367447e-02  1.00279000e+02  1.13110000e+01  1.37848000e+05 -1.91127000e-01 
 1.14000000e+00  1.17500000e+03  1.14000000e+00 -4.10946605e-04  3.13762793e-01  5.03367447e-02  1.00279000e+02  1.13110000e+01  1.37848000e+05 -1.91127000e-01 
 1.15000000e+00  1.17500000e+03  1.15000000e+00 -4.21437596e-04  3.13762793e-01  5.03367447e-02  1.00279000e+02  1.13110000e+01  1.37848000e+05 -1.91127000e-01 
 1.16000000e+00  1.17500000e+03  1.16000000e+00 -4.31957297e-04  3.13762793e-01  5.03367447e-02  1.00279000e+02  1.13110000e+01  1.37848000e+05 -1.91127000e-01 
 1.17000000e+00  1.17500000e+03  1.17000000e+00 -4.42503847e-04  3.13762793e-01  5.03367447e-02  1.00279000e+02  1.13110000e+01  1.37848000e+05 -1.91127000e-01 
 1.18000000e+00  1.17500000e+03  1.18000000e+00 -4.53075468e-04  3.13762793e-01  5.03367447e-02  1.00279000e+02  1.13110000e+01  1.37848000e+05 -1.91127000e-01 
 1.19000000e+00  1.17500000e+03  1.19000000e+00 -4.63670458e-04  3.13762793e-01  5.03367447e-02  1.00279000e+02  1.13110000e+01  1.37848000e+05 -1.91127000e-01 
 1.20000000e+00  1.17500000e+03  1.20000000e+00 -4.74287189e-04  3.13762793e-01  5.03367447e-02  1.00279000e+02  1.13110000e+01  1.37848000e+05 -1.91127000e-01 
 1.21000000e+00  1.17500000e+03  1.21000000e+00 -4.84924107e-04  3.13762793e-01  5.03367447e-02  1.00279000e+02  1.13110000e+01  1.37848000e+05 -1.91127000e-01 
 1.22000000e+00  1.17500000e+03  1.22000000e+00 -4.95579721e-04  3.13762793e-01  5.03367447e-02  1.00279000e+02  1.13110000e+01  1.37848000e+05 -1.91127000e-01 
 1.23000000e+00  1.17500000e+03  1.23000000e+00 -5.06252607e-04  3.13762793e-01  5.03367447e-02  1.00279000e+02  1.13110000e+01  1.37848000e+05 -1.91127000e-01 
 1.24000000e+00  1.17500000e+03  1.24000000e+00 -5.16941401e-04  3.13762793e-01  5.03367447e-02  1.00279000e+02  1.13110000e+01  1.37848000e+05 -1.91127000e-01 
 1.25000000e+00  1.17500000e+03  1.25000000e+00 -5.27644797e-04  3.13762793e-01  5.03367447e-02  1.00279000e+02  1.13110000e+01  1.37848000e+05 -1.91127000e-01 
 1.26000000e+00  1.17500000e+03  1.26000000e+00 -5.38361546e-04  3.13762793e-01  5.03367447e-02  1.00279000e+02  1.13110000e+01  1.37848000e+05 -1.91127000e-01 
 1.27000000e+00  1.17500000e+03  1.27000000e+00 -5.49090449e-04  3.13762793e-01  5.03367447e-02  1.00279000e+02  1.13110000e+01  1.37848000e+05 -1.91127000e-01 
 1.28000000e+00  1.17500000e+03  1.28000000e+00 -5.59830359e-04  3.13762793e-01  5.03367447e-02  1.00279000e+02  1.13110000e+01  1.37848000e+05 -1.91127000e-01 
 1.29000000e+00  1.17500000e+03  1.29000000e+00 -5.70580179e-04  3.13762793e-01  5.03367447e-02  1.00279000e+02  1.13110000e+01  1.37848000e+05 -1.91127000e-01 
 1.30000000e+00  1.17500000e+03  1.30000000e+00 -5.81338853e-04  3.13762793e-01  5.03367447e-02  1.00279000e+02  1.13110000e+01  1.37848000e+05 -1.91127000e-01 
 1.31000000e+00  1.17500000e+03  1.31000000e+00 -5.92105373e-04  3.13762793e-01  5.03367447e-02  1.00279000e+02  1.13110000e+01  1.37848000e+05 -1.91127000e-01 
 1.32000000e+00  1.17500000e+03  1.32000000e+00 -6.02878771e-04  3.13762793e-01  5.03367447e-02  1.00279000e+02  1.13110000e+01  1.37848000e+05 -1.91127000e-01 
 1.33000000e+00  1.17500000e+03  1.33000000e+00 -6.13658118e-04  3.13762793e-01  5.03367447e-02  1.00279000e+02  1.13110000e+01  1.37848000e+05 -1.91127000e-01 
 1.34000000e+00  1.17500000e+03  1.34000000e+00 -6.24442525e-04  3.13762793e-01  5.03367447e-02  1.00279000e+02  1.13110000e+01  1.37848000e+05 -1.91127000e-01 
 1.35000000e+00  1.17500000e+03  1.35000000e+00 -6.35231136e-04  3.13762793e-01  5.03367447e-02  1.00279000e+02  1.13110000e+01  1.37848000e+05 -1.91127000e-01 
 1.36000000e+00  1.17500000e+03  1.36000000e+00 -6.46023132e-04  3.13762793e-01  5.03367447e-02  1.00279000e+02  1.13110000e+01  1.37848000e+05 -1.91127000e-01 
 1.37000000e+00  1.17500000e+03  1.37000000e+00 -6.56817727e-04  3.13762793e-01  5.03367447e-02  1.00279000e+02  1.13110000e+01  1.37848000e+05 -1.91127000e-01 
 1.38000000e+00  1.17500000e+03  1.38000000e+00 -6.67614166e-04  3.13762793e-01  5.03367447e-02  1.00279000e+02  1.13110000e+01  1.37848000e+05 -1.91127000e-01 
 1.39000000e+00  1.17500000e+03  1.39000000e+00 -6.78411723e-04  3.13762793e-01  5.03367447e-02  1.00279000e+02  1.13110000e+01  1.37848000e+05 -1.91127000e-01 
 1.40000000e+00  1.17500000e+03  1.40000000e+00 -6.89209704e-04  3.13762793e-01  5.03367447e-02  1.00279000e+02  1.13110000e+01  1.37848000e+05 -1.91127000e-01 
 1.41000000e+00  1.17500000e+03  1.41000000e+00 -7.00007438e-04  3.13762793e-01  5.03367447e-02  1.00279000e+02  1.13110000e+01  1.37848000e+05 -1.91127000e-01 
 1.42000000e+00  1.17500000e+03  1.42000000e+00 -7.10804285e-04  3.13762793e-01  5.03367447e-02  1.00279000e+02  1.13110000e+01  1.37848000e+05 -1.91127000e-01 
 1.43000000e+00  1.17500000e+03  1.43000000e+00 -7.21599627e-04  3.13762793e-01  5.03367447e-02  1.00279000e+02  1.13110000e+01  1.37848000e+05 -1.91127000e-01 
 1.44000000e+00  1.17500000e+03  1.44000000e+00 -7.32392871e-04  3.13762793e-01  5.03367447e-02  1.00279000e+02  1.13110000e+01  1.37848000e+05 -1.91127000e-01 
 1.45000000e+00  1.17500000e+03  1.45000000e+00 -7.43183448e-04  3.13762793e-01  5.03367447e-02  1.00279000e+02  1.13110000e+01  1.37848000e+05 -1.91127000e-01 
 1.46000000e+00  1.17500000e+03  1.46000000e+00 -7.53970810e-04  3.13762793e-01  5.03367447e-02  1.00279000e+02  1.13110000e+01  1.37848000e+05 -1.91127000e-01 
 1.47000000e+00  1.17500000e+03  1.47000000e+00 -7.64754429e-04  3.13762793e-01  5.03367447e-02  1.00279000e+02  1.13110000e+01  1.37848000e+05 -1.91127000e-01 
 1.48000000e+00  1.17500000e+03  1.48000000e+00 -7.75533801e-04  3.13762793e-01  5.03367447e-02  1.00279000e+02  1.13110000e+01  1.37848000e+05 -1.91127000e-01 
 1.49000000e+00  1.17500000e+03  1.49000000e+00 -7.86308438e-04  3.13762793e-01  5.03367447e-02  1.00279000e+02  1.13110000e+01  1.37848000e+05 -1.91127000e-01 
 1.50000000e+00  1.17500000e+03  1.50000000e+00 -7.97077871e-04  3.13762793e-01  5.03367447e-02  1.00279000e+02  1.13110000e+01  1.37848000e+05 -1.91127000e-01 
 1.51000000e+00  1.17500000e+03  1.51000000e+00 -8.07841650e-04  3.13762793e-01  5.03367447e-02  1.00279000e+02  1.13110000e+01  1.37848000e+05 -1.91127000e-01 
 1.52000000e+00  1.17500000e+03  1.52000000e+00 -8.18599342e-04  3.13762793e-01  5.03367447e-02  1.00279000e+02  1.13110000e+01  1.37848000e+05 -1.91127000e-01 
 1.53000000e+00  1.17500000e+03  1.53000000e+00 -8.29350529e-04  3.13762793e-01  5.03367447e-02  1.00279000e+02  1.13110000e+01  1.37848000e+05 -1.91127000e-01 
 1.54000000e+00  1.17500000e+03  1.54000000e+00 -8.40094809e-04  3.13762793e-01  5.03367447e-02  1.00279000e+02  1.13110000e+01  1.37848000e+05 -1.91127000e-01 
 1.55000000e+00  1.17500000e+03  1.55000000e+00 -8.50831797e-04  3.13762793e-01  5.03367447e-02  1.00279000e+02  1.13110000e+01  1.37848000e+05 -1.91127000e-01 
 1.56000000e+00  1.17500000e+03  1.56000000e+00 -8.61561120e-04  3.13762793e-01  5.03367447e-02  1.00279000e+02  1.13110000e+01  1.37848000e+05 -1.91127000e-01 
 1.57000000e+00  1.17500000e+03  1.57000000e+00 -8.72282420e-04  3.13762793e-01  5.03367447e-02  1.00279000e+02  1.13110000e+01  1.37848000e+05 -1.91127000e-01 
 1.58000000e+00  1.17500000e+03  1.58000000e+00 -8.82995352e-04  3.13762793e-01  5.03367447e-02  1.00279000e+02  1.13110000e+01  1.37848000e+05 -1.91127000e-01 
 1.59000000e+00  1.17500000e+03  1.59000000e+00 -8.93699583e-04  3.13762793e-01  5.03367447e-02  1.00279000e+02  1.13110000e+01  1.37848000e+05 -1.91127000e-01 
 1.60000000e+00  1.17500000e+03  1.60000000e+00 -9.04394793e-04  3.13762793e-01  5.03367447e-02  1.00279000e+02  1.13110000e+01  1.37848000e+05 -1.91127000e-01 
 1.61000000e+00  1.17500000e+03  1.61000000e+00 -9.15080675e-04  3.13762793e-01  5.03367447e-02  1.00279000e+02  1.13110000e+01  1.37848000e+05 -1.91127000e-01 
 1.62000000e+00  1.17500000e+03  1.62000000e+00 -9.25756930e-04  3.13762793e-01  5.03367447e-02  1.00279000e+02  1.13110000e+01  1.37848000e+05 -1.91127000e-01 
 1.63000000e+00  1.17500000e+03  1.63000000e+00 -9.36423272e-04  3.13762793e-01  5.03367447e-02  1.00279000e+02  1.13110000e+01  1.37848000e+05 -1.91127000e-01 
 1.64000000e+00  1.17500000e+03  1.64000000e+00 -9.47079426e-04  3.13762793e-01  5.03367447e-02  1.00279000e+02  1.13110000e+01  1.37848000e+05 -1.91127000e-01 
 1.65000000e+00  1.17500000e+03  1.65000000e+00 -9.57725125e-04  3.13762793e-01  5.03367447e-02  1.00279000e+02  1.13110000e+01  1.37848000e+05 -1.91127000e-01 
 1.66000000e+00  1.17500000e+03  1.66000000e+00 -9.68360112e-04  3.13762793e-01  5.03367447e-02  1.00279000e+02  1.13110000e+01  1.37848000e+05 -1.91127000e-01 
 1.67000000e+00  1.17500000e+03  1.67000000e+00 -9.78984140e-04  3.13762793e-01  5.03367447e-02  1.00279000e+02  1.13110000e+01  1.37848000e+05 -1.91127000e-01 
 1.68000000e+00  1.17500000e+03  1.68000000e+00 -9.89596971e-04  3.13762793e-01  5.03367447e-02  1.00279000e+02  1.13110000e+01  1.37848000e+05 -1.91127000e-01 
 1.69000000e+00  1.17500000e+03  1.69000000e+00 -1.00019837e-03  3.13762793e-01  5.03367447e-02  1.00279000e+02  1.13110000e+01  1.37848000e+05 -1.91127000e-01 
 1.70000000e+00  1.17500000e+03  1.70000000e+00 -1.01078813e-03  3.13762793e-01  5.03367447e-02  1.00279000e+02  1.13110000e+01  1.37848000e+05 -1.91127000e-01 
 1.71000000e+00  1.17500000e+03  1.71000000e+00 -1.02136602e-03  3.13762793e-01  5.03367447e-02  1.00279000e+02  1.13110000e+01  1.37848000e+05 -1.91127000e-01 
 1.72000000e+00  1.17500000e+03  1.72000000e+00 -1.03193183e-03  3.13762793e-01  5.03367447e-02  1.00279000e+02  1.13110000e+01  1.37848000e+05 -1.91127000e-01 
 1.73000000e+00  1.17500000e+03  1.73000000e+00 -1.04248538e-03  3.13762793e-01  5.03367447e-02  1.00279000e+02  1.13110000e+01  1.37848000e+05 -1.91127000e-01 
 1.74000000e+00  1.17500000e+03  1.74000000e+00 -1.05302647e-03  3.13762793e-01  5.03367447e-02  1.00279000e+02  1.13110000e+01  1.37848000e+05 -1.91127000e-01 
 1.75000000e+00  1.17500000e+03  1.75000000e+00 -1.06355490e-03  3.13762793e-01  5.03367447e-02  1.00279000e+02  1.13110000e+01  1.37848000e+05 -1.91127000e-01 
 1.76000000e+00  1.17500000e+03  1.76000000e+00 -1.07407051e-03  3.13762793e-01  5.03367447e-02  1.00279000e+02  1.13110000e+01  1.37848000e+05 -1.91127000e-01 
 1.77000000e+00  1.17500000e+03  1.77000000e+00 -1.08457311e-03  3.13762793e-01  5.03367447e-02  1.00279000e+02  1.13110000e+01  1.37848000e+05 -1.91127000e-01 
 1.78000000e+00  1.17500000e+03  1.78000000e+00 -1.09506255e-03  3.13762793e-01  5.03367447e-02  1.00279000e+02  1.13110000e+01  1.37848000e+05 -1.91127000e-01 
 1.79000000e+00  1.17500000e+03  1.79000000e+00 -1.10553865e-03  3.13762793e-01  5.03367447e-02  1.00279000e+02  1.13110000e+01  1.37848000e+05 -1.91127000e-01 
 1.80000000e+00  1.17500000e+03  1.80000000e+00 -1.11600126e-03  3.13762793e-01  5.03367447e-02  1.00279000e+02  1.13110000e+01  1.37848000e+05 -1.91127000e-01 
