 v-sweep         run_num         v(gate)         i(vds)          out_vth0        out_u0          out_rdsw        out_nfactor     out_vsat        out_eta0       
 0.00000000e+00  1.49700000e+03  0.00000000e+00 -1.85137813e-12  2.98827455e-01  4.63539881e-02  1.00279000e+02  1.13110000e+01  1.37848000e+05 -1.91127000e-01 
 1.00000000e-02  1.49700000e+03  1.00000000e-02 -1.85137955e-12  2.98827455e-01  4.63539881e-02  1.00279000e+02  1.13110000e+01  1.37848000e+05 -1.91127000e-01 
 2.00000000e-02  1.49700000e+03  2.00000000e-02 -1.85138290e-12  2.98827455e-01  4.63539881e-02  1.00279000e+02  1.13110000e+01  1.37848000e+05 -1.91127000e-01 
 3.00000000e-02  1.49700000e+03  3.00000000e-02 -1.85138767e-12  2.98827455e-01  4.63539881e-02  1.00279000e+02  1.13110000e+01  1.37848000e+05 -1.91127000e-01 
 4.00000000e-02  1.49700000e+03  4.00000000e-02 -1.85139540e-12  2.98827455e-01  4.63539881e-02  1.00279000e+02  1.13110000e+01  1.37848000e+05 -1.91127000e-01 
 5.00000000e-02  1.49700000e+03  5.00000000e-02 -1.85140792e-12  2.98827455e-01  4.63539881e-02  1.00279000e+02  1.13110000e+01  1.37848000e+05 -1.91127000e-01 
 6.00000000e-02  1.49700000e+03  6.00000000e-02 -1.85142821e-12  2.98827455e-01  4.63539881e-02  1.00279000e+02  1.13110000e+01  1.37848000e+05 -1.91127000e-01 
 7.00000000e-02  1.49700000e+03  7.00000000e-02 -1.85146108e-12  2.98827455e-01  4.63539881e-02  1.00279000e+02  1.13110000e+01  1.37848000e+05 -1.91127000e-01 
 8.00000000e-02  1.49700000e+03  8.00000000e-02 -1.85151433e-12  2.98827455e-01  4.63539881e-02  1.00279000e+02  1.13110000e+01  1.37848000e+05 -1.91127000e-01 
 9.00000000e-02  1.49700000e+03  9.00000000e-02 -1.85160059e-12  2.98827455e-01  4.63539881e-02  1.00279000e+02  1.13110000e+01  1.37848000e+05 -1.91127000e-01 
 1.00000000e-01  1.49700000e+03  1.00000000e-01 -1.85174035e-12  2.98827455e-01  4.63539881e-02  1.00279000e+02  1.13110000e+01  1.37848000e+05 -1.91127000e-01 
 1.10000000e-01  1.49700000e+03  1.10000000e-01 -1.85196676e-12  2.98827455e-01  4.63539881e-02  1.00279000e+02  1.13110000e+01  1.37848000e+05 -1.91127000e-01 
 1.20000000e-01  1.49700000e+03  1.20000000e-01 -1.85233356e-12  2.98827455e-01  4.63539881e-02  1.00279000e+02  1.13110000e+01  1.37848000e+05 -1.91127000e-01 
 1.30000000e-01  1.49700000e+03  1.30000000e-01 -1.85292779e-12  2.98827455e-01  4.63539881e-02  1.00279000e+02  1.13110000e+01  1.37848000e+05 -1.91127000e-01 
 1.40000000e-01  1.49700000e+03  1.40000000e-01 -1.85389047e-12  2.98827455e-01  4.63539881e-02  1.00279000e+02  1.13110000e+01  1.37848000e+05 -1.91127000e-01 
 1.50000000e-01  1.49700000e+03  1.50000000e-01 -1.85545003e-12  2.98827455e-01  4.63539881e-02  1.00279000e+02  1.13110000e+01  1.37848000e+05 -1.91127000e-01 
 1.60000000e-01  1.49700000e+03  1.60000000e-01 -1.85797655e-12  2.98827455e-01  4.63539881e-02  1.00279000e+02  1.13110000e+01  1.37848000e+05 -1.91127000e-01 
 1.70000000e-01  1.49700000e+03  1.70000000e-01 -1.86206955e-12  2.98827455e-01  4.63539881e-02  1.00279000e+02  1.13110000e+01  1.37848000e+05 -1.91127000e-01 
 1.80000000e-01  1.49700000e+03  1.80000000e-01 -1.86870021e-12  2.98827455e-01  4.63539881e-02  1.00279000e+02  1.13110000e+01  1.37848000e+05 -1.91127000e-01 
 1.90000000e-01  1.49700000e+03  1.90000000e-01 -1.87944174e-12  2.98827455e-01  4.63539881e-02  1.00279000e+02  1.13110000e+01  1.37848000e+05 -1.91127000e-01 
 2.00000000e-01  1.49700000e+03  2.00000000e-01 -1.89684260e-12  2.98827455e-01  4.63539881e-02  1.00279000e+02  1.13110000e+01  1.37848000e+05 -1.91127000e-01 
 2.10000000e-01  1.49700000e+03  2.10000000e-01 -1.92503081e-12  2.98827455e-01  4.63539881e-02  1.00279000e+02  1.13110000e+01  1.37848000e+05 -1.91127000e-01 
 2.20000000e-01  1.49700000e+03  2.20000000e-01 -1.97069282e-12  2.98827455e-01  4.63539881e-02  1.00279000e+02  1.13110000e+01  1.37848000e+05 -1.91127000e-01 
 2.30000000e-01  1.49700000e+03  2.30000000e-01 -2.04465858e-12  2.98827455e-01  4.63539881e-02  1.00279000e+02  1.13110000e+01  1.37848000e+05 -1.91127000e-01 
 2.40000000e-01  1.49700000e+03  2.40000000e-01 -2.16446806e-12  2.98827455e-01  4.63539881e-02  1.00279000e+02  1.13110000e+01  1.37848000e+05 -1.91127000e-01 
 2.50000000e-01  1.49700000e+03  2.50000000e-01 -2.35852645e-12  2.98827455e-01  4.63539881e-02  1.00279000e+02  1.13110000e+01  1.37848000e+05 -1.91127000e-01 
 2.60000000e-01  1.49700000e+03  2.60000000e-01 -2.67282991e-12  2.98827455e-01  4.63539881e-02  1.00279000e+02  1.13110000e+01  1.37848000e+05 -1.91127000e-01 
 2.70000000e-01  1.49700000e+03  2.70000000e-01 -3.18184973e-12  2.98827455e-01  4.63539881e-02  1.00279000e+02  1.13110000e+01  1.37848000e+05 -1.91127000e-01 
 2.80000000e-01  1.49700000e+03  2.80000000e-01 -4.00614082e-12  2.98827455e-01  4.63539881e-02  1.00279000e+02  1.13110000e+01  1.37848000e+05 -1.91127000e-01 
 2.90000000e-01  1.49700000e+03  2.90000000e-01 -5.34081767e-12  2.98827455e-01  4.63539881e-02  1.00279000e+02  1.13110000e+01  1.37848000e+05 -1.91127000e-01 
 3.00000000e-01  1.49700000e+03  3.00000000e-01 -7.50158304e-12  2.98827455e-01  4.63539881e-02  1.00279000e+02  1.13110000e+01  1.37848000e+05 -1.91127000e-01 
 3.10000000e-01  1.49700000e+03  3.10000000e-01 -1.09990832e-11  2.98827455e-01  4.63539881e-02  1.00279000e+02  1.13110000e+01  1.37848000e+05 -1.91127000e-01 
 3.20000000e-01  1.49700000e+03  3.20000000e-01 -1.66589290e-11  2.98827455e-01  4.63539881e-02  1.00279000e+02  1.13110000e+01  1.37848000e+05 -1.91127000e-01 
 3.30000000e-01  1.49700000e+03  3.30000000e-01 -2.58152372e-11  2.98827455e-01  4.63539881e-02  1.00279000e+02  1.13110000e+01  1.37848000e+05 -1.91127000e-01 
 3.40000000e-01  1.49700000e+03  3.40000000e-01 -4.06223388e-11  2.98827455e-01  4.63539881e-02  1.00279000e+02  1.13110000e+01  1.37848000e+05 -1.91127000e-01 
 3.50000000e-01  1.49700000e+03  3.50000000e-01 -6.45560079e-11  2.98827455e-01  4.63539881e-02  1.00279000e+02  1.13110000e+01  1.37848000e+05 -1.91127000e-01 
 3.60000000e-01  1.49700000e+03  3.60000000e-01 -1.03217834e-10  2.98827455e-01  4.63539881e-02  1.00279000e+02  1.13110000e+01  1.37848000e+05 -1.91127000e-01 
 3.70000000e-01  1.49700000e+03  3.70000000e-01 -1.65622832e-10  2.98827455e-01  4.63539881e-02  1.00279000e+02  1.13110000e+01  1.37848000e+05 -1.91127000e-01 
 3.80000000e-01  1.49700000e+03  3.80000000e-01 -2.66254101e-10  2.98827455e-01  4.63539881e-02  1.00279000e+02  1.13110000e+01  1.37848000e+05 -1.91127000e-01 
 3.90000000e-01  1.49700000e+03  3.90000000e-01 -4.28328504e-10  2.98827455e-01  4.63539881e-02  1.00279000e+02  1.13110000e+01  1.37848000e+05 -1.91127000e-01 
 4.00000000e-01  1.49700000e+03  4.00000000e-01 -6.88961626e-10  2.98827455e-01  4.63539881e-02  1.00279000e+02  1.13110000e+01  1.37848000e+05 -1.91127000e-01 
 4.10000000e-01  1.49700000e+03  4.10000000e-01 -1.10728685e-09  2.98827455e-01  4.63539881e-02  1.00279000e+02  1.13110000e+01  1.37848000e+05 -1.91127000e-01 
 4.20000000e-01  1.49700000e+03  4.20000000e-01 -1.77712291e-09  2.98827455e-01  4.63539881e-02  1.00279000e+02  1.13110000e+01  1.37848000e+05 -1.91127000e-01 
 4.30000000e-01  1.49700000e+03  4.30000000e-01 -2.84655947e-09  2.98827455e-01  4.63539881e-02  1.00279000e+02  1.13110000e+01  1.37848000e+05 -1.91127000e-01 
 4.40000000e-01  1.49700000e+03  4.40000000e-01 -4.54791287e-09  2.98827455e-01  4.63539881e-02  1.00279000e+02  1.13110000e+01  1.37848000e+05 -1.91127000e-01 
 4.50000000e-01  1.49700000e+03  4.50000000e-01 -7.24297006e-09  2.98827455e-01  4.63539881e-02  1.00279000e+02  1.13110000e+01  1.37848000e+05 -1.91127000e-01 
 4.60000000e-01  1.49700000e+03  4.60000000e-01 -1.14903644e-08  2.98827455e-01  4.63539881e-02  1.00279000e+02  1.13110000e+01  1.37848000e+05 -1.91127000e-01 
 4.70000000e-01  1.49700000e+03  4.70000000e-01 -1.81444105e-08  2.98827455e-01  4.63539881e-02  1.00279000e+02  1.13110000e+01  1.37848000e+05 -1.91127000e-01 
 4.80000000e-01  1.49700000e+03  4.80000000e-01 -2.84979516e-08  2.98827455e-01  4.63539881e-02  1.00279000e+02  1.13110000e+01  1.37848000e+05 -1.91127000e-01 
 4.90000000e-01  1.49700000e+03  4.90000000e-01 -4.44861603e-08  2.98827455e-01  4.63539881e-02  1.00279000e+02  1.13110000e+01  1.37848000e+05 -1.91127000e-01 
 5.00000000e-01  1.49700000e+03  5.00000000e-01 -6.89745285e-08  2.98827455e-01  4.63539881e-02  1.00279000e+02  1.13110000e+01  1.37848000e+05 -1.91127000e-01 
 5.10000000e-01  1.49700000e+03  5.10000000e-01 -1.06163219e-07  2.98827455e-01  4.63539881e-02  1.00279000e+02  1.13110000e+01  1.37848000e+05 -1.91127000e-01 
 5.20000000e-01  1.49700000e+03  5.20000000e-01 -1.62150475e-07  2.98827455e-01  4.63539881e-02  1.00279000e+02  1.13110000e+01  1.37848000e+05 -1.91127000e-01 
 5.30000000e-01  1.49700000e+03  5.30000000e-01 -2.45702831e-07  2.98827455e-01  4.63539881e-02  1.00279000e+02  1.13110000e+01  1.37848000e+05 -1.91127000e-01 
 5.40000000e-01  1.49700000e+03  5.40000000e-01 -3.69260791e-07  2.98827455e-01  4.63539881e-02  1.00279000e+02  1.13110000e+01  1.37848000e+05 -1.91127000e-01 
 5.50000000e-01  1.49700000e+03  5.50000000e-01 -5.50135515e-07  2.98827455e-01  4.63539881e-02  1.00279000e+02  1.13110000e+01  1.37848000e+05 -1.91127000e-01 
 5.60000000e-01  1.49700000e+03  5.60000000e-01 -8.11702027e-07  2.98827455e-01  4.63539881e-02  1.00279000e+02  1.13110000e+01  1.37848000e+05 -1.91127000e-01 
 5.70000000e-01  1.49700000e+03  5.70000000e-01 -1.18419399e-06  2.98827455e-01  4.63539881e-02  1.00279000e+02  1.13110000e+01  1.37848000e+05 -1.91127000e-01 
 5.80000000e-01  1.49700000e+03  5.80000000e-01 -1.70456411e-06  2.98827455e-01  4.63539881e-02  1.00279000e+02  1.13110000e+01  1.37848000e+05 -1.91127000e-01 
 5.90000000e-01  1.49700000e+03  5.90000000e-01 -2.41495270e-06  2.98827455e-01  4.63539881e-02  1.00279000e+02  1.13110000e+01  1.37848000e+05 -1.91127000e-01 
 6.00000000e-01  1.49700000e+03  6.00000000e-01 -3.35968754e-06  2.98827455e-01  4.63539881e-02  1.00279000e+02  1.13110000e+01  1.37848000e+05 -1.91127000e-01 
 6.10000000e-01  1.49700000e+03  6.10000000e-01 -4.58129788e-06  2.98827455e-01  4.63539881e-02  1.00279000e+02  1.13110000e+01  1.37848000e+05 -1.91127000e-01 
 6.20000000e-01  1.49700000e+03  6.20000000e-01 -6.11646821e-06  2.98827455e-01  4.63539881e-02  1.00279000e+02  1.13110000e+01  1.37848000e+05 -1.91127000e-01 
 6.30000000e-01  1.49700000e+03  6.30000000e-01 -7.99291864e-06  2.98827455e-01  4.63539881e-02  1.00279000e+02  1.13110000e+01  1.37848000e+05 -1.91127000e-01 
 6.40000000e-01  1.49700000e+03  6.40000000e-01 -1.02278522e-05  2.98827455e-01  4.63539881e-02  1.00279000e+02  1.13110000e+01  1.37848000e+05 -1.91127000e-01 
 6.50000000e-01  1.49700000e+03  6.50000000e-01 -1.28280678e-05  2.98827455e-01  4.63539881e-02  1.00279000e+02  1.13110000e+01  1.37848000e+05 -1.91127000e-01 
 6.60000000e-01  1.49700000e+03  6.60000000e-01 -1.57913749e-05  2.98827455e-01  4.63539881e-02  1.00279000e+02  1.13110000e+01  1.37848000e+05 -1.91127000e-01 
 6.70000000e-01  1.49700000e+03  6.70000000e-01 -1.91087290e-05  2.98827455e-01  4.63539881e-02  1.00279000e+02  1.13110000e+01  1.37848000e+05 -1.91127000e-01 
 6.80000000e-01  1.49700000e+03  6.80000000e-01 -2.27665254e-05  2.98827455e-01  4.63539881e-02  1.00279000e+02  1.13110000e+01  1.37848000e+05 -1.91127000e-01 
 6.90000000e-01  1.49700000e+03  6.90000000e-01 -2.67486534e-05  2.98827455e-01  4.63539881e-02  1.00279000e+02  1.13110000e+01  1.37848000e+05 -1.91127000e-01 
 7.00000000e-01  1.49700000e+03  7.00000000e-01 -3.10381061e-05  2.98827455e-01  4.63539881e-02  1.00279000e+02  1.13110000e+01  1.37848000e+05 -1.91127000e-01 
 7.10000000e-01  1.49700000e+03  7.10000000e-01 -3.56181028e-05  2.98827455e-01  4.63539881e-02  1.00279000e+02  1.13110000e+01  1.37848000e+05 -1.91127000e-01 
 7.20000000e-01  1.49700000e+03  7.20000000e-01 -4.04727746e-05  2.98827455e-01  4.63539881e-02  1.00279000e+02  1.13110000e+01  1.37848000e+05 -1.91127000e-01 
 7.30000000e-01  1.49700000e+03  7.30000000e-01 -4.55875089e-05  2.98827455e-01  4.63539881e-02  1.00279000e+02  1.13110000e+01  1.37848000e+05 -1.91127000e-01 
 7.40000000e-01  1.49700000e+03  7.40000000e-01 -5.09490559e-05  2.98827455e-01  4.63539881e-02  1.00279000e+02  1.13110000e+01  1.37848000e+05 -1.91127000e-01 
 7.50000000e-01  1.49700000e+03  7.50000000e-01 -5.65454837e-05  2.98827455e-01  4.63539881e-02  1.00279000e+02  1.13110000e+01  1.37848000e+05 -1.91127000e-01 
 7.60000000e-01  1.49700000e+03  7.60000000e-01 -6.23660506e-05  2.98827455e-01  4.63539881e-02  1.00279000e+02  1.13110000e+01  1.37848000e+05 -1.91127000e-01 
 7.70000000e-01  1.49700000e+03  7.70000000e-01 -6.84010419e-05  2.98827455e-01  4.63539881e-02  1.00279000e+02  1.13110000e+01  1.37848000e+05 -1.91127000e-01 
 7.80000000e-01  1.49700000e+03  7.80000000e-01 -7.46416007e-05  2.98827455e-01  4.63539881e-02  1.00279000e+02  1.13110000e+01  1.37848000e+05 -1.91127000e-01 
 7.90000000e-01  1.49700000e+03  7.90000000e-01 -8.10795708e-05  2.98827455e-01  4.63539881e-02  1.00279000e+02  1.13110000e+01  1.37848000e+05 -1.91127000e-01 
 8.00000000e-01  1.49700000e+03  8.00000000e-01 -8.77073604e-05  2.98827455e-01  4.63539881e-02  1.00279000e+02  1.13110000e+01  1.37848000e+05 -1.91127000e-01 
 8.10000000e-01  1.49700000e+03  8.10000000e-01 -9.45178284e-05  2.98827455e-01  4.63539881e-02  1.00279000e+02  1.13110000e+01  1.37848000e+05 -1.91127000e-01 
 8.20000000e-01  1.49700000e+03  8.20000000e-01 -1.01504194e-04  2.98827455e-01  4.63539881e-02  1.00279000e+02  1.13110000e+01  1.37848000e+05 -1.91127000e-01 
 8.30000000e-01  1.49700000e+03  8.30000000e-01 -1.08659969e-04  2.98827455e-01  4.63539881e-02  1.00279000e+02  1.13110000e+01  1.37848000e+05 -1.91127000e-01 
 8.40000000e-01  1.49700000e+03  8.40000000e-01 -1.15978901e-04  2.98827455e-01  4.63539881e-02  1.00279000e+02  1.13110000e+01  1.37848000e+05 -1.91127000e-01 
 8.50000000e-01  1.49700000e+03  8.50000000e-01 -1.23454940e-04  2.98827455e-01  4.63539881e-02  1.00279000e+02  1.13110000e+01  1.37848000e+05 -1.91127000e-01 
 8.60000000e-01  1.49700000e+03  8.60000000e-01 -1.31082211e-04  2.98827455e-01  4.63539881e-02  1.00279000e+02  1.13110000e+01  1.37848000e+05 -1.91127000e-01 
 8.70000000e-01  1.49700000e+03  8.70000000e-01 -1.38854996e-04  2.98827455e-01  4.63539881e-02  1.00279000e+02  1.13110000e+01  1.37848000e+05 -1.91127000e-01 
 8.80000000e-01  1.49700000e+03  8.80000000e-01 -1.46767722e-04  2.98827455e-01  4.63539881e-02  1.00279000e+02  1.13110000e+01  1.37848000e+05 -1.91127000e-01 
 8.90000000e-01  1.49700000e+03  8.90000000e-01 -1.54814956e-04  2.98827455e-01  4.63539881e-02  1.00279000e+02  1.13110000e+01  1.37848000e+05 -1.91127000e-01 
 9.00000000e-01  1.49700000e+03  9.00000000e-01 -1.62991401e-04  2.98827455e-01  4.63539881e-02  1.00279000e+02  1.13110000e+01  1.37848000e+05 -1.91127000e-01 
 9.10000000e-01  1.49700000e+03  9.10000000e-01 -1.71291893e-04  2.98827455e-01  4.63539881e-02  1.00279000e+02  1.13110000e+01  1.37848000e+05 -1.91127000e-01 
 9.20000000e-01  1.49700000e+03  9.20000000e-01 -1.79711406e-04  2.98827455e-01  4.63539881e-02  1.00279000e+02  1.13110000e+01  1.37848000e+05 -1.91127000e-01 
 9.30000000e-01  1.49700000e+03  9.30000000e-01 -1.88245048e-04  2.98827455e-01  4.63539881e-02  1.00279000e+02  1.13110000e+01  1.37848000e+05 -1.91127000e-01 
 9.40000000e-01  1.49700000e+03  9.40000000e-01 -1.96888061e-04  2.98827455e-01  4.63539881e-02  1.00279000e+02  1.13110000e+01  1.37848000e+05 -1.91127000e-01 
 9.50000000e-01  1.49700000e+03  9.50000000e-01 -2.05635829e-04  2.98827455e-01  4.63539881e-02  1.00279000e+02  1.13110000e+01  1.37848000e+05 -1.91127000e-01 
 9.60000000e-01  1.49700000e+03  9.60000000e-01 -2.14483869e-04  2.98827455e-01  4.63539881e-02  1.00279000e+02  1.13110000e+01  1.37848000e+05 -1.91127000e-01 
 9.70000000e-01  1.49700000e+03  9.70000000e-01 -2.23427834e-04  2.98827455e-01  4.63539881e-02  1.00279000e+02  1.13110000e+01  1.37848000e+05 -1.91127000e-01 
 9.80000000e-01  1.49700000e+03  9.80000000e-01 -2.32463519e-04  2.98827455e-01  4.63539881e-02  1.00279000e+02  1.13110000e+01  1.37848000e+05 -1.91127000e-01 
 9.90000000e-01  1.49700000e+03  9.90000000e-01 -2.41586852e-04  2.98827455e-01  4.63539881e-02  1.00279000e+02  1.13110000e+01  1.37848000e+05 -1.91127000e-01 
 1.00000000e+00  1.49700000e+03  1.00000000e+00 -2.50793897e-04  2.98827455e-01  4.63539881e-02  1.00279000e+02  1.13110000e+01  1.37848000e+05 -1.91127000e-01 
 1.01000000e+00  1.49700000e+03  1.01000000e+00 -2.60080854e-04  2.98827455e-01  4.63539881e-02  1.00279000e+02  1.13110000e+01  1.37848000e+05 -1.91127000e-01 
 1.02000000e+00  1.49700000e+03  1.02000000e+00 -2.69444050e-04  2.98827455e-01  4.63539881e-02  1.00279000e+02  1.13110000e+01  1.37848000e+05 -1.91127000e-01 
 1.03000000e+00  1.49700000e+03  1.03000000e+00 -2.78879943e-04  2.98827455e-01  4.63539881e-02  1.00279000e+02  1.13110000e+01  1.37848000e+05 -1.91127000e-01 
 1.04000000e+00  1.49700000e+03  1.04000000e+00 -2.88385116e-04  2.98827455e-01  4.63539881e-02  1.00279000e+02  1.13110000e+01  1.37848000e+05 -1.91127000e-01 
 1.05000000e+00  1.49700000e+03  1.05000000e+00 -2.97956276e-04  2.98827455e-01  4.63539881e-02  1.00279000e+02  1.13110000e+01  1.37848000e+05 -1.91127000e-01 
 1.06000000e+00  1.49700000e+03  1.06000000e+00 -3.07590247e-04  2.98827455e-01  4.63539881e-02  1.00279000e+02  1.13110000e+01  1.37848000e+05 -1.91127000e-01 
 1.07000000e+00  1.49700000e+03  1.07000000e+00 -3.17283971e-04  2.98827455e-01  4.63539881e-02  1.00279000e+02  1.13110000e+01  1.37848000e+05 -1.91127000e-01 
 1.08000000e+00  1.49700000e+03  1.08000000e+00 -3.27034503e-04  2.98827455e-01  4.63539881e-02  1.00279000e+02  1.13110000e+01  1.37848000e+05 -1.91127000e-01 
 1.09000000e+00  1.49700000e+03  1.09000000e+00 -3.36839007e-04  2.98827455e-01  4.63539881e-02  1.00279000e+02  1.13110000e+01  1.37848000e+05 -1.91127000e-01 
 1.10000000e+00  1.49700000e+03  1.10000000e+00 -3.46694753e-04  2.98827455e-01  4.63539881e-02  1.00279000e+02  1.13110000e+01  1.37848000e+05 -1.91127000e-01 
 1.11000000e+00  1.49700000e+03  1.11000000e+00 -3.56599112e-04  2.98827455e-01  4.63539881e-02  1.00279000e+02  1.13110000e+01  1.37848000e+05 -1.91127000e-01 
 1.12000000e+00  1.49700000e+03  1.12000000e+00 -3.66549557e-04  2.98827455e-01  4.63539881e-02  1.00279000e+02  1.13110000e+01  1.37848000e+05 -1.91127000e-01 
 1.13000000e+00  1.49700000e+03  1.13000000e+00 -3.76543653e-04  2.98827455e-01  4.63539881e-02  1.00279000e+02  1.13110000e+01  1.37848000e+05 -1.91127000e-01 
 1.14000000e+00  1.49700000e+03  1.14000000e+00 -3.86579057e-04  2.98827455e-01  4.63539881e-02  1.00279000e+02  1.13110000e+01  1.37848000e+05 -1.91127000e-01 
 1.15000000e+00  1.49700000e+03  1.15000000e+00 -3.96653518e-04  2.98827455e-01  4.63539881e-02  1.00279000e+02  1.13110000e+01  1.37848000e+05 -1.91127000e-01 
 1.16000000e+00  1.49700000e+03  1.16000000e+00 -4.06764867e-04  2.98827455e-01  4.63539881e-02  1.00279000e+02  1.13110000e+01  1.37848000e+05 -1.91127000e-01 
 1.17000000e+00  1.49700000e+03  1.17000000e+00 -4.16911017e-04  2.98827455e-01  4.63539881e-02  1.00279000e+02  1.13110000e+01  1.37848000e+05 -1.91127000e-01 
 1.18000000e+00  1.49700000e+03  1.18000000e+00 -4.27089961e-04  2.98827455e-01  4.63539881e-02  1.00279000e+02  1.13110000e+01  1.37848000e+05 -1.91127000e-01 
 1.19000000e+00  1.49700000e+03  1.19000000e+00 -4.37299768e-04  2.98827455e-01  4.63539881e-02  1.00279000e+02  1.13110000e+01  1.37848000e+05 -1.91127000e-01 
 1.20000000e+00  1.49700000e+03  1.20000000e+00 -4.47538580e-04  2.98827455e-01  4.63539881e-02  1.00279000e+02  1.13110000e+01  1.37848000e+05 -1.91127000e-01 
 1.21000000e+00  1.49700000e+03  1.21000000e+00 -4.57804608e-04  2.98827455e-01  4.63539881e-02  1.00279000e+02  1.13110000e+01  1.37848000e+05 -1.91127000e-01 
 1.22000000e+00  1.49700000e+03  1.22000000e+00 -4.68096131e-04  2.98827455e-01  4.63539881e-02  1.00279000e+02  1.13110000e+01  1.37848000e+05 -1.91127000e-01 
 1.23000000e+00  1.49700000e+03  1.23000000e+00 -4.78411492e-04  2.98827455e-01  4.63539881e-02  1.00279000e+02  1.13110000e+01  1.37848000e+05 -1.91127000e-01 
 1.24000000e+00  1.49700000e+03  1.24000000e+00 -4.88749096e-04  2.98827455e-01  4.63539881e-02  1.00279000e+02  1.13110000e+01  1.37848000e+05 -1.91127000e-01 
 1.25000000e+00  1.49700000e+03  1.25000000e+00 -4.99107410e-04  2.98827455e-01  4.63539881e-02  1.00279000e+02  1.13110000e+01  1.37848000e+05 -1.91127000e-01 
 1.26000000e+00  1.49700000e+03  1.26000000e+00 -5.09484955e-04  2.98827455e-01  4.63539881e-02  1.00279000e+02  1.13110000e+01  1.37848000e+05 -1.91127000e-01 
 1.27000000e+00  1.49700000e+03  1.27000000e+00 -5.19880309e-04  2.98827455e-01  4.63539881e-02  1.00279000e+02  1.13110000e+01  1.37848000e+05 -1.91127000e-01 
 1.28000000e+00  1.49700000e+03  1.28000000e+00 -5.30292101e-04  2.98827455e-01  4.63539881e-02  1.00279000e+02  1.13110000e+01  1.37848000e+05 -1.91127000e-01 
 1.29000000e+00  1.49700000e+03  1.29000000e+00 -5.40719014e-04  2.98827455e-01  4.63539881e-02  1.00279000e+02  1.13110000e+01  1.37848000e+05 -1.91127000e-01 
 1.30000000e+00  1.49700000e+03  1.30000000e+00 -5.51159776e-04  2.98827455e-01  4.63539881e-02  1.00279000e+02  1.13110000e+01  1.37848000e+05 -1.91127000e-01 
 1.31000000e+00  1.49700000e+03  1.31000000e+00 -5.61613164e-04  2.98827455e-01  4.63539881e-02  1.00279000e+02  1.13110000e+01  1.37848000e+05 -1.91127000e-01 
 1.32000000e+00  1.49700000e+03  1.32000000e+00 -5.72077999e-04  2.98827455e-01  4.63539881e-02  1.00279000e+02  1.13110000e+01  1.37848000e+05 -1.91127000e-01 
 1.33000000e+00  1.49700000e+03  1.33000000e+00 -5.82553146e-04  2.98827455e-01  4.63539881e-02  1.00279000e+02  1.13110000e+01  1.37848000e+05 -1.91127000e-01 
 1.34000000e+00  1.49700000e+03  1.34000000e+00 -5.93037510e-04  2.98827455e-01  4.63539881e-02  1.00279000e+02  1.13110000e+01  1.37848000e+05 -1.91127000e-01 
 1.35000000e+00  1.49700000e+03  1.35000000e+00 -6.03530036e-04  2.98827455e-01  4.63539881e-02  1.00279000e+02  1.13110000e+01  1.37848000e+05 -1.91127000e-01 
 1.36000000e+00  1.49700000e+03  1.36000000e+00 -6.14029709e-04  2.98827455e-01  4.63539881e-02  1.00279000e+02  1.13110000e+01  1.37848000e+05 -1.91127000e-01 
 1.37000000e+00  1.49700000e+03  1.37000000e+00 -6.24535548e-04  2.98827455e-01  4.63539881e-02  1.00279000e+02  1.13110000e+01  1.37848000e+05 -1.91127000e-01 
 1.38000000e+00  1.49700000e+03  1.38000000e+00 -6.35046610e-04  2.98827455e-01  4.63539881e-02  1.00279000e+02  1.13110000e+01  1.37848000e+05 -1.91127000e-01 
 1.39000000e+00  1.49700000e+03  1.39000000e+00 -6.45561985e-04  2.98827455e-01  4.63539881e-02  1.00279000e+02  1.13110000e+01  1.37848000e+05 -1.91127000e-01 
 1.40000000e+00  1.49700000e+03  1.40000000e+00 -6.56080794e-04  2.98827455e-01  4.63539881e-02  1.00279000e+02  1.13110000e+01  1.37848000e+05 -1.91127000e-01 
 1.41000000e+00  1.49700000e+03  1.41000000e+00 -6.66602191e-04  2.98827455e-01  4.63539881e-02  1.00279000e+02  1.13110000e+01  1.37848000e+05 -1.91127000e-01 
 1.42000000e+00  1.49700000e+03  1.42000000e+00 -6.77125360e-04  2.98827455e-01  4.63539881e-02  1.00279000e+02  1.13110000e+01  1.37848000e+05 -1.91127000e-01 
 1.43000000e+00  1.49700000e+03  1.43000000e+00 -6.87649513e-04  2.98827455e-01  4.63539881e-02  1.00279000e+02  1.13110000e+01  1.37848000e+05 -1.91127000e-01 
 1.44000000e+00  1.49700000e+03  1.44000000e+00 -6.98173891e-04  2.98827455e-01  4.63539881e-02  1.00279000e+02  1.13110000e+01  1.37848000e+05 -1.91127000e-01 
 1.45000000e+00  1.49700000e+03  1.45000000e+00 -7.08697760e-04  2.98827455e-01  4.63539881e-02  1.00279000e+02  1.13110000e+01  1.37848000e+05 -1.91127000e-01 
 1.46000000e+00  1.49700000e+03  1.46000000e+00 -7.19220415e-04  2.98827455e-01  4.63539881e-02  1.00279000e+02  1.13110000e+01  1.37848000e+05 -1.91127000e-01 
 1.47000000e+00  1.49700000e+03  1.47000000e+00 -7.29741172e-04  2.98827455e-01  4.63539881e-02  1.00279000e+02  1.13110000e+01  1.37848000e+05 -1.91127000e-01 
 1.48000000e+00  1.49700000e+03  1.48000000e+00 -7.40259373e-04  2.98827455e-01  4.63539881e-02  1.00279000e+02  1.13110000e+01  1.37848000e+05 -1.91127000e-01 
 1.49000000e+00  1.49700000e+03  1.49000000e+00 -7.50774382e-04  2.98827455e-01  4.63539881e-02  1.00279000e+02  1.13110000e+01  1.37848000e+05 -1.91127000e-01 
 1.50000000e+00  1.49700000e+03  1.50000000e+00 -7.61285586e-04  2.98827455e-01  4.63539881e-02  1.00279000e+02  1.13110000e+01  1.37848000e+05 -1.91127000e-01 
 1.51000000e+00  1.49700000e+03  1.51000000e+00 -7.71792393e-04  2.98827455e-01  4.63539881e-02  1.00279000e+02  1.13110000e+01  1.37848000e+05 -1.91127000e-01 
 1.52000000e+00  1.49700000e+03  1.52000000e+00 -7.82294230e-04  2.98827455e-01  4.63539881e-02  1.00279000e+02  1.13110000e+01  1.37848000e+05 -1.91127000e-01 
 1.53000000e+00  1.49700000e+03  1.53000000e+00 -7.92790546e-04  2.98827455e-01  4.63539881e-02  1.00279000e+02  1.13110000e+01  1.37848000e+05 -1.91127000e-01 
 1.54000000e+00  1.49700000e+03  1.54000000e+00 -8.03280806e-04  2.98827455e-01  4.63539881e-02  1.00279000e+02  1.13110000e+01  1.37848000e+05 -1.91127000e-01 
 1.55000000e+00  1.49700000e+03  1.55000000e+00 -8.13764497e-04  2.98827455e-01  4.63539881e-02  1.00279000e+02  1.13110000e+01  1.37848000e+05 -1.91127000e-01 
 1.56000000e+00  1.49700000e+03  1.56000000e+00 -8.24241121e-04  2.98827455e-01  4.63539881e-02  1.00279000e+02  1.13110000e+01  1.37848000e+05 -1.91127000e-01 
 1.57000000e+00  1.49700000e+03  1.57000000e+00 -8.34710196e-04  2.98827455e-01  4.63539881e-02  1.00279000e+02  1.13110000e+01  1.37848000e+05 -1.91127000e-01 
 1.58000000e+00  1.49700000e+03  1.58000000e+00 -8.45171259e-04  2.98827455e-01  4.63539881e-02  1.00279000e+02  1.13110000e+01  1.37848000e+05 -1.91127000e-01 
 1.59000000e+00  1.49700000e+03  1.59000000e+00 -8.55623861e-04  2.98827455e-01  4.63539881e-02  1.00279000e+02  1.13110000e+01  1.37848000e+05 -1.91127000e-01 
 1.60000000e+00  1.49700000e+03  1.60000000e+00 -8.66067568e-04  2.98827455e-01  4.63539881e-02  1.00279000e+02  1.13110000e+01  1.37848000e+05 -1.91127000e-01 
 1.61000000e+00  1.49700000e+03  1.61000000e+00 -8.76501962e-04  2.98827455e-01  4.63539881e-02  1.00279000e+02  1.13110000e+01  1.37848000e+05 -1.91127000e-01 
 1.62000000e+00  1.49700000e+03  1.62000000e+00 -8.86926637e-04  2.98827455e-01  4.63539881e-02  1.00279000e+02  1.13110000e+01  1.37848000e+05 -1.91127000e-01 
 1.63000000e+00  1.49700000e+03  1.63000000e+00 -8.97341202e-04  2.98827455e-01  4.63539881e-02  1.00279000e+02  1.13110000e+01  1.37848000e+05 -1.91127000e-01 
 1.64000000e+00  1.49700000e+03  1.64000000e+00 -9.07745279e-04  2.98827455e-01  4.63539881e-02  1.00279000e+02  1.13110000e+01  1.37848000e+05 -1.91127000e-01 
 1.65000000e+00  1.49700000e+03  1.65000000e+00 -9.18138502e-04  2.98827455e-01  4.63539881e-02  1.00279000e+02  1.13110000e+01  1.37848000e+05 -1.91127000e-01 
 1.66000000e+00  1.49700000e+03  1.66000000e+00 -9.28520516e-04  2.98827455e-01  4.63539881e-02  1.00279000e+02  1.13110000e+01  1.37848000e+05 -1.91127000e-01 
 1.67000000e+00  1.49700000e+03  1.67000000e+00 -9.38890980e-04  2.98827455e-01  4.63539881e-02  1.00279000e+02  1.13110000e+01  1.37848000e+05 -1.91127000e-01 
 1.68000000e+00  1.49700000e+03  1.68000000e+00 -9.49249564e-04  2.98827455e-01  4.63539881e-02  1.00279000e+02  1.13110000e+01  1.37848000e+05 -1.91127000e-01 
 1.69000000e+00  1.49700000e+03  1.69000000e+00 -9.59595946e-04  2.98827455e-01  4.63539881e-02  1.00279000e+02  1.13110000e+01  1.37848000e+05 -1.91127000e-01 
 1.70000000e+00  1.49700000e+03  1.70000000e+00 -9.69929818e-04  2.98827455e-01  4.63539881e-02  1.00279000e+02  1.13110000e+01  1.37848000e+05 -1.91127000e-01 
 1.71000000e+00  1.49700000e+03  1.71000000e+00 -9.80250880e-04  2.98827455e-01  4.63539881e-02  1.00279000e+02  1.13110000e+01  1.37848000e+05 -1.91127000e-01 
 1.72000000e+00  1.49700000e+03  1.72000000e+00 -9.90558842e-04  2.98827455e-01  4.63539881e-02  1.00279000e+02  1.13110000e+01  1.37848000e+05 -1.91127000e-01 
 1.73000000e+00  1.49700000e+03  1.73000000e+00 -1.00085342e-03  2.98827455e-01  4.63539881e-02  1.00279000e+02  1.13110000e+01  1.37848000e+05 -1.91127000e-01 
 1.74000000e+00  1.49700000e+03  1.74000000e+00 -1.01113435e-03  2.98827455e-01  4.63539881e-02  1.00279000e+02  1.13110000e+01  1.37848000e+05 -1.91127000e-01 
 1.75000000e+00  1.49700000e+03  1.75000000e+00 -1.02140137e-03  2.98827455e-01  4.63539881e-02  1.00279000e+02  1.13110000e+01  1.37848000e+05 -1.91127000e-01 
 1.76000000e+00  1.49700000e+03  1.76000000e+00 -1.03165422e-03  2.98827455e-01  4.63539881e-02  1.00279000e+02  1.13110000e+01  1.37848000e+05 -1.91127000e-01 
 1.77000000e+00  1.49700000e+03  1.77000000e+00 -1.04189265e-03  2.98827455e-01  4.63539881e-02  1.00279000e+02  1.13110000e+01  1.37848000e+05 -1.91127000e-01 
 1.78000000e+00  1.49700000e+03  1.78000000e+00 -1.05211644e-03  2.98827455e-01  4.63539881e-02  1.00279000e+02  1.13110000e+01  1.37848000e+05 -1.91127000e-01 
 1.79000000e+00  1.49700000e+03  1.79000000e+00 -1.06232534e-03  2.98827455e-01  4.63539881e-02  1.00279000e+02  1.13110000e+01  1.37848000e+05 -1.91127000e-01 
 1.80000000e+00  1.49700000e+03  1.80000000e+00 -1.07251913e-03  2.98827455e-01  4.63539881e-02  1.00279000e+02  1.13110000e+01  1.37848000e+05 -1.91127000e-01 
