 v-sweep         run_num         v(gate)         i(vds)          out_vth0        out_u0          out_rdsw        out_nfactor     out_vsat        out_eta0       
 0.00000000e+00  1.77000000e+03  0.00000000e+00 -1.85137730e-12  3.09215157e-01  4.91240418e-02  1.00279000e+02  1.13110000e+01  1.37848000e+05 -1.91127000e-01 
 1.00000000e-02  1.77000000e+03  1.00000000e-02 -1.85137831e-12  3.09215157e-01  4.91240418e-02  1.00279000e+02  1.13110000e+01  1.37848000e+05 -1.91127000e-01 
 2.00000000e-02  1.77000000e+03  2.00000000e-02 -1.85138071e-12  3.09215157e-01  4.91240418e-02  1.00279000e+02  1.13110000e+01  1.37848000e+05 -1.91127000e-01 
 3.00000000e-02  1.77000000e+03  3.00000000e-02 -1.85138413e-12  3.09215157e-01  4.91240418e-02  1.00279000e+02  1.13110000e+01  1.37848000e+05 -1.91127000e-01 
 4.00000000e-02  1.77000000e+03  4.00000000e-02 -1.85138967e-12  3.09215157e-01  4.91240418e-02  1.00279000e+02  1.13110000e+01  1.37848000e+05 -1.91127000e-01 
 5.00000000e-02  1.77000000e+03  5.00000000e-02 -1.85139865e-12  3.09215157e-01  4.91240418e-02  1.00279000e+02  1.13110000e+01  1.37848000e+05 -1.91127000e-01 
 6.00000000e-02  1.77000000e+03  6.00000000e-02 -1.85141318e-12  3.09215157e-01  4.91240418e-02  1.00279000e+02  1.13110000e+01  1.37848000e+05 -1.91127000e-01 
 7.00000000e-02  1.77000000e+03  7.00000000e-02 -1.85143673e-12  3.09215157e-01  4.91240418e-02  1.00279000e+02  1.13110000e+01  1.37848000e+05 -1.91127000e-01 
 8.00000000e-02  1.77000000e+03  8.00000000e-02 -1.85147489e-12  3.09215157e-01  4.91240418e-02  1.00279000e+02  1.13110000e+01  1.37848000e+05 -1.91127000e-01 
 9.00000000e-02  1.77000000e+03  9.00000000e-02 -1.85153670e-12  3.09215157e-01  4.91240418e-02  1.00279000e+02  1.13110000e+01  1.37848000e+05 -1.91127000e-01 
 1.00000000e-01  1.77000000e+03  1.00000000e-01 -1.85163684e-12  3.09215157e-01  4.91240418e-02  1.00279000e+02  1.13110000e+01  1.37848000e+05 -1.91127000e-01 
 1.10000000e-01  1.77000000e+03  1.10000000e-01 -1.85179907e-12  3.09215157e-01  4.91240418e-02  1.00279000e+02  1.13110000e+01  1.37848000e+05 -1.91127000e-01 
 1.20000000e-01  1.77000000e+03  1.20000000e-01 -1.85206190e-12  3.09215157e-01  4.91240418e-02  1.00279000e+02  1.13110000e+01  1.37848000e+05 -1.91127000e-01 
 1.30000000e-01  1.77000000e+03  1.30000000e-01 -1.85248768e-12  3.09215157e-01  4.91240418e-02  1.00279000e+02  1.13110000e+01  1.37848000e+05 -1.91127000e-01 
 1.40000000e-01  1.77000000e+03  1.40000000e-01 -1.85317747e-12  3.09215157e-01  4.91240418e-02  1.00279000e+02  1.13110000e+01  1.37848000e+05 -1.91127000e-01 
 1.50000000e-01  1.77000000e+03  1.50000000e-01 -1.85429496e-12  3.09215157e-01  4.91240418e-02  1.00279000e+02  1.13110000e+01  1.37848000e+05 -1.91127000e-01 
 1.60000000e-01  1.77000000e+03  1.60000000e-01 -1.85610532e-12  3.09215157e-01  4.91240418e-02  1.00279000e+02  1.13110000e+01  1.37848000e+05 -1.91127000e-01 
 1.70000000e-01  1.77000000e+03  1.70000000e-01 -1.85903815e-12  3.09215157e-01  4.91240418e-02  1.00279000e+02  1.13110000e+01  1.37848000e+05 -1.91127000e-01 
 1.80000000e-01  1.77000000e+03  1.80000000e-01 -1.86378936e-12  3.09215157e-01  4.91240418e-02  1.00279000e+02  1.13110000e+01  1.37848000e+05 -1.91127000e-01 
 1.90000000e-01  1.77000000e+03  1.90000000e-01 -1.87148633e-12  3.09215157e-01  4.91240418e-02  1.00279000e+02  1.13110000e+01  1.37848000e+05 -1.91127000e-01 
 2.00000000e-01  1.77000000e+03  2.00000000e-01 -1.88395528e-12  3.09215157e-01  4.91240418e-02  1.00279000e+02  1.13110000e+01  1.37848000e+05 -1.91127000e-01 
 2.10000000e-01  1.77000000e+03  2.10000000e-01 -1.90415448e-12  3.09215157e-01  4.91240418e-02  1.00279000e+02  1.13110000e+01  1.37848000e+05 -1.91127000e-01 
 2.20000000e-01  1.77000000e+03  2.20000000e-01 -1.93687585e-12  3.09215157e-01  4.91240418e-02  1.00279000e+02  1.13110000e+01  1.37848000e+05 -1.91127000e-01 
 2.30000000e-01  1.77000000e+03  2.30000000e-01 -1.98988117e-12  3.09215157e-01  4.91240418e-02  1.00279000e+02  1.13110000e+01  1.37848000e+05 -1.91127000e-01 
 2.40000000e-01  1.77000000e+03  2.40000000e-01 -2.07574210e-12  3.09215157e-01  4.91240418e-02  1.00279000e+02  1.13110000e+01  1.37848000e+05 -1.91127000e-01 
 2.50000000e-01  1.77000000e+03  2.50000000e-01 -2.21481957e-12  3.09215157e-01  4.91240418e-02  1.00279000e+02  1.13110000e+01  1.37848000e+05 -1.91127000e-01 
 2.60000000e-01  1.77000000e+03  2.60000000e-01 -2.44008723e-12  3.09215157e-01  4.91240418e-02  1.00279000e+02  1.13110000e+01  1.37848000e+05 -1.91127000e-01 
 2.70000000e-01  1.77000000e+03  2.70000000e-01 -2.80493914e-12  3.09215157e-01  4.91240418e-02  1.00279000e+02  1.13110000e+01  1.37848000e+05 -1.91127000e-01 
 2.80000000e-01  1.77000000e+03  2.80000000e-01 -3.39582490e-12  3.09215157e-01  4.91240418e-02  1.00279000e+02  1.13110000e+01  1.37848000e+05 -1.91127000e-01 
 2.90000000e-01  1.77000000e+03  2.90000000e-01 -4.35269097e-12  3.09215157e-01  4.91240418e-02  1.00279000e+02  1.13110000e+01  1.37848000e+05 -1.91127000e-01 
 3.00000000e-01  1.77000000e+03  3.00000000e-01 -5.90203856e-12  3.09215157e-01  4.91240418e-02  1.00279000e+02  1.13110000e+01  1.37848000e+05 -1.91127000e-01 
 3.10000000e-01  1.77000000e+03  3.10000000e-01 -8.41035958e-12  3.09215157e-01  4.91240418e-02  1.00279000e+02  1.13110000e+01  1.37848000e+05 -1.91127000e-01 
 3.20000000e-01  1.77000000e+03  3.20000000e-01 -1.24704600e-11  3.09215157e-01  4.91240418e-02  1.00279000e+02  1.13110000e+01  1.37848000e+05 -1.91127000e-01 
 3.30000000e-01  1.77000000e+03  3.30000000e-01 -1.90408039e-11  3.09215157e-01  4.91240418e-02  1.00279000e+02  1.13110000e+01  1.37848000e+05 -1.91127000e-01 
 3.40000000e-01  1.77000000e+03  3.40000000e-01 -2.96702239e-11  3.09215157e-01  4.91240418e-02  1.00279000e+02  1.13110000e+01  1.37848000e+05 -1.91127000e-01 
 3.50000000e-01  1.77000000e+03  3.50000000e-01 -4.68598485e-11  3.09215157e-01  4.91240418e-02  1.00279000e+02  1.13110000e+01  1.37848000e+05 -1.91127000e-01 
 3.60000000e-01  1.77000000e+03  3.60000000e-01 -7.46451223e-11  3.09215157e-01  4.91240418e-02  1.00279000e+02  1.13110000e+01  1.37848000e+05 -1.91127000e-01 
 3.70000000e-01  1.77000000e+03  3.70000000e-01 -1.19529912e-10  3.09215157e-01  4.91240418e-02  1.00279000e+02  1.13110000e+01  1.37848000e+05 -1.91127000e-01 
 3.80000000e-01  1.77000000e+03  3.80000000e-01 -1.91981949e-10  3.09215157e-01  4.91240418e-02  1.00279000e+02  1.13110000e+01  1.37848000e+05 -1.91127000e-01 
 3.90000000e-01  1.77000000e+03  3.90000000e-01 -3.08819442e-10  3.09215157e-01  4.91240418e-02  1.00279000e+02  1.13110000e+01  1.37848000e+05 -1.91127000e-01 
 4.00000000e-01  1.77000000e+03  4.00000000e-01 -4.97004999e-10  3.09215157e-01  4.91240418e-02  1.00279000e+02  1.13110000e+01  1.37848000e+05 -1.91127000e-01 
 4.10000000e-01  1.77000000e+03  4.10000000e-01 -7.99647233e-10  3.09215157e-01  4.91240418e-02  1.00279000e+02  1.13110000e+01  1.37848000e+05 -1.91127000e-01 
 4.20000000e-01  1.77000000e+03  4.20000000e-01 -1.28543734e-09  3.09215157e-01  4.91240418e-02  1.00279000e+02  1.13110000e+01  1.37848000e+05 -1.91127000e-01 
 4.30000000e-01  1.77000000e+03  4.30000000e-01 -2.06337650e-09  3.09215157e-01  4.91240418e-02  1.00279000e+02  1.13110000e+01  1.37848000e+05 -1.91127000e-01 
 4.40000000e-01  1.77000000e+03  4.40000000e-01 -3.30555399e-09  3.09215157e-01  4.91240418e-02  1.00279000e+02  1.13110000e+01  1.37848000e+05 -1.91127000e-01 
 4.50000000e-01  1.77000000e+03  4.50000000e-01 -5.28199895e-09  3.09215157e-01  4.91240418e-02  1.00279000e+02  1.13110000e+01  1.37848000e+05 -1.91127000e-01 
 4.60000000e-01  1.77000000e+03  4.60000000e-01 -8.41334009e-09  3.09215157e-01  4.91240418e-02  1.00279000e+02  1.13110000e+01  1.37848000e+05 -1.91127000e-01 
 4.70000000e-01  1.77000000e+03  4.70000000e-01 -1.33492543e-08  3.09215157e-01  4.91240418e-02  1.00279000e+02  1.13110000e+01  1.37848000e+05 -1.91127000e-01 
 4.80000000e-01  1.77000000e+03  4.80000000e-01 -2.10835757e-08  3.09215157e-01  4.91240418e-02  1.00279000e+02  1.13110000e+01  1.37848000e+05 -1.91127000e-01 
 4.90000000e-01  1.77000000e+03  4.90000000e-01 -3.31206741e-08  3.09215157e-01  4.91240418e-02  1.00279000e+02  1.13110000e+01  1.37848000e+05 -1.91127000e-01 
 5.00000000e-01  1.77000000e+03  5.00000000e-01 -5.17127515e-08  3.09215157e-01  4.91240418e-02  1.00279000e+02  1.13110000e+01  1.37848000e+05 -1.91127000e-01 
 5.10000000e-01  1.77000000e+03  5.10000000e-01 -8.01948859e-08  3.09215157e-01  4.91240418e-02  1.00279000e+02  1.13110000e+01  1.37848000e+05 -1.91127000e-01 
 5.20000000e-01  1.77000000e+03  5.20000000e-01 -1.23454802e-07  3.09215157e-01  4.91240418e-02  1.00279000e+02  1.13110000e+01  1.37848000e+05 -1.91127000e-01 
 5.30000000e-01  1.77000000e+03  5.30000000e-01 -1.88586306e-07  3.09215157e-01  4.91240418e-02  1.00279000e+02  1.13110000e+01  1.37848000e+05 -1.91127000e-01 
 5.40000000e-01  1.77000000e+03  5.40000000e-01 -2.85781042e-07  3.09215157e-01  4.91240418e-02  1.00279000e+02  1.13110000e+01  1.37848000e+05 -1.91127000e-01 
 5.50000000e-01  1.77000000e+03  5.50000000e-01 -4.29491304e-07  3.09215157e-01  4.91240418e-02  1.00279000e+02  1.13110000e+01  1.37848000e+05 -1.91127000e-01 
 5.60000000e-01  1.77000000e+03  5.60000000e-01 -6.39812089e-07  3.09215157e-01  4.91240418e-02  1.00279000e+02  1.13110000e+01  1.37848000e+05 -1.91127000e-01 
 5.70000000e-01  1.77000000e+03  5.70000000e-01 -9.43856043e-07  3.09215157e-01  4.91240418e-02  1.00279000e+02  1.13110000e+01  1.37848000e+05 -1.91127000e-01 
 5.80000000e-01  1.77000000e+03  5.80000000e-01 -1.37665960e-06  3.09215157e-01  4.91240418e-02  1.00279000e+02  1.13110000e+01  1.37848000e+05 -1.91127000e-01 
 5.90000000e-01  1.77000000e+03  5.90000000e-01 -1.98099028e-06  3.09215157e-01  4.91240418e-02  1.00279000e+02  1.13110000e+01  1.37848000e+05 -1.91127000e-01 
 6.00000000e-01  1.77000000e+03  6.00000000e-01 -2.80551382e-06  3.09215157e-01  4.91240418e-02  1.00279000e+02  1.13110000e+01  1.37848000e+05 -1.91127000e-01 
 6.10000000e-01  1.77000000e+03  6.10000000e-01 -3.90122688e-06  3.09215157e-01  4.91240418e-02  1.00279000e+02  1.13110000e+01  1.37848000e+05 -1.91127000e-01 
 6.20000000e-01  1.77000000e+03  6.20000000e-01 -5.31672740e-06  3.09215157e-01  4.91240418e-02  1.00279000e+02  1.13110000e+01  1.37848000e+05 -1.91127000e-01 
 6.30000000e-01  1.77000000e+03  6.30000000e-01 -7.09342567e-06  3.09215157e-01  4.91240418e-02  1.00279000e+02  1.13110000e+01  1.37848000e+05 -1.91127000e-01 
 6.40000000e-01  1.77000000e+03  6.40000000e-01 -9.26187685e-06  3.09215157e-01  4.91240418e-02  1.00279000e+02  1.13110000e+01  1.37848000e+05 -1.91127000e-01 
 6.50000000e-01  1.77000000e+03  6.50000000e-01 -1.18400006e-05  3.09215157e-01  4.91240418e-02  1.00279000e+02  1.13110000e+01  1.37848000e+05 -1.91127000e-01 
 6.60000000e-01  1.77000000e+03  6.60000000e-01 -1.48333002e-05  3.09215157e-01  4.91240418e-02  1.00279000e+02  1.13110000e+01  1.37848000e+05 -1.91127000e-01 
 6.70000000e-01  1.77000000e+03  6.70000000e-01 -1.82366369e-05  3.09215157e-01  4.91240418e-02  1.00279000e+02  1.13110000e+01  1.37848000e+05 -1.91127000e-01 
 6.80000000e-01  1.77000000e+03  6.80000000e-01 -2.20368505e-05  3.09215157e-01  4.91240418e-02  1.00279000e+02  1.13110000e+01  1.37848000e+05 -1.91127000e-01 
 6.90000000e-01  1.77000000e+03  6.90000000e-01 -2.62155481e-05  3.09215157e-01  4.91240418e-02  1.00279000e+02  1.13110000e+01  1.37848000e+05 -1.91127000e-01 
 7.00000000e-01  1.77000000e+03  7.00000000e-01 -3.07515815e-05  3.09215157e-01  4.91240418e-02  1.00279000e+02  1.13110000e+01  1.37848000e+05 -1.91127000e-01 
 7.10000000e-01  1.77000000e+03  7.10000000e-01 -3.56229742e-05  3.09215157e-01  4.91240418e-02  1.00279000e+02  1.13110000e+01  1.37848000e+05 -1.91127000e-01 
 7.20000000e-01  1.77000000e+03  7.20000000e-01 -4.08082504e-05  3.09215157e-01  4.91240418e-02  1.00279000e+02  1.13110000e+01  1.37848000e+05 -1.91127000e-01 
 7.30000000e-01  1.77000000e+03  7.30000000e-01 -4.62872339e-05  3.09215157e-01  4.91240418e-02  1.00279000e+02  1.13110000e+01  1.37848000e+05 -1.91127000e-01 
 7.40000000e-01  1.77000000e+03  7.40000000e-01 -5.20414393e-05  3.09215157e-01  4.91240418e-02  1.00279000e+02  1.13110000e+01  1.37848000e+05 -1.91127000e-01 
 7.50000000e-01  1.77000000e+03  7.50000000e-01 -5.80541771e-05  3.09215157e-01  4.91240418e-02  1.00279000e+02  1.13110000e+01  1.37848000e+05 -1.91127000e-01 
 7.60000000e-01  1.77000000e+03  7.60000000e-01 -6.43104830e-05  3.09215157e-01  4.91240418e-02  1.00279000e+02  1.13110000e+01  1.37848000e+05 -1.91127000e-01 
 7.70000000e-01  1.77000000e+03  7.70000000e-01 -7.07969512e-05  3.09215157e-01  4.91240418e-02  1.00279000e+02  1.13110000e+01  1.37848000e+05 -1.91127000e-01 
 7.80000000e-01  1.77000000e+03  7.80000000e-01 -7.75015278e-05  3.09215157e-01  4.91240418e-02  1.00279000e+02  1.13110000e+01  1.37848000e+05 -1.91127000e-01 
 7.90000000e-01  1.77000000e+03  7.90000000e-01 -8.44133009e-05  3.09215157e-01  4.91240418e-02  1.00279000e+02  1.13110000e+01  1.37848000e+05 -1.91127000e-01 
 8.00000000e-01  1.77000000e+03  8.00000000e-01 -9.15223061e-05  3.09215157e-01  4.91240418e-02  1.00279000e+02  1.13110000e+01  1.37848000e+05 -1.91127000e-01 
 8.10000000e-01  1.77000000e+03  8.10000000e-01 -9.88193576e-05  3.09215157e-01  4.91240418e-02  1.00279000e+02  1.13110000e+01  1.37848000e+05 -1.91127000e-01 
 8.20000000e-01  1.77000000e+03  8.20000000e-01 -1.06295908e-04  3.09215157e-01  4.91240418e-02  1.00279000e+02  1.13110000e+01  1.37848000e+05 -1.91127000e-01 
 8.30000000e-01  1.77000000e+03  8.30000000e-01 -1.13943936e-04  3.09215157e-01  4.91240418e-02  1.00279000e+02  1.13110000e+01  1.37848000e+05 -1.91127000e-01 
 8.40000000e-01  1.77000000e+03  8.40000000e-01 -1.21755857e-04  3.09215157e-01  4.91240418e-02  1.00279000e+02  1.13110000e+01  1.37848000e+05 -1.91127000e-01 
 8.50000000e-01  1.77000000e+03  8.50000000e-01 -1.29724458e-04  3.09215157e-01  4.91240418e-02  1.00279000e+02  1.13110000e+01  1.37848000e+05 -1.91127000e-01 
 8.60000000e-01  1.77000000e+03  8.60000000e-01 -1.37842842e-04  3.09215157e-01  4.91240418e-02  1.00279000e+02  1.13110000e+01  1.37848000e+05 -1.91127000e-01 
 8.70000000e-01  1.77000000e+03  8.70000000e-01 -1.46104397e-04  3.09215157e-01  4.91240418e-02  1.00279000e+02  1.13110000e+01  1.37848000e+05 -1.91127000e-01 
 8.80000000e-01  1.77000000e+03  8.80000000e-01 -1.54502765e-04  3.09215157e-01  4.91240418e-02  1.00279000e+02  1.13110000e+01  1.37848000e+05 -1.91127000e-01 
 8.90000000e-01  1.77000000e+03  8.90000000e-01 -1.63031823e-04  3.09215157e-01  4.91240418e-02  1.00279000e+02  1.13110000e+01  1.37848000e+05 -1.91127000e-01 
 9.00000000e-01  1.77000000e+03  9.00000000e-01 -1.71685670e-04  3.09215157e-01  4.91240418e-02  1.00279000e+02  1.13110000e+01  1.37848000e+05 -1.91127000e-01 
 9.10000000e-01  1.77000000e+03  9.10000000e-01 -1.80458618e-04  3.09215157e-01  4.91240418e-02  1.00279000e+02  1.13110000e+01  1.37848000e+05 -1.91127000e-01 
 9.20000000e-01  1.77000000e+03  9.20000000e-01 -1.89345179e-04  3.09215157e-01  4.91240418e-02  1.00279000e+02  1.13110000e+01  1.37848000e+05 -1.91127000e-01 
 9.30000000e-01  1.77000000e+03  9.30000000e-01 -1.98340069e-04  3.09215157e-01  4.91240418e-02  1.00279000e+02  1.13110000e+01  1.37848000e+05 -1.91127000e-01 
 9.40000000e-01  1.77000000e+03  9.40000000e-01 -2.07438192e-04  3.09215157e-01  4.91240418e-02  1.00279000e+02  1.13110000e+01  1.37848000e+05 -1.91127000e-01 
 9.50000000e-01  1.77000000e+03  9.50000000e-01 -2.16634645e-04  3.09215157e-01  4.91240418e-02  1.00279000e+02  1.13110000e+01  1.37848000e+05 -1.91127000e-01 
 9.60000000e-01  1.77000000e+03  9.60000000e-01 -2.25924708e-04  3.09215157e-01  4.91240418e-02  1.00279000e+02  1.13110000e+01  1.37848000e+05 -1.91127000e-01 
 9.70000000e-01  1.77000000e+03  9.70000000e-01 -2.35303841e-04  3.09215157e-01  4.91240418e-02  1.00279000e+02  1.13110000e+01  1.37848000e+05 -1.91127000e-01 
 9.80000000e-01  1.77000000e+03  9.80000000e-01 -2.44767683e-04  3.09215157e-01  4.91240418e-02  1.00279000e+02  1.13110000e+01  1.37848000e+05 -1.91127000e-01 
 9.90000000e-01  1.77000000e+03  9.90000000e-01 -2.54312047e-04  3.09215157e-01  4.91240418e-02  1.00279000e+02  1.13110000e+01  1.37848000e+05 -1.91127000e-01 
 1.00000000e+00  1.77000000e+03  1.00000000e+00 -2.63932911e-04  3.09215157e-01  4.91240418e-02  1.00279000e+02  1.13110000e+01  1.37848000e+05 -1.91127000e-01 
 1.01000000e+00  1.77000000e+03  1.01000000e+00 -2.73626420e-04  3.09215157e-01  4.91240418e-02  1.00279000e+02  1.13110000e+01  1.37848000e+05 -1.91127000e-01 
 1.02000000e+00  1.77000000e+03  1.02000000e+00 -2.83388876e-04  3.09215157e-01  4.91240418e-02  1.00279000e+02  1.13110000e+01  1.37848000e+05 -1.91127000e-01 
 1.03000000e+00  1.77000000e+03  1.03000000e+00 -2.93216736e-04  3.09215157e-01  4.91240418e-02  1.00279000e+02  1.13110000e+01  1.37848000e+05 -1.91127000e-01 
 1.04000000e+00  1.77000000e+03  1.04000000e+00 -3.03106602e-04  3.09215157e-01  4.91240418e-02  1.00279000e+02  1.13110000e+01  1.37848000e+05 -1.91127000e-01 
 1.05000000e+00  1.77000000e+03  1.05000000e+00 -3.13055221e-04  3.09215157e-01  4.91240418e-02  1.00279000e+02  1.13110000e+01  1.37848000e+05 -1.91127000e-01 
 1.06000000e+00  1.77000000e+03  1.06000000e+00 -3.23059479e-04  3.09215157e-01  4.91240418e-02  1.00279000e+02  1.13110000e+01  1.37848000e+05 -1.91127000e-01 
 1.07000000e+00  1.77000000e+03  1.07000000e+00 -3.33116391e-04  3.09215157e-01  4.91240418e-02  1.00279000e+02  1.13110000e+01  1.37848000e+05 -1.91127000e-01 
 1.08000000e+00  1.77000000e+03  1.08000000e+00 -3.43223102e-04  3.09215157e-01  4.91240418e-02  1.00279000e+02  1.13110000e+01  1.37848000e+05 -1.91127000e-01 
 1.09000000e+00  1.77000000e+03  1.09000000e+00 -3.53376878e-04  3.09215157e-01  4.91240418e-02  1.00279000e+02  1.13110000e+01  1.37848000e+05 -1.91127000e-01 
 1.10000000e+00  1.77000000e+03  1.10000000e+00 -3.63575100e-04  3.09215157e-01  4.91240418e-02  1.00279000e+02  1.13110000e+01  1.37848000e+05 -1.91127000e-01 
 1.11000000e+00  1.77000000e+03  1.11000000e+00 -3.73815266e-04  3.09215157e-01  4.91240418e-02  1.00279000e+02  1.13110000e+01  1.37848000e+05 -1.91127000e-01 
 1.12000000e+00  1.77000000e+03  1.12000000e+00 -3.84094975e-04  3.09215157e-01  4.91240418e-02  1.00279000e+02  1.13110000e+01  1.37848000e+05 -1.91127000e-01 
 1.13000000e+00  1.77000000e+03  1.13000000e+00 -3.94411933e-04  3.09215157e-01  4.91240418e-02  1.00279000e+02  1.13110000e+01  1.37848000e+05 -1.91127000e-01 
 1.14000000e+00  1.77000000e+03  1.14000000e+00 -4.04763942e-04  3.09215157e-01  4.91240418e-02  1.00279000e+02  1.13110000e+01  1.37848000e+05 -1.91127000e-01 
 1.15000000e+00  1.77000000e+03  1.15000000e+00 -4.15148899e-04  3.09215157e-01  4.91240418e-02  1.00279000e+02  1.13110000e+01  1.37848000e+05 -1.91127000e-01 
 1.16000000e+00  1.77000000e+03  1.16000000e+00 -4.25564790e-04  3.09215157e-01  4.91240418e-02  1.00279000e+02  1.13110000e+01  1.37848000e+05 -1.91127000e-01 
 1.17000000e+00  1.77000000e+03  1.17000000e+00 -4.36009684e-04  3.09215157e-01  4.91240418e-02  1.00279000e+02  1.13110000e+01  1.37848000e+05 -1.91127000e-01 
 1.18000000e+00  1.77000000e+03  1.18000000e+00 -4.46481735e-04  3.09215157e-01  4.91240418e-02  1.00279000e+02  1.13110000e+01  1.37848000e+05 -1.91127000e-01 
 1.19000000e+00  1.77000000e+03  1.19000000e+00 -4.56979174e-04  3.09215157e-01  4.91240418e-02  1.00279000e+02  1.13110000e+01  1.37848000e+05 -1.91127000e-01 
 1.20000000e+00  1.77000000e+03  1.20000000e+00 -4.67500305e-04  3.09215157e-01  4.91240418e-02  1.00279000e+02  1.13110000e+01  1.37848000e+05 -1.91127000e-01 
 1.21000000e+00  1.77000000e+03  1.21000000e+00 -4.78043504e-04  3.09215157e-01  4.91240418e-02  1.00279000e+02  1.13110000e+01  1.37848000e+05 -1.91127000e-01 
 1.22000000e+00  1.77000000e+03  1.22000000e+00 -4.88607216e-04  3.09215157e-01  4.91240418e-02  1.00279000e+02  1.13110000e+01  1.37848000e+05 -1.91127000e-01 
 1.23000000e+00  1.77000000e+03  1.23000000e+00 -4.99189946e-04  3.09215157e-01  4.91240418e-02  1.00279000e+02  1.13110000e+01  1.37848000e+05 -1.91127000e-01 
 1.24000000e+00  1.77000000e+03  1.24000000e+00 -5.09790267e-04  3.09215157e-01  4.91240418e-02  1.00279000e+02  1.13110000e+01  1.37848000e+05 -1.91127000e-01 
 1.25000000e+00  1.77000000e+03  1.25000000e+00 -5.20406807e-04  3.09215157e-01  4.91240418e-02  1.00279000e+02  1.13110000e+01  1.37848000e+05 -1.91127000e-01 
 1.26000000e+00  1.77000000e+03  1.26000000e+00 -5.31038250e-04  3.09215157e-01  4.91240418e-02  1.00279000e+02  1.13110000e+01  1.37848000e+05 -1.91127000e-01 
 1.27000000e+00  1.77000000e+03  1.27000000e+00 -5.41683336e-04  3.09215157e-01  4.91240418e-02  1.00279000e+02  1.13110000e+01  1.37848000e+05 -1.91127000e-01 
 1.28000000e+00  1.77000000e+03  1.28000000e+00 -5.52340855e-04  3.09215157e-01  4.91240418e-02  1.00279000e+02  1.13110000e+01  1.37848000e+05 -1.91127000e-01 
 1.29000000e+00  1.77000000e+03  1.29000000e+00 -5.63009646e-04  3.09215157e-01  4.91240418e-02  1.00279000e+02  1.13110000e+01  1.37848000e+05 -1.91127000e-01 
 1.30000000e+00  1.77000000e+03  1.30000000e+00 -5.73688594e-04  3.09215157e-01  4.91240418e-02  1.00279000e+02  1.13110000e+01  1.37848000e+05 -1.91127000e-01 
 1.31000000e+00  1.77000000e+03  1.31000000e+00 -5.84376630e-04  3.09215157e-01  4.91240418e-02  1.00279000e+02  1.13110000e+01  1.37848000e+05 -1.91127000e-01 
 1.32000000e+00  1.77000000e+03  1.32000000e+00 -5.95072728e-04  3.09215157e-01  4.91240418e-02  1.00279000e+02  1.13110000e+01  1.37848000e+05 -1.91127000e-01 
 1.33000000e+00  1.77000000e+03  1.33000000e+00 -6.05775902e-04  3.09215157e-01  4.91240418e-02  1.00279000e+02  1.13110000e+01  1.37848000e+05 -1.91127000e-01 
 1.34000000e+00  1.77000000e+03  1.34000000e+00 -6.16485206e-04  3.09215157e-01  4.91240418e-02  1.00279000e+02  1.13110000e+01  1.37848000e+05 -1.91127000e-01 
 1.35000000e+00  1.77000000e+03  1.35000000e+00 -6.27199728e-04  3.09215157e-01  4.91240418e-02  1.00279000e+02  1.13110000e+01  1.37848000e+05 -1.91127000e-01 
 1.36000000e+00  1.77000000e+03  1.36000000e+00 -6.37918597e-04  3.09215157e-01  4.91240418e-02  1.00279000e+02  1.13110000e+01  1.37848000e+05 -1.91127000e-01 
 1.37000000e+00  1.77000000e+03  1.37000000e+00 -6.48640973e-04  3.09215157e-01  4.91240418e-02  1.00279000e+02  1.13110000e+01  1.37848000e+05 -1.91127000e-01 
 1.38000000e+00  1.77000000e+03  1.38000000e+00 -6.59366048e-04  3.09215157e-01  4.91240418e-02  1.00279000e+02  1.13110000e+01  1.37848000e+05 -1.91127000e-01 
 1.39000000e+00  1.77000000e+03  1.39000000e+00 -6.70093047e-04  3.09215157e-01  4.91240418e-02  1.00279000e+02  1.13110000e+01  1.37848000e+05 -1.91127000e-01 
 1.40000000e+00  1.77000000e+03  1.40000000e+00 -6.80821225e-04  3.09215157e-01  4.91240418e-02  1.00279000e+02  1.13110000e+01  1.37848000e+05 -1.91127000e-01 
 1.41000000e+00  1.77000000e+03  1.41000000e+00 -6.91549865e-04  3.09215157e-01  4.91240418e-02  1.00279000e+02  1.13110000e+01  1.37848000e+05 -1.91127000e-01 
 1.42000000e+00  1.77000000e+03  1.42000000e+00 -7.02278276e-04  3.09215157e-01  4.91240418e-02  1.00279000e+02  1.13110000e+01  1.37848000e+05 -1.91127000e-01 
 1.43000000e+00  1.77000000e+03  1.43000000e+00 -7.13005797e-04  3.09215157e-01  4.91240418e-02  1.00279000e+02  1.13110000e+01  1.37848000e+05 -1.91127000e-01 
 1.44000000e+00  1.77000000e+03  1.44000000e+00 -7.23731789e-04  3.09215157e-01  4.91240418e-02  1.00279000e+02  1.13110000e+01  1.37848000e+05 -1.91127000e-01 
 1.45000000e+00  1.77000000e+03  1.45000000e+00 -7.34455639e-04  3.09215157e-01  4.91240418e-02  1.00279000e+02  1.13110000e+01  1.37848000e+05 -1.91127000e-01 
 1.46000000e+00  1.77000000e+03  1.46000000e+00 -7.45176755e-04  3.09215157e-01  4.91240418e-02  1.00279000e+02  1.13110000e+01  1.37848000e+05 -1.91127000e-01 
 1.47000000e+00  1.77000000e+03  1.47000000e+00 -7.55894569e-04  3.09215157e-01  4.91240418e-02  1.00279000e+02  1.13110000e+01  1.37848000e+05 -1.91127000e-01 
 1.48000000e+00  1.77000000e+03  1.48000000e+00 -7.66608535e-04  3.09215157e-01  4.91240418e-02  1.00279000e+02  1.13110000e+01  1.37848000e+05 -1.91127000e-01 
 1.49000000e+00  1.77000000e+03  1.49000000e+00 -7.77318124e-04  3.09215157e-01  4.91240418e-02  1.00279000e+02  1.13110000e+01  1.37848000e+05 -1.91127000e-01 
 1.50000000e+00  1.77000000e+03  1.50000000e+00 -7.88022831e-04  3.09215157e-01  4.91240418e-02  1.00279000e+02  1.13110000e+01  1.37848000e+05 -1.91127000e-01 
 1.51000000e+00  1.77000000e+03  1.51000000e+00 -7.98722166e-04  3.09215157e-01  4.91240418e-02  1.00279000e+02  1.13110000e+01  1.37848000e+05 -1.91127000e-01 
 1.52000000e+00  1.77000000e+03  1.52000000e+00 -8.09415659e-04  3.09215157e-01  4.91240418e-02  1.00279000e+02  1.13110000e+01  1.37848000e+05 -1.91127000e-01 
 1.53000000e+00  1.77000000e+03  1.53000000e+00 -8.20102857e-04  3.09215157e-01  4.91240418e-02  1.00279000e+02  1.13110000e+01  1.37848000e+05 -1.91127000e-01 
 1.54000000e+00  1.77000000e+03  1.54000000e+00 -8.30783322e-04  3.09215157e-01  4.91240418e-02  1.00279000e+02  1.13110000e+01  1.37848000e+05 -1.91127000e-01 
 1.55000000e+00  1.77000000e+03  1.55000000e+00 -8.41456636e-04  3.09215157e-01  4.91240418e-02  1.00279000e+02  1.13110000e+01  1.37848000e+05 -1.91127000e-01 
 1.56000000e+00  1.77000000e+03  1.56000000e+00 -8.52122391e-04  3.09215157e-01  4.91240418e-02  1.00279000e+02  1.13110000e+01  1.37848000e+05 -1.91127000e-01 
 1.57000000e+00  1.77000000e+03  1.57000000e+00 -8.62780197e-04  3.09215157e-01  4.91240418e-02  1.00279000e+02  1.13110000e+01  1.37848000e+05 -1.91127000e-01 
 1.58000000e+00  1.77000000e+03  1.58000000e+00 -8.73429678e-04  3.09215157e-01  4.91240418e-02  1.00279000e+02  1.13110000e+01  1.37848000e+05 -1.91127000e-01 
 1.59000000e+00  1.77000000e+03  1.59000000e+00 -8.84070470e-04  3.09215157e-01  4.91240418e-02  1.00279000e+02  1.13110000e+01  1.37848000e+05 -1.91127000e-01 
 1.60000000e+00  1.77000000e+03  1.60000000e+00 -8.94702224e-04  3.09215157e-01  4.91240418e-02  1.00279000e+02  1.13110000e+01  1.37848000e+05 -1.91127000e-01 
 1.61000000e+00  1.77000000e+03  1.61000000e+00 -9.05324601e-04  3.09215157e-01  4.91240418e-02  1.00279000e+02  1.13110000e+01  1.37848000e+05 -1.91127000e-01 
 1.62000000e+00  1.77000000e+03  1.62000000e+00 -9.15937275e-04  3.09215157e-01  4.91240418e-02  1.00279000e+02  1.13110000e+01  1.37848000e+05 -1.91127000e-01 
 1.63000000e+00  1.77000000e+03  1.63000000e+00 -9.26539934e-04  3.09215157e-01  4.91240418e-02  1.00279000e+02  1.13110000e+01  1.37848000e+05 -1.91127000e-01 
 1.64000000e+00  1.77000000e+03  1.64000000e+00 -9.37132273e-04  3.09215157e-01  4.91240418e-02  1.00279000e+02  1.13110000e+01  1.37848000e+05 -1.91127000e-01 
 1.65000000e+00  1.77000000e+03  1.65000000e+00 -9.47714000e-04  3.09215157e-01  4.91240418e-02  1.00279000e+02  1.13110000e+01  1.37848000e+05 -1.91127000e-01 
 1.66000000e+00  1.77000000e+03  1.66000000e+00 -9.58284833e-04  3.09215157e-01  4.91240418e-02  1.00279000e+02  1.13110000e+01  1.37848000e+05 -1.91127000e-01 
 1.67000000e+00  1.77000000e+03  1.67000000e+00 -9.68844500e-04  3.09215157e-01  4.91240418e-02  1.00279000e+02  1.13110000e+01  1.37848000e+05 -1.91127000e-01 
 1.68000000e+00  1.77000000e+03  1.68000000e+00 -9.79392737e-04  3.09215157e-01  4.91240418e-02  1.00279000e+02  1.13110000e+01  1.37848000e+05 -1.91127000e-01 
 1.69000000e+00  1.77000000e+03  1.69000000e+00 -9.89929292e-04  3.09215157e-01  4.91240418e-02  1.00279000e+02  1.13110000e+01  1.37848000e+05 -1.91127000e-01 
 1.70000000e+00  1.77000000e+03  1.70000000e+00 -1.00045392e-03  3.09215157e-01  4.91240418e-02  1.00279000e+02  1.13110000e+01  1.37848000e+05 -1.91127000e-01 
 1.71000000e+00  1.77000000e+03  1.71000000e+00 -1.01096638e-03  3.09215157e-01  4.91240418e-02  1.00279000e+02  1.13110000e+01  1.37848000e+05 -1.91127000e-01 
 1.72000000e+00  1.77000000e+03  1.72000000e+00 -1.02146645e-03  3.09215157e-01  4.91240418e-02  1.00279000e+02  1.13110000e+01  1.37848000e+05 -1.91127000e-01 
 1.73000000e+00  1.77000000e+03  1.73000000e+00 -1.03195390e-03  3.09215157e-01  4.91240418e-02  1.00279000e+02  1.13110000e+01  1.37848000e+05 -1.91127000e-01 
 1.74000000e+00  1.77000000e+03  1.74000000e+00 -1.04242853e-03  3.09215157e-01  4.91240418e-02  1.00279000e+02  1.13110000e+01  1.37848000e+05 -1.91127000e-01 
 1.75000000e+00  1.77000000e+03  1.75000000e+00 -1.05289012e-03  3.09215157e-01  4.91240418e-02  1.00279000e+02  1.13110000e+01  1.37848000e+05 -1.91127000e-01 
 1.76000000e+00  1.77000000e+03  1.76000000e+00 -1.06333848e-03  3.09215157e-01  4.91240418e-02  1.00279000e+02  1.13110000e+01  1.37848000e+05 -1.91127000e-01 
 1.77000000e+00  1.77000000e+03  1.77000000e+00 -1.07377342e-03  3.09215157e-01  4.91240418e-02  1.00279000e+02  1.13110000e+01  1.37848000e+05 -1.91127000e-01 
 1.78000000e+00  1.77000000e+03  1.78000000e+00 -1.08419475e-03  3.09215157e-01  4.91240418e-02  1.00279000e+02  1.13110000e+01  1.37848000e+05 -1.91127000e-01 
 1.79000000e+00  1.77000000e+03  1.79000000e+00 -1.09460228e-03  3.09215157e-01  4.91240418e-02  1.00279000e+02  1.13110000e+01  1.37848000e+05 -1.91127000e-01 
 1.80000000e+00  1.77000000e+03  1.80000000e+00 -1.10499585e-03  3.09215157e-01  4.91240418e-02  1.00279000e+02  1.13110000e+01  1.37848000e+05 -1.91127000e-01 
