 v-sweep         run_num         v(gate)         i(vds)          out_vth0        out_u0          out_rdsw        out_nfactor     out_vsat        out_eta0       
 0.00000000e+00  1.94000000e+03  0.00000000e+00 -1.85137572e-12  3.47734475e-01  5.93958599e-02  1.00279000e+02  1.13110000e+01  1.37848000e+05 -1.91127000e-01 
 1.00000000e-02  1.94000000e+03  1.00000000e-02 -1.85137597e-12  3.47734475e-01  5.93958599e-02  1.00279000e+02  1.13110000e+01  1.37848000e+05 -1.91127000e-01 
 2.00000000e-02  1.94000000e+03  2.00000000e-02 -1.85137657e-12  3.47734475e-01  5.93958599e-02  1.00279000e+02  1.13110000e+01  1.37848000e+05 -1.91127000e-01 
 3.00000000e-02  1.94000000e+03  3.00000000e-02 -1.85137742e-12  3.47734475e-01  5.93958599e-02  1.00279000e+02  1.13110000e+01  1.37848000e+05 -1.91127000e-01 
 4.00000000e-02  1.94000000e+03  4.00000000e-02 -1.85137880e-12  3.47734475e-01  5.93958599e-02  1.00279000e+02  1.13110000e+01  1.37848000e+05 -1.91127000e-01 
 5.00000000e-02  1.94000000e+03  5.00000000e-02 -1.85138103e-12  3.47734475e-01  5.93958599e-02  1.00279000e+02  1.13110000e+01  1.37848000e+05 -1.91127000e-01 
 6.00000000e-02  1.94000000e+03  6.00000000e-02 -1.85138465e-12  3.47734475e-01  5.93958599e-02  1.00279000e+02  1.13110000e+01  1.37848000e+05 -1.91127000e-01 
 7.00000000e-02  1.94000000e+03  7.00000000e-02 -1.85139050e-12  3.47734475e-01  5.93958599e-02  1.00279000e+02  1.13110000e+01  1.37848000e+05 -1.91127000e-01 
 8.00000000e-02  1.94000000e+03  8.00000000e-02 -1.85139999e-12  3.47734475e-01  5.93958599e-02  1.00279000e+02  1.13110000e+01  1.37848000e+05 -1.91127000e-01 
 9.00000000e-02  1.94000000e+03  9.00000000e-02 -1.85141537e-12  3.47734475e-01  5.93958599e-02  1.00279000e+02  1.13110000e+01  1.37848000e+05 -1.91127000e-01 
 1.00000000e-01  1.94000000e+03  1.00000000e-01 -1.85144027e-12  3.47734475e-01  5.93958599e-02  1.00279000e+02  1.13110000e+01  1.37848000e+05 -1.91127000e-01 
 1.10000000e-01  1.94000000e+03  1.10000000e-01 -1.85148062e-12  3.47734475e-01  5.93958599e-02  1.00279000e+02  1.13110000e+01  1.37848000e+05 -1.91127000e-01 
 1.20000000e-01  1.94000000e+03  1.20000000e-01 -1.85154598e-12  3.47734475e-01  5.93958599e-02  1.00279000e+02  1.13110000e+01  1.37848000e+05 -1.91127000e-01 
 1.30000000e-01  1.94000000e+03  1.30000000e-01 -1.85165188e-12  3.47734475e-01  5.93958599e-02  1.00279000e+02  1.13110000e+01  1.37848000e+05 -1.91127000e-01 
 1.40000000e-01  1.94000000e+03  1.40000000e-01 -1.85182344e-12  3.47734475e-01  5.93958599e-02  1.00279000e+02  1.13110000e+01  1.37848000e+05 -1.91127000e-01 
 1.50000000e-01  1.94000000e+03  1.50000000e-01 -1.85210137e-12  3.47734475e-01  5.93958599e-02  1.00279000e+02  1.13110000e+01  1.37848000e+05 -1.91127000e-01 
 1.60000000e-01  1.94000000e+03  1.60000000e-01 -1.85255163e-12  3.47734475e-01  5.93958599e-02  1.00279000e+02  1.13110000e+01  1.37848000e+05 -1.91127000e-01 
 1.70000000e-01  1.94000000e+03  1.70000000e-01 -1.85328107e-12  3.47734475e-01  5.93958599e-02  1.00279000e+02  1.13110000e+01  1.37848000e+05 -1.91127000e-01 
 1.80000000e-01  1.94000000e+03  1.80000000e-01 -1.85446280e-12  3.47734475e-01  5.93958599e-02  1.00279000e+02  1.13110000e+01  1.37848000e+05 -1.91127000e-01 
 1.90000000e-01  1.94000000e+03  1.90000000e-01 -1.85637724e-12  3.47734475e-01  5.93958599e-02  1.00279000e+02  1.13110000e+01  1.37848000e+05 -1.91127000e-01 
 2.00000000e-01  1.94000000e+03  2.00000000e-01 -1.85947868e-12  3.47734475e-01  5.93958599e-02  1.00279000e+02  1.13110000e+01  1.37848000e+05 -1.91127000e-01 
 2.10000000e-01  1.94000000e+03  2.10000000e-01 -1.86450310e-12  3.47734475e-01  5.93958599e-02  1.00279000e+02  1.13110000e+01  1.37848000e+05 -1.91127000e-01 
 2.20000000e-01  1.94000000e+03  2.20000000e-01 -1.87264270e-12  3.47734475e-01  5.93958599e-02  1.00279000e+02  1.13110000e+01  1.37848000e+05 -1.91127000e-01 
 2.30000000e-01  1.94000000e+03  2.30000000e-01 -1.88582883e-12  3.47734475e-01  5.93958599e-02  1.00279000e+02  1.13110000e+01  1.37848000e+05 -1.91127000e-01 
 2.40000000e-01  1.94000000e+03  2.40000000e-01 -1.90719009e-12  3.47734475e-01  5.93958599e-02  1.00279000e+02  1.13110000e+01  1.37848000e+05 -1.91127000e-01 
 2.50000000e-01  1.94000000e+03  2.50000000e-01 -1.94179441e-12  3.47734475e-01  5.93958599e-02  1.00279000e+02  1.13110000e+01  1.37848000e+05 -1.91127000e-01 
 2.60000000e-01  1.94000000e+03  2.60000000e-01 -1.99785096e-12  3.47734475e-01  5.93958599e-02  1.00279000e+02  1.13110000e+01  1.37848000e+05 -1.91127000e-01 
 2.70000000e-01  1.94000000e+03  2.70000000e-01 -2.08865658e-12  3.47734475e-01  5.93958599e-02  1.00279000e+02  1.13110000e+01  1.37848000e+05 -1.91127000e-01 
 2.80000000e-01  1.94000000e+03  2.80000000e-01 -2.23574785e-12  3.47734475e-01  5.93958599e-02  1.00279000e+02  1.13110000e+01  1.37848000e+05 -1.91127000e-01 
 2.90000000e-01  1.94000000e+03  2.90000000e-01 -2.47400475e-12  3.47734475e-01  5.93958599e-02  1.00279000e+02  1.13110000e+01  1.37848000e+05 -1.91127000e-01 
 3.00000000e-01  1.94000000e+03  3.00000000e-01 -2.85991324e-12  3.47734475e-01  5.93958599e-02  1.00279000e+02  1.13110000e+01  1.37848000e+05 -1.91127000e-01 
 3.10000000e-01  1.94000000e+03  3.10000000e-01 -3.48493911e-12  3.47734475e-01  5.93958599e-02  1.00279000e+02  1.13110000e+01  1.37848000e+05 -1.91127000e-01 
 3.20000000e-01  1.94000000e+03  3.20000000e-01 -4.49717015e-12  3.47734475e-01  5.93958599e-02  1.00279000e+02  1.13110000e+01  1.37848000e+05 -1.91127000e-01 
 3.30000000e-01  1.94000000e+03  3.30000000e-01 -6.13632736e-12  3.47734475e-01  5.93958599e-02  1.00279000e+02  1.13110000e+01  1.37848000e+05 -1.91127000e-01 
 3.40000000e-01  1.94000000e+03  3.40000000e-01 -8.79038186e-12  3.47734475e-01  5.93958599e-02  1.00279000e+02  1.13110000e+01  1.37848000e+05 -1.91127000e-01 
 3.50000000e-01  1.94000000e+03  3.50000000e-01 -1.30870649e-11  3.47734475e-01  5.93958599e-02  1.00279000e+02  1.13110000e+01  1.37848000e+05 -1.91127000e-01 
 3.60000000e-01  1.94000000e+03  3.60000000e-01 -2.00416829e-11  3.47734475e-01  5.93958599e-02  1.00279000e+02  1.13110000e+01  1.37848000e+05 -1.91127000e-01 
 3.70000000e-01  1.94000000e+03  3.70000000e-01 -3.12956906e-11  3.47734475e-01  5.93958599e-02  1.00279000e+02  1.13110000e+01  1.37848000e+05 -1.91127000e-01 
 3.80000000e-01  1.94000000e+03  3.80000000e-01 -4.95013574e-11  3.47734475e-01  5.93958599e-02  1.00279000e+02  1.13110000e+01  1.37848000e+05 -1.91127000e-01 
 3.90000000e-01  1.94000000e+03  3.90000000e-01 -7.89411937e-11  3.47734475e-01  5.93958599e-02  1.00279000e+02  1.13110000e+01  1.37848000e+05 -1.91127000e-01 
 4.00000000e-01  1.94000000e+03  4.00000000e-01 -1.26523793e-10  3.47734475e-01  5.93958599e-02  1.00279000e+02  1.13110000e+01  1.37848000e+05 -1.91127000e-01 
 4.10000000e-01  1.94000000e+03  4.10000000e-01 -2.03381549e-10  3.47734475e-01  5.93958599e-02  1.00279000e+02  1.13110000e+01  1.37848000e+05 -1.91127000e-01 
 4.20000000e-01  1.94000000e+03  4.20000000e-01 -3.27427397e-10  3.47734475e-01  5.93958599e-02  1.00279000e+02  1.13110000e+01  1.37848000e+05 -1.91127000e-01 
 4.30000000e-01  1.94000000e+03  4.30000000e-01 -5.27432954e-10  3.47734475e-01  5.93958599e-02  1.00279000e+02  1.13110000e+01  1.37848000e+05 -1.91127000e-01 
 4.40000000e-01  1.94000000e+03  4.40000000e-01 -8.49506957e-10  3.47734475e-01  5.93958599e-02  1.00279000e+02  1.13110000e+01  1.37848000e+05 -1.91127000e-01 
 4.50000000e-01  1.94000000e+03  4.50000000e-01 -1.36733467e-09  3.47734475e-01  5.93958599e-02  1.00279000e+02  1.13110000e+01  1.37848000e+05 -1.91127000e-01 
 4.60000000e-01  1.94000000e+03  4.60000000e-01 -2.19826026e-09  3.47734475e-01  5.93958599e-02  1.00279000e+02  1.13110000e+01  1.37848000e+05 -1.91127000e-01 
 4.70000000e-01  1.94000000e+03  4.70000000e-01 -3.52835235e-09  3.47734475e-01  5.93958599e-02  1.00279000e+02  1.13110000e+01  1.37848000e+05 -1.91127000e-01 
 4.80000000e-01  1.94000000e+03  4.80000000e-01 -5.65110651e-09  3.47734475e-01  5.93958599e-02  1.00279000e+02  1.13110000e+01  1.37848000e+05 -1.91127000e-01 
 4.90000000e-01  1.94000000e+03  4.90000000e-01 -9.02654039e-09  3.47734475e-01  5.93958599e-02  1.00279000e+02  1.13110000e+01  1.37848000e+05 -1.91127000e-01 
 5.00000000e-01  1.94000000e+03  5.00000000e-01 -1.43702600e-08  3.47734475e-01  5.93958599e-02  1.00279000e+02  1.13110000e+01  1.37848000e+05 -1.91127000e-01 
 5.10000000e-01  1.94000000e+03  5.10000000e-01 -2.27857433e-08  3.47734475e-01  5.93958599e-02  1.00279000e+02  1.13110000e+01  1.37848000e+05 -1.91127000e-01 
 5.20000000e-01  1.94000000e+03  5.20000000e-01 -3.59577473e-08  3.47734475e-01  5.93958599e-02  1.00279000e+02  1.13110000e+01  1.37848000e+05 -1.91127000e-01 
 5.30000000e-01  1.94000000e+03  5.30000000e-01 -5.64306835e-08  3.47734475e-01  5.93958599e-02  1.00279000e+02  1.13110000e+01  1.37848000e+05 -1.91127000e-01 
 5.40000000e-01  1.94000000e+03  5.40000000e-01 -8.80036989e-08  3.47734475e-01  5.93958599e-02  1.00279000e+02  1.13110000e+01  1.37848000e+05 -1.91127000e-01 
 5.50000000e-01  1.94000000e+03  5.50000000e-01 -1.36285206e-07  3.47734475e-01  5.93958599e-02  1.00279000e+02  1.13110000e+01  1.37848000e+05 -1.91127000e-01 
 5.60000000e-01  1.94000000e+03  5.60000000e-01 -2.09464498e-07  3.47734475e-01  5.93958599e-02  1.00279000e+02  1.13110000e+01  1.37848000e+05 -1.91127000e-01 
 5.70000000e-01  1.94000000e+03  5.70000000e-01 -3.19373518e-07  3.47734475e-01  5.93958599e-02  1.00279000e+02  1.13110000e+01  1.37848000e+05 -1.91127000e-01 
 5.80000000e-01  1.94000000e+03  5.80000000e-01 -4.82912004e-07  3.47734475e-01  5.93958599e-02  1.00279000e+02  1.13110000e+01  1.37848000e+05 -1.91127000e-01 
 5.90000000e-01  1.94000000e+03  5.90000000e-01 -7.23856405e-07  3.47734475e-01  5.93958599e-02  1.00279000e+02  1.13110000e+01  1.37848000e+05 -1.91127000e-01 
 6.00000000e-01  1.94000000e+03  6.00000000e-01 -1.07491146e-06  3.47734475e-01  5.93958599e-02  1.00279000e+02  1.13110000e+01  1.37848000e+05 -1.91127000e-01 
 6.10000000e-01  1.94000000e+03  6.10000000e-01 -1.57956210e-06  3.47734475e-01  5.93958599e-02  1.00279000e+02  1.13110000e+01  1.37848000e+05 -1.91127000e-01 
 6.20000000e-01  1.94000000e+03  6.20000000e-01 -2.29291835e-06  3.47734475e-01  5.93958599e-02  1.00279000e+02  1.13110000e+01  1.37848000e+05 -1.91127000e-01 
 6.30000000e-01  1.94000000e+03  6.30000000e-01 -3.28055440e-06  3.47734475e-01  5.93958599e-02  1.00279000e+02  1.13110000e+01  1.37848000e+05 -1.91127000e-01 
 6.40000000e-01  1.94000000e+03  6.40000000e-01 -4.61462702e-06  3.47734475e-01  5.93958599e-02  1.00279000e+02  1.13110000e+01  1.37848000e+05 -1.91127000e-01 
 6.50000000e-01  1.94000000e+03  6.50000000e-01 -6.36741405e-06  3.47734475e-01  5.93958599e-02  1.00279000e+02  1.13110000e+01  1.37848000e+05 -1.91127000e-01 
 6.60000000e-01  1.94000000e+03  6.60000000e-01 -8.60351305e-06  3.47734475e-01  5.93958599e-02  1.00279000e+02  1.13110000e+01  1.37848000e+05 -1.91127000e-01 
 6.70000000e-01  1.94000000e+03  6.70000000e-01 -1.13726576e-05  3.47734475e-01  5.93958599e-02  1.00279000e+02  1.13110000e+01  1.37848000e+05 -1.91127000e-01 
 6.80000000e-01  1.94000000e+03  6.80000000e-01 -1.47049857e-05  3.47734475e-01  5.93958599e-02  1.00279000e+02  1.13110000e+01  1.37848000e+05 -1.91127000e-01 
 6.90000000e-01  1.94000000e+03  6.90000000e-01 -1.86097035e-05  3.47734475e-01  5.93958599e-02  1.00279000e+02  1.13110000e+01  1.37848000e+05 -1.91127000e-01 
 7.00000000e-01  1.94000000e+03  7.00000000e-01 -2.30769465e-05  3.47734475e-01  5.93958599e-02  1.00279000e+02  1.13110000e+01  1.37848000e+05 -1.91127000e-01 
 7.10000000e-01  1.94000000e+03  7.10000000e-01 -2.80818155e-05  3.47734475e-01  5.93958599e-02  1.00279000e+02  1.13110000e+01  1.37848000e+05 -1.91127000e-01 
 7.20000000e-01  1.94000000e+03  7.20000000e-01 -3.35892961e-05  3.47734475e-01  5.93958599e-02  1.00279000e+02  1.13110000e+01  1.37848000e+05 -1.91127000e-01 
 7.30000000e-01  1.94000000e+03  7.30000000e-01 -3.95589748e-05  3.47734475e-01  5.93958599e-02  1.00279000e+02  1.13110000e+01  1.37848000e+05 -1.91127000e-01 
 7.40000000e-01  1.94000000e+03  7.40000000e-01 -4.59488932e-05  3.47734475e-01  5.93958599e-02  1.00279000e+02  1.13110000e+01  1.37848000e+05 -1.91127000e-01 
 7.50000000e-01  1.94000000e+03  7.50000000e-01 -5.27182968e-05  3.47734475e-01  5.93958599e-02  1.00279000e+02  1.13110000e+01  1.37848000e+05 -1.91127000e-01 
 7.60000000e-01  1.94000000e+03  7.60000000e-01 -5.98293317e-05  3.47734475e-01  5.93958599e-02  1.00279000e+02  1.13110000e+01  1.37848000e+05 -1.91127000e-01 
 7.70000000e-01  1.94000000e+03  7.70000000e-01 -6.72478908e-05  3.47734475e-01  5.93958599e-02  1.00279000e+02  1.13110000e+01  1.37848000e+05 -1.91127000e-01 
 7.80000000e-01  1.94000000e+03  7.80000000e-01 -7.49438550e-05  3.47734475e-01  5.93958599e-02  1.00279000e+02  1.13110000e+01  1.37848000e+05 -1.91127000e-01 
 7.90000000e-01  1.94000000e+03  7.90000000e-01 -8.28909502e-05  3.47734475e-01  5.93958599e-02  1.00279000e+02  1.13110000e+01  1.37848000e+05 -1.91127000e-01 
 8.00000000e-01  1.94000000e+03  8.00000000e-01 -9.10663945e-05  3.47734475e-01  5.93958599e-02  1.00279000e+02  1.13110000e+01  1.37848000e+05 -1.91127000e-01 
 8.10000000e-01  1.94000000e+03  8.10000000e-01 -9.94504545e-05  3.47734475e-01  5.93958599e-02  1.00279000e+02  1.13110000e+01  1.37848000e+05 -1.91127000e-01 
 8.20000000e-01  1.94000000e+03  8.20000000e-01 -1.08025990e-04  3.47734475e-01  5.93958599e-02  1.00279000e+02  1.13110000e+01  1.37848000e+05 -1.91127000e-01 
 8.30000000e-01  1.94000000e+03  8.30000000e-01 -1.16778028e-04  3.47734475e-01  5.93958599e-02  1.00279000e+02  1.13110000e+01  1.37848000e+05 -1.91127000e-01 
 8.40000000e-01  1.94000000e+03  8.40000000e-01 -1.25693391e-04  3.47734475e-01  5.93958599e-02  1.00279000e+02  1.13110000e+01  1.37848000e+05 -1.91127000e-01 
 8.50000000e-01  1.94000000e+03  8.50000000e-01 -1.34760377e-04  3.47734475e-01  5.93958599e-02  1.00279000e+02  1.13110000e+01  1.37848000e+05 -1.91127000e-01 
 8.60000000e-01  1.94000000e+03  8.60000000e-01 -1.43968503e-04  3.47734475e-01  5.93958599e-02  1.00279000e+02  1.13110000e+01  1.37848000e+05 -1.91127000e-01 
 8.70000000e-01  1.94000000e+03  8.70000000e-01 -1.53308293e-04  3.47734475e-01  5.93958599e-02  1.00279000e+02  1.13110000e+01  1.37848000e+05 -1.91127000e-01 
 8.80000000e-01  1.94000000e+03  8.80000000e-01 -1.62771114e-04  3.47734475e-01  5.93958599e-02  1.00279000e+02  1.13110000e+01  1.37848000e+05 -1.91127000e-01 
 8.90000000e-01  1.94000000e+03  8.90000000e-01 -1.72349043e-04  3.47734475e-01  5.93958599e-02  1.00279000e+02  1.13110000e+01  1.37848000e+05 -1.91127000e-01 
 9.00000000e-01  1.94000000e+03  9.00000000e-01 -1.82034764e-04  3.47734475e-01  5.93958599e-02  1.00279000e+02  1.13110000e+01  1.37848000e+05 -1.91127000e-01 
 9.10000000e-01  1.94000000e+03  9.10000000e-01 -1.91821486e-04  3.47734475e-01  5.93958599e-02  1.00279000e+02  1.13110000e+01  1.37848000e+05 -1.91127000e-01 
 9.20000000e-01  1.94000000e+03  9.20000000e-01 -2.01702883e-04  3.47734475e-01  5.93958599e-02  1.00279000e+02  1.13110000e+01  1.37848000e+05 -1.91127000e-01 
 9.30000000e-01  1.94000000e+03  9.30000000e-01 -2.11673040e-04  3.47734475e-01  5.93958599e-02  1.00279000e+02  1.13110000e+01  1.37848000e+05 -1.91127000e-01 
 9.40000000e-01  1.94000000e+03  9.40000000e-01 -2.21726416e-04  3.47734475e-01  5.93958599e-02  1.00279000e+02  1.13110000e+01  1.37848000e+05 -1.91127000e-01 
 9.50000000e-01  1.94000000e+03  9.50000000e-01 -2.31857806e-04  3.47734475e-01  5.93958599e-02  1.00279000e+02  1.13110000e+01  1.37848000e+05 -1.91127000e-01 
 9.60000000e-01  1.94000000e+03  9.60000000e-01 -2.42062320e-04  3.47734475e-01  5.93958599e-02  1.00279000e+02  1.13110000e+01  1.37848000e+05 -1.91127000e-01 
 9.70000000e-01  1.94000000e+03  9.70000000e-01 -2.52335351e-04  3.47734475e-01  5.93958599e-02  1.00279000e+02  1.13110000e+01  1.37848000e+05 -1.91127000e-01 
 9.80000000e-01  1.94000000e+03  9.80000000e-01 -2.62672563e-04  3.47734475e-01  5.93958599e-02  1.00279000e+02  1.13110000e+01  1.37848000e+05 -1.91127000e-01 
 9.90000000e-01  1.94000000e+03  9.90000000e-01 -2.73069874e-04  3.47734475e-01  5.93958599e-02  1.00279000e+02  1.13110000e+01  1.37848000e+05 -1.91127000e-01 
 1.00000000e+00  1.94000000e+03  1.00000000e+00 -2.83523436e-04  3.47734475e-01  5.93958599e-02  1.00279000e+02  1.13110000e+01  1.37848000e+05 -1.91127000e-01 
 1.01000000e+00  1.94000000e+03  1.01000000e+00 -2.94029620e-04  3.47734475e-01  5.93958599e-02  1.00279000e+02  1.13110000e+01  1.37848000e+05 -1.91127000e-01 
 1.02000000e+00  1.94000000e+03  1.02000000e+00 -3.04585008e-04  3.47734475e-01  5.93958599e-02  1.00279000e+02  1.13110000e+01  1.37848000e+05 -1.91127000e-01 
 1.03000000e+00  1.94000000e+03  1.03000000e+00 -3.15186374e-04  3.47734475e-01  5.93958599e-02  1.00279000e+02  1.13110000e+01  1.37848000e+05 -1.91127000e-01 
 1.04000000e+00  1.94000000e+03  1.04000000e+00 -3.25830678e-04  3.47734475e-01  5.93958599e-02  1.00279000e+02  1.13110000e+01  1.37848000e+05 -1.91127000e-01 
 1.05000000e+00  1.94000000e+03  1.05000000e+00 -3.36515052e-04  3.47734475e-01  5.93958599e-02  1.00279000e+02  1.13110000e+01  1.37848000e+05 -1.91127000e-01 
 1.06000000e+00  1.94000000e+03  1.06000000e+00 -3.47236791e-04  3.47734475e-01  5.93958599e-02  1.00279000e+02  1.13110000e+01  1.37848000e+05 -1.91127000e-01 
 1.07000000e+00  1.94000000e+03  1.07000000e+00 -3.57993343e-04  3.47734475e-01  5.93958599e-02  1.00279000e+02  1.13110000e+01  1.37848000e+05 -1.91127000e-01 
 1.08000000e+00  1.94000000e+03  1.08000000e+00 -3.68782301e-04  3.47734475e-01  5.93958599e-02  1.00279000e+02  1.13110000e+01  1.37848000e+05 -1.91127000e-01 
 1.09000000e+00  1.94000000e+03  1.09000000e+00 -3.79601390e-04  3.47734475e-01  5.93958599e-02  1.00279000e+02  1.13110000e+01  1.37848000e+05 -1.91127000e-01 
 1.10000000e+00  1.94000000e+03  1.10000000e+00 -3.90448467e-04  3.47734475e-01  5.93958599e-02  1.00279000e+02  1.13110000e+01  1.37848000e+05 -1.91127000e-01 
 1.11000000e+00  1.94000000e+03  1.11000000e+00 -4.01321507e-04  3.47734475e-01  5.93958599e-02  1.00279000e+02  1.13110000e+01  1.37848000e+05 -1.91127000e-01 
 1.12000000e+00  1.94000000e+03  1.12000000e+00 -4.12218595e-04  3.47734475e-01  5.93958599e-02  1.00279000e+02  1.13110000e+01  1.37848000e+05 -1.91127000e-01 
 1.13000000e+00  1.94000000e+03  1.13000000e+00 -4.23137926e-04  3.47734475e-01  5.93958599e-02  1.00279000e+02  1.13110000e+01  1.37848000e+05 -1.91127000e-01 
 1.14000000e+00  1.94000000e+03  1.14000000e+00 -4.34077791e-04  3.47734475e-01  5.93958599e-02  1.00279000e+02  1.13110000e+01  1.37848000e+05 -1.91127000e-01 
 1.15000000e+00  1.94000000e+03  1.15000000e+00 -4.45036577e-04  3.47734475e-01  5.93958599e-02  1.00279000e+02  1.13110000e+01  1.37848000e+05 -1.91127000e-01 
 1.16000000e+00  1.94000000e+03  1.16000000e+00 -4.56012758e-04  3.47734475e-01  5.93958599e-02  1.00279000e+02  1.13110000e+01  1.37848000e+05 -1.91127000e-01 
 1.17000000e+00  1.94000000e+03  1.17000000e+00 -4.67004888e-04  3.47734475e-01  5.93958599e-02  1.00279000e+02  1.13110000e+01  1.37848000e+05 -1.91127000e-01 
 1.18000000e+00  1.94000000e+03  1.18000000e+00 -4.78011604e-04  3.47734475e-01  5.93958599e-02  1.00279000e+02  1.13110000e+01  1.37848000e+05 -1.91127000e-01 
 1.19000000e+00  1.94000000e+03  1.19000000e+00 -4.89031610e-04  3.47734475e-01  5.93958599e-02  1.00279000e+02  1.13110000e+01  1.37848000e+05 -1.91127000e-01 
 1.20000000e+00  1.94000000e+03  1.20000000e+00 -5.00063684e-04  3.47734475e-01  5.93958599e-02  1.00279000e+02  1.13110000e+01  1.37848000e+05 -1.91127000e-01 
 1.21000000e+00  1.94000000e+03  1.21000000e+00 -5.11106664e-04  3.47734475e-01  5.93958599e-02  1.00279000e+02  1.13110000e+01  1.37848000e+05 -1.91127000e-01 
 1.22000000e+00  1.94000000e+03  1.22000000e+00 -5.22159453e-04  3.47734475e-01  5.93958599e-02  1.00279000e+02  1.13110000e+01  1.37848000e+05 -1.91127000e-01 
 1.23000000e+00  1.94000000e+03  1.23000000e+00 -5.33221008e-04  3.47734475e-01  5.93958599e-02  1.00279000e+02  1.13110000e+01  1.37848000e+05 -1.91127000e-01 
 1.24000000e+00  1.94000000e+03  1.24000000e+00 -5.44290342e-04  3.47734475e-01  5.93958599e-02  1.00279000e+02  1.13110000e+01  1.37848000e+05 -1.91127000e-01 
 1.25000000e+00  1.94000000e+03  1.25000000e+00 -5.55366518e-04  3.47734475e-01  5.93958599e-02  1.00279000e+02  1.13110000e+01  1.37848000e+05 -1.91127000e-01 
 1.26000000e+00  1.94000000e+03  1.26000000e+00 -5.66448647e-04  3.47734475e-01  5.93958599e-02  1.00279000e+02  1.13110000e+01  1.37848000e+05 -1.91127000e-01 
 1.27000000e+00  1.94000000e+03  1.27000000e+00 -5.77535885e-04  3.47734475e-01  5.93958599e-02  1.00279000e+02  1.13110000e+01  1.37848000e+05 -1.91127000e-01 
 1.28000000e+00  1.94000000e+03  1.28000000e+00 -5.88627431e-04  3.47734475e-01  5.93958599e-02  1.00279000e+02  1.13110000e+01  1.37848000e+05 -1.91127000e-01 
 1.29000000e+00  1.94000000e+03  1.29000000e+00 -5.99722523e-04  3.47734475e-01  5.93958599e-02  1.00279000e+02  1.13110000e+01  1.37848000e+05 -1.91127000e-01 
 1.30000000e+00  1.94000000e+03  1.30000000e+00 -6.10820440e-04  3.47734475e-01  5.93958599e-02  1.00279000e+02  1.13110000e+01  1.37848000e+05 -1.91127000e-01 
 1.31000000e+00  1.94000000e+03  1.31000000e+00 -6.21920494e-04  3.47734475e-01  5.93958599e-02  1.00279000e+02  1.13110000e+01  1.37848000e+05 -1.91127000e-01 
 1.32000000e+00  1.94000000e+03  1.32000000e+00 -6.33022031e-04  3.47734475e-01  5.93958599e-02  1.00279000e+02  1.13110000e+01  1.37848000e+05 -1.91127000e-01 
 1.33000000e+00  1.94000000e+03  1.33000000e+00 -6.44124431e-04  3.47734475e-01  5.93958599e-02  1.00279000e+02  1.13110000e+01  1.37848000e+05 -1.91127000e-01 
 1.34000000e+00  1.94000000e+03  1.34000000e+00 -6.55227102e-04  3.47734475e-01  5.93958599e-02  1.00279000e+02  1.13110000e+01  1.37848000e+05 -1.91127000e-01 
 1.35000000e+00  1.94000000e+03  1.35000000e+00 -6.66329484e-04  3.47734475e-01  5.93958599e-02  1.00279000e+02  1.13110000e+01  1.37848000e+05 -1.91127000e-01 
 1.36000000e+00  1.94000000e+03  1.36000000e+00 -6.77431041e-04  3.47734475e-01  5.93958599e-02  1.00279000e+02  1.13110000e+01  1.37848000e+05 -1.91127000e-01 
 1.37000000e+00  1.94000000e+03  1.37000000e+00 -6.88531264e-04  3.47734475e-01  5.93958599e-02  1.00279000e+02  1.13110000e+01  1.37848000e+05 -1.91127000e-01 
 1.38000000e+00  1.94000000e+03  1.38000000e+00 -6.99629667e-04  3.47734475e-01  5.93958599e-02  1.00279000e+02  1.13110000e+01  1.37848000e+05 -1.91127000e-01 
 1.39000000e+00  1.94000000e+03  1.39000000e+00 -7.10725791e-04  3.47734475e-01  5.93958599e-02  1.00279000e+02  1.13110000e+01  1.37848000e+05 -1.91127000e-01 
 1.40000000e+00  1.94000000e+03  1.40000000e+00 -7.21819194e-04  3.47734475e-01  5.93958599e-02  1.00279000e+02  1.13110000e+01  1.37848000e+05 -1.91127000e-01 
 1.41000000e+00  1.94000000e+03  1.41000000e+00 -7.32909458e-04  3.47734475e-01  5.93958599e-02  1.00279000e+02  1.13110000e+01  1.37848000e+05 -1.91127000e-01 
 1.42000000e+00  1.94000000e+03  1.42000000e+00 -7.43996184e-04  3.47734475e-01  5.93958599e-02  1.00279000e+02  1.13110000e+01  1.37848000e+05 -1.91127000e-01 
 1.43000000e+00  1.94000000e+03  1.43000000e+00 -7.55078990e-04  3.47734475e-01  5.93958599e-02  1.00279000e+02  1.13110000e+01  1.37848000e+05 -1.91127000e-01 
 1.44000000e+00  1.94000000e+03  1.44000000e+00 -7.66157516e-04  3.47734475e-01  5.93958599e-02  1.00279000e+02  1.13110000e+01  1.37848000e+05 -1.91127000e-01 
 1.45000000e+00  1.94000000e+03  1.45000000e+00 -7.77231413e-04  3.47734475e-01  5.93958599e-02  1.00279000e+02  1.13110000e+01  1.37848000e+05 -1.91127000e-01 
 1.46000000e+00  1.94000000e+03  1.46000000e+00 -7.88300354e-04  3.47734475e-01  5.93958599e-02  1.00279000e+02  1.13110000e+01  1.37848000e+05 -1.91127000e-01 
 1.47000000e+00  1.94000000e+03  1.47000000e+00 -7.99364023e-04  3.47734475e-01  5.93958599e-02  1.00279000e+02  1.13110000e+01  1.37848000e+05 -1.91127000e-01 
 1.48000000e+00  1.94000000e+03  1.48000000e+00 -8.10422119e-04  3.47734475e-01  5.93958599e-02  1.00279000e+02  1.13110000e+01  1.37848000e+05 -1.91127000e-01 
 1.49000000e+00  1.94000000e+03  1.49000000e+00 -8.21474357e-04  3.47734475e-01  5.93958599e-02  1.00279000e+02  1.13110000e+01  1.37848000e+05 -1.91127000e-01 
 1.50000000e+00  1.94000000e+03  1.50000000e+00 -8.32520464e-04  3.47734475e-01  5.93958599e-02  1.00279000e+02  1.13110000e+01  1.37848000e+05 -1.91127000e-01 
 1.51000000e+00  1.94000000e+03  1.51000000e+00 -8.43560178e-04  3.47734475e-01  5.93958599e-02  1.00279000e+02  1.13110000e+01  1.37848000e+05 -1.91127000e-01 
 1.52000000e+00  1.94000000e+03  1.52000000e+00 -8.54593250e-04  3.47734475e-01  5.93958599e-02  1.00279000e+02  1.13110000e+01  1.37848000e+05 -1.91127000e-01 
 1.53000000e+00  1.94000000e+03  1.53000000e+00 -8.65619444e-04  3.47734475e-01  5.93958599e-02  1.00279000e+02  1.13110000e+01  1.37848000e+05 -1.91127000e-01 
 1.54000000e+00  1.94000000e+03  1.54000000e+00 -8.76638531e-04  3.47734475e-01  5.93958599e-02  1.00279000e+02  1.13110000e+01  1.37848000e+05 -1.91127000e-01 
 1.55000000e+00  1.94000000e+03  1.55000000e+00 -8.87650295e-04  3.47734475e-01  5.93958599e-02  1.00279000e+02  1.13110000e+01  1.37848000e+05 -1.91127000e-01 
 1.56000000e+00  1.94000000e+03  1.56000000e+00 -8.98654530e-04  3.47734475e-01  5.93958599e-02  1.00279000e+02  1.13110000e+01  1.37848000e+05 -1.91127000e-01 
 1.57000000e+00  1.94000000e+03  1.57000000e+00 -9.09651036e-04  3.47734475e-01  5.93958599e-02  1.00279000e+02  1.13110000e+01  1.37848000e+05 -1.91127000e-01 
 1.58000000e+00  1.94000000e+03  1.58000000e+00 -9.20639627e-04  3.47734475e-01  5.93958599e-02  1.00279000e+02  1.13110000e+01  1.37848000e+05 -1.91127000e-01 
 1.59000000e+00  1.94000000e+03  1.59000000e+00 -9.31620119e-04  3.47734475e-01  5.93958599e-02  1.00279000e+02  1.13110000e+01  1.37848000e+05 -1.91127000e-01 
 1.60000000e+00  1.94000000e+03  1.60000000e+00 -9.42592342e-04  3.47734475e-01  5.93958599e-02  1.00279000e+02  1.13110000e+01  1.37848000e+05 -1.91127000e-01 
 1.61000000e+00  1.94000000e+03  1.61000000e+00 -9.53556130e-04  3.47734475e-01  5.93958599e-02  1.00279000e+02  1.13110000e+01  1.37848000e+05 -1.91127000e-01 
 1.62000000e+00  1.94000000e+03  1.62000000e+00 -9.64511326e-04  3.47734475e-01  5.93958599e-02  1.00279000e+02  1.13110000e+01  1.37848000e+05 -1.91127000e-01 
 1.63000000e+00  1.94000000e+03  1.63000000e+00 -9.75457779e-04  3.47734475e-01  5.93958599e-02  1.00279000e+02  1.13110000e+01  1.37848000e+05 -1.91127000e-01 
 1.64000000e+00  1.94000000e+03  1.64000000e+00 -9.86395344e-04  3.47734475e-01  5.93958599e-02  1.00279000e+02  1.13110000e+01  1.37848000e+05 -1.91127000e-01 
 1.65000000e+00  1.94000000e+03  1.65000000e+00 -9.97323883e-04  3.47734475e-01  5.93958599e-02  1.00279000e+02  1.13110000e+01  1.37848000e+05 -1.91127000e-01 
 1.66000000e+00  1.94000000e+03  1.66000000e+00 -1.00824327e-03  3.47734475e-01  5.93958599e-02  1.00279000e+02  1.13110000e+01  1.37848000e+05 -1.91127000e-01 
 1.67000000e+00  1.94000000e+03  1.67000000e+00 -1.01915336e-03  3.47734475e-01  5.93958599e-02  1.00279000e+02  1.13110000e+01  1.37848000e+05 -1.91127000e-01 
 1.68000000e+00  1.94000000e+03  1.68000000e+00 -1.03005406e-03  3.47734475e-01  5.93958599e-02  1.00279000e+02  1.13110000e+01  1.37848000e+05 -1.91127000e-01 
 1.69000000e+00  1.94000000e+03  1.69000000e+00 -1.04094523e-03  3.47734475e-01  5.93958599e-02  1.00279000e+02  1.13110000e+01  1.37848000e+05 -1.91127000e-01 
 1.70000000e+00  1.94000000e+03  1.70000000e+00 -1.05182678e-03  3.47734475e-01  5.93958599e-02  1.00279000e+02  1.13110000e+01  1.37848000e+05 -1.91127000e-01 
 1.71000000e+00  1.94000000e+03  1.71000000e+00 -1.06269858e-03  3.47734475e-01  5.93958599e-02  1.00279000e+02  1.13110000e+01  1.37848000e+05 -1.91127000e-01 
 1.72000000e+00  1.94000000e+03  1.72000000e+00 -1.07356055e-03  3.47734475e-01  5.93958599e-02  1.00279000e+02  1.13110000e+01  1.37848000e+05 -1.91127000e-01 
 1.73000000e+00  1.94000000e+03  1.73000000e+00 -1.08441258e-03  3.47734475e-01  5.93958599e-02  1.00279000e+02  1.13110000e+01  1.37848000e+05 -1.91127000e-01 
 1.74000000e+00  1.94000000e+03  1.74000000e+00 -1.09525458e-03  3.47734475e-01  5.93958599e-02  1.00279000e+02  1.13110000e+01  1.37848000e+05 -1.91127000e-01 
 1.75000000e+00  1.94000000e+03  1.75000000e+00 -1.10608647e-03  3.47734475e-01  5.93958599e-02  1.00279000e+02  1.13110000e+01  1.37848000e+05 -1.91127000e-01 
 1.76000000e+00  1.94000000e+03  1.76000000e+00 -1.11690815e-03  3.47734475e-01  5.93958599e-02  1.00279000e+02  1.13110000e+01  1.37848000e+05 -1.91127000e-01 
 1.77000000e+00  1.94000000e+03  1.77000000e+00 -1.12771954e-03  3.47734475e-01  5.93958599e-02  1.00279000e+02  1.13110000e+01  1.37848000e+05 -1.91127000e-01 
 1.78000000e+00  1.94000000e+03  1.78000000e+00 -1.13852057e-03  3.47734475e-01  5.93958599e-02  1.00279000e+02  1.13110000e+01  1.37848000e+05 -1.91127000e-01 
 1.79000000e+00  1.94000000e+03  1.79000000e+00 -1.14931116e-03  3.47734475e-01  5.93958599e-02  1.00279000e+02  1.13110000e+01  1.37848000e+05 -1.91127000e-01 
 1.80000000e+00  1.94000000e+03  1.80000000e+00 -1.16009123e-03  3.47734475e-01  5.93958599e-02  1.00279000e+02  1.13110000e+01  1.37848000e+05 -1.91127000e-01 
