 v-sweep         run_num         v(gate)         i(vds)          out_vth0        out_u0          out_rdsw        out_nfactor     out_vsat        out_eta0       
 0.00000000e+00  2.14300000e+03  0.00000000e+00 -1.85137576e-12  3.46059241e-01  5.89491308e-02  1.00279000e+02  1.13110000e+01  1.37848000e+05 -1.91127000e-01 
 1.00000000e-02  2.14300000e+03  1.00000000e-02 -1.85137603e-12  3.46059241e-01  5.89491308e-02  1.00279000e+02  1.13110000e+01  1.37848000e+05 -1.91127000e-01 
 2.00000000e-02  2.14300000e+03  2.00000000e-02 -1.85137666e-12  3.46059241e-01  5.89491308e-02  1.00279000e+02  1.13110000e+01  1.37848000e+05 -1.91127000e-01 
 3.00000000e-02  2.14300000e+03  3.00000000e-02 -1.85137757e-12  3.46059241e-01  5.89491308e-02  1.00279000e+02  1.13110000e+01  1.37848000e+05 -1.91127000e-01 
 4.00000000e-02  2.14300000e+03  4.00000000e-02 -1.85137904e-12  3.46059241e-01  5.89491308e-02  1.00279000e+02  1.13110000e+01  1.37848000e+05 -1.91127000e-01 
 5.00000000e-02  2.14300000e+03  5.00000000e-02 -1.85138142e-12  3.46059241e-01  5.89491308e-02  1.00279000e+02  1.13110000e+01  1.37848000e+05 -1.91127000e-01 
 6.00000000e-02  2.14300000e+03  6.00000000e-02 -1.85138527e-12  3.46059241e-01  5.89491308e-02  1.00279000e+02  1.13110000e+01  1.37848000e+05 -1.91127000e-01 
 7.00000000e-02  2.14300000e+03  7.00000000e-02 -1.85139152e-12  3.46059241e-01  5.89491308e-02  1.00279000e+02  1.13110000e+01  1.37848000e+05 -1.91127000e-01 
 8.00000000e-02  2.14300000e+03  8.00000000e-02 -1.85140163e-12  3.46059241e-01  5.89491308e-02  1.00279000e+02  1.13110000e+01  1.37848000e+05 -1.91127000e-01 
 9.00000000e-02  2.14300000e+03  9.00000000e-02 -1.85141802e-12  3.46059241e-01  5.89491308e-02  1.00279000e+02  1.13110000e+01  1.37848000e+05 -1.91127000e-01 
 1.00000000e-01  2.14300000e+03  1.00000000e-01 -1.85144457e-12  3.46059241e-01  5.89491308e-02  1.00279000e+02  1.13110000e+01  1.37848000e+05 -1.91127000e-01 
 1.10000000e-01  2.14300000e+03  1.10000000e-01 -1.85148759e-12  3.46059241e-01  5.89491308e-02  1.00279000e+02  1.13110000e+01  1.37848000e+05 -1.91127000e-01 
 1.20000000e-01  2.14300000e+03  1.20000000e-01 -1.85155728e-12  3.46059241e-01  5.89491308e-02  1.00279000e+02  1.13110000e+01  1.37848000e+05 -1.91127000e-01 
 1.30000000e-01  2.14300000e+03  1.30000000e-01 -1.85167018e-12  3.46059241e-01  5.89491308e-02  1.00279000e+02  1.13110000e+01  1.37848000e+05 -1.91127000e-01 
 1.40000000e-01  2.14300000e+03  1.40000000e-01 -1.85185308e-12  3.46059241e-01  5.89491308e-02  1.00279000e+02  1.13110000e+01  1.37848000e+05 -1.91127000e-01 
 1.50000000e-01  2.14300000e+03  1.50000000e-01 -1.85214939e-12  3.46059241e-01  5.89491308e-02  1.00279000e+02  1.13110000e+01  1.37848000e+05 -1.91127000e-01 
 1.60000000e-01  2.14300000e+03  1.60000000e-01 -1.85262943e-12  3.46059241e-01  5.89491308e-02  1.00279000e+02  1.13110000e+01  1.37848000e+05 -1.91127000e-01 
 1.70000000e-01  2.14300000e+03  1.70000000e-01 -1.85340712e-12  3.46059241e-01  5.89491308e-02  1.00279000e+02  1.13110000e+01  1.37848000e+05 -1.91127000e-01 
 1.80000000e-01  2.14300000e+03  1.80000000e-01 -1.85466700e-12  3.46059241e-01  5.89491308e-02  1.00279000e+02  1.13110000e+01  1.37848000e+05 -1.91127000e-01 
 1.90000000e-01  2.14300000e+03  1.90000000e-01 -1.85670805e-12  3.46059241e-01  5.89491308e-02  1.00279000e+02  1.13110000e+01  1.37848000e+05 -1.91127000e-01 
 2.00000000e-01  2.14300000e+03  2.00000000e-01 -1.86001461e-12  3.46059241e-01  5.89491308e-02  1.00279000e+02  1.13110000e+01  1.37848000e+05 -1.91127000e-01 
 2.10000000e-01  2.14300000e+03  2.10000000e-01 -1.86537130e-12  3.46059241e-01  5.89491308e-02  1.00279000e+02  1.13110000e+01  1.37848000e+05 -1.91127000e-01 
 2.20000000e-01  2.14300000e+03  2.20000000e-01 -1.87404918e-12  3.46059241e-01  5.89491308e-02  1.00279000e+02  1.13110000e+01  1.37848000e+05 -1.91127000e-01 
 2.30000000e-01  2.14300000e+03  2.30000000e-01 -1.88810730e-12  3.46059241e-01  5.89491308e-02  1.00279000e+02  1.13110000e+01  1.37848000e+05 -1.91127000e-01 
 2.40000000e-01  2.14300000e+03  2.40000000e-01 -1.91088112e-12  3.46059241e-01  5.89491308e-02  1.00279000e+02  1.13110000e+01  1.37848000e+05 -1.91127000e-01 
 2.50000000e-01  2.14300000e+03  2.50000000e-01 -1.94777363e-12  3.46059241e-01  5.89491308e-02  1.00279000e+02  1.13110000e+01  1.37848000e+05 -1.91127000e-01 
 2.60000000e-01  2.14300000e+03  2.60000000e-01 -2.00753669e-12  3.46059241e-01  5.89491308e-02  1.00279000e+02  1.13110000e+01  1.37848000e+05 -1.91127000e-01 
 2.70000000e-01  2.14300000e+03  2.70000000e-01 -2.10434604e-12  3.46059241e-01  5.89491308e-02  1.00279000e+02  1.13110000e+01  1.37848000e+05 -1.91127000e-01 
 2.80000000e-01  2.14300000e+03  2.80000000e-01 -2.26116160e-12  3.46059241e-01  5.89491308e-02  1.00279000e+02  1.13110000e+01  1.37848000e+05 -1.91127000e-01 
 2.90000000e-01  2.14300000e+03  2.90000000e-01 -2.51516805e-12  3.46059241e-01  5.89491308e-02  1.00279000e+02  1.13110000e+01  1.37848000e+05 -1.91127000e-01 
 3.00000000e-01  2.14300000e+03  3.00000000e-01 -2.92658273e-12  3.46059241e-01  5.89491308e-02  1.00279000e+02  1.13110000e+01  1.37848000e+05 -1.91127000e-01 
 3.10000000e-01  2.14300000e+03  3.10000000e-01 -3.59291156e-12  3.46059241e-01  5.89491308e-02  1.00279000e+02  1.13110000e+01  1.37848000e+05 -1.91127000e-01 
 3.20000000e-01  2.14300000e+03  3.20000000e-01 -4.67201756e-12  3.46059241e-01  5.89491308e-02  1.00279000e+02  1.13110000e+01  1.37848000e+05 -1.91127000e-01 
 3.30000000e-01  2.14300000e+03  3.30000000e-01 -6.41943733e-12  3.46059241e-01  5.89491308e-02  1.00279000e+02  1.13110000e+01  1.37848000e+05 -1.91127000e-01 
 3.40000000e-01  2.14300000e+03  3.40000000e-01 -9.24872122e-12  3.46059241e-01  5.89491308e-02  1.00279000e+02  1.13110000e+01  1.37848000e+05 -1.91127000e-01 
 3.50000000e-01  2.14300000e+03  3.50000000e-01 -1.38289522e-11  3.46059241e-01  5.89491308e-02  1.00279000e+02  1.13110000e+01  1.37848000e+05 -1.91127000e-01 
 3.60000000e-01  2.14300000e+03  3.60000000e-01 -2.12422474e-11  3.46059241e-01  5.89491308e-02  1.00279000e+02  1.13110000e+01  1.37848000e+05 -1.91127000e-01 
 3.70000000e-01  2.14300000e+03  3.70000000e-01 -3.32379270e-11  3.46059241e-01  5.89491308e-02  1.00279000e+02  1.13110000e+01  1.37848000e+05 -1.91127000e-01 
 3.80000000e-01  2.14300000e+03  3.80000000e-01 -5.26422464e-11  3.46059241e-01  5.89491308e-02  1.00279000e+02  1.13110000e+01  1.37848000e+05 -1.91127000e-01 
 3.90000000e-01  2.14300000e+03  3.90000000e-01 -8.40180240e-11  3.46059241e-01  5.89491308e-02  1.00279000e+02  1.13110000e+01  1.37848000e+05 -1.91127000e-01 
 4.00000000e-01  2.14300000e+03  4.00000000e-01 -1.34724784e-10  3.46059241e-01  5.89491308e-02  1.00279000e+02  1.13110000e+01  1.37848000e+05 -1.91127000e-01 
 4.10000000e-01  2.14300000e+03  4.10000000e-01 -2.16618970e-10  3.46059241e-01  5.89491308e-02  1.00279000e+02  1.13110000e+01  1.37848000e+05 -1.91127000e-01 
 4.20000000e-01  2.14300000e+03  4.20000000e-01 -3.48773367e-10  3.46059241e-01  5.89491308e-02  1.00279000e+02  1.13110000e+01  1.37848000e+05 -1.91127000e-01 
 4.30000000e-01  2.14300000e+03  4.30000000e-01 -5.61812035e-10  3.46059241e-01  5.89491308e-02  1.00279000e+02  1.13110000e+01  1.37848000e+05 -1.91127000e-01 
 4.40000000e-01  2.14300000e+03  4.40000000e-01 -9.04791361e-10  3.46059241e-01  5.89491308e-02  1.00279000e+02  1.13110000e+01  1.37848000e+05 -1.91127000e-01 
 4.50000000e-01  2.14300000e+03  4.50000000e-01 -1.45606539e-09  3.46059241e-01  5.89491308e-02  1.00279000e+02  1.13110000e+01  1.37848000e+05 -1.91127000e-01 
 4.60000000e-01  2.14300000e+03  4.60000000e-01 -2.34033111e-09  3.46059241e-01  5.89491308e-02  1.00279000e+02  1.13110000e+01  1.37848000e+05 -1.91127000e-01 
 4.70000000e-01  2.14300000e+03  4.70000000e-01 -3.75515651e-09  3.46059241e-01  5.89491308e-02  1.00279000e+02  1.13110000e+01  1.37848000e+05 -1.91127000e-01 
 4.80000000e-01  2.14300000e+03  4.80000000e-01 -6.01187035e-09  3.46059241e-01  5.89491308e-02  1.00279000e+02  1.13110000e+01  1.37848000e+05 -1.91127000e-01 
 4.90000000e-01  2.14300000e+03  4.90000000e-01 -9.59787011e-09  3.46059241e-01  5.89491308e-02  1.00279000e+02  1.13110000e+01  1.37848000e+05 -1.91127000e-01 
 5.00000000e-01  2.14300000e+03  5.00000000e-01 -1.52703121e-08  3.46059241e-01  5.89491308e-02  1.00279000e+02  1.13110000e+01  1.37848000e+05 -1.91127000e-01 
 5.10000000e-01  2.14300000e+03  5.10000000e-01 -2.41949095e-08  3.46059241e-01  5.89491308e-02  1.00279000e+02  1.13110000e+01  1.37848000e+05 -1.91127000e-01 
 5.20000000e-01  2.14300000e+03  5.20000000e-01 -3.81483361e-08  3.46059241e-01  5.89491308e-02  1.00279000e+02  1.13110000e+01  1.37848000e+05 -1.91127000e-01 
 5.30000000e-01  2.14300000e+03  5.30000000e-01 -5.98088494e-08  3.46059241e-01  5.89491308e-02  1.00279000e+02  1.13110000e+01  1.37848000e+05 -1.91127000e-01 
 5.40000000e-01  2.14300000e+03  5.40000000e-01 -9.31679596e-08  3.46059241e-01  5.89491308e-02  1.00279000e+02  1.13110000e+01  1.37848000e+05 -1.91127000e-01 
 5.50000000e-01  2.14300000e+03  5.50000000e-01 -1.44107475e-07  3.46059241e-01  5.89491308e-02  1.00279000e+02  1.13110000e+01  1.37848000e+05 -1.91127000e-01 
 5.60000000e-01  2.14300000e+03  5.60000000e-01 -2.21201523e-07  3.46059241e-01  5.89491308e-02  1.00279000e+02  1.13110000e+01  1.37848000e+05 -1.91127000e-01 
 5.70000000e-01  2.14300000e+03  5.70000000e-01 -3.36817537e-07  3.46059241e-01  5.89491308e-02  1.00279000e+02  1.13110000e+01  1.37848000e+05 -1.91127000e-01 
 5.80000000e-01  2.14300000e+03  5.80000000e-01 -5.08585123e-07  3.46059241e-01  5.89491308e-02  1.00279000e+02  1.13110000e+01  1.37848000e+05 -1.91127000e-01 
 5.90000000e-01  2.14300000e+03  5.90000000e-01 -7.61236113e-07  3.46059241e-01  5.89491308e-02  1.00279000e+02  1.13110000e+01  1.37848000e+05 -1.91127000e-01 
 6.00000000e-01  2.14300000e+03  6.00000000e-01 -1.12863798e-06  3.46059241e-01  5.89491308e-02  1.00279000e+02  1.13110000e+01  1.37848000e+05 -1.91127000e-01 
 6.10000000e-01  2.14300000e+03  6.10000000e-01 -1.65552671e-06  3.46059241e-01  5.89491308e-02  1.00279000e+02  1.13110000e+01  1.37848000e+05 -1.91127000e-01 
 6.20000000e-01  2.14300000e+03  6.20000000e-01 -2.39809393e-06  3.46059241e-01  5.89491308e-02  1.00279000e+02  1.13110000e+01  1.37848000e+05 -1.91127000e-01 
 6.30000000e-01  2.14300000e+03  6.30000000e-01 -3.42245206e-06  3.46059241e-01  5.89491308e-02  1.00279000e+02  1.13110000e+01  1.37848000e+05 -1.91127000e-01 
 6.40000000e-01  2.14300000e+03  6.40000000e-01 -4.80037511e-06  3.46059241e-01  5.89491308e-02  1.00279000e+02  1.13110000e+01  1.37848000e+05 -1.91127000e-01 
 6.50000000e-01  2.14300000e+03  6.50000000e-01 -6.60262575e-06  3.46059241e-01  5.89491308e-02  1.00279000e+02  1.13110000e+01  1.37848000e+05 -1.91127000e-01 
 6.60000000e-01  2.14300000e+03  6.60000000e-01 -8.89124159e-06  3.46059241e-01  5.89491308e-02  1.00279000e+02  1.13110000e+01  1.37848000e+05 -1.91127000e-01 
 6.70000000e-01  2.14300000e+03  6.70000000e-01 -1.17127441e-05  3.46059241e-01  5.89491308e-02  1.00279000e+02  1.13110000e+01  1.37848000e+05 -1.91127000e-01 
 6.80000000e-01  2.14300000e+03  6.80000000e-01 -1.50939709e-05  3.46059241e-01  5.89491308e-02  1.00279000e+02  1.13110000e+01  1.37848000e+05 -1.91127000e-01 
 6.90000000e-01  2.14300000e+03  6.90000000e-01 -1.90412802e-05  3.46059241e-01  5.89491308e-02  1.00279000e+02  1.13110000e+01  1.37848000e+05 -1.91127000e-01 
 7.00000000e-01  2.14300000e+03  7.00000000e-01 -2.35427746e-05  3.46059241e-01  5.89491308e-02  1.00279000e+02  1.13110000e+01  1.37848000e+05 -1.91127000e-01 
 7.10000000e-01  2.14300000e+03  7.10000000e-01 -2.85724657e-05  3.46059241e-01  5.89491308e-02  1.00279000e+02  1.13110000e+01  1.37848000e+05 -1.91127000e-01 
 7.20000000e-01  2.14300000e+03  7.20000000e-01 -3.40951208e-05  3.46059241e-01  5.89491308e-02  1.00279000e+02  1.13110000e+01  1.37848000e+05 -1.91127000e-01 
 7.30000000e-01  2.14300000e+03  7.30000000e-01 -4.00707872e-05  3.46059241e-01  5.89491308e-02  1.00279000e+02  1.13110000e+01  1.37848000e+05 -1.91127000e-01 
 7.40000000e-01  2.14300000e+03  7.40000000e-01 -4.64584143e-05  3.46059241e-01  5.89491308e-02  1.00279000e+02  1.13110000e+01  1.37848000e+05 -1.91127000e-01 
 7.50000000e-01  2.14300000e+03  7.50000000e-01 -5.32183898e-05  3.46059241e-01  5.89491308e-02  1.00279000e+02  1.13110000e+01  1.37848000e+05 -1.91127000e-01 
 7.60000000e-01  2.14300000e+03  7.60000000e-01 -6.03140695e-05  3.46059241e-01  5.89491308e-02  1.00279000e+02  1.13110000e+01  1.37848000e+05 -1.91127000e-01 
 7.70000000e-01  2.14300000e+03  7.70000000e-01 -6.77125116e-05  3.46059241e-01  5.89491308e-02  1.00279000e+02  1.13110000e+01  1.37848000e+05 -1.91127000e-01 
 7.80000000e-01  2.14300000e+03  7.80000000e-01 -7.53846513e-05  3.46059241e-01  5.89491308e-02  1.00279000e+02  1.13110000e+01  1.37848000e+05 -1.91127000e-01 
 7.90000000e-01  2.14300000e+03  7.90000000e-01 -8.33051285e-05  3.46059241e-01  5.89491308e-02  1.00279000e+02  1.13110000e+01  1.37848000e+05 -1.91127000e-01 
 8.00000000e-01  2.14300000e+03  8.00000000e-01 -9.14519282e-05  3.46059241e-01  5.89491308e-02  1.00279000e+02  1.13110000e+01  1.37848000e+05 -1.91127000e-01 
 8.10000000e-01  2.14300000e+03  8.10000000e-01 -9.98059450e-05  3.46059241e-01  5.89491308e-02  1.00279000e+02  1.13110000e+01  1.37848000e+05 -1.91127000e-01 
 8.20000000e-01  2.14300000e+03  8.20000000e-01 -1.08350543e-04  3.46059241e-01  5.89491308e-02  1.00279000e+02  1.13110000e+01  1.37848000e+05 -1.91127000e-01 
 8.30000000e-01  2.14300000e+03  8.30000000e-01 -1.17071150e-04  3.46059241e-01  5.89491308e-02  1.00279000e+02  1.13110000e+01  1.37848000e+05 -1.91127000e-01 
 8.40000000e-01  2.14300000e+03  8.40000000e-01 -1.25954898e-04  3.46059241e-01  5.89491308e-02  1.00279000e+02  1.13110000e+01  1.37848000e+05 -1.91127000e-01 
 8.50000000e-01  2.14300000e+03  8.50000000e-01 -1.34990327e-04  3.46059241e-01  5.89491308e-02  1.00279000e+02  1.13110000e+01  1.37848000e+05 -1.91127000e-01 
 8.60000000e-01  2.14300000e+03  8.60000000e-01 -1.44167138e-04  3.46059241e-01  5.89491308e-02  1.00279000e+02  1.13110000e+01  1.37848000e+05 -1.91127000e-01 
 8.70000000e-01  2.14300000e+03  8.70000000e-01 -1.53475994e-04  3.46059241e-01  5.89491308e-02  1.00279000e+02  1.13110000e+01  1.37848000e+05 -1.91127000e-01 
 8.80000000e-01  2.14300000e+03  8.80000000e-01 -1.62908367e-04  3.46059241e-01  5.89491308e-02  1.00279000e+02  1.13110000e+01  1.37848000e+05 -1.91127000e-01 
 8.90000000e-01  2.14300000e+03  8.90000000e-01 -1.72456409e-04  3.46059241e-01  5.89491308e-02  1.00279000e+02  1.13110000e+01  1.37848000e+05 -1.91127000e-01 
 9.00000000e-01  2.14300000e+03  9.00000000e-01 -1.82112859e-04  3.46059241e-01  5.89491308e-02  1.00279000e+02  1.13110000e+01  1.37848000e+05 -1.91127000e-01 
 9.10000000e-01  2.14300000e+03  9.10000000e-01 -1.91870967e-04  3.46059241e-01  5.89491308e-02  1.00279000e+02  1.13110000e+01  1.37848000e+05 -1.91127000e-01 
 9.20000000e-01  2.14300000e+03  9.20000000e-01 -2.01724431e-04  3.46059241e-01  5.89491308e-02  1.00279000e+02  1.13110000e+01  1.37848000e+05 -1.91127000e-01 
 9.30000000e-01  2.14300000e+03  9.30000000e-01 -2.11667354e-04  3.46059241e-01  5.89491308e-02  1.00279000e+02  1.13110000e+01  1.37848000e+05 -1.91127000e-01 
 9.40000000e-01  2.14300000e+03  9.40000000e-01 -2.21694201e-04  3.46059241e-01  5.89491308e-02  1.00279000e+02  1.13110000e+01  1.37848000e+05 -1.91127000e-01 
 9.50000000e-01  2.14300000e+03  9.50000000e-01 -2.31799771e-04  3.46059241e-01  5.89491308e-02  1.00279000e+02  1.13110000e+01  1.37848000e+05 -1.91127000e-01 
 9.60000000e-01  2.14300000e+03  9.60000000e-01 -2.41979172e-04  3.46059241e-01  5.89491308e-02  1.00279000e+02  1.13110000e+01  1.37848000e+05 -1.91127000e-01 
 9.70000000e-01  2.14300000e+03  9.70000000e-01 -2.52227790e-04  3.46059241e-01  5.89491308e-02  1.00279000e+02  1.13110000e+01  1.37848000e+05 -1.91127000e-01 
 9.80000000e-01  2.14300000e+03  9.80000000e-01 -2.62541283e-04  3.46059241e-01  5.89491308e-02  1.00279000e+02  1.13110000e+01  1.37848000e+05 -1.91127000e-01 
 9.90000000e-01  2.14300000e+03  9.90000000e-01 -2.72915555e-04  3.46059241e-01  5.89491308e-02  1.00279000e+02  1.13110000e+01  1.37848000e+05 -1.91127000e-01 
 1.00000000e+00  2.14300000e+03  1.00000000e+00 -2.83346746e-04  3.46059241e-01  5.89491308e-02  1.00279000e+02  1.13110000e+01  1.37848000e+05 -1.91127000e-01 
 1.01000000e+00  2.14300000e+03  1.01000000e+00 -2.93831213e-04  3.46059241e-01  5.89491308e-02  1.00279000e+02  1.13110000e+01  1.37848000e+05 -1.91127000e-01 
 1.02000000e+00  2.14300000e+03  1.02000000e+00 -3.04365524e-04  3.46059241e-01  5.89491308e-02  1.00279000e+02  1.13110000e+01  1.37848000e+05 -1.91127000e-01 
 1.03000000e+00  2.14300000e+03  1.03000000e+00 -3.14946435e-04  3.46059241e-01  5.89491308e-02  1.00279000e+02  1.13110000e+01  1.37848000e+05 -1.91127000e-01 
 1.04000000e+00  2.14300000e+03  1.04000000e+00 -3.25570891e-04  3.46059241e-01  5.89491308e-02  1.00279000e+02  1.13110000e+01  1.37848000e+05 -1.91127000e-01 
 1.05000000e+00  2.14300000e+03  1.05000000e+00 -3.36236005e-04  3.46059241e-01  5.89491308e-02  1.00279000e+02  1.13110000e+01  1.37848000e+05 -1.91127000e-01 
 1.06000000e+00  2.14300000e+03  1.06000000e+00 -3.46939056e-04  3.46059241e-01  5.89491308e-02  1.00279000e+02  1.13110000e+01  1.37848000e+05 -1.91127000e-01 
 1.07000000e+00  2.14300000e+03  1.07000000e+00 -3.57677474e-04  3.46059241e-01  5.89491308e-02  1.00279000e+02  1.13110000e+01  1.37848000e+05 -1.91127000e-01 
 1.08000000e+00  2.14300000e+03  1.08000000e+00 -3.68448832e-04  3.46059241e-01  5.89491308e-02  1.00279000e+02  1.13110000e+01  1.37848000e+05 -1.91127000e-01 
 1.09000000e+00  2.14300000e+03  1.09000000e+00 -3.79250840e-04  3.46059241e-01  5.89491308e-02  1.00279000e+02  1.13110000e+01  1.37848000e+05 -1.91127000e-01 
 1.10000000e+00  2.14300000e+03  1.10000000e+00 -3.90081336e-04  3.46059241e-01  5.89491308e-02  1.00279000e+02  1.13110000e+01  1.37848000e+05 -1.91127000e-01 
 1.11000000e+00  2.14300000e+03  1.11000000e+00 -4.00938275e-04  3.46059241e-01  5.89491308e-02  1.00279000e+02  1.13110000e+01  1.37848000e+05 -1.91127000e-01 
 1.12000000e+00  2.14300000e+03  1.12000000e+00 -4.11819728e-04  3.46059241e-01  5.89491308e-02  1.00279000e+02  1.13110000e+01  1.37848000e+05 -1.91127000e-01 
 1.13000000e+00  2.14300000e+03  1.13000000e+00 -4.22723870e-04  3.46059241e-01  5.89491308e-02  1.00279000e+02  1.13110000e+01  1.37848000e+05 -1.91127000e-01 
 1.14000000e+00  2.14300000e+03  1.14000000e+00 -4.33648976e-04  3.46059241e-01  5.89491308e-02  1.00279000e+02  1.13110000e+01  1.37848000e+05 -1.91127000e-01 
 1.15000000e+00  2.14300000e+03  1.15000000e+00 -4.44593414e-04  3.46059241e-01  5.89491308e-02  1.00279000e+02  1.13110000e+01  1.37848000e+05 -1.91127000e-01 
 1.16000000e+00  2.14300000e+03  1.16000000e+00 -4.55555641e-04  3.46059241e-01  5.89491308e-02  1.00279000e+02  1.13110000e+01  1.37848000e+05 -1.91127000e-01 
 1.17000000e+00  2.14300000e+03  1.17000000e+00 -4.66534198e-04  3.46059241e-01  5.89491308e-02  1.00279000e+02  1.13110000e+01  1.37848000e+05 -1.91127000e-01 
 1.18000000e+00  2.14300000e+03  1.18000000e+00 -4.77527701e-04  3.46059241e-01  5.89491308e-02  1.00279000e+02  1.13110000e+01  1.37848000e+05 -1.91127000e-01 
 1.19000000e+00  2.14300000e+03  1.19000000e+00 -4.88534843e-04  3.46059241e-01  5.89491308e-02  1.00279000e+02  1.13110000e+01  1.37848000e+05 -1.91127000e-01 
 1.20000000e+00  2.14300000e+03  1.20000000e+00 -4.99554382e-04  3.46059241e-01  5.89491308e-02  1.00279000e+02  1.13110000e+01  1.37848000e+05 -1.91127000e-01 
 1.21000000e+00  2.14300000e+03  1.21000000e+00 -5.10585144e-04  3.46059241e-01  5.89491308e-02  1.00279000e+02  1.13110000e+01  1.37848000e+05 -1.91127000e-01 
 1.22000000e+00  2.14300000e+03  1.22000000e+00 -5.21626014e-04  3.46059241e-01  5.89491308e-02  1.00279000e+02  1.13110000e+01  1.37848000e+05 -1.91127000e-01 
 1.23000000e+00  2.14300000e+03  1.23000000e+00 -5.32675937e-04  3.46059241e-01  5.89491308e-02  1.00279000e+02  1.13110000e+01  1.37848000e+05 -1.91127000e-01 
 1.24000000e+00  2.14300000e+03  1.24000000e+00 -5.43733911e-04  3.46059241e-01  5.89491308e-02  1.00279000e+02  1.13110000e+01  1.37848000e+05 -1.91127000e-01 
 1.25000000e+00  2.14300000e+03  1.25000000e+00 -5.54798985e-04  3.46059241e-01  5.89491308e-02  1.00279000e+02  1.13110000e+01  1.37848000e+05 -1.91127000e-01 
 1.26000000e+00  2.14300000e+03  1.26000000e+00 -5.65870255e-04  3.46059241e-01  5.89491308e-02  1.00279000e+02  1.13110000e+01  1.37848000e+05 -1.91127000e-01 
 1.27000000e+00  2.14300000e+03  1.27000000e+00 -5.76946866e-04  3.46059241e-01  5.89491308e-02  1.00279000e+02  1.13110000e+01  1.37848000e+05 -1.91127000e-01 
 1.28000000e+00  2.14300000e+03  1.28000000e+00 -5.88028003e-04  3.46059241e-01  5.89491308e-02  1.00279000e+02  1.13110000e+01  1.37848000e+05 -1.91127000e-01 
 1.29000000e+00  2.14300000e+03  1.29000000e+00 -5.99112893e-04  3.46059241e-01  5.89491308e-02  1.00279000e+02  1.13110000e+01  1.37848000e+05 -1.91127000e-01 
 1.30000000e+00  2.14300000e+03  1.30000000e+00 -6.10200801e-04  3.46059241e-01  5.89491308e-02  1.00279000e+02  1.13110000e+01  1.37848000e+05 -1.91127000e-01 
 1.31000000e+00  2.14300000e+03  1.31000000e+00 -6.21291027e-04  3.46059241e-01  5.89491308e-02  1.00279000e+02  1.13110000e+01  1.37848000e+05 -1.91127000e-01 
 1.32000000e+00  2.14300000e+03  1.32000000e+00 -6.32382907e-04  3.46059241e-01  5.89491308e-02  1.00279000e+02  1.13110000e+01  1.37848000e+05 -1.91127000e-01 
 1.33000000e+00  2.14300000e+03  1.33000000e+00 -6.43475809e-04  3.46059241e-01  5.89491308e-02  1.00279000e+02  1.13110000e+01  1.37848000e+05 -1.91127000e-01 
 1.34000000e+00  2.14300000e+03  1.34000000e+00 -6.54569132e-04  3.46059241e-01  5.89491308e-02  1.00279000e+02  1.13110000e+01  1.37848000e+05 -1.91127000e-01 
 1.35000000e+00  2.14300000e+03  1.35000000e+00 -6.65662301e-04  3.46059241e-01  5.89491308e-02  1.00279000e+02  1.13110000e+01  1.37848000e+05 -1.91127000e-01 
 1.36000000e+00  2.14300000e+03  1.36000000e+00 -6.76754773e-04  3.46059241e-01  5.89491308e-02  1.00279000e+02  1.13110000e+01  1.37848000e+05 -1.91127000e-01 
 1.37000000e+00  2.14300000e+03  1.37000000e+00 -6.87846029e-04  3.46059241e-01  5.89491308e-02  1.00279000e+02  1.13110000e+01  1.37848000e+05 -1.91127000e-01 
 1.38000000e+00  2.14300000e+03  1.38000000e+00 -6.98935573e-04  3.46059241e-01  5.89491308e-02  1.00279000e+02  1.13110000e+01  1.37848000e+05 -1.91127000e-01 
 1.39000000e+00  2.14300000e+03  1.39000000e+00 -7.10022936e-04  3.46059241e-01  5.89491308e-02  1.00279000e+02  1.13110000e+01  1.37848000e+05 -1.91127000e-01 
 1.40000000e+00  2.14300000e+03  1.40000000e+00 -7.21107667e-04  3.46059241e-01  5.89491308e-02  1.00279000e+02  1.13110000e+01  1.37848000e+05 -1.91127000e-01 
 1.41000000e+00  2.14300000e+03  1.41000000e+00 -7.32189339e-04  3.46059241e-01  5.89491308e-02  1.00279000e+02  1.13110000e+01  1.37848000e+05 -1.91127000e-01 
 1.42000000e+00  2.14300000e+03  1.42000000e+00 -7.43267544e-04  3.46059241e-01  5.89491308e-02  1.00279000e+02  1.13110000e+01  1.37848000e+05 -1.91127000e-01 
 1.43000000e+00  2.14300000e+03  1.43000000e+00 -7.54341894e-04  3.46059241e-01  5.89491308e-02  1.00279000e+02  1.13110000e+01  1.37848000e+05 -1.91127000e-01 
 1.44000000e+00  2.14300000e+03  1.44000000e+00 -7.65412017e-04  3.46059241e-01  5.89491308e-02  1.00279000e+02  1.13110000e+01  1.37848000e+05 -1.91127000e-01 
 1.45000000e+00  2.14300000e+03  1.45000000e+00 -7.76477560e-04  3.46059241e-01  5.89491308e-02  1.00279000e+02  1.13110000e+01  1.37848000e+05 -1.91127000e-01 
 1.46000000e+00  2.14300000e+03  1.46000000e+00 -7.87538185e-04  3.46059241e-01  5.89491308e-02  1.00279000e+02  1.13110000e+01  1.37848000e+05 -1.91127000e-01 
 1.47000000e+00  2.14300000e+03  1.47000000e+00 -7.98593570e-04  3.46059241e-01  5.89491308e-02  1.00279000e+02  1.13110000e+01  1.37848000e+05 -1.91127000e-01 
 1.48000000e+00  2.14300000e+03  1.48000000e+00 -8.09643408e-04  3.46059241e-01  5.89491308e-02  1.00279000e+02  1.13110000e+01  1.37848000e+05 -1.91127000e-01 
 1.49000000e+00  2.14300000e+03  1.49000000e+00 -8.20687406e-04  3.46059241e-01  5.89491308e-02  1.00279000e+02  1.13110000e+01  1.37848000e+05 -1.91127000e-01 
 1.50000000e+00  2.14300000e+03  1.50000000e+00 -8.31725282e-04  3.46059241e-01  5.89491308e-02  1.00279000e+02  1.13110000e+01  1.37848000e+05 -1.91127000e-01 
 1.51000000e+00  2.14300000e+03  1.51000000e+00 -8.42756770e-04  3.46059241e-01  5.89491308e-02  1.00279000e+02  1.13110000e+01  1.37848000e+05 -1.91127000e-01 
 1.52000000e+00  2.14300000e+03  1.52000000e+00 -8.53781615e-04  3.46059241e-01  5.89491308e-02  1.00279000e+02  1.13110000e+01  1.37848000e+05 -1.91127000e-01 
 1.53000000e+00  2.14300000e+03  1.53000000e+00 -8.64799572e-04  3.46059241e-01  5.89491308e-02  1.00279000e+02  1.13110000e+01  1.37848000e+05 -1.91127000e-01 
 1.54000000e+00  2.14300000e+03  1.54000000e+00 -8.75810409e-04  3.46059241e-01  5.89491308e-02  1.00279000e+02  1.13110000e+01  1.37848000e+05 -1.91127000e-01 
 1.55000000e+00  2.14300000e+03  1.55000000e+00 -8.86813902e-04  3.46059241e-01  5.89491308e-02  1.00279000e+02  1.13110000e+01  1.37848000e+05 -1.91127000e-01 
 1.56000000e+00  2.14300000e+03  1.56000000e+00 -8.97809840e-04  3.46059241e-01  5.89491308e-02  1.00279000e+02  1.13110000e+01  1.37848000e+05 -1.91127000e-01 
 1.57000000e+00  2.14300000e+03  1.57000000e+00 -9.08798018e-04  3.46059241e-01  5.89491308e-02  1.00279000e+02  1.13110000e+01  1.37848000e+05 -1.91127000e-01 
 1.58000000e+00  2.14300000e+03  1.58000000e+00 -9.19778242e-04  3.46059241e-01  5.89491308e-02  1.00279000e+02  1.13110000e+01  1.37848000e+05 -1.91127000e-01 
 1.59000000e+00  2.14300000e+03  1.59000000e+00 -9.30750327e-04  3.46059241e-01  5.89491308e-02  1.00279000e+02  1.13110000e+01  1.37848000e+05 -1.91127000e-01 
 1.60000000e+00  2.14300000e+03  1.60000000e+00 -9.41714094e-04  3.46059241e-01  5.89491308e-02  1.00279000e+02  1.13110000e+01  1.37848000e+05 -1.91127000e-01 
 1.61000000e+00  2.14300000e+03  1.61000000e+00 -9.52669375e-04  3.46059241e-01  5.89491308e-02  1.00279000e+02  1.13110000e+01  1.37848000e+05 -1.91127000e-01 
 1.62000000e+00  2.14300000e+03  1.62000000e+00 -9.63616006e-04  3.46059241e-01  5.89491308e-02  1.00279000e+02  1.13110000e+01  1.37848000e+05 -1.91127000e-01 
 1.63000000e+00  2.14300000e+03  1.63000000e+00 -9.74553832e-04  3.46059241e-01  5.89491308e-02  1.00279000e+02  1.13110000e+01  1.37848000e+05 -1.91127000e-01 
 1.64000000e+00  2.14300000e+03  1.64000000e+00 -9.85482704e-04  3.46059241e-01  5.89491308e-02  1.00279000e+02  1.13110000e+01  1.37848000e+05 -1.91127000e-01 
 1.65000000e+00  2.14300000e+03  1.65000000e+00 -9.96402480e-04  3.46059241e-01  5.89491308e-02  1.00279000e+02  1.13110000e+01  1.37848000e+05 -1.91127000e-01 
 1.66000000e+00  2.14300000e+03  1.66000000e+00 -1.00731302e-03  3.46059241e-01  5.89491308e-02  1.00279000e+02  1.13110000e+01  1.37848000e+05 -1.91127000e-01 
 1.67000000e+00  2.14300000e+03  1.67000000e+00 -1.01821420e-03  3.46059241e-01  5.89491308e-02  1.00279000e+02  1.13110000e+01  1.37848000e+05 -1.91127000e-01 
 1.68000000e+00  2.14300000e+03  1.68000000e+00 -1.02910590e-03  3.46059241e-01  5.89491308e-02  1.00279000e+02  1.13110000e+01  1.37848000e+05 -1.91127000e-01 
 1.69000000e+00  2.14300000e+03  1.69000000e+00 -1.03998798e-03  3.46059241e-01  5.89491308e-02  1.00279000e+02  1.13110000e+01  1.37848000e+05 -1.91127000e-01 
 1.70000000e+00  2.14300000e+03  1.70000000e+00 -1.05086035e-03  3.46059241e-01  5.89491308e-02  1.00279000e+02  1.13110000e+01  1.37848000e+05 -1.91127000e-01 
 1.71000000e+00  2.14300000e+03  1.71000000e+00 -1.06172288e-03  3.46059241e-01  5.89491308e-02  1.00279000e+02  1.13110000e+01  1.37848000e+05 -1.91127000e-01 
 1.72000000e+00  2.14300000e+03  1.72000000e+00 -1.07257548e-03  3.46059241e-01  5.89491308e-02  1.00279000e+02  1.13110000e+01  1.37848000e+05 -1.91127000e-01 
 1.73000000e+00  2.14300000e+03  1.73000000e+00 -1.08341804e-03  3.46059241e-01  5.89491308e-02  1.00279000e+02  1.13110000e+01  1.37848000e+05 -1.91127000e-01 
 1.74000000e+00  2.14300000e+03  1.74000000e+00 -1.09425046e-03  3.46059241e-01  5.89491308e-02  1.00279000e+02  1.13110000e+01  1.37848000e+05 -1.91127000e-01 
 1.75000000e+00  2.14300000e+03  1.75000000e+00 -1.10507266e-03  3.46059241e-01  5.89491308e-02  1.00279000e+02  1.13110000e+01  1.37848000e+05 -1.91127000e-01 
 1.76000000e+00  2.14300000e+03  1.76000000e+00 -1.11588454e-03  3.46059241e-01  5.89491308e-02  1.00279000e+02  1.13110000e+01  1.37848000e+05 -1.91127000e-01 
 1.77000000e+00  2.14300000e+03  1.77000000e+00 -1.12668603e-03  3.46059241e-01  5.89491308e-02  1.00279000e+02  1.13110000e+01  1.37848000e+05 -1.91127000e-01 
 1.78000000e+00  2.14300000e+03  1.78000000e+00 -1.13747702e-03  3.46059241e-01  5.89491308e-02  1.00279000e+02  1.13110000e+01  1.37848000e+05 -1.91127000e-01 
 1.79000000e+00  2.14300000e+03  1.79000000e+00 -1.14825746e-03  3.46059241e-01  5.89491308e-02  1.00279000e+02  1.13110000e+01  1.37848000e+05 -1.91127000e-01 
 1.80000000e+00  2.14300000e+03  1.80000000e+00 -1.15902726e-03  3.46059241e-01  5.89491308e-02  1.00279000e+02  1.13110000e+01  1.37848000e+05 -1.91127000e-01 
