 v-sweep         run_num         v(gate)         i(vds)          out_vth0        out_u0          out_rdsw        out_nfactor     out_vsat        out_eta0       
 0.00000000e+00  2.30000000e+03  0.00000000e+00 -1.85137731e-12  3.09083458e-01  4.90889221e-02  1.00279000e+02  1.13110000e+01  1.37848000e+05 -1.91127000e-01 
 1.00000000e-02  2.30000000e+03  1.00000000e-02 -1.85137833e-12  3.09083458e-01  4.90889221e-02  1.00279000e+02  1.13110000e+01  1.37848000e+05 -1.91127000e-01 
 2.00000000e-02  2.30000000e+03  2.00000000e-02 -1.85138074e-12  3.09083458e-01  4.90889221e-02  1.00279000e+02  1.13110000e+01  1.37848000e+05 -1.91127000e-01 
 3.00000000e-02  2.30000000e+03  3.00000000e-02 -1.85138417e-12  3.09083458e-01  4.90889221e-02  1.00279000e+02  1.13110000e+01  1.37848000e+05 -1.91127000e-01 
 4.00000000e-02  2.30000000e+03  4.00000000e-02 -1.85138974e-12  3.09083458e-01  4.90889221e-02  1.00279000e+02  1.13110000e+01  1.37848000e+05 -1.91127000e-01 
 5.00000000e-02  2.30000000e+03  5.00000000e-02 -1.85139875e-12  3.09083458e-01  4.90889221e-02  1.00279000e+02  1.13110000e+01  1.37848000e+05 -1.91127000e-01 
 6.00000000e-02  2.30000000e+03  6.00000000e-02 -1.85141335e-12  3.09083458e-01  4.90889221e-02  1.00279000e+02  1.13110000e+01  1.37848000e+05 -1.91127000e-01 
 7.00000000e-02  2.30000000e+03  7.00000000e-02 -1.85143700e-12  3.09083458e-01  4.90889221e-02  1.00279000e+02  1.13110000e+01  1.37848000e+05 -1.91127000e-01 
 8.00000000e-02  2.30000000e+03  8.00000000e-02 -1.85147533e-12  3.09083458e-01  4.90889221e-02  1.00279000e+02  1.13110000e+01  1.37848000e+05 -1.91127000e-01 
 9.00000000e-02  2.30000000e+03  9.00000000e-02 -1.85153741e-12  3.09083458e-01  4.90889221e-02  1.00279000e+02  1.13110000e+01  1.37848000e+05 -1.91127000e-01 
 1.00000000e-01  2.30000000e+03  1.00000000e-01 -1.85163799e-12  3.09083458e-01  4.90889221e-02  1.00279000e+02  1.13110000e+01  1.37848000e+05 -1.91127000e-01 
 1.10000000e-01  2.30000000e+03  1.10000000e-01 -1.85180094e-12  3.09083458e-01  4.90889221e-02  1.00279000e+02  1.13110000e+01  1.37848000e+05 -1.91127000e-01 
 1.20000000e-01  2.30000000e+03  1.20000000e-01 -1.85206492e-12  3.09083458e-01  4.90889221e-02  1.00279000e+02  1.13110000e+01  1.37848000e+05 -1.91127000e-01 
 1.30000000e-01  2.30000000e+03  1.30000000e-01 -1.85249258e-12  3.09083458e-01  4.90889221e-02  1.00279000e+02  1.13110000e+01  1.37848000e+05 -1.91127000e-01 
 1.40000000e-01  2.30000000e+03  1.40000000e-01 -1.85318540e-12  3.09083458e-01  4.90889221e-02  1.00279000e+02  1.13110000e+01  1.37848000e+05 -1.91127000e-01 
 1.50000000e-01  2.30000000e+03  1.50000000e-01 -1.85430781e-12  3.09083458e-01  4.90889221e-02  1.00279000e+02  1.13110000e+01  1.37848000e+05 -1.91127000e-01 
 1.60000000e-01  2.30000000e+03  1.60000000e-01 -1.85612614e-12  3.09083458e-01  4.90889221e-02  1.00279000e+02  1.13110000e+01  1.37848000e+05 -1.91127000e-01 
 1.70000000e-01  2.30000000e+03  1.70000000e-01 -1.85907187e-12  3.09083458e-01  4.90889221e-02  1.00279000e+02  1.13110000e+01  1.37848000e+05 -1.91127000e-01 
 1.80000000e-01  2.30000000e+03  1.80000000e-01 -1.86384399e-12  3.09083458e-01  4.90889221e-02  1.00279000e+02  1.13110000e+01  1.37848000e+05 -1.91127000e-01 
 1.90000000e-01  2.30000000e+03  1.90000000e-01 -1.87157482e-12  3.09083458e-01  4.90889221e-02  1.00279000e+02  1.13110000e+01  1.37848000e+05 -1.91127000e-01 
 2.00000000e-01  2.30000000e+03  2.00000000e-01 -1.88409863e-12  3.09083458e-01  4.90889221e-02  1.00279000e+02  1.13110000e+01  1.37848000e+05 -1.91127000e-01 
 2.10000000e-01  2.30000000e+03  2.10000000e-01 -1.90438671e-12  3.09083458e-01  4.90889221e-02  1.00279000e+02  1.13110000e+01  1.37848000e+05 -1.91127000e-01 
 2.20000000e-01  2.30000000e+03  2.20000000e-01 -1.93725204e-12  3.09083458e-01  4.90889221e-02  1.00279000e+02  1.13110000e+01  1.37848000e+05 -1.91127000e-01 
 2.30000000e-01  2.30000000e+03  2.30000000e-01 -1.99049054e-12  3.09083458e-01  4.90889221e-02  1.00279000e+02  1.13110000e+01  1.37848000e+05 -1.91127000e-01 
 2.40000000e-01  2.30000000e+03  2.40000000e-01 -2.07672915e-12  3.09083458e-01  4.90889221e-02  1.00279000e+02  1.13110000e+01  1.37848000e+05 -1.91127000e-01 
 2.50000000e-01  2.30000000e+03  2.50000000e-01 -2.21641832e-12  3.09083458e-01  4.90889221e-02  1.00279000e+02  1.13110000e+01  1.37848000e+05 -1.91127000e-01 
 2.60000000e-01  2.30000000e+03  2.60000000e-01 -2.44267661e-12  3.09083458e-01  4.90889221e-02  1.00279000e+02  1.13110000e+01  1.37848000e+05 -1.91127000e-01 
 2.70000000e-01  2.30000000e+03  2.70000000e-01 -2.80913269e-12  3.09083458e-01  4.90889221e-02  1.00279000e+02  1.13110000e+01  1.37848000e+05 -1.91127000e-01 
 2.80000000e-01  2.30000000e+03  2.80000000e-01 -3.40261582e-12  3.09083458e-01  4.90889221e-02  1.00279000e+02  1.13110000e+01  1.37848000e+05 -1.91127000e-01 
 2.90000000e-01  2.30000000e+03  2.90000000e-01 -4.36368670e-12  3.09083458e-01  4.90889221e-02  1.00279000e+02  1.13110000e+01  1.37848000e+05 -1.91127000e-01 
 3.00000000e-01  2.30000000e+03  3.00000000e-01 -5.91984001e-12  3.09083458e-01  4.90889221e-02  1.00279000e+02  1.13110000e+01  1.37848000e+05 -1.91127000e-01 
 3.10000000e-01  2.30000000e+03  3.10000000e-01 -8.43917371e-12  3.09083458e-01  4.90889221e-02  1.00279000e+02  1.13110000e+01  1.37848000e+05 -1.91127000e-01 
 3.20000000e-01  2.30000000e+03  3.20000000e-01 -1.25170886e-11  3.09083458e-01  4.90889221e-02  1.00279000e+02  1.13110000e+01  1.37848000e+05 -1.91127000e-01 
 3.30000000e-01  2.30000000e+03  3.30000000e-01 -1.91162380e-11  3.09083458e-01  4.90889221e-02  1.00279000e+02  1.13110000e+01  1.37848000e+05 -1.91127000e-01 
 3.40000000e-01  2.30000000e+03  3.40000000e-01 -2.97922118e-11  3.09083458e-01  4.90889221e-02  1.00279000e+02  1.13110000e+01  1.37848000e+05 -1.91127000e-01 
 3.50000000e-01  2.30000000e+03  3.50000000e-01 -4.70570248e-11  3.09083458e-01  4.90889221e-02  1.00279000e+02  1.13110000e+01  1.37848000e+05 -1.91127000e-01 
 3.60000000e-01  2.30000000e+03  3.60000000e-01 -7.49636343e-11  3.09083458e-01  4.90889221e-02  1.00279000e+02  1.13110000e+01  1.37848000e+05 -1.91127000e-01 
 3.70000000e-01  2.30000000e+03  3.70000000e-01 -1.20044026e-10  3.09083458e-01  4.90889221e-02  1.00279000e+02  1.13110000e+01  1.37848000e+05 -1.91127000e-01 
 3.80000000e-01  2.30000000e+03  3.80000000e-01 -1.92810972e-10  3.09083458e-01  4.90889221e-02  1.00279000e+02  1.13110000e+01  1.37848000e+05 -1.91127000e-01 
 3.90000000e-01  2.30000000e+03  3.90000000e-01 -3.10154617e-10  3.09083458e-01  4.90889221e-02  1.00279000e+02  1.13110000e+01  1.37848000e+05 -1.91127000e-01 
 4.00000000e-01  2.30000000e+03  4.00000000e-01 -4.99152023e-10  3.09083458e-01  4.90889221e-02  1.00279000e+02  1.13110000e+01  1.37848000e+05 -1.91127000e-01 
 4.10000000e-01  2.30000000e+03  4.10000000e-01 -8.03093069e-10  3.09083458e-01  4.90889221e-02  1.00279000e+02  1.13110000e+01  1.37848000e+05 -1.91127000e-01 
 4.20000000e-01  2.30000000e+03  4.20000000e-01 -1.29095438e-09  3.09083458e-01  4.90889221e-02  1.00279000e+02  1.13110000e+01  1.37848000e+05 -1.91127000e-01 
 4.30000000e-01  2.30000000e+03  4.30000000e-01 -2.07218342e-09  3.09083458e-01  4.90889221e-02  1.00279000e+02  1.13110000e+01  1.37848000e+05 -1.91127000e-01 
 4.40000000e-01  2.30000000e+03  4.40000000e-01 -3.31956133e-09  3.09083458e-01  4.90889221e-02  1.00279000e+02  1.13110000e+01  1.37848000e+05 -1.91127000e-01 
 4.50000000e-01  2.30000000e+03  4.50000000e-01 -5.30417893e-09  3.09083458e-01  4.90889221e-02  1.00279000e+02  1.13110000e+01  1.37848000e+05 -1.91127000e-01 
 4.60000000e-01  2.30000000e+03  4.60000000e-01 -8.44827492e-09  3.09083458e-01  4.90889221e-02  1.00279000e+02  1.13110000e+01  1.37848000e+05 -1.91127000e-01 
 4.70000000e-01  2.30000000e+03  4.70000000e-01 -1.34039351e-08  3.09083458e-01  4.90889221e-02  1.00279000e+02  1.13110000e+01  1.37848000e+05 -1.91127000e-01 
 4.80000000e-01  2.30000000e+03  4.80000000e-01 -2.11685465e-08  3.09083458e-01  4.90889221e-02  1.00279000e+02  1.13110000e+01  1.37848000e+05 -1.91127000e-01 
 4.90000000e-01  2.30000000e+03  4.90000000e-01 -3.32516434e-08  3.09083458e-01  4.90889221e-02  1.00279000e+02  1.13110000e+01  1.37848000e+05 -1.91127000e-01 
 5.00000000e-01  2.30000000e+03  5.00000000e-01 -5.19128360e-08  3.09083458e-01  4.90889221e-02  1.00279000e+02  1.13110000e+01  1.37848000e+05 -1.91127000e-01 
 5.10000000e-01  2.30000000e+03  5.10000000e-01 -8.04977152e-08  3.09083458e-01  4.90889221e-02  1.00279000e+02  1.13110000e+01  1.37848000e+05 -1.91127000e-01 
 5.20000000e-01  2.30000000e+03  5.20000000e-01 -1.23908801e-07  3.09083458e-01  4.90889221e-02  1.00279000e+02  1.13110000e+01  1.37848000e+05 -1.91127000e-01 
 5.30000000e-01  2.30000000e+03  5.30000000e-01 -1.89260533e-07  3.09083458e-01  4.90889221e-02  1.00279000e+02  1.13110000e+01  1.37848000e+05 -1.91127000e-01 
 5.40000000e-01  2.30000000e+03  5.40000000e-01 -2.86772841e-07  3.09083458e-01  4.90889221e-02  1.00279000e+02  1.13110000e+01  1.37848000e+05 -1.91127000e-01 
 5.50000000e-01  2.30000000e+03  5.50000000e-01 -4.30935366e-07  3.09083458e-01  4.90889221e-02  1.00279000e+02  1.13110000e+01  1.37848000e+05 -1.91127000e-01 
 5.60000000e-01  2.30000000e+03  5.60000000e-01 -6.41888998e-07  3.09083458e-01  4.90889221e-02  1.00279000e+02  1.13110000e+01  1.37848000e+05 -1.91127000e-01 
 5.70000000e-01  2.30000000e+03  5.70000000e-01 -9.46796015e-07  3.09083458e-01  4.90889221e-02  1.00279000e+02  1.13110000e+01  1.37848000e+05 -1.91127000e-01 
 5.80000000e-01  2.30000000e+03  5.80000000e-01 -1.38073503e-06  3.09083458e-01  4.90889221e-02  1.00279000e+02  1.13110000e+01  1.37848000e+05 -1.91127000e-01 
 5.90000000e-01  2.30000000e+03  5.90000000e-01 -1.98649105e-06  3.09083458e-01  4.90889221e-02  1.00279000e+02  1.13110000e+01  1.37848000e+05 -1.91127000e-01 
 6.00000000e-01  2.30000000e+03  6.00000000e-01 -2.81270377e-06  3.09083458e-01  4.90889221e-02  1.00279000e+02  1.13110000e+01  1.37848000e+05 -1.91127000e-01 
 6.10000000e-01  2.30000000e+03  6.10000000e-01 -3.91028787e-06  3.09083458e-01  4.90889221e-02  1.00279000e+02  1.13110000e+01  1.37848000e+05 -1.91127000e-01 
 6.20000000e-01  2.30000000e+03  6.20000000e-01 -5.32770443e-06  3.09083458e-01  4.90889221e-02  1.00279000e+02  1.13110000e+01  1.37848000e+05 -1.91127000e-01 
 6.30000000e-01  2.30000000e+03  6.30000000e-01 -7.10618875e-06  3.09083458e-01  4.90889221e-02  1.00279000e+02  1.13110000e+01  1.37848000e+05 -1.91127000e-01 
 6.40000000e-01  2.30000000e+03  6.40000000e-01 -9.27611022e-06  3.09083458e-01  4.90889221e-02  1.00279000e+02  1.13110000e+01  1.37848000e+05 -1.91127000e-01 
 6.50000000e-01  2.30000000e+03  6.50000000e-01 -1.18552207e-05  3.09083458e-01  4.90889221e-02  1.00279000e+02  1.13110000e+01  1.37848000e+05 -1.91127000e-01 
 6.60000000e-01  2.30000000e+03  6.60000000e-01 -1.48488956e-05  3.09083458e-01  4.90889221e-02  1.00279000e+02  1.13110000e+01  1.37848000e+05 -1.91127000e-01 
 6.70000000e-01  2.30000000e+03  6.70000000e-01 -1.82519185e-05  3.09083458e-01  4.90889221e-02  1.00279000e+02  1.13110000e+01  1.37848000e+05 -1.91127000e-01 
 6.80000000e-01  2.30000000e+03  6.80000000e-01 -2.20511015e-05  3.09083458e-01  4.90889221e-02  1.00279000e+02  1.13110000e+01  1.37848000e+05 -1.91127000e-01 
 6.90000000e-01  2.30000000e+03  6.90000000e-01 -2.62280661e-05  3.09083458e-01  4.90889221e-02  1.00279000e+02  1.13110000e+01  1.37848000e+05 -1.91127000e-01 
 7.00000000e-01  2.30000000e+03  7.00000000e-01 -3.07617094e-05  3.09083458e-01  4.90889221e-02  1.00279000e+02  1.13110000e+01  1.37848000e+05 -1.91127000e-01 
 7.10000000e-01  2.30000000e+03  7.10000000e-01 -3.56301188e-05  3.09083458e-01  4.90889221e-02  1.00279000e+02  1.13110000e+01  1.37848000e+05 -1.91127000e-01 
 7.20000000e-01  2.30000000e+03  7.20000000e-01 -4.08118914e-05  3.09083458e-01  4.90889221e-02  1.00279000e+02  1.13110000e+01  1.37848000e+05 -1.91127000e-01 
 7.30000000e-01  2.30000000e+03  7.30000000e-01 -4.62869260e-05  3.09083458e-01  4.90889221e-02  1.00279000e+02  1.13110000e+01  1.37848000e+05 -1.91127000e-01 
 7.40000000e-01  2.30000000e+03  7.40000000e-01 -5.20368084e-05  3.09083458e-01  4.90889221e-02  1.00279000e+02  1.13110000e+01  1.37848000e+05 -1.91127000e-01 
 7.50000000e-01  2.30000000e+03  7.50000000e-01 -5.80449149e-05  3.09083458e-01  4.90889221e-02  1.00279000e+02  1.13110000e+01  1.37848000e+05 -1.91127000e-01 
 7.60000000e-01  2.30000000e+03  7.60000000e-01 -6.42963396e-05  3.09083458e-01  4.90889221e-02  1.00279000e+02  1.13110000e+01  1.37848000e+05 -1.91127000e-01 
 7.70000000e-01  2.30000000e+03  7.70000000e-01 -7.07777272e-05  3.09083458e-01  4.90889221e-02  1.00279000e+02  1.13110000e+01  1.37848000e+05 -1.91127000e-01 
 7.80000000e-01  2.30000000e+03  7.80000000e-01 -7.74770680e-05  3.09083458e-01  4.90889221e-02  1.00279000e+02  1.13110000e+01  1.37848000e+05 -1.91127000e-01 
 7.90000000e-01  2.30000000e+03  7.90000000e-01 -8.43834874e-05  3.09083458e-01  4.90889221e-02  1.00279000e+02  1.13110000e+01  1.37848000e+05 -1.91127000e-01 
 8.00000000e-01  2.30000000e+03  8.00000000e-01 -9.14870526e-05  3.09083458e-01  4.90889221e-02  1.00279000e+02  1.13110000e+01  1.37848000e+05 -1.91127000e-01 
 8.10000000e-01  2.30000000e+03  8.10000000e-01 -9.87786051e-05  3.09083458e-01  4.90889221e-02  1.00279000e+02  1.13110000e+01  1.37848000e+05 -1.91127000e-01 
 8.20000000e-01  2.30000000e+03  8.20000000e-01 -1.06249620e-04  3.09083458e-01  4.90889221e-02  1.00279000e+02  1.13110000e+01  1.37848000e+05 -1.91127000e-01 
 8.30000000e-01  2.30000000e+03  8.30000000e-01 -1.13892097e-04  3.09083458e-01  4.90889221e-02  1.00279000e+02  1.13110000e+01  1.37848000e+05 -1.91127000e-01 
 8.40000000e-01  2.30000000e+03  8.40000000e-01 -1.21698466e-04  3.09083458e-01  4.90889221e-02  1.00279000e+02  1.13110000e+01  1.37848000e+05 -1.91127000e-01 
 8.50000000e-01  2.30000000e+03  8.50000000e-01 -1.29661529e-04  3.09083458e-01  4.90889221e-02  1.00279000e+02  1.13110000e+01  1.37848000e+05 -1.91127000e-01 
 8.60000000e-01  2.30000000e+03  8.60000000e-01 -1.37774402e-04  3.09083458e-01  4.90889221e-02  1.00279000e+02  1.13110000e+01  1.37848000e+05 -1.91127000e-01 
 8.70000000e-01  2.30000000e+03  8.70000000e-01 -1.46030483e-04  3.09083458e-01  4.90889221e-02  1.00279000e+02  1.13110000e+01  1.37848000e+05 -1.91127000e-01 
 8.80000000e-01  2.30000000e+03  8.80000000e-01 -1.54423424e-04  3.09083458e-01  4.90889221e-02  1.00279000e+02  1.13110000e+01  1.37848000e+05 -1.91127000e-01 
 8.90000000e-01  2.30000000e+03  8.90000000e-01 -1.62947108e-04  3.09083458e-01  4.90889221e-02  1.00279000e+02  1.13110000e+01  1.37848000e+05 -1.91127000e-01 
 9.00000000e-01  2.30000000e+03  9.00000000e-01 -1.71595643e-04  3.09083458e-01  4.90889221e-02  1.00279000e+02  1.13110000e+01  1.37848000e+05 -1.91127000e-01 
 9.10000000e-01  2.30000000e+03  9.10000000e-01 -1.80363343e-04  3.09083458e-01  4.90889221e-02  1.00279000e+02  1.13110000e+01  1.37848000e+05 -1.91127000e-01 
 9.20000000e-01  2.30000000e+03  9.20000000e-01 -1.89244730e-04  3.09083458e-01  4.90889221e-02  1.00279000e+02  1.13110000e+01  1.37848000e+05 -1.91127000e-01 
 9.30000000e-01  2.30000000e+03  9.30000000e-01 -1.98234519e-04  3.09083458e-01  4.90889221e-02  1.00279000e+02  1.13110000e+01  1.37848000e+05 -1.91127000e-01 
 9.40000000e-01  2.30000000e+03  9.40000000e-01 -2.07327620e-04  3.09083458e-01  4.90889221e-02  1.00279000e+02  1.13110000e+01  1.37848000e+05 -1.91127000e-01 
 9.50000000e-01  2.30000000e+03  9.50000000e-01 -2.16519132e-04  3.09083458e-01  4.90889221e-02  1.00279000e+02  1.13110000e+01  1.37848000e+05 -1.91127000e-01 
 9.60000000e-01  2.30000000e+03  9.60000000e-01 -2.25804339e-04  3.09083458e-01  4.90889221e-02  1.00279000e+02  1.13110000e+01  1.37848000e+05 -1.91127000e-01 
 9.70000000e-01  2.30000000e+03  9.70000000e-01 -2.35178700e-04  3.09083458e-01  4.90889221e-02  1.00279000e+02  1.13110000e+01  1.37848000e+05 -1.91127000e-01 
 9.80000000e-01  2.30000000e+03  9.80000000e-01 -2.44637857e-04  3.09083458e-01  4.90889221e-02  1.00279000e+02  1.13110000e+01  1.37848000e+05 -1.91127000e-01 
 9.90000000e-01  2.30000000e+03  9.90000000e-01 -2.54177622e-04  3.09083458e-01  4.90889221e-02  1.00279000e+02  1.13110000e+01  1.37848000e+05 -1.91127000e-01 
 1.00000000e+00  2.30000000e+03  1.00000000e+00 -2.63793975e-04  3.09083458e-01  4.90889221e-02  1.00279000e+02  1.13110000e+01  1.37848000e+05 -1.91127000e-01 
 1.01000000e+00  2.30000000e+03  1.01000000e+00 -2.73483061e-04  3.09083458e-01  4.90889221e-02  1.00279000e+02  1.13110000e+01  1.37848000e+05 -1.91127000e-01 
 1.02000000e+00  2.30000000e+03  1.02000000e+00 -2.83241182e-04  3.09083458e-01  4.90889221e-02  1.00279000e+02  1.13110000e+01  1.37848000e+05 -1.91127000e-01 
 1.03000000e+00  2.30000000e+03  1.03000000e+00 -2.93064793e-04  3.09083458e-01  4.90889221e-02  1.00279000e+02  1.13110000e+01  1.37848000e+05 -1.91127000e-01 
 1.04000000e+00  2.30000000e+03  1.04000000e+00 -3.02950497e-04  3.09083458e-01  4.90889221e-02  1.00279000e+02  1.13110000e+01  1.37848000e+05 -1.91127000e-01 
 1.05000000e+00  2.30000000e+03  1.05000000e+00 -3.12895040e-04  3.09083458e-01  4.90889221e-02  1.00279000e+02  1.13110000e+01  1.37848000e+05 -1.91127000e-01 
 1.06000000e+00  2.30000000e+03  1.06000000e+00 -3.22895305e-04  3.09083458e-01  4.90889221e-02  1.00279000e+02  1.13110000e+01  1.37848000e+05 -1.91127000e-01 
 1.07000000e+00  2.30000000e+03  1.07000000e+00 -3.32948308e-04  3.09083458e-01  4.90889221e-02  1.00279000e+02  1.13110000e+01  1.37848000e+05 -1.91127000e-01 
 1.08000000e+00  2.30000000e+03  1.08000000e+00 -3.43051192e-04  3.09083458e-01  4.90889221e-02  1.00279000e+02  1.13110000e+01  1.37848000e+05 -1.91127000e-01 
 1.09000000e+00  2.30000000e+03  1.09000000e+00 -3.53201221e-04  3.09083458e-01  4.90889221e-02  1.00279000e+02  1.13110000e+01  1.37848000e+05 -1.91127000e-01 
 1.10000000e+00  2.30000000e+03  1.10000000e+00 -3.63395775e-04  3.09083458e-01  4.90889221e-02  1.00279000e+02  1.13110000e+01  1.37848000e+05 -1.91127000e-01 
 1.11000000e+00  2.30000000e+03  1.11000000e+00 -3.73632349e-04  3.09083458e-01  4.90889221e-02  1.00279000e+02  1.13110000e+01  1.37848000e+05 -1.91127000e-01 
 1.12000000e+00  2.30000000e+03  1.12000000e+00 -3.83908542e-04  3.09083458e-01  4.90889221e-02  1.00279000e+02  1.13110000e+01  1.37848000e+05 -1.91127000e-01 
 1.13000000e+00  2.30000000e+03  1.13000000e+00 -3.94222057e-04  3.09083458e-01  4.90889221e-02  1.00279000e+02  1.13110000e+01  1.37848000e+05 -1.91127000e-01 
 1.14000000e+00  2.30000000e+03  1.14000000e+00 -4.04570695e-04  3.09083458e-01  4.90889221e-02  1.00279000e+02  1.13110000e+01  1.37848000e+05 -1.91127000e-01 
 1.15000000e+00  2.30000000e+03  1.15000000e+00 -4.14952350e-04  3.09083458e-01  4.90889221e-02  1.00279000e+02  1.13110000e+01  1.37848000e+05 -1.91127000e-01 
 1.16000000e+00  2.30000000e+03  1.16000000e+00 -4.25365006e-04  3.09083458e-01  4.90889221e-02  1.00279000e+02  1.13110000e+01  1.37848000e+05 -1.91127000e-01 
 1.17000000e+00  2.30000000e+03  1.17000000e+00 -4.35806732e-04  3.09083458e-01  4.90889221e-02  1.00279000e+02  1.13110000e+01  1.37848000e+05 -1.91127000e-01 
 1.18000000e+00  2.30000000e+03  1.18000000e+00 -4.46275678e-04  3.09083458e-01  4.90889221e-02  1.00279000e+02  1.13110000e+01  1.37848000e+05 -1.91127000e-01 
 1.19000000e+00  2.30000000e+03  1.19000000e+00 -4.56770073e-04  3.09083458e-01  4.90889221e-02  1.00279000e+02  1.13110000e+01  1.37848000e+05 -1.91127000e-01 
 1.20000000e+00  2.30000000e+03  1.20000000e+00 -4.67288220e-04  3.09083458e-01  4.90889221e-02  1.00279000e+02  1.13110000e+01  1.37848000e+05 -1.91127000e-01 
 1.21000000e+00  2.30000000e+03  1.21000000e+00 -4.77828493e-04  3.09083458e-01  4.90889221e-02  1.00279000e+02  1.13110000e+01  1.37848000e+05 -1.91127000e-01 
 1.22000000e+00  2.30000000e+03  1.22000000e+00 -4.88389333e-04  3.09083458e-01  4.90889221e-02  1.00279000e+02  1.13110000e+01  1.37848000e+05 -1.91127000e-01 
 1.23000000e+00  2.30000000e+03  1.23000000e+00 -4.98969246e-04  3.09083458e-01  4.90889221e-02  1.00279000e+02  1.13110000e+01  1.37848000e+05 -1.91127000e-01 
 1.24000000e+00  2.30000000e+03  1.24000000e+00 -5.09566801e-04  3.09083458e-01  4.90889221e-02  1.00279000e+02  1.13110000e+01  1.37848000e+05 -1.91127000e-01 
 1.25000000e+00  2.30000000e+03  1.25000000e+00 -5.20180625e-04  3.09083458e-01  4.90889221e-02  1.00279000e+02  1.13110000e+01  1.37848000e+05 -1.91127000e-01 
 1.26000000e+00  2.30000000e+03  1.26000000e+00 -5.30809399e-04  3.09083458e-01  4.90889221e-02  1.00279000e+02  1.13110000e+01  1.37848000e+05 -1.91127000e-01 
 1.27000000e+00  2.30000000e+03  1.27000000e+00 -5.41451863e-04  3.09083458e-01  4.90889221e-02  1.00279000e+02  1.13110000e+01  1.37848000e+05 -1.91127000e-01 
 1.28000000e+00  2.30000000e+03  1.28000000e+00 -5.52106802e-04  3.09083458e-01  4.90889221e-02  1.00279000e+02  1.13110000e+01  1.37848000e+05 -1.91127000e-01 
 1.29000000e+00  2.30000000e+03  1.29000000e+00 -5.62773056e-04  3.09083458e-01  4.90889221e-02  1.00279000e+02  1.13110000e+01  1.37848000e+05 -1.91127000e-01 
 1.30000000e+00  2.30000000e+03  1.30000000e+00 -5.73449508e-04  3.09083458e-01  4.90889221e-02  1.00279000e+02  1.13110000e+01  1.37848000e+05 -1.91127000e-01 
 1.31000000e+00  2.30000000e+03  1.31000000e+00 -5.84135086e-04  3.09083458e-01  4.90889221e-02  1.00279000e+02  1.13110000e+01  1.37848000e+05 -1.91127000e-01 
 1.32000000e+00  2.30000000e+03  1.32000000e+00 -5.94828763e-04  3.09083458e-01  4.90889221e-02  1.00279000e+02  1.13110000e+01  1.37848000e+05 -1.91127000e-01 
 1.33000000e+00  2.30000000e+03  1.33000000e+00 -6.05529550e-04  3.09083458e-01  4.90889221e-02  1.00279000e+02  1.13110000e+01  1.37848000e+05 -1.91127000e-01 
 1.34000000e+00  2.30000000e+03  1.34000000e+00 -6.16236500e-04  3.09083458e-01  4.90889221e-02  1.00279000e+02  1.13110000e+01  1.37848000e+05 -1.91127000e-01 
 1.35000000e+00  2.30000000e+03  1.35000000e+00 -6.26948701e-04  3.09083458e-01  4.90889221e-02  1.00279000e+02  1.13110000e+01  1.37848000e+05 -1.91127000e-01 
 1.36000000e+00  2.30000000e+03  1.36000000e+00 -6.37665278e-04  3.09083458e-01  4.90889221e-02  1.00279000e+02  1.13110000e+01  1.37848000e+05 -1.91127000e-01 
 1.37000000e+00  2.30000000e+03  1.37000000e+00 -6.48385389e-04  3.09083458e-01  4.90889221e-02  1.00279000e+02  1.13110000e+01  1.37848000e+05 -1.91127000e-01 
 1.38000000e+00  2.30000000e+03  1.38000000e+00 -6.59108227e-04  3.09083458e-01  4.90889221e-02  1.00279000e+02  1.13110000e+01  1.37848000e+05 -1.91127000e-01 
 1.39000000e+00  2.30000000e+03  1.39000000e+00 -6.69833015e-04  3.09083458e-01  4.90889221e-02  1.00279000e+02  1.13110000e+01  1.37848000e+05 -1.91127000e-01 
 1.40000000e+00  2.30000000e+03  1.40000000e+00 -6.80559005e-04  3.09083458e-01  4.90889221e-02  1.00279000e+02  1.13110000e+01  1.37848000e+05 -1.91127000e-01 
 1.41000000e+00  2.30000000e+03  1.41000000e+00 -6.91285478e-04  3.09083458e-01  4.90889221e-02  1.00279000e+02  1.13110000e+01  1.37848000e+05 -1.91127000e-01 
 1.42000000e+00  2.30000000e+03  1.42000000e+00 -7.02011745e-04  3.09083458e-01  4.90889221e-02  1.00279000e+02  1.13110000e+01  1.37848000e+05 -1.91127000e-01 
 1.43000000e+00  2.30000000e+03  1.43000000e+00 -7.12737140e-04  3.09083458e-01  4.90889221e-02  1.00279000e+02  1.13110000e+01  1.37848000e+05 -1.91127000e-01 
 1.44000000e+00  2.30000000e+03  1.44000000e+00 -7.23461025e-04  3.09083458e-01  4.90889221e-02  1.00279000e+02  1.13110000e+01  1.37848000e+05 -1.91127000e-01 
 1.45000000e+00  2.30000000e+03  1.45000000e+00 -7.34182783e-04  3.09083458e-01  4.90889221e-02  1.00279000e+02  1.13110000e+01  1.37848000e+05 -1.91127000e-01 
 1.46000000e+00  2.30000000e+03  1.46000000e+00 -7.44901823e-04  3.09083458e-01  4.90889221e-02  1.00279000e+02  1.13110000e+01  1.37848000e+05 -1.91127000e-01 
 1.47000000e+00  2.30000000e+03  1.47000000e+00 -7.55617576e-04  3.09083458e-01  4.90889221e-02  1.00279000e+02  1.13110000e+01  1.37848000e+05 -1.91127000e-01 
 1.48000000e+00  2.30000000e+03  1.48000000e+00 -7.66329493e-04  3.09083458e-01  4.90889221e-02  1.00279000e+02  1.13110000e+01  1.37848000e+05 -1.91127000e-01 
 1.49000000e+00  2.30000000e+03  1.49000000e+00 -7.77037045e-04  3.09083458e-01  4.90889221e-02  1.00279000e+02  1.13110000e+01  1.37848000e+05 -1.91127000e-01 
 1.50000000e+00  2.30000000e+03  1.50000000e+00 -7.87739725e-04  3.09083458e-01  4.90889221e-02  1.00279000e+02  1.13110000e+01  1.37848000e+05 -1.91127000e-01 
 1.51000000e+00  2.30000000e+03  1.51000000e+00 -7.98437042e-04  3.09083458e-01  4.90889221e-02  1.00279000e+02  1.13110000e+01  1.37848000e+05 -1.91127000e-01 
 1.52000000e+00  2.30000000e+03  1.52000000e+00 -8.09128526e-04  3.09083458e-01  4.90889221e-02  1.00279000e+02  1.13110000e+01  1.37848000e+05 -1.91127000e-01 
 1.53000000e+00  2.30000000e+03  1.53000000e+00 -8.19813722e-04  3.09083458e-01  4.90889221e-02  1.00279000e+02  1.13110000e+01  1.37848000e+05 -1.91127000e-01 
 1.54000000e+00  2.30000000e+03  1.54000000e+00 -8.30492191e-04  3.09083458e-01  4.90889221e-02  1.00279000e+02  1.13110000e+01  1.37848000e+05 -1.91127000e-01 
 1.55000000e+00  2.30000000e+03  1.55000000e+00 -8.41163513e-04  3.09083458e-01  4.90889221e-02  1.00279000e+02  1.13110000e+01  1.37848000e+05 -1.91127000e-01 
 1.56000000e+00  2.30000000e+03  1.56000000e+00 -8.51827280e-04  3.09083458e-01  4.90889221e-02  1.00279000e+02  1.13110000e+01  1.37848000e+05 -1.91127000e-01 
 1.57000000e+00  2.30000000e+03  1.57000000e+00 -8.62483102e-04  3.09083458e-01  4.90889221e-02  1.00279000e+02  1.13110000e+01  1.37848000e+05 -1.91127000e-01 
 1.58000000e+00  2.30000000e+03  1.58000000e+00 -8.73130600e-04  3.09083458e-01  4.90889221e-02  1.00279000e+02  1.13110000e+01  1.37848000e+05 -1.91127000e-01 
 1.59000000e+00  2.30000000e+03  1.59000000e+00 -8.83769411e-04  3.09083458e-01  4.90889221e-02  1.00279000e+02  1.13110000e+01  1.37848000e+05 -1.91127000e-01 
 1.60000000e+00  2.30000000e+03  1.60000000e+00 -8.94399182e-04  3.09083458e-01  4.90889221e-02  1.00279000e+02  1.13110000e+01  1.37848000e+05 -1.91127000e-01 
 1.61000000e+00  2.30000000e+03  1.61000000e+00 -9.05019577e-04  3.09083458e-01  4.90889221e-02  1.00279000e+02  1.13110000e+01  1.37848000e+05 -1.91127000e-01 
 1.62000000e+00  2.30000000e+03  1.62000000e+00 -9.15630267e-04  3.09083458e-01  4.90889221e-02  1.00279000e+02  1.13110000e+01  1.37848000e+05 -1.91127000e-01 
 1.63000000e+00  2.30000000e+03  1.63000000e+00 -9.26230939e-04  3.09083458e-01  4.90889221e-02  1.00279000e+02  1.13110000e+01  1.37848000e+05 -1.91127000e-01 
 1.64000000e+00  2.30000000e+03  1.64000000e+00 -9.36821287e-04  3.09083458e-01  4.90889221e-02  1.00279000e+02  1.13110000e+01  1.37848000e+05 -1.91127000e-01 
 1.65000000e+00  2.30000000e+03  1.65000000e+00 -9.47401020e-04  3.09083458e-01  4.90889221e-02  1.00279000e+02  1.13110000e+01  1.37848000e+05 -1.91127000e-01 
 1.66000000e+00  2.30000000e+03  1.66000000e+00 -9.57969854e-04  3.09083458e-01  4.90889221e-02  1.00279000e+02  1.13110000e+01  1.37848000e+05 -1.91127000e-01 
 1.67000000e+00  2.30000000e+03  1.67000000e+00 -9.68527515e-04  3.09083458e-01  4.90889221e-02  1.00279000e+02  1.13110000e+01  1.37848000e+05 -1.91127000e-01 
 1.68000000e+00  2.30000000e+03  1.68000000e+00 -9.79073741e-04  3.09083458e-01  4.90889221e-02  1.00279000e+02  1.13110000e+01  1.37848000e+05 -1.91127000e-01 
 1.69000000e+00  2.30000000e+03  1.69000000e+00 -9.89608276e-04  3.09083458e-01  4.90889221e-02  1.00279000e+02  1.13110000e+01  1.37848000e+05 -1.91127000e-01 
 1.70000000e+00  2.30000000e+03  1.70000000e+00 -1.00013088e-03  3.09083458e-01  4.90889221e-02  1.00279000e+02  1.13110000e+01  1.37848000e+05 -1.91127000e-01 
 1.71000000e+00  2.30000000e+03  1.71000000e+00 -1.01064130e-03  3.09083458e-01  4.90889221e-02  1.00279000e+02  1.13110000e+01  1.37848000e+05 -1.91127000e-01 
 1.72000000e+00  2.30000000e+03  1.72000000e+00 -1.02113933e-03  3.09083458e-01  4.90889221e-02  1.00279000e+02  1.13110000e+01  1.37848000e+05 -1.91127000e-01 
 1.73000000e+00  2.30000000e+03  1.73000000e+00 -1.03162473e-03  3.09083458e-01  4.90889221e-02  1.00279000e+02  1.13110000e+01  1.37848000e+05 -1.91127000e-01 
 1.74000000e+00  2.30000000e+03  1.74000000e+00 -1.04209729e-03  3.09083458e-01  4.90889221e-02  1.00279000e+02  1.13110000e+01  1.37848000e+05 -1.91127000e-01 
 1.75000000e+00  2.30000000e+03  1.75000000e+00 -1.05255680e-03  3.09083458e-01  4.90889221e-02  1.00279000e+02  1.13110000e+01  1.37848000e+05 -1.91127000e-01 
 1.76000000e+00  2.30000000e+03  1.76000000e+00 -1.06300308e-03  3.09083458e-01  4.90889221e-02  1.00279000e+02  1.13110000e+01  1.37848000e+05 -1.91127000e-01 
 1.77000000e+00  2.30000000e+03  1.77000000e+00 -1.07343591e-03  3.09083458e-01  4.90889221e-02  1.00279000e+02  1.13110000e+01  1.37848000e+05 -1.91127000e-01 
 1.78000000e+00  2.30000000e+03  1.78000000e+00 -1.08385512e-03  3.09083458e-01  4.90889221e-02  1.00279000e+02  1.13110000e+01  1.37848000e+05 -1.91127000e-01 
 1.79000000e+00  2.30000000e+03  1.79000000e+00 -1.09426053e-03  3.09083458e-01  4.90889221e-02  1.00279000e+02  1.13110000e+01  1.37848000e+05 -1.91127000e-01 
 1.80000000e+00  2.30000000e+03  1.80000000e+00 -1.10465196e-03  3.09083458e-01  4.90889221e-02  1.00279000e+02  1.13110000e+01  1.37848000e+05 -1.91127000e-01 
