 v-sweep         run_num         v(gate)         i(vds)          out_vth0        out_u0          out_rdsw        out_nfactor     out_vsat        out_eta0       
 0.00000000e+00  3.95400000e+03  0.00000000e+00 -1.85137539e-12  3.73047614e-01  6.61460303e-02  1.00279000e+02  1.13110000e+01  1.37848000e+05 -1.91127000e-01 
 1.00000000e-02  3.95400000e+03  1.00000000e-02 -1.85137549e-12  3.73047614e-01  6.61460303e-02  1.00279000e+02  1.13110000e+01  1.37848000e+05 -1.91127000e-01 
 2.00000000e-02  3.95400000e+03  2.00000000e-02 -1.85137571e-12  3.73047614e-01  6.61460303e-02  1.00279000e+02  1.13110000e+01  1.37848000e+05 -1.91127000e-01 
 3.00000000e-02  3.95400000e+03  3.00000000e-02 -1.85137602e-12  3.73047614e-01  6.61460303e-02  1.00279000e+02  1.13110000e+01  1.37848000e+05 -1.91127000e-01 
 4.00000000e-02  3.95400000e+03  4.00000000e-02 -1.85137653e-12  3.73047614e-01  6.61460303e-02  1.00279000e+02  1.13110000e+01  1.37848000e+05 -1.91127000e-01 
 5.00000000e-02  3.95400000e+03  5.00000000e-02 -1.85137736e-12  3.73047614e-01  6.61460303e-02  1.00279000e+02  1.13110000e+01  1.37848000e+05 -1.91127000e-01 
 6.00000000e-02  3.95400000e+03  6.00000000e-02 -1.85137870e-12  3.73047614e-01  6.61460303e-02  1.00279000e+02  1.13110000e+01  1.37848000e+05 -1.91127000e-01 
 7.00000000e-02  3.95400000e+03  7.00000000e-02 -1.85138086e-12  3.73047614e-01  6.61460303e-02  1.00279000e+02  1.13110000e+01  1.37848000e+05 -1.91127000e-01 
 8.00000000e-02  3.95400000e+03  8.00000000e-02 -1.85138437e-12  3.73047614e-01  6.61460303e-02  1.00279000e+02  1.13110000e+01  1.37848000e+05 -1.91127000e-01 
 9.00000000e-02  3.95400000e+03  9.00000000e-02 -1.85139006e-12  3.73047614e-01  6.61460303e-02  1.00279000e+02  1.13110000e+01  1.37848000e+05 -1.91127000e-01 
 1.00000000e-01  3.95400000e+03  1.00000000e-01 -1.85139928e-12  3.73047614e-01  6.61460303e-02  1.00279000e+02  1.13110000e+01  1.37848000e+05 -1.91127000e-01 
 1.10000000e-01  3.95400000e+03  1.10000000e-01 -1.85141421e-12  3.73047614e-01  6.61460303e-02  1.00279000e+02  1.13110000e+01  1.37848000e+05 -1.91127000e-01 
 1.20000000e-01  3.95400000e+03  1.20000000e-01 -1.85143840e-12  3.73047614e-01  6.61460303e-02  1.00279000e+02  1.13110000e+01  1.37848000e+05 -1.91127000e-01 
 1.30000000e-01  3.95400000e+03  1.30000000e-01 -1.85147759e-12  3.73047614e-01  6.61460303e-02  1.00279000e+02  1.13110000e+01  1.37848000e+05 -1.91127000e-01 
 1.40000000e-01  3.95400000e+03  1.40000000e-01 -1.85154107e-12  3.73047614e-01  6.61460303e-02  1.00279000e+02  1.13110000e+01  1.37848000e+05 -1.91127000e-01 
 1.50000000e-01  3.95400000e+03  1.50000000e-01 -1.85164392e-12  3.73047614e-01  6.61460303e-02  1.00279000e+02  1.13110000e+01  1.37848000e+05 -1.91127000e-01 
 1.60000000e-01  3.95400000e+03  1.60000000e-01 -1.85181054e-12  3.73047614e-01  6.61460303e-02  1.00279000e+02  1.13110000e+01  1.37848000e+05 -1.91127000e-01 
 1.70000000e-01  3.95400000e+03  1.70000000e-01 -1.85208047e-12  3.73047614e-01  6.61460303e-02  1.00279000e+02  1.13110000e+01  1.37848000e+05 -1.91127000e-01 
 1.80000000e-01  3.95400000e+03  1.80000000e-01 -1.85251778e-12  3.73047614e-01  6.61460303e-02  1.00279000e+02  1.13110000e+01  1.37848000e+05 -1.91127000e-01 
 1.90000000e-01  3.95400000e+03  1.90000000e-01 -1.85322624e-12  3.73047614e-01  6.61460303e-02  1.00279000e+02  1.13110000e+01  1.37848000e+05 -1.91127000e-01 
 2.00000000e-01  3.95400000e+03  2.00000000e-01 -1.85437397e-12  3.73047614e-01  6.61460303e-02  1.00279000e+02  1.13110000e+01  1.37848000e+05 -1.91127000e-01 
 2.10000000e-01  3.95400000e+03  2.10000000e-01 -1.85623335e-12  3.73047614e-01  6.61460303e-02  1.00279000e+02  1.13110000e+01  1.37848000e+05 -1.91127000e-01 
 2.20000000e-01  3.95400000e+03  2.20000000e-01 -1.85924560e-12  3.73047614e-01  6.61460303e-02  1.00279000e+02  1.13110000e+01  1.37848000e+05 -1.91127000e-01 
 2.30000000e-01  3.95400000e+03  2.30000000e-01 -1.86412551e-12  3.73047614e-01  6.61460303e-02  1.00279000e+02  1.13110000e+01  1.37848000e+05 -1.91127000e-01 
 2.40000000e-01  3.95400000e+03  2.40000000e-01 -1.87203106e-12  3.73047614e-01  6.61460303e-02  1.00279000e+02  1.13110000e+01  1.37848000e+05 -1.91127000e-01 
 2.50000000e-01  3.95400000e+03  2.50000000e-01 -1.88483809e-12  3.73047614e-01  6.61460303e-02  1.00279000e+02  1.13110000e+01  1.37848000e+05 -1.91127000e-01 
 2.60000000e-01  3.95400000e+03  2.60000000e-01 -1.90558533e-12  3.73047614e-01  6.61460303e-02  1.00279000e+02  1.13110000e+01  1.37848000e+05 -1.91127000e-01 
 2.70000000e-01  3.95400000e+03  2.70000000e-01 -1.93919522e-12  3.73047614e-01  6.61460303e-02  1.00279000e+02  1.13110000e+01  1.37848000e+05 -1.91127000e-01 
 2.80000000e-01  3.95400000e+03  2.80000000e-01 -1.99364140e-12  3.73047614e-01  6.61460303e-02  1.00279000e+02  1.13110000e+01  1.37848000e+05 -1.91127000e-01 
 2.90000000e-01  3.95400000e+03  2.90000000e-01 -2.08183949e-12  3.73047614e-01  6.61460303e-02  1.00279000e+02  1.13110000e+01  1.37848000e+05 -1.91127000e-01 
 3.00000000e-01  3.95400000e+03  3.00000000e-01 -2.22470921e-12  3.73047614e-01  6.61460303e-02  1.00279000e+02  1.13110000e+01  1.37848000e+05 -1.91127000e-01 
 3.10000000e-01  3.95400000e+03  3.10000000e-01 -2.45613276e-12  3.73047614e-01  6.61460303e-02  1.00279000e+02  1.13110000e+01  1.37848000e+05 -1.91127000e-01 
 3.20000000e-01  3.95400000e+03  3.20000000e-01 -2.83098272e-12  3.73047614e-01  6.61460303e-02  1.00279000e+02  1.13110000e+01  1.37848000e+05 -1.91127000e-01 
 3.30000000e-01  3.95400000e+03  3.30000000e-01 -3.43811770e-12  3.73047614e-01  6.61460303e-02  1.00279000e+02  1.13110000e+01  1.37848000e+05 -1.91127000e-01 
 3.40000000e-01  3.95400000e+03  3.40000000e-01 -4.42141506e-12  3.73047614e-01  6.61460303e-02  1.00279000e+02  1.13110000e+01  1.37848000e+05 -1.91127000e-01 
 3.50000000e-01  3.95400000e+03  3.50000000e-01 -6.01380222e-12  3.73047614e-01  6.61460303e-02  1.00279000e+02  1.13110000e+01  1.37848000e+05 -1.91127000e-01 
 3.60000000e-01  3.95400000e+03  3.60000000e-01 -8.59230091e-12  3.73047614e-01  6.61460303e-02  1.00279000e+02  1.13110000e+01  1.37848000e+05 -1.91127000e-01 
 3.70000000e-01  3.95400000e+03  3.70000000e-01 -1.27670202e-11  3.73047614e-01  6.61460303e-02  1.00279000e+02  1.13110000e+01  1.37848000e+05 -1.91127000e-01 
 3.80000000e-01  3.95400000e+03  3.80000000e-01 -1.95249562e-11  3.73047614e-01  6.61460303e-02  1.00279000e+02  1.13110000e+01  1.37848000e+05 -1.91127000e-01 
 3.90000000e-01  3.95400000e+03  3.90000000e-01 -3.04621891e-11  3.73047614e-01  6.61460303e-02  1.00279000e+02  1.13110000e+01  1.37848000e+05 -1.91127000e-01 
 4.00000000e-01  3.95400000e+03  4.00000000e-01 -4.81584802e-11  3.73047614e-01  6.61460303e-02  1.00279000e+02  1.13110000e+01  1.37848000e+05 -1.91127000e-01 
 4.10000000e-01  3.95400000e+03  4.10000000e-01 -7.67809188e-11  3.73047614e-01  6.61460303e-02  1.00279000e+02  1.13110000e+01  1.37848000e+05 -1.91127000e-01 
 4.20000000e-01  3.95400000e+03  4.20000000e-01 -1.23055275e-10  3.73047614e-01  6.61460303e-02  1.00279000e+02  1.13110000e+01  1.37848000e+05 -1.91127000e-01 
 4.30000000e-01  3.95400000e+03  4.30000000e-01 -1.97826216e-10  3.73047614e-01  6.61460303e-02  1.00279000e+02  1.13110000e+01  1.37848000e+05 -1.91127000e-01 
 4.40000000e-01  3.95400000e+03  4.40000000e-01 -3.18557637e-10  3.73047614e-01  6.61460303e-02  1.00279000e+02  1.13110000e+01  1.37848000e+05 -1.91127000e-01 
 4.50000000e-01  3.95400000e+03  4.50000000e-01 -5.13328049e-10  3.73047614e-01  6.61460303e-02  1.00279000e+02  1.13110000e+01  1.37848000e+05 -1.91127000e-01 
 4.60000000e-01  3.95400000e+03  4.60000000e-01 -8.27191925e-10  3.73047614e-01  6.61460303e-02  1.00279000e+02  1.13110000e+01  1.37848000e+05 -1.91127000e-01 
 4.70000000e-01  3.95400000e+03  4.70000000e-01 -1.33226231e-09  3.73047614e-01  6.61460303e-02  1.00279000e+02  1.13110000e+01  1.37848000e+05 -1.91127000e-01 
 4.80000000e-01  3.95400000e+03  4.80000000e-01 -2.14360191e-09  3.73047614e-01  6.61460303e-02  1.00279000e+02  1.13110000e+01  1.37848000e+05 -1.91127000e-01 
 4.90000000e-01  3.95400000e+03  4.90000000e-01 -3.44409536e-09  3.73047614e-01  6.61460303e-02  1.00279000e+02  1.13110000e+01  1.37848000e+05 -1.91127000e-01 
 5.00000000e-01  3.95400000e+03  5.00000000e-01 -5.52304910e-09  3.73047614e-01  6.61460303e-02  1.00279000e+02  1.13110000e+01  1.37848000e+05 -1.91127000e-01 
 5.10000000e-01  3.95400000e+03  5.10000000e-01 -8.83548441e-09  3.73047614e-01  6.61460303e-02  1.00279000e+02  1.13110000e+01  1.37848000e+05 -1.91127000e-01 
 5.20000000e-01  3.95400000e+03  5.20000000e-01 -1.40921175e-08  3.73047614e-01  6.61460303e-02  1.00279000e+02  1.13110000e+01  1.37848000e+05 -1.91127000e-01 
 5.30000000e-01  3.95400000e+03  5.30000000e-01 -2.23940101e-08  3.73047614e-01  6.61460303e-02  1.00279000e+02  1.13110000e+01  1.37848000e+05 -1.91127000e-01 
 5.40000000e-01  3.95400000e+03  5.40000000e-01 -3.54309612e-08  3.73047614e-01  6.61460303e-02  1.00279000e+02  1.13110000e+01  1.37848000e+05 -1.91127000e-01 
 5.50000000e-01  3.95400000e+03  5.50000000e-01 -5.57690877e-08  3.73047614e-01  6.61460303e-02  1.00279000e+02  1.13110000e+01  1.37848000e+05 -1.91127000e-01 
 5.60000000e-01  3.95400000e+03  5.60000000e-01 -8.72611671e-08  3.73047614e-01  6.61460303e-02  1.00279000e+02  1.13110000e+01  1.37848000e+05 -1.91127000e-01 
 5.70000000e-01  3.95400000e+03  5.70000000e-01 -1.35624177e-07  3.73047614e-01  6.61460303e-02  1.00279000e+02  1.13110000e+01  1.37848000e+05 -1.91127000e-01 
 5.80000000e-01  3.95400000e+03  5.80000000e-01 -2.09243321e-07  3.73047614e-01  6.61460303e-02  1.00279000e+02  1.13110000e+01  1.37848000e+05 -1.91127000e-01 
 5.90000000e-01  3.95400000e+03  5.90000000e-01 -3.20279769e-07  3.73047614e-01  6.61460303e-02  1.00279000e+02  1.13110000e+01  1.37848000e+05 -1.91127000e-01 
 6.00000000e-01  3.95400000e+03  6.00000000e-01 -4.86170016e-07  3.73047614e-01  6.61460303e-02  1.00279000e+02  1.13110000e+01  1.37848000e+05 -1.91127000e-01 
 6.10000000e-01  3.95400000e+03  6.10000000e-01 -7.31576398e-07  3.73047614e-01  6.61460303e-02  1.00279000e+02  1.13110000e+01  1.37848000e+05 -1.91127000e-01 
 6.20000000e-01  3.95400000e+03  6.20000000e-01 -1.09072080e-06  3.73047614e-01  6.61460303e-02  1.00279000e+02  1.13110000e+01  1.37848000e+05 -1.91127000e-01 
 6.30000000e-01  3.95400000e+03  6.30000000e-01 -1.60974387e-06  3.73047614e-01  6.61460303e-02  1.00279000e+02  1.13110000e+01  1.37848000e+05 -1.91127000e-01 
 6.40000000e-01  3.95400000e+03  6.40000000e-01 -2.34829633e-06  3.73047614e-01  6.61460303e-02  1.00279000e+02  1.13110000e+01  1.37848000e+05 -1.91127000e-01 
 6.50000000e-01  3.95400000e+03  6.50000000e-01 -3.37918665e-06  3.73047614e-01  6.61460303e-02  1.00279000e+02  1.13110000e+01  1.37848000e+05 -1.91127000e-01 
 6.60000000e-01  3.95400000e+03  6.60000000e-01 -4.78495360e-06  3.73047614e-01  6.61460303e-02  1.00279000e+02  1.13110000e+01  1.37848000e+05 -1.91127000e-01 
 6.70000000e-01  3.95400000e+03  6.70000000e-01 -6.65100170e-06  3.73047614e-01  6.61460303e-02  1.00279000e+02  1.13110000e+01  1.37848000e+05 -1.91127000e-01 
 6.80000000e-01  3.95400000e+03  6.80000000e-01 -9.05628543e-06  3.73047614e-01  6.61460303e-02  1.00279000e+02  1.13110000e+01  1.37848000e+05 -1.91127000e-01 
 6.90000000e-01  3.95400000e+03  6.90000000e-01 -1.20637691e-05  3.73047614e-01  6.61460303e-02  1.00279000e+02  1.13110000e+01  1.37848000e+05 -1.91127000e-01 
 7.00000000e-01  3.95400000e+03  7.00000000e-01 -1.57132356e-05  3.73047614e-01  6.61460303e-02  1.00279000e+02  1.13110000e+01  1.37848000e+05 -1.91127000e-01 
 7.10000000e-01  3.95400000e+03  7.10000000e-01 -2.00182129e-05  3.73047614e-01  6.61460303e-02  1.00279000e+02  1.13110000e+01  1.37848000e+05 -1.91127000e-01 
 7.20000000e-01  3.95400000e+03  7.20000000e-01 -2.49673074e-05  3.73047614e-01  6.61460303e-02  1.00279000e+02  1.13110000e+01  1.37848000e+05 -1.91127000e-01 
 7.30000000e-01  3.95400000e+03  7.30000000e-01 -3.05288949e-05  3.73047614e-01  6.61460303e-02  1.00279000e+02  1.13110000e+01  1.37848000e+05 -1.91127000e-01 
 7.40000000e-01  3.95400000e+03  7.40000000e-01 -3.66574718e-05  3.73047614e-01  6.61460303e-02  1.00279000e+02  1.13110000e+01  1.37848000e+05 -1.91127000e-01 
 7.50000000e-01  3.95400000e+03  7.50000000e-01 -4.33000597e-05  3.73047614e-01  6.61460303e-02  1.00279000e+02  1.13110000e+01  1.37848000e+05 -1.91127000e-01 
 7.60000000e-01  3.95400000e+03  7.60000000e-01 -5.04015879e-05  3.73047614e-01  6.61460303e-02  1.00279000e+02  1.13110000e+01  1.37848000e+05 -1.91127000e-01 
 7.70000000e-01  3.95400000e+03  7.70000000e-01 -5.79087912e-05  3.73047614e-01  6.61460303e-02  1.00279000e+02  1.13110000e+01  1.37848000e+05 -1.91127000e-01 
 7.80000000e-01  3.95400000e+03  7.80000000e-01 -6.57726232e-05  3.73047614e-01  6.61460303e-02  1.00279000e+02  1.13110000e+01  1.37848000e+05 -1.91127000e-01 
 7.90000000e-01  3.95400000e+03  7.90000000e-01 -7.39494465e-05  3.73047614e-01  6.61460303e-02  1.00279000e+02  1.13110000e+01  1.37848000e+05 -1.91127000e-01 
 8.00000000e-01  3.95400000e+03  8.00000000e-01 -8.24013460e-05  3.73047614e-01  6.61460303e-02  1.00279000e+02  1.13110000e+01  1.37848000e+05 -1.91127000e-01 
 8.10000000e-01  3.95400000e+03  8.10000000e-01 -9.10958855e-05  3.73047614e-01  6.61460303e-02  1.00279000e+02  1.13110000e+01  1.37848000e+05 -1.91127000e-01 
 8.20000000e-01  3.95400000e+03  8.20000000e-01 -1.00005565e-04  3.73047614e-01  6.61460303e-02  1.00279000e+02  1.13110000e+01  1.37848000e+05 -1.91127000e-01 
 8.30000000e-01  3.95400000e+03  8.30000000e-01 -1.09107153e-04  3.73047614e-01  6.61460303e-02  1.00279000e+02  1.13110000e+01  1.37848000e+05 -1.91127000e-01 
 8.40000000e-01  3.95400000e+03  8.40000000e-01 -1.18381013e-04  3.73047614e-01  6.61460303e-02  1.00279000e+02  1.13110000e+01  1.37848000e+05 -1.91127000e-01 
 8.50000000e-01  3.95400000e+03  8.50000000e-01 -1.27810472e-04  3.73047614e-01  6.61460303e-02  1.00279000e+02  1.13110000e+01  1.37848000e+05 -1.91127000e-01 
 8.60000000e-01  3.95400000e+03  8.60000000e-01 -1.37381276e-04  3.73047614e-01  6.61460303e-02  1.00279000e+02  1.13110000e+01  1.37848000e+05 -1.91127000e-01 
 8.70000000e-01  3.95400000e+03  8.70000000e-01 -1.47081134e-04  3.73047614e-01  6.61460303e-02  1.00279000e+02  1.13110000e+01  1.37848000e+05 -1.91127000e-01 
 8.80000000e-01  3.95400000e+03  8.80000000e-01 -1.56899337e-04  3.73047614e-01  6.61460303e-02  1.00279000e+02  1.13110000e+01  1.37848000e+05 -1.91127000e-01 
 8.90000000e-01  3.95400000e+03  8.90000000e-01 -1.66826462e-04  3.73047614e-01  6.61460303e-02  1.00279000e+02  1.13110000e+01  1.37848000e+05 -1.91127000e-01 
 9.00000000e-01  3.95400000e+03  9.00000000e-01 -1.76854128e-04  3.73047614e-01  6.61460303e-02  1.00279000e+02  1.13110000e+01  1.37848000e+05 -1.91127000e-01 
 9.10000000e-01  3.95400000e+03  9.10000000e-01 -1.86974819e-04  3.73047614e-01  6.61460303e-02  1.00279000e+02  1.13110000e+01  1.37848000e+05 -1.91127000e-01 
 9.20000000e-01  3.95400000e+03  9.20000000e-01 -1.97181728e-04  3.73047614e-01  6.61460303e-02  1.00279000e+02  1.13110000e+01  1.37848000e+05 -1.91127000e-01 
 9.30000000e-01  3.95400000e+03  9.30000000e-01 -2.07468652e-04  3.73047614e-01  6.61460303e-02  1.00279000e+02  1.13110000e+01  1.37848000e+05 -1.91127000e-01 
 9.40000000e-01  3.95400000e+03  9.40000000e-01 -2.17829900e-04  3.73047614e-01  6.61460303e-02  1.00279000e+02  1.13110000e+01  1.37848000e+05 -1.91127000e-01 
 9.50000000e-01  3.95400000e+03  9.50000000e-01 -2.28260225e-04  3.73047614e-01  6.61460303e-02  1.00279000e+02  1.13110000e+01  1.37848000e+05 -1.91127000e-01 
 9.60000000e-01  3.95400000e+03  9.60000000e-01 -2.38754770e-04  3.73047614e-01  6.61460303e-02  1.00279000e+02  1.13110000e+01  1.37848000e+05 -1.91127000e-01 
 9.70000000e-01  3.95400000e+03  9.70000000e-01 -2.49309023e-04  3.73047614e-01  6.61460303e-02  1.00279000e+02  1.13110000e+01  1.37848000e+05 -1.91127000e-01 
 9.80000000e-01  3.95400000e+03  9.80000000e-01 -2.59918782e-04  3.73047614e-01  6.61460303e-02  1.00279000e+02  1.13110000e+01  1.37848000e+05 -1.91127000e-01 
 9.90000000e-01  3.95400000e+03  9.90000000e-01 -2.70580131e-04  3.73047614e-01  6.61460303e-02  1.00279000e+02  1.13110000e+01  1.37848000e+05 -1.91127000e-01 
 1.00000000e+00  3.95400000e+03  1.00000000e+00 -2.81289412e-04  3.73047614e-01  6.61460303e-02  1.00279000e+02  1.13110000e+01  1.37848000e+05 -1.91127000e-01 
 1.01000000e+00  3.95400000e+03  1.01000000e+00 -2.92043203e-04  3.73047614e-01  6.61460303e-02  1.00279000e+02  1.13110000e+01  1.37848000e+05 -1.91127000e-01 
 1.02000000e+00  3.95400000e+03  1.02000000e+00 -3.02838302e-04  3.73047614e-01  6.61460303e-02  1.00279000e+02  1.13110000e+01  1.37848000e+05 -1.91127000e-01 
 1.03000000e+00  3.95400000e+03  1.03000000e+00 -3.13671712e-04  3.73047614e-01  6.61460303e-02  1.00279000e+02  1.13110000e+01  1.37848000e+05 -1.91127000e-01 
 1.04000000e+00  3.95400000e+03  1.04000000e+00 -3.24540622e-04  3.73047614e-01  6.61460303e-02  1.00279000e+02  1.13110000e+01  1.37848000e+05 -1.91127000e-01 
 1.05000000e+00  3.95400000e+03  1.05000000e+00 -3.35442401e-04  3.73047614e-01  6.61460303e-02  1.00279000e+02  1.13110000e+01  1.37848000e+05 -1.91127000e-01 
 1.06000000e+00  3.95400000e+03  1.06000000e+00 -3.46374579e-04  3.73047614e-01  6.61460303e-02  1.00279000e+02  1.13110000e+01  1.37848000e+05 -1.91127000e-01 
 1.07000000e+00  3.95400000e+03  1.07000000e+00 -3.57334843e-04  3.73047614e-01  6.61460303e-02  1.00279000e+02  1.13110000e+01  1.37848000e+05 -1.91127000e-01 
 1.08000000e+00  3.95400000e+03  1.08000000e+00 -3.68321019e-04  3.73047614e-01  6.61460303e-02  1.00279000e+02  1.13110000e+01  1.37848000e+05 -1.91127000e-01 
 1.09000000e+00  3.95400000e+03  1.09000000e+00 -3.79331073e-04  3.73047614e-01  6.61460303e-02  1.00279000e+02  1.13110000e+01  1.37848000e+05 -1.91127000e-01 
 1.10000000e+00  3.95400000e+03  1.10000000e+00 -3.90363090e-04  3.73047614e-01  6.61460303e-02  1.00279000e+02  1.13110000e+01  1.37848000e+05 -1.91127000e-01 
 1.11000000e+00  3.95400000e+03  1.11000000e+00 -4.01415276e-04  3.73047614e-01  6.61460303e-02  1.00279000e+02  1.13110000e+01  1.37848000e+05 -1.91127000e-01 
 1.12000000e+00  3.95400000e+03  1.12000000e+00 -4.12485946e-04  3.73047614e-01  6.61460303e-02  1.00279000e+02  1.13110000e+01  1.37848000e+05 -1.91127000e-01 
 1.13000000e+00  3.95400000e+03  1.13000000e+00 -4.23573517e-04  3.73047614e-01  6.61460303e-02  1.00279000e+02  1.13110000e+01  1.37848000e+05 -1.91127000e-01 
 1.14000000e+00  3.95400000e+03  1.14000000e+00 -4.34676501e-04  3.73047614e-01  6.61460303e-02  1.00279000e+02  1.13110000e+01  1.37848000e+05 -1.91127000e-01 
 1.15000000e+00  3.95400000e+03  1.15000000e+00 -4.45793500e-04  3.73047614e-01  6.61460303e-02  1.00279000e+02  1.13110000e+01  1.37848000e+05 -1.91127000e-01 
 1.16000000e+00  3.95400000e+03  1.16000000e+00 -4.56923201e-04  3.73047614e-01  6.61460303e-02  1.00279000e+02  1.13110000e+01  1.37848000e+05 -1.91127000e-01 
 1.17000000e+00  3.95400000e+03  1.17000000e+00 -4.68064366e-04  3.73047614e-01  6.61460303e-02  1.00279000e+02  1.13110000e+01  1.37848000e+05 -1.91127000e-01 
 1.18000000e+00  3.95400000e+03  1.18000000e+00 -4.79215833e-04  3.73047614e-01  6.61460303e-02  1.00279000e+02  1.13110000e+01  1.37848000e+05 -1.91127000e-01 
 1.19000000e+00  3.95400000e+03  1.19000000e+00 -4.90376508e-04  3.73047614e-01  6.61460303e-02  1.00279000e+02  1.13110000e+01  1.37848000e+05 -1.91127000e-01 
 1.20000000e+00  3.95400000e+03  1.20000000e+00 -5.01545361e-04  3.73047614e-01  6.61460303e-02  1.00279000e+02  1.13110000e+01  1.37848000e+05 -1.91127000e-01 
 1.21000000e+00  3.95400000e+03  1.21000000e+00 -5.12721420e-04  3.73047614e-01  6.61460303e-02  1.00279000e+02  1.13110000e+01  1.37848000e+05 -1.91127000e-01 
 1.22000000e+00  3.95400000e+03  1.22000000e+00 -5.23903773e-04  3.73047614e-01  6.61460303e-02  1.00279000e+02  1.13110000e+01  1.37848000e+05 -1.91127000e-01 
 1.23000000e+00  3.95400000e+03  1.23000000e+00 -5.35091558e-04  3.73047614e-01  6.61460303e-02  1.00279000e+02  1.13110000e+01  1.37848000e+05 -1.91127000e-01 
 1.24000000e+00  3.95400000e+03  1.24000000e+00 -5.46283962e-04  3.73047614e-01  6.61460303e-02  1.00279000e+02  1.13110000e+01  1.37848000e+05 -1.91127000e-01 
 1.25000000e+00  3.95400000e+03  1.25000000e+00 -5.57480219e-04  3.73047614e-01  6.61460303e-02  1.00279000e+02  1.13110000e+01  1.37848000e+05 -1.91127000e-01 
 1.26000000e+00  3.95400000e+03  1.26000000e+00 -5.68679608e-04  3.73047614e-01  6.61460303e-02  1.00279000e+02  1.13110000e+01  1.37848000e+05 -1.91127000e-01 
 1.27000000e+00  3.95400000e+03  1.27000000e+00 -5.79881445e-04  3.73047614e-01  6.61460303e-02  1.00279000e+02  1.13110000e+01  1.37848000e+05 -1.91127000e-01 
 1.28000000e+00  3.95400000e+03  1.28000000e+00 -5.91085088e-04  3.73047614e-01  6.61460303e-02  1.00279000e+02  1.13110000e+01  1.37848000e+05 -1.91127000e-01 
 1.29000000e+00  3.95400000e+03  1.29000000e+00 -6.02289928e-04  3.73047614e-01  6.61460303e-02  1.00279000e+02  1.13110000e+01  1.37848000e+05 -1.91127000e-01 
 1.30000000e+00  3.95400000e+03  1.30000000e+00 -6.13495392e-04  3.73047614e-01  6.61460303e-02  1.00279000e+02  1.13110000e+01  1.37848000e+05 -1.91127000e-01 
 1.31000000e+00  3.95400000e+03  1.31000000e+00 -6.24700936e-04  3.73047614e-01  6.61460303e-02  1.00279000e+02  1.13110000e+01  1.37848000e+05 -1.91127000e-01 
 1.32000000e+00  3.95400000e+03  1.32000000e+00 -6.35906049e-04  3.73047614e-01  6.61460303e-02  1.00279000e+02  1.13110000e+01  1.37848000e+05 -1.91127000e-01 
 1.33000000e+00  3.95400000e+03  1.33000000e+00 -6.47110245e-04  3.73047614e-01  6.61460303e-02  1.00279000e+02  1.13110000e+01  1.37848000e+05 -1.91127000e-01 
 1.34000000e+00  3.95400000e+03  1.34000000e+00 -6.58313067e-04  3.73047614e-01  6.61460303e-02  1.00279000e+02  1.13110000e+01  1.37848000e+05 -1.91127000e-01 
 1.35000000e+00  3.95400000e+03  1.35000000e+00 -6.69514081e-04  3.73047614e-01  6.61460303e-02  1.00279000e+02  1.13110000e+01  1.37848000e+05 -1.91127000e-01 
 1.36000000e+00  3.95400000e+03  1.36000000e+00 -6.80712877e-04  3.73047614e-01  6.61460303e-02  1.00279000e+02  1.13110000e+01  1.37848000e+05 -1.91127000e-01 
 1.37000000e+00  3.95400000e+03  1.37000000e+00 -6.91909067e-04  3.73047614e-01  6.61460303e-02  1.00279000e+02  1.13110000e+01  1.37848000e+05 -1.91127000e-01 
 1.38000000e+00  3.95400000e+03  1.38000000e+00 -7.03102285e-04  3.73047614e-01  6.61460303e-02  1.00279000e+02  1.13110000e+01  1.37848000e+05 -1.91127000e-01 
 1.39000000e+00  3.95400000e+03  1.39000000e+00 -7.14292182e-04  3.73047614e-01  6.61460303e-02  1.00279000e+02  1.13110000e+01  1.37848000e+05 -1.91127000e-01 
 1.40000000e+00  3.95400000e+03  1.40000000e+00 -7.25478431e-04  3.73047614e-01  6.61460303e-02  1.00279000e+02  1.13110000e+01  1.37848000e+05 -1.91127000e-01 
 1.41000000e+00  3.95400000e+03  1.41000000e+00 -7.36660719e-04  3.73047614e-01  6.61460303e-02  1.00279000e+02  1.13110000e+01  1.37848000e+05 -1.91127000e-01 
 1.42000000e+00  3.95400000e+03  1.42000000e+00 -7.47838752e-04  3.73047614e-01  6.61460303e-02  1.00279000e+02  1.13110000e+01  1.37848000e+05 -1.91127000e-01 
 1.43000000e+00  3.95400000e+03  1.43000000e+00 -7.59012251e-04  3.73047614e-01  6.61460303e-02  1.00279000e+02  1.13110000e+01  1.37848000e+05 -1.91127000e-01 
 1.44000000e+00  3.95400000e+03  1.44000000e+00 -7.70180952e-04  3.73047614e-01  6.61460303e-02  1.00279000e+02  1.13110000e+01  1.37848000e+05 -1.91127000e-01 
 1.45000000e+00  3.95400000e+03  1.45000000e+00 -7.81344604e-04  3.73047614e-01  6.61460303e-02  1.00279000e+02  1.13110000e+01  1.37848000e+05 -1.91127000e-01 
 1.46000000e+00  3.95400000e+03  1.46000000e+00 -7.92502969e-04  3.73047614e-01  6.61460303e-02  1.00279000e+02  1.13110000e+01  1.37848000e+05 -1.91127000e-01 
 1.47000000e+00  3.95400000e+03  1.47000000e+00 -8.03655824e-04  3.73047614e-01  6.61460303e-02  1.00279000e+02  1.13110000e+01  1.37848000e+05 -1.91127000e-01 
 1.48000000e+00  3.95400000e+03  1.48000000e+00 -8.14802955e-04  3.73047614e-01  6.61460303e-02  1.00279000e+02  1.13110000e+01  1.37848000e+05 -1.91127000e-01 
 1.49000000e+00  3.95400000e+03  1.49000000e+00 -8.25944160e-04  3.73047614e-01  6.61460303e-02  1.00279000e+02  1.13110000e+01  1.37848000e+05 -1.91127000e-01 
 1.50000000e+00  3.95400000e+03  1.50000000e+00 -8.37079249e-04  3.73047614e-01  6.61460303e-02  1.00279000e+02  1.13110000e+01  1.37848000e+05 -1.91127000e-01 
 1.51000000e+00  3.95400000e+03  1.51000000e+00 -8.48208039e-04  3.73047614e-01  6.61460303e-02  1.00279000e+02  1.13110000e+01  1.37848000e+05 -1.91127000e-01 
 1.52000000e+00  3.95400000e+03  1.52000000e+00 -8.59330361e-04  3.73047614e-01  6.61460303e-02  1.00279000e+02  1.13110000e+01  1.37848000e+05 -1.91127000e-01 
 1.53000000e+00  3.95400000e+03  1.53000000e+00 -8.70446050e-04  3.73047614e-01  6.61460303e-02  1.00279000e+02  1.13110000e+01  1.37848000e+05 -1.91127000e-01 
 1.54000000e+00  3.95400000e+03  1.54000000e+00 -8.81554953e-04  3.73047614e-01  6.61460303e-02  1.00279000e+02  1.13110000e+01  1.37848000e+05 -1.91127000e-01 
 1.55000000e+00  3.95400000e+03  1.55000000e+00 -8.92656924e-04  3.73047614e-01  6.61460303e-02  1.00279000e+02  1.13110000e+01  1.37848000e+05 -1.91127000e-01 
 1.56000000e+00  3.95400000e+03  1.56000000e+00 -9.03751824e-04  3.73047614e-01  6.61460303e-02  1.00279000e+02  1.13110000e+01  1.37848000e+05 -1.91127000e-01 
 1.57000000e+00  3.95400000e+03  1.57000000e+00 -9.14839523e-04  3.73047614e-01  6.61460303e-02  1.00279000e+02  1.13110000e+01  1.37848000e+05 -1.91127000e-01 
 1.58000000e+00  3.95400000e+03  1.58000000e+00 -9.25919895e-04  3.73047614e-01  6.61460303e-02  1.00279000e+02  1.13110000e+01  1.37848000e+05 -1.91127000e-01 
 1.59000000e+00  3.95400000e+03  1.59000000e+00 -9.36992824e-04  3.73047614e-01  6.61460303e-02  1.00279000e+02  1.13110000e+01  1.37848000e+05 -1.91127000e-01 
 1.60000000e+00  3.95400000e+03  1.60000000e+00 -9.48058197e-04  3.73047614e-01  6.61460303e-02  1.00279000e+02  1.13110000e+01  1.37848000e+05 -1.91127000e-01 
 1.61000000e+00  3.95400000e+03  1.61000000e+00 -9.59115908e-04  3.73047614e-01  6.61460303e-02  1.00279000e+02  1.13110000e+01  1.37848000e+05 -1.91127000e-01 
 1.62000000e+00  3.95400000e+03  1.62000000e+00 -9.70165859e-04  3.73047614e-01  6.61460303e-02  1.00279000e+02  1.13110000e+01  1.37848000e+05 -1.91127000e-01 
 1.63000000e+00  3.95400000e+03  1.63000000e+00 -9.81207952e-04  3.73047614e-01  6.61460303e-02  1.00279000e+02  1.13110000e+01  1.37848000e+05 -1.91127000e-01 
 1.64000000e+00  3.95400000e+03  1.64000000e+00 -9.92242099e-04  3.73047614e-01  6.61460303e-02  1.00279000e+02  1.13110000e+01  1.37848000e+05 -1.91127000e-01 
 1.65000000e+00  3.95400000e+03  1.65000000e+00 -1.00326821e-03  3.73047614e-01  6.61460303e-02  1.00279000e+02  1.13110000e+01  1.37848000e+05 -1.91127000e-01 
 1.66000000e+00  3.95400000e+03  1.66000000e+00 -1.01428621e-03  3.73047614e-01  6.61460303e-02  1.00279000e+02  1.13110000e+01  1.37848000e+05 -1.91127000e-01 
 1.67000000e+00  3.95400000e+03  1.67000000e+00 -1.02529603e-03  3.73047614e-01  6.61460303e-02  1.00279000e+02  1.13110000e+01  1.37848000e+05 -1.91127000e-01 
 1.68000000e+00  3.95400000e+03  1.68000000e+00 -1.03629757e-03  3.73047614e-01  6.61460303e-02  1.00279000e+02  1.13110000e+01  1.37848000e+05 -1.91127000e-01 
 1.69000000e+00  3.95400000e+03  1.69000000e+00 -1.04729079e-03  3.73047614e-01  6.61460303e-02  1.00279000e+02  1.13110000e+01  1.37848000e+05 -1.91127000e-01 
 1.70000000e+00  3.95400000e+03  1.70000000e+00 -1.05827561e-03  3.73047614e-01  6.61460303e-02  1.00279000e+02  1.13110000e+01  1.37848000e+05 -1.91127000e-01 
 1.71000000e+00  3.95400000e+03  1.71000000e+00 -1.06925197e-03  3.73047614e-01  6.61460303e-02  1.00279000e+02  1.13110000e+01  1.37848000e+05 -1.91127000e-01 
 1.72000000e+00  3.95400000e+03  1.72000000e+00 -1.08021982e-03  3.73047614e-01  6.61460303e-02  1.00279000e+02  1.13110000e+01  1.37848000e+05 -1.91127000e-01 
 1.73000000e+00  3.95400000e+03  1.73000000e+00 -1.09117909e-03  3.73047614e-01  6.61460303e-02  1.00279000e+02  1.13110000e+01  1.37848000e+05 -1.91127000e-01 
 1.74000000e+00  3.95400000e+03  1.74000000e+00 -1.10212973e-03  3.73047614e-01  6.61460303e-02  1.00279000e+02  1.13110000e+01  1.37848000e+05 -1.91127000e-01 
 1.75000000e+00  3.95400000e+03  1.75000000e+00 -1.11307170e-03  3.73047614e-01  6.61460303e-02  1.00279000e+02  1.13110000e+01  1.37848000e+05 -1.91127000e-01 
 1.76000000e+00  3.95400000e+03  1.76000000e+00 -1.12400494e-03  3.73047614e-01  6.61460303e-02  1.00279000e+02  1.13110000e+01  1.37848000e+05 -1.91127000e-01 
 1.77000000e+00  3.95400000e+03  1.77000000e+00 -1.13492942e-03  3.73047614e-01  6.61460303e-02  1.00279000e+02  1.13110000e+01  1.37848000e+05 -1.91127000e-01 
 1.78000000e+00  3.95400000e+03  1.78000000e+00 -1.14584508e-03  3.73047614e-01  6.61460303e-02  1.00279000e+02  1.13110000e+01  1.37848000e+05 -1.91127000e-01 
 1.79000000e+00  3.95400000e+03  1.79000000e+00 -1.15675188e-03  3.73047614e-01  6.61460303e-02  1.00279000e+02  1.13110000e+01  1.37848000e+05 -1.91127000e-01 
 1.80000000e+00  3.95400000e+03  1.80000000e+00 -1.16764980e-03  3.73047614e-01  6.61460303e-02  1.00279000e+02  1.13110000e+01  1.37848000e+05 -1.91127000e-01 
