 v-sweep         run_num         v(gate)         i(vds)          out_vth0        out_u0          out_rdsw        out_nfactor     out_vsat        out_eta0       
 0.00000000e+00  4.42600000e+03  0.00000000e+00 -1.85137604e-12  3.35252469e-01  5.60673252e-02  1.00279000e+02  1.13110000e+01  1.37848000e+05 -1.91127000e-01 
 1.00000000e-02  4.42600000e+03  1.00000000e-02 -1.85137644e-12  3.35252469e-01  5.60673252e-02  1.00279000e+02  1.13110000e+01  1.37848000e+05 -1.91127000e-01 
 2.00000000e-02  4.42600000e+03  2.00000000e-02 -1.85137740e-12  3.35252469e-01  5.60673252e-02  1.00279000e+02  1.13110000e+01  1.37848000e+05 -1.91127000e-01 
 3.00000000e-02  4.42600000e+03  3.00000000e-02 -1.85137876e-12  3.35252469e-01  5.60673252e-02  1.00279000e+02  1.13110000e+01  1.37848000e+05 -1.91127000e-01 
 4.00000000e-02  4.42600000e+03  4.00000000e-02 -1.85138096e-12  3.35252469e-01  5.60673252e-02  1.00279000e+02  1.13110000e+01  1.37848000e+05 -1.91127000e-01 
 5.00000000e-02  4.42600000e+03  5.00000000e-02 -1.85138454e-12  3.35252469e-01  5.60673252e-02  1.00279000e+02  1.13110000e+01  1.37848000e+05 -1.91127000e-01 
 6.00000000e-02  4.42600000e+03  6.00000000e-02 -1.85139033e-12  3.35252469e-01  5.60673252e-02  1.00279000e+02  1.13110000e+01  1.37848000e+05 -1.91127000e-01 
 7.00000000e-02  4.42600000e+03  7.00000000e-02 -1.85139971e-12  3.35252469e-01  5.60673252e-02  1.00279000e+02  1.13110000e+01  1.37848000e+05 -1.91127000e-01 
 8.00000000e-02  4.42600000e+03  8.00000000e-02 -1.85141490e-12  3.35252469e-01  5.60673252e-02  1.00279000e+02  1.13110000e+01  1.37848000e+05 -1.91127000e-01 
 9.00000000e-02  4.42600000e+03  9.00000000e-02 -1.85143952e-12  3.35252469e-01  5.60673252e-02  1.00279000e+02  1.13110000e+01  1.37848000e+05 -1.91127000e-01 
 1.00000000e-01  4.42600000e+03  1.00000000e-01 -1.85147940e-12  3.35252469e-01  5.60673252e-02  1.00279000e+02  1.13110000e+01  1.37848000e+05 -1.91127000e-01 
 1.10000000e-01  4.42600000e+03  1.10000000e-01 -1.85154402e-12  3.35252469e-01  5.60673252e-02  1.00279000e+02  1.13110000e+01  1.37848000e+05 -1.91127000e-01 
 1.20000000e-01  4.42600000e+03  1.20000000e-01 -1.85164869e-12  3.35252469e-01  5.60673252e-02  1.00279000e+02  1.13110000e+01  1.37848000e+05 -1.91127000e-01 
 1.30000000e-01  4.42600000e+03  1.30000000e-01 -1.85181827e-12  3.35252469e-01  5.60673252e-02  1.00279000e+02  1.13110000e+01  1.37848000e+05 -1.91127000e-01 
 1.40000000e-01  4.42600000e+03  1.40000000e-01 -1.85209300e-12  3.35252469e-01  5.60673252e-02  1.00279000e+02  1.13110000e+01  1.37848000e+05 -1.91127000e-01 
 1.50000000e-01  4.42600000e+03  1.50000000e-01 -1.85253808e-12  3.35252469e-01  5.60673252e-02  1.00279000e+02  1.13110000e+01  1.37848000e+05 -1.91127000e-01 
 1.60000000e-01  4.42600000e+03  1.60000000e-01 -1.85325912e-12  3.35252469e-01  5.60673252e-02  1.00279000e+02  1.13110000e+01  1.37848000e+05 -1.91127000e-01 
 1.70000000e-01  4.42600000e+03  1.70000000e-01 -1.85442724e-12  3.35252469e-01  5.60673252e-02  1.00279000e+02  1.13110000e+01  1.37848000e+05 -1.91127000e-01 
 1.80000000e-01  4.42600000e+03  1.80000000e-01 -1.85631963e-12  3.35252469e-01  5.60673252e-02  1.00279000e+02  1.13110000e+01  1.37848000e+05 -1.91127000e-01 
 1.90000000e-01  4.42600000e+03  1.90000000e-01 -1.85938535e-12  3.35252469e-01  5.60673252e-02  1.00279000e+02  1.13110000e+01  1.37848000e+05 -1.91127000e-01 
 2.00000000e-01  4.42600000e+03  2.00000000e-01 -1.86435188e-12  3.35252469e-01  5.60673252e-02  1.00279000e+02  1.13110000e+01  1.37848000e+05 -1.91127000e-01 
 2.10000000e-01  4.42600000e+03  2.10000000e-01 -1.87239769e-12  3.35252469e-01  5.60673252e-02  1.00279000e+02  1.13110000e+01  1.37848000e+05 -1.91127000e-01 
 2.20000000e-01  4.42600000e+03  2.20000000e-01 -1.88543185e-12  3.35252469e-01  5.60673252e-02  1.00279000e+02  1.13110000e+01  1.37848000e+05 -1.91127000e-01 
 2.30000000e-01  4.42600000e+03  2.30000000e-01 -1.90654685e-12  3.35252469e-01  5.60673252e-02  1.00279000e+02  1.13110000e+01  1.37848000e+05 -1.91127000e-01 
 2.40000000e-01  4.42600000e+03  2.40000000e-01 -1.94075212e-12  3.35252469e-01  5.60673252e-02  1.00279000e+02  1.13110000e+01  1.37848000e+05 -1.91127000e-01 
 2.50000000e-01  4.42600000e+03  2.50000000e-01 -1.99616195e-12  3.35252469e-01  5.60673252e-02  1.00279000e+02  1.13110000e+01  1.37848000e+05 -1.91127000e-01 
 2.60000000e-01  4.42600000e+03  2.60000000e-01 -2.08591938e-12  3.35252469e-01  5.60673252e-02  1.00279000e+02  1.13110000e+01  1.37848000e+05 -1.91127000e-01 
 2.70000000e-01  4.42600000e+03  2.70000000e-01 -2.23131156e-12  3.35252469e-01  5.60673252e-02  1.00279000e+02  1.13110000e+01  1.37848000e+05 -1.91127000e-01 
 2.80000000e-01  4.42600000e+03  2.80000000e-01 -2.46681388e-12  3.35252469e-01  5.60673252e-02  1.00279000e+02  1.13110000e+01  1.37848000e+05 -1.91127000e-01 
 2.90000000e-01  4.42600000e+03  2.90000000e-01 -2.84825572e-12  3.35252469e-01  5.60673252e-02  1.00279000e+02  1.13110000e+01  1.37848000e+05 -1.91127000e-01 
 3.00000000e-01  4.42600000e+03  3.00000000e-01 -3.46603701e-12  3.35252469e-01  5.60673252e-02  1.00279000e+02  1.13110000e+01  1.37848000e+05 -1.91127000e-01 
 3.10000000e-01  4.42600000e+03  3.10000000e-01 -4.46651422e-12  3.35252469e-01  5.60673252e-02  1.00279000e+02  1.13110000e+01  1.37848000e+05 -1.91127000e-01 
 3.20000000e-01  4.42600000e+03  3.20000000e-01 -6.08659422e-12  3.35252469e-01  5.60673252e-02  1.00279000e+02  1.13110000e+01  1.37848000e+05 -1.91127000e-01 
 3.30000000e-01  4.42600000e+03  3.30000000e-01 -8.70966984e-12  3.35252469e-01  5.60673252e-02  1.00279000e+02  1.13110000e+01  1.37848000e+05 -1.91127000e-01 
 3.40000000e-01  4.42600000e+03  3.40000000e-01 -1.29560160e-11  3.35252469e-01  5.60673252e-02  1.00279000e+02  1.13110000e+01  1.37848000e+05 -1.91127000e-01 
 3.50000000e-01  4.42600000e+03  3.50000000e-01 -1.98287790e-11  3.35252469e-01  5.60673252e-02  1.00279000e+02  1.13110000e+01  1.37848000e+05 -1.91127000e-01 
 3.60000000e-01  4.42600000e+03  3.60000000e-01 -3.09495485e-11  3.35252469e-01  5.60673252e-02  1.00279000e+02  1.13110000e+01  1.37848000e+05 -1.91127000e-01 
 3.70000000e-01  4.42600000e+03  3.70000000e-01 -4.89380759e-11  3.35252469e-01  5.60673252e-02  1.00279000e+02  1.13110000e+01  1.37848000e+05 -1.91127000e-01 
 3.80000000e-01  4.42600000e+03  3.80000000e-01 -7.80235071e-11  3.35252469e-01  5.60673252e-02  1.00279000e+02  1.13110000e+01  1.37848000e+05 -1.91127000e-01 
 3.90000000e-01  4.42600000e+03  3.90000000e-01 -1.25026597e-10  3.35252469e-01  5.60673252e-02  1.00279000e+02  1.13110000e+01  1.37848000e+05 -1.91127000e-01 
 4.00000000e-01  4.42600000e+03  4.00000000e-01 -2.00934639e-10  3.35252469e-01  5.60673252e-02  1.00279000e+02  1.13110000e+01  1.37848000e+05 -1.91127000e-01 
 4.10000000e-01  4.42600000e+03  4.10000000e-01 -3.23419894e-10  3.35252469e-01  5.60673252e-02  1.00279000e+02  1.13110000e+01  1.37848000e+05 -1.91127000e-01 
 4.20000000e-01  4.42600000e+03  4.20000000e-01 -5.20852920e-10  3.35252469e-01  5.60673252e-02  1.00279000e+02  1.13110000e+01  1.37848000e+05 -1.91127000e-01 
 4.30000000e-01  4.42600000e+03  4.30000000e-01 -8.38670736e-10  3.35252469e-01  5.60673252e-02  1.00279000e+02  1.13110000e+01  1.37848000e+05 -1.91127000e-01 
 4.40000000e-01  4.42600000e+03  4.40000000e-01 -1.34942764e-09  3.35252469e-01  5.60673252e-02  1.00279000e+02  1.13110000e+01  1.37848000e+05 -1.91127000e-01 
 4.50000000e-01  4.42600000e+03  4.50000000e-01 -2.16855391e-09  3.35252469e-01  5.60673252e-02  1.00279000e+02  1.13110000e+01  1.37848000e+05 -1.91127000e-01 
 4.60000000e-01  4.42600000e+03  4.60000000e-01 -3.47886479e-09  3.35252469e-01  5.60673252e-02  1.00279000e+02  1.13110000e+01  1.37848000e+05 -1.91127000e-01 
 4.70000000e-01  4.42600000e+03  4.70000000e-01 -5.56830831e-09  3.35252469e-01  5.60673252e-02  1.00279000e+02  1.13110000e+01  1.37848000e+05 -1.91127000e-01 
 4.80000000e-01  4.42600000e+03  4.80000000e-01 -8.88743329e-09  3.35252469e-01  5.60673252e-02  1.00279000e+02  1.13110000e+01  1.37848000e+05 -1.91127000e-01 
 4.90000000e-01  4.42600000e+03  4.90000000e-01 -1.41357170e-08  3.35252469e-01  5.60673252e-02  1.00279000e+02  1.13110000e+01  1.37848000e+05 -1.91127000e-01 
 5.00000000e-01  4.42600000e+03  5.00000000e-01 -2.23893301e-08  3.35252469e-01  5.60673252e-02  1.00279000e+02  1.13110000e+01  1.37848000e+05 -1.91127000e-01 
 5.10000000e-01  4.42600000e+03  5.10000000e-01 -3.52872915e-08  3.35252469e-01  5.60673252e-02  1.00279000e+02  1.13110000e+01  1.37848000e+05 -1.91127000e-01 
 5.20000000e-01  4.42600000e+03  5.20000000e-01 -5.52986230e-08  3.35252469e-01  5.60673252e-02  1.00279000e+02  1.13110000e+01  1.37848000e+05 -1.91127000e-01 
 5.30000000e-01  4.42600000e+03  5.30000000e-01 -8.61007946e-08  3.35252469e-01  5.60673252e-02  1.00279000e+02  1.13110000e+01  1.37848000e+05 -1.91127000e-01 
 5.40000000e-01  4.42600000e+03  5.40000000e-01 -1.33110614e-07  3.35252469e-01  5.60673252e-02  1.00279000e+02  1.13110000e+01  1.37848000e+05 -1.91127000e-01 
 5.50000000e-01  4.42600000e+03  5.50000000e-01 -2.04223103e-07  3.35252469e-01  5.60673252e-02  1.00279000e+02  1.13110000e+01  1.37848000e+05 -1.91127000e-01 
 5.60000000e-01  4.42600000e+03  5.60000000e-01 -3.10827130e-07  3.35252469e-01  5.60673252e-02  1.00279000e+02  1.13110000e+01  1.37848000e+05 -1.91127000e-01 
 5.70000000e-01  4.42600000e+03  5.70000000e-01 -4.69160769e-07  3.35252469e-01  5.60673252e-02  1.00279000e+02  1.13110000e+01  1.37848000e+05 -1.91127000e-01 
 5.80000000e-01  4.42600000e+03  5.80000000e-01 -7.02006103e-07  3.35252469e-01  5.60673252e-02  1.00279000e+02  1.13110000e+01  1.37848000e+05 -1.91127000e-01 
 5.90000000e-01  4.42600000e+03  5.90000000e-01 -1.04055324e-06  3.35252469e-01  5.60673252e-02  1.00279000e+02  1.13110000e+01  1.37848000e+05 -1.91127000e-01 
 6.00000000e-01  4.42600000e+03  6.00000000e-01 -1.52597357e-06  3.35252469e-01  5.60673252e-02  1.00279000e+02  1.13110000e+01  1.37848000e+05 -1.91127000e-01 
 6.10000000e-01  4.42600000e+03  6.10000000e-01 -2.20993037e-06  3.35252469e-01  5.60673252e-02  1.00279000e+02  1.13110000e+01  1.37848000e+05 -1.91127000e-01 
 6.20000000e-01  4.42600000e+03  6.20000000e-01 -3.15315539e-06  3.35252469e-01  5.60673252e-02  1.00279000e+02  1.13110000e+01  1.37848000e+05 -1.91127000e-01 
 6.30000000e-01  4.42600000e+03  6.30000000e-01 -4.42157873e-06  3.35252469e-01  5.60673252e-02  1.00279000e+02  1.13110000e+01  1.37848000e+05 -1.91127000e-01 
 6.40000000e-01  4.42600000e+03  6.40000000e-01 -6.08032696e-06  3.35252469e-01  5.60673252e-02  1.00279000e+02  1.13110000e+01  1.37848000e+05 -1.91127000e-01 
 6.50000000e-01  4.42600000e+03  6.50000000e-01 -8.18683510e-06  3.35252469e-01  5.60673252e-02  1.00279000e+02  1.13110000e+01  1.37848000e+05 -1.91127000e-01 
 6.60000000e-01  4.42600000e+03  6.60000000e-01 -1.07848096e-05  3.35252469e-01  5.60673252e-02  1.00279000e+02  1.13110000e+01  1.37848000e+05 -1.91127000e-01 
 6.70000000e-01  4.42600000e+03  6.70000000e-01 -1.39005189e-05  3.35252469e-01  5.60673252e-02  1.00279000e+02  1.13110000e+01  1.37848000e+05 -1.91127000e-01 
 6.80000000e-01  4.42600000e+03  6.80000000e-01 -1.75420434e-05  3.35252469e-01  5.60673252e-02  1.00279000e+02  1.13110000e+01  1.37848000e+05 -1.91127000e-01 
 6.90000000e-01  4.42600000e+03  6.90000000e-01 -2.17011652e-05  3.35252469e-01  5.60673252e-02  1.00279000e+02  1.13110000e+01  1.37848000e+05 -1.91127000e-01 
 7.00000000e-01  4.42600000e+03  7.00000000e-01 -2.63569568e-05  3.35252469e-01  5.60673252e-02  1.00279000e+02  1.13110000e+01  1.37848000e+05 -1.91127000e-01 
 7.10000000e-01  4.42600000e+03  7.10000000e-01 -3.14799844e-05  3.35252469e-01  5.60673252e-02  1.00279000e+02  1.13110000e+01  1.37848000e+05 -1.91127000e-01 
 7.20000000e-01  4.42600000e+03  7.20000000e-01 -3.70362553e-05  3.35252469e-01  5.60673252e-02  1.00279000e+02  1.13110000e+01  1.37848000e+05 -1.91127000e-01 
 7.30000000e-01  4.42600000e+03  7.30000000e-01 -4.29904062e-05  3.35252469e-01  5.60673252e-02  1.00279000e+02  1.13110000e+01  1.37848000e+05 -1.91127000e-01 
 7.40000000e-01  4.42600000e+03  7.40000000e-01 -4.93079639e-05  3.35252469e-01  5.60673252e-02  1.00279000e+02  1.13110000e+01  1.37848000e+05 -1.91127000e-01 
 7.50000000e-01  4.42600000e+03  7.50000000e-01 -5.59567400e-05  3.35252469e-01  5.60673252e-02  1.00279000e+02  1.13110000e+01  1.37848000e+05 -1.91127000e-01 
 7.60000000e-01  4.42600000e+03  7.60000000e-01 -6.29075321e-05  3.35252469e-01  5.60673252e-02  1.00279000e+02  1.13110000e+01  1.37848000e+05 -1.91127000e-01 
 7.70000000e-01  4.42600000e+03  7.70000000e-01 -7.01343333e-05  3.35252469e-01  5.60673252e-02  1.00279000e+02  1.13110000e+01  1.37848000e+05 -1.91127000e-01 
 7.80000000e-01  4.42600000e+03  7.80000000e-01 -7.76142287e-05  3.35252469e-01  5.60673252e-02  1.00279000e+02  1.13110000e+01  1.37848000e+05 -1.91127000e-01 
 7.90000000e-01  4.42600000e+03  7.90000000e-01 -8.53271206e-05  3.35252469e-01  5.60673252e-02  1.00279000e+02  1.13110000e+01  1.37848000e+05 -1.91127000e-01 
 8.00000000e-01  4.42600000e+03  8.00000000e-01 -9.32553786e-05  3.35252469e-01  5.60673252e-02  1.00279000e+02  1.13110000e+01  1.37848000e+05 -1.91127000e-01 
 8.10000000e-01  4.42600000e+03  8.10000000e-01 -1.01383478e-04  3.35252469e-01  5.60673252e-02  1.00279000e+02  1.13110000e+01  1.37848000e+05 -1.91127000e-01 
 8.20000000e-01  4.42600000e+03  8.20000000e-01 -1.09697661e-04  3.35252469e-01  5.60673252e-02  1.00279000e+02  1.13110000e+01  1.37848000e+05 -1.91127000e-01 
 8.30000000e-01  4.42600000e+03  8.30000000e-01 -1.18185640e-04  3.35252469e-01  5.60673252e-02  1.00279000e+02  1.13110000e+01  1.37848000e+05 -1.91127000e-01 
 8.40000000e-01  4.42600000e+03  8.40000000e-01 -1.26836341e-04  3.35252469e-01  5.60673252e-02  1.00279000e+02  1.13110000e+01  1.37848000e+05 -1.91127000e-01 
 8.50000000e-01  4.42600000e+03  8.50000000e-01 -1.35639702e-04  3.35252469e-01  5.60673252e-02  1.00279000e+02  1.13110000e+01  1.37848000e+05 -1.91127000e-01 
 8.60000000e-01  4.42600000e+03  8.60000000e-01 -1.44586504e-04  3.35252469e-01  5.60673252e-02  1.00279000e+02  1.13110000e+01  1.37848000e+05 -1.91127000e-01 
 8.70000000e-01  4.42600000e+03  8.70000000e-01 -1.53668237e-04  3.35252469e-01  5.60673252e-02  1.00279000e+02  1.13110000e+01  1.37848000e+05 -1.91127000e-01 
 8.80000000e-01  4.42600000e+03  8.80000000e-01 -1.62877000e-04  3.35252469e-01  5.60673252e-02  1.00279000e+02  1.13110000e+01  1.37848000e+05 -1.91127000e-01 
 8.90000000e-01  4.42600000e+03  8.90000000e-01 -1.72205417e-04  3.35252469e-01  5.60673252e-02  1.00279000e+02  1.13110000e+01  1.37848000e+05 -1.91127000e-01 
 9.00000000e-01  4.42600000e+03  9.00000000e-01 -1.81646573e-04  3.35252469e-01  5.60673252e-02  1.00279000e+02  1.13110000e+01  1.37848000e+05 -1.91127000e-01 
 9.10000000e-01  4.42600000e+03  9.10000000e-01 -1.91193968e-04  3.35252469e-01  5.60673252e-02  1.00279000e+02  1.13110000e+01  1.37848000e+05 -1.91127000e-01 
 9.20000000e-01  4.42600000e+03  9.20000000e-01 -2.00841475e-04  3.35252469e-01  5.60673252e-02  1.00279000e+02  1.13110000e+01  1.37848000e+05 -1.91127000e-01 
 9.30000000e-01  4.42600000e+03  9.30000000e-01 -2.10583308e-04  3.35252469e-01  5.60673252e-02  1.00279000e+02  1.13110000e+01  1.37848000e+05 -1.91127000e-01 
 9.40000000e-01  4.42600000e+03  9.40000000e-01 -2.20413998e-04  3.35252469e-01  5.60673252e-02  1.00279000e+02  1.13110000e+01  1.37848000e+05 -1.91127000e-01 
 9.50000000e-01  4.42600000e+03  9.50000000e-01 -2.30328371e-04  3.35252469e-01  5.60673252e-02  1.00279000e+02  1.13110000e+01  1.37848000e+05 -1.91127000e-01 
 9.60000000e-01  4.42600000e+03  9.60000000e-01 -2.40321530e-04  3.35252469e-01  5.60673252e-02  1.00279000e+02  1.13110000e+01  1.37848000e+05 -1.91127000e-01 
 9.70000000e-01  4.42600000e+03  9.70000000e-01 -2.50388833e-04  3.35252469e-01  5.60673252e-02  1.00279000e+02  1.13110000e+01  1.37848000e+05 -1.91127000e-01 
 9.80000000e-01  4.42600000e+03  9.80000000e-01 -2.60525888e-04  3.35252469e-01  5.60673252e-02  1.00279000e+02  1.13110000e+01  1.37848000e+05 -1.91127000e-01 
 9.90000000e-01  4.42600000e+03  9.90000000e-01 -2.70728536e-04  3.35252469e-01  5.60673252e-02  1.00279000e+02  1.13110000e+01  1.37848000e+05 -1.91127000e-01 
 1.00000000e+00  4.42600000e+03  1.00000000e+00 -2.80992836e-04  3.35252469e-01  5.60673252e-02  1.00279000e+02  1.13110000e+01  1.37848000e+05 -1.91127000e-01 
 1.01000000e+00  4.42600000e+03  1.01000000e+00 -2.91315060e-04  3.35252469e-01  5.60673252e-02  1.00279000e+02  1.13110000e+01  1.37848000e+05 -1.91127000e-01 
 1.02000000e+00  4.42600000e+03  1.02000000e+00 -3.01691673e-04  3.35252469e-01  5.60673252e-02  1.00279000e+02  1.13110000e+01  1.37848000e+05 -1.91127000e-01 
 1.03000000e+00  4.42600000e+03  1.03000000e+00 -3.12119332e-04  3.35252469e-01  5.60673252e-02  1.00279000e+02  1.13110000e+01  1.37848000e+05 -1.91127000e-01 
 1.04000000e+00  4.42600000e+03  1.04000000e+00 -3.22594868e-04  3.35252469e-01  5.60673252e-02  1.00279000e+02  1.13110000e+01  1.37848000e+05 -1.91127000e-01 
 1.05000000e+00  4.42600000e+03  1.05000000e+00 -3.33115282e-04  3.35252469e-01  5.60673252e-02  1.00279000e+02  1.13110000e+01  1.37848000e+05 -1.91127000e-01 
 1.06000000e+00  4.42600000e+03  1.06000000e+00 -3.43677734e-04  3.35252469e-01  5.60673252e-02  1.00279000e+02  1.13110000e+01  1.37848000e+05 -1.91127000e-01 
 1.07000000e+00  4.42600000e+03  1.07000000e+00 -3.54279534e-04  3.35252469e-01  5.60673252e-02  1.00279000e+02  1.13110000e+01  1.37848000e+05 -1.91127000e-01 
 1.08000000e+00  4.42600000e+03  1.08000000e+00 -3.64918134e-04  3.35252469e-01  5.60673252e-02  1.00279000e+02  1.13110000e+01  1.37848000e+05 -1.91127000e-01 
 1.09000000e+00  4.42600000e+03  1.09000000e+00 -3.75591120e-04  3.35252469e-01  5.60673252e-02  1.00279000e+02  1.13110000e+01  1.37848000e+05 -1.91127000e-01 
 1.10000000e+00  4.42600000e+03  1.10000000e+00 -3.86296207e-04  3.35252469e-01  5.60673252e-02  1.00279000e+02  1.13110000e+01  1.37848000e+05 -1.91127000e-01 
 1.11000000e+00  4.42600000e+03  1.11000000e+00 -3.97031227e-04  3.35252469e-01  5.60673252e-02  1.00279000e+02  1.13110000e+01  1.37848000e+05 -1.91127000e-01 
 1.12000000e+00  4.42600000e+03  1.12000000e+00 -4.07794127e-04  3.35252469e-01  5.60673252e-02  1.00279000e+02  1.13110000e+01  1.37848000e+05 -1.91127000e-01 
 1.13000000e+00  4.42600000e+03  1.13000000e+00 -4.18582961e-04  3.35252469e-01  5.60673252e-02  1.00279000e+02  1.13110000e+01  1.37848000e+05 -1.91127000e-01 
 1.14000000e+00  4.42600000e+03  1.14000000e+00 -4.29395882e-04  3.35252469e-01  5.60673252e-02  1.00279000e+02  1.13110000e+01  1.37848000e+05 -1.91127000e-01 
 1.15000000e+00  4.42600000e+03  1.15000000e+00 -4.40231138e-04  3.35252469e-01  5.60673252e-02  1.00279000e+02  1.13110000e+01  1.37848000e+05 -1.91127000e-01 
 1.16000000e+00  4.42600000e+03  1.16000000e+00 -4.51087069e-04  3.35252469e-01  5.60673252e-02  1.00279000e+02  1.13110000e+01  1.37848000e+05 -1.91127000e-01 
 1.17000000e+00  4.42600000e+03  1.17000000e+00 -4.61962098e-04  3.35252469e-01  5.60673252e-02  1.00279000e+02  1.13110000e+01  1.37848000e+05 -1.91127000e-01 
 1.18000000e+00  4.42600000e+03  1.18000000e+00 -4.72854727e-04  3.35252469e-01  5.60673252e-02  1.00279000e+02  1.13110000e+01  1.37848000e+05 -1.91127000e-01 
 1.19000000e+00  4.42600000e+03  1.19000000e+00 -4.83763535e-04  3.35252469e-01  5.60673252e-02  1.00279000e+02  1.13110000e+01  1.37848000e+05 -1.91127000e-01 
 1.20000000e+00  4.42600000e+03  1.20000000e+00 -4.94687171e-04  3.35252469e-01  5.60673252e-02  1.00279000e+02  1.13110000e+01  1.37848000e+05 -1.91127000e-01 
 1.21000000e+00  4.42600000e+03  1.21000000e+00 -5.05624352e-04  3.35252469e-01  5.60673252e-02  1.00279000e+02  1.13110000e+01  1.37848000e+05 -1.91127000e-01 
 1.22000000e+00  4.42600000e+03  1.22000000e+00 -5.16573858e-04  3.35252469e-01  5.60673252e-02  1.00279000e+02  1.13110000e+01  1.37848000e+05 -1.91127000e-01 
 1.23000000e+00  4.42600000e+03  1.23000000e+00 -5.27534529e-04  3.35252469e-01  5.60673252e-02  1.00279000e+02  1.13110000e+01  1.37848000e+05 -1.91127000e-01 
 1.24000000e+00  4.42600000e+03  1.24000000e+00 -5.38505261e-04  3.35252469e-01  5.60673252e-02  1.00279000e+02  1.13110000e+01  1.37848000e+05 -1.91127000e-01 
 1.25000000e+00  4.42600000e+03  1.25000000e+00 -5.49485005e-04  3.35252469e-01  5.60673252e-02  1.00279000e+02  1.13110000e+01  1.37848000e+05 -1.91127000e-01 
 1.26000000e+00  4.42600000e+03  1.26000000e+00 -5.60472761e-04  3.35252469e-01  5.60673252e-02  1.00279000e+02  1.13110000e+01  1.37848000e+05 -1.91127000e-01 
 1.27000000e+00  4.42600000e+03  1.27000000e+00 -5.71467578e-04  3.35252469e-01  5.60673252e-02  1.00279000e+02  1.13110000e+01  1.37848000e+05 -1.91127000e-01 
 1.28000000e+00  4.42600000e+03  1.28000000e+00 -5.82468549e-04  3.35252469e-01  5.60673252e-02  1.00279000e+02  1.13110000e+01  1.37848000e+05 -1.91127000e-01 
 1.29000000e+00  4.42600000e+03  1.29000000e+00 -5.93474813e-04  3.35252469e-01  5.60673252e-02  1.00279000e+02  1.13110000e+01  1.37848000e+05 -1.91127000e-01 
 1.30000000e+00  4.42600000e+03  1.30000000e+00 -6.04485545e-04  3.35252469e-01  5.60673252e-02  1.00279000e+02  1.13110000e+01  1.37848000e+05 -1.91127000e-01 
 1.31000000e+00  4.42600000e+03  1.31000000e+00 -6.15499963e-04  3.35252469e-01  5.60673252e-02  1.00279000e+02  1.13110000e+01  1.37848000e+05 -1.91127000e-01 
 1.32000000e+00  4.42600000e+03  1.32000000e+00 -6.26517319e-04  3.35252469e-01  5.60673252e-02  1.00279000e+02  1.13110000e+01  1.37848000e+05 -1.91127000e-01 
 1.33000000e+00  4.42600000e+03  1.33000000e+00 -6.37536900e-04  3.35252469e-01  5.60673252e-02  1.00279000e+02  1.13110000e+01  1.37848000e+05 -1.91127000e-01 
 1.34000000e+00  4.42600000e+03  1.34000000e+00 -6.48558026e-04  3.35252469e-01  5.60673252e-02  1.00279000e+02  1.13110000e+01  1.37848000e+05 -1.91127000e-01 
 1.35000000e+00  4.42600000e+03  1.35000000e+00 -6.59580048e-04  3.35252469e-01  5.60673252e-02  1.00279000e+02  1.13110000e+01  1.37848000e+05 -1.91127000e-01 
 1.36000000e+00  4.42600000e+03  1.36000000e+00 -6.70602347e-04  3.35252469e-01  5.60673252e-02  1.00279000e+02  1.13110000e+01  1.37848000e+05 -1.91127000e-01 
 1.37000000e+00  4.42600000e+03  1.37000000e+00 -6.81624331e-04  3.35252469e-01  5.60673252e-02  1.00279000e+02  1.13110000e+01  1.37848000e+05 -1.91127000e-01 
 1.38000000e+00  4.42600000e+03  1.38000000e+00 -6.92645437e-04  3.35252469e-01  5.60673252e-02  1.00279000e+02  1.13110000e+01  1.37848000e+05 -1.91127000e-01 
 1.39000000e+00  4.42600000e+03  1.39000000e+00 -7.03665124e-04  3.35252469e-01  5.60673252e-02  1.00279000e+02  1.13110000e+01  1.37848000e+05 -1.91127000e-01 
 1.40000000e+00  4.42600000e+03  1.40000000e+00 -7.14682878e-04  3.35252469e-01  5.60673252e-02  1.00279000e+02  1.13110000e+01  1.37848000e+05 -1.91127000e-01 
 1.41000000e+00  4.42600000e+03  1.41000000e+00 -7.25698207e-04  3.35252469e-01  5.60673252e-02  1.00279000e+02  1.13110000e+01  1.37848000e+05 -1.91127000e-01 
 1.42000000e+00  4.42600000e+03  1.42000000e+00 -7.36710640e-04  3.35252469e-01  5.60673252e-02  1.00279000e+02  1.13110000e+01  1.37848000e+05 -1.91127000e-01 
 1.43000000e+00  4.42600000e+03  1.43000000e+00 -7.47719727e-04  3.35252469e-01  5.60673252e-02  1.00279000e+02  1.13110000e+01  1.37848000e+05 -1.91127000e-01 
 1.44000000e+00  4.42600000e+03  1.44000000e+00 -7.58725039e-04  3.35252469e-01  5.60673252e-02  1.00279000e+02  1.13110000e+01  1.37848000e+05 -1.91127000e-01 
 1.45000000e+00  4.42600000e+03  1.45000000e+00 -7.69726164e-04  3.35252469e-01  5.60673252e-02  1.00279000e+02  1.13110000e+01  1.37848000e+05 -1.91127000e-01 
 1.46000000e+00  4.42600000e+03  1.46000000e+00 -7.80722709e-04  3.35252469e-01  5.60673252e-02  1.00279000e+02  1.13110000e+01  1.37848000e+05 -1.91127000e-01 
 1.47000000e+00  4.42600000e+03  1.47000000e+00 -7.91714298e-04  3.35252469e-01  5.60673252e-02  1.00279000e+02  1.13110000e+01  1.37848000e+05 -1.91127000e-01 
 1.48000000e+00  4.42600000e+03  1.48000000e+00 -8.02700571e-04  3.35252469e-01  5.60673252e-02  1.00279000e+02  1.13110000e+01  1.37848000e+05 -1.91127000e-01 
 1.49000000e+00  4.42600000e+03  1.49000000e+00 -8.13681183e-04  3.35252469e-01  5.60673252e-02  1.00279000e+02  1.13110000e+01  1.37848000e+05 -1.91127000e-01 
 1.50000000e+00  4.42600000e+03  1.50000000e+00 -8.24655805e-04  3.35252469e-01  5.60673252e-02  1.00279000e+02  1.13110000e+01  1.37848000e+05 -1.91127000e-01 
 1.51000000e+00  4.42600000e+03  1.51000000e+00 -8.35624121e-04  3.35252469e-01  5.60673252e-02  1.00279000e+02  1.13110000e+01  1.37848000e+05 -1.91127000e-01 
 1.52000000e+00  4.42600000e+03  1.52000000e+00 -8.46585829e-04  3.35252469e-01  5.60673252e-02  1.00279000e+02  1.13110000e+01  1.37848000e+05 -1.91127000e-01 
 1.53000000e+00  4.42600000e+03  1.53000000e+00 -8.57540639e-04  3.35252469e-01  5.60673252e-02  1.00279000e+02  1.13110000e+01  1.37848000e+05 -1.91127000e-01 
 1.54000000e+00  4.42600000e+03  1.54000000e+00 -8.68488274e-04  3.35252469e-01  5.60673252e-02  1.00279000e+02  1.13110000e+01  1.37848000e+05 -1.91127000e-01 
 1.55000000e+00  4.42600000e+03  1.55000000e+00 -8.79428468e-04  3.35252469e-01  5.60673252e-02  1.00279000e+02  1.13110000e+01  1.37848000e+05 -1.91127000e-01 
 1.56000000e+00  4.42600000e+03  1.56000000e+00 -8.90360967e-04  3.35252469e-01  5.60673252e-02  1.00279000e+02  1.13110000e+01  1.37848000e+05 -1.91127000e-01 
 1.57000000e+00  4.42600000e+03  1.57000000e+00 -9.01285528e-04  3.35252469e-01  5.60673252e-02  1.00279000e+02  1.13110000e+01  1.37848000e+05 -1.91127000e-01 
 1.58000000e+00  4.42600000e+03  1.58000000e+00 -9.12201915e-04  3.35252469e-01  5.60673252e-02  1.00279000e+02  1.13110000e+01  1.37848000e+05 -1.91127000e-01 
 1.59000000e+00  4.42600000e+03  1.59000000e+00 -9.23109906e-04  3.35252469e-01  5.60673252e-02  1.00279000e+02  1.13110000e+01  1.37848000e+05 -1.91127000e-01 
 1.60000000e+00  4.42600000e+03  1.60000000e+00 -9.34009285e-04  3.35252469e-01  5.60673252e-02  1.00279000e+02  1.13110000e+01  1.37848000e+05 -1.91127000e-01 
 1.61000000e+00  4.42600000e+03  1.61000000e+00 -9.44899847e-04  3.35252469e-01  5.60673252e-02  1.00279000e+02  1.13110000e+01  1.37848000e+05 -1.91127000e-01 
 1.62000000e+00  4.42600000e+03  1.62000000e+00 -9.55781393e-04  3.35252469e-01  5.60673252e-02  1.00279000e+02  1.13110000e+01  1.37848000e+05 -1.91127000e-01 
 1.63000000e+00  4.42600000e+03  1.63000000e+00 -9.66653735e-04  3.35252469e-01  5.60673252e-02  1.00279000e+02  1.13110000e+01  1.37848000e+05 -1.91127000e-01 
 1.64000000e+00  4.42600000e+03  1.64000000e+00 -9.77516690e-04  3.35252469e-01  5.60673252e-02  1.00279000e+02  1.13110000e+01  1.37848000e+05 -1.91127000e-01 
 1.65000000e+00  4.42600000e+03  1.65000000e+00 -9.88370084e-04  3.35252469e-01  5.60673252e-02  1.00279000e+02  1.13110000e+01  1.37848000e+05 -1.91127000e-01 
 1.66000000e+00  4.42600000e+03  1.66000000e+00 -9.99213750e-04  3.35252469e-01  5.60673252e-02  1.00279000e+02  1.13110000e+01  1.37848000e+05 -1.91127000e-01 
 1.67000000e+00  4.42600000e+03  1.67000000e+00 -1.01004753e-03  3.35252469e-01  5.60673252e-02  1.00279000e+02  1.13110000e+01  1.37848000e+05 -1.91127000e-01 
 1.68000000e+00  4.42600000e+03  1.68000000e+00 -1.02087126e-03  3.35252469e-01  5.60673252e-02  1.00279000e+02  1.13110000e+01  1.37848000e+05 -1.91127000e-01 
 1.69000000e+00  4.42600000e+03  1.69000000e+00 -1.03168480e-03  3.35252469e-01  5.60673252e-02  1.00279000e+02  1.13110000e+01  1.37848000e+05 -1.91127000e-01 
 1.70000000e+00  4.42600000e+03  1.70000000e+00 -1.04248801e-03  3.35252469e-01  5.60673252e-02  1.00279000e+02  1.13110000e+01  1.37848000e+05 -1.91127000e-01 
 1.71000000e+00  4.42600000e+03  1.71000000e+00 -1.05328074e-03  3.35252469e-01  5.60673252e-02  1.00279000e+02  1.13110000e+01  1.37848000e+05 -1.91127000e-01 
 1.72000000e+00  4.42600000e+03  1.72000000e+00 -1.06406288e-03  3.35252469e-01  5.60673252e-02  1.00279000e+02  1.13110000e+01  1.37848000e+05 -1.91127000e-01 
 1.73000000e+00  4.42600000e+03  1.73000000e+00 -1.07483428e-03  3.35252469e-01  5.60673252e-02  1.00279000e+02  1.13110000e+01  1.37848000e+05 -1.91127000e-01 
 1.74000000e+00  4.42600000e+03  1.74000000e+00 -1.08559484e-03  3.35252469e-01  5.60673252e-02  1.00279000e+02  1.13110000e+01  1.37848000e+05 -1.91127000e-01 
 1.75000000e+00  4.42600000e+03  1.75000000e+00 -1.09634443e-03  3.35252469e-01  5.60673252e-02  1.00279000e+02  1.13110000e+01  1.37848000e+05 -1.91127000e-01 
 1.76000000e+00  4.42600000e+03  1.76000000e+00 -1.10708293e-03  3.35252469e-01  5.60673252e-02  1.00279000e+02  1.13110000e+01  1.37848000e+05 -1.91127000e-01 
 1.77000000e+00  4.42600000e+03  1.77000000e+00 -1.11781026e-03  3.35252469e-01  5.60673252e-02  1.00279000e+02  1.13110000e+01  1.37848000e+05 -1.91127000e-01 
 1.78000000e+00  4.42600000e+03  1.78000000e+00 -1.12852629e-03  3.35252469e-01  5.60673252e-02  1.00279000e+02  1.13110000e+01  1.37848000e+05 -1.91127000e-01 
 1.79000000e+00  4.42600000e+03  1.79000000e+00 -1.13923092e-03  3.35252469e-01  5.60673252e-02  1.00279000e+02  1.13110000e+01  1.37848000e+05 -1.91127000e-01 
 1.80000000e+00  4.42600000e+03  1.80000000e+00 -1.14992408e-03  3.35252469e-01  5.60673252e-02  1.00279000e+02  1.13110000e+01  1.37848000e+05 -1.91127000e-01 
