 v-sweep         run_num         v(gate)         i(vds)          out_vth0        out_u0          out_rdsw        out_nfactor     out_vsat        out_eta0       
 0.00000000e+00  4.99700000e+03  0.00000000e+00 -1.85137829e-12  2.97144313e-01  4.59051501e-02  1.00279000e+02  1.13110000e+01  1.37848000e+05 -1.91127000e-01 
 1.00000000e-02  4.99700000e+03  1.00000000e-02 -1.85137978e-12  2.97144313e-01  4.59051501e-02  1.00279000e+02  1.13110000e+01  1.37848000e+05 -1.91127000e-01 
 2.00000000e-02  4.99700000e+03  2.00000000e-02 -1.85138330e-12  2.97144313e-01  4.59051501e-02  1.00279000e+02  1.13110000e+01  1.37848000e+05 -1.91127000e-01 
 3.00000000e-02  4.99700000e+03  3.00000000e-02 -1.85138833e-12  2.97144313e-01  4.59051501e-02  1.00279000e+02  1.13110000e+01  1.37848000e+05 -1.91127000e-01 
 4.00000000e-02  4.99700000e+03  4.00000000e-02 -1.85139646e-12  2.97144313e-01  4.59051501e-02  1.00279000e+02  1.13110000e+01  1.37848000e+05 -1.91127000e-01 
 5.00000000e-02  4.99700000e+03  5.00000000e-02 -1.85140965e-12  2.97144313e-01  4.59051501e-02  1.00279000e+02  1.13110000e+01  1.37848000e+05 -1.91127000e-01 
 6.00000000e-02  4.99700000e+03  6.00000000e-02 -1.85143101e-12  2.97144313e-01  4.59051501e-02  1.00279000e+02  1.13110000e+01  1.37848000e+05 -1.91127000e-01 
 7.00000000e-02  4.99700000e+03  7.00000000e-02 -1.85146561e-12  2.97144313e-01  4.59051501e-02  1.00279000e+02  1.13110000e+01  1.37848000e+05 -1.91127000e-01 
 8.00000000e-02  4.99700000e+03  8.00000000e-02 -1.85152168e-12  2.97144313e-01  4.59051501e-02  1.00279000e+02  1.13110000e+01  1.37848000e+05 -1.91127000e-01 
 9.00000000e-02  4.99700000e+03  9.00000000e-02 -1.85161250e-12  2.97144313e-01  4.59051501e-02  1.00279000e+02  1.13110000e+01  1.37848000e+05 -1.91127000e-01 
 1.00000000e-01  4.99700000e+03  1.00000000e-01 -1.85175964e-12  2.97144313e-01  4.59051501e-02  1.00279000e+02  1.13110000e+01  1.37848000e+05 -1.91127000e-01 
 1.10000000e-01  4.99700000e+03  1.10000000e-01 -1.85199801e-12  2.97144313e-01  4.59051501e-02  1.00279000e+02  1.13110000e+01  1.37848000e+05 -1.91127000e-01 
 1.20000000e-01  4.99700000e+03  1.20000000e-01 -1.85238418e-12  2.97144313e-01  4.59051501e-02  1.00279000e+02  1.13110000e+01  1.37848000e+05 -1.91127000e-01 
 1.30000000e-01  4.99700000e+03  1.30000000e-01 -1.85300980e-12  2.97144313e-01  4.59051501e-02  1.00279000e+02  1.13110000e+01  1.37848000e+05 -1.91127000e-01 
 1.40000000e-01  4.99700000e+03  1.40000000e-01 -1.85402331e-12  2.97144313e-01  4.59051501e-02  1.00279000e+02  1.13110000e+01  1.37848000e+05 -1.91127000e-01 
 1.50000000e-01  4.99700000e+03  1.50000000e-01 -1.85566524e-12  2.97144313e-01  4.59051501e-02  1.00279000e+02  1.13110000e+01  1.37848000e+05 -1.91127000e-01 
 1.60000000e-01  4.99700000e+03  1.60000000e-01 -1.85832520e-12  2.97144313e-01  4.59051501e-02  1.00279000e+02  1.13110000e+01  1.37848000e+05 -1.91127000e-01 
 1.70000000e-01  4.99700000e+03  1.70000000e-01 -1.86263436e-12  2.97144313e-01  4.59051501e-02  1.00279000e+02  1.13110000e+01  1.37848000e+05 -1.91127000e-01 
 1.80000000e-01  4.99700000e+03  1.80000000e-01 -1.86961518e-12  2.97144313e-01  4.59051501e-02  1.00279000e+02  1.13110000e+01  1.37848000e+05 -1.91127000e-01 
 1.90000000e-01  4.99700000e+03  1.90000000e-01 -1.88092395e-12  2.97144313e-01  4.59051501e-02  1.00279000e+02  1.13110000e+01  1.37848000e+05 -1.91127000e-01 
 2.00000000e-01  4.99700000e+03  2.00000000e-01 -1.89924367e-12  2.97144313e-01  4.59051501e-02  1.00279000e+02  1.13110000e+01  1.37848000e+05 -1.91127000e-01 
 2.10000000e-01  4.99700000e+03  2.10000000e-01 -1.92892027e-12  2.97144313e-01  4.59051501e-02  1.00279000e+02  1.13110000e+01  1.37848000e+05 -1.91127000e-01 
 2.20000000e-01  4.99700000e+03  2.20000000e-01 -1.97699312e-12  2.97144313e-01  4.59051501e-02  1.00279000e+02  1.13110000e+01  1.37848000e+05 -1.91127000e-01 
 2.30000000e-01  4.99700000e+03  2.30000000e-01 -2.05486367e-12  2.97144313e-01  4.59051501e-02  1.00279000e+02  1.13110000e+01  1.37848000e+05 -1.91127000e-01 
 2.40000000e-01  4.99700000e+03  2.40000000e-01 -2.18099728e-12  2.97144313e-01  4.59051501e-02  1.00279000e+02  1.13110000e+01  1.37848000e+05 -1.91127000e-01 
 2.50000000e-01  4.99700000e+03  2.50000000e-01 -2.38529727e-12  2.97144313e-01  4.59051501e-02  1.00279000e+02  1.13110000e+01  1.37848000e+05 -1.91127000e-01 
 2.60000000e-01  4.99700000e+03  2.60000000e-01 -2.71618473e-12  2.97144313e-01  4.59051501e-02  1.00279000e+02  1.13110000e+01  1.37848000e+05 -1.91127000e-01 
 2.70000000e-01  4.99700000e+03  2.70000000e-01 -3.25205523e-12  2.97144313e-01  4.59051501e-02  1.00279000e+02  1.13110000e+01  1.37848000e+05 -1.91127000e-01 
 2.80000000e-01  4.99700000e+03  2.80000000e-01 -4.11981216e-12  2.97144313e-01  4.59051501e-02  1.00279000e+02  1.13110000e+01  1.37848000e+05 -1.91127000e-01 
 2.90000000e-01  4.99700000e+03  2.90000000e-01 -5.52483661e-12  2.97144313e-01  4.59051501e-02  1.00279000e+02  1.13110000e+01  1.37848000e+05 -1.91127000e-01 
 3.00000000e-01  4.99700000e+03  3.00000000e-01 -7.79942595e-12  2.97144313e-01  4.59051501e-02  1.00279000e+02  1.13110000e+01  1.37848000e+05 -1.91127000e-01 
 3.10000000e-01  4.99700000e+03  3.10000000e-01 -1.14810330e-11  2.97144313e-01  4.59051501e-02  1.00279000e+02  1.13110000e+01  1.37848000e+05 -1.91127000e-01 
 3.20000000e-01  4.99700000e+03  3.20000000e-01 -1.74385372e-11  2.97144313e-01  4.59051501e-02  1.00279000e+02  1.13110000e+01  1.37848000e+05 -1.91127000e-01 
 3.30000000e-01  4.99700000e+03  3.30000000e-01 -2.70758261e-11  2.97144313e-01  4.59051501e-02  1.00279000e+02  1.13110000e+01  1.37848000e+05 -1.91127000e-01 
 3.40000000e-01  4.99700000e+03  3.40000000e-01 -4.26595952e-11  2.97144313e-01  4.59051501e-02  1.00279000e+02  1.13110000e+01  1.37848000e+05 -1.91127000e-01 
 3.50000000e-01  4.99700000e+03  3.50000000e-01 -6.78462911e-11  2.97144313e-01  4.59051501e-02  1.00279000e+02  1.13110000e+01  1.37848000e+05 -1.91127000e-01 
 3.60000000e-01  4.99700000e+03  3.60000000e-01 -1.08527426e-10  2.97144313e-01  4.59051501e-02  1.00279000e+02  1.13110000e+01  1.37848000e+05 -1.91127000e-01 
 3.70000000e-01  4.99700000e+03  3.70000000e-01 -1.74182074e-10  2.97144313e-01  4.59051501e-02  1.00279000e+02  1.13110000e+01  1.37848000e+05 -1.91127000e-01 
 3.80000000e-01  4.99700000e+03  3.80000000e-01 -2.80033763e-10  2.97144313e-01  4.59051501e-02  1.00279000e+02  1.13110000e+01  1.37848000e+05 -1.91127000e-01 
 3.90000000e-01  4.99700000e+03  3.90000000e-01 -4.50476054e-10  2.97144313e-01  4.59051501e-02  1.00279000e+02  1.13110000e+01  1.37848000e+05 -1.91127000e-01 
 4.00000000e-01  4.99700000e+03  4.00000000e-01 -7.24485313e-10  2.97144313e-01  4.59051501e-02  1.00279000e+02  1.13110000e+01  1.37848000e+05 -1.91127000e-01 
 4.10000000e-01  4.99700000e+03  4.10000000e-01 -1.16411952e-09  2.97144313e-01  4.59051501e-02  1.00279000e+02  1.13110000e+01  1.37848000e+05 -1.91127000e-01 
 4.20000000e-01  4.99700000e+03  4.20000000e-01 -1.86775965e-09  2.97144313e-01  4.59051501e-02  1.00279000e+02  1.13110000e+01  1.37848000e+05 -1.91127000e-01 
 4.30000000e-01  4.99700000e+03  4.30000000e-01 -2.99054790e-09  2.97144313e-01  4.59051501e-02  1.00279000e+02  1.13110000e+01  1.37848000e+05 -1.91127000e-01 
 4.40000000e-01  4.99700000e+03  4.40000000e-01 -4.77558564e-09  2.97144313e-01  4.59051501e-02  1.00279000e+02  1.13110000e+01  1.37848000e+05 -1.91127000e-01 
 4.50000000e-01  4.99700000e+03  4.50000000e-01 -7.60094720e-09  2.97144313e-01  4.59051501e-02  1.00279000e+02  1.13110000e+01  1.37848000e+05 -1.91127000e-01 
 4.60000000e-01  4.99700000e+03  4.60000000e-01 -1.20495193e-08  2.97144313e-01  4.59051501e-02  1.00279000e+02  1.13110000e+01  1.37848000e+05 -1.91127000e-01 
 4.70000000e-01  4.99700000e+03  4.70000000e-01 -1.90111945e-08  2.97144313e-01  4.59051501e-02  1.00279000e+02  1.13110000e+01  1.37848000e+05 -1.91127000e-01 
 4.80000000e-01  4.99700000e+03  4.80000000e-01 -2.98302369e-08  2.97144313e-01  4.59051501e-02  1.00279000e+02  1.13110000e+01  1.37848000e+05 -1.91127000e-01 
 4.90000000e-01  4.99700000e+03  4.90000000e-01 -4.65151637e-08  2.97144313e-01  4.59051501e-02  1.00279000e+02  1.13110000e+01  1.37848000e+05 -1.91127000e-01 
 5.00000000e-01  4.99700000e+03  5.00000000e-01 -7.20350142e-08  2.97144313e-01  4.59051501e-02  1.00279000e+02  1.13110000e+01  1.37848000e+05 -1.91127000e-01 
 5.10000000e-01  4.99700000e+03  5.10000000e-01 -1.10735025e-07  2.97144313e-01  4.59051501e-02  1.00279000e+02  1.13110000e+01  1.37848000e+05 -1.91127000e-01 
 5.20000000e-01  4.99700000e+03  5.20000000e-01 -1.68914846e-07  2.97144313e-01  4.59051501e-02  1.00279000e+02  1.13110000e+01  1.37848000e+05 -1.91127000e-01 
 5.30000000e-01  4.99700000e+03  5.30000000e-01 -2.55615122e-07  2.97144313e-01  4.59051501e-02  1.00279000e+02  1.13110000e+01  1.37848000e+05 -1.91127000e-01 
 5.40000000e-01  4.99700000e+03  5.40000000e-01 -3.83633310e-07  2.97144313e-01  4.59051501e-02  1.00279000e+02  1.13110000e+01  1.37848000e+05 -1.91127000e-01 
 5.50000000e-01  4.99700000e+03  5.50000000e-01 -5.70706983e-07  2.97144313e-01  4.59051501e-02  1.00279000e+02  1.13110000e+01  1.37848000e+05 -1.91127000e-01 
 5.60000000e-01  4.99700000e+03  5.60000000e-01 -8.40645355e-07  2.97144313e-01  4.59051501e-02  1.00279000e+02  1.13110000e+01  1.37848000e+05 -1.91127000e-01 
 5.70000000e-01  4.99700000e+03  5.70000000e-01 -1.22399483e-06  2.97144313e-01  4.59051501e-02  1.00279000e+02  1.13110000e+01  1.37848000e+05 -1.91127000e-01 
 5.80000000e-01  4.99700000e+03  5.80000000e-01 -1.75771195e-06  2.97144313e-01  4.59051501e-02  1.00279000e+02  1.13110000e+01  1.37848000e+05 -1.91127000e-01 
 5.90000000e-01  4.99700000e+03  5.90000000e-01 -2.48344023e-06  2.97144313e-01  4.59051501e-02  1.00279000e+02  1.13110000e+01  1.37848000e+05 -1.91127000e-01 
 6.00000000e-01  4.99700000e+03  6.00000000e-01 -3.44439909e-06  2.97144313e-01  4.59051501e-02  1.00279000e+02  1.13110000e+01  1.37848000e+05 -1.91127000e-01 
 6.10000000e-01  4.99700000e+03  6.10000000e-01 -4.68143931e-06  2.97144313e-01  4.59051501e-02  1.00279000e+02  1.13110000e+01  1.37848000e+05 -1.91127000e-01 
 6.20000000e-01  4.99700000e+03  6.20000000e-01 -6.22920105e-06  2.97144313e-01  4.59051501e-02  1.00279000e+02  1.13110000e+01  1.37848000e+05 -1.91127000e-01 
 6.30000000e-01  4.99700000e+03  6.30000000e-01 -8.11329991e-06  2.97144313e-01  4.59051501e-02  1.00279000e+02  1.13110000e+01  1.37848000e+05 -1.91127000e-01 
 6.40000000e-01  4.99700000e+03  6.40000000e-01 -1.03490818e-05  2.97144313e-01  4.59051501e-02  1.00279000e+02  1.13110000e+01  1.37848000e+05 -1.91127000e-01 
 6.50000000e-01  4.99700000e+03  6.50000000e-01 -1.29419588e-05  2.97144313e-01  4.59051501e-02  1.00279000e+02  1.13110000e+01  1.37848000e+05 -1.91127000e-01 
 6.60000000e-01  4.99700000e+03  6.60000000e-01 -1.58889240e-05  2.97144313e-01  4.59051501e-02  1.00279000e+02  1.13110000e+01  1.37848000e+05 -1.91127000e-01 
 6.70000000e-01  4.99700000e+03  6.70000000e-01 -1.91806708e-05  2.97144313e-01  4.59051501e-02  1.00279000e+02  1.13110000e+01  1.37848000e+05 -1.91127000e-01 
 6.80000000e-01  4.99700000e+03  6.80000000e-01 -2.28037941e-05  2.97144313e-01  4.59051501e-02  1.00279000e+02  1.13110000e+01  1.37848000e+05 -1.91127000e-01 
 6.90000000e-01  4.99700000e+03  6.90000000e-01 -2.67427168e-05  2.97144313e-01  4.59051501e-02  1.00279000e+02  1.13110000e+01  1.37848000e+05 -1.91127000e-01 
 7.00000000e-01  4.99700000e+03  7.00000000e-01 -3.09811734e-05  2.97144313e-01  4.59051501e-02  1.00279000e+02  1.13110000e+01  1.37848000e+05 -1.91127000e-01 
 7.10000000e-01  4.99700000e+03  7.10000000e-01 -3.55032249e-05  2.97144313e-01  4.59051501e-02  1.00279000e+02  1.13110000e+01  1.37848000e+05 -1.91127000e-01 
 7.20000000e-01  4.99700000e+03  7.20000000e-01 -4.02938647e-05  2.97144313e-01  4.59051501e-02  1.00279000e+02  1.13110000e+01  1.37848000e+05 -1.91127000e-01 
 7.30000000e-01  4.99700000e+03  7.30000000e-01 -4.53393117e-05  2.97144313e-01  4.59051501e-02  1.00279000e+02  1.13110000e+01  1.37848000e+05 -1.91127000e-01 
 7.40000000e-01  4.99700000e+03  7.40000000e-01 -5.06270858e-05  2.97144313e-01  4.59051501e-02  1.00279000e+02  1.13110000e+01  1.37848000e+05 -1.91127000e-01 
 7.50000000e-01  4.99700000e+03  7.50000000e-01 -5.61459495e-05  2.97144313e-01  4.59051501e-02  1.00279000e+02  1.13110000e+01  1.37848000e+05 -1.91127000e-01 
 7.60000000e-01  4.99700000e+03  7.60000000e-01 -6.18857774e-05  2.97144313e-01  4.59051501e-02  1.00279000e+02  1.13110000e+01  1.37848000e+05 -1.91127000e-01 
 7.70000000e-01  4.99700000e+03  7.70000000e-01 -6.78373960e-05  2.97144313e-01  4.59051501e-02  1.00279000e+02  1.13110000e+01  1.37848000e+05 -1.91127000e-01 
 7.80000000e-01  4.99700000e+03  7.80000000e-01 -7.39924220e-05  2.97144313e-01  4.59051501e-02  1.00279000e+02  1.13110000e+01  1.37848000e+05 -1.91127000e-01 
 7.90000000e-01  4.99700000e+03  7.90000000e-01 -8.03431131e-05  2.97144313e-01  4.59051501e-02  1.00279000e+02  1.13110000e+01  1.37848000e+05 -1.91127000e-01 
 8.00000000e-01  4.99700000e+03  8.00000000e-01 -8.68822395e-05  2.97144313e-01  4.59051501e-02  1.00279000e+02  1.13110000e+01  1.37848000e+05 -1.91127000e-01 
 8.10000000e-01  4.99700000e+03  8.10000000e-01 -9.36029783e-05  2.97144313e-01  4.59051501e-02  1.00279000e+02  1.13110000e+01  1.37848000e+05 -1.91127000e-01 
 8.20000000e-01  4.99700000e+03  8.20000000e-01 -1.00498830e-04  2.97144313e-01  4.59051501e-02  1.00279000e+02  1.13110000e+01  1.37848000e+05 -1.91127000e-01 
 8.30000000e-01  4.99700000e+03  8.30000000e-01 -1.07563553e-04  2.97144313e-01  4.59051501e-02  1.00279000e+02  1.13110000e+01  1.37848000e+05 -1.91127000e-01 
 8.40000000e-01  4.99700000e+03  8.40000000e-01 -1.14791119e-04  2.97144313e-01  4.59051501e-02  1.00279000e+02  1.13110000e+01  1.37848000e+05 -1.91127000e-01 
 8.50000000e-01  4.99700000e+03  8.50000000e-01 -1.22175674e-04  2.97144313e-01  4.59051501e-02  1.00279000e+02  1.13110000e+01  1.37848000e+05 -1.91127000e-01 
 8.60000000e-01  4.99700000e+03  8.60000000e-01 -1.29711522e-04  2.97144313e-01  4.59051501e-02  1.00279000e+02  1.13110000e+01  1.37848000e+05 -1.91127000e-01 
 8.70000000e-01  4.99700000e+03  8.70000000e-01 -1.37393102e-04  2.97144313e-01  4.59051501e-02  1.00279000e+02  1.13110000e+01  1.37848000e+05 -1.91127000e-01 
 8.80000000e-01  4.99700000e+03  8.80000000e-01 -1.45214985e-04  2.97144313e-01  4.59051501e-02  1.00279000e+02  1.13110000e+01  1.37848000e+05 -1.91127000e-01 
 8.90000000e-01  4.99700000e+03  8.90000000e-01 -1.53171866e-04  2.97144313e-01  4.59051501e-02  1.00279000e+02  1.13110000e+01  1.37848000e+05 -1.91127000e-01 
 9.00000000e-01  4.99700000e+03  9.00000000e-01 -1.61258562e-04  2.97144313e-01  4.59051501e-02  1.00279000e+02  1.13110000e+01  1.37848000e+05 -1.91127000e-01 
 9.10000000e-01  4.99700000e+03  9.10000000e-01 -1.69470012e-04  2.97144313e-01  4.59051501e-02  1.00279000e+02  1.13110000e+01  1.37848000e+05 -1.91127000e-01 
 9.20000000e-01  4.99700000e+03  9.20000000e-01 -1.77801281e-04  2.97144313e-01  4.59051501e-02  1.00279000e+02  1.13110000e+01  1.37848000e+05 -1.91127000e-01 
 9.30000000e-01  4.99700000e+03  9.30000000e-01 -1.86247557e-04  2.97144313e-01  4.59051501e-02  1.00279000e+02  1.13110000e+01  1.37848000e+05 -1.91127000e-01 
 9.40000000e-01  4.99700000e+03  9.40000000e-01 -1.94804156e-04  2.97144313e-01  4.59051501e-02  1.00279000e+02  1.13110000e+01  1.37848000e+05 -1.91127000e-01 
 9.50000000e-01  4.99700000e+03  9.50000000e-01 -2.03466519e-04  2.97144313e-01  4.59051501e-02  1.00279000e+02  1.13110000e+01  1.37848000e+05 -1.91127000e-01 
 9.60000000e-01  4.99700000e+03  9.60000000e-01 -2.12230219e-04  2.97144313e-01  4.59051501e-02  1.00279000e+02  1.13110000e+01  1.37848000e+05 -1.91127000e-01 
 9.70000000e-01  4.99700000e+03  9.70000000e-01 -2.21090956e-04  2.97144313e-01  4.59051501e-02  1.00279000e+02  1.13110000e+01  1.37848000e+05 -1.91127000e-01 
 9.80000000e-01  4.99700000e+03  9.80000000e-01 -2.30044560e-04  2.97144313e-01  4.59051501e-02  1.00279000e+02  1.13110000e+01  1.37848000e+05 -1.91127000e-01 
 9.90000000e-01  4.99700000e+03  9.90000000e-01 -2.39086994e-04  2.97144313e-01  4.59051501e-02  1.00279000e+02  1.13110000e+01  1.37848000e+05 -1.91127000e-01 
 1.00000000e+00  4.99700000e+03  1.00000000e+00 -2.48214346e-04  2.97144313e-01  4.59051501e-02  1.00279000e+02  1.13110000e+01  1.37848000e+05 -1.91127000e-01 
 1.01000000e+00  4.99700000e+03  1.01000000e+00 -2.57422834e-04  2.97144313e-01  4.59051501e-02  1.00279000e+02  1.13110000e+01  1.37848000e+05 -1.91127000e-01 
 1.02000000e+00  4.99700000e+03  1.02000000e+00 -2.66708802e-04  2.97144313e-01  4.59051501e-02  1.00279000e+02  1.13110000e+01  1.37848000e+05 -1.91127000e-01 
 1.03000000e+00  4.99700000e+03  1.03000000e+00 -2.76068716e-04  2.97144313e-01  4.59051501e-02  1.00279000e+02  1.13110000e+01  1.37848000e+05 -1.91127000e-01 
 1.04000000e+00  4.99700000e+03  1.04000000e+00 -2.85499165e-04  2.97144313e-01  4.59051501e-02  1.00279000e+02  1.13110000e+01  1.37848000e+05 -1.91127000e-01 
 1.05000000e+00  4.99700000e+03  1.05000000e+00 -2.94996856e-04  2.97144313e-01  4.59051501e-02  1.00279000e+02  1.13110000e+01  1.37848000e+05 -1.91127000e-01 
 1.06000000e+00  4.99700000e+03  1.06000000e+00 -3.04558610e-04  2.97144313e-01  4.59051501e-02  1.00279000e+02  1.13110000e+01  1.37848000e+05 -1.91127000e-01 
 1.07000000e+00  4.99700000e+03  1.07000000e+00 -3.14181365e-04  2.97144313e-01  4.59051501e-02  1.00279000e+02  1.13110000e+01  1.37848000e+05 -1.91127000e-01 
 1.08000000e+00  4.99700000e+03  1.08000000e+00 -3.23862166e-04  2.97144313e-01  4.59051501e-02  1.00279000e+02  1.13110000e+01  1.37848000e+05 -1.91127000e-01 
 1.09000000e+00  4.99700000e+03  1.09000000e+00 -3.33598165e-04  2.97144313e-01  4.59051501e-02  1.00279000e+02  1.13110000e+01  1.37848000e+05 -1.91127000e-01 
 1.10000000e+00  4.99700000e+03  1.10000000e+00 -3.43386618e-04  2.97144313e-01  4.59051501e-02  1.00279000e+02  1.13110000e+01  1.37848000e+05 -1.91127000e-01 
 1.11000000e+00  4.99700000e+03  1.11000000e+00 -3.53224880e-04  2.97144313e-01  4.59051501e-02  1.00279000e+02  1.13110000e+01  1.37848000e+05 -1.91127000e-01 
 1.12000000e+00  4.99700000e+03  1.12000000e+00 -3.63110405e-04  2.97144313e-01  4.59051501e-02  1.00279000e+02  1.13110000e+01  1.37848000e+05 -1.91127000e-01 
 1.13000000e+00  4.99700000e+03  1.13000000e+00 -3.73040739e-04  2.97144313e-01  4.59051501e-02  1.00279000e+02  1.13110000e+01  1.37848000e+05 -1.91127000e-01 
 1.14000000e+00  4.99700000e+03  1.14000000e+00 -3.83013518e-04  2.97144313e-01  4.59051501e-02  1.00279000e+02  1.13110000e+01  1.37848000e+05 -1.91127000e-01 
 1.15000000e+00  4.99700000e+03  1.15000000e+00 -3.93026467e-04  2.97144313e-01  4.59051501e-02  1.00279000e+02  1.13110000e+01  1.37848000e+05 -1.91127000e-01 
 1.16000000e+00  4.99700000e+03  1.16000000e+00 -4.03077394e-04  2.97144313e-01  4.59051501e-02  1.00279000e+02  1.13110000e+01  1.37848000e+05 -1.91127000e-01 
 1.17000000e+00  4.99700000e+03  1.17000000e+00 -4.13164187e-04  2.97144313e-01  4.59051501e-02  1.00279000e+02  1.13110000e+01  1.37848000e+05 -1.91127000e-01 
 1.18000000e+00  4.99700000e+03  1.18000000e+00 -4.23284815e-04  2.97144313e-01  4.59051501e-02  1.00279000e+02  1.13110000e+01  1.37848000e+05 -1.91127000e-01 
 1.19000000e+00  4.99700000e+03  1.19000000e+00 -4.33437320e-04  2.97144313e-01  4.59051501e-02  1.00279000e+02  1.13110000e+01  1.37848000e+05 -1.91127000e-01 
 1.20000000e+00  4.99700000e+03  1.20000000e+00 -4.43619816e-04  2.97144313e-01  4.59051501e-02  1.00279000e+02  1.13110000e+01  1.37848000e+05 -1.91127000e-01 
 1.21000000e+00  4.99700000e+03  1.21000000e+00 -4.53830488e-04  2.97144313e-01  4.59051501e-02  1.00279000e+02  1.13110000e+01  1.37848000e+05 -1.91127000e-01 
 1.22000000e+00  4.99700000e+03  1.22000000e+00 -4.64067587e-04  2.97144313e-01  4.59051501e-02  1.00279000e+02  1.13110000e+01  1.37848000e+05 -1.91127000e-01 
 1.23000000e+00  4.99700000e+03  1.23000000e+00 -4.74329428e-04  2.97144313e-01  4.59051501e-02  1.00279000e+02  1.13110000e+01  1.37848000e+05 -1.91127000e-01 
 1.24000000e+00  4.99700000e+03  1.24000000e+00 -4.84614390e-04  2.97144313e-01  4.59051501e-02  1.00279000e+02  1.13110000e+01  1.37848000e+05 -1.91127000e-01 
 1.25000000e+00  4.99700000e+03  1.25000000e+00 -4.94920910e-04  2.97144313e-01  4.59051501e-02  1.00279000e+02  1.13110000e+01  1.37848000e+05 -1.91127000e-01 
 1.26000000e+00  4.99700000e+03  1.26000000e+00 -5.05247482e-04  2.97144313e-01  4.59051501e-02  1.00279000e+02  1.13110000e+01  1.37848000e+05 -1.91127000e-01 
 1.27000000e+00  4.99700000e+03  1.27000000e+00 -5.15592656e-04  2.97144313e-01  4.59051501e-02  1.00279000e+02  1.13110000e+01  1.37848000e+05 -1.91127000e-01 
 1.28000000e+00  4.99700000e+03  1.28000000e+00 -5.25955034e-04  2.97144313e-01  4.59051501e-02  1.00279000e+02  1.13110000e+01  1.37848000e+05 -1.91127000e-01 
 1.29000000e+00  4.99700000e+03  1.29000000e+00 -5.36333268e-04  2.97144313e-01  4.59051501e-02  1.00279000e+02  1.13110000e+01  1.37848000e+05 -1.91127000e-01 
 1.30000000e+00  4.99700000e+03  1.30000000e+00 -5.46726063e-04  2.97144313e-01  4.59051501e-02  1.00279000e+02  1.13110000e+01  1.37848000e+05 -1.91127000e-01 
 1.31000000e+00  4.99700000e+03  1.31000000e+00 -5.57132165e-04  2.97144313e-01  4.59051501e-02  1.00279000e+02  1.13110000e+01  1.37848000e+05 -1.91127000e-01 
 1.32000000e+00  4.99700000e+03  1.32000000e+00 -5.67550370e-04  2.97144313e-01  4.59051501e-02  1.00279000e+02  1.13110000e+01  1.37848000e+05 -1.91127000e-01 
 1.33000000e+00  4.99700000e+03  1.33000000e+00 -5.77979515e-04  2.97144313e-01  4.59051501e-02  1.00279000e+02  1.13110000e+01  1.37848000e+05 -1.91127000e-01 
 1.34000000e+00  4.99700000e+03  1.34000000e+00 -5.88418480e-04  2.97144313e-01  4.59051501e-02  1.00279000e+02  1.13110000e+01  1.37848000e+05 -1.91127000e-01 
 1.35000000e+00  4.99700000e+03  1.35000000e+00 -5.98866183e-04  2.97144313e-01  4.59051501e-02  1.00279000e+02  1.13110000e+01  1.37848000e+05 -1.91127000e-01 
 1.36000000e+00  4.99700000e+03  1.36000000e+00 -6.09321583e-04  2.97144313e-01  4.59051501e-02  1.00279000e+02  1.13110000e+01  1.37848000e+05 -1.91127000e-01 
 1.37000000e+00  4.99700000e+03  1.37000000e+00 -6.19783676e-04  2.97144313e-01  4.59051501e-02  1.00279000e+02  1.13110000e+01  1.37848000e+05 -1.91127000e-01 
 1.38000000e+00  4.99700000e+03  1.38000000e+00 -6.30251491e-04  2.97144313e-01  4.59051501e-02  1.00279000e+02  1.13110000e+01  1.37848000e+05 -1.91127000e-01 
 1.39000000e+00  4.99700000e+03  1.39000000e+00 -6.40724094e-04  2.97144313e-01  4.59051501e-02  1.00279000e+02  1.13110000e+01  1.37848000e+05 -1.91127000e-01 
 1.40000000e+00  4.99700000e+03  1.40000000e+00 -6.51200584e-04  2.97144313e-01  4.59051501e-02  1.00279000e+02  1.13110000e+01  1.37848000e+05 -1.91127000e-01 
 1.41000000e+00  4.99700000e+03  1.41000000e+00 -6.61680089e-04  2.97144313e-01  4.59051501e-02  1.00279000e+02  1.13110000e+01  1.37848000e+05 -1.91127000e-01 
 1.42000000e+00  4.99700000e+03  1.42000000e+00 -6.72161770e-04  2.97144313e-01  4.59051501e-02  1.00279000e+02  1.13110000e+01  1.37848000e+05 -1.91127000e-01 
 1.43000000e+00  4.99700000e+03  1.43000000e+00 -6.82644817e-04  2.97144313e-01  4.59051501e-02  1.00279000e+02  1.13110000e+01  1.37848000e+05 -1.91127000e-01 
 1.44000000e+00  4.99700000e+03  1.44000000e+00 -6.93128447e-04  2.97144313e-01  4.59051501e-02  1.00279000e+02  1.13110000e+01  1.37848000e+05 -1.91127000e-01 
 1.45000000e+00  4.99700000e+03  1.45000000e+00 -7.03611907e-04  2.97144313e-01  4.59051501e-02  1.00279000e+02  1.13110000e+01  1.37848000e+05 -1.91127000e-01 
 1.46000000e+00  4.99700000e+03  1.46000000e+00 -7.14094467e-04  2.97144313e-01  4.59051501e-02  1.00279000e+02  1.13110000e+01  1.37848000e+05 -1.91127000e-01 
 1.47000000e+00  4.99700000e+03  1.47000000e+00 -7.24575424e-04  2.97144313e-01  4.59051501e-02  1.00279000e+02  1.13110000e+01  1.37848000e+05 -1.91127000e-01 
 1.48000000e+00  4.99700000e+03  1.48000000e+00 -7.35054098e-04  2.97144313e-01  4.59051501e-02  1.00279000e+02  1.13110000e+01  1.37848000e+05 -1.91127000e-01 
 1.49000000e+00  4.99700000e+03  1.49000000e+00 -7.45529834e-04  2.97144313e-01  4.59051501e-02  1.00279000e+02  1.13110000e+01  1.37848000e+05 -1.91127000e-01 
 1.50000000e+00  4.99700000e+03  1.50000000e+00 -7.56001998e-04  2.97144313e-01  4.59051501e-02  1.00279000e+02  1.13110000e+01  1.37848000e+05 -1.91127000e-01 
 1.51000000e+00  4.99700000e+03  1.51000000e+00 -7.66469978e-04  2.97144313e-01  4.59051501e-02  1.00279000e+02  1.13110000e+01  1.37848000e+05 -1.91127000e-01 
 1.52000000e+00  4.99700000e+03  1.52000000e+00 -7.76933185e-04  2.97144313e-01  4.59051501e-02  1.00279000e+02  1.13110000e+01  1.37848000e+05 -1.91127000e-01 
 1.53000000e+00  4.99700000e+03  1.53000000e+00 -7.87391045e-04  2.97144313e-01  4.59051501e-02  1.00279000e+02  1.13110000e+01  1.37848000e+05 -1.91127000e-01 
 1.54000000e+00  4.99700000e+03  1.54000000e+00 -7.97843010e-04  2.97144313e-01  4.59051501e-02  1.00279000e+02  1.13110000e+01  1.37848000e+05 -1.91127000e-01 
 1.55000000e+00  4.99700000e+03  1.55000000e+00 -8.08288544e-04  2.97144313e-01  4.59051501e-02  1.00279000e+02  1.13110000e+01  1.37848000e+05 -1.91127000e-01 
 1.56000000e+00  4.99700000e+03  1.56000000e+00 -8.18727134e-04  2.97144313e-01  4.59051501e-02  1.00279000e+02  1.13110000e+01  1.37848000e+05 -1.91127000e-01 
 1.57000000e+00  4.99700000e+03  1.57000000e+00 -8.29158282e-04  2.97144313e-01  4.59051501e-02  1.00279000e+02  1.13110000e+01  1.37848000e+05 -1.91127000e-01 
 1.58000000e+00  4.99700000e+03  1.58000000e+00 -8.39581507e-04  2.97144313e-01  4.59051501e-02  1.00279000e+02  1.13110000e+01  1.37848000e+05 -1.91127000e-01 
 1.59000000e+00  4.99700000e+03  1.59000000e+00 -8.49996344e-04  2.97144313e-01  4.59051501e-02  1.00279000e+02  1.13110000e+01  1.37848000e+05 -1.91127000e-01 
 1.60000000e+00  4.99700000e+03  1.60000000e+00 -8.60402344e-04  2.97144313e-01  4.59051501e-02  1.00279000e+02  1.13110000e+01  1.37848000e+05 -1.91127000e-01 
 1.61000000e+00  4.99700000e+03  1.61000000e+00 -8.70799072e-04  2.97144313e-01  4.59051501e-02  1.00279000e+02  1.13110000e+01  1.37848000e+05 -1.91127000e-01 
 1.62000000e+00  4.99700000e+03  1.62000000e+00 -8.81186109e-04  2.97144313e-01  4.59051501e-02  1.00279000e+02  1.13110000e+01  1.37848000e+05 -1.91127000e-01 
 1.63000000e+00  4.99700000e+03  1.63000000e+00 -8.91563047e-04  2.97144313e-01  4.59051501e-02  1.00279000e+02  1.13110000e+01  1.37848000e+05 -1.91127000e-01 
 1.64000000e+00  4.99700000e+03  1.64000000e+00 -9.01929495e-04  2.97144313e-01  4.59051501e-02  1.00279000e+02  1.13110000e+01  1.37848000e+05 -1.91127000e-01 
 1.65000000e+00  4.99700000e+03  1.65000000e+00 -9.12285072e-04  2.97144313e-01  4.59051501e-02  1.00279000e+02  1.13110000e+01  1.37848000e+05 -1.91127000e-01 
 1.66000000e+00  4.99700000e+03  1.66000000e+00 -9.22629412e-04  2.97144313e-01  4.59051501e-02  1.00279000e+02  1.13110000e+01  1.37848000e+05 -1.91127000e-01 
 1.67000000e+00  4.99700000e+03  1.67000000e+00 -9.32962157e-04  2.97144313e-01  4.59051501e-02  1.00279000e+02  1.13110000e+01  1.37848000e+05 -1.91127000e-01 
 1.68000000e+00  4.99700000e+03  1.68000000e+00 -9.43282966e-04  2.97144313e-01  4.59051501e-02  1.00279000e+02  1.13110000e+01  1.37848000e+05 -1.91127000e-01 
 1.69000000e+00  4.99700000e+03  1.69000000e+00 -9.53591505e-04  2.97144313e-01  4.59051501e-02  1.00279000e+02  1.13110000e+01  1.37848000e+05 -1.91127000e-01 
 1.70000000e+00  4.99700000e+03  1.70000000e+00 -9.63887451e-04  2.97144313e-01  4.59051501e-02  1.00279000e+02  1.13110000e+01  1.37848000e+05 -1.91127000e-01 
 1.71000000e+00  4.99700000e+03  1.71000000e+00 -9.74170494e-04  2.97144313e-01  4.59051501e-02  1.00279000e+02  1.13110000e+01  1.37848000e+05 -1.91127000e-01 
 1.72000000e+00  4.99700000e+03  1.72000000e+00 -9.84440333e-04  2.97144313e-01  4.59051501e-02  1.00279000e+02  1.13110000e+01  1.37848000e+05 -1.91127000e-01 
 1.73000000e+00  4.99700000e+03  1.73000000e+00 -9.94696674e-04  2.97144313e-01  4.59051501e-02  1.00279000e+02  1.13110000e+01  1.37848000e+05 -1.91127000e-01 
 1.74000000e+00  4.99700000e+03  1.74000000e+00 -1.00493924e-03  2.97144313e-01  4.59051501e-02  1.00279000e+02  1.13110000e+01  1.37848000e+05 -1.91127000e-01 
 1.75000000e+00  4.99700000e+03  1.75000000e+00 -1.01516775e-03  2.97144313e-01  4.59051501e-02  1.00279000e+02  1.13110000e+01  1.37848000e+05 -1.91127000e-01 
 1.76000000e+00  4.99700000e+03  1.76000000e+00 -1.02538194e-03  2.97144313e-01  4.59051501e-02  1.00279000e+02  1.13110000e+01  1.37848000e+05 -1.91127000e-01 
 1.77000000e+00  4.99700000e+03  1.77000000e+00 -1.03558156e-03  2.97144313e-01  4.59051501e-02  1.00279000e+02  1.13110000e+01  1.37848000e+05 -1.91127000e-01 
 1.78000000e+00  4.99700000e+03  1.78000000e+00 -1.04576635e-03  2.97144313e-01  4.59051501e-02  1.00279000e+02  1.13110000e+01  1.37848000e+05 -1.91127000e-01 
 1.79000000e+00  4.99700000e+03  1.79000000e+00 -1.05593609e-03  2.97144313e-01  4.59051501e-02  1.00279000e+02  1.13110000e+01  1.37848000e+05 -1.91127000e-01 
 1.80000000e+00  4.99700000e+03  1.80000000e+00 -1.06609053e-03  2.97144313e-01  4.59051501e-02  1.00279000e+02  1.13110000e+01  1.37848000e+05 -1.91127000e-01 
