 v-sweep         run_num         v(gate)         i(vds)          out_vth0        out_u0          out_rdsw        out_nfactor     out_vsat        out_eta0       
 0.00000000e+00  5.10600000e+03  0.00000000e+00 -1.85137610e-12  3.33217314e-01  5.55246172e-02  1.00279000e+02  1.13110000e+01  1.37848000e+05 -1.91127000e-01 
 1.00000000e-02  5.10600000e+03  1.00000000e-02 -1.85137654e-12  3.33217314e-01  5.55246172e-02  1.00279000e+02  1.13110000e+01  1.37848000e+05 -1.91127000e-01 
 2.00000000e-02  5.10600000e+03  2.00000000e-02 -1.85137757e-12  3.33217314e-01  5.55246172e-02  1.00279000e+02  1.13110000e+01  1.37848000e+05 -1.91127000e-01 
 3.00000000e-02  5.10600000e+03  3.00000000e-02 -1.85137904e-12  3.33217314e-01  5.55246172e-02  1.00279000e+02  1.13110000e+01  1.37848000e+05 -1.91127000e-01 
 4.00000000e-02  5.10600000e+03  4.00000000e-02 -1.85138141e-12  3.33217314e-01  5.55246172e-02  1.00279000e+02  1.13110000e+01  1.37848000e+05 -1.91127000e-01 
 5.00000000e-02  5.10600000e+03  5.00000000e-02 -1.85138527e-12  3.33217314e-01  5.55246172e-02  1.00279000e+02  1.13110000e+01  1.37848000e+05 -1.91127000e-01 
 6.00000000e-02  5.10600000e+03  6.00000000e-02 -1.85139151e-12  3.33217314e-01  5.55246172e-02  1.00279000e+02  1.13110000e+01  1.37848000e+05 -1.91127000e-01 
 7.00000000e-02  5.10600000e+03  7.00000000e-02 -1.85140162e-12  3.33217314e-01  5.55246172e-02  1.00279000e+02  1.13110000e+01  1.37848000e+05 -1.91127000e-01 
 8.00000000e-02  5.10600000e+03  8.00000000e-02 -1.85141801e-12  3.33217314e-01  5.55246172e-02  1.00279000e+02  1.13110000e+01  1.37848000e+05 -1.91127000e-01 
 9.00000000e-02  5.10600000e+03  9.00000000e-02 -1.85144455e-12  3.33217314e-01  5.55246172e-02  1.00279000e+02  1.13110000e+01  1.37848000e+05 -1.91127000e-01 
 1.00000000e-01  5.10600000e+03  1.00000000e-01 -1.85148755e-12  3.33217314e-01  5.55246172e-02  1.00279000e+02  1.13110000e+01  1.37848000e+05 -1.91127000e-01 
 1.10000000e-01  5.10600000e+03  1.10000000e-01 -1.85155721e-12  3.33217314e-01  5.55246172e-02  1.00279000e+02  1.13110000e+01  1.37848000e+05 -1.91127000e-01 
 1.20000000e-01  5.10600000e+03  1.20000000e-01 -1.85167007e-12  3.33217314e-01  5.55246172e-02  1.00279000e+02  1.13110000e+01  1.37848000e+05 -1.91127000e-01 
 1.30000000e-01  5.10600000e+03  1.30000000e-01 -1.85185290e-12  3.33217314e-01  5.55246172e-02  1.00279000e+02  1.13110000e+01  1.37848000e+05 -1.91127000e-01 
 1.40000000e-01  5.10600000e+03  1.40000000e-01 -1.85214910e-12  3.33217314e-01  5.55246172e-02  1.00279000e+02  1.13110000e+01  1.37848000e+05 -1.91127000e-01 
 1.50000000e-01  5.10600000e+03  1.50000000e-01 -1.85262896e-12  3.33217314e-01  5.55246172e-02  1.00279000e+02  1.13110000e+01  1.37848000e+05 -1.91127000e-01 
 1.60000000e-01  5.10600000e+03  1.60000000e-01 -1.85340636e-12  3.33217314e-01  5.55246172e-02  1.00279000e+02  1.13110000e+01  1.37848000e+05 -1.91127000e-01 
 1.70000000e-01  5.10600000e+03  1.70000000e-01 -1.85466577e-12  3.33217314e-01  5.55246172e-02  1.00279000e+02  1.13110000e+01  1.37848000e+05 -1.91127000e-01 
 1.80000000e-01  5.10600000e+03  1.80000000e-01 -1.85670605e-12  3.33217314e-01  5.55246172e-02  1.00279000e+02  1.13110000e+01  1.37848000e+05 -1.91127000e-01 
 1.90000000e-01  5.10600000e+03  1.90000000e-01 -1.86001136e-12  3.33217314e-01  5.55246172e-02  1.00279000e+02  1.13110000e+01  1.37848000e+05 -1.91127000e-01 
 2.00000000e-01  5.10600000e+03  2.00000000e-01 -1.86536602e-12  3.33217314e-01  5.55246172e-02  1.00279000e+02  1.13110000e+01  1.37848000e+05 -1.91127000e-01 
 2.10000000e-01  5.10600000e+03  2.10000000e-01 -1.87404060e-12  3.33217314e-01  5.55246172e-02  1.00279000e+02  1.13110000e+01  1.37848000e+05 -1.91127000e-01 
 2.20000000e-01  5.10600000e+03  2.20000000e-01 -1.88809332e-12  3.33217314e-01  5.55246172e-02  1.00279000e+02  1.13110000e+01  1.37848000e+05 -1.91127000e-01 
 2.30000000e-01  5.10600000e+03  2.30000000e-01 -1.91085830e-12  3.33217314e-01  5.55246172e-02  1.00279000e+02  1.13110000e+01  1.37848000e+05 -1.91127000e-01 
 2.40000000e-01  5.10600000e+03  2.40000000e-01 -1.94773633e-12  3.33217314e-01  5.55246172e-02  1.00279000e+02  1.13110000e+01  1.37848000e+05 -1.91127000e-01 
 2.50000000e-01  5.10600000e+03  2.50000000e-01 -2.00747557e-12  3.33217314e-01  5.55246172e-02  1.00279000e+02  1.13110000e+01  1.37848000e+05 -1.91127000e-01 
 2.60000000e-01  5.10600000e+03  2.60000000e-01 -2.10424560e-12  3.33217314e-01  5.55246172e-02  1.00279000e+02  1.13110000e+01  1.37848000e+05 -1.91127000e-01 
 2.70000000e-01  5.10600000e+03  2.70000000e-01 -2.26099593e-12  3.33217314e-01  5.55246172e-02  1.00279000e+02  1.13110000e+01  1.37848000e+05 -1.91127000e-01 
 2.80000000e-01  5.10600000e+03  2.80000000e-01 -2.51489362e-12  3.33217314e-01  5.55246172e-02  1.00279000e+02  1.13110000e+01  1.37848000e+05 -1.91127000e-01 
 2.90000000e-01  5.10600000e+03  2.90000000e-01 -2.92612567e-12  3.33217314e-01  5.55246172e-02  1.00279000e+02  1.13110000e+01  1.37848000e+05 -1.91127000e-01 
 3.00000000e-01  5.10600000e+03  3.00000000e-01 -3.59214541e-12  3.33217314e-01  5.55246172e-02  1.00279000e+02  1.13110000e+01  1.37848000e+05 -1.91127000e-01 
 3.10000000e-01  5.10600000e+03  3.10000000e-01 -4.67072348e-12  3.33217314e-01  5.55246172e-02  1.00279000e+02  1.13110000e+01  1.37848000e+05 -1.91127000e-01 
 3.20000000e-01  5.10600000e+03  3.20000000e-01 -6.41723201e-12  3.33217314e-01  5.55246172e-02  1.00279000e+02  1.13110000e+01  1.37848000e+05 -1.91127000e-01 
 3.30000000e-01  5.10600000e+03  3.30000000e-01 -9.24492455e-12  3.33217314e-01  5.55246172e-02  1.00279000e+02  1.13110000e+01  1.37848000e+05 -1.91127000e-01 
 3.40000000e-01  5.10600000e+03  3.40000000e-01 -1.38223409e-11  3.33217314e-01  5.55246172e-02  1.00279000e+02  1.13110000e+01  1.37848000e+05 -1.91127000e-01 
 3.50000000e-01  5.10600000e+03  3.50000000e-01 -2.12305906e-11  3.33217314e-01  5.55246172e-02  1.00279000e+02  1.13110000e+01  1.37848000e+05 -1.91127000e-01 
 3.60000000e-01  5.10600000e+03  3.60000000e-01 -3.32171001e-11  3.33217314e-01  5.55246172e-02  1.00279000e+02  1.13110000e+01  1.37848000e+05 -1.91127000e-01 
 3.70000000e-01  5.10600000e+03  3.70000000e-01 -5.26045232e-11  3.33217314e-01  5.55246172e-02  1.00279000e+02  1.13110000e+01  1.37848000e+05 -1.91127000e-01 
 3.80000000e-01  5.10600000e+03  3.80000000e-01 -8.39487570e-11  3.33217314e-01  5.55246172e-02  1.00279000e+02  1.13110000e+01  1.37848000e+05 -1.91127000e-01 
 3.90000000e-01  5.10600000e+03  3.90000000e-01 -1.34595907e-10  3.33217314e-01  5.55246172e-02  1.00279000e+02  1.13110000e+01  1.37848000e+05 -1.91127000e-01 
 4.00000000e-01  5.10600000e+03  4.00000000e-01 -2.16376221e-10  3.33217314e-01  5.55246172e-02  1.00279000e+02  1.13110000e+01  1.37848000e+05 -1.91127000e-01 
 4.10000000e-01  5.10600000e+03  4.10000000e-01 -3.48311087e-10  3.33217314e-01  5.55246172e-02  1.00279000e+02  1.13110000e+01  1.37848000e+05 -1.91127000e-01 
 4.20000000e-01  5.10600000e+03  4.20000000e-01 -5.60923417e-10  3.33217314e-01  5.55246172e-02  1.00279000e+02  1.13110000e+01  1.37848000e+05 -1.91127000e-01 
 4.30000000e-01  5.10600000e+03  4.30000000e-01 -9.03070386e-10  3.33217314e-01  5.55246172e-02  1.00279000e+02  1.13110000e+01  1.37848000e+05 -1.91127000e-01 
 4.40000000e-01  5.10600000e+03  4.40000000e-01 -1.45271418e-09  3.33217314e-01  5.55246172e-02  1.00279000e+02  1.13110000e+01  1.37848000e+05 -1.91127000e-01 
 4.50000000e-01  5.10600000e+03  4.50000000e-01 -2.33378391e-09  3.33217314e-01  5.55246172e-02  1.00279000e+02  1.13110000e+01  1.37848000e+05 -1.91127000e-01 
 4.60000000e-01  5.10600000e+03  4.60000000e-01 -3.74235237e-09  3.33217314e-01  5.55246172e-02  1.00279000e+02  1.13110000e+01  1.37848000e+05 -1.91127000e-01 
 4.70000000e-01  5.10600000e+03  4.70000000e-01 -5.98686391e-09  3.33217314e-01  5.55246172e-02  1.00279000e+02  1.13110000e+01  1.37848000e+05 -1.91127000e-01 
 4.80000000e-01  5.10600000e+03  4.80000000e-01 -9.54922163e-09  3.33217314e-01  5.55246172e-02  1.00279000e+02  1.13110000e+01  1.37848000e+05 -1.91127000e-01 
 4.90000000e-01  5.10600000e+03  4.90000000e-01 -1.51762870e-08  3.33217314e-01  5.55246172e-02  1.00279000e+02  1.13110000e+01  1.37848000e+05 -1.91127000e-01 
 5.00000000e-01  5.10600000e+03  5.00000000e-01 -2.40148797e-08  3.33217314e-01  5.55246172e-02  1.00279000e+02  1.13110000e+01  1.37848000e+05 -1.91127000e-01 
 5.10000000e-01  5.10600000e+03  5.10000000e-01 -3.78078680e-08  3.33217314e-01  5.55246172e-02  1.00279000e+02  1.13110000e+01  1.37848000e+05 -1.91127000e-01 
 5.20000000e-01  5.10600000e+03  5.20000000e-01 -5.91748131e-08  3.33217314e-01  5.55246172e-02  1.00279000e+02  1.13110000e+01  1.37848000e+05 -1.91127000e-01 
 5.30000000e-01  5.10600000e+03  5.30000000e-01 -9.20087085e-08  3.33217314e-01  5.55246172e-02  1.00279000e+02  1.13110000e+01  1.37848000e+05 -1.91127000e-01 
 5.40000000e-01  5.10600000e+03  5.40000000e-01 -1.42031788e-07  3.33217314e-01  5.55246172e-02  1.00279000e+02  1.13110000e+01  1.37848000e+05 -1.91127000e-01 
 5.50000000e-01  5.10600000e+03  5.50000000e-01 -2.17567972e-07  3.33217314e-01  5.55246172e-02  1.00279000e+02  1.13110000e+01  1.37848000e+05 -1.91127000e-01 
 5.60000000e-01  5.10600000e+03  5.60000000e-01 -3.30600876e-07  3.33217314e-01  5.55246172e-02  1.00279000e+02  1.13110000e+01  1.37848000e+05 -1.91127000e-01 
 5.70000000e-01  5.10600000e+03  5.70000000e-01 -4.98173165e-07  3.33217314e-01  5.55246172e-02  1.00279000e+02  1.13110000e+01  1.37848000e+05 -1.91127000e-01 
 5.80000000e-01  5.10600000e+03  5.80000000e-01 -7.44104080e-07  3.33217314e-01  5.55246172e-02  1.00279000e+02  1.13110000e+01  1.37848000e+05 -1.91127000e-01 
 5.90000000e-01  5.10600000e+03  5.90000000e-01 -1.10081085e-06  3.33217314e-01  5.55246172e-02  1.00279000e+02  1.13110000e+01  1.37848000e+05 -1.91127000e-01 
 6.00000000e-01  5.10600000e+03  6.00000000e-01 -1.61071960e-06  3.33217314e-01  5.55246172e-02  1.00279000e+02  1.13110000e+01  1.37848000e+05 -1.91127000e-01 
 6.10000000e-01  5.10600000e+03  6.10000000e-01 -2.32646590e-06  3.33217314e-01  5.55246172e-02  1.00279000e+02  1.13110000e+01  1.37848000e+05 -1.91127000e-01 
 6.20000000e-01  5.10600000e+03  6.20000000e-01 -3.30906103e-06  3.33217314e-01  5.55246172e-02  1.00279000e+02  1.13110000e+01  1.37848000e+05 -1.91127000e-01 
 6.30000000e-01  5.10600000e+03  6.30000000e-01 -4.62365164e-06  3.33217314e-01  5.55246172e-02  1.00279000e+02  1.13110000e+01  1.37848000e+05 -1.91127000e-01 
 6.40000000e-01  5.10600000e+03  6.40000000e-01 -6.33336690e-06  3.33217314e-01  5.55246172e-02  1.00279000e+02  1.13110000e+01  1.37848000e+05 -1.91127000e-01 
 6.50000000e-01  5.10600000e+03  6.50000000e-01 -8.49261152e-06  3.33217314e-01  5.55246172e-02  1.00279000e+02  1.13110000e+01  1.37848000e+05 -1.91127000e-01 
 6.60000000e-01  5.10600000e+03  6.60000000e-01 -1.11415081e-05  3.33217314e-01  5.55246172e-02  1.00279000e+02  1.13110000e+01  1.37848000e+05 -1.91127000e-01 
 6.70000000e-01  5.10600000e+03  6.70000000e-01 -1.43028003e-05  3.33217314e-01  5.55246172e-02  1.00279000e+02  1.13110000e+01  1.37848000e+05 -1.91127000e-01 
 6.80000000e-01  5.10600000e+03  6.80000000e-01 -1.79816460e-05  3.33217314e-01  5.55246172e-02  1.00279000e+02  1.13110000e+01  1.37848000e+05 -1.91127000e-01 
 6.90000000e-01  5.10600000e+03  6.90000000e-01 -2.21678390e-05  3.33217314e-01  5.55246172e-02  1.00279000e+02  1.13110000e+01  1.37848000e+05 -1.91127000e-01 
 7.00000000e-01  5.10600000e+03  7.00000000e-01 -2.68394856e-05  3.33217314e-01  5.55246172e-02  1.00279000e+02  1.13110000e+01  1.37848000e+05 -1.91127000e-01 
 7.10000000e-01  5.10600000e+03  7.10000000e-01 -3.19670971e-05  3.33217314e-01  5.55246172e-02  1.00279000e+02  1.13110000e+01  1.37848000e+05 -1.91127000e-01 
 7.20000000e-01  5.10600000e+03  7.20000000e-01 -3.75173196e-05  3.33217314e-01  5.55246172e-02  1.00279000e+02  1.13110000e+01  1.37848000e+05 -1.91127000e-01 
 7.30000000e-01  5.10600000e+03  7.30000000e-01 -4.34558753e-05  3.33217314e-01  5.55246172e-02  1.00279000e+02  1.13110000e+01  1.37848000e+05 -1.91127000e-01 
 7.40000000e-01  5.10600000e+03  7.40000000e-01 -4.97496025e-05  3.33217314e-01  5.55246172e-02  1.00279000e+02  1.13110000e+01  1.37848000e+05 -1.91127000e-01 
 7.50000000e-01  5.10600000e+03  7.50000000e-01 -5.63676813e-05  3.33217314e-01  5.55246172e-02  1.00279000e+02  1.13110000e+01  1.37848000e+05 -1.91127000e-01 
 7.60000000e-01  5.10600000e+03  7.60000000e-01 -6.32822209e-05  3.33217314e-01  5.55246172e-02  1.00279000e+02  1.13110000e+01  1.37848000e+05 -1.91127000e-01 
 7.70000000e-01  5.10600000e+03  7.70000000e-01 -7.04684032e-05  3.33217314e-01  5.55246172e-02  1.00279000e+02  1.13110000e+01  1.37848000e+05 -1.91127000e-01 
 7.80000000e-01  5.10600000e+03  7.80000000e-01 -7.79043499e-05  3.33217314e-01  5.55246172e-02  1.00279000e+02  1.13110000e+01  1.37848000e+05 -1.91127000e-01 
 7.90000000e-01  5.10600000e+03  7.90000000e-01 -8.55708412e-05  3.33217314e-01  5.55246172e-02  1.00279000e+02  1.13110000e+01  1.37848000e+05 -1.91127000e-01 
 8.00000000e-01  5.10600000e+03  8.00000000e-01 -9.34509756e-05  3.33217314e-01  5.55246172e-02  1.00279000e+02  1.13110000e+01  1.37848000e+05 -1.91127000e-01 
 8.10000000e-01  5.10600000e+03  8.10000000e-01 -1.01529823e-04  3.33217314e-01  5.55246172e-02  1.00279000e+02  1.13110000e+01  1.37848000e+05 -1.91127000e-01 
 8.20000000e-01  5.10600000e+03  8.20000000e-01 -1.09794105e-04  3.33217314e-01  5.55246172e-02  1.00279000e+02  1.13110000e+01  1.37848000e+05 -1.91127000e-01 
 8.30000000e-01  5.10600000e+03  8.30000000e-01 -1.18231916e-04  3.33217314e-01  5.55246172e-02  1.00279000e+02  1.13110000e+01  1.37848000e+05 -1.91127000e-01 
 8.40000000e-01  5.10600000e+03  8.40000000e-01 -1.26832489e-04  3.33217314e-01  5.55246172e-02  1.00279000e+02  1.13110000e+01  1.37848000e+05 -1.91127000e-01 
 8.50000000e-01  5.10600000e+03  8.50000000e-01 -1.35585999e-04  3.33217314e-01  5.55246172e-02  1.00279000e+02  1.13110000e+01  1.37848000e+05 -1.91127000e-01 
 8.60000000e-01  5.10600000e+03  8.60000000e-01 -1.44483416e-04  3.33217314e-01  5.55246172e-02  1.00279000e+02  1.13110000e+01  1.37848000e+05 -1.91127000e-01 
 8.70000000e-01  5.10600000e+03  8.70000000e-01 -1.53516377e-04  3.33217314e-01  5.55246172e-02  1.00279000e+02  1.13110000e+01  1.37848000e+05 -1.91127000e-01 
 8.80000000e-01  5.10600000e+03  8.80000000e-01 -1.62677093e-04  3.33217314e-01  5.55246172e-02  1.00279000e+02  1.13110000e+01  1.37848000e+05 -1.91127000e-01 
 8.90000000e-01  5.10600000e+03  8.90000000e-01 -1.71958275e-04  3.33217314e-01  5.55246172e-02  1.00279000e+02  1.13110000e+01  1.37848000e+05 -1.91127000e-01 
 9.00000000e-01  5.10600000e+03  9.00000000e-01 -1.81353075e-04  3.33217314e-01  5.55246172e-02  1.00279000e+02  1.13110000e+01  1.37848000e+05 -1.91127000e-01 
 9.10000000e-01  5.10600000e+03  9.10000000e-01 -1.90855042e-04  3.33217314e-01  5.55246172e-02  1.00279000e+02  1.13110000e+01  1.37848000e+05 -1.91127000e-01 
 9.20000000e-01  5.10600000e+03  9.20000000e-01 -2.00458084e-04  3.33217314e-01  5.55246172e-02  1.00279000e+02  1.13110000e+01  1.37848000e+05 -1.91127000e-01 
 9.30000000e-01  5.10600000e+03  9.30000000e-01 -2.10156440e-04  3.33217314e-01  5.55246172e-02  1.00279000e+02  1.13110000e+01  1.37848000e+05 -1.91127000e-01 
 9.40000000e-01  5.10600000e+03  9.40000000e-01 -2.19944656e-04  3.33217314e-01  5.55246172e-02  1.00279000e+02  1.13110000e+01  1.37848000e+05 -1.91127000e-01 
 9.50000000e-01  5.10600000e+03  9.50000000e-01 -2.29817566e-04  3.33217314e-01  5.55246172e-02  1.00279000e+02  1.13110000e+01  1.37848000e+05 -1.91127000e-01 
 9.60000000e-01  5.10600000e+03  9.60000000e-01 -2.39770275e-04  3.33217314e-01  5.55246172e-02  1.00279000e+02  1.13110000e+01  1.37848000e+05 -1.91127000e-01 
 9.70000000e-01  5.10600000e+03  9.70000000e-01 -2.49798139e-04  3.33217314e-01  5.55246172e-02  1.00279000e+02  1.13110000e+01  1.37848000e+05 -1.91127000e-01 
 9.80000000e-01  5.10600000e+03  9.80000000e-01 -2.59896758e-04  3.33217314e-01  5.55246172e-02  1.00279000e+02  1.13110000e+01  1.37848000e+05 -1.91127000e-01 
 9.90000000e-01  5.10600000e+03  9.90000000e-01 -2.70061963e-04  3.33217314e-01  5.55246172e-02  1.00279000e+02  1.13110000e+01  1.37848000e+05 -1.91127000e-01 
 1.00000000e+00  5.10600000e+03  1.00000000e+00 -2.80289800e-04  3.33217314e-01  5.55246172e-02  1.00279000e+02  1.13110000e+01  1.37848000e+05 -1.91127000e-01 
 1.01000000e+00  5.10600000e+03  1.01000000e+00 -2.90576523e-04  3.33217314e-01  5.55246172e-02  1.00279000e+02  1.13110000e+01  1.37848000e+05 -1.91127000e-01 
 1.02000000e+00  5.10600000e+03  1.02000000e+00 -3.00918582e-04  3.33217314e-01  5.55246172e-02  1.00279000e+02  1.13110000e+01  1.37848000e+05 -1.91127000e-01 
 1.03000000e+00  5.10600000e+03  1.03000000e+00 -3.11312613e-04  3.33217314e-01  5.55246172e-02  1.00279000e+02  1.13110000e+01  1.37848000e+05 -1.91127000e-01 
 1.04000000e+00  5.10600000e+03  1.04000000e+00 -3.21755427e-04  3.33217314e-01  5.55246172e-02  1.00279000e+02  1.13110000e+01  1.37848000e+05 -1.91127000e-01 
 1.05000000e+00  5.10600000e+03  1.05000000e+00 -3.32244002e-04  3.33217314e-01  5.55246172e-02  1.00279000e+02  1.13110000e+01  1.37848000e+05 -1.91127000e-01 
 1.06000000e+00  5.10600000e+03  1.06000000e+00 -3.42775476e-04  3.33217314e-01  5.55246172e-02  1.00279000e+02  1.13110000e+01  1.37848000e+05 -1.91127000e-01 
 1.07000000e+00  5.10600000e+03  1.07000000e+00 -3.53347134e-04  3.33217314e-01  5.55246172e-02  1.00279000e+02  1.13110000e+01  1.37848000e+05 -1.91127000e-01 
 1.08000000e+00  5.10600000e+03  1.08000000e+00 -3.63956406e-04  3.33217314e-01  5.55246172e-02  1.00279000e+02  1.13110000e+01  1.37848000e+05 -1.91127000e-01 
 1.09000000e+00  5.10600000e+03  1.09000000e+00 -3.74600854e-04  3.33217314e-01  5.55246172e-02  1.00279000e+02  1.13110000e+01  1.37848000e+05 -1.91127000e-01 
 1.10000000e+00  5.10600000e+03  1.10000000e+00 -3.85278166e-04  3.33217314e-01  5.55246172e-02  1.00279000e+02  1.13110000e+01  1.37848000e+05 -1.91127000e-01 
 1.11000000e+00  5.10600000e+03  1.11000000e+00 -3.95986151e-04  3.33217314e-01  5.55246172e-02  1.00279000e+02  1.13110000e+01  1.37848000e+05 -1.91127000e-01 
 1.12000000e+00  5.10600000e+03  1.12000000e+00 -4.06722731e-04  3.33217314e-01  5.55246172e-02  1.00279000e+02  1.13110000e+01  1.37848000e+05 -1.91127000e-01 
 1.13000000e+00  5.10600000e+03  1.13000000e+00 -4.17485933e-04  3.33217314e-01  5.55246172e-02  1.00279000e+02  1.13110000e+01  1.37848000e+05 -1.91127000e-01 
 1.14000000e+00  5.10600000e+03  1.14000000e+00 -4.28273888e-04  3.33217314e-01  5.55246172e-02  1.00279000e+02  1.13110000e+01  1.37848000e+05 -1.91127000e-01 
 1.15000000e+00  5.10600000e+03  1.15000000e+00 -4.39084820e-04  3.33217314e-01  5.55246172e-02  1.00279000e+02  1.13110000e+01  1.37848000e+05 -1.91127000e-01 
 1.16000000e+00  5.10600000e+03  1.16000000e+00 -4.49917043e-04  3.33217314e-01  5.55246172e-02  1.00279000e+02  1.13110000e+01  1.37848000e+05 -1.91127000e-01 
 1.17000000e+00  5.10600000e+03  1.17000000e+00 -4.60768956e-04  3.33217314e-01  5.55246172e-02  1.00279000e+02  1.13110000e+01  1.37848000e+05 -1.91127000e-01 
 1.18000000e+00  5.10600000e+03  1.18000000e+00 -4.71639039e-04  3.33217314e-01  5.55246172e-02  1.00279000e+02  1.13110000e+01  1.37848000e+05 -1.91127000e-01 
 1.19000000e+00  5.10600000e+03  1.19000000e+00 -4.82525846e-04  3.33217314e-01  5.55246172e-02  1.00279000e+02  1.13110000e+01  1.37848000e+05 -1.91127000e-01 
 1.20000000e+00  5.10600000e+03  1.20000000e+00 -4.93428004e-04  3.33217314e-01  5.55246172e-02  1.00279000e+02  1.13110000e+01  1.37848000e+05 -1.91127000e-01 
 1.21000000e+00  5.10600000e+03  1.21000000e+00 -5.04344208e-04  3.33217314e-01  5.55246172e-02  1.00279000e+02  1.13110000e+01  1.37848000e+05 -1.91127000e-01 
 1.22000000e+00  5.10600000e+03  1.22000000e+00 -5.15273215e-04  3.33217314e-01  5.55246172e-02  1.00279000e+02  1.13110000e+01  1.37848000e+05 -1.91127000e-01 
 1.23000000e+00  5.10600000e+03  1.23000000e+00 -5.26213844e-04  3.33217314e-01  5.55246172e-02  1.00279000e+02  1.13110000e+01  1.37848000e+05 -1.91127000e-01 
 1.24000000e+00  5.10600000e+03  1.24000000e+00 -5.37164970e-04  3.33217314e-01  5.55246172e-02  1.00279000e+02  1.13110000e+01  1.37848000e+05 -1.91127000e-01 
 1.25000000e+00  5.10600000e+03  1.25000000e+00 -5.48125523e-04  3.33217314e-01  5.55246172e-02  1.00279000e+02  1.13110000e+01  1.37848000e+05 -1.91127000e-01 
 1.26000000e+00  5.10600000e+03  1.26000000e+00 -5.59094483e-04  3.33217314e-01  5.55246172e-02  1.00279000e+02  1.13110000e+01  1.37848000e+05 -1.91127000e-01 
 1.27000000e+00  5.10600000e+03  1.27000000e+00 -5.70070878e-04  3.33217314e-01  5.55246172e-02  1.00279000e+02  1.13110000e+01  1.37848000e+05 -1.91127000e-01 
 1.28000000e+00  5.10600000e+03  1.28000000e+00 -5.81053785e-04  3.33217314e-01  5.55246172e-02  1.00279000e+02  1.13110000e+01  1.37848000e+05 -1.91127000e-01 
 1.29000000e+00  5.10600000e+03  1.29000000e+00 -5.92042320e-04  3.33217314e-01  5.55246172e-02  1.00279000e+02  1.13110000e+01  1.37848000e+05 -1.91127000e-01 
 1.30000000e+00  5.10600000e+03  1.30000000e+00 -6.03035643e-04  3.33217314e-01  5.55246172e-02  1.00279000e+02  1.13110000e+01  1.37848000e+05 -1.91127000e-01 
 1.31000000e+00  5.10600000e+03  1.31000000e+00 -6.14032953e-04  3.33217314e-01  5.55246172e-02  1.00279000e+02  1.13110000e+01  1.37848000e+05 -1.91127000e-01 
 1.32000000e+00  5.10600000e+03  1.32000000e+00 -6.25033484e-04  3.33217314e-01  5.55246172e-02  1.00279000e+02  1.13110000e+01  1.37848000e+05 -1.91127000e-01 
 1.33000000e+00  5.10600000e+03  1.33000000e+00 -6.36036506e-04  3.33217314e-01  5.55246172e-02  1.00279000e+02  1.13110000e+01  1.37848000e+05 -1.91127000e-01 
 1.34000000e+00  5.10600000e+03  1.34000000e+00 -6.47041323e-04  3.33217314e-01  5.55246172e-02  1.00279000e+02  1.13110000e+01  1.37848000e+05 -1.91127000e-01 
 1.35000000e+00  5.10600000e+03  1.35000000e+00 -6.58047271e-04  3.33217314e-01  5.55246172e-02  1.00279000e+02  1.13110000e+01  1.37848000e+05 -1.91127000e-01 
 1.36000000e+00  5.10600000e+03  1.36000000e+00 -6.69053713e-04  3.33217314e-01  5.55246172e-02  1.00279000e+02  1.13110000e+01  1.37848000e+05 -1.91127000e-01 
 1.37000000e+00  5.10600000e+03  1.37000000e+00 -6.80060044e-04  3.33217314e-01  5.55246172e-02  1.00279000e+02  1.13110000e+01  1.37848000e+05 -1.91127000e-01 
 1.38000000e+00  5.10600000e+03  1.38000000e+00 -6.91065684e-04  3.33217314e-01  5.55246172e-02  1.00279000e+02  1.13110000e+01  1.37848000e+05 -1.91127000e-01 
 1.39000000e+00  5.10600000e+03  1.39000000e+00 -7.02070079e-04  3.33217314e-01  5.55246172e-02  1.00279000e+02  1.13110000e+01  1.37848000e+05 -1.91127000e-01 
 1.40000000e+00  5.10600000e+03  1.40000000e+00 -7.13072701e-04  3.33217314e-01  5.55246172e-02  1.00279000e+02  1.13110000e+01  1.37848000e+05 -1.91127000e-01 
 1.41000000e+00  5.10600000e+03  1.41000000e+00 -7.24073043e-04  3.33217314e-01  5.55246172e-02  1.00279000e+02  1.13110000e+01  1.37848000e+05 -1.91127000e-01 
 1.42000000e+00  5.10600000e+03  1.42000000e+00 -7.35070622e-04  3.33217314e-01  5.55246172e-02  1.00279000e+02  1.13110000e+01  1.37848000e+05 -1.91127000e-01 
 1.43000000e+00  5.10600000e+03  1.43000000e+00 -7.46064976e-04  3.33217314e-01  5.55246172e-02  1.00279000e+02  1.13110000e+01  1.37848000e+05 -1.91127000e-01 
 1.44000000e+00  5.10600000e+03  1.44000000e+00 -7.57055661e-04  3.33217314e-01  5.55246172e-02  1.00279000e+02  1.13110000e+01  1.37848000e+05 -1.91127000e-01 
 1.45000000e+00  5.10600000e+03  1.45000000e+00 -7.68042254e-04  3.33217314e-01  5.55246172e-02  1.00279000e+02  1.13110000e+01  1.37848000e+05 -1.91127000e-01 
 1.46000000e+00  5.10600000e+03  1.46000000e+00 -7.79024351e-04  3.33217314e-01  5.55246172e-02  1.00279000e+02  1.13110000e+01  1.37848000e+05 -1.91127000e-01 
 1.47000000e+00  5.10600000e+03  1.47000000e+00 -7.90001563e-04  3.33217314e-01  5.55246172e-02  1.00279000e+02  1.13110000e+01  1.37848000e+05 -1.91127000e-01 
 1.48000000e+00  5.10600000e+03  1.48000000e+00 -8.00973519e-04  3.33217314e-01  5.55246172e-02  1.00279000e+02  1.13110000e+01  1.37848000e+05 -1.91127000e-01 
 1.49000000e+00  5.10600000e+03  1.49000000e+00 -8.11939865e-04  3.33217314e-01  5.55246172e-02  1.00279000e+02  1.13110000e+01  1.37848000e+05 -1.91127000e-01 
 1.50000000e+00  5.10600000e+03  1.50000000e+00 -8.22900259e-04  3.33217314e-01  5.55246172e-02  1.00279000e+02  1.13110000e+01  1.37848000e+05 -1.91127000e-01 
 1.51000000e+00  5.10600000e+03  1.51000000e+00 -8.33854375e-04  3.33217314e-01  5.55246172e-02  1.00279000e+02  1.13110000e+01  1.37848000e+05 -1.91127000e-01 
 1.52000000e+00  5.10600000e+03  1.52000000e+00 -8.44801902e-04  3.33217314e-01  5.55246172e-02  1.00279000e+02  1.13110000e+01  1.37848000e+05 -1.91127000e-01 
 1.53000000e+00  5.10600000e+03  1.53000000e+00 -8.55742540e-04  3.33217314e-01  5.55246172e-02  1.00279000e+02  1.13110000e+01  1.37848000e+05 -1.91127000e-01 
 1.54000000e+00  5.10600000e+03  1.54000000e+00 -8.66676003e-04  3.33217314e-01  5.55246172e-02  1.00279000e+02  1.13110000e+01  1.37848000e+05 -1.91127000e-01 
 1.55000000e+00  5.10600000e+03  1.55000000e+00 -8.77602015e-04  3.33217314e-01  5.55246172e-02  1.00279000e+02  1.13110000e+01  1.37848000e+05 -1.91127000e-01 
 1.56000000e+00  5.10600000e+03  1.56000000e+00 -8.88520313e-04  3.33217314e-01  5.55246172e-02  1.00279000e+02  1.13110000e+01  1.37848000e+05 -1.91127000e-01 
 1.57000000e+00  5.10600000e+03  1.57000000e+00 -8.99430645e-04  3.33217314e-01  5.55246172e-02  1.00279000e+02  1.13110000e+01  1.37848000e+05 -1.91127000e-01 
 1.58000000e+00  5.10600000e+03  1.58000000e+00 -9.10332769e-04  3.33217314e-01  5.55246172e-02  1.00279000e+02  1.13110000e+01  1.37848000e+05 -1.91127000e-01 
 1.59000000e+00  5.10600000e+03  1.59000000e+00 -9.21226452e-04  3.33217314e-01  5.55246172e-02  1.00279000e+02  1.13110000e+01  1.37848000e+05 -1.91127000e-01 
 1.60000000e+00  5.10600000e+03  1.60000000e+00 -9.32111471e-04  3.33217314e-01  5.55246172e-02  1.00279000e+02  1.13110000e+01  1.37848000e+05 -1.91127000e-01 
 1.61000000e+00  5.10600000e+03  1.61000000e+00 -9.42987613e-04  3.33217314e-01  5.55246172e-02  1.00279000e+02  1.13110000e+01  1.37848000e+05 -1.91127000e-01 
 1.62000000e+00  5.10600000e+03  1.62000000e+00 -9.53854673e-04  3.33217314e-01  5.55246172e-02  1.00279000e+02  1.13110000e+01  1.37848000e+05 -1.91127000e-01 
 1.63000000e+00  5.10600000e+03  1.63000000e+00 -9.64712454e-04  3.33217314e-01  5.55246172e-02  1.00279000e+02  1.13110000e+01  1.37848000e+05 -1.91127000e-01 
 1.64000000e+00  5.10600000e+03  1.64000000e+00 -9.75560767e-04  3.33217314e-01  5.55246172e-02  1.00279000e+02  1.13110000e+01  1.37848000e+05 -1.91127000e-01 
 1.65000000e+00  5.10600000e+03  1.65000000e+00 -9.86399430e-04  3.33217314e-01  5.55246172e-02  1.00279000e+02  1.13110000e+01  1.37848000e+05 -1.91127000e-01 
 1.66000000e+00  5.10600000e+03  1.66000000e+00 -9.97228269e-04  3.33217314e-01  5.55246172e-02  1.00279000e+02  1.13110000e+01  1.37848000e+05 -1.91127000e-01 
 1.67000000e+00  5.10600000e+03  1.67000000e+00 -1.00804712e-03  3.33217314e-01  5.55246172e-02  1.00279000e+02  1.13110000e+01  1.37848000e+05 -1.91127000e-01 
 1.68000000e+00  5.10600000e+03  1.68000000e+00 -1.01885582e-03  3.33217314e-01  5.55246172e-02  1.00279000e+02  1.13110000e+01  1.37848000e+05 -1.91127000e-01 
 1.69000000e+00  5.10600000e+03  1.69000000e+00 -1.02965421e-03  3.33217314e-01  5.55246172e-02  1.00279000e+02  1.13110000e+01  1.37848000e+05 -1.91127000e-01 
 1.70000000e+00  5.10600000e+03  1.70000000e+00 -1.04044214e-03  3.33217314e-01  5.55246172e-02  1.00279000e+02  1.13110000e+01  1.37848000e+05 -1.91127000e-01 
 1.71000000e+00  5.10600000e+03  1.71000000e+00 -1.05121948e-03  3.33217314e-01  5.55246172e-02  1.00279000e+02  1.13110000e+01  1.37848000e+05 -1.91127000e-01 
 1.72000000e+00  5.10600000e+03  1.72000000e+00 -1.06198609e-03  3.33217314e-01  5.55246172e-02  1.00279000e+02  1.13110000e+01  1.37848000e+05 -1.91127000e-01 
 1.73000000e+00  5.10600000e+03  1.73000000e+00 -1.07274183e-03  3.33217314e-01  5.55246172e-02  1.00279000e+02  1.13110000e+01  1.37848000e+05 -1.91127000e-01 
 1.74000000e+00  5.10600000e+03  1.74000000e+00 -1.08348658e-03  3.33217314e-01  5.55246172e-02  1.00279000e+02  1.13110000e+01  1.37848000e+05 -1.91127000e-01 
 1.75000000e+00  5.10600000e+03  1.75000000e+00 -1.09422021e-03  3.33217314e-01  5.55246172e-02  1.00279000e+02  1.13110000e+01  1.37848000e+05 -1.91127000e-01 
 1.76000000e+00  5.10600000e+03  1.76000000e+00 -1.10494261e-03  3.33217314e-01  5.55246172e-02  1.00279000e+02  1.13110000e+01  1.37848000e+05 -1.91127000e-01 
 1.77000000e+00  5.10600000e+03  1.77000000e+00 -1.11565367e-03  3.33217314e-01  5.55246172e-02  1.00279000e+02  1.13110000e+01  1.37848000e+05 -1.91127000e-01 
 1.78000000e+00  5.10600000e+03  1.78000000e+00 -1.12635327e-03  3.33217314e-01  5.55246172e-02  1.00279000e+02  1.13110000e+01  1.37848000e+05 -1.91127000e-01 
 1.79000000e+00  5.10600000e+03  1.79000000e+00 -1.13704132e-03  3.33217314e-01  5.55246172e-02  1.00279000e+02  1.13110000e+01  1.37848000e+05 -1.91127000e-01 
 1.80000000e+00  5.10600000e+03  1.80000000e+00 -1.14771770e-03  3.33217314e-01  5.55246172e-02  1.00279000e+02  1.13110000e+01  1.37848000e+05 -1.91127000e-01 
