 v-sweep         run_num         v(gate)         i(vds)          out_vth0        out_u0          out_rdsw        out_nfactor     out_vsat        out_eta0       
 0.00000000e+00  5.21500000e+03  0.00000000e+00 -1.85137525e-12  4.04996761e-01  7.46658028e-02  1.00279000e+02  1.13110000e+01  1.37848000e+05 -1.91127000e-01 
 1.00000000e-02  5.21500000e+03  1.00000000e-02 -1.85137528e-12  4.04996761e-01  7.46658028e-02  1.00279000e+02  1.13110000e+01  1.37848000e+05 -1.91127000e-01 
 2.00000000e-02  5.21500000e+03  2.00000000e-02 -1.85137534e-12  4.04996761e-01  7.46658028e-02  1.00279000e+02  1.13110000e+01  1.37848000e+05 -1.91127000e-01 
 3.00000000e-02  5.21500000e+03  3.00000000e-02 -1.85137542e-12  4.04996761e-01  7.46658028e-02  1.00279000e+02  1.13110000e+01  1.37848000e+05 -1.91127000e-01 
 4.00000000e-02  5.21500000e+03  4.00000000e-02 -1.85137556e-12  4.04996761e-01  7.46658028e-02  1.00279000e+02  1.13110000e+01  1.37848000e+05 -1.91127000e-01 
 5.00000000e-02  5.21500000e+03  5.00000000e-02 -1.85137578e-12  4.04996761e-01  7.46658028e-02  1.00279000e+02  1.13110000e+01  1.37848000e+05 -1.91127000e-01 
 6.00000000e-02  5.21500000e+03  6.00000000e-02 -1.85137615e-12  4.04996761e-01  7.46658028e-02  1.00279000e+02  1.13110000e+01  1.37848000e+05 -1.91127000e-01 
 7.00000000e-02  5.21500000e+03  7.00000000e-02 -1.85137673e-12  4.04996761e-01  7.46658028e-02  1.00279000e+02  1.13110000e+01  1.37848000e+05 -1.91127000e-01 
 8.00000000e-02  5.21500000e+03  8.00000000e-02 -1.85137768e-12  4.04996761e-01  7.46658028e-02  1.00279000e+02  1.13110000e+01  1.37848000e+05 -1.91127000e-01 
 9.00000000e-02  5.21500000e+03  9.00000000e-02 -1.85137922e-12  4.04996761e-01  7.46658028e-02  1.00279000e+02  1.13110000e+01  1.37848000e+05 -1.91127000e-01 
 1.00000000e-01  5.21500000e+03  1.00000000e-01 -1.85138171e-12  4.04996761e-01  7.46658028e-02  1.00279000e+02  1.13110000e+01  1.37848000e+05 -1.91127000e-01 
 1.10000000e-01  5.21500000e+03  1.10000000e-01 -1.85138575e-12  4.04996761e-01  7.46658028e-02  1.00279000e+02  1.13110000e+01  1.37848000e+05 -1.91127000e-01 
 1.20000000e-01  5.21500000e+03  1.20000000e-01 -1.85139229e-12  4.04996761e-01  7.46658028e-02  1.00279000e+02  1.13110000e+01  1.37848000e+05 -1.91127000e-01 
 1.30000000e-01  5.21500000e+03  1.30000000e-01 -1.85140289e-12  4.04996761e-01  7.46658028e-02  1.00279000e+02  1.13110000e+01  1.37848000e+05 -1.91127000e-01 
 1.40000000e-01  5.21500000e+03  1.40000000e-01 -1.85142006e-12  4.04996761e-01  7.46658028e-02  1.00279000e+02  1.13110000e+01  1.37848000e+05 -1.91127000e-01 
 1.50000000e-01  5.21500000e+03  1.50000000e-01 -1.85144788e-12  4.04996761e-01  7.46658028e-02  1.00279000e+02  1.13110000e+01  1.37848000e+05 -1.91127000e-01 
 1.60000000e-01  5.21500000e+03  1.60000000e-01 -1.85149294e-12  4.04996761e-01  7.46658028e-02  1.00279000e+02  1.13110000e+01  1.37848000e+05 -1.91127000e-01 
 1.70000000e-01  5.21500000e+03  1.70000000e-01 -1.85156595e-12  4.04996761e-01  7.46658028e-02  1.00279000e+02  1.13110000e+01  1.37848000e+05 -1.91127000e-01 
 1.80000000e-01  5.21500000e+03  1.80000000e-01 -1.85168423e-12  4.04996761e-01  7.46658028e-02  1.00279000e+02  1.13110000e+01  1.37848000e+05 -1.91127000e-01 
 1.90000000e-01  5.21500000e+03  1.90000000e-01 -1.85187585e-12  4.04996761e-01  7.46658028e-02  1.00279000e+02  1.13110000e+01  1.37848000e+05 -1.91127000e-01 
 2.00000000e-01  5.21500000e+03  2.00000000e-01 -1.85218628e-12  4.04996761e-01  7.46658028e-02  1.00279000e+02  1.13110000e+01  1.37848000e+05 -1.91127000e-01 
 2.10000000e-01  5.21500000e+03  2.10000000e-01 -1.85268919e-12  4.04996761e-01  7.46658028e-02  1.00279000e+02  1.13110000e+01  1.37848000e+05 -1.91127000e-01 
 2.20000000e-01  5.21500000e+03  2.20000000e-01 -1.85350393e-12  4.04996761e-01  7.46658028e-02  1.00279000e+02  1.13110000e+01  1.37848000e+05 -1.91127000e-01 
 2.30000000e-01  5.21500000e+03  2.30000000e-01 -1.85482384e-12  4.04996761e-01  7.46658028e-02  1.00279000e+02  1.13110000e+01  1.37848000e+05 -1.91127000e-01 
 2.40000000e-01  5.21500000e+03  2.40000000e-01 -1.85696216e-12  4.04996761e-01  7.46658028e-02  1.00279000e+02  1.13110000e+01  1.37848000e+05 -1.91127000e-01 
 2.50000000e-01  5.21500000e+03  2.50000000e-01 -1.86042631e-12  4.04996761e-01  7.46658028e-02  1.00279000e+02  1.13110000e+01  1.37848000e+05 -1.91127000e-01 
 2.60000000e-01  5.21500000e+03  2.60000000e-01 -1.86603832e-12  4.04996761e-01  7.46658028e-02  1.00279000e+02  1.13110000e+01  1.37848000e+05 -1.91127000e-01 
 2.70000000e-01  5.21500000e+03  2.70000000e-01 -1.87512988e-12  4.04996761e-01  7.46658028e-02  1.00279000e+02  1.13110000e+01  1.37848000e+05 -1.91127000e-01 
 2.80000000e-01  5.21500000e+03  2.80000000e-01 -1.88985828e-12  4.04996761e-01  7.46658028e-02  1.00279000e+02  1.13110000e+01  1.37848000e+05 -1.91127000e-01 
 2.90000000e-01  5.21500000e+03  2.90000000e-01 -1.91371816e-12  4.04996761e-01  7.46658028e-02  1.00279000e+02  1.13110000e+01  1.37848000e+05 -1.91127000e-01 
 3.00000000e-01  5.21500000e+03  3.00000000e-01 -1.95237055e-12  4.04996761e-01  7.46658028e-02  1.00279000e+02  1.13110000e+01  1.37848000e+05 -1.91127000e-01 
 3.10000000e-01  5.21500000e+03  3.10000000e-01 -2.01498550e-12  4.04996761e-01  7.46658028e-02  1.00279000e+02  1.13110000e+01  1.37848000e+05 -1.91127000e-01 
 3.20000000e-01  5.21500000e+03  3.20000000e-01 -2.11641671e-12  4.04996761e-01  7.46658028e-02  1.00279000e+02  1.13110000e+01  1.37848000e+05 -1.91127000e-01 
 3.30000000e-01  5.21500000e+03  3.30000000e-01 -2.28072328e-12  4.04996761e-01  7.46658028e-02  1.00279000e+02  1.13110000e+01  1.37848000e+05 -1.91127000e-01 
 3.40000000e-01  5.21500000e+03  3.40000000e-01 -2.54687251e-12  4.04996761e-01  7.46658028e-02  1.00279000e+02  1.13110000e+01  1.37848000e+05 -1.91127000e-01 
 3.50000000e-01  5.21500000e+03  3.50000000e-01 -2.97797334e-12  4.04996761e-01  7.46658028e-02  1.00279000e+02  1.13110000e+01  1.37848000e+05 -1.91127000e-01 
 3.60000000e-01  5.21500000e+03  3.60000000e-01 -3.67622406e-12  4.04996761e-01  7.46658028e-02  1.00279000e+02  1.13110000e+01  1.37848000e+05 -1.91127000e-01 
 3.70000000e-01  5.21500000e+03  3.70000000e-01 -4.80710539e-12  4.04996761e-01  7.46658028e-02  1.00279000e+02  1.13110000e+01  1.37848000e+05 -1.91127000e-01 
 3.80000000e-01  5.21500000e+03  3.80000000e-01 -6.63852769e-12  4.04996761e-01  7.46658028e-02  1.00279000e+02  1.13110000e+01  1.37848000e+05 -1.91127000e-01 
 3.90000000e-01  5.21500000e+03  3.90000000e-01 -9.60415445e-12  4.04996761e-01  7.46658028e-02  1.00279000e+02  1.13110000e+01  1.37848000e+05 -1.91127000e-01 
 4.00000000e-01  5.21500000e+03  4.00000000e-01 -1.44057905e-11  4.04996761e-01  7.46658028e-02  1.00279000e+02  1.13110000e+01  1.37848000e+05 -1.91127000e-01 
 4.10000000e-01  5.21500000e+03  4.10000000e-01 -2.21788459e-11  4.04996761e-01  7.46658028e-02  1.00279000e+02  1.13110000e+01  1.37848000e+05 -1.91127000e-01 
 4.20000000e-01  5.21500000e+03  4.20000000e-01 -3.47595546e-11  4.04996761e-01  7.46658028e-02  1.00279000e+02  1.13110000e+01  1.37848000e+05 -1.91127000e-01 
 4.30000000e-01  5.21500000e+03  4.30000000e-01 -5.51161535e-11  4.04996761e-01  7.46658028e-02  1.00279000e+02  1.13110000e+01  1.37848000e+05 -1.91127000e-01 
 4.40000000e-01  5.21500000e+03  4.40000000e-01 -8.80438751e-11  4.04996761e-01  7.46658028e-02  1.00279000e+02  1.13110000e+01  1.37848000e+05 -1.91127000e-01 
 4.50000000e-01  5.21500000e+03  4.50000000e-01 -1.41283630e-10  4.04996761e-01  7.46658028e-02  1.00279000e+02  1.13110000e+01  1.37848000e+05 -1.91127000e-01 
 4.60000000e-01  5.21500000e+03  4.60000000e-01 -2.27319553e-10  4.04996761e-01  7.46658028e-02  1.00279000e+02  1.13110000e+01  1.37848000e+05 -1.91127000e-01 
 4.70000000e-01  5.21500000e+03  4.70000000e-01 -3.66261068e-10  4.04996761e-01  7.46658028e-02  1.00279000e+02  1.13110000e+01  1.37848000e+05 -1.91127000e-01 
 4.80000000e-01  5.21500000e+03  4.80000000e-01 -5.90451030e-10  4.04996761e-01  7.46658028e-02  1.00279000e+02  1.13110000e+01  1.37848000e+05 -1.91127000e-01 
 4.90000000e-01  5.21500000e+03  4.90000000e-01 -9.51808220e-10  4.04996761e-01  7.46658028e-02  1.00279000e+02  1.13110000e+01  1.37848000e+05 -1.91127000e-01 
 5.00000000e-01  5.21500000e+03  5.00000000e-01 -1.53347593e-09  4.04996761e-01  7.46658028e-02  1.00279000e+02  1.13110000e+01  1.37848000e+05 -1.91127000e-01 
 5.10000000e-01  5.21500000e+03  5.10000000e-01 -2.46820219e-09  4.04996761e-01  7.46658028e-02  1.00279000e+02  1.13110000e+01  1.37848000e+05 -1.91127000e-01 
 5.20000000e-01  5.21500000e+03  5.20000000e-01 -3.96714813e-09  4.04996761e-01  7.46658028e-02  1.00279000e+02  1.13110000e+01  1.37848000e+05 -1.91127000e-01 
 5.30000000e-01  5.21500000e+03  5.30000000e-01 -6.36467081e-09  4.04996761e-01  7.46658028e-02  1.00279000e+02  1.13110000e+01  1.37848000e+05 -1.91127000e-01 
 5.40000000e-01  5.21500000e+03  5.40000000e-01 -1.01872474e-08  4.04996761e-01  7.46658028e-02  1.00279000e+02  1.13110000e+01  1.37848000e+05 -1.91127000e-01 
 5.50000000e-01  5.21500000e+03  5.50000000e-01 -1.62583004e-08  4.04996761e-01  7.46658028e-02  1.00279000e+02  1.13110000e+01  1.37848000e+05 -1.91127000e-01 
 5.60000000e-01  5.21500000e+03  5.60000000e-01 -2.58554283e-08  4.04996761e-01  7.46658028e-02  1.00279000e+02  1.13110000e+01  1.37848000e+05 -1.91127000e-01 
 5.70000000e-01  5.21500000e+03  5.70000000e-01 -4.09425890e-08  4.04996761e-01  7.46658028e-02  1.00279000e+02  1.13110000e+01  1.37848000e+05 -1.91127000e-01 
 5.80000000e-01  5.21500000e+03  5.80000000e-01 -6.45072656e-08  4.04996761e-01  7.46658028e-02  1.00279000e+02  1.13110000e+01  1.37848000e+05 -1.91127000e-01 
 5.90000000e-01  5.21500000e+03  5.90000000e-01 -1.01041929e-07  4.04996761e-01  7.46658028e-02  1.00279000e+02  1.13110000e+01  1.37848000e+05 -1.91127000e-01 
 6.00000000e-01  5.21500000e+03  6.00000000e-01 -1.57221052e-07  4.04996761e-01  7.46658028e-02  1.00279000e+02  1.13110000e+01  1.37848000e+05 -1.91127000e-01 
 6.10000000e-01  5.21500000e+03  6.10000000e-01 -2.42840763e-07  4.04996761e-01  7.46658028e-02  1.00279000e+02  1.13110000e+01  1.37848000e+05 -1.91127000e-01 
 6.20000000e-01  5.21500000e+03  6.20000000e-01 -3.72107270e-07  4.04996761e-01  7.46658028e-02  1.00279000e+02  1.13110000e+01  1.37848000e+05 -1.91127000e-01 
 6.30000000e-01  5.21500000e+03  6.30000000e-01 -5.65372038e-07  4.04996761e-01  7.46658028e-02  1.00279000e+02  1.13110000e+01  1.37848000e+05 -1.91127000e-01 
 6.40000000e-01  5.21500000e+03  6.40000000e-01 -8.51382479e-07  4.04996761e-01  7.46658028e-02  1.00279000e+02  1.13110000e+01  1.37848000e+05 -1.91127000e-01 
 6.50000000e-01  5.21500000e+03  6.50000000e-01 -1.26997779e-06  4.04996761e-01  7.46658028e-02  1.00279000e+02  1.13110000e+01  1.37848000e+05 -1.91127000e-01 
 6.60000000e-01  5.21500000e+03  6.60000000e-01 -1.87483013e-06  4.04996761e-01  7.46658028e-02  1.00279000e+02  1.13110000e+01  1.37848000e+05 -1.91127000e-01 
 6.70000000e-01  5.21500000e+03  6.70000000e-01 -2.73531098e-06  4.04996761e-01  7.46658028e-02  1.00279000e+02  1.13110000e+01  1.37848000e+05 -1.91127000e-01 
 6.80000000e-01  5.21500000e+03  6.80000000e-01 -3.93606716e-06  4.04996761e-01  7.46658028e-02  1.00279000e+02  1.13110000e+01  1.37848000e+05 -1.91127000e-01 
 6.90000000e-01  5.21500000e+03  6.90000000e-01 -5.57287705e-06  4.04996761e-01  7.46658028e-02  1.00279000e+02  1.13110000e+01  1.37848000e+05 -1.91127000e-01 
 7.00000000e-01  5.21500000e+03  7.00000000e-01 -7.74424766e-06  4.04996761e-01  7.46658028e-02  1.00279000e+02  1.13110000e+01  1.37848000e+05 -1.91127000e-01 
 7.10000000e-01  5.21500000e+03  7.10000000e-01 -1.05399056e-05  4.04996761e-01  7.46658028e-02  1.00279000e+02  1.13110000e+01  1.37848000e+05 -1.91127000e-01 
 7.20000000e-01  5.21500000e+03  7.20000000e-01 -1.40289910e-05  4.04996761e-01  7.46658028e-02  1.00279000e+02  1.13110000e+01  1.37848000e+05 -1.91127000e-01 
 7.30000000e-01  5.21500000e+03  7.30000000e-01 -1.82513006e-05  4.04996761e-01  7.46658028e-02  1.00279000e+02  1.13110000e+01  1.37848000e+05 -1.91127000e-01 
 7.40000000e-01  5.21500000e+03  7.40000000e-01 -2.32139088e-05  4.04996761e-01  7.46658028e-02  1.00279000e+02  1.13110000e+01  1.37848000e+05 -1.91127000e-01 
 7.50000000e-01  5.21500000e+03  7.50000000e-01 -2.88935055e-05  4.04996761e-01  7.46658028e-02  1.00279000e+02  1.13110000e+01  1.37848000e+05 -1.91127000e-01 
 7.60000000e-01  5.21500000e+03  7.60000000e-01 -3.52429757e-05  4.04996761e-01  7.46658028e-02  1.00279000e+02  1.13110000e+01  1.37848000e+05 -1.91127000e-01 
 7.70000000e-01  5.21500000e+03  7.70000000e-01 -4.21998885e-05  4.04996761e-01  7.46658028e-02  1.00279000e+02  1.13110000e+01  1.37848000e+05 -1.91127000e-01 
 7.80000000e-01  5.21500000e+03  7.80000000e-01 -4.96947571e-05  4.04996761e-01  7.46658028e-02  1.00279000e+02  1.13110000e+01  1.37848000e+05 -1.91127000e-01 
 7.90000000e-01  5.21500000e+03  7.90000000e-01 -5.76577116e-05  4.04996761e-01  7.46658028e-02  1.00279000e+02  1.13110000e+01  1.37848000e+05 -1.91127000e-01 
 8.00000000e-01  5.21500000e+03  8.00000000e-01 -6.60230816e-05  4.04996761e-01  7.46658028e-02  1.00279000e+02  1.13110000e+01  1.37848000e+05 -1.91127000e-01 
 8.10000000e-01  5.21500000e+03  8.10000000e-01 -7.47320025e-05  4.04996761e-01  7.46658028e-02  1.00279000e+02  1.13110000e+01  1.37848000e+05 -1.91127000e-01 
 8.20000000e-01  5.21500000e+03  8.20000000e-01 -8.37334705e-05  4.04996761e-01  7.46658028e-02  1.00279000e+02  1.13110000e+01  1.37848000e+05 -1.91127000e-01 
 8.30000000e-01  5.21500000e+03  8.30000000e-01 -9.29843418e-05  4.04996761e-01  7.46658028e-02  1.00279000e+02  1.13110000e+01  1.37848000e+05 -1.91127000e-01 
 8.40000000e-01  5.21500000e+03  8.40000000e-01 -1.02448711e-04  4.04996761e-01  7.46658028e-02  1.00279000e+02  1.13110000e+01  1.37848000e+05 -1.91127000e-01 
 8.50000000e-01  5.21500000e+03  8.50000000e-01 -1.12096996e-04  4.04996761e-01  7.46658028e-02  1.00279000e+02  1.13110000e+01  1.37848000e+05 -1.91127000e-01 
 8.60000000e-01  5.21500000e+03  8.60000000e-01 -1.21904937e-04  4.04996761e-01  7.46658028e-02  1.00279000e+02  1.13110000e+01  1.37848000e+05 -1.91127000e-01 
 8.70000000e-01  5.21500000e+03  8.70000000e-01 -1.31852642e-04  4.04996761e-01  7.46658028e-02  1.00279000e+02  1.13110000e+01  1.37848000e+05 -1.91127000e-01 
 8.80000000e-01  5.21500000e+03  8.80000000e-01 -1.41923744e-04  4.04996761e-01  7.46658028e-02  1.00279000e+02  1.13110000e+01  1.37848000e+05 -1.91127000e-01 
 8.90000000e-01  5.21500000e+03  8.90000000e-01 -1.52104678e-04  4.04996761e-01  7.46658028e-02  1.00279000e+02  1.13110000e+01  1.37848000e+05 -1.91127000e-01 
 9.00000000e-01  5.21500000e+03  9.00000000e-01 -1.62384097e-04  4.04996761e-01  7.46658028e-02  1.00279000e+02  1.13110000e+01  1.37848000e+05 -1.91127000e-01 
 9.10000000e-01  5.21500000e+03  9.10000000e-01 -1.72752403e-04  4.04996761e-01  7.46658028e-02  1.00279000e+02  1.13110000e+01  1.37848000e+05 -1.91127000e-01 
 9.20000000e-01  5.21500000e+03  9.20000000e-01 -1.83201373e-04  4.04996761e-01  7.46658028e-02  1.00279000e+02  1.13110000e+01  1.37848000e+05 -1.91127000e-01 
 9.30000000e-01  5.21500000e+03  9.30000000e-01 -1.93723878e-04  4.04996761e-01  7.46658028e-02  1.00279000e+02  1.13110000e+01  1.37848000e+05 -1.91127000e-01 
 9.40000000e-01  5.21500000e+03  9.40000000e-01 -2.04313656e-04  4.04996761e-01  7.46658028e-02  1.00279000e+02  1.13110000e+01  1.37848000e+05 -1.91127000e-01 
 9.50000000e-01  5.21500000e+03  9.50000000e-01 -2.14965149e-04  4.04996761e-01  7.46658028e-02  1.00279000e+02  1.13110000e+01  1.37848000e+05 -1.91127000e-01 
 9.60000000e-01  5.21500000e+03  9.60000000e-01 -2.25673372e-04  4.04996761e-01  7.46658028e-02  1.00279000e+02  1.13110000e+01  1.37848000e+05 -1.91127000e-01 
 9.70000000e-01  5.21500000e+03  9.70000000e-01 -2.36433808e-04  4.04996761e-01  7.46658028e-02  1.00279000e+02  1.13110000e+01  1.37848000e+05 -1.91127000e-01 
 9.80000000e-01  5.21500000e+03  9.80000000e-01 -2.47242346e-04  4.04996761e-01  7.46658028e-02  1.00279000e+02  1.13110000e+01  1.37848000e+05 -1.91127000e-01 
 9.90000000e-01  5.21500000e+03  9.90000000e-01 -2.58095215e-04  4.04996761e-01  7.46658028e-02  1.00279000e+02  1.13110000e+01  1.37848000e+05 -1.91127000e-01 
 1.00000000e+00  5.21500000e+03  1.00000000e+00 -2.68988943e-04  4.04996761e-01  7.46658028e-02  1.00279000e+02  1.13110000e+01  1.37848000e+05 -1.91127000e-01 
 1.01000000e+00  5.21500000e+03  1.01000000e+00 -2.79920319e-04  4.04996761e-01  7.46658028e-02  1.00279000e+02  1.13110000e+01  1.37848000e+05 -1.91127000e-01 
 1.02000000e+00  5.21500000e+03  1.02000000e+00 -2.90886365e-04  4.04996761e-01  7.46658028e-02  1.00279000e+02  1.13110000e+01  1.37848000e+05 -1.91127000e-01 
 1.03000000e+00  5.21500000e+03  1.03000000e+00 -3.01884314e-04  4.04996761e-01  7.46658028e-02  1.00279000e+02  1.13110000e+01  1.37848000e+05 -1.91127000e-01 
 1.04000000e+00  5.21500000e+03  1.04000000e+00 -3.12911592e-04  4.04996761e-01  7.46658028e-02  1.00279000e+02  1.13110000e+01  1.37848000e+05 -1.91127000e-01 
 1.05000000e+00  5.21500000e+03  1.05000000e+00 -3.23965799e-04  4.04996761e-01  7.46658028e-02  1.00279000e+02  1.13110000e+01  1.37848000e+05 -1.91127000e-01 
 1.06000000e+00  5.21500000e+03  1.06000000e+00 -3.35044698e-04  4.04996761e-01  7.46658028e-02  1.00279000e+02  1.13110000e+01  1.37848000e+05 -1.91127000e-01 
 1.07000000e+00  5.21500000e+03  1.07000000e+00 -3.46146201e-04  4.04996761e-01  7.46658028e-02  1.00279000e+02  1.13110000e+01  1.37848000e+05 -1.91127000e-01 
 1.08000000e+00  5.21500000e+03  1.08000000e+00 -3.57268359e-04  4.04996761e-01  7.46658028e-02  1.00279000e+02  1.13110000e+01  1.37848000e+05 -1.91127000e-01 
 1.09000000e+00  5.21500000e+03  1.09000000e+00 -3.68409352e-04  4.04996761e-01  7.46658028e-02  1.00279000e+02  1.13110000e+01  1.37848000e+05 -1.91127000e-01 
 1.10000000e+00  5.21500000e+03  1.10000000e+00 -3.79567480e-04  4.04996761e-01  7.46658028e-02  1.00279000e+02  1.13110000e+01  1.37848000e+05 -1.91127000e-01 
 1.11000000e+00  5.21500000e+03  1.11000000e+00 -3.90741156e-04  4.04996761e-01  7.46658028e-02  1.00279000e+02  1.13110000e+01  1.37848000e+05 -1.91127000e-01 
 1.12000000e+00  5.21500000e+03  1.12000000e+00 -4.01928894e-04  4.04996761e-01  7.46658028e-02  1.00279000e+02  1.13110000e+01  1.37848000e+05 -1.91127000e-01 
 1.13000000e+00  5.21500000e+03  1.13000000e+00 -4.13129309e-04  4.04996761e-01  7.46658028e-02  1.00279000e+02  1.13110000e+01  1.37848000e+05 -1.91127000e-01 
 1.14000000e+00  5.21500000e+03  1.14000000e+00 -4.24341104e-04  4.04996761e-01  7.46658028e-02  1.00279000e+02  1.13110000e+01  1.37848000e+05 -1.91127000e-01 
 1.15000000e+00  5.21500000e+03  1.15000000e+00 -4.35563067e-04  4.04996761e-01  7.46658028e-02  1.00279000e+02  1.13110000e+01  1.37848000e+05 -1.91127000e-01 
 1.16000000e+00  5.21500000e+03  1.16000000e+00 -4.46794067e-04  4.04996761e-01  7.46658028e-02  1.00279000e+02  1.13110000e+01  1.37848000e+05 -1.91127000e-01 
 1.17000000e+00  5.21500000e+03  1.17000000e+00 -4.58033042e-04  4.04996761e-01  7.46658028e-02  1.00279000e+02  1.13110000e+01  1.37848000e+05 -1.91127000e-01 
 1.18000000e+00  5.21500000e+03  1.18000000e+00 -4.69279004e-04  4.04996761e-01  7.46658028e-02  1.00279000e+02  1.13110000e+01  1.37848000e+05 -1.91127000e-01 
 1.19000000e+00  5.21500000e+03  1.19000000e+00 -4.80531023e-04  4.04996761e-01  7.46658028e-02  1.00279000e+02  1.13110000e+01  1.37848000e+05 -1.91127000e-01 
 1.20000000e+00  5.21500000e+03  1.20000000e+00 -4.91788235e-04  4.04996761e-01  7.46658028e-02  1.00279000e+02  1.13110000e+01  1.37848000e+05 -1.91127000e-01 
 1.21000000e+00  5.21500000e+03  1.21000000e+00 -5.03049825e-04  4.04996761e-01  7.46658028e-02  1.00279000e+02  1.13110000e+01  1.37848000e+05 -1.91127000e-01 
 1.22000000e+00  5.21500000e+03  1.22000000e+00 -5.14315036e-04  4.04996761e-01  7.46658028e-02  1.00279000e+02  1.13110000e+01  1.37848000e+05 -1.91127000e-01 
 1.23000000e+00  5.21500000e+03  1.23000000e+00 -5.25583154e-04  4.04996761e-01  7.46658028e-02  1.00279000e+02  1.13110000e+01  1.37848000e+05 -1.91127000e-01 
 1.24000000e+00  5.21500000e+03  1.24000000e+00 -5.36853515e-04  4.04996761e-01  7.46658028e-02  1.00279000e+02  1.13110000e+01  1.37848000e+05 -1.91127000e-01 
 1.25000000e+00  5.21500000e+03  1.25000000e+00 -5.48125494e-04  4.04996761e-01  7.46658028e-02  1.00279000e+02  1.13110000e+01  1.37848000e+05 -1.91127000e-01 
 1.26000000e+00  5.21500000e+03  1.26000000e+00 -5.59398506e-04  4.04996761e-01  7.46658028e-02  1.00279000e+02  1.13110000e+01  1.37848000e+05 -1.91127000e-01 
 1.27000000e+00  5.21500000e+03  1.27000000e+00 -5.70672003e-04  4.04996761e-01  7.46658028e-02  1.00279000e+02  1.13110000e+01  1.37848000e+05 -1.91127000e-01 
 1.28000000e+00  5.21500000e+03  1.28000000e+00 -5.81945472e-04  4.04996761e-01  7.46658028e-02  1.00279000e+02  1.13110000e+01  1.37848000e+05 -1.91127000e-01 
 1.29000000e+00  5.21500000e+03  1.29000000e+00 -5.93218432e-04  4.04996761e-01  7.46658028e-02  1.00279000e+02  1.13110000e+01  1.37848000e+05 -1.91127000e-01 
 1.30000000e+00  5.21500000e+03  1.30000000e+00 -6.04490431e-04  4.04996761e-01  7.46658028e-02  1.00279000e+02  1.13110000e+01  1.37848000e+05 -1.91127000e-01 
 1.31000000e+00  5.21500000e+03  1.31000000e+00 -6.15761045e-04  4.04996761e-01  7.46658028e-02  1.00279000e+02  1.13110000e+01  1.37848000e+05 -1.91127000e-01 
 1.32000000e+00  5.21500000e+03  1.32000000e+00 -6.27029878e-04  4.04996761e-01  7.46658028e-02  1.00279000e+02  1.13110000e+01  1.37848000e+05 -1.91127000e-01 
 1.33000000e+00  5.21500000e+03  1.33000000e+00 -6.38296558e-04  4.04996761e-01  7.46658028e-02  1.00279000e+02  1.13110000e+01  1.37848000e+05 -1.91127000e-01 
 1.34000000e+00  5.21500000e+03  1.34000000e+00 -6.49560736e-04  4.04996761e-01  7.46658028e-02  1.00279000e+02  1.13110000e+01  1.37848000e+05 -1.91127000e-01 
 1.35000000e+00  5.21500000e+03  1.35000000e+00 -6.60822083e-04  4.04996761e-01  7.46658028e-02  1.00279000e+02  1.13110000e+01  1.37848000e+05 -1.91127000e-01 
 1.36000000e+00  5.21500000e+03  1.36000000e+00 -6.72080293e-04  4.04996761e-01  7.46658028e-02  1.00279000e+02  1.13110000e+01  1.37848000e+05 -1.91127000e-01 
 1.37000000e+00  5.21500000e+03  1.37000000e+00 -6.83335077e-04  4.04996761e-01  7.46658028e-02  1.00279000e+02  1.13110000e+01  1.37848000e+05 -1.91127000e-01 
 1.38000000e+00  5.21500000e+03  1.38000000e+00 -6.94586165e-04  4.04996761e-01  7.46658028e-02  1.00279000e+02  1.13110000e+01  1.37848000e+05 -1.91127000e-01 
 1.39000000e+00  5.21500000e+03  1.39000000e+00 -7.05833303e-04  4.04996761e-01  7.46658028e-02  1.00279000e+02  1.13110000e+01  1.37848000e+05 -1.91127000e-01 
 1.40000000e+00  5.21500000e+03  1.40000000e+00 -7.17076254e-04  4.04996761e-01  7.46658028e-02  1.00279000e+02  1.13110000e+01  1.37848000e+05 -1.91127000e-01 
 1.41000000e+00  5.21500000e+03  1.41000000e+00 -7.28314794e-04  4.04996761e-01  7.46658028e-02  1.00279000e+02  1.13110000e+01  1.37848000e+05 -1.91127000e-01 
 1.42000000e+00  5.21500000e+03  1.42000000e+00 -7.39548714e-04  4.04996761e-01  7.46658028e-02  1.00279000e+02  1.13110000e+01  1.37848000e+05 -1.91127000e-01 
 1.43000000e+00  5.21500000e+03  1.43000000e+00 -7.50777817e-04  4.04996761e-01  7.46658028e-02  1.00279000e+02  1.13110000e+01  1.37848000e+05 -1.91127000e-01 
 1.44000000e+00  5.21500000e+03  1.44000000e+00 -7.62001921e-04  4.04996761e-01  7.46658028e-02  1.00279000e+02  1.13110000e+01  1.37848000e+05 -1.91127000e-01 
 1.45000000e+00  5.21500000e+03  1.45000000e+00 -7.73220851e-04  4.04996761e-01  7.46658028e-02  1.00279000e+02  1.13110000e+01  1.37848000e+05 -1.91127000e-01 
 1.46000000e+00  5.21500000e+03  1.46000000e+00 -7.84434448e-04  4.04996761e-01  7.46658028e-02  1.00279000e+02  1.13110000e+01  1.37848000e+05 -1.91127000e-01 
 1.47000000e+00  5.21500000e+03  1.47000000e+00 -7.95642559e-04  4.04996761e-01  7.46658028e-02  1.00279000e+02  1.13110000e+01  1.37848000e+05 -1.91127000e-01 
 1.48000000e+00  5.21500000e+03  1.48000000e+00 -8.06845042e-04  4.04996761e-01  7.46658028e-02  1.00279000e+02  1.13110000e+01  1.37848000e+05 -1.91127000e-01 
 1.49000000e+00  5.21500000e+03  1.49000000e+00 -8.18041766e-04  4.04996761e-01  7.46658028e-02  1.00279000e+02  1.13110000e+01  1.37848000e+05 -1.91127000e-01 
 1.50000000e+00  5.21500000e+03  1.50000000e+00 -8.29232605e-04  4.04996761e-01  7.46658028e-02  1.00279000e+02  1.13110000e+01  1.37848000e+05 -1.91127000e-01 
 1.51000000e+00  5.21500000e+03  1.51000000e+00 -8.40417444e-04  4.04996761e-01  7.46658028e-02  1.00279000e+02  1.13110000e+01  1.37848000e+05 -1.91127000e-01 
 1.52000000e+00  5.21500000e+03  1.52000000e+00 -8.51596175e-04  4.04996761e-01  7.46658028e-02  1.00279000e+02  1.13110000e+01  1.37848000e+05 -1.91127000e-01 
 1.53000000e+00  5.21500000e+03  1.53000000e+00 -8.62768694e-04  4.04996761e-01  7.46658028e-02  1.00279000e+02  1.13110000e+01  1.37848000e+05 -1.91127000e-01 
 1.54000000e+00  5.21500000e+03  1.54000000e+00 -8.73934908e-04  4.04996761e-01  7.46658028e-02  1.00279000e+02  1.13110000e+01  1.37848000e+05 -1.91127000e-01 
 1.55000000e+00  5.21500000e+03  1.55000000e+00 -8.85094729e-04  4.04996761e-01  7.46658028e-02  1.00279000e+02  1.13110000e+01  1.37848000e+05 -1.91127000e-01 
 1.56000000e+00  5.21500000e+03  1.56000000e+00 -8.96248072e-04  4.04996761e-01  7.46658028e-02  1.00279000e+02  1.13110000e+01  1.37848000e+05 -1.91127000e-01 
 1.57000000e+00  5.21500000e+03  1.57000000e+00 -9.07394862e-04  4.04996761e-01  7.46658028e-02  1.00279000e+02  1.13110000e+01  1.37848000e+05 -1.91127000e-01 
 1.58000000e+00  5.21500000e+03  1.58000000e+00 -9.18535027e-04  4.04996761e-01  7.46658028e-02  1.00279000e+02  1.13110000e+01  1.37848000e+05 -1.91127000e-01 
 1.59000000e+00  5.21500000e+03  1.59000000e+00 -9.29668499e-04  4.04996761e-01  7.46658028e-02  1.00279000e+02  1.13110000e+01  1.37848000e+05 -1.91127000e-01 
 1.60000000e+00  5.21500000e+03  1.60000000e+00 -9.40795217e-04  4.04996761e-01  7.46658028e-02  1.00279000e+02  1.13110000e+01  1.37848000e+05 -1.91127000e-01 
 1.61000000e+00  5.21500000e+03  1.61000000e+00 -9.51915122e-04  4.04996761e-01  7.46658028e-02  1.00279000e+02  1.13110000e+01  1.37848000e+05 -1.91127000e-01 
 1.62000000e+00  5.21500000e+03  1.62000000e+00 -9.63028161e-04  4.04996761e-01  7.46658028e-02  1.00279000e+02  1.13110000e+01  1.37848000e+05 -1.91127000e-01 
 1.63000000e+00  5.21500000e+03  1.63000000e+00 -9.74134284e-04  4.04996761e-01  7.46658028e-02  1.00279000e+02  1.13110000e+01  1.37848000e+05 -1.91127000e-01 
 1.64000000e+00  5.21500000e+03  1.64000000e+00 -9.85233444e-04  4.04996761e-01  7.46658028e-02  1.00279000e+02  1.13110000e+01  1.37848000e+05 -1.91127000e-01 
 1.65000000e+00  5.21500000e+03  1.65000000e+00 -9.96325599e-04  4.04996761e-01  7.46658028e-02  1.00279000e+02  1.13110000e+01  1.37848000e+05 -1.91127000e-01 
 1.66000000e+00  5.21500000e+03  1.66000000e+00 -1.00741071e-03  4.04996761e-01  7.46658028e-02  1.00279000e+02  1.13110000e+01  1.37848000e+05 -1.91127000e-01 
 1.67000000e+00  5.21500000e+03  1.67000000e+00 -1.01848874e-03  4.04996761e-01  7.46658028e-02  1.00279000e+02  1.13110000e+01  1.37848000e+05 -1.91127000e-01 
 1.68000000e+00  5.21500000e+03  1.68000000e+00 -1.02955965e-03  4.04996761e-01  7.46658028e-02  1.00279000e+02  1.13110000e+01  1.37848000e+05 -1.91127000e-01 
 1.69000000e+00  5.21500000e+03  1.69000000e+00 -1.04062342e-03  4.04996761e-01  7.46658028e-02  1.00279000e+02  1.13110000e+01  1.37848000e+05 -1.91127000e-01 
 1.70000000e+00  5.21500000e+03  1.70000000e+00 -1.05168001e-03  4.04996761e-01  7.46658028e-02  1.00279000e+02  1.13110000e+01  1.37848000e+05 -1.91127000e-01 
 1.71000000e+00  5.21500000e+03  1.71000000e+00 -1.06272940e-03  4.04996761e-01  7.46658028e-02  1.00279000e+02  1.13110000e+01  1.37848000e+05 -1.91127000e-01 
 1.72000000e+00  5.21500000e+03  1.72000000e+00 -1.07377156e-03  4.04996761e-01  7.46658028e-02  1.00279000e+02  1.13110000e+01  1.37848000e+05 -1.91127000e-01 
 1.73000000e+00  5.21500000e+03  1.73000000e+00 -1.08480647e-03  4.04996761e-01  7.46658028e-02  1.00279000e+02  1.13110000e+01  1.37848000e+05 -1.91127000e-01 
 1.74000000e+00  5.21500000e+03  1.74000000e+00 -1.09583411e-03  4.04996761e-01  7.46658028e-02  1.00279000e+02  1.13110000e+01  1.37848000e+05 -1.91127000e-01 
 1.75000000e+00  5.21500000e+03  1.75000000e+00 -1.10685447e-03  4.04996761e-01  7.46658028e-02  1.00279000e+02  1.13110000e+01  1.37848000e+05 -1.91127000e-01 
 1.76000000e+00  5.21500000e+03  1.76000000e+00 -1.11786752e-03  4.04996761e-01  7.46658028e-02  1.00279000e+02  1.13110000e+01  1.37848000e+05 -1.91127000e-01 
 1.77000000e+00  5.21500000e+03  1.77000000e+00 -1.12887325e-03  4.04996761e-01  7.46658028e-02  1.00279000e+02  1.13110000e+01  1.37848000e+05 -1.91127000e-01 
 1.78000000e+00  5.21500000e+03  1.78000000e+00 -1.13987165e-03  4.04996761e-01  7.46658028e-02  1.00279000e+02  1.13110000e+01  1.37848000e+05 -1.91127000e-01 
 1.79000000e+00  5.21500000e+03  1.79000000e+00 -1.15086269e-03  4.04996761e-01  7.46658028e-02  1.00279000e+02  1.13110000e+01  1.37848000e+05 -1.91127000e-01 
 1.80000000e+00  5.21500000e+03  1.80000000e+00 -1.16184638e-03  4.04996761e-01  7.46658028e-02  1.00279000e+02  1.13110000e+01  1.37848000e+05 -1.91127000e-01 
