 v-sweep         run_num         v(gate)         i(vds)          out_vth0        out_u0          out_rdsw        out_nfactor     out_vsat        out_eta0       
 0.00000000e+00  5.97000000e+03  0.00000000e+00 -1.85137552e-12  3.60093699e-01  6.26916531e-02  1.00279000e+02  1.13110000e+01  1.37848000e+05 -1.91127000e-01 
 1.00000000e-02  5.97000000e+03  1.00000000e-02 -1.85137568e-12  3.60093699e-01  6.26916531e-02  1.00279000e+02  1.13110000e+01  1.37848000e+05 -1.91127000e-01 
 2.00000000e-02  5.97000000e+03  2.00000000e-02 -1.85137605e-12  3.60093699e-01  6.26916531e-02  1.00279000e+02  1.13110000e+01  1.37848000e+05 -1.91127000e-01 
 3.00000000e-02  5.97000000e+03  3.00000000e-02 -1.85137658e-12  3.60093699e-01  6.26916531e-02  1.00279000e+02  1.13110000e+01  1.37848000e+05 -1.91127000e-01 
 4.00000000e-02  5.97000000e+03  4.00000000e-02 -1.85137743e-12  3.60093699e-01  6.26916531e-02  1.00279000e+02  1.13110000e+01  1.37848000e+05 -1.91127000e-01 
 5.00000000e-02  5.97000000e+03  5.00000000e-02 -1.85137881e-12  3.60093699e-01  6.26916531e-02  1.00279000e+02  1.13110000e+01  1.37848000e+05 -1.91127000e-01 
 6.00000000e-02  5.97000000e+03  6.00000000e-02 -1.85138105e-12  3.60093699e-01  6.26916531e-02  1.00279000e+02  1.13110000e+01  1.37848000e+05 -1.91127000e-01 
 7.00000000e-02  5.97000000e+03  7.00000000e-02 -1.85138467e-12  3.60093699e-01  6.26916531e-02  1.00279000e+02  1.13110000e+01  1.37848000e+05 -1.91127000e-01 
 8.00000000e-02  5.97000000e+03  8.00000000e-02 -1.85139055e-12  3.60093699e-01  6.26916531e-02  1.00279000e+02  1.13110000e+01  1.37848000e+05 -1.91127000e-01 
 9.00000000e-02  5.97000000e+03  9.00000000e-02 -1.85140006e-12  3.60093699e-01  6.26916531e-02  1.00279000e+02  1.13110000e+01  1.37848000e+05 -1.91127000e-01 
 1.00000000e-01  5.97000000e+03  1.00000000e-01 -1.85141548e-12  3.60093699e-01  6.26916531e-02  1.00279000e+02  1.13110000e+01  1.37848000e+05 -1.91127000e-01 
 1.10000000e-01  5.97000000e+03  1.10000000e-01 -1.85144045e-12  3.60093699e-01  6.26916531e-02  1.00279000e+02  1.13110000e+01  1.37848000e+05 -1.91127000e-01 
 1.20000000e-01  5.97000000e+03  1.20000000e-01 -1.85148091e-12  3.60093699e-01  6.26916531e-02  1.00279000e+02  1.13110000e+01  1.37848000e+05 -1.91127000e-01 
 1.30000000e-01  5.97000000e+03  1.30000000e-01 -1.85154645e-12  3.60093699e-01  6.26916531e-02  1.00279000e+02  1.13110000e+01  1.37848000e+05 -1.91127000e-01 
 1.40000000e-01  5.97000000e+03  1.40000000e-01 -1.85165264e-12  3.60093699e-01  6.26916531e-02  1.00279000e+02  1.13110000e+01  1.37848000e+05 -1.91127000e-01 
 1.50000000e-01  5.97000000e+03  1.50000000e-01 -1.85182467e-12  3.60093699e-01  6.26916531e-02  1.00279000e+02  1.13110000e+01  1.37848000e+05 -1.91127000e-01 
 1.60000000e-01  5.97000000e+03  1.60000000e-01 -1.85210336e-12  3.60093699e-01  6.26916531e-02  1.00279000e+02  1.13110000e+01  1.37848000e+05 -1.91127000e-01 
 1.70000000e-01  5.97000000e+03  1.70000000e-01 -1.85255486e-12  3.60093699e-01  6.26916531e-02  1.00279000e+02  1.13110000e+01  1.37848000e+05 -1.91127000e-01 
 1.80000000e-01  5.97000000e+03  1.80000000e-01 -1.85328631e-12  3.60093699e-01  6.26916531e-02  1.00279000e+02  1.13110000e+01  1.37848000e+05 -1.91127000e-01 
 1.90000000e-01  5.97000000e+03  1.90000000e-01 -1.85447129e-12  3.60093699e-01  6.26916531e-02  1.00279000e+02  1.13110000e+01  1.37848000e+05 -1.91127000e-01 
 2.00000000e-01  5.97000000e+03  2.00000000e-01 -1.85639100e-12  3.60093699e-01  6.26916531e-02  1.00279000e+02  1.13110000e+01  1.37848000e+05 -1.91127000e-01 
 2.10000000e-01  5.97000000e+03  2.10000000e-01 -1.85950099e-12  3.60093699e-01  6.26916531e-02  1.00279000e+02  1.13110000e+01  1.37848000e+05 -1.91127000e-01 
 2.20000000e-01  5.97000000e+03  2.20000000e-01 -1.86453925e-12  3.60093699e-01  6.26916531e-02  1.00279000e+02  1.13110000e+01  1.37848000e+05 -1.91127000e-01 
 2.30000000e-01  5.97000000e+03  2.30000000e-01 -1.87270130e-12  3.60093699e-01  6.26916531e-02  1.00279000e+02  1.13110000e+01  1.37848000e+05 -1.91127000e-01 
 2.40000000e-01  5.97000000e+03  2.40000000e-01 -1.88592382e-12  3.60093699e-01  6.26916531e-02  1.00279000e+02  1.13110000e+01  1.37848000e+05 -1.91127000e-01 
 2.50000000e-01  5.97000000e+03  2.50000000e-01 -1.90734408e-12  3.60093699e-01  6.26916531e-02  1.00279000e+02  1.13110000e+01  1.37848000e+05 -1.91127000e-01 
 2.60000000e-01  5.97000000e+03  2.60000000e-01 -1.94204412e-12  3.60093699e-01  6.26916531e-02  1.00279000e+02  1.13110000e+01  1.37848000e+05 -1.91127000e-01 
 2.70000000e-01  5.97000000e+03  2.70000000e-01 -1.99825596e-12  3.60093699e-01  6.26916531e-02  1.00279000e+02  1.13110000e+01  1.37848000e+05 -1.91127000e-01 
 2.80000000e-01  5.97000000e+03  2.80000000e-01 -2.08931367e-12  3.60093699e-01  6.26916531e-02  1.00279000e+02  1.13110000e+01  1.37848000e+05 -1.91127000e-01 
 2.90000000e-01  5.97000000e+03  2.90000000e-01 -2.23681435e-12  3.60093699e-01  6.26916531e-02  1.00279000e+02  1.13110000e+01  1.37848000e+05 -1.91127000e-01 
 3.00000000e-01  5.97000000e+03  3.00000000e-01 -2.47573663e-12  3.60093699e-01  6.26916531e-02  1.00279000e+02  1.13110000e+01  1.37848000e+05 -1.91127000e-01 
 3.10000000e-01  5.97000000e+03  3.10000000e-01 -2.86272739e-12  3.60093699e-01  6.26916531e-02  1.00279000e+02  1.13110000e+01  1.37848000e+05 -1.91127000e-01 
 3.20000000e-01  5.97000000e+03  3.20000000e-01 -3.48951549e-12  3.60093699e-01  6.26916531e-02  1.00279000e+02  1.13110000e+01  1.37848000e+05 -1.91127000e-01 
 3.30000000e-01  5.97000000e+03  3.30000000e-01 -4.50461977e-12  3.60093699e-01  6.26916531e-02  1.00279000e+02  1.13110000e+01  1.37848000e+05 -1.91127000e-01 
 3.40000000e-01  5.97000000e+03  3.40000000e-01 -6.14846953e-12  3.60093699e-01  6.26916531e-02  1.00279000e+02  1.13110000e+01  1.37848000e+05 -1.91127000e-01 
 3.50000000e-01  5.97000000e+03  3.50000000e-01 -8.81020379e-12  3.60093699e-01  6.26916531e-02  1.00279000e+02  1.13110000e+01  1.37848000e+05 -1.91127000e-01 
 3.60000000e-01  5.97000000e+03  3.60000000e-01 -1.31194880e-11  3.60093699e-01  6.26916531e-02  1.00279000e+02  1.13110000e+01  1.37848000e+05 -1.91127000e-01 
 3.70000000e-01  5.97000000e+03  3.70000000e-01 -2.00948480e-11  3.60093699e-01  6.26916531e-02  1.00279000e+02  1.13110000e+01  1.37848000e+05 -1.91127000e-01 
 3.80000000e-01  5.97000000e+03  3.80000000e-01 -3.13831311e-11  3.60093699e-01  6.26916531e-02  1.00279000e+02  1.13110000e+01  1.37848000e+05 -1.91127000e-01 
 3.90000000e-01  5.97000000e+03  3.90000000e-01 -4.96457029e-11  3.60093699e-01  6.26916531e-02  1.00279000e+02  1.13110000e+01  1.37848000e+05 -1.91127000e-01 
 4.00000000e-01  5.97000000e+03  4.00000000e-01 -7.91805457e-11  3.60093699e-01  6.26916531e-02  1.00279000e+02  1.13110000e+01  1.37848000e+05 -1.91127000e-01 
 4.10000000e-01  5.97000000e+03  4.10000000e-01 -1.26922811e-10  3.60093699e-01  6.26916531e-02  1.00279000e+02  1.13110000e+01  1.37848000e+05 -1.91127000e-01 
 4.20000000e-01  5.97000000e+03  4.20000000e-01 -2.04050942e-10  3.60093699e-01  6.26916531e-02  1.00279000e+02  1.13110000e+01  1.37848000e+05 -1.91127000e-01 
 4.30000000e-01  5.97000000e+03  4.30000000e-01 -3.28558560e-10  3.60093699e-01  6.26916531e-02  1.00279000e+02  1.13110000e+01  1.37848000e+05 -1.91127000e-01 
 4.40000000e-01  5.97000000e+03  4.40000000e-01 -5.29360178e-10  3.60093699e-01  6.26916531e-02  1.00279000e+02  1.13110000e+01  1.37848000e+05 -1.91127000e-01 
 4.50000000e-01  5.97000000e+03  4.50000000e-01 -8.52820187e-10  3.60093699e-01  6.26916531e-02  1.00279000e+02  1.13110000e+01  1.37848000e+05 -1.91127000e-01 
 4.60000000e-01  5.97000000e+03  4.60000000e-01 -1.37308543e-09  3.60093699e-01  6.26916531e-02  1.00279000e+02  1.13110000e+01  1.37848000e+05 -1.91127000e-01 
 4.70000000e-01  5.97000000e+03  4.70000000e-01 -2.20833961e-09  3.60093699e-01  6.26916531e-02  1.00279000e+02  1.13110000e+01  1.37848000e+05 -1.91127000e-01 
 4.80000000e-01  5.97000000e+03  4.80000000e-01 -3.54618577e-09  3.60093699e-01  6.26916531e-02  1.00279000e+02  1.13110000e+01  1.37848000e+05 -1.91127000e-01 
 4.90000000e-01  5.97000000e+03  4.90000000e-01 -5.68292875e-09  3.60093699e-01  6.26916531e-02  1.00279000e+02  1.13110000e+01  1.37848000e+05 -1.91127000e-01 
 5.00000000e-01  5.97000000e+03  5.00000000e-01 -9.08371858e-09  3.60093699e-01  6.26916531e-02  1.00279000e+02  1.13110000e+01  1.37848000e+05 -1.91127000e-01 
 5.10000000e-01  5.97000000e+03  5.10000000e-01 -1.44734763e-08  3.60093699e-01  6.26916531e-02  1.00279000e+02  1.13110000e+01  1.37848000e+05 -1.91127000e-01 
 5.20000000e-01  5.97000000e+03  5.20000000e-01 -2.29723909e-08  3.60093699e-01  6.26916531e-02  1.00279000e+02  1.13110000e+01  1.37848000e+05 -1.91127000e-01 
 5.30000000e-01  5.97000000e+03  5.30000000e-01 -3.62946902e-08  3.60093699e-01  6.26916531e-02  1.00279000e+02  1.13110000e+01  1.37848000e+05 -1.91127000e-01 
 5.40000000e-01  5.97000000e+03  5.40000000e-01 -5.70355920e-08  3.60093699e-01  6.26916531e-02  1.00279000e+02  1.13110000e+01  1.37848000e+05 -1.91127000e-01 
 5.50000000e-01  5.97000000e+03  5.50000000e-01 -8.90794114e-08  3.60093699e-01  6.26916531e-02  1.00279000e+02  1.13110000e+01  1.37848000e+05 -1.91127000e-01 
 5.60000000e-01  5.97000000e+03  5.60000000e-01 -1.38172862e-07  3.60093699e-01  6.26916531e-02  1.00279000e+02  1.13110000e+01  1.37848000e+05 -1.91127000e-01 
 5.70000000e-01  5.97000000e+03  5.70000000e-01 -2.12722690e-07  3.60093699e-01  6.26916531e-02  1.00279000e+02  1.13110000e+01  1.37848000e+05 -1.91127000e-01 
 5.80000000e-01  5.97000000e+03  5.80000000e-01 -3.24893731e-07  3.60093699e-01  6.26916531e-02  1.00279000e+02  1.13110000e+01  1.37848000e+05 -1.91127000e-01 
 5.90000000e-01  5.97000000e+03  5.90000000e-01 -4.92088716e-07  3.60093699e-01  6.26916531e-02  1.00279000e+02  1.13110000e+01  1.37848000e+05 -1.91127000e-01 
 6.00000000e-01  5.97000000e+03  6.00000000e-01 -7.38848654e-07  3.60093699e-01  6.26916531e-02  1.00279000e+02  1.13110000e+01  1.37848000e+05 -1.91127000e-01 
 6.10000000e-01  5.97000000e+03  6.10000000e-01 -1.09906284e-06  3.60093699e-01  6.26916531e-02  1.00279000e+02  1.13110000e+01  1.37848000e+05 -1.91127000e-01 
 6.20000000e-01  5.97000000e+03  6.20000000e-01 -1.61807330e-06  3.60093699e-01  6.26916531e-02  1.00279000e+02  1.13110000e+01  1.37848000e+05 -1.91127000e-01 
 6.30000000e-01  5.97000000e+03  6.30000000e-01 -2.35385114e-06  3.60093699e-01  6.26916531e-02  1.00279000e+02  1.13110000e+01  1.37848000e+05 -1.91127000e-01 
 6.40000000e-01  5.97000000e+03  6.40000000e-01 -3.37614139e-06  3.60093699e-01  6.26916531e-02  1.00279000e+02  1.13110000e+01  1.37848000e+05 -1.91127000e-01 
 6.50000000e-01  5.97000000e+03  6.50000000e-01 -4.76266389e-06  3.60093699e-01  6.26916531e-02  1.00279000e+02  1.13110000e+01  1.37848000e+05 -1.91127000e-01 
 6.60000000e-01  5.97000000e+03  6.60000000e-01 -6.59230876e-06  3.60093699e-01  6.26916531e-02  1.00279000e+02  1.13110000e+01  1.37848000e+05 -1.91127000e-01 
 6.70000000e-01  5.97000000e+03  6.70000000e-01 -8.93650809e-06  3.60093699e-01  6.26916531e-02  1.00279000e+02  1.13110000e+01  1.37848000e+05 -1.91127000e-01 
 6.80000000e-01  5.97000000e+03  6.80000000e-01 -1.18509211e-05  3.60093699e-01  6.26916531e-02  1.00279000e+02  1.13110000e+01  1.37848000e+05 -1.91127000e-01 
 6.90000000e-01  5.97000000e+03  6.90000000e-01 -1.53696241e-05  3.60093699e-01  6.26916531e-02  1.00279000e+02  1.13110000e+01  1.37848000e+05 -1.91127000e-01 
 7.00000000e-01  5.97000000e+03  7.00000000e-01 -1.95030981e-05  3.60093699e-01  6.26916531e-02  1.00279000e+02  1.13110000e+01  1.37848000e+05 -1.91127000e-01 
 7.10000000e-01  5.97000000e+03  7.10000000e-01 -2.42399859e-05  3.60093699e-01  6.26916531e-02  1.00279000e+02  1.13110000e+01  1.37848000e+05 -1.91127000e-01 
 7.20000000e-01  5.97000000e+03  7.20000000e-01 -2.95515397e-05  3.60093699e-01  6.26916531e-02  1.00279000e+02  1.13110000e+01  1.37848000e+05 -1.91127000e-01 
 7.30000000e-01  5.97000000e+03  7.30000000e-01 -3.53972601e-05  3.60093699e-01  6.26916531e-02  1.00279000e+02  1.13110000e+01  1.37848000e+05 -1.91127000e-01 
 7.40000000e-01  5.97000000e+03  7.40000000e-01 -4.17304081e-05  3.60093699e-01  6.26916531e-02  1.00279000e+02  1.13110000e+01  1.37848000e+05 -1.91127000e-01 
 7.50000000e-01  5.97000000e+03  7.50000000e-01 -4.85025534e-05  3.60093699e-01  6.26916531e-02  1.00279000e+02  1.13110000e+01  1.37848000e+05 -1.91127000e-01 
 7.60000000e-01  5.97000000e+03  7.60000000e-01 -5.56668316e-05  3.60093699e-01  6.26916531e-02  1.00279000e+02  1.13110000e+01  1.37848000e+05 -1.91127000e-01 
 7.70000000e-01  5.97000000e+03  7.70000000e-01 -6.31799490e-05  3.60093699e-01  6.26916531e-02  1.00279000e+02  1.13110000e+01  1.37848000e+05 -1.91127000e-01 
 7.80000000e-01  5.97000000e+03  7.80000000e-01 -7.10031705e-05  3.60093699e-01  6.26916531e-02  1.00279000e+02  1.13110000e+01  1.37848000e+05 -1.91127000e-01 
 7.90000000e-01  5.97000000e+03  7.90000000e-01 -7.91025809e-05  3.60093699e-01  6.26916531e-02  1.00279000e+02  1.13110000e+01  1.37848000e+05 -1.91127000e-01 
 8.00000000e-01  5.97000000e+03  8.00000000e-01 -8.74488889e-05  3.60093699e-01  6.26916531e-02  1.00279000e+02  1.13110000e+01  1.37848000e+05 -1.91127000e-01 
 8.10000000e-01  5.97000000e+03  8.10000000e-01 -9.60169815e-05  3.60093699e-01  6.26916531e-02  1.00279000e+02  1.13110000e+01  1.37848000e+05 -1.91127000e-01 
 8.20000000e-01  5.97000000e+03  8.20000000e-01 -1.04785376e-04  3.60093699e-01  6.26916531e-02  1.00279000e+02  1.13110000e+01  1.37848000e+05 -1.91127000e-01 
 8.30000000e-01  5.97000000e+03  8.30000000e-01 -1.13735659e-04  3.60093699e-01  6.26916531e-02  1.00279000e+02  1.13110000e+01  1.37848000e+05 -1.91127000e-01 
 8.40000000e-01  5.97000000e+03  8.40000000e-01 -1.22851972e-04  3.60093699e-01  6.26916531e-02  1.00279000e+02  1.13110000e+01  1.37848000e+05 -1.91127000e-01 
 8.50000000e-01  5.97000000e+03  8.50000000e-01 -1.32120549e-04  3.60093699e-01  6.26916531e-02  1.00279000e+02  1.13110000e+01  1.37848000e+05 -1.91127000e-01 
 8.60000000e-01  5.97000000e+03  8.60000000e-01 -1.41529343e-04  3.60093699e-01  6.26916531e-02  1.00279000e+02  1.13110000e+01  1.37848000e+05 -1.91127000e-01 
 8.70000000e-01  5.97000000e+03  8.70000000e-01 -1.51067703e-04  3.60093699e-01  6.26916531e-02  1.00279000e+02  1.13110000e+01  1.37848000e+05 -1.91127000e-01 
 8.80000000e-01  5.97000000e+03  8.80000000e-01 -1.60726130e-04  3.60093699e-01  6.26916531e-02  1.00279000e+02  1.13110000e+01  1.37848000e+05 -1.91127000e-01 
 8.90000000e-01  5.97000000e+03  8.90000000e-01 -1.70496067e-04  3.60093699e-01  6.26916531e-02  1.00279000e+02  1.13110000e+01  1.37848000e+05 -1.91127000e-01 
 9.00000000e-01  5.97000000e+03  9.00000000e-01 -1.80369751e-04  3.60093699e-01  6.26916531e-02  1.00279000e+02  1.13110000e+01  1.37848000e+05 -1.91127000e-01 
 9.10000000e-01  5.97000000e+03  9.10000000e-01 -1.90340082e-04  3.60093699e-01  6.26916531e-02  1.00279000e+02  1.13110000e+01  1.37848000e+05 -1.91127000e-01 
 9.20000000e-01  5.97000000e+03  9.20000000e-01 -2.00400529e-04  3.60093699e-01  6.26916531e-02  1.00279000e+02  1.13110000e+01  1.37848000e+05 -1.91127000e-01 
 9.30000000e-01  5.97000000e+03  9.30000000e-01 -2.10545055e-04  3.60093699e-01  6.26916531e-02  1.00279000e+02  1.13110000e+01  1.37848000e+05 -1.91127000e-01 
 9.40000000e-01  5.97000000e+03  9.40000000e-01 -2.20768056e-04  3.60093699e-01  6.26916531e-02  1.00279000e+02  1.13110000e+01  1.37848000e+05 -1.91127000e-01 
 9.50000000e-01  5.97000000e+03  9.50000000e-01 -2.31064313e-04  3.60093699e-01  6.26916531e-02  1.00279000e+02  1.13110000e+01  1.37848000e+05 -1.91127000e-01 
 9.60000000e-01  5.97000000e+03  9.60000000e-01 -2.41428955e-04  3.60093699e-01  6.26916531e-02  1.00279000e+02  1.13110000e+01  1.37848000e+05 -1.91127000e-01 
 9.70000000e-01  5.97000000e+03  9.70000000e-01 -2.51857423e-04  3.60093699e-01  6.26916531e-02  1.00279000e+02  1.13110000e+01  1.37848000e+05 -1.91127000e-01 
 9.80000000e-01  5.97000000e+03  9.80000000e-01 -2.62345449e-04  3.60093699e-01  6.26916531e-02  1.00279000e+02  1.13110000e+01  1.37848000e+05 -1.91127000e-01 
 9.90000000e-01  5.97000000e+03  9.90000000e-01 -2.72889032e-04  3.60093699e-01  6.26916531e-02  1.00279000e+02  1.13110000e+01  1.37848000e+05 -1.91127000e-01 
 1.00000000e+00  5.97000000e+03  1.00000000e+00 -2.83484420e-04  3.60093699e-01  6.26916531e-02  1.00279000e+02  1.13110000e+01  1.37848000e+05 -1.91127000e-01 
 1.01000000e+00  5.97000000e+03  1.01000000e+00 -2.94128087e-04  3.60093699e-01  6.26916531e-02  1.00279000e+02  1.13110000e+01  1.37848000e+05 -1.91127000e-01 
 1.02000000e+00  5.97000000e+03  1.02000000e+00 -3.04816725e-04  3.60093699e-01  6.26916531e-02  1.00279000e+02  1.13110000e+01  1.37848000e+05 -1.91127000e-01 
 1.03000000e+00  5.97000000e+03  1.03000000e+00 -3.15547224e-04  3.60093699e-01  6.26916531e-02  1.00279000e+02  1.13110000e+01  1.37848000e+05 -1.91127000e-01 
 1.04000000e+00  5.97000000e+03  1.04000000e+00 -3.26316661e-04  3.60093699e-01  6.26916531e-02  1.00279000e+02  1.13110000e+01  1.37848000e+05 -1.91127000e-01 
 1.05000000e+00  5.97000000e+03  1.05000000e+00 -3.37122290e-04  3.60093699e-01  6.26916531e-02  1.00279000e+02  1.13110000e+01  1.37848000e+05 -1.91127000e-01 
 1.06000000e+00  5.97000000e+03  1.06000000e+00 -3.47961528e-04  3.60093699e-01  6.26916531e-02  1.00279000e+02  1.13110000e+01  1.37848000e+05 -1.91127000e-01 
 1.07000000e+00  5.97000000e+03  1.07000000e+00 -3.58831945e-04  3.60093699e-01  6.26916531e-02  1.00279000e+02  1.13110000e+01  1.37848000e+05 -1.91127000e-01 
 1.08000000e+00  5.97000000e+03  1.08000000e+00 -3.69731259e-04  3.60093699e-01  6.26916531e-02  1.00279000e+02  1.13110000e+01  1.37848000e+05 -1.91127000e-01 
 1.09000000e+00  5.97000000e+03  1.09000000e+00 -3.80657318e-04  3.60093699e-01  6.26916531e-02  1.00279000e+02  1.13110000e+01  1.37848000e+05 -1.91127000e-01 
 1.10000000e+00  5.97000000e+03  1.10000000e+00 -3.91608101e-04  3.60093699e-01  6.26916531e-02  1.00279000e+02  1.13110000e+01  1.37848000e+05 -1.91127000e-01 
 1.11000000e+00  5.97000000e+03  1.11000000e+00 -4.02581703e-04  3.60093699e-01  6.26916531e-02  1.00279000e+02  1.13110000e+01  1.37848000e+05 -1.91127000e-01 
 1.12000000e+00  5.97000000e+03  1.12000000e+00 -4.13576332e-04  3.60093699e-01  6.26916531e-02  1.00279000e+02  1.13110000e+01  1.37848000e+05 -1.91127000e-01 
 1.13000000e+00  5.97000000e+03  1.13000000e+00 -4.24590299e-04  3.60093699e-01  6.26916531e-02  1.00279000e+02  1.13110000e+01  1.37848000e+05 -1.91127000e-01 
 1.14000000e+00  5.97000000e+03  1.14000000e+00 -4.35622014e-04  3.60093699e-01  6.26916531e-02  1.00279000e+02  1.13110000e+01  1.37848000e+05 -1.91127000e-01 
 1.15000000e+00  5.97000000e+03  1.15000000e+00 -4.46669978e-04  3.60093699e-01  6.26916531e-02  1.00279000e+02  1.13110000e+01  1.37848000e+05 -1.91127000e-01 
 1.16000000e+00  5.97000000e+03  1.16000000e+00 -4.57732776e-04  3.60093699e-01  6.26916531e-02  1.00279000e+02  1.13110000e+01  1.37848000e+05 -1.91127000e-01 
 1.17000000e+00  5.97000000e+03  1.17000000e+00 -4.68809076e-04  3.60093699e-01  6.26916531e-02  1.00279000e+02  1.13110000e+01  1.37848000e+05 -1.91127000e-01 
 1.18000000e+00  5.97000000e+03  1.18000000e+00 -4.79897621e-04  3.60093699e-01  6.26916531e-02  1.00279000e+02  1.13110000e+01  1.37848000e+05 -1.91127000e-01 
 1.19000000e+00  5.97000000e+03  1.19000000e+00 -4.90997224e-04  3.60093699e-01  6.26916531e-02  1.00279000e+02  1.13110000e+01  1.37848000e+05 -1.91127000e-01 
 1.20000000e+00  5.97000000e+03  1.20000000e+00 -5.02106763e-04  3.60093699e-01  6.26916531e-02  1.00279000e+02  1.13110000e+01  1.37848000e+05 -1.91127000e-01 
 1.21000000e+00  5.97000000e+03  1.21000000e+00 -5.13225181e-04  3.60093699e-01  6.26916531e-02  1.00279000e+02  1.13110000e+01  1.37848000e+05 -1.91127000e-01 
 1.22000000e+00  5.97000000e+03  1.22000000e+00 -5.24351478e-04  3.60093699e-01  6.26916531e-02  1.00279000e+02  1.13110000e+01  1.37848000e+05 -1.91127000e-01 
 1.23000000e+00  5.97000000e+03  1.23000000e+00 -5.35484708e-04  3.60093699e-01  6.26916531e-02  1.00279000e+02  1.13110000e+01  1.37848000e+05 -1.91127000e-01 
 1.24000000e+00  5.97000000e+03  1.24000000e+00 -5.46623979e-04  3.60093699e-01  6.26916531e-02  1.00279000e+02  1.13110000e+01  1.37848000e+05 -1.91127000e-01 
 1.25000000e+00  5.97000000e+03  1.25000000e+00 -5.57768445e-04  3.60093699e-01  6.26916531e-02  1.00279000e+02  1.13110000e+01  1.37848000e+05 -1.91127000e-01 
 1.26000000e+00  5.97000000e+03  1.26000000e+00 -5.68917306e-04  3.60093699e-01  6.26916531e-02  1.00279000e+02  1.13110000e+01  1.37848000e+05 -1.91127000e-01 
 1.27000000e+00  5.97000000e+03  1.27000000e+00 -5.80069807e-04  3.60093699e-01  6.26916531e-02  1.00279000e+02  1.13110000e+01  1.37848000e+05 -1.91127000e-01 
 1.28000000e+00  5.97000000e+03  1.28000000e+00 -5.91225229e-04  3.60093699e-01  6.26916531e-02  1.00279000e+02  1.13110000e+01  1.37848000e+05 -1.91127000e-01 
 1.29000000e+00  5.97000000e+03  1.29000000e+00 -6.02382895e-04  3.60093699e-01  6.26916531e-02  1.00279000e+02  1.13110000e+01  1.37848000e+05 -1.91127000e-01 
 1.30000000e+00  5.97000000e+03  1.30000000e+00 -6.13542162e-04  3.60093699e-01  6.26916531e-02  1.00279000e+02  1.13110000e+01  1.37848000e+05 -1.91127000e-01 
 1.31000000e+00  5.97000000e+03  1.31000000e+00 -6.24702421e-04  3.60093699e-01  6.26916531e-02  1.00279000e+02  1.13110000e+01  1.37848000e+05 -1.91127000e-01 
 1.32000000e+00  5.97000000e+03  1.32000000e+00 -6.35863093e-04  3.60093699e-01  6.26916531e-02  1.00279000e+02  1.13110000e+01  1.37848000e+05 -1.91127000e-01 
 1.33000000e+00  5.97000000e+03  1.33000000e+00 -6.47023633e-04  3.60093699e-01  6.26916531e-02  1.00279000e+02  1.13110000e+01  1.37848000e+05 -1.91127000e-01 
 1.34000000e+00  5.97000000e+03  1.34000000e+00 -6.58183520e-04  3.60093699e-01  6.26916531e-02  1.00279000e+02  1.13110000e+01  1.37848000e+05 -1.91127000e-01 
 1.35000000e+00  5.97000000e+03  1.35000000e+00 -6.69342261e-04  3.60093699e-01  6.26916531e-02  1.00279000e+02  1.13110000e+01  1.37848000e+05 -1.91127000e-01 
 1.36000000e+00  5.97000000e+03  1.36000000e+00 -6.80499390e-04  3.60093699e-01  6.26916531e-02  1.00279000e+02  1.13110000e+01  1.37848000e+05 -1.91127000e-01 
 1.37000000e+00  5.97000000e+03  1.37000000e+00 -6.91654463e-04  3.60093699e-01  6.26916531e-02  1.00279000e+02  1.13110000e+01  1.37848000e+05 -1.91127000e-01 
 1.38000000e+00  5.97000000e+03  1.38000000e+00 -7.02807058e-04  3.60093699e-01  6.26916531e-02  1.00279000e+02  1.13110000e+01  1.37848000e+05 -1.91127000e-01 
 1.39000000e+00  5.97000000e+03  1.39000000e+00 -7.13956775e-04  3.60093699e-01  6.26916531e-02  1.00279000e+02  1.13110000e+01  1.37848000e+05 -1.91127000e-01 
 1.40000000e+00  5.97000000e+03  1.40000000e+00 -7.25103236e-04  3.60093699e-01  6.26916531e-02  1.00279000e+02  1.13110000e+01  1.37848000e+05 -1.91127000e-01 
 1.41000000e+00  5.97000000e+03  1.41000000e+00 -7.36246078e-04  3.60093699e-01  6.26916531e-02  1.00279000e+02  1.13110000e+01  1.37848000e+05 -1.91127000e-01 
 1.42000000e+00  5.97000000e+03  1.42000000e+00 -7.47384959e-04  3.60093699e-01  6.26916531e-02  1.00279000e+02  1.13110000e+01  1.37848000e+05 -1.91127000e-01 
 1.43000000e+00  5.97000000e+03  1.43000000e+00 -7.58519554e-04  3.60093699e-01  6.26916531e-02  1.00279000e+02  1.13110000e+01  1.37848000e+05 -1.91127000e-01 
 1.44000000e+00  5.97000000e+03  1.44000000e+00 -7.69649553e-04  3.60093699e-01  6.26916531e-02  1.00279000e+02  1.13110000e+01  1.37848000e+05 -1.91127000e-01 
 1.45000000e+00  5.97000000e+03  1.45000000e+00 -7.80774662e-04  3.60093699e-01  6.26916531e-02  1.00279000e+02  1.13110000e+01  1.37848000e+05 -1.91127000e-01 
 1.46000000e+00  5.97000000e+03  1.46000000e+00 -7.91894600e-04  3.60093699e-01  6.26916531e-02  1.00279000e+02  1.13110000e+01  1.37848000e+05 -1.91127000e-01 
 1.47000000e+00  5.97000000e+03  1.47000000e+00 -8.03009102e-04  3.60093699e-01  6.26916531e-02  1.00279000e+02  1.13110000e+01  1.37848000e+05 -1.91127000e-01 
 1.48000000e+00  5.97000000e+03  1.48000000e+00 -8.14117916e-04  3.60093699e-01  6.26916531e-02  1.00279000e+02  1.13110000e+01  1.37848000e+05 -1.91127000e-01 
 1.49000000e+00  5.97000000e+03  1.49000000e+00 -8.25220800e-04  3.60093699e-01  6.26916531e-02  1.00279000e+02  1.13110000e+01  1.37848000e+05 -1.91127000e-01 
 1.50000000e+00  5.97000000e+03  1.50000000e+00 -8.36317525e-04  3.60093699e-01  6.26916531e-02  1.00279000e+02  1.13110000e+01  1.37848000e+05 -1.91127000e-01 
 1.51000000e+00  5.97000000e+03  1.51000000e+00 -8.47407875e-04  3.60093699e-01  6.26916531e-02  1.00279000e+02  1.13110000e+01  1.37848000e+05 -1.91127000e-01 
 1.52000000e+00  5.97000000e+03  1.52000000e+00 -8.58491642e-04  3.60093699e-01  6.26916531e-02  1.00279000e+02  1.13110000e+01  1.37848000e+05 -1.91127000e-01 
 1.53000000e+00  5.97000000e+03  1.53000000e+00 -8.69568629e-04  3.60093699e-01  6.26916531e-02  1.00279000e+02  1.13110000e+01  1.37848000e+05 -1.91127000e-01 
 1.54000000e+00  5.97000000e+03  1.54000000e+00 -8.80638648e-04  3.60093699e-01  6.26916531e-02  1.00279000e+02  1.13110000e+01  1.37848000e+05 -1.91127000e-01 
 1.55000000e+00  5.97000000e+03  1.55000000e+00 -8.91701522e-04  3.60093699e-01  6.26916531e-02  1.00279000e+02  1.13110000e+01  1.37848000e+05 -1.91127000e-01 
 1.56000000e+00  5.97000000e+03  1.56000000e+00 -9.02757079e-04  3.60093699e-01  6.26916531e-02  1.00279000e+02  1.13110000e+01  1.37848000e+05 -1.91127000e-01 
 1.57000000e+00  5.97000000e+03  1.57000000e+00 -9.13805159e-04  3.60093699e-01  6.26916531e-02  1.00279000e+02  1.13110000e+01  1.37848000e+05 -1.91127000e-01 
 1.58000000e+00  5.97000000e+03  1.58000000e+00 -9.24845608e-04  3.60093699e-01  6.26916531e-02  1.00279000e+02  1.13110000e+01  1.37848000e+05 -1.91127000e-01 
 1.59000000e+00  5.97000000e+03  1.59000000e+00 -9.35878280e-04  3.60093699e-01  6.26916531e-02  1.00279000e+02  1.13110000e+01  1.37848000e+05 -1.91127000e-01 
 1.60000000e+00  5.97000000e+03  1.60000000e+00 -9.46903033e-04  3.60093699e-01  6.26916531e-02  1.00279000e+02  1.13110000e+01  1.37848000e+05 -1.91127000e-01 
 1.61000000e+00  5.97000000e+03  1.61000000e+00 -9.57919737e-04  3.60093699e-01  6.26916531e-02  1.00279000e+02  1.13110000e+01  1.37848000e+05 -1.91127000e-01 
 1.62000000e+00  5.97000000e+03  1.62000000e+00 -9.68928264e-04  3.60093699e-01  6.26916531e-02  1.00279000e+02  1.13110000e+01  1.37848000e+05 -1.91127000e-01 
 1.63000000e+00  5.97000000e+03  1.63000000e+00 -9.79928493e-04  3.60093699e-01  6.26916531e-02  1.00279000e+02  1.13110000e+01  1.37848000e+05 -1.91127000e-01 
 1.64000000e+00  5.97000000e+03  1.64000000e+00 -9.90920311e-04  3.60093699e-01  6.26916531e-02  1.00279000e+02  1.13110000e+01  1.37848000e+05 -1.91127000e-01 
 1.65000000e+00  5.97000000e+03  1.65000000e+00 -1.00190361e-03  3.60093699e-01  6.26916531e-02  1.00279000e+02  1.13110000e+01  1.37848000e+05 -1.91127000e-01 
 1.66000000e+00  5.97000000e+03  1.66000000e+00 -1.01287828e-03  3.60093699e-01  6.26916531e-02  1.00279000e+02  1.13110000e+01  1.37848000e+05 -1.91127000e-01 
 1.67000000e+00  5.97000000e+03  1.67000000e+00 -1.02384422e-03  3.60093699e-01  6.26916531e-02  1.00279000e+02  1.13110000e+01  1.37848000e+05 -1.91127000e-01 
 1.68000000e+00  5.97000000e+03  1.68000000e+00 -1.03480135e-03  3.60093699e-01  6.26916531e-02  1.00279000e+02  1.13110000e+01  1.37848000e+05 -1.91127000e-01 
 1.69000000e+00  5.97000000e+03  1.69000000e+00 -1.04574956e-03  3.60093699e-01  6.26916531e-02  1.00279000e+02  1.13110000e+01  1.37848000e+05 -1.91127000e-01 
 1.70000000e+00  5.97000000e+03  1.70000000e+00 -1.05668878e-03  3.60093699e-01  6.26916531e-02  1.00279000e+02  1.13110000e+01  1.37848000e+05 -1.91127000e-01 
 1.71000000e+00  5.97000000e+03  1.71000000e+00 -1.06761892e-03  3.60093699e-01  6.26916531e-02  1.00279000e+02  1.13110000e+01  1.37848000e+05 -1.91127000e-01 
 1.72000000e+00  5.97000000e+03  1.72000000e+00 -1.07853991e-03  3.60093699e-01  6.26916531e-02  1.00279000e+02  1.13110000e+01  1.37848000e+05 -1.91127000e-01 
 1.73000000e+00  5.97000000e+03  1.73000000e+00 -1.08945166e-03  3.60093699e-01  6.26916531e-02  1.00279000e+02  1.13110000e+01  1.37848000e+05 -1.91127000e-01 
 1.74000000e+00  5.97000000e+03  1.74000000e+00 -1.10035411e-03  3.60093699e-01  6.26916531e-02  1.00279000e+02  1.13110000e+01  1.37848000e+05 -1.91127000e-01 
 1.75000000e+00  5.97000000e+03  1.75000000e+00 -1.11124719e-03  3.60093699e-01  6.26916531e-02  1.00279000e+02  1.13110000e+01  1.37848000e+05 -1.91127000e-01 
 1.76000000e+00  5.97000000e+03  1.76000000e+00 -1.12213083e-03  3.60093699e-01  6.26916531e-02  1.00279000e+02  1.13110000e+01  1.37848000e+05 -1.91127000e-01 
 1.77000000e+00  5.97000000e+03  1.77000000e+00 -1.13300498e-03  3.60093699e-01  6.26916531e-02  1.00279000e+02  1.13110000e+01  1.37848000e+05 -1.91127000e-01 
 1.78000000e+00  5.97000000e+03  1.78000000e+00 -1.14386957e-03  3.60093699e-01  6.26916531e-02  1.00279000e+02  1.13110000e+01  1.37848000e+05 -1.91127000e-01 
 1.79000000e+00  5.97000000e+03  1.79000000e+00 -1.15472454e-03  3.60093699e-01  6.26916531e-02  1.00279000e+02  1.13110000e+01  1.37848000e+05 -1.91127000e-01 
 1.80000000e+00  5.97000000e+03  1.80000000e+00 -1.16556985e-03  3.60093699e-01  6.26916531e-02  1.00279000e+02  1.13110000e+01  1.37848000e+05 -1.91127000e-01 
