 v-sweep         run_num         v(gate)         i(vds)          out_vth0        out_u0          out_rdsw        out_nfactor     out_vsat        out_eta0       
 0.00000000e+00  6.11100000e+03  0.00000000e+00 -1.85137637e-12  3.26096876e-01  5.36258336e-02  1.00279000e+02  1.13110000e+01  1.37848000e+05 -1.91127000e-01 
 1.00000000e-02  6.11100000e+03  1.00000000e-02 -1.85137693e-12  3.26096876e-01  5.36258336e-02  1.00279000e+02  1.13110000e+01  1.37848000e+05 -1.91127000e-01 
 2.00000000e-02  6.11100000e+03  2.00000000e-02 -1.85137827e-12  3.26096876e-01  5.36258336e-02  1.00279000e+02  1.13110000e+01  1.37848000e+05 -1.91127000e-01 
 3.00000000e-02  6.11100000e+03  3.00000000e-02 -1.85138017e-12  3.26096876e-01  5.36258336e-02  1.00279000e+02  1.13110000e+01  1.37848000e+05 -1.91127000e-01 
 4.00000000e-02  6.11100000e+03  4.00000000e-02 -1.85138325e-12  3.26096876e-01  5.36258336e-02  1.00279000e+02  1.13110000e+01  1.37848000e+05 -1.91127000e-01 
 5.00000000e-02  6.11100000e+03  5.00000000e-02 -1.85138825e-12  3.26096876e-01  5.36258336e-02  1.00279000e+02  1.13110000e+01  1.37848000e+05 -1.91127000e-01 
 6.00000000e-02  6.11100000e+03  6.00000000e-02 -1.85139634e-12  3.26096876e-01  5.36258336e-02  1.00279000e+02  1.13110000e+01  1.37848000e+05 -1.91127000e-01 
 7.00000000e-02  6.11100000e+03  7.00000000e-02 -1.85140945e-12  3.26096876e-01  5.36258336e-02  1.00279000e+02  1.13110000e+01  1.37848000e+05 -1.91127000e-01 
 8.00000000e-02  6.11100000e+03  8.00000000e-02 -1.85143069e-12  3.26096876e-01  5.36258336e-02  1.00279000e+02  1.13110000e+01  1.37848000e+05 -1.91127000e-01 
 9.00000000e-02  6.11100000e+03  9.00000000e-02 -1.85146509e-12  3.26096876e-01  5.36258336e-02  1.00279000e+02  1.13110000e+01  1.37848000e+05 -1.91127000e-01 
 1.00000000e-01  6.11100000e+03  1.00000000e-01 -1.85152083e-12  3.26096876e-01  5.36258336e-02  1.00279000e+02  1.13110000e+01  1.37848000e+05 -1.91127000e-01 
 1.10000000e-01  6.11100000e+03  1.10000000e-01 -1.85161112e-12  3.26096876e-01  5.36258336e-02  1.00279000e+02  1.13110000e+01  1.37848000e+05 -1.91127000e-01 
 1.20000000e-01  6.11100000e+03  1.20000000e-01 -1.85175741e-12  3.26096876e-01  5.36258336e-02  1.00279000e+02  1.13110000e+01  1.37848000e+05 -1.91127000e-01 
 1.30000000e-01  6.11100000e+03  1.30000000e-01 -1.85199439e-12  3.26096876e-01  5.36258336e-02  1.00279000e+02  1.13110000e+01  1.37848000e+05 -1.91127000e-01 
 1.40000000e-01  6.11100000e+03  1.40000000e-01 -1.85237833e-12  3.26096876e-01  5.36258336e-02  1.00279000e+02  1.13110000e+01  1.37848000e+05 -1.91127000e-01 
 1.50000000e-01  6.11100000e+03  1.50000000e-01 -1.85300031e-12  3.26096876e-01  5.36258336e-02  1.00279000e+02  1.13110000e+01  1.37848000e+05 -1.91127000e-01 
 1.60000000e-01  6.11100000e+03  1.60000000e-01 -1.85400796e-12  3.26096876e-01  5.36258336e-02  1.00279000e+02  1.13110000e+01  1.37848000e+05 -1.91127000e-01 
 1.70000000e-01  6.11100000e+03  1.70000000e-01 -1.85564038e-12  3.26096876e-01  5.36258336e-02  1.00279000e+02  1.13110000e+01  1.37848000e+05 -1.91127000e-01 
 1.80000000e-01  6.11100000e+03  1.80000000e-01 -1.85828494e-12  3.26096876e-01  5.36258336e-02  1.00279000e+02  1.13110000e+01  1.37848000e+05 -1.91127000e-01 
 1.90000000e-01  6.11100000e+03  1.90000000e-01 -1.86256919e-12  3.26096876e-01  5.36258336e-02  1.00279000e+02  1.13110000e+01  1.37848000e+05 -1.91127000e-01 
 2.00000000e-01  6.11100000e+03  2.00000000e-01 -1.86950970e-12  3.26096876e-01  5.36258336e-02  1.00279000e+02  1.13110000e+01  1.37848000e+05 -1.91127000e-01 
 2.10000000e-01  6.11100000e+03  2.10000000e-01 -1.88075330e-12  3.26096876e-01  5.36258336e-02  1.00279000e+02  1.13110000e+01  1.37848000e+05 -1.91127000e-01 
 2.20000000e-01  6.11100000e+03  2.20000000e-01 -1.89896765e-12  3.26096876e-01  5.36258336e-02  1.00279000e+02  1.13110000e+01  1.37848000e+05 -1.91127000e-01 
 2.30000000e-01  6.11100000e+03  2.30000000e-01 -1.92847405e-12  3.26096876e-01  5.36258336e-02  1.00279000e+02  1.13110000e+01  1.37848000e+05 -1.91127000e-01 
 2.40000000e-01  6.11100000e+03  2.40000000e-01 -1.97627217e-12  3.26096876e-01  5.36258336e-02  1.00279000e+02  1.13110000e+01  1.37848000e+05 -1.91127000e-01 
 2.50000000e-01  6.11100000e+03  2.50000000e-01 -2.05369969e-12  3.26096876e-01  5.36258336e-02  1.00279000e+02  1.13110000e+01  1.37848000e+05 -1.91127000e-01 
 2.60000000e-01  6.11100000e+03  2.60000000e-01 -2.17911981e-12  3.26096876e-01  5.36258336e-02  1.00279000e+02  1.13110000e+01  1.37848000e+05 -1.91127000e-01 
 2.70000000e-01  6.11100000e+03  2.70000000e-01 -2.38227266e-12  3.26096876e-01  5.36258336e-02  1.00279000e+02  1.13110000e+01  1.37848000e+05 -1.91127000e-01 
 2.80000000e-01  6.11100000e+03  2.80000000e-01 -2.71131973e-12  3.26096876e-01  5.36258336e-02  1.00279000e+02  1.13110000e+01  1.37848000e+05 -1.91127000e-01 
 2.90000000e-01  6.11100000e+03  2.90000000e-01 -3.24424580e-12  3.26096876e-01  5.36258336e-02  1.00279000e+02  1.13110000e+01  1.37848000e+05 -1.91127000e-01 
 3.00000000e-01  6.11100000e+03  3.00000000e-01 -4.10730903e-12  3.26096876e-01  5.36258336e-02  1.00279000e+02  1.13110000e+01  1.37848000e+05 -1.91127000e-01 
 3.10000000e-01  6.11100000e+03  3.10000000e-01 -5.50488665e-12  3.26096876e-01  5.36258336e-02  1.00279000e+02  1.13110000e+01  1.37848000e+05 -1.91127000e-01 
 3.20000000e-01  6.11100000e+03  3.20000000e-01 -7.76773504e-12  3.26096876e-01  5.36258336e-02  1.00279000e+02  1.13110000e+01  1.37848000e+05 -1.91127000e-01 
 3.30000000e-01  6.11100000e+03  3.30000000e-01 -1.14309855e-11  3.26096876e-01  5.36258336e-02  1.00279000e+02  1.13110000e+01  1.37848000e+05 -1.91127000e-01 
 3.40000000e-01  6.11100000e+03  3.40000000e-01 -1.73601148e-11  3.26096876e-01  5.36258336e-02  1.00279000e+02  1.13110000e+01  1.37848000e+05 -1.91127000e-01 
 3.50000000e-01  6.11100000e+03  3.50000000e-01 -2.69542313e-11  3.26096876e-01  5.36258336e-02  1.00279000e+02  1.13110000e+01  1.37848000e+05 -1.91127000e-01 
 3.60000000e-01  6.11100000e+03  3.60000000e-01 -4.24737839e-11  3.26096876e-01  5.36258336e-02  1.00279000e+02  1.13110000e+01  1.37848000e+05 -1.91127000e-01 
 3.70000000e-01  6.11100000e+03  3.70000000e-01 -6.75681437e-11  3.26096876e-01  5.36258336e-02  1.00279000e+02  1.13110000e+01  1.37848000e+05 -1.91127000e-01 
 3.80000000e-01  6.11100000e+03  3.80000000e-01 -1.08123534e-10  3.26096876e-01  5.36258336e-02  1.00279000e+02  1.13110000e+01  1.37848000e+05 -1.91127000e-01 
 3.90000000e-01  6.11100000e+03  3.90000000e-01 -1.73622920e-10  3.26096876e-01  5.36258336e-02  1.00279000e+02  1.13110000e+01  1.37848000e+05 -1.91127000e-01 
 4.00000000e-01  6.11100000e+03  4.00000000e-01 -2.79321138e-10  3.26096876e-01  5.36258336e-02  1.00279000e+02  1.13110000e+01  1.37848000e+05 -1.91127000e-01 
 4.10000000e-01  6.11100000e+03  4.10000000e-01 -4.49712271e-10  3.26096876e-01  5.36258336e-02  1.00279000e+02  1.13110000e+01  1.37848000e+05 -1.91127000e-01 
 4.20000000e-01  6.11100000e+03  4.20000000e-01 -7.24033771e-10  3.26096876e-01  5.36258336e-02  1.00279000e+02  1.13110000e+01  1.37848000e+05 -1.91127000e-01 
 4.30000000e-01  6.11100000e+03  4.30000000e-01 -1.16495799e-09  3.26096876e-01  5.36258336e-02  1.00279000e+02  1.13110000e+01  1.37848000e+05 -1.91127000e-01 
 4.40000000e-01  6.11100000e+03  4.40000000e-01 -1.87222824e-09  3.26096876e-01  5.36258336e-02  1.00279000e+02  1.13110000e+01  1.37848000e+05 -1.91127000e-01 
 4.50000000e-01  6.11100000e+03  4.50000000e-01 -3.00388301e-09  3.26096876e-01  5.36258336e-02  1.00279000e+02  1.13110000e+01  1.37848000e+05 -1.91127000e-01 
 4.60000000e-01  6.11100000e+03  4.60000000e-01 -4.80897551e-09  3.26096876e-01  5.36258336e-02  1.00279000e+02  1.13110000e+01  1.37848000e+05 -1.91127000e-01 
 4.70000000e-01  6.11100000e+03  4.70000000e-01 -7.67744303e-09  3.26096876e-01  5.36258336e-02  1.00279000e+02  1.13110000e+01  1.37848000e+05 -1.91127000e-01 
 4.80000000e-01  6.11100000e+03  4.80000000e-01 -1.22151193e-08  3.26096876e-01  5.36258336e-02  1.00279000e+02  1.13110000e+01  1.37848000e+05 -1.91127000e-01 
 4.90000000e-01  6.11100000e+03  4.90000000e-01 -1.93549212e-08  3.26096876e-01  5.36258336e-02  1.00279000e+02  1.13110000e+01  1.37848000e+05 -1.91127000e-01 
 5.00000000e-01  6.11100000e+03  5.00000000e-01 -3.05191182e-08  3.26096876e-01  5.36258336e-02  1.00279000e+02  1.13110000e+01  1.37848000e+05 -1.91127000e-01 
 5.10000000e-01  6.11100000e+03  5.10000000e-01 -4.78526190e-08  3.26096876e-01  5.36258336e-02  1.00279000e+02  1.13110000e+01  1.37848000e+05 -1.91127000e-01 
 5.20000000e-01  6.11100000e+03  5.20000000e-01 -7.45540324e-08  3.26096876e-01  5.36258336e-02  1.00279000e+02  1.13110000e+01  1.37848000e+05 -1.91127000e-01 
 5.30000000e-01  6.11100000e+03  5.30000000e-01 -1.15340974e-07  3.26096876e-01  5.36258336e-02  1.00279000e+02  1.13110000e+01  1.37848000e+05 -1.91127000e-01 
 5.40000000e-01  6.11100000e+03  5.40000000e-01 -1.77099217e-07  3.26096876e-01  5.36258336e-02  1.00279000e+02  1.13110000e+01  1.37848000e+05 -1.91127000e-01 
 5.50000000e-01  6.11100000e+03  5.50000000e-01 -2.69778343e-07  3.26096876e-01  5.36258336e-02  1.00279000e+02  1.13110000e+01  1.37848000e+05 -1.91127000e-01 
 5.60000000e-01  6.11100000e+03  5.60000000e-01 -4.07594896e-07  3.26096876e-01  5.36258336e-02  1.00279000e+02  1.13110000e+01  1.37848000e+05 -1.91127000e-01 
 5.70000000e-01  6.11100000e+03  5.70000000e-01 -6.10554622e-07  3.26096876e-01  5.36258336e-02  1.00279000e+02  1.13110000e+01  1.37848000e+05 -1.91127000e-01 
 5.80000000e-01  6.11100000e+03  5.80000000e-01 -9.06163425e-07  3.26096876e-01  5.36258336e-02  1.00279000e+02  1.13110000e+01  1.37848000e+05 -1.91127000e-01 
 5.90000000e-01  6.11100000e+03  5.90000000e-01 -1.33094388e-06  3.26096876e-01  5.36258336e-02  1.00279000e+02  1.13110000e+01  1.37848000e+05 -1.91127000e-01 
 6.00000000e-01  6.11100000e+03  6.00000000e-01 -1.93108614e-06  3.26096876e-01  5.36258336e-02  1.00279000e+02  1.13110000e+01  1.37848000e+05 -1.91127000e-01 
 6.10000000e-01  6.11100000e+03  6.10000000e-01 -2.76143926e-06  3.26096876e-01  5.36258336e-02  1.00279000e+02  1.13110000e+01  1.37848000e+05 -1.91127000e-01 
 6.20000000e-01  6.11100000e+03  6.20000000e-01 -3.88231949e-06  3.26096876e-01  5.36258336e-02  1.00279000e+02  1.13110000e+01  1.37848000e+05 -1.91127000e-01 
 6.30000000e-01  6.11100000e+03  6.30000000e-01 -5.35431659e-06  3.26096876e-01  5.36258336e-02  1.00279000e+02  1.13110000e+01  1.37848000e+05 -1.91127000e-01 
 6.40000000e-01  6.11100000e+03  6.40000000e-01 -7.23212315e-06  3.26096876e-01  5.36258336e-02  1.00279000e+02  1.13110000e+01  1.37848000e+05 -1.91127000e-01 
 6.50000000e-01  6.11100000e+03  6.50000000e-01 -9.55891421e-06  3.26096876e-01  5.36258336e-02  1.00279000e+02  1.13110000e+01  1.37848000e+05 -1.91127000e-01 
 6.60000000e-01  6.11100000e+03  6.60000000e-01 -1.23626527e-05  3.26096876e-01  5.36258336e-02  1.00279000e+02  1.13110000e+01  1.37848000e+05 -1.91127000e-01 
 6.70000000e-01  6.11100000e+03  6.70000000e-01 -1.56549918e-05  3.26096876e-01  5.36258336e-02  1.00279000e+02  1.13110000e+01  1.37848000e+05 -1.91127000e-01 
 6.80000000e-01  6.11100000e+03  6.80000000e-01 -1.94325961e-05  3.26096876e-01  5.36258336e-02  1.00279000e+02  1.13110000e+01  1.37848000e+05 -1.91127000e-01 
 6.90000000e-01  6.11100000e+03  6.90000000e-01 -2.36801066e-05  3.26096876e-01  5.36258336e-02  1.00279000e+02  1.13110000e+01  1.37848000e+05 -1.91127000e-01 
 7.00000000e-01  6.11100000e+03  7.00000000e-01 -2.83737949e-05  3.26096876e-01  5.36258336e-02  1.00279000e+02  1.13110000e+01  1.37848000e+05 -1.91127000e-01 
 7.10000000e-01  6.11100000e+03  7.10000000e-01 -3.34851051e-05  3.26096876e-01  5.36258336e-02  1.00279000e+02  1.13110000e+01  1.37848000e+05 -1.91127000e-01 
 7.20000000e-01  6.11100000e+03  7.20000000e-01 -3.89835914e-05  3.26096876e-01  5.36258336e-02  1.00279000e+02  1.13110000e+01  1.37848000e+05 -1.91127000e-01 
 7.30000000e-01  6.11100000e+03  7.30000000e-01 -4.48390610e-05  3.26096876e-01  5.36258336e-02  1.00279000e+02  1.13110000e+01  1.37848000e+05 -1.91127000e-01 
 7.40000000e-01  6.11100000e+03  7.40000000e-01 -5.10229463e-05  3.26096876e-01  5.36258336e-02  1.00279000e+02  1.13110000e+01  1.37848000e+05 -1.91127000e-01 
 7.50000000e-01  6.11100000e+03  7.50000000e-01 -5.75090434e-05  3.26096876e-01  5.36258336e-02  1.00279000e+02  1.13110000e+01  1.37848000e+05 -1.91127000e-01 
 7.60000000e-01  6.11100000e+03  7.60000000e-01 -6.42737889e-05  3.26096876e-01  5.36258336e-02  1.00279000e+02  1.13110000e+01  1.37848000e+05 -1.91127000e-01 
 7.70000000e-01  6.11100000e+03  7.70000000e-01 -7.12962354e-05  3.26096876e-01  5.36258336e-02  1.00279000e+02  1.13110000e+01  1.37848000e+05 -1.91127000e-01 
 7.80000000e-01  6.11100000e+03  7.80000000e-01 -7.85578533e-05  3.26096876e-01  5.36258336e-02  1.00279000e+02  1.13110000e+01  1.37848000e+05 -1.91127000e-01 
 7.90000000e-01  6.11100000e+03  7.90000000e-01 -8.60422509e-05  3.26096876e-01  5.36258336e-02  1.00279000e+02  1.13110000e+01  1.37848000e+05 -1.91127000e-01 
 8.00000000e-01  6.11100000e+03  8.00000000e-01 -9.37348722e-05  3.26096876e-01  5.36258336e-02  1.00279000e+02  1.13110000e+01  1.37848000e+05 -1.91127000e-01 
 8.10000000e-01  6.11100000e+03  8.10000000e-01 -1.01622707e-04  3.26096876e-01  5.36258336e-02  1.00279000e+02  1.13110000e+01  1.37848000e+05 -1.91127000e-01 
 8.20000000e-01  6.11100000e+03  8.20000000e-01 -1.09694036e-04  3.26096876e-01  5.36258336e-02  1.00279000e+02  1.13110000e+01  1.37848000e+05 -1.91127000e-01 
 8.30000000e-01  6.11100000e+03  8.30000000e-01 -1.17938204e-04  3.26096876e-01  5.36258336e-02  1.00279000e+02  1.13110000e+01  1.37848000e+05 -1.91127000e-01 
 8.40000000e-01  6.11100000e+03  8.40000000e-01 -1.26345449e-04  3.26096876e-01  5.36258336e-02  1.00279000e+02  1.13110000e+01  1.37848000e+05 -1.91127000e-01 
 8.50000000e-01  6.11100000e+03  8.50000000e-01 -1.34906747e-04  3.26096876e-01  5.36258336e-02  1.00279000e+02  1.13110000e+01  1.37848000e+05 -1.91127000e-01 
 8.60000000e-01  6.11100000e+03  8.60000000e-01 -1.43613704e-04  3.26096876e-01  5.36258336e-02  1.00279000e+02  1.13110000e+01  1.37848000e+05 -1.91127000e-01 
 8.70000000e-01  6.11100000e+03  8.70000000e-01 -1.52458460e-04  3.26096876e-01  5.36258336e-02  1.00279000e+02  1.13110000e+01  1.37848000e+05 -1.91127000e-01 
 8.80000000e-01  6.11100000e+03  8.80000000e-01 -1.61433623e-04  3.26096876e-01  5.36258336e-02  1.00279000e+02  1.13110000e+01  1.37848000e+05 -1.91127000e-01 
 8.90000000e-01  6.11100000e+03  8.90000000e-01 -1.70532215e-04  3.26096876e-01  5.36258336e-02  1.00279000e+02  1.13110000e+01  1.37848000e+05 -1.91127000e-01 
 9.00000000e-01  6.11100000e+03  9.00000000e-01 -1.79747628e-04  3.26096876e-01  5.36258336e-02  1.00279000e+02  1.13110000e+01  1.37848000e+05 -1.91127000e-01 
 9.10000000e-01  6.11100000e+03  9.10000000e-01 -1.89073596e-04  3.26096876e-01  5.36258336e-02  1.00279000e+02  1.13110000e+01  1.37848000e+05 -1.91127000e-01 
 9.20000000e-01  6.11100000e+03  9.20000000e-01 -1.98504162e-04  3.26096876e-01  5.36258336e-02  1.00279000e+02  1.13110000e+01  1.37848000e+05 -1.91127000e-01 
 9.30000000e-01  6.11100000e+03  9.30000000e-01 -2.08033666e-04  3.26096876e-01  5.36258336e-02  1.00279000e+02  1.13110000e+01  1.37848000e+05 -1.91127000e-01 
 9.40000000e-01  6.11100000e+03  9.40000000e-01 -2.17656721e-04  3.26096876e-01  5.36258336e-02  1.00279000e+02  1.13110000e+01  1.37848000e+05 -1.91127000e-01 
 9.50000000e-01  6.11100000e+03  9.50000000e-01 -2.27368201e-04  3.26096876e-01  5.36258336e-02  1.00279000e+02  1.13110000e+01  1.37848000e+05 -1.91127000e-01 
 9.60000000e-01  6.11100000e+03  9.60000000e-01 -2.37163229e-04  3.26096876e-01  5.36258336e-02  1.00279000e+02  1.13110000e+01  1.37848000e+05 -1.91127000e-01 
 9.70000000e-01  6.11100000e+03  9.70000000e-01 -2.47037162e-04  3.26096876e-01  5.36258336e-02  1.00279000e+02  1.13110000e+01  1.37848000e+05 -1.91127000e-01 
 9.80000000e-01  6.11100000e+03  9.80000000e-01 -2.56985583e-04  3.26096876e-01  5.36258336e-02  1.00279000e+02  1.13110000e+01  1.37848000e+05 -1.91127000e-01 
 9.90000000e-01  6.11100000e+03  9.90000000e-01 -2.67004293e-04  3.26096876e-01  5.36258336e-02  1.00279000e+02  1.13110000e+01  1.37848000e+05 -1.91127000e-01 
 1.00000000e+00  6.11100000e+03  1.00000000e+00 -2.77089298e-04  3.26096876e-01  5.36258336e-02  1.00279000e+02  1.13110000e+01  1.37848000e+05 -1.91127000e-01 
 1.01000000e+00  6.11100000e+03  1.01000000e+00 -2.87236801e-04  3.26096876e-01  5.36258336e-02  1.00279000e+02  1.13110000e+01  1.37848000e+05 -1.91127000e-01 
 1.02000000e+00  6.11100000e+03  1.02000000e+00 -2.97443193e-04  3.26096876e-01  5.36258336e-02  1.00279000e+02  1.13110000e+01  1.37848000e+05 -1.91127000e-01 
 1.03000000e+00  6.11100000e+03  1.03000000e+00 -3.07705044e-04  3.26096876e-01  5.36258336e-02  1.00279000e+02  1.13110000e+01  1.37848000e+05 -1.91127000e-01 
 1.04000000e+00  6.11100000e+03  1.04000000e+00 -3.18019093e-04  3.26096876e-01  5.36258336e-02  1.00279000e+02  1.13110000e+01  1.37848000e+05 -1.91127000e-01 
 1.05000000e+00  6.11100000e+03  1.05000000e+00 -3.28382244e-04  3.26096876e-01  5.36258336e-02  1.00279000e+02  1.13110000e+01  1.37848000e+05 -1.91127000e-01 
 1.06000000e+00  6.11100000e+03  1.06000000e+00 -3.38791552e-04  3.26096876e-01  5.36258336e-02  1.00279000e+02  1.13110000e+01  1.37848000e+05 -1.91127000e-01 
 1.07000000e+00  6.11100000e+03  1.07000000e+00 -3.49244222e-04  3.26096876e-01  5.36258336e-02  1.00279000e+02  1.13110000e+01  1.37848000e+05 -1.91127000e-01 
 1.08000000e+00  6.11100000e+03  1.08000000e+00 -3.59737594e-04  3.26096876e-01  5.36258336e-02  1.00279000e+02  1.13110000e+01  1.37848000e+05 -1.91127000e-01 
 1.09000000e+00  6.11100000e+03  1.09000000e+00 -3.70269145e-04  3.26096876e-01  5.36258336e-02  1.00279000e+02  1.13110000e+01  1.37848000e+05 -1.91127000e-01 
 1.10000000e+00  6.11100000e+03  1.10000000e+00 -3.80836474e-04  3.26096876e-01  5.36258336e-02  1.00279000e+02  1.13110000e+01  1.37848000e+05 -1.91127000e-01 
 1.11000000e+00  6.11100000e+03  1.11000000e+00 -3.91437299e-04  3.26096876e-01  5.36258336e-02  1.00279000e+02  1.13110000e+01  1.37848000e+05 -1.91127000e-01 
 1.12000000e+00  6.11100000e+03  1.12000000e+00 -4.02069451e-04  3.26096876e-01  5.36258336e-02  1.00279000e+02  1.13110000e+01  1.37848000e+05 -1.91127000e-01 
 1.13000000e+00  6.11100000e+03  1.13000000e+00 -4.12730869e-04  3.26096876e-01  5.36258336e-02  1.00279000e+02  1.13110000e+01  1.37848000e+05 -1.91127000e-01 
 1.14000000e+00  6.11100000e+03  1.14000000e+00 -4.23419590e-04  3.26096876e-01  5.36258336e-02  1.00279000e+02  1.13110000e+01  1.37848000e+05 -1.91127000e-01 
 1.15000000e+00  6.11100000e+03  1.15000000e+00 -4.34133749e-04  3.26096876e-01  5.36258336e-02  1.00279000e+02  1.13110000e+01  1.37848000e+05 -1.91127000e-01 
 1.16000000e+00  6.11100000e+03  1.16000000e+00 -4.44871570e-04  3.26096876e-01  5.36258336e-02  1.00279000e+02  1.13110000e+01  1.37848000e+05 -1.91127000e-01 
 1.17000000e+00  6.11100000e+03  1.17000000e+00 -4.55631365e-04  3.26096876e-01  5.36258336e-02  1.00279000e+02  1.13110000e+01  1.37848000e+05 -1.91127000e-01 
 1.18000000e+00  6.11100000e+03  1.18000000e+00 -4.66411524e-04  3.26096876e-01  5.36258336e-02  1.00279000e+02  1.13110000e+01  1.37848000e+05 -1.91127000e-01 
 1.19000000e+00  6.11100000e+03  1.19000000e+00 -4.77210517e-04  3.26096876e-01  5.36258336e-02  1.00279000e+02  1.13110000e+01  1.37848000e+05 -1.91127000e-01 
 1.20000000e+00  6.11100000e+03  1.20000000e+00 -4.88026883e-04  3.26096876e-01  5.36258336e-02  1.00279000e+02  1.13110000e+01  1.37848000e+05 -1.91127000e-01 
 1.21000000e+00  6.11100000e+03  1.21000000e+00 -4.98859234e-04  3.26096876e-01  5.36258336e-02  1.00279000e+02  1.13110000e+01  1.37848000e+05 -1.91127000e-01 
 1.22000000e+00  6.11100000e+03  1.22000000e+00 -5.09706245e-04  3.26096876e-01  5.36258336e-02  1.00279000e+02  1.13110000e+01  1.37848000e+05 -1.91127000e-01 
 1.23000000e+00  6.11100000e+03  1.23000000e+00 -5.20566653e-04  3.26096876e-01  5.36258336e-02  1.00279000e+02  1.13110000e+01  1.37848000e+05 -1.91127000e-01 
 1.24000000e+00  6.11100000e+03  1.24000000e+00 -5.31439254e-04  3.26096876e-01  5.36258336e-02  1.00279000e+02  1.13110000e+01  1.37848000e+05 -1.91127000e-01 
 1.25000000e+00  6.11100000e+03  1.25000000e+00 -5.42322900e-04  3.26096876e-01  5.36258336e-02  1.00279000e+02  1.13110000e+01  1.37848000e+05 -1.91127000e-01 
 1.26000000e+00  6.11100000e+03  1.26000000e+00 -5.53216494e-04  3.26096876e-01  5.36258336e-02  1.00279000e+02  1.13110000e+01  1.37848000e+05 -1.91127000e-01 
 1.27000000e+00  6.11100000e+03  1.27000000e+00 -5.64118992e-04  3.26096876e-01  5.36258336e-02  1.00279000e+02  1.13110000e+01  1.37848000e+05 -1.91127000e-01 
 1.28000000e+00  6.11100000e+03  1.28000000e+00 -5.75029395e-04  3.26096876e-01  5.36258336e-02  1.00279000e+02  1.13110000e+01  1.37848000e+05 -1.91127000e-01 
 1.29000000e+00  6.11100000e+03  1.29000000e+00 -5.85946750e-04  3.26096876e-01  5.36258336e-02  1.00279000e+02  1.13110000e+01  1.37848000e+05 -1.91127000e-01 
 1.30000000e+00  6.11100000e+03  1.30000000e+00 -5.96870147e-04  3.26096876e-01  5.36258336e-02  1.00279000e+02  1.13110000e+01  1.37848000e+05 -1.91127000e-01 
 1.31000000e+00  6.11100000e+03  1.31000000e+00 -6.07798715e-04  3.26096876e-01  5.36258336e-02  1.00279000e+02  1.13110000e+01  1.37848000e+05 -1.91127000e-01 
 1.32000000e+00  6.11100000e+03  1.32000000e+00 -6.18731625e-04  3.26096876e-01  5.36258336e-02  1.00279000e+02  1.13110000e+01  1.37848000e+05 -1.91127000e-01 
 1.33000000e+00  6.11100000e+03  1.33000000e+00 -6.29668081e-04  3.26096876e-01  5.36258336e-02  1.00279000e+02  1.13110000e+01  1.37848000e+05 -1.91127000e-01 
 1.34000000e+00  6.11100000e+03  1.34000000e+00 -6.40607323e-04  3.26096876e-01  5.36258336e-02  1.00279000e+02  1.13110000e+01  1.37848000e+05 -1.91127000e-01 
 1.35000000e+00  6.11100000e+03  1.35000000e+00 -6.51548627e-04  3.26096876e-01  5.36258336e-02  1.00279000e+02  1.13110000e+01  1.37848000e+05 -1.91127000e-01 
 1.36000000e+00  6.11100000e+03  1.36000000e+00 -6.62491296e-04  3.26096876e-01  5.36258336e-02  1.00279000e+02  1.13110000e+01  1.37848000e+05 -1.91127000e-01 
 1.37000000e+00  6.11100000e+03  1.37000000e+00 -6.73434667e-04  3.26096876e-01  5.36258336e-02  1.00279000e+02  1.13110000e+01  1.37848000e+05 -1.91127000e-01 
 1.38000000e+00  6.11100000e+03  1.38000000e+00 -6.84378103e-04  3.26096876e-01  5.36258336e-02  1.00279000e+02  1.13110000e+01  1.37848000e+05 -1.91127000e-01 
 1.39000000e+00  6.11100000e+03  1.39000000e+00 -6.95320996e-04  3.26096876e-01  5.36258336e-02  1.00279000e+02  1.13110000e+01  1.37848000e+05 -1.91127000e-01 
 1.40000000e+00  6.11100000e+03  1.40000000e+00 -7.06262762e-04  3.26096876e-01  5.36258336e-02  1.00279000e+02  1.13110000e+01  1.37848000e+05 -1.91127000e-01 
 1.41000000e+00  6.11100000e+03  1.41000000e+00 -7.17202843e-04  3.26096876e-01  5.36258336e-02  1.00279000e+02  1.13110000e+01  1.37848000e+05 -1.91127000e-01 
 1.42000000e+00  6.11100000e+03  1.42000000e+00 -7.28140705e-04  3.26096876e-01  5.36258336e-02  1.00279000e+02  1.13110000e+01  1.37848000e+05 -1.91127000e-01 
 1.43000000e+00  6.11100000e+03  1.43000000e+00 -7.39075837e-04  3.26096876e-01  5.36258336e-02  1.00279000e+02  1.13110000e+01  1.37848000e+05 -1.91127000e-01 
 1.44000000e+00  6.11100000e+03  1.44000000e+00 -7.50007746e-04  3.26096876e-01  5.36258336e-02  1.00279000e+02  1.13110000e+01  1.37848000e+05 -1.91127000e-01 
 1.45000000e+00  6.11100000e+03  1.45000000e+00 -7.60935963e-04  3.26096876e-01  5.36258336e-02  1.00279000e+02  1.13110000e+01  1.37848000e+05 -1.91127000e-01 
 1.46000000e+00  6.11100000e+03  1.46000000e+00 -7.71860038e-04  3.26096876e-01  5.36258336e-02  1.00279000e+02  1.13110000e+01  1.37848000e+05 -1.91127000e-01 
 1.47000000e+00  6.11100000e+03  1.47000000e+00 -7.82779538e-04  3.26096876e-01  5.36258336e-02  1.00279000e+02  1.13110000e+01  1.37848000e+05 -1.91127000e-01 
 1.48000000e+00  6.11100000e+03  1.48000000e+00 -7.93694048e-04  3.26096876e-01  5.36258336e-02  1.00279000e+02  1.13110000e+01  1.37848000e+05 -1.91127000e-01 
 1.49000000e+00  6.11100000e+03  1.49000000e+00 -8.04603173e-04  3.26096876e-01  5.36258336e-02  1.00279000e+02  1.13110000e+01  1.37848000e+05 -1.91127000e-01 
 1.50000000e+00  6.11100000e+03  1.50000000e+00 -8.15506530e-04  3.26096876e-01  5.36258336e-02  1.00279000e+02  1.13110000e+01  1.37848000e+05 -1.91127000e-01 
 1.51000000e+00  6.11100000e+03  1.51000000e+00 -8.26403754e-04  3.26096876e-01  5.36258336e-02  1.00279000e+02  1.13110000e+01  1.37848000e+05 -1.91127000e-01 
 1.52000000e+00  6.11100000e+03  1.52000000e+00 -8.37294494e-04  3.26096876e-01  5.36258336e-02  1.00279000e+02  1.13110000e+01  1.37848000e+05 -1.91127000e-01 
 1.53000000e+00  6.11100000e+03  1.53000000e+00 -8.48178413e-04  3.26096876e-01  5.36258336e-02  1.00279000e+02  1.13110000e+01  1.37848000e+05 -1.91127000e-01 
 1.54000000e+00  6.11100000e+03  1.54000000e+00 -8.59055189e-04  3.26096876e-01  5.36258336e-02  1.00279000e+02  1.13110000e+01  1.37848000e+05 -1.91127000e-01 
 1.55000000e+00  6.11100000e+03  1.55000000e+00 -8.69924512e-04  3.26096876e-01  5.36258336e-02  1.00279000e+02  1.13110000e+01  1.37848000e+05 -1.91127000e-01 
 1.56000000e+00  6.11100000e+03  1.56000000e+00 -8.80786082e-04  3.26096876e-01  5.36258336e-02  1.00279000e+02  1.13110000e+01  1.37848000e+05 -1.91127000e-01 
 1.57000000e+00  6.11100000e+03  1.57000000e+00 -8.91639615e-04  3.26096876e-01  5.36258336e-02  1.00279000e+02  1.13110000e+01  1.37848000e+05 -1.91127000e-01 
 1.58000000e+00  6.11100000e+03  1.58000000e+00 -9.02484836e-04  3.26096876e-01  5.36258336e-02  1.00279000e+02  1.13110000e+01  1.37848000e+05 -1.91127000e-01 
 1.59000000e+00  6.11100000e+03  1.59000000e+00 -9.13321480e-04  3.26096876e-01  5.36258336e-02  1.00279000e+02  1.13110000e+01  1.37848000e+05 -1.91127000e-01 
 1.60000000e+00  6.11100000e+03  1.60000000e+00 -9.24149295e-04  3.26096876e-01  5.36258336e-02  1.00279000e+02  1.13110000e+01  1.37848000e+05 -1.91127000e-01 
 1.61000000e+00  6.11100000e+03  1.61000000e+00 -9.34968036e-04  3.26096876e-01  5.36258336e-02  1.00279000e+02  1.13110000e+01  1.37848000e+05 -1.91127000e-01 
 1.62000000e+00  6.11100000e+03  1.62000000e+00 -9.45777470e-04  3.26096876e-01  5.36258336e-02  1.00279000e+02  1.13110000e+01  1.37848000e+05 -1.91127000e-01 
 1.63000000e+00  6.11100000e+03  1.63000000e+00 -9.56577371e-04  3.26096876e-01  5.36258336e-02  1.00279000e+02  1.13110000e+01  1.37848000e+05 -1.91127000e-01 
 1.64000000e+00  6.11100000e+03  1.64000000e+00 -9.67367523e-04  3.26096876e-01  5.36258336e-02  1.00279000e+02  1.13110000e+01  1.37848000e+05 -1.91127000e-01 
 1.65000000e+00  6.11100000e+03  1.65000000e+00 -9.78147718e-04  3.26096876e-01  5.36258336e-02  1.00279000e+02  1.13110000e+01  1.37848000e+05 -1.91127000e-01 
 1.66000000e+00  6.11100000e+03  1.66000000e+00 -9.88917756e-04  3.26096876e-01  5.36258336e-02  1.00279000e+02  1.13110000e+01  1.37848000e+05 -1.91127000e-01 
 1.67000000e+00  6.11100000e+03  1.67000000e+00 -9.99677444e-04  3.26096876e-01  5.36258336e-02  1.00279000e+02  1.13110000e+01  1.37848000e+05 -1.91127000e-01 
 1.68000000e+00  6.11100000e+03  1.68000000e+00 -1.01042660e-03  3.26096876e-01  5.36258336e-02  1.00279000e+02  1.13110000e+01  1.37848000e+05 -1.91127000e-01 
 1.69000000e+00  6.11100000e+03  1.69000000e+00 -1.02116504e-03  3.26096876e-01  5.36258336e-02  1.00279000e+02  1.13110000e+01  1.37848000e+05 -1.91127000e-01 
 1.70000000e+00  6.11100000e+03  1.70000000e+00 -1.03189259e-03  3.26096876e-01  5.36258336e-02  1.00279000e+02  1.13110000e+01  1.37848000e+05 -1.91127000e-01 
 1.71000000e+00  6.11100000e+03  1.71000000e+00 -1.04260910e-03  3.26096876e-01  5.36258336e-02  1.00279000e+02  1.13110000e+01  1.37848000e+05 -1.91127000e-01 
 1.72000000e+00  6.11100000e+03  1.72000000e+00 -1.05331440e-03  3.26096876e-01  5.36258336e-02  1.00279000e+02  1.13110000e+01  1.37848000e+05 -1.91127000e-01 
 1.73000000e+00  6.11100000e+03  1.73000000e+00 -1.06400833e-03  3.26096876e-01  5.36258336e-02  1.00279000e+02  1.13110000e+01  1.37848000e+05 -1.91127000e-01 
 1.74000000e+00  6.11100000e+03  1.74000000e+00 -1.07469076e-03  3.26096876e-01  5.36258336e-02  1.00279000e+02  1.13110000e+01  1.37848000e+05 -1.91127000e-01 
 1.75000000e+00  6.11100000e+03  1.75000000e+00 -1.08536153e-03  3.26096876e-01  5.36258336e-02  1.00279000e+02  1.13110000e+01  1.37848000e+05 -1.91127000e-01 
 1.76000000e+00  6.11100000e+03  1.76000000e+00 -1.09602052e-03  3.26096876e-01  5.36258336e-02  1.00279000e+02  1.13110000e+01  1.37848000e+05 -1.91127000e-01 
 1.77000000e+00  6.11100000e+03  1.77000000e+00 -1.10666759e-03  3.26096876e-01  5.36258336e-02  1.00279000e+02  1.13110000e+01  1.37848000e+05 -1.91127000e-01 
 1.78000000e+00  6.11100000e+03  1.78000000e+00 -1.11730261e-03  3.26096876e-01  5.36258336e-02  1.00279000e+02  1.13110000e+01  1.37848000e+05 -1.91127000e-01 
 1.79000000e+00  6.11100000e+03  1.79000000e+00 -1.12792546e-03  3.26096876e-01  5.36258336e-02  1.00279000e+02  1.13110000e+01  1.37848000e+05 -1.91127000e-01 
 1.80000000e+00  6.11100000e+03  1.80000000e+00 -1.13853602e-03  3.26096876e-01  5.36258336e-02  1.00279000e+02  1.13110000e+01  1.37848000e+05 -1.91127000e-01 
