 v-sweep         run_num         v(gate)         i(vds)          out_vth0        out_u0          out_rdsw        out_nfactor     out_vsat        out_eta0       
 0.00000000e+00  6.40800000e+03  0.00000000e+00 -1.85137536e-12  3.77673849e-01  6.73796930e-02  1.00279000e+02  1.13110000e+01  1.37848000e+05 -1.91127000e-01 
 1.00000000e-02  6.40800000e+03  1.00000000e-02 -1.85137544e-12  3.77673849e-01  6.73796930e-02  1.00279000e+02  1.13110000e+01  1.37848000e+05 -1.91127000e-01 
 2.00000000e-02  6.40800000e+03  2.00000000e-02 -1.85137562e-12  3.77673849e-01  6.73796930e-02  1.00279000e+02  1.13110000e+01  1.37848000e+05 -1.91127000e-01 
 3.00000000e-02  6.40800000e+03  3.00000000e-02 -1.85137588e-12  3.77673849e-01  6.73796930e-02  1.00279000e+02  1.13110000e+01  1.37848000e+05 -1.91127000e-01 
 4.00000000e-02  6.40800000e+03  4.00000000e-02 -1.85137631e-12  3.77673849e-01  6.73796930e-02  1.00279000e+02  1.13110000e+01  1.37848000e+05 -1.91127000e-01 
 5.00000000e-02  6.40800000e+03  5.00000000e-02 -1.85137699e-12  3.77673849e-01  6.73796930e-02  1.00279000e+02  1.13110000e+01  1.37848000e+05 -1.91127000e-01 
 6.00000000e-02  6.40800000e+03  6.00000000e-02 -1.85137810e-12  3.77673849e-01  6.73796930e-02  1.00279000e+02  1.13110000e+01  1.37848000e+05 -1.91127000e-01 
 7.00000000e-02  6.40800000e+03  7.00000000e-02 -1.85137990e-12  3.77673849e-01  6.73796930e-02  1.00279000e+02  1.13110000e+01  1.37848000e+05 -1.91127000e-01 
 8.00000000e-02  6.40800000e+03  8.00000000e-02 -1.85138282e-12  3.77673849e-01  6.73796930e-02  1.00279000e+02  1.13110000e+01  1.37848000e+05 -1.91127000e-01 
 9.00000000e-02  6.40800000e+03  9.00000000e-02 -1.85138754e-12  3.77673849e-01  6.73796930e-02  1.00279000e+02  1.13110000e+01  1.37848000e+05 -1.91127000e-01 
 1.00000000e-01  6.40800000e+03  1.00000000e-01 -1.85139519e-12  3.77673849e-01  6.73796930e-02  1.00279000e+02  1.13110000e+01  1.37848000e+05 -1.91127000e-01 
 1.10000000e-01  6.40800000e+03  1.10000000e-01 -1.85140758e-12  3.77673849e-01  6.73796930e-02  1.00279000e+02  1.13110000e+01  1.37848000e+05 -1.91127000e-01 
 1.20000000e-01  6.40800000e+03  1.20000000e-01 -1.85142766e-12  3.77673849e-01  6.73796930e-02  1.00279000e+02  1.13110000e+01  1.37848000e+05 -1.91127000e-01 
 1.30000000e-01  6.40800000e+03  1.30000000e-01 -1.85146019e-12  3.77673849e-01  6.73796930e-02  1.00279000e+02  1.13110000e+01  1.37848000e+05 -1.91127000e-01 
 1.40000000e-01  6.40800000e+03  1.40000000e-01 -1.85151289e-12  3.77673849e-01  6.73796930e-02  1.00279000e+02  1.13110000e+01  1.37848000e+05 -1.91127000e-01 
 1.50000000e-01  6.40800000e+03  1.50000000e-01 -1.85159827e-12  3.77673849e-01  6.73796930e-02  1.00279000e+02  1.13110000e+01  1.37848000e+05 -1.91127000e-01 
 1.60000000e-01  6.40800000e+03  1.60000000e-01 -1.85173659e-12  3.77673849e-01  6.73796930e-02  1.00279000e+02  1.13110000e+01  1.37848000e+05 -1.91127000e-01 
 1.70000000e-01  6.40800000e+03  1.70000000e-01 -1.85196067e-12  3.77673849e-01  6.73796930e-02  1.00279000e+02  1.13110000e+01  1.37848000e+05 -1.91127000e-01 
 1.80000000e-01  6.40800000e+03  1.80000000e-01 -1.85232369e-12  3.77673849e-01  6.73796930e-02  1.00279000e+02  1.13110000e+01  1.37848000e+05 -1.91127000e-01 
 1.90000000e-01  6.40800000e+03  1.90000000e-01 -1.85291181e-12  3.77673849e-01  6.73796930e-02  1.00279000e+02  1.13110000e+01  1.37848000e+05 -1.91127000e-01 
 2.00000000e-01  6.40800000e+03  2.00000000e-01 -1.85386458e-12  3.77673849e-01  6.73796930e-02  1.00279000e+02  1.13110000e+01  1.37848000e+05 -1.91127000e-01 
 2.10000000e-01  6.40800000e+03  2.10000000e-01 -1.85540811e-12  3.77673849e-01  6.73796930e-02  1.00279000e+02  1.13110000e+01  1.37848000e+05 -1.91127000e-01 
 2.20000000e-01  6.40800000e+03  2.20000000e-01 -1.85790869e-12  3.77673849e-01  6.73796930e-02  1.00279000e+02  1.13110000e+01  1.37848000e+05 -1.91127000e-01 
 2.30000000e-01  6.40800000e+03  2.30000000e-01 -1.86195970e-12  3.77673849e-01  6.73796930e-02  1.00279000e+02  1.13110000e+01  1.37848000e+05 -1.91127000e-01 
 2.40000000e-01  6.40800000e+03  2.40000000e-01 -1.86852242e-12  3.77673849e-01  6.73796930e-02  1.00279000e+02  1.13110000e+01  1.37848000e+05 -1.91127000e-01 
 2.50000000e-01  6.40800000e+03  2.50000000e-01 -1.87915410e-12  3.77673849e-01  6.73796930e-02  1.00279000e+02  1.13110000e+01  1.37848000e+05 -1.91127000e-01 
 2.60000000e-01  6.40800000e+03  2.60000000e-01 -1.89637738e-12  3.77673849e-01  6.73796930e-02  1.00279000e+02  1.13110000e+01  1.37848000e+05 -1.91127000e-01 
 2.70000000e-01  6.40800000e+03  2.70000000e-01 -1.92427873e-12  3.77673849e-01  6.73796930e-02  1.00279000e+02  1.13110000e+01  1.37848000e+05 -1.91127000e-01 
 2.80000000e-01  6.40800000e+03  2.80000000e-01 -1.96947773e-12  3.77673849e-01  6.73796930e-02  1.00279000e+02  1.13110000e+01  1.37848000e+05 -1.91127000e-01 
 2.90000000e-01  6.40800000e+03  2.90000000e-01 -2.04269689e-12  3.77673849e-01  6.73796930e-02  1.00279000e+02  1.13110000e+01  1.37848000e+05 -1.91127000e-01 
 3.00000000e-01  6.40800000e+03  3.00000000e-01 -2.16130409e-12  3.77673849e-01  6.73796930e-02  1.00279000e+02  1.13110000e+01  1.37848000e+05 -1.91127000e-01 
 3.10000000e-01  6.40800000e+03  3.10000000e-01 -2.35342964e-12  3.77673849e-01  6.73796930e-02  1.00279000e+02  1.13110000e+01  1.37848000e+05 -1.91127000e-01 
 3.20000000e-01  6.40800000e+03  3.20000000e-01 -2.66463254e-12  3.77673849e-01  6.73796930e-02  1.00279000e+02  1.13110000e+01  1.37848000e+05 -1.91127000e-01 
 3.30000000e-01  6.40800000e+03  3.30000000e-01 -3.16869265e-12  3.77673849e-01  6.73796930e-02  1.00279000e+02  1.13110000e+01  1.37848000e+05 -1.91127000e-01 
 3.40000000e-01  6.40800000e+03  3.40000000e-01 -3.98507915e-12  3.77673849e-01  6.73796930e-02  1.00279000e+02  1.13110000e+01  1.37848000e+05 -1.91127000e-01 
 3.50000000e-01  6.40800000e+03  3.50000000e-01 -5.30721857e-12  3.77673849e-01  6.73796930e-02  1.00279000e+02  1.13110000e+01  1.37848000e+05 -1.91127000e-01 
 3.60000000e-01  6.40800000e+03  3.60000000e-01 -7.44822480e-12  3.77673849e-01  6.73796930e-02  1.00279000e+02  1.13110000e+01  1.37848000e+05 -1.91127000e-01 
 3.70000000e-01  6.40800000e+03  3.70000000e-01 -1.09148493e-11  3.77673849e-01  6.73796930e-02  1.00279000e+02  1.13110000e+01  1.37848000e+05 -1.91127000e-01 
 3.80000000e-01  6.40800000e+03  3.80000000e-01 -1.65270063e-11  3.77673849e-01  6.73796930e-02  1.00279000e+02  1.13110000e+01  1.37848000e+05 -1.91127000e-01 
 3.90000000e-01  6.40800000e+03  3.90000000e-01 -2.56108403e-11  3.77673849e-01  6.73796930e-02  1.00279000e+02  1.13110000e+01  1.37848000e+05 -1.91127000e-01 
 4.00000000e-01  6.40800000e+03  4.00000000e-01 -4.03103331e-11  3.77673849e-01  6.73796930e-02  1.00279000e+02  1.13110000e+01  1.37848000e+05 -1.91127000e-01 
 4.10000000e-01  6.40800000e+03  4.10000000e-01 -6.40897250e-11  3.77673849e-01  6.73796930e-02  1.00279000e+02  1.13110000e+01  1.37848000e+05 -1.91127000e-01 
 4.20000000e-01  6.40800000e+03  4.20000000e-01 -1.02542552e-10  3.77673849e-01  6.73796930e-02  1.00279000e+02  1.13110000e+01  1.37848000e+05 -1.91127000e-01 
 4.30000000e-01  6.40800000e+03  4.30000000e-01 -1.64692302e-10  3.77673849e-01  6.73796930e-02  1.00279000e+02  1.13110000e+01  1.37848000e+05 -1.91127000e-01 
 4.40000000e-01  6.40800000e+03  4.40000000e-01 -2.65079135e-10  3.77673849e-01  6.73796930e-02  1.00279000e+02  1.13110000e+01  1.37848000e+05 -1.91127000e-01 
 4.50000000e-01  6.40800000e+03  4.50000000e-01 -4.27099062e-10  3.77673849e-01  6.73796930e-02  1.00279000e+02  1.13110000e+01  1.37848000e+05 -1.91127000e-01 
 4.60000000e-01  6.40800000e+03  4.60000000e-01 -6.88329927e-10  3.77673849e-01  6.73796930e-02  1.00279000e+02  1.13110000e+01  1.37848000e+05 -1.91127000e-01 
 4.70000000e-01  6.40800000e+03  4.70000000e-01 -1.10899170e-09  3.77673849e-01  6.73796930e-02  1.00279000e+02  1.13110000e+01  1.37848000e+05 -1.91127000e-01 
 4.80000000e-01  6.40800000e+03  4.80000000e-01 -1.78531737e-09  3.77673849e-01  6.73796930e-02  1.00279000e+02  1.13110000e+01  1.37848000e+05 -1.91127000e-01 
 4.90000000e-01  6.40800000e+03  4.90000000e-01 -2.87055156e-09  3.77673849e-01  6.73796930e-02  1.00279000e+02  1.13110000e+01  1.37848000e+05 -1.91127000e-01 
 5.00000000e-01  6.40800000e+03  5.00000000e-01 -4.60767351e-09  3.77673849e-01  6.73796930e-02  1.00279000e+02  1.13110000e+01  1.37848000e+05 -1.91127000e-01 
 5.10000000e-01  6.40800000e+03  5.10000000e-01 -7.37991192e-09  3.77673849e-01  6.73796930e-02  1.00279000e+02  1.13110000e+01  1.37848000e+05 -1.91127000e-01 
 5.20000000e-01  6.40800000e+03  5.20000000e-01 -1.17878507e-08  3.77673849e-01  6.73796930e-02  1.00279000e+02  1.13110000e+01  1.37848000e+05 -1.91127000e-01 
 5.30000000e-01  6.40800000e+03  5.30000000e-01 -1.87655816e-08  3.77673849e-01  6.73796930e-02  1.00279000e+02  1.13110000e+01  1.37848000e+05 -1.91127000e-01 
 5.40000000e-01  6.40800000e+03  5.40000000e-01 -2.97530830e-08  3.77673849e-01  6.73796930e-02  1.00279000e+02  1.13110000e+01  1.37848000e+05 -1.91127000e-01 
 5.50000000e-01  6.40800000e+03  5.50000000e-01 -4.69479470e-08  3.77673849e-01  6.73796930e-02  1.00279000e+02  1.13110000e+01  1.37848000e+05 -1.91127000e-01 
 5.60000000e-01  6.40800000e+03  5.60000000e-01 -7.36670343e-08  3.77673849e-01  6.73796930e-02  1.00279000e+02  1.13110000e+01  1.37848000e+05 -1.91127000e-01 
 5.70000000e-01  6.40800000e+03  5.70000000e-01 -1.14858332e-07  3.77673849e-01  6.73796930e-02  1.00279000e+02  1.13110000e+01  1.37848000e+05 -1.91127000e-01 
 5.80000000e-01  6.40800000e+03  5.80000000e-01 -1.77816479e-07  3.77673849e-01  6.73796930e-02  1.00279000e+02  1.13110000e+01  1.37848000e+05 -1.91127000e-01 
 5.90000000e-01  6.40800000e+03  5.90000000e-01 -2.73172722e-07  3.77673849e-01  6.73796930e-02  1.00279000e+02  1.13110000e+01  1.37848000e+05 -1.91127000e-01 
 6.00000000e-01  6.40800000e+03  6.00000000e-01 -4.16246467e-07  3.77673849e-01  6.73796930e-02  1.00279000e+02  1.13110000e+01  1.37848000e+05 -1.91127000e-01 
 6.10000000e-01  6.40800000e+03  6.10000000e-01 -6.28840110e-07  3.77673849e-01  6.73796930e-02  1.00279000e+02  1.13110000e+01  1.37848000e+05 -1.91127000e-01 
 6.20000000e-01  6.40800000e+03  6.20000000e-01 -9.41482148e-07  3.77673849e-01  6.73796930e-02  1.00279000e+02  1.13110000e+01  1.37848000e+05 -1.91127000e-01 
 6.30000000e-01  6.40800000e+03  6.30000000e-01 -1.39590539e-06  3.77673849e-01  6.73796930e-02  1.00279000e+02  1.13110000e+01  1.37848000e+05 -1.91127000e-01 
 6.40000000e-01  6.40800000e+03  6.40000000e-01 -2.04715277e-06  3.77673849e-01  6.73796930e-02  1.00279000e+02  1.13110000e+01  1.37848000e+05 -1.91127000e-01 
 6.50000000e-01  6.40800000e+03  6.50000000e-01 -2.96424340e-06  3.77673849e-01  6.73796930e-02  1.00279000e+02  1.13110000e+01  1.37848000e+05 -1.91127000e-01 
 6.60000000e-01  6.40800000e+03  6.60000000e-01 -4.22812741e-06  3.77673849e-01  6.73796930e-02  1.00279000e+02  1.13110000e+01  1.37848000e+05 -1.91127000e-01 
 6.70000000e-01  6.40800000e+03  6.70000000e-01 -5.92610297e-06  3.77673849e-01  6.73796930e-02  1.00279000e+02  1.13110000e+01  1.37848000e+05 -1.91127000e-01 
 6.80000000e-01  6.40800000e+03  6.80000000e-01 -8.14306017e-06  3.77673849e-01  6.73796930e-02  1.00279000e+02  1.13110000e+01  1.37848000e+05 -1.91127000e-01 
 6.90000000e-01  6.40800000e+03  6.90000000e-01 -1.09513695e-05  3.77673849e-01  6.73796930e-02  1.00279000e+02  1.13110000e+01  1.37848000e+05 -1.91127000e-01 
 7.00000000e-01  6.40800000e+03  7.00000000e-01 -1.44020871e-05  3.77673849e-01  6.73796930e-02  1.00279000e+02  1.13110000e+01  1.37848000e+05 -1.91127000e-01 
 7.10000000e-01  6.40800000e+03  7.10000000e-01 -1.85198211e-05  3.77673849e-01  6.73796930e-02  1.00279000e+02  1.13110000e+01  1.37848000e+05 -1.91127000e-01 
 7.20000000e-01  6.40800000e+03  7.20000000e-01 -2.33022632e-05  3.77673849e-01  6.73796930e-02  1.00279000e+02  1.13110000e+01  1.37848000e+05 -1.91127000e-01 
 7.30000000e-01  6.40800000e+03  7.30000000e-01 -2.87238253e-05  3.77673849e-01  6.73796930e-02  1.00279000e+02  1.13110000e+01  1.37848000e+05 -1.91127000e-01 
 7.40000000e-01  6.40800000e+03  7.40000000e-01 -3.47417848e-05  3.77673849e-01  6.73796930e-02  1.00279000e+02  1.13110000e+01  1.37848000e+05 -1.91127000e-01 
 7.50000000e-01  6.40800000e+03  7.50000000e-01 -4.13031311e-05  3.77673849e-01  6.73796930e-02  1.00279000e+02  1.13110000e+01  1.37848000e+05 -1.91127000e-01 
 7.60000000e-01  6.40800000e+03  7.60000000e-01 -4.83507212e-05  3.77673849e-01  6.73796930e-02  1.00279000e+02  1.13110000e+01  1.37848000e+05 -1.91127000e-01 
 7.70000000e-01  6.40800000e+03  7.70000000e-01 -5.58279967e-05  3.77673849e-01  6.73796930e-02  1.00279000e+02  1.13110000e+01  1.37848000e+05 -1.91127000e-01 
 7.80000000e-01  6.40800000e+03  7.80000000e-01 -6.36820939e-05  3.77673849e-01  6.73796930e-02  1.00279000e+02  1.13110000e+01  1.37848000e+05 -1.91127000e-01 
 7.90000000e-01  6.40800000e+03  7.90000000e-01 -7.18655367e-05  3.77673849e-01  6.73796930e-02  1.00279000e+02  1.13110000e+01  1.37848000e+05 -1.91127000e-01 
 8.00000000e-01  6.40800000e+03  8.00000000e-01 -8.03368626e-05  3.77673849e-01  6.73796930e-02  1.00279000e+02  1.13110000e+01  1.37848000e+05 -1.91127000e-01 
 8.10000000e-01  6.40800000e+03  8.10000000e-01 -8.90605392e-05  3.77673849e-01  6.73796930e-02  1.00279000e+02  1.13110000e+01  1.37848000e+05 -1.91127000e-01 
 8.20000000e-01  6.40800000e+03  8.20000000e-01 -9.80064730e-05  3.77673849e-01  6.73796930e-02  1.00279000e+02  1.13110000e+01  1.37848000e+05 -1.91127000e-01 
 8.30000000e-01  6.40800000e+03  8.30000000e-01 -1.07149329e-04  3.77673849e-01  6.73796930e-02  1.00279000e+02  1.13110000e+01  1.37848000e+05 -1.91127000e-01 
 8.40000000e-01  6.40800000e+03  8.40000000e-01 -1.16467806e-04  3.77673849e-01  6.73796930e-02  1.00279000e+02  1.13110000e+01  1.37848000e+05 -1.91127000e-01 
 8.50000000e-01  6.40800000e+03  8.50000000e-01 -1.25943940e-04  3.77673849e-01  6.73796930e-02  1.00279000e+02  1.13110000e+01  1.37848000e+05 -1.91127000e-01 
 8.60000000e-01  6.40800000e+03  8.60000000e-01 -1.35562498e-04  3.77673849e-01  6.73796930e-02  1.00279000e+02  1.13110000e+01  1.37848000e+05 -1.91127000e-01 
 8.70000000e-01  6.40800000e+03  8.70000000e-01 -1.45310453e-04  3.77673849e-01  6.73796930e-02  1.00279000e+02  1.13110000e+01  1.37848000e+05 -1.91127000e-01 
 8.80000000e-01  6.40800000e+03  8.80000000e-01 -1.55176558e-04  3.77673849e-01  6.73796930e-02  1.00279000e+02  1.13110000e+01  1.37848000e+05 -1.91127000e-01 
 8.90000000e-01  6.40800000e+03  8.90000000e-01 -1.65151000e-04  3.77673849e-01  6.73796930e-02  1.00279000e+02  1.13110000e+01  1.37848000e+05 -1.91127000e-01 
 9.00000000e-01  6.40800000e+03  9.00000000e-01 -1.75225125e-04  3.77673849e-01  6.73796930e-02  1.00279000e+02  1.13110000e+01  1.37848000e+05 -1.91127000e-01 
 9.10000000e-01  6.40800000e+03  9.10000000e-01 -1.85391225e-04  3.77673849e-01  6.73796930e-02  1.00279000e+02  1.13110000e+01  1.37848000e+05 -1.91127000e-01 
 9.20000000e-01  6.40800000e+03  9.20000000e-01 -1.95642370e-04  3.77673849e-01  6.73796930e-02  1.00279000e+02  1.13110000e+01  1.37848000e+05 -1.91127000e-01 
 9.30000000e-01  6.40800000e+03  9.30000000e-01 -2.05972278e-04  3.77673849e-01  6.73796930e-02  1.00279000e+02  1.13110000e+01  1.37848000e+05 -1.91127000e-01 
 9.40000000e-01  6.40800000e+03  9.40000000e-01 -2.16375215e-04  3.77673849e-01  6.73796930e-02  1.00279000e+02  1.13110000e+01  1.37848000e+05 -1.91127000e-01 
 9.50000000e-01  6.40800000e+03  9.50000000e-01 -2.26845917e-04  3.77673849e-01  6.73796930e-02  1.00279000e+02  1.13110000e+01  1.37848000e+05 -1.91127000e-01 
 9.60000000e-01  6.40800000e+03  9.60000000e-01 -2.37379527e-04  3.77673849e-01  6.73796930e-02  1.00279000e+02  1.13110000e+01  1.37848000e+05 -1.91127000e-01 
 9.70000000e-01  6.40800000e+03  9.70000000e-01 -2.47971543e-04  3.77673849e-01  6.73796930e-02  1.00279000e+02  1.13110000e+01  1.37848000e+05 -1.91127000e-01 
 9.80000000e-01  6.40800000e+03  9.80000000e-01 -2.58617787e-04  3.77673849e-01  6.73796930e-02  1.00279000e+02  1.13110000e+01  1.37848000e+05 -1.91127000e-01 
 9.90000000e-01  6.40800000e+03  9.90000000e-01 -2.69314370e-04  3.77673849e-01  6.73796930e-02  1.00279000e+02  1.13110000e+01  1.37848000e+05 -1.91127000e-01 
 1.00000000e+00  6.40800000e+03  1.00000000e+00 -2.80057665e-04  3.77673849e-01  6.73796930e-02  1.00279000e+02  1.13110000e+01  1.37848000e+05 -1.91127000e-01 
 1.01000000e+00  6.40800000e+03  1.01000000e+00 -2.90844286e-04  3.77673849e-01  6.73796930e-02  1.00279000e+02  1.13110000e+01  1.37848000e+05 -1.91127000e-01 
 1.02000000e+00  6.40800000e+03  1.02000000e+00 -3.01671067e-04  3.77673849e-01  6.73796930e-02  1.00279000e+02  1.13110000e+01  1.37848000e+05 -1.91127000e-01 
 1.03000000e+00  6.40800000e+03  1.03000000e+00 -3.12535047e-04  3.77673849e-01  6.73796930e-02  1.00279000e+02  1.13110000e+01  1.37848000e+05 -1.91127000e-01 
 1.04000000e+00  6.40800000e+03  1.04000000e+00 -3.23433454e-04  3.77673849e-01  6.73796930e-02  1.00279000e+02  1.13110000e+01  1.37848000e+05 -1.91127000e-01 
 1.05000000e+00  6.40800000e+03  1.05000000e+00 -3.34363693e-04  3.77673849e-01  6.73796930e-02  1.00279000e+02  1.13110000e+01  1.37848000e+05 -1.91127000e-01 
 1.06000000e+00  6.40800000e+03  1.06000000e+00 -3.45323334e-04  3.77673849e-01  6.73796930e-02  1.00279000e+02  1.13110000e+01  1.37848000e+05 -1.91127000e-01 
 1.07000000e+00  6.40800000e+03  1.07000000e+00 -3.56310099e-04  3.77673849e-01  6.73796930e-02  1.00279000e+02  1.13110000e+01  1.37848000e+05 -1.91127000e-01 
 1.08000000e+00  6.40800000e+03  1.08000000e+00 -3.67321853e-04  3.77673849e-01  6.73796930e-02  1.00279000e+02  1.13110000e+01  1.37848000e+05 -1.91127000e-01 
 1.09000000e+00  6.40800000e+03  1.09000000e+00 -3.78356595e-04  3.77673849e-01  6.73796930e-02  1.00279000e+02  1.13110000e+01  1.37848000e+05 -1.91127000e-01 
 1.10000000e+00  6.40800000e+03  1.10000000e+00 -3.89412449e-04  3.77673849e-01  6.73796930e-02  1.00279000e+02  1.13110000e+01  1.37848000e+05 -1.91127000e-01 
 1.11000000e+00  6.40800000e+03  1.11000000e+00 -4.00487654e-04  3.77673849e-01  6.73796930e-02  1.00279000e+02  1.13110000e+01  1.37848000e+05 -1.91127000e-01 
 1.12000000e+00  6.40800000e+03  1.12000000e+00 -4.11580560e-04  3.77673849e-01  6.73796930e-02  1.00279000e+02  1.13110000e+01  1.37848000e+05 -1.91127000e-01 
 1.13000000e+00  6.40800000e+03  1.13000000e+00 -4.22689615e-04  3.77673849e-01  6.73796930e-02  1.00279000e+02  1.13110000e+01  1.37848000e+05 -1.91127000e-01 
 1.14000000e+00  6.40800000e+03  1.14000000e+00 -4.33813367e-04  3.77673849e-01  6.73796930e-02  1.00279000e+02  1.13110000e+01  1.37848000e+05 -1.91127000e-01 
 1.15000000e+00  6.40800000e+03  1.15000000e+00 -4.44950449e-04  3.77673849e-01  6.73796930e-02  1.00279000e+02  1.13110000e+01  1.37848000e+05 -1.91127000e-01 
 1.16000000e+00  6.40800000e+03  1.16000000e+00 -4.56099578e-04  3.77673849e-01  6.73796930e-02  1.00279000e+02  1.13110000e+01  1.37848000e+05 -1.91127000e-01 
 1.17000000e+00  6.40800000e+03  1.17000000e+00 -4.67259549e-04  3.77673849e-01  6.73796930e-02  1.00279000e+02  1.13110000e+01  1.37848000e+05 -1.91127000e-01 
 1.18000000e+00  6.40800000e+03  1.18000000e+00 -4.78429228e-04  3.77673849e-01  6.73796930e-02  1.00279000e+02  1.13110000e+01  1.37848000e+05 -1.91127000e-01 
 1.19000000e+00  6.40800000e+03  1.19000000e+00 -4.89607551e-04  3.77673849e-01  6.73796930e-02  1.00279000e+02  1.13110000e+01  1.37848000e+05 -1.91127000e-01 
 1.20000000e+00  6.40800000e+03  1.20000000e+00 -5.00793515e-04  3.77673849e-01  6.73796930e-02  1.00279000e+02  1.13110000e+01  1.37848000e+05 -1.91127000e-01 
 1.21000000e+00  6.40800000e+03  1.21000000e+00 -5.11986178e-04  3.77673849e-01  6.73796930e-02  1.00279000e+02  1.13110000e+01  1.37848000e+05 -1.91127000e-01 
 1.22000000e+00  6.40800000e+03  1.22000000e+00 -5.23184652e-04  3.77673849e-01  6.73796930e-02  1.00279000e+02  1.13110000e+01  1.37848000e+05 -1.91127000e-01 
 1.23000000e+00  6.40800000e+03  1.23000000e+00 -5.34388103e-04  3.77673849e-01  6.73796930e-02  1.00279000e+02  1.13110000e+01  1.37848000e+05 -1.91127000e-01 
 1.24000000e+00  6.40800000e+03  1.24000000e+00 -5.45595743e-04  3.77673849e-01  6.73796930e-02  1.00279000e+02  1.13110000e+01  1.37848000e+05 -1.91127000e-01 
 1.25000000e+00  6.40800000e+03  1.25000000e+00 -5.56806831e-04  3.77673849e-01  6.73796930e-02  1.00279000e+02  1.13110000e+01  1.37848000e+05 -1.91127000e-01 
 1.26000000e+00  6.40800000e+03  1.26000000e+00 -5.68020669e-04  3.77673849e-01  6.73796930e-02  1.00279000e+02  1.13110000e+01  1.37848000e+05 -1.91127000e-01 
 1.27000000e+00  6.40800000e+03  1.27000000e+00 -5.79236598e-04  3.77673849e-01  6.73796930e-02  1.00279000e+02  1.13110000e+01  1.37848000e+05 -1.91127000e-01 
 1.28000000e+00  6.40800000e+03  1.28000000e+00 -5.90453998e-04  3.77673849e-01  6.73796930e-02  1.00279000e+02  1.13110000e+01  1.37848000e+05 -1.91127000e-01 
 1.29000000e+00  6.40800000e+03  1.29000000e+00 -6.01672282e-04  3.77673849e-01  6.73796930e-02  1.00279000e+02  1.13110000e+01  1.37848000e+05 -1.91127000e-01 
 1.30000000e+00  6.40800000e+03  1.30000000e+00 -6.12890897e-04  3.77673849e-01  6.73796930e-02  1.00279000e+02  1.13110000e+01  1.37848000e+05 -1.91127000e-01 
 1.31000000e+00  6.40800000e+03  1.31000000e+00 -6.24109323e-04  3.77673849e-01  6.73796930e-02  1.00279000e+02  1.13110000e+01  1.37848000e+05 -1.91127000e-01 
 1.32000000e+00  6.40800000e+03  1.32000000e+00 -6.35327067e-04  3.77673849e-01  6.73796930e-02  1.00279000e+02  1.13110000e+01  1.37848000e+05 -1.91127000e-01 
 1.33000000e+00  6.40800000e+03  1.33000000e+00 -6.46543663e-04  3.77673849e-01  6.73796930e-02  1.00279000e+02  1.13110000e+01  1.37848000e+05 -1.91127000e-01 
 1.34000000e+00  6.40800000e+03  1.34000000e+00 -6.57758673e-04  3.77673849e-01  6.73796930e-02  1.00279000e+02  1.13110000e+01  1.37848000e+05 -1.91127000e-01 
 1.35000000e+00  6.40800000e+03  1.35000000e+00 -6.68971682e-04  3.77673849e-01  6.73796930e-02  1.00279000e+02  1.13110000e+01  1.37848000e+05 -1.91127000e-01 
 1.36000000e+00  6.40800000e+03  1.36000000e+00 -6.80182297e-04  3.77673849e-01  6.73796930e-02  1.00279000e+02  1.13110000e+01  1.37848000e+05 -1.91127000e-01 
 1.37000000e+00  6.40800000e+03  1.37000000e+00 -6.91390148e-04  3.77673849e-01  6.73796930e-02  1.00279000e+02  1.13110000e+01  1.37848000e+05 -1.91127000e-01 
 1.38000000e+00  6.40800000e+03  1.38000000e+00 -7.02594885e-04  3.77673849e-01  6.73796930e-02  1.00279000e+02  1.13110000e+01  1.37848000e+05 -1.91127000e-01 
 1.39000000e+00  6.40800000e+03  1.39000000e+00 -7.13796178e-04  3.77673849e-01  6.73796930e-02  1.00279000e+02  1.13110000e+01  1.37848000e+05 -1.91127000e-01 
 1.40000000e+00  6.40800000e+03  1.40000000e+00 -7.24993712e-04  3.77673849e-01  6.73796930e-02  1.00279000e+02  1.13110000e+01  1.37848000e+05 -1.91127000e-01 
 1.41000000e+00  6.40800000e+03  1.41000000e+00 -7.36187193e-04  3.77673849e-01  6.73796930e-02  1.00279000e+02  1.13110000e+01  1.37848000e+05 -1.91127000e-01 
 1.42000000e+00  6.40800000e+03  1.42000000e+00 -7.47376340e-04  3.77673849e-01  6.73796930e-02  1.00279000e+02  1.13110000e+01  1.37848000e+05 -1.91127000e-01 
 1.43000000e+00  6.40800000e+03  1.43000000e+00 -7.58560889e-04  3.77673849e-01  6.73796930e-02  1.00279000e+02  1.13110000e+01  1.37848000e+05 -1.91127000e-01 
 1.44000000e+00  6.40800000e+03  1.44000000e+00 -7.69740588e-04  3.77673849e-01  6.73796930e-02  1.00279000e+02  1.13110000e+01  1.37848000e+05 -1.91127000e-01 
 1.45000000e+00  6.40800000e+03  1.45000000e+00 -7.80915203e-04  3.77673849e-01  6.73796930e-02  1.00279000e+02  1.13110000e+01  1.37848000e+05 -1.91127000e-01 
 1.46000000e+00  6.40800000e+03  1.46000000e+00 -7.92084508e-04  3.77673849e-01  6.73796930e-02  1.00279000e+02  1.13110000e+01  1.37848000e+05 -1.91127000e-01 
 1.47000000e+00  6.40800000e+03  1.47000000e+00 -8.03248291e-04  3.77673849e-01  6.73796930e-02  1.00279000e+02  1.13110000e+01  1.37848000e+05 -1.91127000e-01 
 1.48000000e+00  6.40800000e+03  1.48000000e+00 -8.14406352e-04  3.77673849e-01  6.73796930e-02  1.00279000e+02  1.13110000e+01  1.37848000e+05 -1.91127000e-01 
 1.49000000e+00  6.40800000e+03  1.49000000e+00 -8.25558502e-04  3.77673849e-01  6.73796930e-02  1.00279000e+02  1.13110000e+01  1.37848000e+05 -1.91127000e-01 
 1.50000000e+00  6.40800000e+03  1.50000000e+00 -8.36704561e-04  3.77673849e-01  6.73796930e-02  1.00279000e+02  1.13110000e+01  1.37848000e+05 -1.91127000e-01 
 1.51000000e+00  6.40800000e+03  1.51000000e+00 -8.47844359e-04  3.77673849e-01  6.73796930e-02  1.00279000e+02  1.13110000e+01  1.37848000e+05 -1.91127000e-01 
 1.52000000e+00  6.40800000e+03  1.52000000e+00 -8.58977735e-04  3.77673849e-01  6.73796930e-02  1.00279000e+02  1.13110000e+01  1.37848000e+05 -1.91127000e-01 
 1.53000000e+00  6.40800000e+03  1.53000000e+00 -8.70104538e-04  3.77673849e-01  6.73796930e-02  1.00279000e+02  1.13110000e+01  1.37848000e+05 -1.91127000e-01 
 1.54000000e+00  6.40800000e+03  1.54000000e+00 -8.81224624e-04  3.77673849e-01  6.73796930e-02  1.00279000e+02  1.13110000e+01  1.37848000e+05 -1.91127000e-01 
 1.55000000e+00  6.40800000e+03  1.55000000e+00 -8.92337857e-04  3.77673849e-01  6.73796930e-02  1.00279000e+02  1.13110000e+01  1.37848000e+05 -1.91127000e-01 
 1.56000000e+00  6.40800000e+03  1.56000000e+00 -9.03444107e-04  3.77673849e-01  6.73796930e-02  1.00279000e+02  1.13110000e+01  1.37848000e+05 -1.91127000e-01 
 1.57000000e+00  6.40800000e+03  1.57000000e+00 -9.14543255e-04  3.77673849e-01  6.73796930e-02  1.00279000e+02  1.13110000e+01  1.37848000e+05 -1.91127000e-01 
 1.58000000e+00  6.40800000e+03  1.58000000e+00 -9.25635183e-04  3.77673849e-01  6.73796930e-02  1.00279000e+02  1.13110000e+01  1.37848000e+05 -1.91127000e-01 
 1.59000000e+00  6.40800000e+03  1.59000000e+00 -9.36719784e-04  3.77673849e-01  6.73796930e-02  1.00279000e+02  1.13110000e+01  1.37848000e+05 -1.91127000e-01 
 1.60000000e+00  6.40800000e+03  1.60000000e+00 -9.47796954e-04  3.77673849e-01  6.73796930e-02  1.00279000e+02  1.13110000e+01  1.37848000e+05 -1.91127000e-01 
 1.61000000e+00  6.40800000e+03  1.61000000e+00 -9.58866597e-04  3.77673849e-01  6.73796930e-02  1.00279000e+02  1.13110000e+01  1.37848000e+05 -1.91127000e-01 
 1.62000000e+00  6.40800000e+03  1.62000000e+00 -9.69928619e-04  3.77673849e-01  6.73796930e-02  1.00279000e+02  1.13110000e+01  1.37848000e+05 -1.91127000e-01 
 1.63000000e+00  6.40800000e+03  1.63000000e+00 -9.80982934e-04  3.77673849e-01  6.73796930e-02  1.00279000e+02  1.13110000e+01  1.37848000e+05 -1.91127000e-01 
 1.64000000e+00  6.40800000e+03  1.64000000e+00 -9.92029459e-04  3.77673849e-01  6.73796930e-02  1.00279000e+02  1.13110000e+01  1.37848000e+05 -1.91127000e-01 
 1.65000000e+00  6.40800000e+03  1.65000000e+00 -1.00306812e-03  3.77673849e-01  6.73796930e-02  1.00279000e+02  1.13110000e+01  1.37848000e+05 -1.91127000e-01 
 1.66000000e+00  6.40800000e+03  1.66000000e+00 -1.01409883e-03  3.77673849e-01  6.73796930e-02  1.00279000e+02  1.13110000e+01  1.37848000e+05 -1.91127000e-01 
 1.67000000e+00  6.40800000e+03  1.67000000e+00 -1.02512154e-03  3.77673849e-01  6.73796930e-02  1.00279000e+02  1.13110000e+01  1.37848000e+05 -1.91127000e-01 
 1.68000000e+00  6.40800000e+03  1.68000000e+00 -1.03613616e-03  3.77673849e-01  6.73796930e-02  1.00279000e+02  1.13110000e+01  1.37848000e+05 -1.91127000e-01 
 1.69000000e+00  6.40800000e+03  1.69000000e+00 -1.04714265e-03  3.77673849e-01  6.73796930e-02  1.00279000e+02  1.13110000e+01  1.37848000e+05 -1.91127000e-01 
 1.70000000e+00  6.40800000e+03  1.70000000e+00 -1.05814094e-03  3.77673849e-01  6.73796930e-02  1.00279000e+02  1.13110000e+01  1.37848000e+05 -1.91127000e-01 
 1.71000000e+00  6.40800000e+03  1.71000000e+00 -1.06913098e-03  3.77673849e-01  6.73796930e-02  1.00279000e+02  1.13110000e+01  1.37848000e+05 -1.91127000e-01 
 1.72000000e+00  6.40800000e+03  1.72000000e+00 -1.08011271e-03  3.77673849e-01  6.73796930e-02  1.00279000e+02  1.13110000e+01  1.37848000e+05 -1.91127000e-01 
 1.73000000e+00  6.40800000e+03  1.73000000e+00 -1.09108608e-03  3.77673849e-01  6.73796930e-02  1.00279000e+02  1.13110000e+01  1.37848000e+05 -1.91127000e-01 
 1.74000000e+00  6.40800000e+03  1.74000000e+00 -1.10205105e-03  3.77673849e-01  6.73796930e-02  1.00279000e+02  1.13110000e+01  1.37848000e+05 -1.91127000e-01 
 1.75000000e+00  6.40800000e+03  1.75000000e+00 -1.11300756e-03  3.77673849e-01  6.73796930e-02  1.00279000e+02  1.13110000e+01  1.37848000e+05 -1.91127000e-01 
 1.76000000e+00  6.40800000e+03  1.76000000e+00 -1.12395559e-03  3.77673849e-01  6.73796930e-02  1.00279000e+02  1.13110000e+01  1.37848000e+05 -1.91127000e-01 
 1.77000000e+00  6.40800000e+03  1.77000000e+00 -1.13489509e-03  3.77673849e-01  6.73796930e-02  1.00279000e+02  1.13110000e+01  1.37848000e+05 -1.91127000e-01 
 1.78000000e+00  6.40800000e+03  1.78000000e+00 -1.14582601e-03  3.77673849e-01  6.73796930e-02  1.00279000e+02  1.13110000e+01  1.37848000e+05 -1.91127000e-01 
 1.79000000e+00  6.40800000e+03  1.79000000e+00 -1.15674833e-03  3.77673849e-01  6.73796930e-02  1.00279000e+02  1.13110000e+01  1.37848000e+05 -1.91127000e-01 
 1.80000000e+00  6.40800000e+03  1.80000000e+00 -1.16766202e-03  3.77673849e-01  6.73796930e-02  1.00279000e+02  1.13110000e+01  1.37848000e+05 -1.91127000e-01 
