 v-sweep         run_num         v(gate)         i(vds)          out_vth0        out_u0          out_rdsw        out_nfactor     out_vsat        out_eta0       
 0.00000000e+00  6.94400000e+03  0.00000000e+00 -1.85137551e-12  3.61037345e-01  6.29432920e-02  1.00279000e+02  1.13110000e+01  1.37848000e+05 -1.91127000e-01 
 1.00000000e-02  6.94400000e+03  1.00000000e-02 -1.85137566e-12  3.61037345e-01  6.29432920e-02  1.00279000e+02  1.13110000e+01  1.37848000e+05 -1.91127000e-01 
 2.00000000e-02  6.94400000e+03  2.00000000e-02 -1.85137602e-12  3.61037345e-01  6.29432920e-02  1.00279000e+02  1.13110000e+01  1.37848000e+05 -1.91127000e-01 
 3.00000000e-02  6.94400000e+03  3.00000000e-02 -1.85137652e-12  3.61037345e-01  6.29432920e-02  1.00279000e+02  1.13110000e+01  1.37848000e+05 -1.91127000e-01 
 4.00000000e-02  6.94400000e+03  4.00000000e-02 -1.85137735e-12  3.61037345e-01  6.29432920e-02  1.00279000e+02  1.13110000e+01  1.37848000e+05 -1.91127000e-01 
 5.00000000e-02  6.94400000e+03  5.00000000e-02 -1.85137868e-12  3.61037345e-01  6.29432920e-02  1.00279000e+02  1.13110000e+01  1.37848000e+05 -1.91127000e-01 
 6.00000000e-02  6.94400000e+03  6.00000000e-02 -1.85138083e-12  3.61037345e-01  6.29432920e-02  1.00279000e+02  1.13110000e+01  1.37848000e+05 -1.91127000e-01 
 7.00000000e-02  6.94400000e+03  7.00000000e-02 -1.85138433e-12  3.61037345e-01  6.29432920e-02  1.00279000e+02  1.13110000e+01  1.37848000e+05 -1.91127000e-01 
 8.00000000e-02  6.94400000e+03  8.00000000e-02 -1.85138999e-12  3.61037345e-01  6.29432920e-02  1.00279000e+02  1.13110000e+01  1.37848000e+05 -1.91127000e-01 
 9.00000000e-02  6.94400000e+03  9.00000000e-02 -1.85139916e-12  3.61037345e-01  6.29432920e-02  1.00279000e+02  1.13110000e+01  1.37848000e+05 -1.91127000e-01 
 1.00000000e-01  6.94400000e+03  1.00000000e-01 -1.85141401e-12  3.61037345e-01  6.29432920e-02  1.00279000e+02  1.13110000e+01  1.37848000e+05 -1.91127000e-01 
 1.10000000e-01  6.94400000e+03  1.10000000e-01 -1.85143808e-12  3.61037345e-01  6.29432920e-02  1.00279000e+02  1.13110000e+01  1.37848000e+05 -1.91127000e-01 
 1.20000000e-01  6.94400000e+03  1.20000000e-01 -1.85147706e-12  3.61037345e-01  6.29432920e-02  1.00279000e+02  1.13110000e+01  1.37848000e+05 -1.91127000e-01 
 1.30000000e-01  6.94400000e+03  1.30000000e-01 -1.85154022e-12  3.61037345e-01  6.29432920e-02  1.00279000e+02  1.13110000e+01  1.37848000e+05 -1.91127000e-01 
 1.40000000e-01  6.94400000e+03  1.40000000e-01 -1.85164254e-12  3.61037345e-01  6.29432920e-02  1.00279000e+02  1.13110000e+01  1.37848000e+05 -1.91127000e-01 
 1.50000000e-01  6.94400000e+03  1.50000000e-01 -1.85180831e-12  3.61037345e-01  6.29432920e-02  1.00279000e+02  1.13110000e+01  1.37848000e+05 -1.91127000e-01 
 1.60000000e-01  6.94400000e+03  1.60000000e-01 -1.85207687e-12  3.61037345e-01  6.29432920e-02  1.00279000e+02  1.13110000e+01  1.37848000e+05 -1.91127000e-01 
 1.70000000e-01  6.94400000e+03  1.70000000e-01 -1.85251194e-12  3.61037345e-01  6.29432920e-02  1.00279000e+02  1.13110000e+01  1.37848000e+05 -1.91127000e-01 
 1.80000000e-01  6.94400000e+03  1.80000000e-01 -1.85321677e-12  3.61037345e-01  6.29432920e-02  1.00279000e+02  1.13110000e+01  1.37848000e+05 -1.91127000e-01 
 1.90000000e-01  6.94400000e+03  1.90000000e-01 -1.85435863e-12  3.61037345e-01  6.29432920e-02  1.00279000e+02  1.13110000e+01  1.37848000e+05 -1.91127000e-01 
 2.00000000e-01  6.94400000e+03  2.00000000e-01 -1.85620849e-12  3.61037345e-01  6.29432920e-02  1.00279000e+02  1.13110000e+01  1.37848000e+05 -1.91127000e-01 
 2.10000000e-01  6.94400000e+03  2.10000000e-01 -1.85920531e-12  3.61037345e-01  6.29432920e-02  1.00279000e+02  1.13110000e+01  1.37848000e+05 -1.91127000e-01 
 2.20000000e-01  6.94400000e+03  2.20000000e-01 -1.86406024e-12  3.61037345e-01  6.29432920e-02  1.00279000e+02  1.13110000e+01  1.37848000e+05 -1.91127000e-01 
 2.30000000e-01  6.94400000e+03  2.30000000e-01 -1.87192530e-12  3.61037345e-01  6.29432920e-02  1.00279000e+02  1.13110000e+01  1.37848000e+05 -1.91127000e-01 
 2.40000000e-01  6.94400000e+03  2.40000000e-01 -1.88466671e-12  3.61037345e-01  6.29432920e-02  1.00279000e+02  1.13110000e+01  1.37848000e+05 -1.91127000e-01 
 2.50000000e-01  6.94400000e+03  2.50000000e-01 -1.90530760e-12  3.61037345e-01  6.29432920e-02  1.00279000e+02  1.13110000e+01  1.37848000e+05 -1.91127000e-01 
 2.60000000e-01  6.94400000e+03  2.60000000e-01 -1.93874513e-12  3.61037345e-01  6.29432920e-02  1.00279000e+02  1.13110000e+01  1.37848000e+05 -1.91127000e-01 
 2.70000000e-01  6.94400000e+03  2.70000000e-01 -1.99291190e-12  3.61037345e-01  6.29432920e-02  1.00279000e+02  1.13110000e+01  1.37848000e+05 -1.91127000e-01 
 2.80000000e-01  6.94400000e+03  2.80000000e-01 -2.08065696e-12  3.61037345e-01  6.29432920e-02  1.00279000e+02  1.13110000e+01  1.37848000e+05 -1.91127000e-01 
 2.90000000e-01  6.94400000e+03  2.90000000e-01 -2.22279202e-12  3.61037345e-01  6.29432920e-02  1.00279000e+02  1.13110000e+01  1.37848000e+05 -1.91127000e-01 
 3.00000000e-01  6.94400000e+03  3.00000000e-01 -2.45302387e-12  3.61037345e-01  6.29432920e-02  1.00279000e+02  1.13110000e+01  1.37848000e+05 -1.91127000e-01 
 3.10000000e-01  6.94400000e+03  3.10000000e-01 -2.82594010e-12  3.61037345e-01  6.29432920e-02  1.00279000e+02  1.13110000e+01  1.37848000e+05 -1.91127000e-01 
 3.20000000e-01  6.94400000e+03  3.20000000e-01 -3.42993593e-12  3.61037345e-01  6.29432920e-02  1.00279000e+02  1.13110000e+01  1.37848000e+05 -1.91127000e-01 
 3.30000000e-01  6.94400000e+03  3.30000000e-01 -4.40813451e-12  3.61037345e-01  6.29432920e-02  1.00279000e+02  1.13110000e+01  1.37848000e+05 -1.91127000e-01 
 3.40000000e-01  6.94400000e+03  3.40000000e-01 -5.99223424e-12  3.61037345e-01  6.29432920e-02  1.00279000e+02  1.13110000e+01  1.37848000e+05 -1.91127000e-01 
 3.50000000e-01  6.94400000e+03  3.50000000e-01 -8.55725108e-12  3.61037345e-01  6.29432920e-02  1.00279000e+02  1.13110000e+01  1.37848000e+05 -1.91127000e-01 
 3.60000000e-01  6.94400000e+03  3.60000000e-01 -1.27100143e-11  3.61037345e-01  6.29432920e-02  1.00279000e+02  1.13110000e+01  1.37848000e+05 -1.91127000e-01 
 3.70000000e-01  6.94400000e+03  3.70000000e-01 -1.94321450e-11  3.61037345e-01  6.29432920e-02  1.00279000e+02  1.13110000e+01  1.37848000e+05 -1.91127000e-01 
 3.80000000e-01  6.94400000e+03  3.80000000e-01 -3.03108878e-11  3.61037345e-01  6.29432920e-02  1.00279000e+02  1.13110000e+01  1.37848000e+05 -1.91127000e-01 
 3.90000000e-01  6.94400000e+03  3.90000000e-01 -4.79114315e-11  3.61037345e-01  6.29432920e-02  1.00279000e+02  1.13110000e+01  1.37848000e+05 -1.91127000e-01 
 4.00000000e-01  6.94400000e+03  4.00000000e-01 -7.63767275e-11  3.61037345e-01  6.29432920e-02  1.00279000e+02  1.13110000e+01  1.37848000e+05 -1.91127000e-01 
 4.10000000e-01  6.94400000e+03  4.10000000e-01 -1.22392366e-10  3.61037345e-01  6.29432920e-02  1.00279000e+02  1.13110000e+01  1.37848000e+05 -1.91127000e-01 
 4.20000000e-01  6.94400000e+03  4.20000000e-01 -1.96735742e-10  3.61037345e-01  6.29432920e-02  1.00279000e+02  1.13110000e+01  1.37848000e+05 -1.91127000e-01 
 4.30000000e-01  6.94400000e+03  4.30000000e-01 -3.16757375e-10  3.61037345e-01  6.29432920e-02  1.00279000e+02  1.13110000e+01  1.37848000e+05 -1.91127000e-01 
 4.40000000e-01  6.94400000e+03  4.40000000e-01 -5.10343312e-10  3.61037345e-01  6.29432920e-02  1.00279000e+02  1.13110000e+01  1.37848000e+05 -1.91127000e-01 
 4.50000000e-01  6.94400000e+03  4.50000000e-01 -8.22218747e-10  3.61037345e-01  6.29432920e-02  1.00279000e+02  1.13110000e+01  1.37848000e+05 -1.91127000e-01 
 4.60000000e-01  6.94400000e+03  4.60000000e-01 -1.32392894e-09  3.61037345e-01  6.29432920e-02  1.00279000e+02  1.13110000e+01  1.37848000e+05 -1.91127000e-01 
 4.70000000e-01  6.94400000e+03  4.70000000e-01 -2.12955014e-09  3.61037345e-01  6.29432920e-02  1.00279000e+02  1.13110000e+01  1.37848000e+05 -1.91127000e-01 
 4.80000000e-01  6.94400000e+03  4.80000000e-01 -3.42024194e-09  3.61037345e-01  6.29432920e-02  1.00279000e+02  1.13110000e+01  1.37848000e+05 -1.91127000e-01 
 4.90000000e-01  6.94400000e+03  4.90000000e-01 -5.48227986e-09  3.61037345e-01  6.29432920e-02  1.00279000e+02  1.13110000e+01  1.37848000e+05 -1.91127000e-01 
 5.00000000e-01  6.94400000e+03  5.00000000e-01 -8.76534857e-09  3.61037345e-01  6.29432920e-02  1.00279000e+02  1.13110000e+01  1.37848000e+05 -1.91127000e-01 
 5.10000000e-01  6.94400000e+03  5.10000000e-01 -1.39707815e-08  3.61037345e-01  6.29432920e-02  1.00279000e+02  1.13110000e+01  1.37848000e+05 -1.91127000e-01 
 5.20000000e-01  6.94400000e+03  5.20000000e-01 -2.21832404e-08  3.61037345e-01  6.29432920e-02  1.00279000e+02  1.13110000e+01  1.37848000e+05 -1.91127000e-01 
 5.30000000e-01  6.94400000e+03  5.30000000e-01 -3.50641722e-08  3.61037345e-01  6.29432920e-02  1.00279000e+02  1.13110000e+01  1.37848000e+05 -1.91127000e-01 
 5.40000000e-01  6.94400000e+03  5.40000000e-01 -5.51314934e-08  3.61037345e-01  6.29432920e-02  1.00279000e+02  1.13110000e+01  1.37848000e+05 -1.91127000e-01 
 5.50000000e-01  6.94400000e+03  5.50000000e-01 -8.61578571e-08  3.61037345e-01  6.29432920e-02  1.00279000e+02  1.13110000e+01  1.37848000e+05 -1.91127000e-01 
 5.60000000e-01  6.94400000e+03  5.60000000e-01 -1.33730645e-07  3.61037345e-01  6.29432920e-02  1.00279000e+02  1.13110000e+01  1.37848000e+05 -1.91127000e-01 
 5.70000000e-01  6.94400000e+03  5.70000000e-01 -2.06031629e-07  3.61037345e-01  6.29432920e-02  1.00279000e+02  1.13110000e+01  1.37848000e+05 -1.91127000e-01 
 5.80000000e-01  6.94400000e+03  5.80000000e-01 -3.14911388e-07  3.61037345e-01  6.29432920e-02  1.00279000e+02  1.13110000e+01  1.37848000e+05 -1.91127000e-01 
 5.90000000e-01  6.94400000e+03  5.90000000e-01 -4.77340982e-07  3.61037345e-01  6.29432920e-02  1.00279000e+02  1.13110000e+01  1.37848000e+05 -1.91127000e-01 
 6.00000000e-01  6.94400000e+03  6.00000000e-01 -7.17287146e-07  3.61037345e-01  6.29432920e-02  1.00279000e+02  1.13110000e+01  1.37848000e+05 -1.91127000e-01 
 6.10000000e-01  6.94400000e+03  6.10000000e-01 -1.06791899e-06  3.61037345e-01  6.29432920e-02  1.00279000e+02  1.13110000e+01  1.37848000e+05 -1.91127000e-01 
 6.20000000e-01  6.94400000e+03  6.20000000e-01 -1.57376204e-06  3.61037345e-01  6.29432920e-02  1.00279000e+02  1.13110000e+01  1.37848000e+05 -1.91127000e-01 
 6.30000000e-01  6.94400000e+03  6.30000000e-01 -2.29200791e-06  3.61037345e-01  6.29432920e-02  1.00279000e+02  1.13110000e+01  1.37848000e+05 -1.91127000e-01 
 6.40000000e-01  6.94400000e+03  6.40000000e-01 -3.29187879e-06  3.61037345e-01  6.29432920e-02  1.00279000e+02  1.13110000e+01  1.37848000e+05 -1.91127000e-01 
 6.50000000e-01  6.94400000e+03  6.50000000e-01 -4.65108227e-06  3.61037345e-01  6.29432920e-02  1.00279000e+02  1.13110000e+01  1.37848000e+05 -1.91127000e-01 
 6.60000000e-01  6.94400000e+03  6.60000000e-01 -6.44919265e-06  3.61037345e-01  6.29432920e-02  1.00279000e+02  1.13110000e+01  1.37848000e+05 -1.91127000e-01 
 6.70000000e-01  6.94400000e+03  6.70000000e-01 -8.75903764e-06  3.61037345e-01  6.29432920e-02  1.00279000e+02  1.13110000e+01  1.37848000e+05 -1.91127000e-01 
 6.80000000e-01  6.94400000e+03  6.80000000e-01 -1.16381916e-05  3.61037345e-01  6.29432920e-02  1.00279000e+02  1.13110000e+01  1.37848000e+05 -1.91127000e-01 
 6.90000000e-01  6.94400000e+03  6.90000000e-01 -1.51228267e-05  3.61037345e-01  6.29432920e-02  1.00279000e+02  1.13110000e+01  1.37848000e+05 -1.91127000e-01 
 7.00000000e-01  6.94400000e+03  7.00000000e-01 -1.92253344e-05  3.61037345e-01  6.29432920e-02  1.00279000e+02  1.13110000e+01  1.37848000e+05 -1.91127000e-01 
 7.10000000e-01  6.94400000e+03  7.10000000e-01 -2.39358089e-05  3.61037345e-01  6.29432920e-02  1.00279000e+02  1.13110000e+01  1.37848000e+05 -1.91127000e-01 
 7.20000000e-01  6.94400000e+03  7.20000000e-01 -2.92263660e-05  3.61037345e-01  6.29432920e-02  1.00279000e+02  1.13110000e+01  1.37848000e+05 -1.91127000e-01 
 7.30000000e-01  6.94400000e+03  7.30000000e-01 -3.50567974e-05  3.61037345e-01  6.29432920e-02  1.00279000e+02  1.13110000e+01  1.37848000e+05 -1.91127000e-01 
 7.40000000e-01  6.94400000e+03  7.40000000e-01 -4.13801900e-05  3.61037345e-01  6.29432920e-02  1.00279000e+02  1.13110000e+01  1.37848000e+05 -1.91127000e-01 
 7.50000000e-01  6.94400000e+03  7.50000000e-01 -4.81476214e-05  3.61037345e-01  6.29432920e-02  1.00279000e+02  1.13110000e+01  1.37848000e+05 -1.91127000e-01 
 7.60000000e-01  6.94400000e+03  7.60000000e-01 -5.53115583e-05  3.61037345e-01  6.29432920e-02  1.00279000e+02  1.13110000e+01  1.37848000e+05 -1.91127000e-01 
 7.70000000e-01  6.94400000e+03  7.70000000e-01 -6.28279761e-05  3.61037345e-01  6.29432920e-02  1.00279000e+02  1.13110000e+01  1.37848000e+05 -1.91127000e-01 
 7.80000000e-01  6.94400000e+03  7.80000000e-01 -7.06574253e-05  3.61037345e-01  6.29432920e-02  1.00279000e+02  1.13110000e+01  1.37848000e+05 -1.91127000e-01 
 7.90000000e-01  6.94400000e+03  7.90000000e-01 -7.87653411e-05  3.61037345e-01  6.29432920e-02  1.00279000e+02  1.13110000e+01  1.37848000e+05 -1.91127000e-01 
 8.00000000e-01  6.94400000e+03  8.00000000e-01 -8.71218690e-05  3.61037345e-01  6.29432920e-02  1.00279000e+02  1.13110000e+01  1.37848000e+05 -1.91127000e-01 
 8.10000000e-01  6.94400000e+03  8.10000000e-01 -9.57014255e-05  3.61037345e-01  6.29432920e-02  1.00279000e+02  1.13110000e+01  1.37848000e+05 -1.91127000e-01 
 8.20000000e-01  6.94400000e+03  8.20000000e-01 -1.04482145e-04  3.61037345e-01  6.29432920e-02  1.00279000e+02  1.13110000e+01  1.37848000e+05 -1.91127000e-01 
 8.30000000e-01  6.94400000e+03  8.30000000e-01 -1.13445312e-04  3.61037345e-01  6.29432920e-02  1.00279000e+02  1.13110000e+01  1.37848000e+05 -1.91127000e-01 
 8.40000000e-01  6.94400000e+03  8.40000000e-01 -1.22574829e-04  3.61037345e-01  6.29432920e-02  1.00279000e+02  1.13110000e+01  1.37848000e+05 -1.91127000e-01 
 8.50000000e-01  6.94400000e+03  8.50000000e-01 -1.31856749e-04  3.61037345e-01  6.29432920e-02  1.00279000e+02  1.13110000e+01  1.37848000e+05 -1.91127000e-01 
 8.60000000e-01  6.94400000e+03  8.60000000e-01 -1.41278885e-04  3.61037345e-01  6.29432920e-02  1.00279000e+02  1.13110000e+01  1.37848000e+05 -1.91127000e-01 
 8.70000000e-01  6.94400000e+03  8.70000000e-01 -1.50830487e-04  3.61037345e-01  6.29432920e-02  1.00279000e+02  1.13110000e+01  1.37848000e+05 -1.91127000e-01 
 8.80000000e-01  6.94400000e+03  8.80000000e-01 -1.60501976e-04  3.61037345e-01  6.29432920e-02  1.00279000e+02  1.13110000e+01  1.37848000e+05 -1.91127000e-01 
 8.90000000e-01  6.94400000e+03  8.90000000e-01 -1.70284744e-04  3.61037345e-01  6.29432920e-02  1.00279000e+02  1.13110000e+01  1.37848000e+05 -1.91127000e-01 
 9.00000000e-01  6.94400000e+03  9.00000000e-01 -1.80170987e-04  3.61037345e-01  6.29432920e-02  1.00279000e+02  1.13110000e+01  1.37848000e+05 -1.91127000e-01 
 9.10000000e-01  6.94400000e+03  9.10000000e-01 -1.90153580e-04  3.61037345e-01  6.29432920e-02  1.00279000e+02  1.13110000e+01  1.37848000e+05 -1.91127000e-01 
 9.20000000e-01  6.94400000e+03  9.20000000e-01 -2.00225975e-04  3.61037345e-01  6.29432920e-02  1.00279000e+02  1.13110000e+01  1.37848000e+05 -1.91127000e-01 
 9.30000000e-01  6.94400000e+03  9.30000000e-01 -2.10382124e-04  3.61037345e-01  6.29432920e-02  1.00279000e+02  1.13110000e+01  1.37848000e+05 -1.91127000e-01 
 9.40000000e-01  6.94400000e+03  9.40000000e-01 -2.20616418e-04  3.61037345e-01  6.29432920e-02  1.00279000e+02  1.13110000e+01  1.37848000e+05 -1.91127000e-01 
 9.50000000e-01  6.94400000e+03  9.50000000e-01 -2.30923636e-04  3.61037345e-01  6.29432920e-02  1.00279000e+02  1.13110000e+01  1.37848000e+05 -1.91127000e-01 
 9.60000000e-01  6.94400000e+03  9.60000000e-01 -2.41298910e-04  3.61037345e-01  6.29432920e-02  1.00279000e+02  1.13110000e+01  1.37848000e+05 -1.91127000e-01 
 9.70000000e-01  6.94400000e+03  9.70000000e-01 -2.51737684e-04  3.61037345e-01  6.29432920e-02  1.00279000e+02  1.13110000e+01  1.37848000e+05 -1.91127000e-01 
 9.80000000e-01  6.94400000e+03  9.80000000e-01 -2.62235695e-04  3.61037345e-01  6.29432920e-02  1.00279000e+02  1.13110000e+01  1.37848000e+05 -1.91127000e-01 
 9.90000000e-01  6.94400000e+03  9.90000000e-01 -2.72788949e-04  3.61037345e-01  6.29432920e-02  1.00279000e+02  1.13110000e+01  1.37848000e+05 -1.91127000e-01 
 1.00000000e+00  6.94400000e+03  1.00000000e+00 -2.83393700e-04  3.61037345e-01  6.29432920e-02  1.00279000e+02  1.13110000e+01  1.37848000e+05 -1.91127000e-01 
 1.01000000e+00  6.94400000e+03  1.01000000e+00 -2.94046431e-04  3.61037345e-01  6.29432920e-02  1.00279000e+02  1.13110000e+01  1.37848000e+05 -1.91127000e-01 
 1.02000000e+00  6.94400000e+03  1.02000000e+00 -3.04743841e-04  3.61037345e-01  6.29432920e-02  1.00279000e+02  1.13110000e+01  1.37848000e+05 -1.91127000e-01 
 1.03000000e+00  6.94400000e+03  1.03000000e+00 -3.15482829e-04  3.61037345e-01  6.29432920e-02  1.00279000e+02  1.13110000e+01  1.37848000e+05 -1.91127000e-01 
 1.04000000e+00  6.94400000e+03  1.04000000e+00 -3.26260481e-04  3.61037345e-01  6.29432920e-02  1.00279000e+02  1.13110000e+01  1.37848000e+05 -1.91127000e-01 
 1.05000000e+00  6.94400000e+03  1.05000000e+00 -3.37074059e-04  3.61037345e-01  6.29432920e-02  1.00279000e+02  1.13110000e+01  1.37848000e+05 -1.91127000e-01 
 1.06000000e+00  6.94400000e+03  1.06000000e+00 -3.47920989e-04  3.61037345e-01  6.29432920e-02  1.00279000e+02  1.13110000e+01  1.37848000e+05 -1.91127000e-01 
 1.07000000e+00  6.94400000e+03  1.07000000e+00 -3.58798851e-04  3.61037345e-01  6.29432920e-02  1.00279000e+02  1.13110000e+01  1.37848000e+05 -1.91127000e-01 
 1.08000000e+00  6.94400000e+03  1.08000000e+00 -3.69705369e-04  3.61037345e-01  6.29432920e-02  1.00279000e+02  1.13110000e+01  1.37848000e+05 -1.91127000e-01 
 1.09000000e+00  6.94400000e+03  1.09000000e+00 -3.80638403e-04  3.61037345e-01  6.29432920e-02  1.00279000e+02  1.13110000e+01  1.37848000e+05 -1.91127000e-01 
 1.10000000e+00  6.94400000e+03  1.10000000e+00 -3.91595939e-04  3.61037345e-01  6.29432920e-02  1.00279000e+02  1.13110000e+01  1.37848000e+05 -1.91127000e-01 
 1.11000000e+00  6.94400000e+03  1.11000000e+00 -4.02576081e-04  3.61037345e-01  6.29432920e-02  1.00279000e+02  1.13110000e+01  1.37848000e+05 -1.91127000e-01 
 1.12000000e+00  6.94400000e+03  1.12000000e+00 -4.13577044e-04  3.61037345e-01  6.29432920e-02  1.00279000e+02  1.13110000e+01  1.37848000e+05 -1.91127000e-01 
 1.13000000e+00  6.94400000e+03  1.13000000e+00 -4.24597150e-04  3.61037345e-01  6.29432920e-02  1.00279000e+02  1.13110000e+01  1.37848000e+05 -1.91127000e-01 
 1.14000000e+00  6.94400000e+03  1.14000000e+00 -4.35634815e-04  3.61037345e-01  6.29432920e-02  1.00279000e+02  1.13110000e+01  1.37848000e+05 -1.91127000e-01 
 1.15000000e+00  6.94400000e+03  1.15000000e+00 -4.46688547e-04  3.61037345e-01  6.29432920e-02  1.00279000e+02  1.13110000e+01  1.37848000e+05 -1.91127000e-01 
 1.16000000e+00  6.94400000e+03  1.16000000e+00 -4.57756943e-04  3.61037345e-01  6.29432920e-02  1.00279000e+02  1.13110000e+01  1.37848000e+05 -1.91127000e-01 
 1.17000000e+00  6.94400000e+03  1.17000000e+00 -4.68838675e-04  3.61037345e-01  6.29432920e-02  1.00279000e+02  1.13110000e+01  1.37848000e+05 -1.91127000e-01 
 1.18000000e+00  6.94400000e+03  1.18000000e+00 -4.79932495e-04  3.61037345e-01  6.29432920e-02  1.00279000e+02  1.13110000e+01  1.37848000e+05 -1.91127000e-01 
 1.19000000e+00  6.94400000e+03  1.19000000e+00 -4.91037222e-04  3.61037345e-01  6.29432920e-02  1.00279000e+02  1.13110000e+01  1.37848000e+05 -1.91127000e-01 
 1.20000000e+00  6.94400000e+03  1.20000000e+00 -5.02151743e-04  3.61037345e-01  6.29432920e-02  1.00279000e+02  1.13110000e+01  1.37848000e+05 -1.91127000e-01 
 1.21000000e+00  6.94400000e+03  1.21000000e+00 -5.13275007e-04  3.61037345e-01  6.29432920e-02  1.00279000e+02  1.13110000e+01  1.37848000e+05 -1.91127000e-01 
 1.22000000e+00  6.94400000e+03  1.22000000e+00 -5.24406021e-04  3.61037345e-01  6.29432920e-02  1.00279000e+02  1.13110000e+01  1.37848000e+05 -1.91127000e-01 
 1.23000000e+00  6.94400000e+03  1.23000000e+00 -5.35543846e-04  3.61037345e-01  6.29432920e-02  1.00279000e+02  1.13110000e+01  1.37848000e+05 -1.91127000e-01 
 1.24000000e+00  6.94400000e+03  1.24000000e+00 -5.46687596e-04  3.61037345e-01  6.29432920e-02  1.00279000e+02  1.13110000e+01  1.37848000e+05 -1.91127000e-01 
 1.25000000e+00  6.94400000e+03  1.25000000e+00 -5.57836431e-04  3.61037345e-01  6.29432920e-02  1.00279000e+02  1.13110000e+01  1.37848000e+05 -1.91127000e-01 
 1.26000000e+00  6.94400000e+03  1.26000000e+00 -5.68989559e-04  3.61037345e-01  6.29432920e-02  1.00279000e+02  1.13110000e+01  1.37848000e+05 -1.91127000e-01 
 1.27000000e+00  6.94400000e+03  1.27000000e+00 -5.80146228e-04  3.61037345e-01  6.29432920e-02  1.00279000e+02  1.13110000e+01  1.37848000e+05 -1.91127000e-01 
 1.28000000e+00  6.94400000e+03  1.28000000e+00 -5.91305727e-04  3.61037345e-01  6.29432920e-02  1.00279000e+02  1.13110000e+01  1.37848000e+05 -1.91127000e-01 
 1.29000000e+00  6.94400000e+03  1.29000000e+00 -6.02467384e-04  3.61037345e-01  6.29432920e-02  1.00279000e+02  1.13110000e+01  1.37848000e+05 -1.91127000e-01 
 1.30000000e+00  6.94400000e+03  1.30000000e+00 -6.13630561e-04  3.61037345e-01  6.29432920e-02  1.00279000e+02  1.13110000e+01  1.37848000e+05 -1.91127000e-01 
 1.31000000e+00  6.94400000e+03  1.31000000e+00 -6.24794655e-04  3.61037345e-01  6.29432920e-02  1.00279000e+02  1.13110000e+01  1.37848000e+05 -1.91127000e-01 
 1.32000000e+00  6.94400000e+03  1.32000000e+00 -6.35959093e-04  3.61037345e-01  6.29432920e-02  1.00279000e+02  1.13110000e+01  1.37848000e+05 -1.91127000e-01 
 1.33000000e+00  6.94400000e+03  1.33000000e+00 -6.47123333e-04  3.61037345e-01  6.29432920e-02  1.00279000e+02  1.13110000e+01  1.37848000e+05 -1.91127000e-01 
 1.34000000e+00  6.94400000e+03  1.34000000e+00 -6.58286861e-04  3.61037345e-01  6.29432920e-02  1.00279000e+02  1.13110000e+01  1.37848000e+05 -1.91127000e-01 
 1.35000000e+00  6.94400000e+03  1.35000000e+00 -6.69449187e-04  3.61037345e-01  6.29432920e-02  1.00279000e+02  1.13110000e+01  1.37848000e+05 -1.91127000e-01 
 1.36000000e+00  6.94400000e+03  1.36000000e+00 -6.80609850e-04  3.61037345e-01  6.29432920e-02  1.00279000e+02  1.13110000e+01  1.37848000e+05 -1.91127000e-01 
 1.37000000e+00  6.94400000e+03  1.37000000e+00 -6.91768411e-04  3.61037345e-01  6.29432920e-02  1.00279000e+02  1.13110000e+01  1.37848000e+05 -1.91127000e-01 
 1.38000000e+00  6.94400000e+03  1.38000000e+00 -7.02924452e-04  3.61037345e-01  6.29432920e-02  1.00279000e+02  1.13110000e+01  1.37848000e+05 -1.91127000e-01 
 1.39000000e+00  6.94400000e+03  1.39000000e+00 -7.14077578e-04  3.61037345e-01  6.29432920e-02  1.00279000e+02  1.13110000e+01  1.37848000e+05 -1.91127000e-01 
 1.40000000e+00  6.94400000e+03  1.40000000e+00 -7.25227413e-04  3.61037345e-01  6.29432920e-02  1.00279000e+02  1.13110000e+01  1.37848000e+05 -1.91127000e-01 
 1.41000000e+00  6.94400000e+03  1.41000000e+00 -7.36373601e-04  3.61037345e-01  6.29432920e-02  1.00279000e+02  1.13110000e+01  1.37848000e+05 -1.91127000e-01 
 1.42000000e+00  6.94400000e+03  1.42000000e+00 -7.47515802e-04  3.61037345e-01  6.29432920e-02  1.00279000e+02  1.13110000e+01  1.37848000e+05 -1.91127000e-01 
 1.43000000e+00  6.94400000e+03  1.43000000e+00 -7.58653694e-04  3.61037345e-01  6.29432920e-02  1.00279000e+02  1.13110000e+01  1.37848000e+05 -1.91127000e-01 
 1.44000000e+00  6.94400000e+03  1.44000000e+00 -7.69786971e-04  3.61037345e-01  6.29432920e-02  1.00279000e+02  1.13110000e+01  1.37848000e+05 -1.91127000e-01 
 1.45000000e+00  6.94400000e+03  1.45000000e+00 -7.80915344e-04  3.61037345e-01  6.29432920e-02  1.00279000e+02  1.13110000e+01  1.37848000e+05 -1.91127000e-01 
 1.46000000e+00  6.94400000e+03  1.46000000e+00 -7.92038534e-04  3.61037345e-01  6.29432920e-02  1.00279000e+02  1.13110000e+01  1.37848000e+05 -1.91127000e-01 
 1.47000000e+00  6.94400000e+03  1.47000000e+00 -8.03156281e-04  3.61037345e-01  6.29432920e-02  1.00279000e+02  1.13110000e+01  1.37848000e+05 -1.91127000e-01 
 1.48000000e+00  6.94400000e+03  1.48000000e+00 -8.14268333e-04  3.61037345e-01  6.29432920e-02  1.00279000e+02  1.13110000e+01  1.37848000e+05 -1.91127000e-01 
 1.49000000e+00  6.94400000e+03  1.49000000e+00 -8.25374454e-04  3.61037345e-01  6.29432920e-02  1.00279000e+02  1.13110000e+01  1.37848000e+05 -1.91127000e-01 
 1.50000000e+00  6.94400000e+03  1.50000000e+00 -8.36474418e-04  3.61037345e-01  6.29432920e-02  1.00279000e+02  1.13110000e+01  1.37848000e+05 -1.91127000e-01 
 1.51000000e+00  6.94400000e+03  1.51000000e+00 -8.47568010e-04  3.61037345e-01  6.29432920e-02  1.00279000e+02  1.13110000e+01  1.37848000e+05 -1.91127000e-01 
 1.52000000e+00  6.94400000e+03  1.52000000e+00 -8.58655025e-04  3.61037345e-01  6.29432920e-02  1.00279000e+02  1.13110000e+01  1.37848000e+05 -1.91127000e-01 
 1.53000000e+00  6.94400000e+03  1.53000000e+00 -8.69735271e-04  3.61037345e-01  6.29432920e-02  1.00279000e+02  1.13110000e+01  1.37848000e+05 -1.91127000e-01 
 1.54000000e+00  6.94400000e+03  1.54000000e+00 -8.80808561e-04  3.61037345e-01  6.29432920e-02  1.00279000e+02  1.13110000e+01  1.37848000e+05 -1.91127000e-01 
 1.55000000e+00  6.94400000e+03  1.55000000e+00 -8.91874720e-04  3.61037345e-01  6.29432920e-02  1.00279000e+02  1.13110000e+01  1.37848000e+05 -1.91127000e-01 
 1.56000000e+00  6.94400000e+03  1.56000000e+00 -9.02933581e-04  3.61037345e-01  6.29432920e-02  1.00279000e+02  1.13110000e+01  1.37848000e+05 -1.91127000e-01 
 1.57000000e+00  6.94400000e+03  1.57000000e+00 -9.13984984e-04  3.61037345e-01  6.29432920e-02  1.00279000e+02  1.13110000e+01  1.37848000e+05 -1.91127000e-01 
 1.58000000e+00  6.94400000e+03  1.58000000e+00 -9.25028779e-04  3.61037345e-01  6.29432920e-02  1.00279000e+02  1.13110000e+01  1.37848000e+05 -1.91127000e-01 
 1.59000000e+00  6.94400000e+03  1.59000000e+00 -9.36064820e-04  3.61037345e-01  6.29432920e-02  1.00279000e+02  1.13110000e+01  1.37848000e+05 -1.91127000e-01 
 1.60000000e+00  6.94400000e+03  1.60000000e+00 -9.47092970e-04  3.61037345e-01  6.29432920e-02  1.00279000e+02  1.13110000e+01  1.37848000e+05 -1.91127000e-01 
 1.61000000e+00  6.94400000e+03  1.61000000e+00 -9.58113099e-04  3.61037345e-01  6.29432920e-02  1.00279000e+02  1.13110000e+01  1.37848000e+05 -1.91127000e-01 
 1.62000000e+00  6.94400000e+03  1.62000000e+00 -9.69125083e-04  3.61037345e-01  6.29432920e-02  1.00279000e+02  1.13110000e+01  1.37848000e+05 -1.91127000e-01 
 1.63000000e+00  6.94400000e+03  1.63000000e+00 -9.80128803e-04  3.61037345e-01  6.29432920e-02  1.00279000e+02  1.13110000e+01  1.37848000e+05 -1.91127000e-01 
 1.64000000e+00  6.94400000e+03  1.64000000e+00 -9.91124145e-04  3.61037345e-01  6.29432920e-02  1.00279000e+02  1.13110000e+01  1.37848000e+05 -1.91127000e-01 
 1.65000000e+00  6.94400000e+03  1.65000000e+00 -1.00211100e-03  3.61037345e-01  6.29432920e-02  1.00279000e+02  1.13110000e+01  1.37848000e+05 -1.91127000e-01 
 1.66000000e+00  6.94400000e+03  1.66000000e+00 -1.01308927e-03  3.61037345e-01  6.29432920e-02  1.00279000e+02  1.13110000e+01  1.37848000e+05 -1.91127000e-01 
 1.67000000e+00  6.94400000e+03  1.67000000e+00 -1.02405886e-03  3.61037345e-01  6.29432920e-02  1.00279000e+02  1.13110000e+01  1.37848000e+05 -1.91127000e-01 
 1.68000000e+00  6.94400000e+03  1.68000000e+00 -1.03501967e-03  3.61037345e-01  6.29432920e-02  1.00279000e+02  1.13110000e+01  1.37848000e+05 -1.91127000e-01 
 1.69000000e+00  6.94400000e+03  1.69000000e+00 -1.04597161e-03  3.61037345e-01  6.29432920e-02  1.00279000e+02  1.13110000e+01  1.37848000e+05 -1.91127000e-01 
 1.70000000e+00  6.94400000e+03  1.70000000e+00 -1.05691461e-03  3.61037345e-01  6.29432920e-02  1.00279000e+02  1.13110000e+01  1.37848000e+05 -1.91127000e-01 
 1.71000000e+00  6.94400000e+03  1.71000000e+00 -1.06784857e-03  3.61037345e-01  6.29432920e-02  1.00279000e+02  1.13110000e+01  1.37848000e+05 -1.91127000e-01 
 1.72000000e+00  6.94400000e+03  1.72000000e+00 -1.07877343e-03  3.61037345e-01  6.29432920e-02  1.00279000e+02  1.13110000e+01  1.37848000e+05 -1.91127000e-01 
 1.73000000e+00  6.94400000e+03  1.73000000e+00 -1.08968910e-03  3.61037345e-01  6.29432920e-02  1.00279000e+02  1.13110000e+01  1.37848000e+05 -1.91127000e-01 
 1.74000000e+00  6.94400000e+03  1.74000000e+00 -1.10059552e-03  3.61037345e-01  6.29432920e-02  1.00279000e+02  1.13110000e+01  1.37848000e+05 -1.91127000e-01 
 1.75000000e+00  6.94400000e+03  1.75000000e+00 -1.11149263e-03  3.61037345e-01  6.29432920e-02  1.00279000e+02  1.13110000e+01  1.37848000e+05 -1.91127000e-01 
 1.76000000e+00  6.94400000e+03  1.76000000e+00 -1.12238036e-03  3.61037345e-01  6.29432920e-02  1.00279000e+02  1.13110000e+01  1.37848000e+05 -1.91127000e-01 
 1.77000000e+00  6.94400000e+03  1.77000000e+00 -1.13325864e-03  3.61037345e-01  6.29432920e-02  1.00279000e+02  1.13110000e+01  1.37848000e+05 -1.91127000e-01 
 1.78000000e+00  6.94400000e+03  1.78000000e+00 -1.14412742e-03  3.61037345e-01  6.29432920e-02  1.00279000e+02  1.13110000e+01  1.37848000e+05 -1.91127000e-01 
 1.79000000e+00  6.94400000e+03  1.79000000e+00 -1.15498665e-03  3.61037345e-01  6.29432920e-02  1.00279000e+02  1.13110000e+01  1.37848000e+05 -1.91127000e-01 
 1.80000000e+00  6.94400000e+03  1.80000000e+00 -1.16583627e-03  3.61037345e-01  6.29432920e-02  1.00279000e+02  1.13110000e+01  1.37848000e+05 -1.91127000e-01 
