 v-sweep         run_num         v(gate)         i(vds)          out_vth0        out_u0          out_rdsw        out_nfactor     out_vsat        out_eta0       
 0.00000000e+00  7.52400000e+03  0.00000000e+00 -1.85138126e-12  2.50180400e-01  3.33814400e-02  1.00279000e+02  1.13110000e+01  1.37848000e+05 -1.91127000e-01 
 1.00000000e-02  7.52400000e+03  1.00000000e-02 -1.85138419e-12  2.50180400e-01  3.33814400e-02  1.00279000e+02  1.13110000e+01  1.37848000e+05 -1.91127000e-01 
 2.00000000e-02  7.52400000e+03  2.00000000e-02 -1.85139111e-12  2.50180400e-01  3.33814400e-02  1.00279000e+02  1.13110000e+01  1.37848000e+05 -1.91127000e-01 
 3.00000000e-02  7.52400000e+03  3.00000000e-02 -1.85140097e-12  2.50180400e-01  3.33814400e-02  1.00279000e+02  1.13110000e+01  1.37848000e+05 -1.91127000e-01 
 4.00000000e-02  7.52400000e+03  4.00000000e-02 -1.85141696e-12  2.50180400e-01  3.33814400e-02  1.00279000e+02  1.13110000e+01  1.37848000e+05 -1.91127000e-01 
 5.00000000e-02  7.52400000e+03  5.00000000e-02 -1.85144285e-12  2.50180400e-01  3.33814400e-02  1.00279000e+02  1.13110000e+01  1.37848000e+05 -1.91127000e-01 
 6.00000000e-02  7.52400000e+03  6.00000000e-02 -1.85148479e-12  2.50180400e-01  3.33814400e-02  1.00279000e+02  1.13110000e+01  1.37848000e+05 -1.91127000e-01 
 7.00000000e-02  7.52400000e+03  7.00000000e-02 -1.85155275e-12  2.50180400e-01  3.33814400e-02  1.00279000e+02  1.13110000e+01  1.37848000e+05 -1.91127000e-01 
 8.00000000e-02  7.52400000e+03  8.00000000e-02 -1.85166284e-12  2.50180400e-01  3.33814400e-02  1.00279000e+02  1.13110000e+01  1.37848000e+05 -1.91127000e-01 
 9.00000000e-02  7.52400000e+03  9.00000000e-02 -1.85184118e-12  2.50180400e-01  3.33814400e-02  1.00279000e+02  1.13110000e+01  1.37848000e+05 -1.91127000e-01 
 1.00000000e-01  7.52400000e+03  1.00000000e-01 -1.85213011e-12  2.50180400e-01  3.33814400e-02  1.00279000e+02  1.13110000e+01  1.37848000e+05 -1.91127000e-01 
 1.10000000e-01  7.52400000e+03  1.10000000e-01 -1.85259818e-12  2.50180400e-01  3.33814400e-02  1.00279000e+02  1.13110000e+01  1.37848000e+05 -1.91127000e-01 
 1.20000000e-01  7.52400000e+03  1.20000000e-01 -1.85335645e-12  2.50180400e-01  3.33814400e-02  1.00279000e+02  1.13110000e+01  1.37848000e+05 -1.91127000e-01 
 1.30000000e-01  7.52400000e+03  1.30000000e-01 -1.85458486e-12  2.50180400e-01  3.33814400e-02  1.00279000e+02  1.13110000e+01  1.37848000e+05 -1.91127000e-01 
 1.40000000e-01  7.52400000e+03  1.40000000e-01 -1.85657486e-12  2.50180400e-01  3.33814400e-02  1.00279000e+02  1.13110000e+01  1.37848000e+05 -1.91127000e-01 
 1.50000000e-01  7.52400000e+03  1.50000000e-01 -1.85979859e-12  2.50180400e-01  3.33814400e-02  1.00279000e+02  1.13110000e+01  1.37848000e+05 -1.91127000e-01 
 1.60000000e-01  7.52400000e+03  1.60000000e-01 -1.86502082e-12  2.50180400e-01  3.33814400e-02  1.00279000e+02  1.13110000e+01  1.37848000e+05 -1.91127000e-01 
 1.70000000e-01  7.52400000e+03  1.70000000e-01 -1.87348034e-12  2.50180400e-01  3.33814400e-02  1.00279000e+02  1.13110000e+01  1.37848000e+05 -1.91127000e-01 
 1.80000000e-01  7.52400000e+03  1.80000000e-01 -1.88718356e-12  2.50180400e-01  3.33814400e-02  1.00279000e+02  1.13110000e+01  1.37848000e+05 -1.91127000e-01 
 1.90000000e-01  7.52400000e+03  1.90000000e-01 -1.90938012e-12  2.50180400e-01  3.33814400e-02  1.00279000e+02  1.13110000e+01  1.37848000e+05 -1.91127000e-01 
 2.00000000e-01  7.52400000e+03  2.00000000e-01 -1.94533267e-12  2.50180400e-01  3.33814400e-02  1.00279000e+02  1.13110000e+01  1.37848000e+05 -1.91127000e-01 
 2.10000000e-01  7.52400000e+03  2.10000000e-01 -2.00356312e-12  2.50180400e-01  3.33814400e-02  1.00279000e+02  1.13110000e+01  1.37848000e+05 -1.91127000e-01 
 2.20000000e-01  7.52400000e+03  2.20000000e-01 -2.09786933e-12  2.50180400e-01  3.33814400e-02  1.00279000e+02  1.13110000e+01  1.37848000e+05 -1.91127000e-01 
 2.30000000e-01  7.52400000e+03  2.30000000e-01 -2.25058802e-12  2.50180400e-01  3.33814400e-02  1.00279000e+02  1.13110000e+01  1.37848000e+05 -1.91127000e-01 
 2.40000000e-01  7.52400000e+03  2.40000000e-01 -2.49787159e-12  2.50180400e-01  3.33814400e-02  1.00279000e+02  1.13110000e+01  1.37848000e+05 -1.91127000e-01 
 2.50000000e-01  7.52400000e+03  2.50000000e-01 -2.89821838e-12  2.50180400e-01  3.33814400e-02  1.00279000e+02  1.13110000e+01  1.37848000e+05 -1.91127000e-01 
 2.60000000e-01  7.52400000e+03  2.60000000e-01 -3.54625373e-12  2.50180400e-01  3.33814400e-02  1.00279000e+02  1.13110000e+01  1.37848000e+05 -1.91127000e-01 
 2.70000000e-01  7.52400000e+03  2.70000000e-01 -4.59497738e-12  2.50180400e-01  3.33814400e-02  1.00279000e+02  1.13110000e+01  1.37848000e+05 -1.91127000e-01 
 2.80000000e-01  7.52400000e+03  2.80000000e-01 -6.29164419e-12  2.50180400e-01  3.33814400e-02  1.00279000e+02  1.13110000e+01  1.37848000e+05 -1.91127000e-01 
 2.90000000e-01  7.52400000e+03  2.90000000e-01 -9.03556272e-12  2.50180400e-01  3.33814400e-02  1.00279000e+02  1.13110000e+01  1.37848000e+05 -1.91127000e-01 
 3.00000000e-01  7.52400000e+03  3.00000000e-01 -1.34710581e-11  2.50180400e-01  3.33814400e-02  1.00279000e+02  1.13110000e+01  1.37848000e+05 -1.91127000e-01 
 3.10000000e-01  7.52400000e+03  3.10000000e-01 -2.06367043e-11  2.50180400e-01  3.33814400e-02  1.00279000e+02  1.13110000e+01  1.37848000e+05 -1.91127000e-01 
 3.20000000e-01  7.52400000e+03  3.20000000e-01 -3.22043016e-11  2.50180400e-01  3.33814400e-02  1.00279000e+02  1.13110000e+01  1.37848000e+05 -1.91127000e-01 
 3.30000000e-01  7.52400000e+03  3.30000000e-01 -5.08604030e-11  2.50180400e-01  3.33814400e-02  1.00279000e+02  1.13110000e+01  1.37848000e+05 -1.91127000e-01 
 3.40000000e-01  7.52400000e+03  3.40000000e-01 -8.09130864e-11  2.50180400e-01  3.33814400e-02  1.00279000e+02  1.13110000e+01  1.37848000e+05 -1.91127000e-01 
 3.50000000e-01  7.52400000e+03  3.50000000e-01 -1.29252362e-10  2.50180400e-01  3.33814400e-02  1.00279000e+02  1.13110000e+01  1.37848000e+05 -1.91127000e-01 
 3.60000000e-01  7.52400000e+03  3.60000000e-01 -2.06861359e-10  2.50180400e-01  3.33814400e-02  1.00279000e+02  1.13110000e+01  1.37848000e+05 -1.91127000e-01 
 3.70000000e-01  7.52400000e+03  3.70000000e-01 -3.31176995e-10  2.50180400e-01  3.33814400e-02  1.00279000e+02  1.13110000e+01  1.37848000e+05 -1.91127000e-01 
 3.80000000e-01  7.52400000e+03  3.80000000e-01 -5.29745386e-10  2.50180400e-01  3.33814400e-02  1.00279000e+02  1.13110000e+01  1.37848000e+05 -1.91127000e-01 
 3.90000000e-01  7.52400000e+03  3.90000000e-01 -8.45823248e-10  2.50180400e-01  3.33814400e-02  1.00279000e+02  1.13110000e+01  1.37848000e+05 -1.91127000e-01 
 4.00000000e-01  7.52400000e+03  4.00000000e-01 -1.34685753e-09  2.50180400e-01  3.33814400e-02  1.00279000e+02  1.13110000e+01  1.37848000e+05 -1.91127000e-01 
 4.10000000e-01  7.52400000e+03  4.10000000e-01 -2.13714839e-09  2.50180400e-01  3.33814400e-02  1.00279000e+02  1.13110000e+01  1.37848000e+05 -1.91127000e-01 
 4.20000000e-01  7.52400000e+03  4.20000000e-01 -3.37648728e-09  2.50180400e-01  3.33814400e-02  1.00279000e+02  1.13110000e+01  1.37848000e+05 -1.91127000e-01 
 4.30000000e-01  7.52400000e+03  4.30000000e-01 -5.30720277e-09  2.50180400e-01  3.33814400e-02  1.00279000e+02  1.13110000e+01  1.37848000e+05 -1.91127000e-01 
 4.40000000e-01  7.52400000e+03  4.40000000e-01 -8.29293079e-09  2.50180400e-01  3.33814400e-02  1.00279000e+02  1.13110000e+01  1.37848000e+05 -1.91127000e-01 
 4.50000000e-01  7.52400000e+03  4.50000000e-01 -1.28737179e-08  2.50180400e-01  3.33814400e-02  1.00279000e+02  1.13110000e+01  1.37848000e+05 -1.91127000e-01 
 4.60000000e-01  7.52400000e+03  4.60000000e-01 -1.98439642e-08  2.50180400e-01  3.33814400e-02  1.00279000e+02  1.13110000e+01  1.37848000e+05 -1.91127000e-01 
 4.70000000e-01  7.52400000e+03  4.70000000e-01 -3.03621473e-08  2.50180400e-01  3.33814400e-02  1.00279000e+02  1.13110000e+01  1.37848000e+05 -1.91127000e-01 
 4.80000000e-01  7.52400000e+03  4.80000000e-01 -4.61031264e-08  2.50180400e-01  3.33814400e-02  1.00279000e+02  1.13110000e+01  1.37848000e+05 -1.91127000e-01 
 4.90000000e-01  7.52400000e+03  4.90000000e-01 -6.94617953e-08  2.50180400e-01  3.33814400e-02  1.00279000e+02  1.13110000e+01  1.37848000e+05 -1.91127000e-01 
 5.00000000e-01  7.52400000e+03  5.00000000e-01 -1.03805076e-07  2.50180400e-01  3.33814400e-02  1.00279000e+02  1.13110000e+01  1.37848000e+05 -1.91127000e-01 
 5.10000000e-01  7.52400000e+03  5.10000000e-01 -1.53742197e-07  2.50180400e-01  3.33814400e-02  1.00279000e+02  1.13110000e+01  1.37848000e+05 -1.91127000e-01 
 5.20000000e-01  7.52400000e+03  5.20000000e-01 -2.25343359e-07  2.50180400e-01  3.33814400e-02  1.00279000e+02  1.13110000e+01  1.37848000e+05 -1.91127000e-01 
 5.30000000e-01  7.52400000e+03  5.30000000e-01 -3.26202566e-07  2.50180400e-01  3.33814400e-02  1.00279000e+02  1.13110000e+01  1.37848000e+05 -1.91127000e-01 
 5.40000000e-01  7.52400000e+03  5.40000000e-01 -4.65242590e-07  2.50180400e-01  3.33814400e-02  1.00279000e+02  1.13110000e+01  1.37848000e+05 -1.91127000e-01 
 5.50000000e-01  7.52400000e+03  5.50000000e-01 -6.52220402e-07  2.50180400e-01  3.33814400e-02  1.00279000e+02  1.13110000e+01  1.37848000e+05 -1.91127000e-01 
 5.60000000e-01  7.52400000e+03  5.60000000e-01 -8.96995711e-07  2.50180400e-01  3.33814400e-02  1.00279000e+02  1.13110000e+01  1.37848000e+05 -1.91127000e-01 
 5.70000000e-01  7.52400000e+03  5.70000000e-01 -1.20872197e-06  2.50180400e-01  3.33814400e-02  1.00279000e+02  1.13110000e+01  1.37848000e+05 -1.91127000e-01 
 5.80000000e-01  7.52400000e+03  5.80000000e-01 -1.59515302e-06  2.50180400e-01  3.33814400e-02  1.00279000e+02  1.13110000e+01  1.37848000e+05 -1.91127000e-01 
 5.90000000e-01  7.52400000e+03  5.90000000e-01 -2.06221260e-06  2.50180400e-01  3.33814400e-02  1.00279000e+02  1.13110000e+01  1.37848000e+05 -1.91127000e-01 
 6.00000000e-01  7.52400000e+03  6.00000000e-01 -2.61387888e-06  2.50180400e-01  3.33814400e-02  1.00279000e+02  1.13110000e+01  1.37848000e+05 -1.91127000e-01 
 6.10000000e-01  7.52400000e+03  6.10000000e-01 -3.25234265e-06  2.50180400e-01  3.33814400e-02  1.00279000e+02  1.13110000e+01  1.37848000e+05 -1.91127000e-01 
 6.20000000e-01  7.52400000e+03  6.20000000e-01 -3.97834251e-06  2.50180400e-01  3.33814400e-02  1.00279000e+02  1.13110000e+01  1.37848000e+05 -1.91127000e-01 
 6.30000000e-01  7.52400000e+03  6.30000000e-01 -4.79157092e-06  2.50180400e-01  3.33814400e-02  1.00279000e+02  1.13110000e+01  1.37848000e+05 -1.91127000e-01 
 6.40000000e-01  7.52400000e+03  6.40000000e-01 -5.69106651e-06  2.50180400e-01  3.33814400e-02  1.00279000e+02  1.13110000e+01  1.37848000e+05 -1.91127000e-01 
 6.50000000e-01  7.52400000e+03  6.50000000e-01 -6.67554203e-06  2.50180400e-01  3.33814400e-02  1.00279000e+02  1.13110000e+01  1.37848000e+05 -1.91127000e-01 
 6.60000000e-01  7.52400000e+03  6.60000000e-01 -7.74362827e-06  2.50180400e-01  3.33814400e-02  1.00279000e+02  1.13110000e+01  1.37848000e+05 -1.91127000e-01 
 6.70000000e-01  7.52400000e+03  6.70000000e-01 -8.89403570e-06  2.50180400e-01  3.33814400e-02  1.00279000e+02  1.13110000e+01  1.37848000e+05 -1.91127000e-01 
 6.80000000e-01  7.52400000e+03  6.80000000e-01 -1.01256470e-05  2.50180400e-01  3.33814400e-02  1.00279000e+02  1.13110000e+01  1.37848000e+05 -1.91127000e-01 
 6.90000000e-01  7.52400000e+03  6.90000000e-01 -1.14375580e-05  2.50180400e-01  3.33814400e-02  1.00279000e+02  1.13110000e+01  1.37848000e+05 -1.91127000e-01 
 7.00000000e-01  7.52400000e+03  7.00000000e-01 -1.28290827e-05  2.50180400e-01  3.33814400e-02  1.00279000e+02  1.13110000e+01  1.37848000e+05 -1.91127000e-01 
 7.10000000e-01  7.52400000e+03  7.10000000e-01 -1.42997367e-05  2.50180400e-01  3.33814400e-02  1.00279000e+02  1.13110000e+01  1.37848000e+05 -1.91127000e-01 
 7.20000000e-01  7.52400000e+03  7.20000000e-01 -1.58492094e-05  2.50180400e-01  3.33814400e-02  1.00279000e+02  1.13110000e+01  1.37848000e+05 -1.91127000e-01 
 7.30000000e-01  7.52400000e+03  7.30000000e-01 -1.74773308e-05  2.50180400e-01  3.33814400e-02  1.00279000e+02  1.13110000e+01  1.37848000e+05 -1.91127000e-01 
 7.40000000e-01  7.52400000e+03  7.40000000e-01 -1.91840384e-05  2.50180400e-01  3.33814400e-02  1.00279000e+02  1.13110000e+01  1.37848000e+05 -1.91127000e-01 
 7.50000000e-01  7.52400000e+03  7.50000000e-01 -2.09693468e-05  2.50180400e-01  3.33814400e-02  1.00279000e+02  1.13110000e+01  1.37848000e+05 -1.91127000e-01 
 7.60000000e-01  7.52400000e+03  7.60000000e-01 -2.28333209e-05  2.50180400e-01  3.33814400e-02  1.00279000e+02  1.13110000e+01  1.37848000e+05 -1.91127000e-01 
 7.70000000e-01  7.52400000e+03  7.70000000e-01 -2.47760528e-05  2.50180400e-01  3.33814400e-02  1.00279000e+02  1.13110000e+01  1.37848000e+05 -1.91127000e-01 
 7.80000000e-01  7.52400000e+03  7.80000000e-01 -2.67976435e-05  2.50180400e-01  3.33814400e-02  1.00279000e+02  1.13110000e+01  1.37848000e+05 -1.91127000e-01 
 7.90000000e-01  7.52400000e+03  7.90000000e-01 -2.88981879e-05  2.50180400e-01  3.33814400e-02  1.00279000e+02  1.13110000e+01  1.37848000e+05 -1.91127000e-01 
 8.00000000e-01  7.52400000e+03  8.00000000e-01 -3.10777633e-05  2.50180400e-01  3.33814400e-02  1.00279000e+02  1.13110000e+01  1.37848000e+05 -1.91127000e-01 
 8.10000000e-01  7.52400000e+03  8.10000000e-01 -3.33364206e-05  2.50180400e-01  3.33814400e-02  1.00279000e+02  1.13110000e+01  1.37848000e+05 -1.91127000e-01 
 8.20000000e-01  7.52400000e+03  8.20000000e-01 -3.56741781e-05  2.50180400e-01  3.33814400e-02  1.00279000e+02  1.13110000e+01  1.37848000e+05 -1.91127000e-01 
 8.30000000e-01  7.52400000e+03  8.30000000e-01 -3.80910166e-05  2.50180400e-01  3.33814400e-02  1.00279000e+02  1.13110000e+01  1.37848000e+05 -1.91127000e-01 
 8.40000000e-01  7.52400000e+03  8.40000000e-01 -4.05868763e-05  2.50180400e-01  3.33814400e-02  1.00279000e+02  1.13110000e+01  1.37848000e+05 -1.91127000e-01 
 8.50000000e-01  7.52400000e+03  8.50000000e-01 -4.31616551e-05  2.50180400e-01  3.33814400e-02  1.00279000e+02  1.13110000e+01  1.37848000e+05 -1.91127000e-01 
 8.60000000e-01  7.52400000e+03  8.60000000e-01 -4.58152074e-05  2.50180400e-01  3.33814400e-02  1.00279000e+02  1.13110000e+01  1.37848000e+05 -1.91127000e-01 
 8.70000000e-01  7.52400000e+03  8.70000000e-01 -4.85473435e-05  2.50180400e-01  3.33814400e-02  1.00279000e+02  1.13110000e+01  1.37848000e+05 -1.91127000e-01 
 8.80000000e-01  7.52400000e+03  8.80000000e-01 -5.13578296e-05  2.50180400e-01  3.33814400e-02  1.00279000e+02  1.13110000e+01  1.37848000e+05 -1.91127000e-01 
 8.90000000e-01  7.52400000e+03  8.90000000e-01 -5.42463887e-05  2.50180400e-01  3.33814400e-02  1.00279000e+02  1.13110000e+01  1.37848000e+05 -1.91127000e-01 
 9.00000000e-01  7.52400000e+03  9.00000000e-01 -5.72127008e-05  2.50180400e-01  3.33814400e-02  1.00279000e+02  1.13110000e+01  1.37848000e+05 -1.91127000e-01 
 9.10000000e-01  7.52400000e+03  9.10000000e-01 -6.02564036e-05  2.50180400e-01  3.33814400e-02  1.00279000e+02  1.13110000e+01  1.37848000e+05 -1.91127000e-01 
 9.20000000e-01  7.52400000e+03  9.20000000e-01 -6.33770939e-05  2.50180400e-01  3.33814400e-02  1.00279000e+02  1.13110000e+01  1.37848000e+05 -1.91127000e-01 
 9.30000000e-01  7.52400000e+03  9.30000000e-01 -6.65743283e-05  2.50180400e-01  3.33814400e-02  1.00279000e+02  1.13110000e+01  1.37848000e+05 -1.91127000e-01 
 9.40000000e-01  7.52400000e+03  9.40000000e-01 -6.98476242e-05  2.50180400e-01  3.33814400e-02  1.00279000e+02  1.13110000e+01  1.37848000e+05 -1.91127000e-01 
 9.50000000e-01  7.52400000e+03  9.50000000e-01 -7.31964609e-05  2.50180400e-01  3.33814400e-02  1.00279000e+02  1.13110000e+01  1.37848000e+05 -1.91127000e-01 
 9.60000000e-01  7.52400000e+03  9.60000000e-01 -7.66202807e-05  2.50180400e-01  3.33814400e-02  1.00279000e+02  1.13110000e+01  1.37848000e+05 -1.91127000e-01 
 9.70000000e-01  7.52400000e+03  9.70000000e-01 -8.01184889e-05  2.50180400e-01  3.33814400e-02  1.00279000e+02  1.13110000e+01  1.37848000e+05 -1.91127000e-01 
 9.80000000e-01  7.52400000e+03  9.80000000e-01 -8.36904564e-05  2.50180400e-01  3.33814400e-02  1.00279000e+02  1.13110000e+01  1.37848000e+05 -1.91127000e-01 
 9.90000000e-01  7.52400000e+03  9.90000000e-01 -8.73355205e-05  2.50180400e-01  3.33814400e-02  1.00279000e+02  1.13110000e+01  1.37848000e+05 -1.91127000e-01 
 1.00000000e+00  7.52400000e+03  1.00000000e+00 -9.10529856e-05  2.50180400e-01  3.33814400e-02  1.00279000e+02  1.13110000e+01  1.37848000e+05 -1.91127000e-01 
 1.01000000e+00  7.52400000e+03  1.01000000e+00 -9.48421240e-05  2.50180400e-01  3.33814400e-02  1.00279000e+02  1.13110000e+01  1.37848000e+05 -1.91127000e-01 
 1.02000000e+00  7.52400000e+03  1.02000000e+00 -9.87021772e-05  2.50180400e-01  3.33814400e-02  1.00279000e+02  1.13110000e+01  1.37848000e+05 -1.91127000e-01 
 1.03000000e+00  7.52400000e+03  1.03000000e+00 -1.02632357e-04  2.50180400e-01  3.33814400e-02  1.00279000e+02  1.13110000e+01  1.37848000e+05 -1.91127000e-01 
 1.04000000e+00  7.52400000e+03  1.04000000e+00 -1.06631845e-04  2.50180400e-01  3.33814400e-02  1.00279000e+02  1.13110000e+01  1.37848000e+05 -1.91127000e-01 
 1.05000000e+00  7.52400000e+03  1.05000000e+00 -1.10699796e-04  2.50180400e-01  3.33814400e-02  1.00279000e+02  1.13110000e+01  1.37848000e+05 -1.91127000e-01 
 1.06000000e+00  7.52400000e+03  1.06000000e+00 -1.14835337e-04  2.50180400e-01  3.33814400e-02  1.00279000e+02  1.13110000e+01  1.37848000e+05 -1.91127000e-01 
 1.07000000e+00  7.52400000e+03  1.07000000e+00 -1.19037569e-04  2.50180400e-01  3.33814400e-02  1.00279000e+02  1.13110000e+01  1.37848000e+05 -1.91127000e-01 
 1.08000000e+00  7.52400000e+03  1.08000000e+00 -1.23305568e-04  2.50180400e-01  3.33814400e-02  1.00279000e+02  1.13110000e+01  1.37848000e+05 -1.91127000e-01 
 1.09000000e+00  7.52400000e+03  1.09000000e+00 -1.27638386e-04  2.50180400e-01  3.33814400e-02  1.00279000e+02  1.13110000e+01  1.37848000e+05 -1.91127000e-01 
 1.10000000e+00  7.52400000e+03  1.10000000e+00 -1.32035050e-04  2.50180400e-01  3.33814400e-02  1.00279000e+02  1.13110000e+01  1.37848000e+05 -1.91127000e-01 
 1.11000000e+00  7.52400000e+03  1.11000000e+00 -1.36494568e-04  2.50180400e-01  3.33814400e-02  1.00279000e+02  1.13110000e+01  1.37848000e+05 -1.91127000e-01 
 1.12000000e+00  7.52400000e+03  1.12000000e+00 -1.41015922e-04  2.50180400e-01  3.33814400e-02  1.00279000e+02  1.13110000e+01  1.37848000e+05 -1.91127000e-01 
 1.13000000e+00  7.52400000e+03  1.13000000e+00 -1.45598078e-04  2.50180400e-01  3.33814400e-02  1.00279000e+02  1.13110000e+01  1.37848000e+05 -1.91127000e-01 
 1.14000000e+00  7.52400000e+03  1.14000000e+00 -1.50239981e-04  2.50180400e-01  3.33814400e-02  1.00279000e+02  1.13110000e+01  1.37848000e+05 -1.91127000e-01 
 1.15000000e+00  7.52400000e+03  1.15000000e+00 -1.54940556e-04  2.50180400e-01  3.33814400e-02  1.00279000e+02  1.13110000e+01  1.37848000e+05 -1.91127000e-01 
 1.16000000e+00  7.52400000e+03  1.16000000e+00 -1.59698712e-04  2.50180400e-01  3.33814400e-02  1.00279000e+02  1.13110000e+01  1.37848000e+05 -1.91127000e-01 
 1.17000000e+00  7.52400000e+03  1.17000000e+00 -1.64513342e-04  2.50180400e-01  3.33814400e-02  1.00279000e+02  1.13110000e+01  1.37848000e+05 -1.91127000e-01 
 1.18000000e+00  7.52400000e+03  1.18000000e+00 -1.69383322e-04  2.50180400e-01  3.33814400e-02  1.00279000e+02  1.13110000e+01  1.37848000e+05 -1.91127000e-01 
 1.19000000e+00  7.52400000e+03  1.19000000e+00 -1.74307515e-04  2.50180400e-01  3.33814400e-02  1.00279000e+02  1.13110000e+01  1.37848000e+05 -1.91127000e-01 
 1.20000000e+00  7.52400000e+03  1.20000000e+00 -1.79284769e-04  2.50180400e-01  3.33814400e-02  1.00279000e+02  1.13110000e+01  1.37848000e+05 -1.91127000e-01 
 1.21000000e+00  7.52400000e+03  1.21000000e+00 -1.84313920e-04  2.50180400e-01  3.33814400e-02  1.00279000e+02  1.13110000e+01  1.37848000e+05 -1.91127000e-01 
 1.22000000e+00  7.52400000e+03  1.22000000e+00 -1.89393792e-04  2.50180400e-01  3.33814400e-02  1.00279000e+02  1.13110000e+01  1.37848000e+05 -1.91127000e-01 
 1.23000000e+00  7.52400000e+03  1.23000000e+00 -1.94523198e-04  2.50180400e-01  3.33814400e-02  1.00279000e+02  1.13110000e+01  1.37848000e+05 -1.91127000e-01 
 1.24000000e+00  7.52400000e+03  1.24000000e+00 -1.99700942e-04  2.50180400e-01  3.33814400e-02  1.00279000e+02  1.13110000e+01  1.37848000e+05 -1.91127000e-01 
 1.25000000e+00  7.52400000e+03  1.25000000e+00 -2.04925818e-04  2.50180400e-01  3.33814400e-02  1.00279000e+02  1.13110000e+01  1.37848000e+05 -1.91127000e-01 
 1.26000000e+00  7.52400000e+03  1.26000000e+00 -2.10196614e-04  2.50180400e-01  3.33814400e-02  1.00279000e+02  1.13110000e+01  1.37848000e+05 -1.91127000e-01 
 1.27000000e+00  7.52400000e+03  1.27000000e+00 -2.15512109e-04  2.50180400e-01  3.33814400e-02  1.00279000e+02  1.13110000e+01  1.37848000e+05 -1.91127000e-01 
 1.28000000e+00  7.52400000e+03  1.28000000e+00 -2.20871077e-04  2.50180400e-01  3.33814400e-02  1.00279000e+02  1.13110000e+01  1.37848000e+05 -1.91127000e-01 
 1.29000000e+00  7.52400000e+03  1.29000000e+00 -2.26272285e-04  2.50180400e-01  3.33814400e-02  1.00279000e+02  1.13110000e+01  1.37848000e+05 -1.91127000e-01 
 1.30000000e+00  7.52400000e+03  1.30000000e+00 -2.31714497e-04  2.50180400e-01  3.33814400e-02  1.00279000e+02  1.13110000e+01  1.37848000e+05 -1.91127000e-01 
 1.31000000e+00  7.52400000e+03  1.31000000e+00 -2.37196475e-04  2.50180400e-01  3.33814400e-02  1.00279000e+02  1.13110000e+01  1.37848000e+05 -1.91127000e-01 
 1.32000000e+00  7.52400000e+03  1.32000000e+00 -2.42716975e-04  2.50180400e-01  3.33814400e-02  1.00279000e+02  1.13110000e+01  1.37848000e+05 -1.91127000e-01 
 1.33000000e+00  7.52400000e+03  1.33000000e+00 -2.48274753e-04  2.50180400e-01  3.33814400e-02  1.00279000e+02  1.13110000e+01  1.37848000e+05 -1.91127000e-01 
 1.34000000e+00  7.52400000e+03  1.34000000e+00 -2.53868564e-04  2.50180400e-01  3.33814400e-02  1.00279000e+02  1.13110000e+01  1.37848000e+05 -1.91127000e-01 
 1.35000000e+00  7.52400000e+03  1.35000000e+00 -2.59497163e-04  2.50180400e-01  3.33814400e-02  1.00279000e+02  1.13110000e+01  1.37848000e+05 -1.91127000e-01 
 1.36000000e+00  7.52400000e+03  1.36000000e+00 -2.65159304e-04  2.50180400e-01  3.33814400e-02  1.00279000e+02  1.13110000e+01  1.37848000e+05 -1.91127000e-01 
 1.37000000e+00  7.52400000e+03  1.37000000e+00 -2.70853743e-04  2.50180400e-01  3.33814400e-02  1.00279000e+02  1.13110000e+01  1.37848000e+05 -1.91127000e-01 
 1.38000000e+00  7.52400000e+03  1.38000000e+00 -2.76579239e-04  2.50180400e-01  3.33814400e-02  1.00279000e+02  1.13110000e+01  1.37848000e+05 -1.91127000e-01 
 1.39000000e+00  7.52400000e+03  1.39000000e+00 -2.82334554e-04  2.50180400e-01  3.33814400e-02  1.00279000e+02  1.13110000e+01  1.37848000e+05 -1.91127000e-01 
 1.40000000e+00  7.52400000e+03  1.40000000e+00 -2.88118450e-04  2.50180400e-01  3.33814400e-02  1.00279000e+02  1.13110000e+01  1.37848000e+05 -1.91127000e-01 
 1.41000000e+00  7.52400000e+03  1.41000000e+00 -2.93929697e-04  2.50180400e-01  3.33814400e-02  1.00279000e+02  1.13110000e+01  1.37848000e+05 -1.91127000e-01 
 1.42000000e+00  7.52400000e+03  1.42000000e+00 -2.99767068e-04  2.50180400e-01  3.33814400e-02  1.00279000e+02  1.13110000e+01  1.37848000e+05 -1.91127000e-01 
 1.43000000e+00  7.52400000e+03  1.43000000e+00 -3.05629341e-04  2.50180400e-01  3.33814400e-02  1.00279000e+02  1.13110000e+01  1.37848000e+05 -1.91127000e-01 
 1.44000000e+00  7.52400000e+03  1.44000000e+00 -3.11515302e-04  2.50180400e-01  3.33814400e-02  1.00279000e+02  1.13110000e+01  1.37848000e+05 -1.91127000e-01 
 1.45000000e+00  7.52400000e+03  1.45000000e+00 -3.17423741e-04  2.50180400e-01  3.33814400e-02  1.00279000e+02  1.13110000e+01  1.37848000e+05 -1.91127000e-01 
 1.46000000e+00  7.52400000e+03  1.46000000e+00 -3.23353456e-04  2.50180400e-01  3.33814400e-02  1.00279000e+02  1.13110000e+01  1.37848000e+05 -1.91127000e-01 
 1.47000000e+00  7.52400000e+03  1.47000000e+00 -3.29303254e-04  2.50180400e-01  3.33814400e-02  1.00279000e+02  1.13110000e+01  1.37848000e+05 -1.91127000e-01 
 1.48000000e+00  7.52400000e+03  1.48000000e+00 -3.35271949e-04  2.50180400e-01  3.33814400e-02  1.00279000e+02  1.13110000e+01  1.37848000e+05 -1.91127000e-01 
 1.49000000e+00  7.52400000e+03  1.49000000e+00 -3.41258363e-04  2.50180400e-01  3.33814400e-02  1.00279000e+02  1.13110000e+01  1.37848000e+05 -1.91127000e-01 
 1.50000000e+00  7.52400000e+03  1.50000000e+00 -3.47261329e-04  2.50180400e-01  3.33814400e-02  1.00279000e+02  1.13110000e+01  1.37848000e+05 -1.91127000e-01 
 1.51000000e+00  7.52400000e+03  1.51000000e+00 -3.53279689e-04  2.50180400e-01  3.33814400e-02  1.00279000e+02  1.13110000e+01  1.37848000e+05 -1.91127000e-01 
 1.52000000e+00  7.52400000e+03  1.52000000e+00 -3.59312294e-04  2.50180400e-01  3.33814400e-02  1.00279000e+02  1.13110000e+01  1.37848000e+05 -1.91127000e-01 
 1.53000000e+00  7.52400000e+03  1.53000000e+00 -3.65358006e-04  2.50180400e-01  3.33814400e-02  1.00279000e+02  1.13110000e+01  1.37848000e+05 -1.91127000e-01 
 1.54000000e+00  7.52400000e+03  1.54000000e+00 -3.71415699e-04  2.50180400e-01  3.33814400e-02  1.00279000e+02  1.13110000e+01  1.37848000e+05 -1.91127000e-01 
 1.55000000e+00  7.52400000e+03  1.55000000e+00 -3.77484257e-04  2.50180400e-01  3.33814400e-02  1.00279000e+02  1.13110000e+01  1.37848000e+05 -1.91127000e-01 
 1.56000000e+00  7.52400000e+03  1.56000000e+00 -3.83562576e-04  2.50180400e-01  3.33814400e-02  1.00279000e+02  1.13110000e+01  1.37848000e+05 -1.91127000e-01 
 1.57000000e+00  7.52400000e+03  1.57000000e+00 -3.89649564e-04  2.50180400e-01  3.33814400e-02  1.00279000e+02  1.13110000e+01  1.37848000e+05 -1.91127000e-01 
 1.58000000e+00  7.52400000e+03  1.58000000e+00 -3.95744142e-04  2.50180400e-01  3.33814400e-02  1.00279000e+02  1.13110000e+01  1.37848000e+05 -1.91127000e-01 
 1.59000000e+00  7.52400000e+03  1.59000000e+00 -4.01845242e-04  2.50180400e-01  3.33814400e-02  1.00279000e+02  1.13110000e+01  1.37848000e+05 -1.91127000e-01 
 1.60000000e+00  7.52400000e+03  1.60000000e+00 -4.07951810e-04  2.50180400e-01  3.33814400e-02  1.00279000e+02  1.13110000e+01  1.37848000e+05 -1.91127000e-01 
 1.61000000e+00  7.52400000e+03  1.61000000e+00 -4.14062804e-04  2.50180400e-01  3.33814400e-02  1.00279000e+02  1.13110000e+01  1.37848000e+05 -1.91127000e-01 
 1.62000000e+00  7.52400000e+03  1.62000000e+00 -4.20177196e-04  2.50180400e-01  3.33814400e-02  1.00279000e+02  1.13110000e+01  1.37848000e+05 -1.91127000e-01 
 1.63000000e+00  7.52400000e+03  1.63000000e+00 -4.26293973e-04  2.50180400e-01  3.33814400e-02  1.00279000e+02  1.13110000e+01  1.37848000e+05 -1.91127000e-01 
 1.64000000e+00  7.52400000e+03  1.64000000e+00 -4.32412131e-04  2.50180400e-01  3.33814400e-02  1.00279000e+02  1.13110000e+01  1.37848000e+05 -1.91127000e-01 
 1.65000000e+00  7.52400000e+03  1.65000000e+00 -4.38530686e-04  2.50180400e-01  3.33814400e-02  1.00279000e+02  1.13110000e+01  1.37848000e+05 -1.91127000e-01 
 1.66000000e+00  7.52400000e+03  1.66000000e+00 -4.44648664e-04  2.50180400e-01  3.33814400e-02  1.00279000e+02  1.13110000e+01  1.37848000e+05 -1.91127000e-01 
 1.67000000e+00  7.52400000e+03  1.67000000e+00 -4.50765106e-04  2.50180400e-01  3.33814400e-02  1.00279000e+02  1.13110000e+01  1.37848000e+05 -1.91127000e-01 
 1.68000000e+00  7.52400000e+03  1.68000000e+00 -4.56879068e-04  2.50180400e-01  3.33814400e-02  1.00279000e+02  1.13110000e+01  1.37848000e+05 -1.91127000e-01 
 1.69000000e+00  7.52400000e+03  1.69000000e+00 -4.62989620e-04  2.50180400e-01  3.33814400e-02  1.00279000e+02  1.13110000e+01  1.37848000e+05 -1.91127000e-01 
 1.70000000e+00  7.52400000e+03  1.70000000e+00 -4.69095846e-04  2.50180400e-01  3.33814400e-02  1.00279000e+02  1.13110000e+01  1.37848000e+05 -1.91127000e-01 
 1.71000000e+00  7.52400000e+03  1.71000000e+00 -4.75196846e-04  2.50180400e-01  3.33814400e-02  1.00279000e+02  1.13110000e+01  1.37848000e+05 -1.91127000e-01 
 1.72000000e+00  7.52400000e+03  1.72000000e+00 -4.81291733e-04  2.50180400e-01  3.33814400e-02  1.00279000e+02  1.13110000e+01  1.37848000e+05 -1.91127000e-01 
 1.73000000e+00  7.52400000e+03  1.73000000e+00 -4.87379636e-04  2.50180400e-01  3.33814400e-02  1.00279000e+02  1.13110000e+01  1.37848000e+05 -1.91127000e-01 
 1.74000000e+00  7.52400000e+03  1.74000000e+00 -4.93459699e-04  2.50180400e-01  3.33814400e-02  1.00279000e+02  1.13110000e+01  1.37848000e+05 -1.91127000e-01 
 1.75000000e+00  7.52400000e+03  1.75000000e+00 -4.99531080e-04  2.50180400e-01  3.33814400e-02  1.00279000e+02  1.13110000e+01  1.37848000e+05 -1.91127000e-01 
 1.76000000e+00  7.52400000e+03  1.76000000e+00 -5.05592952e-04  2.50180400e-01  3.33814400e-02  1.00279000e+02  1.13110000e+01  1.37848000e+05 -1.91127000e-01 
 1.77000000e+00  7.52400000e+03  1.77000000e+00 -5.11644502e-04  2.50180400e-01  3.33814400e-02  1.00279000e+02  1.13110000e+01  1.37848000e+05 -1.91127000e-01 
 1.78000000e+00  7.52400000e+03  1.78000000e+00 -5.17684934e-04  2.50180400e-01  3.33814400e-02  1.00279000e+02  1.13110000e+01  1.37848000e+05 -1.91127000e-01 
 1.79000000e+00  7.52400000e+03  1.79000000e+00 -5.23713466e-04  2.50180400e-01  3.33814400e-02  1.00279000e+02  1.13110000e+01  1.37848000e+05 -1.91127000e-01 
 1.80000000e+00  7.52400000e+03  1.80000000e+00 -5.29729328e-04  2.50180400e-01  3.33814400e-02  1.00279000e+02  1.13110000e+01  1.37848000e+05 -1.91127000e-01 
