 v-sweep         run_num         v(gate)         i(vds)          out_vth0        out_u0          out_rdsw        out_nfactor     out_vsat        out_eta0       
 0.00000000e+00  8.10000000e+03  0.00000000e+00 -1.85137863e-12  2.93560591e-01  4.49494910e-02  1.00279000e+02  1.13110000e+01  1.37848000e+05 -1.91127000e-01 
 1.00000000e-02  8.10000000e+03  1.00000000e-02 -1.85138029e-12  2.93560591e-01  4.49494910e-02  1.00279000e+02  1.13110000e+01  1.37848000e+05 -1.91127000e-01 
 2.00000000e-02  8.10000000e+03  2.00000000e-02 -1.85138421e-12  2.93560591e-01  4.49494910e-02  1.00279000e+02  1.13110000e+01  1.37848000e+05 -1.91127000e-01 
 3.00000000e-02  8.10000000e+03  3.00000000e-02 -1.85138980e-12  2.93560591e-01  4.49494910e-02  1.00279000e+02  1.13110000e+01  1.37848000e+05 -1.91127000e-01 
 4.00000000e-02  8.10000000e+03  4.00000000e-02 -1.85139886e-12  2.93560591e-01  4.49494910e-02  1.00279000e+02  1.13110000e+01  1.37848000e+05 -1.91127000e-01 
 5.00000000e-02  8.10000000e+03  5.00000000e-02 -1.85141353e-12  2.93560591e-01  4.49494910e-02  1.00279000e+02  1.13110000e+01  1.37848000e+05 -1.91127000e-01 
 6.00000000e-02  8.10000000e+03  6.00000000e-02 -1.85143730e-12  2.93560591e-01  4.49494910e-02  1.00279000e+02  1.13110000e+01  1.37848000e+05 -1.91127000e-01 
 7.00000000e-02  8.10000000e+03  7.00000000e-02 -1.85147580e-12  2.93560591e-01  4.49494910e-02  1.00279000e+02  1.13110000e+01  1.37848000e+05 -1.91127000e-01 
 8.00000000e-02  8.10000000e+03  8.00000000e-02 -1.85153818e-12  2.93560591e-01  4.49494910e-02  1.00279000e+02  1.13110000e+01  1.37848000e+05 -1.91127000e-01 
 9.00000000e-02  8.10000000e+03  9.00000000e-02 -1.85163924e-12  2.93560591e-01  4.49494910e-02  1.00279000e+02  1.13110000e+01  1.37848000e+05 -1.91127000e-01 
 1.00000000e-01  8.10000000e+03  1.00000000e-01 -1.85180297e-12  2.93560591e-01  4.49494910e-02  1.00279000e+02  1.13110000e+01  1.37848000e+05 -1.91127000e-01 
 1.10000000e-01  8.10000000e+03  1.10000000e-01 -1.85206820e-12  2.93560591e-01  4.49494910e-02  1.00279000e+02  1.13110000e+01  1.37848000e+05 -1.91127000e-01 
 1.20000000e-01  8.10000000e+03  1.20000000e-01 -1.85249790e-12  2.93560591e-01  4.49494910e-02  1.00279000e+02  1.13110000e+01  1.37848000e+05 -1.91127000e-01 
 1.30000000e-01  8.10000000e+03  1.30000000e-01 -1.85319402e-12  2.93560591e-01  4.49494910e-02  1.00279000e+02  1.13110000e+01  1.37848000e+05 -1.91127000e-01 
 1.40000000e-01  8.10000000e+03  1.40000000e-01 -1.85432176e-12  2.93560591e-01  4.49494910e-02  1.00279000e+02  1.13110000e+01  1.37848000e+05 -1.91127000e-01 
 1.50000000e-01  8.10000000e+03  1.50000000e-01 -1.85614873e-12  2.93560591e-01  4.49494910e-02  1.00279000e+02  1.13110000e+01  1.37848000e+05 -1.91127000e-01 
 1.60000000e-01  8.10000000e+03  1.60000000e-01 -1.85910845e-12  2.93560591e-01  4.49494910e-02  1.00279000e+02  1.13110000e+01  1.37848000e+05 -1.91127000e-01 
 1.70000000e-01  8.10000000e+03  1.70000000e-01 -1.86390321e-12  2.93560591e-01  4.49494910e-02  1.00279000e+02  1.13110000e+01  1.37848000e+05 -1.91127000e-01 
 1.80000000e-01  8.10000000e+03  1.80000000e-01 -1.87167067e-12  2.93560591e-01  4.49494910e-02  1.00279000e+02  1.13110000e+01  1.37848000e+05 -1.91127000e-01 
 1.90000000e-01  8.10000000e+03  1.90000000e-01 -1.88425374e-12  2.93560591e-01  4.49494910e-02  1.00279000e+02  1.13110000e+01  1.37848000e+05 -1.91127000e-01 
 2.00000000e-01  8.10000000e+03  2.00000000e-01 -1.90463764e-12  2.93560591e-01  4.49494910e-02  1.00279000e+02  1.13110000e+01  1.37848000e+05 -1.91127000e-01 
 2.10000000e-01  8.10000000e+03  2.10000000e-01 -1.93765781e-12  2.93560591e-01  4.49494910e-02  1.00279000e+02  1.13110000e+01  1.37848000e+05 -1.91127000e-01 
 2.20000000e-01  8.10000000e+03  2.20000000e-01 -1.99114639e-12  2.93560591e-01  4.49494910e-02  1.00279000e+02  1.13110000e+01  1.37848000e+05 -1.91127000e-01 
 2.30000000e-01  8.10000000e+03  2.30000000e-01 -2.07778854e-12  2.93560591e-01  4.49494910e-02  1.00279000e+02  1.13110000e+01  1.37848000e+05 -1.91127000e-01 
 2.40000000e-01  8.10000000e+03  2.40000000e-01 -2.21812810e-12  2.93560591e-01  4.49494910e-02  1.00279000e+02  1.13110000e+01  1.37848000e+05 -1.91127000e-01 
 2.50000000e-01  8.10000000e+03  2.50000000e-01 -2.44543319e-12  2.93560591e-01  4.49494910e-02  1.00279000e+02  1.13110000e+01  1.37848000e+05 -1.91127000e-01 
 2.60000000e-01  8.10000000e+03  2.60000000e-01 -2.81357099e-12  2.93560591e-01  4.49494910e-02  1.00279000e+02  1.13110000e+01  1.37848000e+05 -1.91127000e-01 
 2.70000000e-01  8.10000000e+03  2.70000000e-01 -3.40974945e-12  2.93560591e-01  4.49494910e-02  1.00279000e+02  1.13110000e+01  1.37848000e+05 -1.91127000e-01 
 2.80000000e-01  8.10000000e+03  2.80000000e-01 -4.37512692e-12  2.93560591e-01  4.49494910e-02  1.00279000e+02  1.13110000e+01  1.37848000e+05 -1.91127000e-01 
 2.90000000e-01  8.10000000e+03  2.90000000e-01 -5.93813373e-12  2.93560591e-01  4.49494910e-02  1.00279000e+02  1.13110000e+01  1.37848000e+05 -1.91127000e-01 
 3.00000000e-01  8.10000000e+03  3.00000000e-01 -8.46831682e-12  2.93560591e-01  4.49494910e-02  1.00279000e+02  1.13110000e+01  1.37848000e+05 -1.91127000e-01 
 3.10000000e-01  8.10000000e+03  3.10000000e-01 -1.25632873e-11  2.93560591e-01  4.49494910e-02  1.00279000e+02  1.13110000e+01  1.37848000e+05 -1.91127000e-01 
 3.20000000e-01  8.10000000e+03  3.20000000e-01 -1.91889986e-11  2.93560591e-01  4.49494910e-02  1.00279000e+02  1.13110000e+01  1.37848000e+05 -1.91127000e-01 
 3.30000000e-01  8.10000000e+03  3.30000000e-01 -2.99058139e-11  2.93560591e-01  4.49494910e-02  1.00279000e+02  1.13110000e+01  1.37848000e+05 -1.91127000e-01 
 3.40000000e-01  8.10000000e+03  3.40000000e-01 -4.72323120e-11  2.93560591e-01  4.49494910e-02  1.00279000e+02  1.13110000e+01  1.37848000e+05 -1.91127000e-01 
 3.50000000e-01  8.10000000e+03  3.50000000e-01 -7.52297109e-11  2.93560591e-01  4.49494910e-02  1.00279000e+02  1.13110000e+01  1.37848000e+05 -1.91127000e-01 
 3.60000000e-01  8.10000000e+03  3.60000000e-01 -1.20438575e-10  2.93560591e-01  4.49494910e-02  1.00279000e+02  1.13110000e+01  1.37848000e+05 -1.91127000e-01 
 3.70000000e-01  8.10000000e+03  3.70000000e-01 -1.93375905e-10  2.93560591e-01  4.49494910e-02  1.00279000e+02  1.13110000e+01  1.37848000e+05 -1.91127000e-01 
 3.80000000e-01  8.10000000e+03  3.80000000e-01 -3.10919363e-10  2.93560591e-01  4.49494910e-02  1.00279000e+02  1.13110000e+01  1.37848000e+05 -1.91127000e-01 
 3.90000000e-01  8.10000000e+03  3.90000000e-01 -5.00087445e-10  2.93560591e-01  4.49494910e-02  1.00279000e+02  1.13110000e+01  1.37848000e+05 -1.91127000e-01 
 4.00000000e-01  8.10000000e+03  4.00000000e-01 -8.03999962e-10  2.93560591e-01  4.49494910e-02  1.00279000e+02  1.13110000e+01  1.37848000e+05 -1.91127000e-01 
 4.10000000e-01  8.10000000e+03  4.10000000e-01 -1.29121258e-09  2.93560591e-01  4.49494910e-02  1.00279000e+02  1.13110000e+01  1.37848000e+05 -1.91127000e-01 
 4.20000000e-01  8.10000000e+03  4.20000000e-01 -2.07021463e-09  2.93560591e-01  4.49494910e-02  1.00279000e+02  1.13110000e+01  1.37848000e+05 -1.91127000e-01 
 4.30000000e-01  8.10000000e+03  4.30000000e-01 -3.31172268e-09  2.93560591e-01  4.49494910e-02  1.00279000e+02  1.13110000e+01  1.37848000e+05 -1.91127000e-01 
 4.40000000e-01  8.10000000e+03  4.40000000e-01 -5.28256197e-09  2.93560591e-01  4.49494910e-02  1.00279000e+02  1.13110000e+01  1.37848000e+05 -1.91127000e-01 
 4.50000000e-01  8.10000000e+03  4.50000000e-01 -8.39647240e-09  2.93560591e-01  4.49494910e-02  1.00279000e+02  1.13110000e+01  1.37848000e+05 -1.91127000e-01 
 4.60000000e-01  8.10000000e+03  4.60000000e-01 -1.32891838e-08  2.93560591e-01  4.49494910e-02  1.00279000e+02  1.13110000e+01  1.37848000e+05 -1.91127000e-01 
 4.70000000e-01  8.10000000e+03  4.70000000e-01 -2.09276964e-08  2.93560591e-01  4.49494910e-02  1.00279000e+02  1.13110000e+01  1.37848000e+05 -1.91127000e-01 
 4.80000000e-01  8.10000000e+03  4.80000000e-01 -3.27671475e-08  2.93560591e-01  4.49494910e-02  1.00279000e+02  1.13110000e+01  1.37848000e+05 -1.91127000e-01 
 4.90000000e-01  8.10000000e+03  4.90000000e-01 -5.09734863e-08  2.93560591e-01  4.49494910e-02  1.00279000e+02  1.13110000e+01  1.37848000e+05 -1.91127000e-01 
 5.00000000e-01  8.10000000e+03  5.00000000e-01 -7.87372123e-08  2.93560591e-01  4.49494910e-02  1.00279000e+02  1.13110000e+01  1.37848000e+05 -1.91127000e-01 
 5.10000000e-01  8.10000000e+03  5.10000000e-01 -1.20712814e-07  2.93560591e-01  4.49494910e-02  1.00279000e+02  1.13110000e+01  1.37848000e+05 -1.91127000e-01 
 5.20000000e-01  8.10000000e+03  5.20000000e-01 -1.83627101e-07  2.93560591e-01  4.49494910e-02  1.00279000e+02  1.13110000e+01  1.37848000e+05 -1.91127000e-01 
 5.30000000e-01  8.10000000e+03  5.30000000e-01 -2.77095943e-07  2.93560591e-01  4.49494910e-02  1.00279000e+02  1.13110000e+01  1.37848000e+05 -1.91127000e-01 
 5.40000000e-01  8.10000000e+03  5.40000000e-01 -4.14649857e-07  2.93560591e-01  4.49494910e-02  1.00279000e+02  1.13110000e+01  1.37848000e+05 -1.91127000e-01 
 5.50000000e-01  8.10000000e+03  5.50000000e-01 -6.14866799e-07  2.93560591e-01  4.49494910e-02  1.00279000e+02  1.13110000e+01  1.37848000e+05 -1.91127000e-01 
 5.60000000e-01  8.10000000e+03  5.60000000e-01 -9.02342510e-07  2.93560591e-01  4.49494910e-02  1.00279000e+02  1.13110000e+01  1.37848000e+05 -1.91127000e-01 
 5.70000000e-01  8.10000000e+03  5.70000000e-01 -1.30805672e-06  2.93560591e-01  4.49494910e-02  1.00279000e+02  1.13110000e+01  1.37848000e+05 -1.91127000e-01 
 5.80000000e-01  8.10000000e+03  5.80000000e-01 -1.86865074e-06  2.93560591e-01  4.49494910e-02  1.00279000e+02  1.13110000e+01  1.37848000e+05 -1.91127000e-01 
 5.90000000e-01  8.10000000e+03  5.90000000e-01 -2.62434487e-06  2.93560591e-01  4.49494910e-02  1.00279000e+02  1.13110000e+01  1.37848000e+05 -1.91127000e-01 
 6.00000000e-01  8.10000000e+03  6.00000000e-01 -3.61567901e-06  2.93560591e-01  4.49494910e-02  1.00279000e+02  1.13110000e+01  1.37848000e+05 -1.91127000e-01 
 6.10000000e-01  8.10000000e+03  6.10000000e-01 -4.87974978e-06  2.93560591e-01  4.49494910e-02  1.00279000e+02  1.13110000e+01  1.37848000e+05 -1.91127000e-01 
 6.20000000e-01  8.10000000e+03  6.20000000e-01 -6.44685975e-06  2.93560591e-01  4.49494910e-02  1.00279000e+02  1.13110000e+01  1.37848000e+05 -1.91127000e-01 
 6.30000000e-01  8.10000000e+03  6.30000000e-01 -8.33834937e-06  2.93560591e-01  4.49494910e-02  1.00279000e+02  1.13110000e+01  1.37848000e+05 -1.91127000e-01 
 6.40000000e-01  8.10000000e+03  6.40000000e-01 -1.05659477e-05  2.93560591e-01  4.49494910e-02  1.00279000e+02  1.13110000e+01  1.37848000e+05 -1.91127000e-01 
 6.50000000e-01  8.10000000e+03  6.50000000e-01 -1.31325004e-05  2.93560591e-01  4.49494910e-02  1.00279000e+02  1.13110000e+01  1.37848000e+05 -1.91127000e-01 
 6.60000000e-01  8.10000000e+03  6.60000000e-01 -1.60336204e-05  2.93560591e-01  4.49494910e-02  1.00279000e+02  1.13110000e+01  1.37848000e+05 -1.91127000e-01 
 6.70000000e-01  8.10000000e+03  6.70000000e-01 -1.92597251e-05  2.93560591e-01  4.49494910e-02  1.00279000e+02  1.13110000e+01  1.37848000e+05 -1.91127000e-01 
 6.80000000e-01  8.10000000e+03  6.80000000e-01 -2.27980204e-05  2.93560591e-01  4.49494910e-02  1.00279000e+02  1.13110000e+01  1.37848000e+05 -1.91127000e-01 
 6.90000000e-01  8.10000000e+03  6.90000000e-01 -2.66341617e-05  2.93560591e-01  4.49494910e-02  1.00279000e+02  1.13110000e+01  1.37848000e+05 -1.91127000e-01 
 7.00000000e-01  8.10000000e+03  7.00000000e-01 -3.07534841e-05  2.93560591e-01  4.49494910e-02  1.00279000e+02  1.13110000e+01  1.37848000e+05 -1.91127000e-01 
 7.10000000e-01  8.10000000e+03  7.10000000e-01 -3.51418124e-05  2.93560591e-01  4.49494910e-02  1.00279000e+02  1.13110000e+01  1.37848000e+05 -1.91127000e-01 
 7.20000000e-01  8.10000000e+03  7.20000000e-01 -3.97859185e-05  2.93560591e-01  4.49494910e-02  1.00279000e+02  1.13110000e+01  1.37848000e+05 -1.91127000e-01 
 7.30000000e-01  8.10000000e+03  7.30000000e-01 -4.46737195e-05  2.93560591e-01  4.49494910e-02  1.00279000e+02  1.13110000e+01  1.37848000e+05 -1.91127000e-01 
 7.40000000e-01  8.10000000e+03  7.40000000e-01 -4.97943004e-05  2.93560591e-01  4.49494910e-02  1.00279000e+02  1.13110000e+01  1.37848000e+05 -1.91127000e-01 
 7.50000000e-01  8.10000000e+03  7.50000000e-01 -5.51378343e-05  2.93560591e-01  4.49494910e-02  1.00279000e+02  1.13110000e+01  1.37848000e+05 -1.91127000e-01 
 7.60000000e-01  8.10000000e+03  7.60000000e-01 -6.06954486e-05  2.93560591e-01  4.49494910e-02  1.00279000e+02  1.13110000e+01  1.37848000e+05 -1.91127000e-01 
 7.70000000e-01  8.10000000e+03  7.70000000e-01 -6.64590749e-05  2.93560591e-01  4.49494910e-02  1.00279000e+02  1.13110000e+01  1.37848000e+05 -1.91127000e-01 
 7.80000000e-01  8.10000000e+03  7.80000000e-01 -7.24213009e-05  2.93560591e-01  4.49494910e-02  1.00279000e+02  1.13110000e+01  1.37848000e+05 -1.91127000e-01 
 7.90000000e-01  8.10000000e+03  7.90000000e-01 -7.85752389e-05  2.93560591e-01  4.49494910e-02  1.00279000e+02  1.13110000e+01  1.37848000e+05 -1.91127000e-01 
 8.00000000e-01  8.10000000e+03  8.00000000e-01 -8.49144127e-05  2.93560591e-01  4.49494910e-02  1.00279000e+02  1.13110000e+01  1.37848000e+05 -1.91127000e-01 
 8.10000000e-01  8.10000000e+03  8.10000000e-01 -9.14326676e-05  2.93560591e-01  4.49494910e-02  1.00279000e+02  1.13110000e+01  1.37848000e+05 -1.91127000e-01 
 8.20000000e-01  8.10000000e+03  8.20000000e-01 -9.81240984e-05  2.93560591e-01  4.49494910e-02  1.00279000e+02  1.13110000e+01  1.37848000e+05 -1.91127000e-01 
 8.30000000e-01  8.10000000e+03  8.30000000e-01 -1.04982997e-04  2.93560591e-01  4.49494910e-02  1.00279000e+02  1.13110000e+01  1.37848000e+05 -1.91127000e-01 
 8.40000000e-01  8.10000000e+03  8.40000000e-01 -1.12003811e-04  2.93560591e-01  4.49494910e-02  1.00279000e+02  1.13110000e+01  1.37848000e+05 -1.91127000e-01 
 8.50000000e-01  8.10000000e+03  8.50000000e-01 -1.19181121e-04  2.93560591e-01  4.49494910e-02  1.00279000e+02  1.13110000e+01  1.37848000e+05 -1.91127000e-01 
 8.60000000e-01  8.10000000e+03  8.60000000e-01 -1.26509619e-04  2.93560591e-01  4.49494910e-02  1.00279000e+02  1.13110000e+01  1.37848000e+05 -1.91127000e-01 
 8.70000000e-01  8.10000000e+03  8.70000000e-01 -1.33984098e-04  2.93560591e-01  4.49494910e-02  1.00279000e+02  1.13110000e+01  1.37848000e+05 -1.91127000e-01 
 8.80000000e-01  8.10000000e+03  8.80000000e-01 -1.41599450e-04  2.93560591e-01  4.49494910e-02  1.00279000e+02  1.13110000e+01  1.37848000e+05 -1.91127000e-01 
 8.90000000e-01  8.10000000e+03  8.90000000e-01 -1.49350660e-04  2.93560591e-01  4.49494910e-02  1.00279000e+02  1.13110000e+01  1.37848000e+05 -1.91127000e-01 
 9.00000000e-01  8.10000000e+03  9.00000000e-01 -1.57232806e-04  2.93560591e-01  4.49494910e-02  1.00279000e+02  1.13110000e+01  1.37848000e+05 -1.91127000e-01 
 9.10000000e-01  8.10000000e+03  9.10000000e-01 -1.65241065e-04  2.93560591e-01  4.49494910e-02  1.00279000e+02  1.13110000e+01  1.37848000e+05 -1.91127000e-01 
 9.20000000e-01  8.10000000e+03  9.20000000e-01 -1.73370714e-04  2.93560591e-01  4.49494910e-02  1.00279000e+02  1.13110000e+01  1.37848000e+05 -1.91127000e-01 
 9.30000000e-01  8.10000000e+03  9.30000000e-01 -1.81617131e-04  2.93560591e-01  4.49494910e-02  1.00279000e+02  1.13110000e+01  1.37848000e+05 -1.91127000e-01 
 9.40000000e-01  8.10000000e+03  9.40000000e-01 -1.89975799e-04  2.93560591e-01  4.49494910e-02  1.00279000e+02  1.13110000e+01  1.37848000e+05 -1.91127000e-01 
 9.50000000e-01  8.10000000e+03  9.50000000e-01 -1.98442311e-04  2.93560591e-01  4.49494910e-02  1.00279000e+02  1.13110000e+01  1.37848000e+05 -1.91127000e-01 
 9.60000000e-01  8.10000000e+03  9.60000000e-01 -2.07012370e-04  2.93560591e-01  4.49494910e-02  1.00279000e+02  1.13110000e+01  1.37848000e+05 -1.91127000e-01 
 9.70000000e-01  8.10000000e+03  9.70000000e-01 -2.15681788e-04  2.93560591e-01  4.49494910e-02  1.00279000e+02  1.13110000e+01  1.37848000e+05 -1.91127000e-01 
 9.80000000e-01  8.10000000e+03  9.80000000e-01 -2.24446494e-04  2.93560591e-01  4.49494910e-02  1.00279000e+02  1.13110000e+01  1.37848000e+05 -1.91127000e-01 
 9.90000000e-01  8.10000000e+03  9.90000000e-01 -2.33302530e-04  2.93560591e-01  4.49494910e-02  1.00279000e+02  1.13110000e+01  1.37848000e+05 -1.91127000e-01 
 1.00000000e+00  8.10000000e+03  1.00000000e+00 -2.42246056e-04  2.93560591e-01  4.49494910e-02  1.00279000e+02  1.13110000e+01  1.37848000e+05 -1.91127000e-01 
 1.01000000e+00  8.10000000e+03  1.01000000e+00 -2.51273343e-04  2.93560591e-01  4.49494910e-02  1.00279000e+02  1.13110000e+01  1.37848000e+05 -1.91127000e-01 
 1.02000000e+00  8.10000000e+03  1.02000000e+00 -2.60380778e-04  2.93560591e-01  4.49494910e-02  1.00279000e+02  1.13110000e+01  1.37848000e+05 -1.91127000e-01 
 1.03000000e+00  8.10000000e+03  1.03000000e+00 -2.69564859e-04  2.93560591e-01  4.49494910e-02  1.00279000e+02  1.13110000e+01  1.37848000e+05 -1.91127000e-01 
 1.04000000e+00  8.10000000e+03  1.04000000e+00 -2.78822197e-04  2.93560591e-01  4.49494910e-02  1.00279000e+02  1.13110000e+01  1.37848000e+05 -1.91127000e-01 
 1.05000000e+00  8.10000000e+03  1.05000000e+00 -2.88149509e-04  2.93560591e-01  4.49494910e-02  1.00279000e+02  1.13110000e+01  1.37848000e+05 -1.91127000e-01 
 1.06000000e+00  8.10000000e+03  1.06000000e+00 -2.97543622e-04  2.93560591e-01  4.49494910e-02  1.00279000e+02  1.13110000e+01  1.37848000e+05 -1.91127000e-01 
 1.07000000e+00  8.10000000e+03  1.07000000e+00 -3.07001469e-04  2.93560591e-01  4.49494910e-02  1.00279000e+02  1.13110000e+01  1.37848000e+05 -1.91127000e-01 
 1.08000000e+00  8.10000000e+03  1.08000000e+00 -3.16520082e-04  2.93560591e-01  4.49494910e-02  1.00279000e+02  1.13110000e+01  1.37848000e+05 -1.91127000e-01 
 1.09000000e+00  8.10000000e+03  1.09000000e+00 -3.26096597e-04  2.93560591e-01  4.49494910e-02  1.00279000e+02  1.13110000e+01  1.37848000e+05 -1.91127000e-01 
 1.10000000e+00  8.10000000e+03  1.10000000e+00 -3.35728244e-04  2.93560591e-01  4.49494910e-02  1.00279000e+02  1.13110000e+01  1.37848000e+05 -1.91127000e-01 
 1.11000000e+00  8.10000000e+03  1.11000000e+00 -3.45412352e-04  2.93560591e-01  4.49494910e-02  1.00279000e+02  1.13110000e+01  1.37848000e+05 -1.91127000e-01 
 1.12000000e+00  8.10000000e+03  1.12000000e+00 -3.55146338e-04  2.93560591e-01  4.49494910e-02  1.00279000e+02  1.13110000e+01  1.37848000e+05 -1.91127000e-01 
 1.13000000e+00  8.10000000e+03  1.13000000e+00 -3.64927711e-04  2.93560591e-01  4.49494910e-02  1.00279000e+02  1.13110000e+01  1.37848000e+05 -1.91127000e-01 
 1.14000000e+00  8.10000000e+03  1.14000000e+00 -3.74754066e-04  2.93560591e-01  4.49494910e-02  1.00279000e+02  1.13110000e+01  1.37848000e+05 -1.91127000e-01 
 1.15000000e+00  8.10000000e+03  1.15000000e+00 -3.84623082e-04  2.93560591e-01  4.49494910e-02  1.00279000e+02  1.13110000e+01  1.37848000e+05 -1.91127000e-01 
 1.16000000e+00  8.10000000e+03  1.16000000e+00 -3.94532519e-04  2.93560591e-01  4.49494910e-02  1.00279000e+02  1.13110000e+01  1.37848000e+05 -1.91127000e-01 
 1.17000000e+00  8.10000000e+03  1.17000000e+00 -4.04480216e-04  2.93560591e-01  4.49494910e-02  1.00279000e+02  1.13110000e+01  1.37848000e+05 -1.91127000e-01 
 1.18000000e+00  8.10000000e+03  1.18000000e+00 -4.14464088e-04  2.93560591e-01  4.49494910e-02  1.00279000e+02  1.13110000e+01  1.37848000e+05 -1.91127000e-01 
 1.19000000e+00  8.10000000e+03  1.19000000e+00 -4.24482122e-04  2.93560591e-01  4.49494910e-02  1.00279000e+02  1.13110000e+01  1.37848000e+05 -1.91127000e-01 
 1.20000000e+00  8.10000000e+03  1.20000000e+00 -4.34532378e-04  2.93560591e-01  4.49494910e-02  1.00279000e+02  1.13110000e+01  1.37848000e+05 -1.91127000e-01 
 1.21000000e+00  8.10000000e+03  1.21000000e+00 -4.44612982e-04  2.93560591e-01  4.49494910e-02  1.00279000e+02  1.13110000e+01  1.37848000e+05 -1.91127000e-01 
 1.22000000e+00  8.10000000e+03  1.22000000e+00 -4.54722127e-04  2.93560591e-01  4.49494910e-02  1.00279000e+02  1.13110000e+01  1.37848000e+05 -1.91127000e-01 
 1.23000000e+00  8.10000000e+03  1.23000000e+00 -4.64858070e-04  2.93560591e-01  4.49494910e-02  1.00279000e+02  1.13110000e+01  1.37848000e+05 -1.91127000e-01 
 1.24000000e+00  8.10000000e+03  1.24000000e+00 -4.75019129e-04  2.93560591e-01  4.49494910e-02  1.00279000e+02  1.13110000e+01  1.37848000e+05 -1.91127000e-01 
 1.25000000e+00  8.10000000e+03  1.25000000e+00 -4.85203681e-04  2.93560591e-01  4.49494910e-02  1.00279000e+02  1.13110000e+01  1.37848000e+05 -1.91127000e-01 
 1.26000000e+00  8.10000000e+03  1.26000000e+00 -4.95410160e-04  2.93560591e-01  4.49494910e-02  1.00279000e+02  1.13110000e+01  1.37848000e+05 -1.91127000e-01 
 1.27000000e+00  8.10000000e+03  1.27000000e+00 -5.05637054e-04  2.93560591e-01  4.49494910e-02  1.00279000e+02  1.13110000e+01  1.37848000e+05 -1.91127000e-01 
 1.28000000e+00  8.10000000e+03  1.28000000e+00 -5.15882906e-04  2.93560591e-01  4.49494910e-02  1.00279000e+02  1.13110000e+01  1.37848000e+05 -1.91127000e-01 
 1.29000000e+00  8.10000000e+03  1.29000000e+00 -5.26146307e-04  2.93560591e-01  4.49494910e-02  1.00279000e+02  1.13110000e+01  1.37848000e+05 -1.91127000e-01 
 1.30000000e+00  8.10000000e+03  1.30000000e+00 -5.36425900e-04  2.93560591e-01  4.49494910e-02  1.00279000e+02  1.13110000e+01  1.37848000e+05 -1.91127000e-01 
 1.31000000e+00  8.10000000e+03  1.31000000e+00 -5.46720374e-04  2.93560591e-01  4.49494910e-02  1.00279000e+02  1.13110000e+01  1.37848000e+05 -1.91127000e-01 
 1.32000000e+00  8.10000000e+03  1.32000000e+00 -5.57028464e-04  2.93560591e-01  4.49494910e-02  1.00279000e+02  1.13110000e+01  1.37848000e+05 -1.91127000e-01 
 1.33000000e+00  8.10000000e+03  1.33000000e+00 -5.67348947e-04  2.93560591e-01  4.49494910e-02  1.00279000e+02  1.13110000e+01  1.37848000e+05 -1.91127000e-01 
 1.34000000e+00  8.10000000e+03  1.34000000e+00 -5.77680645e-04  2.93560591e-01  4.49494910e-02  1.00279000e+02  1.13110000e+01  1.37848000e+05 -1.91127000e-01 
 1.35000000e+00  8.10000000e+03  1.35000000e+00 -5.88022420e-04  2.93560591e-01  4.49494910e-02  1.00279000e+02  1.13110000e+01  1.37848000e+05 -1.91127000e-01 
 1.36000000e+00  8.10000000e+03  1.36000000e+00 -5.98373171e-04  2.93560591e-01  4.49494910e-02  1.00279000e+02  1.13110000e+01  1.37848000e+05 -1.91127000e-01 
 1.37000000e+00  8.10000000e+03  1.37000000e+00 -6.08731839e-04  2.93560591e-01  4.49494910e-02  1.00279000e+02  1.13110000e+01  1.37848000e+05 -1.91127000e-01 
 1.38000000e+00  8.10000000e+03  1.38000000e+00 -6.19097397e-04  2.93560591e-01  4.49494910e-02  1.00279000e+02  1.13110000e+01  1.37848000e+05 -1.91127000e-01 
 1.39000000e+00  8.10000000e+03  1.39000000e+00 -6.29468857e-04  2.93560591e-01  4.49494910e-02  1.00279000e+02  1.13110000e+01  1.37848000e+05 -1.91127000e-01 
 1.40000000e+00  8.10000000e+03  1.40000000e+00 -6.39845261e-04  2.93560591e-01  4.49494910e-02  1.00279000e+02  1.13110000e+01  1.37848000e+05 -1.91127000e-01 
 1.41000000e+00  8.10000000e+03  1.41000000e+00 -6.50225687e-04  2.93560591e-01  4.49494910e-02  1.00279000e+02  1.13110000e+01  1.37848000e+05 -1.91127000e-01 
 1.42000000e+00  8.10000000e+03  1.42000000e+00 -6.60609243e-04  2.93560591e-01  4.49494910e-02  1.00279000e+02  1.13110000e+01  1.37848000e+05 -1.91127000e-01 
 1.43000000e+00  8.10000000e+03  1.43000000e+00 -6.70995066e-04  2.93560591e-01  4.49494910e-02  1.00279000e+02  1.13110000e+01  1.37848000e+05 -1.91127000e-01 
 1.44000000e+00  8.10000000e+03  1.44000000e+00 -6.81382324e-04  2.93560591e-01  4.49494910e-02  1.00279000e+02  1.13110000e+01  1.37848000e+05 -1.91127000e-01 
 1.45000000e+00  8.10000000e+03  1.45000000e+00 -6.91770212e-04  2.93560591e-01  4.49494910e-02  1.00279000e+02  1.13110000e+01  1.37848000e+05 -1.91127000e-01 
 1.46000000e+00  8.10000000e+03  1.46000000e+00 -7.02157953e-04  2.93560591e-01  4.49494910e-02  1.00279000e+02  1.13110000e+01  1.37848000e+05 -1.91127000e-01 
 1.47000000e+00  8.10000000e+03  1.47000000e+00 -7.12544796e-04  2.93560591e-01  4.49494910e-02  1.00279000e+02  1.13110000e+01  1.37848000e+05 -1.91127000e-01 
 1.48000000e+00  8.10000000e+03  1.48000000e+00 -7.22930014e-04  2.93560591e-01  4.49494910e-02  1.00279000e+02  1.13110000e+01  1.37848000e+05 -1.91127000e-01 
 1.49000000e+00  8.10000000e+03  1.49000000e+00 -7.33312906e-04  2.93560591e-01  4.49494910e-02  1.00279000e+02  1.13110000e+01  1.37848000e+05 -1.91127000e-01 
 1.50000000e+00  8.10000000e+03  1.50000000e+00 -7.43692792e-04  2.93560591e-01  4.49494910e-02  1.00279000e+02  1.13110000e+01  1.37848000e+05 -1.91127000e-01 
 1.51000000e+00  8.10000000e+03  1.51000000e+00 -7.54069018e-04  2.93560591e-01  4.49494910e-02  1.00279000e+02  1.13110000e+01  1.37848000e+05 -1.91127000e-01 
 1.52000000e+00  8.10000000e+03  1.52000000e+00 -7.64440948e-04  2.93560591e-01  4.49494910e-02  1.00279000e+02  1.13110000e+01  1.37848000e+05 -1.91127000e-01 
 1.53000000e+00  8.10000000e+03  1.53000000e+00 -7.74807970e-04  2.93560591e-01  4.49494910e-02  1.00279000e+02  1.13110000e+01  1.37848000e+05 -1.91127000e-01 
 1.54000000e+00  8.10000000e+03  1.54000000e+00 -7.85169490e-04  2.93560591e-01  4.49494910e-02  1.00279000e+02  1.13110000e+01  1.37848000e+05 -1.91127000e-01 
 1.55000000e+00  8.10000000e+03  1.55000000e+00 -7.95524936e-04  2.93560591e-01  4.49494910e-02  1.00279000e+02  1.13110000e+01  1.37848000e+05 -1.91127000e-01 
 1.56000000e+00  8.10000000e+03  1.56000000e+00 -8.05873752e-04  2.93560591e-01  4.49494910e-02  1.00279000e+02  1.13110000e+01  1.37848000e+05 -1.91127000e-01 
 1.57000000e+00  8.10000000e+03  1.57000000e+00 -8.16215403e-04  2.93560591e-01  4.49494910e-02  1.00279000e+02  1.13110000e+01  1.37848000e+05 -1.91127000e-01 
 1.58000000e+00  8.10000000e+03  1.58000000e+00 -8.26549369e-04  2.93560591e-01  4.49494910e-02  1.00279000e+02  1.13110000e+01  1.37848000e+05 -1.91127000e-01 
 1.59000000e+00  8.10000000e+03  1.59000000e+00 -8.36875149e-04  2.93560591e-01  4.49494910e-02  1.00279000e+02  1.13110000e+01  1.37848000e+05 -1.91127000e-01 
 1.60000000e+00  8.10000000e+03  1.60000000e+00 -8.47192256e-04  2.93560591e-01  4.49494910e-02  1.00279000e+02  1.13110000e+01  1.37848000e+05 -1.91127000e-01 
 1.61000000e+00  8.10000000e+03  1.61000000e+00 -8.57500221e-04  2.93560591e-01  4.49494910e-02  1.00279000e+02  1.13110000e+01  1.37848000e+05 -1.91127000e-01 
 1.62000000e+00  8.10000000e+03  1.62000000e+00 -8.67798590e-04  2.93560591e-01  4.49494910e-02  1.00279000e+02  1.13110000e+01  1.37848000e+05 -1.91127000e-01 
 1.63000000e+00  8.10000000e+03  1.63000000e+00 -8.78086922e-04  2.93560591e-01  4.49494910e-02  1.00279000e+02  1.13110000e+01  1.37848000e+05 -1.91127000e-01 
 1.64000000e+00  8.10000000e+03  1.64000000e+00 -8.88364792e-04  2.93560591e-01  4.49494910e-02  1.00279000e+02  1.13110000e+01  1.37848000e+05 -1.91127000e-01 
 1.65000000e+00  8.10000000e+03  1.65000000e+00 -8.98631787e-04  2.93560591e-01  4.49494910e-02  1.00279000e+02  1.13110000e+01  1.37848000e+05 -1.91127000e-01 
 1.66000000e+00  8.10000000e+03  1.66000000e+00 -9.08887509e-04  2.93560591e-01  4.49494910e-02  1.00279000e+02  1.13110000e+01  1.37848000e+05 -1.91127000e-01 
 1.67000000e+00  8.10000000e+03  1.67000000e+00 -9.19131572e-04  2.93560591e-01  4.49494910e-02  1.00279000e+02  1.13110000e+01  1.37848000e+05 -1.91127000e-01 
 1.68000000e+00  8.10000000e+03  1.68000000e+00 -9.29363602e-04  2.93560591e-01  4.49494910e-02  1.00279000e+02  1.13110000e+01  1.37848000e+05 -1.91127000e-01 
 1.69000000e+00  8.10000000e+03  1.69000000e+00 -9.39583236e-04  2.93560591e-01  4.49494910e-02  1.00279000e+02  1.13110000e+01  1.37848000e+05 -1.91127000e-01 
 1.70000000e+00  8.10000000e+03  1.70000000e+00 -9.49790125e-04  2.93560591e-01  4.49494910e-02  1.00279000e+02  1.13110000e+01  1.37848000e+05 -1.91127000e-01 
 1.71000000e+00  8.10000000e+03  1.71000000e+00 -9.59983929e-04  2.93560591e-01  4.49494910e-02  1.00279000e+02  1.13110000e+01  1.37848000e+05 -1.91127000e-01 
 1.72000000e+00  8.10000000e+03  1.72000000e+00 -9.70164320e-04  2.93560591e-01  4.49494910e-02  1.00279000e+02  1.13110000e+01  1.37848000e+05 -1.91127000e-01 
 1.73000000e+00  8.10000000e+03  1.73000000e+00 -9.80330980e-04  2.93560591e-01  4.49494910e-02  1.00279000e+02  1.13110000e+01  1.37848000e+05 -1.91127000e-01 
 1.74000000e+00  8.10000000e+03  1.74000000e+00 -9.90483599e-04  2.93560591e-01  4.49494910e-02  1.00279000e+02  1.13110000e+01  1.37848000e+05 -1.91127000e-01 
 1.75000000e+00  8.10000000e+03  1.75000000e+00 -1.00062188e-03  2.93560591e-01  4.49494910e-02  1.00279000e+02  1.13110000e+01  1.37848000e+05 -1.91127000e-01 
 1.76000000e+00  8.10000000e+03  1.76000000e+00 -1.01074553e-03  2.93560591e-01  4.49494910e-02  1.00279000e+02  1.13110000e+01  1.37848000e+05 -1.91127000e-01 
 1.77000000e+00  8.10000000e+03  1.77000000e+00 -1.02085428e-03  2.93560591e-01  4.49494910e-02  1.00279000e+02  1.13110000e+01  1.37848000e+05 -1.91127000e-01 
 1.78000000e+00  8.10000000e+03  1.78000000e+00 -1.03094785e-03  2.93560591e-01  4.49494910e-02  1.00279000e+02  1.13110000e+01  1.37848000e+05 -1.91127000e-01 
 1.79000000e+00  8.10000000e+03  1.79000000e+00 -1.04102597e-03  2.93560591e-01  4.49494910e-02  1.00279000e+02  1.13110000e+01  1.37848000e+05 -1.91127000e-01 
 1.80000000e+00  8.10000000e+03  1.80000000e+00 -1.05108840e-03  2.93560591e-01  4.49494910e-02  1.00279000e+02  1.13110000e+01  1.37848000e+05 -1.91127000e-01 
