 v-sweep         run_num         v(gate)         i(vds)          out_vth0        out_u0          out_rdsw        out_nfactor     out_vsat        out_eta0       
 0.00000000e+00  8.51900000e+03  0.00000000e+00 -1.85138185e-12  2.61566773e-01  3.64178060e-02  1.00279000e+02  1.13110000e+01  1.37848000e+05 -1.91127000e-01 
 1.00000000e-02  8.51900000e+03  1.00000000e-02 -1.85138506e-12  2.61566773e-01  3.64178060e-02  1.00279000e+02  1.13110000e+01  1.37848000e+05 -1.91127000e-01 
 2.00000000e-02  8.51900000e+03  2.00000000e-02 -1.85139265e-12  2.61566773e-01  3.64178060e-02  1.00279000e+02  1.13110000e+01  1.37848000e+05 -1.91127000e-01 
 3.00000000e-02  8.51900000e+03  3.00000000e-02 -1.85140347e-12  2.61566773e-01  3.64178060e-02  1.00279000e+02  1.13110000e+01  1.37848000e+05 -1.91127000e-01 
 4.00000000e-02  8.51900000e+03  4.00000000e-02 -1.85142101e-12  2.61566773e-01  3.64178060e-02  1.00279000e+02  1.13110000e+01  1.37848000e+05 -1.91127000e-01 
 5.00000000e-02  8.51900000e+03  5.00000000e-02 -1.85144941e-12  2.61566773e-01  3.64178060e-02  1.00279000e+02  1.13110000e+01  1.37848000e+05 -1.91127000e-01 
 6.00000000e-02  8.51900000e+03  6.00000000e-02 -1.85149542e-12  2.61566773e-01  3.64178060e-02  1.00279000e+02  1.13110000e+01  1.37848000e+05 -1.91127000e-01 
 7.00000000e-02  8.51900000e+03  7.00000000e-02 -1.85156997e-12  2.61566773e-01  3.64178060e-02  1.00279000e+02  1.13110000e+01  1.37848000e+05 -1.91127000e-01 
 8.00000000e-02  8.51900000e+03  8.00000000e-02 -1.85169073e-12  2.61566773e-01  3.64178060e-02  1.00279000e+02  1.13110000e+01  1.37848000e+05 -1.91127000e-01 
 9.00000000e-02  8.51900000e+03  9.00000000e-02 -1.85188638e-12  2.61566773e-01  3.64178060e-02  1.00279000e+02  1.13110000e+01  1.37848000e+05 -1.91127000e-01 
 1.00000000e-01  8.51900000e+03  1.00000000e-01 -1.85220333e-12  2.61566773e-01  3.64178060e-02  1.00279000e+02  1.13110000e+01  1.37848000e+05 -1.91127000e-01 
 1.10000000e-01  8.51900000e+03  1.10000000e-01 -1.85271680e-12  2.61566773e-01  3.64178060e-02  1.00279000e+02  1.13110000e+01  1.37848000e+05 -1.91127000e-01 
 1.20000000e-01  8.51900000e+03  1.20000000e-01 -1.85354864e-12  2.61566773e-01  3.64178060e-02  1.00279000e+02  1.13110000e+01  1.37848000e+05 -1.91127000e-01 
 1.30000000e-01  8.51900000e+03  1.30000000e-01 -1.85489623e-12  2.61566773e-01  3.64178060e-02  1.00279000e+02  1.13110000e+01  1.37848000e+05 -1.91127000e-01 
 1.40000000e-01  8.51900000e+03  1.40000000e-01 -1.85707933e-12  2.61566773e-01  3.64178060e-02  1.00279000e+02  1.13110000e+01  1.37848000e+05 -1.91127000e-01 
 1.50000000e-01  8.51900000e+03  1.50000000e-01 -1.86061592e-12  2.61566773e-01  3.64178060e-02  1.00279000e+02  1.13110000e+01  1.37848000e+05 -1.91127000e-01 
 1.60000000e-01  8.51900000e+03  1.60000000e-01 -1.86634508e-12  2.61566773e-01  3.64178060e-02  1.00279000e+02  1.13110000e+01  1.37848000e+05 -1.91127000e-01 
 1.70000000e-01  8.51900000e+03  1.70000000e-01 -1.87562597e-12  2.61566773e-01  3.64178060e-02  1.00279000e+02  1.13110000e+01  1.37848000e+05 -1.91127000e-01 
 1.80000000e-01  8.51900000e+03  1.80000000e-01 -1.89066017e-12  2.61566773e-01  3.64178060e-02  1.00279000e+02  1.13110000e+01  1.37848000e+05 -1.91127000e-01 
 1.90000000e-01  8.51900000e+03  1.90000000e-01 -1.91501356e-12  2.61566773e-01  3.64178060e-02  1.00279000e+02  1.13110000e+01  1.37848000e+05 -1.91127000e-01 
 2.00000000e-01  8.51900000e+03  2.00000000e-01 -1.95446151e-12  2.61566773e-01  3.64178060e-02  1.00279000e+02  1.13110000e+01  1.37848000e+05 -1.91127000e-01 
 2.10000000e-01  8.51900000e+03  2.10000000e-01 -2.01835718e-12  2.61566773e-01  3.64178060e-02  1.00279000e+02  1.13110000e+01  1.37848000e+05 -1.91127000e-01 
 2.20000000e-01  8.51900000e+03  2.20000000e-01 -2.12184649e-12  2.61566773e-01  3.64178060e-02  1.00279000e+02  1.13110000e+01  1.37848000e+05 -1.91127000e-01 
 2.30000000e-01  8.51900000e+03  2.30000000e-01 -2.28945278e-12  2.61566773e-01  3.64178060e-02  1.00279000e+02  1.13110000e+01  1.37848000e+05 -1.91127000e-01 
 2.40000000e-01  8.51900000e+03  2.40000000e-01 -2.56087667e-12  2.61566773e-01  3.64178060e-02  1.00279000e+02  1.13110000e+01  1.37848000e+05 -1.91127000e-01 
 2.50000000e-01  8.51900000e+03  2.50000000e-01 -3.00037641e-12  2.61566773e-01  3.64178060e-02  1.00279000e+02  1.13110000e+01  1.37848000e+05 -1.91127000e-01 
 2.60000000e-01  8.51900000e+03  2.60000000e-01 -3.71193263e-12  2.61566773e-01  3.64178060e-02  1.00279000e+02  1.13110000e+01  1.37848000e+05 -1.91127000e-01 
 2.70000000e-01  8.51900000e+03  2.70000000e-01 -4.86375003e-12  2.61566773e-01  3.64178060e-02  1.00279000e+02  1.13110000e+01  1.37848000e+05 -1.91127000e-01 
 2.80000000e-01  8.51900000e+03  2.80000000e-01 -6.72781619e-12  2.61566773e-01  3.64178060e-02  1.00279000e+02  1.13110000e+01  1.37848000e+05 -1.91127000e-01 
 2.90000000e-01  8.51900000e+03  2.90000000e-01 -9.74371143e-12  2.61566773e-01  3.64178060e-02  1.00279000e+02  1.13110000e+01  1.37848000e+05 -1.91127000e-01 
 3.00000000e-01  8.51900000e+03  3.00000000e-01 -1.46214163e-11  2.61566773e-01  3.64178060e-02  1.00279000e+02  1.13110000e+01  1.37848000e+05 -1.91127000e-01 
 3.10000000e-01  8.51900000e+03  3.10000000e-01 -2.25067048e-11  2.61566773e-01  3.64178060e-02  1.00279000e+02  1.13110000e+01  1.37848000e+05 -1.91127000e-01 
 3.20000000e-01  8.51900000e+03  3.20000000e-01 -3.52467269e-11  2.61566773e-01  3.64178060e-02  1.00279000e+02  1.13110000e+01  1.37848000e+05 -1.91127000e-01 
 3.30000000e-01  8.51900000e+03  3.30000000e-01 -5.58154638e-11  2.61566773e-01  3.64178060e-02  1.00279000e+02  1.13110000e+01  1.37848000e+05 -1.91127000e-01 
 3.40000000e-01  8.51900000e+03  3.40000000e-01 -8.89932801e-11  2.61566773e-01  3.64178060e-02  1.00279000e+02  1.13110000e+01  1.37848000e+05 -1.91127000e-01 
 3.50000000e-01  8.51900000e+03  3.50000000e-01 -1.42448296e-10  2.61566773e-01  3.64178060e-02  1.00279000e+02  1.13110000e+01  1.37848000e+05 -1.91127000e-01 
 3.60000000e-01  8.51900000e+03  3.60000000e-01 -2.28449222e-10  2.61566773e-01  3.64178060e-02  1.00279000e+02  1.13110000e+01  1.37848000e+05 -1.91127000e-01 
 3.70000000e-01  8.51900000e+03  3.70000000e-01 -3.66562860e-10  2.61566773e-01  3.64178060e-02  1.00279000e+02  1.13110000e+01  1.37848000e+05 -1.91127000e-01 
 3.80000000e-01  8.51900000e+03  3.80000000e-01 -5.87872431e-10  2.61566773e-01  3.64178060e-02  1.00279000e+02  1.13110000e+01  1.37848000e+05 -1.91127000e-01 
 3.90000000e-01  8.51900000e+03  3.90000000e-01 -9.41517881e-10  2.61566773e-01  3.64178060e-02  1.00279000e+02  1.13110000e+01  1.37848000e+05 -1.91127000e-01 
 4.00000000e-01  8.51900000e+03  4.00000000e-01 -1.50473288e-09  2.61566773e-01  3.64178060e-02  1.00279000e+02  1.13110000e+01  1.37848000e+05 -1.91127000e-01 
 4.10000000e-01  8.51900000e+03  4.10000000e-01 -2.39806480e-09  2.61566773e-01  3.64178060e-02  1.00279000e+02  1.13110000e+01  1.37848000e+05 -1.91127000e-01 
 4.20000000e-01  8.51900000e+03  4.20000000e-01 -3.80814409e-09  2.61566773e-01  3.64178060e-02  1.00279000e+02  1.13110000e+01  1.37848000e+05 -1.91127000e-01 
 4.30000000e-01  8.51900000e+03  4.30000000e-01 -6.02125636e-09  2.61566773e-01  3.64178060e-02  1.00279000e+02  1.13110000e+01  1.37848000e+05 -1.91127000e-01 
 4.40000000e-01  8.51900000e+03  4.40000000e-01 -9.47213044e-09  2.61566773e-01  3.64178060e-02  1.00279000e+02  1.13110000e+01  1.37848000e+05 -1.91127000e-01 
 4.50000000e-01  8.51900000e+03  4.50000000e-01 -1.48139352e-08  2.61566773e-01  3.64178060e-02  1.00279000e+02  1.13110000e+01  1.37848000e+05 -1.91127000e-01 
 4.60000000e-01  8.51900000e+03  4.60000000e-01 -2.30177602e-08  2.61566773e-01  3.64178060e-02  1.00279000e+02  1.13110000e+01  1.37848000e+05 -1.91127000e-01 
 4.70000000e-01  8.51900000e+03  4.70000000e-01 -3.55132074e-08  2.61566773e-01  3.64178060e-02  1.00279000e+02  1.13110000e+01  1.37848000e+05 -1.91127000e-01 
 4.80000000e-01  8.51900000e+03  4.80000000e-01 -5.43861306e-08  2.61566773e-01  3.64178060e-02  1.00279000e+02  1.13110000e+01  1.37848000e+05 -1.91127000e-01 
 4.90000000e-01  8.51900000e+03  4.90000000e-01 -8.26532737e-08  2.61566773e-01  3.64178060e-02  1.00279000e+02  1.13110000e+01  1.37848000e+05 -1.91127000e-01 
 5.00000000e-01  8.51900000e+03  5.00000000e-01 -1.24630989e-07  2.61566773e-01  3.64178060e-02  1.00279000e+02  1.13110000e+01  1.37848000e+05 -1.91127000e-01 
 5.10000000e-01  8.51900000e+03  5.10000000e-01 -1.86395788e-07  2.61566773e-01  3.64178060e-02  1.00279000e+02  1.13110000e+01  1.37848000e+05 -1.91127000e-01 
 5.20000000e-01  8.51900000e+03  5.20000000e-01 -2.76287113e-07  2.61566773e-01  3.64178060e-02  1.00279000e+02  1.13110000e+01  1.37848000e+05 -1.91127000e-01 
 5.30000000e-01  8.51900000e+03  5.30000000e-01 -4.05329228e-07  2.61566773e-01  3.64178060e-02  1.00279000e+02  1.13110000e+01  1.37848000e+05 -1.91127000e-01 
 5.40000000e-01  8.51900000e+03  5.40000000e-01 -5.87380328e-07  2.61566773e-01  3.64178060e-02  1.00279000e+02  1.13110000e+01  1.37848000e+05 -1.91127000e-01 
 5.50000000e-01  8.51900000e+03  5.50000000e-01 -8.38810310e-07  2.61566773e-01  3.64178060e-02  1.00279000e+02  1.13110000e+01  1.37848000e+05 -1.91127000e-01 
 5.60000000e-01  8.51900000e+03  5.60000000e-01 -1.17761061e-06  2.61566773e-01  3.64178060e-02  1.00279000e+02  1.13110000e+01  1.37848000e+05 -1.91127000e-01 
 5.70000000e-01  8.51900000e+03  5.70000000e-01 -1.62203301e-06  2.61566773e-01  3.64178060e-02  1.00279000e+02  1.13110000e+01  1.37848000e+05 -1.91127000e-01 
 5.80000000e-01  8.51900000e+03  5.80000000e-01 -2.18904644e-06  2.61566773e-01  3.64178060e-02  1.00279000e+02  1.13110000e+01  1.37848000e+05 -1.91127000e-01 
 5.90000000e-01  8.51900000e+03  5.90000000e-01 -2.89298207e-06  2.61566773e-01  3.64178060e-02  1.00279000e+02  1.13110000e+01  1.37848000e+05 -1.91127000e-01 
 6.00000000e-01  8.51900000e+03  6.00000000e-01 -3.74466382e-06  2.61566773e-01  3.64178060e-02  1.00279000e+02  1.13110000e+01  1.37848000e+05 -1.91127000e-01 
 6.10000000e-01  8.51900000e+03  6.10000000e-01 -4.75114307e-06  2.61566773e-01  3.64178060e-02  1.00279000e+02  1.13110000e+01  1.37848000e+05 -1.91127000e-01 
 6.20000000e-01  8.51900000e+03  6.20000000e-01 -5.91597249e-06  2.61566773e-01  3.64178060e-02  1.00279000e+02  1.13110000e+01  1.37848000e+05 -1.91127000e-01 
 6.30000000e-01  8.51900000e+03  6.30000000e-01 -7.23983775e-06  2.61566773e-01  3.64178060e-02  1.00279000e+02  1.13110000e+01  1.37848000e+05 -1.91127000e-01 
 6.40000000e-01  8.51900000e+03  6.40000000e-01 -8.72134009e-06  2.61566773e-01  3.64178060e-02  1.00279000e+02  1.13110000e+01  1.37848000e+05 -1.91127000e-01 
 6.50000000e-01  8.51900000e+03  6.50000000e-01 -1.03577613e-05  2.61566773e-01  3.64178060e-02  1.00279000e+02  1.13110000e+01  1.37848000e+05 -1.91127000e-01 
 6.60000000e-01  8.51900000e+03  6.60000000e-01 -1.21457080e-05  2.61566773e-01  3.64178060e-02  1.00279000e+02  1.13110000e+01  1.37848000e+05 -1.91127000e-01 
 6.70000000e-01  8.51900000e+03  6.70000000e-01 -1.40815927e-05  2.61566773e-01  3.64178060e-02  1.00279000e+02  1.13110000e+01  1.37848000e+05 -1.91127000e-01 
 6.80000000e-01  8.51900000e+03  6.80000000e-01 -1.61619547e-05  2.61566773e-01  3.64178060e-02  1.00279000e+02  1.13110000e+01  1.37848000e+05 -1.91127000e-01 
 6.90000000e-01  8.51900000e+03  6.90000000e-01 -1.83836440e-05  2.61566773e-01  3.64178060e-02  1.00279000e+02  1.13110000e+01  1.37848000e+05 -1.91127000e-01 
 7.00000000e-01  8.51900000e+03  7.00000000e-01 -2.07439042e-05  2.61566773e-01  3.64178060e-02  1.00279000e+02  1.13110000e+01  1.37848000e+05 -1.91127000e-01 
 7.10000000e-01  8.51900000e+03  7.10000000e-01 -2.32403840e-05  2.61566773e-01  3.64178060e-02  1.00279000e+02  1.13110000e+01  1.37848000e+05 -1.91127000e-01 
 7.20000000e-01  8.51900000e+03  7.20000000e-01 -2.58711074e-05  2.61566773e-01  3.64178060e-02  1.00279000e+02  1.13110000e+01  1.37848000e+05 -1.91127000e-01 
 7.30000000e-01  8.51900000e+03  7.30000000e-01 -2.86344200e-05  2.61566773e-01  3.64178060e-02  1.00279000e+02  1.13110000e+01  1.37848000e+05 -1.91127000e-01 
 7.40000000e-01  8.51900000e+03  7.40000000e-01 -3.15289266e-05  2.61566773e-01  3.64178060e-02  1.00279000e+02  1.13110000e+01  1.37848000e+05 -1.91127000e-01 
 7.50000000e-01  8.51900000e+03  7.50000000e-01 -3.45534287e-05  2.61566773e-01  3.64178060e-02  1.00279000e+02  1.13110000e+01  1.37848000e+05 -1.91127000e-01 
 7.60000000e-01  8.51900000e+03  7.60000000e-01 -3.77068675e-05  2.61566773e-01  3.64178060e-02  1.00279000e+02  1.13110000e+01  1.37848000e+05 -1.91127000e-01 
 7.70000000e-01  8.51900000e+03  7.70000000e-01 -4.09882734e-05  2.61566773e-01  3.64178060e-02  1.00279000e+02  1.13110000e+01  1.37848000e+05 -1.91127000e-01 
 7.80000000e-01  8.51900000e+03  7.80000000e-01 -4.43967247e-05  2.61566773e-01  3.64178060e-02  1.00279000e+02  1.13110000e+01  1.37848000e+05 -1.91127000e-01 
 7.90000000e-01  8.51900000e+03  7.90000000e-01 -4.79313135e-05  2.61566773e-01  3.64178060e-02  1.00279000e+02  1.13110000e+01  1.37848000e+05 -1.91127000e-01 
 8.00000000e-01  8.51900000e+03  8.00000000e-01 -5.15911205e-05  2.61566773e-01  3.64178060e-02  1.00279000e+02  1.13110000e+01  1.37848000e+05 -1.91127000e-01 
 8.10000000e-01  8.51900000e+03  8.10000000e-01 -5.53751943e-05  2.61566773e-01  3.64178060e-02  1.00279000e+02  1.13110000e+01  1.37848000e+05 -1.91127000e-01 
 8.20000000e-01  8.51900000e+03  8.20000000e-01 -5.92825380e-05  2.61566773e-01  3.64178060e-02  1.00279000e+02  1.13110000e+01  1.37848000e+05 -1.91127000e-01 
 8.30000000e-01  8.51900000e+03  8.30000000e-01 -6.33120991e-05  2.61566773e-01  3.64178060e-02  1.00279000e+02  1.13110000e+01  1.37848000e+05 -1.91127000e-01 
 8.40000000e-01  8.51900000e+03  8.40000000e-01 -6.74627632e-05  2.61566773e-01  3.64178060e-02  1.00279000e+02  1.13110000e+01  1.37848000e+05 -1.91127000e-01 
 8.50000000e-01  8.51900000e+03  8.50000000e-01 -7.17333508e-05  2.61566773e-01  3.64178060e-02  1.00279000e+02  1.13110000e+01  1.37848000e+05 -1.91127000e-01 
 8.60000000e-01  8.51900000e+03  8.60000000e-01 -7.61226161e-05  2.61566773e-01  3.64178060e-02  1.00279000e+02  1.13110000e+01  1.37848000e+05 -1.91127000e-01 
 8.70000000e-01  8.51900000e+03  8.70000000e-01 -8.06292472e-05  2.61566773e-01  3.64178060e-02  1.00279000e+02  1.13110000e+01  1.37848000e+05 -1.91127000e-01 
 8.80000000e-01  8.51900000e+03  8.80000000e-01 -8.52518677e-05  2.61566773e-01  3.64178060e-02  1.00279000e+02  1.13110000e+01  1.37848000e+05 -1.91127000e-01 
 8.90000000e-01  8.51900000e+03  8.90000000e-01 -8.99890392e-05  2.61566773e-01  3.64178060e-02  1.00279000e+02  1.13110000e+01  1.37848000e+05 -1.91127000e-01 
 9.00000000e-01  8.51900000e+03  9.00000000e-01 -9.48392642e-05  2.61566773e-01  3.64178060e-02  1.00279000e+02  1.13110000e+01  1.37848000e+05 -1.91127000e-01 
 9.10000000e-01  8.51900000e+03  9.10000000e-01 -9.98009896e-05  2.61566773e-01  3.64178060e-02  1.00279000e+02  1.13110000e+01  1.37848000e+05 -1.91127000e-01 
 9.20000000e-01  8.51900000e+03  9.20000000e-01 -1.04872610e-04  2.61566773e-01  3.64178060e-02  1.00279000e+02  1.13110000e+01  1.37848000e+05 -1.91127000e-01 
 9.30000000e-01  8.51900000e+03  9.30000000e-01 -1.10052472e-04  2.61566773e-01  3.64178060e-02  1.00279000e+02  1.13110000e+01  1.37848000e+05 -1.91127000e-01 
 9.40000000e-01  8.51900000e+03  9.40000000e-01 -1.15338878e-04  2.61566773e-01  3.64178060e-02  1.00279000e+02  1.13110000e+01  1.37848000e+05 -1.91127000e-01 
 9.50000000e-01  8.51900000e+03  9.50000000e-01 -1.20730087e-04  2.61566773e-01  3.64178060e-02  1.00279000e+02  1.13110000e+01  1.37848000e+05 -1.91127000e-01 
 9.60000000e-01  8.51900000e+03  9.60000000e-01 -1.26224325e-04  2.61566773e-01  3.64178060e-02  1.00279000e+02  1.13110000e+01  1.37848000e+05 -1.91127000e-01 
 9.70000000e-01  8.51900000e+03  9.70000000e-01 -1.31819778e-04  2.61566773e-01  3.64178060e-02  1.00279000e+02  1.13110000e+01  1.37848000e+05 -1.91127000e-01 
 9.80000000e-01  8.51900000e+03  9.80000000e-01 -1.37514606e-04  2.61566773e-01  3.64178060e-02  1.00279000e+02  1.13110000e+01  1.37848000e+05 -1.91127000e-01 
 9.90000000e-01  8.51900000e+03  9.90000000e-01 -1.43306942e-04  2.61566773e-01  3.64178060e-02  1.00279000e+02  1.13110000e+01  1.37848000e+05 -1.91127000e-01 
 1.00000000e+00  8.51900000e+03  1.00000000e+00 -1.49194893e-04  2.61566773e-01  3.64178060e-02  1.00279000e+02  1.13110000e+01  1.37848000e+05 -1.91127000e-01 
 1.01000000e+00  8.51900000e+03  1.01000000e+00 -1.55176548e-04  2.61566773e-01  3.64178060e-02  1.00279000e+02  1.13110000e+01  1.37848000e+05 -1.91127000e-01 
 1.02000000e+00  8.51900000e+03  1.02000000e+00 -1.61249976e-04  2.61566773e-01  3.64178060e-02  1.00279000e+02  1.13110000e+01  1.37848000e+05 -1.91127000e-01 
 1.03000000e+00  8.51900000e+03  1.03000000e+00 -1.67413232e-04  2.61566773e-01  3.64178060e-02  1.00279000e+02  1.13110000e+01  1.37848000e+05 -1.91127000e-01 
 1.04000000e+00  8.51900000e+03  1.04000000e+00 -1.73664356e-04  2.61566773e-01  3.64178060e-02  1.00279000e+02  1.13110000e+01  1.37848000e+05 -1.91127000e-01 
 1.05000000e+00  8.51900000e+03  1.05000000e+00 -1.80001382e-04  2.61566773e-01  3.64178060e-02  1.00279000e+02  1.13110000e+01  1.37848000e+05 -1.91127000e-01 
 1.06000000e+00  8.51900000e+03  1.06000000e+00 -1.86422331e-04  2.61566773e-01  3.64178060e-02  1.00279000e+02  1.13110000e+01  1.37848000e+05 -1.91127000e-01 
 1.07000000e+00  8.51900000e+03  1.07000000e+00 -1.92925223e-04  2.61566773e-01  3.64178060e-02  1.00279000e+02  1.13110000e+01  1.37848000e+05 -1.91127000e-01 
 1.08000000e+00  8.51900000e+03  1.08000000e+00 -1.99508073e-04  2.61566773e-01  3.64178060e-02  1.00279000e+02  1.13110000e+01  1.37848000e+05 -1.91127000e-01 
 1.09000000e+00  8.51900000e+03  1.09000000e+00 -2.06168893e-04  2.61566773e-01  3.64178060e-02  1.00279000e+02  1.13110000e+01  1.37848000e+05 -1.91127000e-01 
 1.10000000e+00  8.51900000e+03  1.10000000e+00 -2.12905699e-04  2.61566773e-01  3.64178060e-02  1.00279000e+02  1.13110000e+01  1.37848000e+05 -1.91127000e-01 
 1.11000000e+00  8.51900000e+03  1.11000000e+00 -2.19716505e-04  2.61566773e-01  3.64178060e-02  1.00279000e+02  1.13110000e+01  1.37848000e+05 -1.91127000e-01 
 1.12000000e+00  8.51900000e+03  1.12000000e+00 -2.26599333e-04  2.61566773e-01  3.64178060e-02  1.00279000e+02  1.13110000e+01  1.37848000e+05 -1.91127000e-01 
 1.13000000e+00  8.51900000e+03  1.13000000e+00 -2.33552210e-04  2.61566773e-01  3.64178060e-02  1.00279000e+02  1.13110000e+01  1.37848000e+05 -1.91127000e-01 
 1.14000000e+00  8.51900000e+03  1.14000000e+00 -2.40573168e-04  2.61566773e-01  3.64178060e-02  1.00279000e+02  1.13110000e+01  1.37848000e+05 -1.91127000e-01 
 1.15000000e+00  8.51900000e+03  1.15000000e+00 -2.47660251e-04  2.61566773e-01  3.64178060e-02  1.00279000e+02  1.13110000e+01  1.37848000e+05 -1.91127000e-01 
 1.16000000e+00  8.51900000e+03  1.16000000e+00 -2.54811512e-04  2.61566773e-01  3.64178060e-02  1.00279000e+02  1.13110000e+01  1.37848000e+05 -1.91127000e-01 
 1.17000000e+00  8.51900000e+03  1.17000000e+00 -2.62025013e-04  2.61566773e-01  3.64178060e-02  1.00279000e+02  1.13110000e+01  1.37848000e+05 -1.91127000e-01 
 1.18000000e+00  8.51900000e+03  1.18000000e+00 -2.69298834e-04  2.61566773e-01  3.64178060e-02  1.00279000e+02  1.13110000e+01  1.37848000e+05 -1.91127000e-01 
 1.19000000e+00  8.51900000e+03  1.19000000e+00 -2.76631064e-04  2.61566773e-01  3.64178060e-02  1.00279000e+02  1.13110000e+01  1.37848000e+05 -1.91127000e-01 
 1.20000000e+00  8.51900000e+03  1.20000000e+00 -2.84019810e-04  2.61566773e-01  3.64178060e-02  1.00279000e+02  1.13110000e+01  1.37848000e+05 -1.91127000e-01 
 1.21000000e+00  8.51900000e+03  1.21000000e+00 -2.91463194e-04  2.61566773e-01  3.64178060e-02  1.00279000e+02  1.13110000e+01  1.37848000e+05 -1.91127000e-01 
 1.22000000e+00  8.51900000e+03  1.22000000e+00 -2.98959355e-04  2.61566773e-01  3.64178060e-02  1.00279000e+02  1.13110000e+01  1.37848000e+05 -1.91127000e-01 
 1.23000000e+00  8.51900000e+03  1.23000000e+00 -3.06506449e-04  2.61566773e-01  3.64178060e-02  1.00279000e+02  1.13110000e+01  1.37848000e+05 -1.91127000e-01 
 1.24000000e+00  8.51900000e+03  1.24000000e+00 -3.14102652e-04  2.61566773e-01  3.64178060e-02  1.00279000e+02  1.13110000e+01  1.37848000e+05 -1.91127000e-01 
 1.25000000e+00  8.51900000e+03  1.25000000e+00 -3.21746160e-04  2.61566773e-01  3.64178060e-02  1.00279000e+02  1.13110000e+01  1.37848000e+05 -1.91127000e-01 
 1.26000000e+00  8.51900000e+03  1.26000000e+00 -3.29435186e-04  2.61566773e-01  3.64178060e-02  1.00279000e+02  1.13110000e+01  1.37848000e+05 -1.91127000e-01 
 1.27000000e+00  8.51900000e+03  1.27000000e+00 -3.37167966e-04  2.61566773e-01  3.64178060e-02  1.00279000e+02  1.13110000e+01  1.37848000e+05 -1.91127000e-01 
 1.28000000e+00  8.51900000e+03  1.28000000e+00 -3.44942758e-04  2.61566773e-01  3.64178060e-02  1.00279000e+02  1.13110000e+01  1.37848000e+05 -1.91127000e-01 
 1.29000000e+00  8.51900000e+03  1.29000000e+00 -3.52757840e-04  2.61566773e-01  3.64178060e-02  1.00279000e+02  1.13110000e+01  1.37848000e+05 -1.91127000e-01 
 1.30000000e+00  8.51900000e+03  1.30000000e+00 -3.60611513e-04  2.61566773e-01  3.64178060e-02  1.00279000e+02  1.13110000e+01  1.37848000e+05 -1.91127000e-01 
 1.31000000e+00  8.51900000e+03  1.31000000e+00 -3.68502100e-04  2.61566773e-01  3.64178060e-02  1.00279000e+02  1.13110000e+01  1.37848000e+05 -1.91127000e-01 
 1.32000000e+00  8.51900000e+03  1.32000000e+00 -3.76427949e-04  2.61566773e-01  3.64178060e-02  1.00279000e+02  1.13110000e+01  1.37848000e+05 -1.91127000e-01 
 1.33000000e+00  8.51900000e+03  1.33000000e+00 -3.84387430e-04  2.61566773e-01  3.64178060e-02  1.00279000e+02  1.13110000e+01  1.37848000e+05 -1.91127000e-01 
 1.34000000e+00  8.51900000e+03  1.34000000e+00 -3.92378937e-04  2.61566773e-01  3.64178060e-02  1.00279000e+02  1.13110000e+01  1.37848000e+05 -1.91127000e-01 
 1.35000000e+00  8.51900000e+03  1.35000000e+00 -4.00400886e-04  2.61566773e-01  3.64178060e-02  1.00279000e+02  1.13110000e+01  1.37848000e+05 -1.91127000e-01 
 1.36000000e+00  8.51900000e+03  1.36000000e+00 -4.08451721e-04  2.61566773e-01  3.64178060e-02  1.00279000e+02  1.13110000e+01  1.37848000e+05 -1.91127000e-01 
 1.37000000e+00  8.51900000e+03  1.37000000e+00 -4.16529907e-04  2.61566773e-01  3.64178060e-02  1.00279000e+02  1.13110000e+01  1.37848000e+05 -1.91127000e-01 
 1.38000000e+00  8.51900000e+03  1.38000000e+00 -4.24633935e-04  2.61566773e-01  3.64178060e-02  1.00279000e+02  1.13110000e+01  1.37848000e+05 -1.91127000e-01 
 1.39000000e+00  8.51900000e+03  1.39000000e+00 -4.32762319e-04  2.61566773e-01  3.64178060e-02  1.00279000e+02  1.13110000e+01  1.37848000e+05 -1.91127000e-01 
 1.40000000e+00  8.51900000e+03  1.40000000e+00 -4.40913601e-04  2.61566773e-01  3.64178060e-02  1.00279000e+02  1.13110000e+01  1.37848000e+05 -1.91127000e-01 
 1.41000000e+00  8.51900000e+03  1.41000000e+00 -4.49086344e-04  2.61566773e-01  3.64178060e-02  1.00279000e+02  1.13110000e+01  1.37848000e+05 -1.91127000e-01 
 1.42000000e+00  8.51900000e+03  1.42000000e+00 -4.57279137e-04  2.61566773e-01  3.64178060e-02  1.00279000e+02  1.13110000e+01  1.37848000e+05 -1.91127000e-01 
 1.43000000e+00  8.51900000e+03  1.43000000e+00 -4.65490593e-04  2.61566773e-01  3.64178060e-02  1.00279000e+02  1.13110000e+01  1.37848000e+05 -1.91127000e-01 
 1.44000000e+00  8.51900000e+03  1.44000000e+00 -4.73719351e-04  2.61566773e-01  3.64178060e-02  1.00279000e+02  1.13110000e+01  1.37848000e+05 -1.91127000e-01 
 1.45000000e+00  8.51900000e+03  1.45000000e+00 -4.81964074e-04  2.61566773e-01  3.64178060e-02  1.00279000e+02  1.13110000e+01  1.37848000e+05 -1.91127000e-01 
 1.46000000e+00  8.51900000e+03  1.46000000e+00 -4.90223449e-04  2.61566773e-01  3.64178060e-02  1.00279000e+02  1.13110000e+01  1.37848000e+05 -1.91127000e-01 
 1.47000000e+00  8.51900000e+03  1.47000000e+00 -4.98496187e-04  2.61566773e-01  3.64178060e-02  1.00279000e+02  1.13110000e+01  1.37848000e+05 -1.91127000e-01 
 1.48000000e+00  8.51900000e+03  1.48000000e+00 -5.06781023e-04  2.61566773e-01  3.64178060e-02  1.00279000e+02  1.13110000e+01  1.37848000e+05 -1.91127000e-01 
 1.49000000e+00  8.51900000e+03  1.49000000e+00 -5.15076718e-04  2.61566773e-01  3.64178060e-02  1.00279000e+02  1.13110000e+01  1.37848000e+05 -1.91127000e-01 
 1.50000000e+00  8.51900000e+03  1.50000000e+00 -5.23382055e-04  2.61566773e-01  3.64178060e-02  1.00279000e+02  1.13110000e+01  1.37848000e+05 -1.91127000e-01 
 1.51000000e+00  8.51900000e+03  1.51000000e+00 -5.31695842e-04  2.61566773e-01  3.64178060e-02  1.00279000e+02  1.13110000e+01  1.37848000e+05 -1.91127000e-01 
 1.52000000e+00  8.51900000e+03  1.52000000e+00 -5.40016908e-04  2.61566773e-01  3.64178060e-02  1.00279000e+02  1.13110000e+01  1.37848000e+05 -1.91127000e-01 
 1.53000000e+00  8.51900000e+03  1.53000000e+00 -5.48344108e-04  2.61566773e-01  3.64178060e-02  1.00279000e+02  1.13110000e+01  1.37848000e+05 -1.91127000e-01 
 1.54000000e+00  8.51900000e+03  1.54000000e+00 -5.56676320e-04  2.61566773e-01  3.64178060e-02  1.00279000e+02  1.13110000e+01  1.37848000e+05 -1.91127000e-01 
 1.55000000e+00  8.51900000e+03  1.55000000e+00 -5.65012443e-04  2.61566773e-01  3.64178060e-02  1.00279000e+02  1.13110000e+01  1.37848000e+05 -1.91127000e-01 
 1.56000000e+00  8.51900000e+03  1.56000000e+00 -5.73351399e-04  2.61566773e-01  3.64178060e-02  1.00279000e+02  1.13110000e+01  1.37848000e+05 -1.91127000e-01 
 1.57000000e+00  8.51900000e+03  1.57000000e+00 -5.81692135e-04  2.61566773e-01  3.64178060e-02  1.00279000e+02  1.13110000e+01  1.37848000e+05 -1.91127000e-01 
 1.58000000e+00  8.51900000e+03  1.58000000e+00 -5.90033616e-04  2.61566773e-01  3.64178060e-02  1.00279000e+02  1.13110000e+01  1.37848000e+05 -1.91127000e-01 
 1.59000000e+00  8.51900000e+03  1.59000000e+00 -5.98374832e-04  2.61566773e-01  3.64178060e-02  1.00279000e+02  1.13110000e+01  1.37848000e+05 -1.91127000e-01 
 1.60000000e+00  8.51900000e+03  1.60000000e+00 -6.06714794e-04  2.61566773e-01  3.64178060e-02  1.00279000e+02  1.13110000e+01  1.37848000e+05 -1.91127000e-01 
 1.61000000e+00  8.51900000e+03  1.61000000e+00 -6.15052532e-04  2.61566773e-01  3.64178060e-02  1.00279000e+02  1.13110000e+01  1.37848000e+05 -1.91127000e-01 
 1.62000000e+00  8.51900000e+03  1.62000000e+00 -6.23387101e-04  2.61566773e-01  3.64178060e-02  1.00279000e+02  1.13110000e+01  1.37848000e+05 -1.91127000e-01 
 1.63000000e+00  8.51900000e+03  1.63000000e+00 -6.31717573e-04  2.61566773e-01  3.64178060e-02  1.00279000e+02  1.13110000e+01  1.37848000e+05 -1.91127000e-01 
 1.64000000e+00  8.51900000e+03  1.64000000e+00 -6.40043043e-04  2.61566773e-01  3.64178060e-02  1.00279000e+02  1.13110000e+01  1.37848000e+05 -1.91127000e-01 
 1.65000000e+00  8.51900000e+03  1.65000000e+00 -6.48362625e-04  2.61566773e-01  3.64178060e-02  1.00279000e+02  1.13110000e+01  1.37848000e+05 -1.91127000e-01 
 1.66000000e+00  8.51900000e+03  1.66000000e+00 -6.56675453e-04  2.61566773e-01  3.64178060e-02  1.00279000e+02  1.13110000e+01  1.37848000e+05 -1.91127000e-01 
 1.67000000e+00  8.51900000e+03  1.67000000e+00 -6.64980680e-04  2.61566773e-01  3.64178060e-02  1.00279000e+02  1.13110000e+01  1.37848000e+05 -1.91127000e-01 
 1.68000000e+00  8.51900000e+03  1.68000000e+00 -6.73277480e-04  2.61566773e-01  3.64178060e-02  1.00279000e+02  1.13110000e+01  1.37848000e+05 -1.91127000e-01 
 1.69000000e+00  8.51900000e+03  1.69000000e+00 -6.81565043e-04  2.61566773e-01  3.64178060e-02  1.00279000e+02  1.13110000e+01  1.37848000e+05 -1.91127000e-01 
 1.70000000e+00  8.51900000e+03  1.70000000e+00 -6.89842581e-04  2.61566773e-01  3.64178060e-02  1.00279000e+02  1.13110000e+01  1.37848000e+05 -1.91127000e-01 
 1.71000000e+00  8.51900000e+03  1.71000000e+00 -6.98109322e-04  2.61566773e-01  3.64178060e-02  1.00279000e+02  1.13110000e+01  1.37848000e+05 -1.91127000e-01 
 1.72000000e+00  8.51900000e+03  1.72000000e+00 -7.06364514e-04  2.61566773e-01  3.64178060e-02  1.00279000e+02  1.13110000e+01  1.37848000e+05 -1.91127000e-01 
 1.73000000e+00  8.51900000e+03  1.73000000e+00 -7.14607420e-04  2.61566773e-01  3.64178060e-02  1.00279000e+02  1.13110000e+01  1.37848000e+05 -1.91127000e-01 
 1.74000000e+00  8.51900000e+03  1.74000000e+00 -7.22837323e-04  2.61566773e-01  3.64178060e-02  1.00279000e+02  1.13110000e+01  1.37848000e+05 -1.91127000e-01 
 1.75000000e+00  8.51900000e+03  1.75000000e+00 -7.31053522e-04  2.61566773e-01  3.64178060e-02  1.00279000e+02  1.13110000e+01  1.37848000e+05 -1.91127000e-01 
 1.76000000e+00  8.51900000e+03  1.76000000e+00 -7.39255333e-04  2.61566773e-01  3.64178060e-02  1.00279000e+02  1.13110000e+01  1.37848000e+05 -1.91127000e-01 
 1.77000000e+00  8.51900000e+03  1.77000000e+00 -7.47442088e-04  2.61566773e-01  3.64178060e-02  1.00279000e+02  1.13110000e+01  1.37848000e+05 -1.91127000e-01 
 1.78000000e+00  8.51900000e+03  1.78000000e+00 -7.55613136e-04  2.61566773e-01  3.64178060e-02  1.00279000e+02  1.13110000e+01  1.37848000e+05 -1.91127000e-01 
 1.79000000e+00  8.51900000e+03  1.79000000e+00 -7.63767842e-04  2.61566773e-01  3.64178060e-02  1.00279000e+02  1.13110000e+01  1.37848000e+05 -1.91127000e-01 
 1.80000000e+00  8.51900000e+03  1.80000000e+00 -7.71905587e-04  2.61566773e-01  3.64178060e-02  1.00279000e+02  1.13110000e+01  1.37848000e+05 -1.91127000e-01 
