 v-sweep         run_num         v(gate)         i(vds)          out_vth0        out_u0          out_rdsw        out_nfactor     out_vsat        out_eta0       
 0.00000000e+00  8.62300000e+03  0.00000000e+00 -1.85137539e-12  3.73664619e-01  6.63105650e-02  1.00279000e+02  1.13110000e+01  1.37848000e+05 -1.91127000e-01 
 1.00000000e-02  8.62300000e+03  1.00000000e-02 -1.85137548e-12  3.73664619e-01  6.63105650e-02  1.00279000e+02  1.13110000e+01  1.37848000e+05 -1.91127000e-01 
 2.00000000e-02  8.62300000e+03  2.00000000e-02 -1.85137569e-12  3.73664619e-01  6.63105650e-02  1.00279000e+02  1.13110000e+01  1.37848000e+05 -1.91127000e-01 
 3.00000000e-02  8.62300000e+03  3.00000000e-02 -1.85137600e-12  3.73664619e-01  6.63105650e-02  1.00279000e+02  1.13110000e+01  1.37848000e+05 -1.91127000e-01 
 4.00000000e-02  8.62300000e+03  4.00000000e-02 -1.85137650e-12  3.73664619e-01  6.63105650e-02  1.00279000e+02  1.13110000e+01  1.37848000e+05 -1.91127000e-01 
 5.00000000e-02  8.62300000e+03  5.00000000e-02 -1.85137730e-12  3.73664619e-01  6.63105650e-02  1.00279000e+02  1.13110000e+01  1.37848000e+05 -1.91127000e-01 
 6.00000000e-02  8.62300000e+03  6.00000000e-02 -1.85137861e-12  3.73664619e-01  6.63105650e-02  1.00279000e+02  1.13110000e+01  1.37848000e+05 -1.91127000e-01 
 7.00000000e-02  8.62300000e+03  7.00000000e-02 -1.85138072e-12  3.73664619e-01  6.63105650e-02  1.00279000e+02  1.13110000e+01  1.37848000e+05 -1.91127000e-01 
 8.00000000e-02  8.62300000e+03  8.00000000e-02 -1.85138415e-12  3.73664619e-01  6.63105650e-02  1.00279000e+02  1.13110000e+01  1.37848000e+05 -1.91127000e-01 
 9.00000000e-02  8.62300000e+03  9.00000000e-02 -1.85138970e-12  3.73664619e-01  6.63105650e-02  1.00279000e+02  1.13110000e+01  1.37848000e+05 -1.91127000e-01 
 1.00000000e-01  8.62300000e+03  1.00000000e-01 -1.85139869e-12  3.73664619e-01  6.63105650e-02  1.00279000e+02  1.13110000e+01  1.37848000e+05 -1.91127000e-01 
 1.10000000e-01  8.62300000e+03  1.10000000e-01 -1.85141326e-12  3.73664619e-01  6.63105650e-02  1.00279000e+02  1.13110000e+01  1.37848000e+05 -1.91127000e-01 
 1.20000000e-01  8.62300000e+03  1.20000000e-01 -1.85143685e-12  3.73664619e-01  6.63105650e-02  1.00279000e+02  1.13110000e+01  1.37848000e+05 -1.91127000e-01 
 1.30000000e-01  8.62300000e+03  1.30000000e-01 -1.85147508e-12  3.73664619e-01  6.63105650e-02  1.00279000e+02  1.13110000e+01  1.37848000e+05 -1.91127000e-01 
 1.40000000e-01  8.62300000e+03  1.40000000e-01 -1.85153701e-12  3.73664619e-01  6.63105650e-02  1.00279000e+02  1.13110000e+01  1.37848000e+05 -1.91127000e-01 
 1.50000000e-01  8.62300000e+03  1.50000000e-01 -1.85163735e-12  3.73664619e-01  6.63105650e-02  1.00279000e+02  1.13110000e+01  1.37848000e+05 -1.91127000e-01 
 1.60000000e-01  8.62300000e+03  1.60000000e-01 -1.85179989e-12  3.73664619e-01  6.63105650e-02  1.00279000e+02  1.13110000e+01  1.37848000e+05 -1.91127000e-01 
 1.70000000e-01  8.62300000e+03  1.70000000e-01 -1.85206323e-12  3.73664619e-01  6.63105650e-02  1.00279000e+02  1.13110000e+01  1.37848000e+05 -1.91127000e-01 
 1.80000000e-01  8.62300000e+03  1.80000000e-01 -1.85248984e-12  3.73664619e-01  6.63105650e-02  1.00279000e+02  1.13110000e+01  1.37848000e+05 -1.91127000e-01 
 1.90000000e-01  8.62300000e+03  1.90000000e-01 -1.85318097e-12  3.73664619e-01  6.63105650e-02  1.00279000e+02  1.13110000e+01  1.37848000e+05 -1.91127000e-01 
 2.00000000e-01  8.62300000e+03  2.00000000e-01 -1.85430064e-12  3.73664619e-01  6.63105650e-02  1.00279000e+02  1.13110000e+01  1.37848000e+05 -1.91127000e-01 
 2.10000000e-01  8.62300000e+03  2.10000000e-01 -1.85611455e-12  3.73664619e-01  6.63105650e-02  1.00279000e+02  1.13110000e+01  1.37848000e+05 -1.91127000e-01 
 2.20000000e-01  8.62300000e+03  2.20000000e-01 -1.85905313e-12  3.73664619e-01  6.63105650e-02  1.00279000e+02  1.13110000e+01  1.37848000e+05 -1.91127000e-01 
 2.30000000e-01  8.62300000e+03  2.30000000e-01 -1.86381372e-12  3.73664619e-01  6.63105650e-02  1.00279000e+02  1.13110000e+01  1.37848000e+05 -1.91127000e-01 
 2.40000000e-01  8.62300000e+03  2.40000000e-01 -1.87152595e-12  3.73664619e-01  6.63105650e-02  1.00279000e+02  1.13110000e+01  1.37848000e+05 -1.91127000e-01 
 2.50000000e-01  8.62300000e+03  2.50000000e-01 -1.88401981e-12  3.73664619e-01  6.63105650e-02  1.00279000e+02  1.13110000e+01  1.37848000e+05 -1.91127000e-01 
 2.60000000e-01  8.62300000e+03  2.60000000e-01 -1.90425973e-12  3.73664619e-01  6.63105650e-02  1.00279000e+02  1.13110000e+01  1.37848000e+05 -1.91127000e-01 
 2.70000000e-01  8.62300000e+03  2.70000000e-01 -1.93704782e-12  3.73664619e-01  6.63105650e-02  1.00279000e+02  1.13110000e+01  1.37848000e+05 -1.91127000e-01 
 2.80000000e-01  8.62300000e+03  2.80000000e-01 -1.99016278e-12  3.73664619e-01  6.63105650e-02  1.00279000e+02  1.13110000e+01  1.37848000e+05 -1.91127000e-01 
 2.90000000e-01  8.62300000e+03  2.90000000e-01 -2.07620452e-12  3.73664619e-01  6.63105650e-02  1.00279000e+02  1.13110000e+01  1.37848000e+05 -1.91127000e-01 
 3.00000000e-01  8.62300000e+03  3.00000000e-01 -2.21558147e-12  3.73664619e-01  6.63105650e-02  1.00279000e+02  1.13110000e+01  1.37848000e+05 -1.91127000e-01 
 3.10000000e-01  8.62300000e+03  3.10000000e-01 -2.44134782e-12  3.73664619e-01  6.63105650e-02  1.00279000e+02  1.13110000e+01  1.37848000e+05 -1.91127000e-01 
 3.20000000e-01  8.62300000e+03  3.20000000e-01 -2.80703553e-12  3.73664619e-01  6.63105650e-02  1.00279000e+02  1.13110000e+01  1.37848000e+05 -1.91127000e-01 
 3.30000000e-01  8.62300000e+03  3.30000000e-01 -3.39933271e-12  3.73664619e-01  6.63105650e-02  1.00279000e+02  1.13110000e+01  1.37848000e+05 -1.91127000e-01 
 3.40000000e-01  8.62300000e+03  3.40000000e-01 -4.35860350e-12  3.73664619e-01  6.63105650e-02  1.00279000e+02  1.13110000e+01  1.37848000e+05 -1.91127000e-01 
 3.50000000e-01  8.62300000e+03  3.50000000e-01 -5.91209001e-12  3.73664619e-01  6.63105650e-02  1.00279000e+02  1.13110000e+01  1.37848000e+05 -1.91127000e-01 
 3.60000000e-01  8.62300000e+03  3.60000000e-01 -8.42761637e-12  3.73664619e-01  6.63105650e-02  1.00279000e+02  1.13110000e+01  1.37848000e+05 -1.91127000e-01 
 3.70000000e-01  8.62300000e+03  3.70000000e-01 -1.25004176e-11  3.73664619e-01  6.63105650e-02  1.00279000e+02  1.13110000e+01  1.37848000e+05 -1.91127000e-01 
 3.80000000e-01  8.62300000e+03  3.80000000e-01 -1.90934482e-11  3.73664619e-01  6.63105650e-02  1.00279000e+02  1.13110000e+01  1.37848000e+05 -1.91127000e-01 
 3.90000000e-01  8.62300000e+03  3.90000000e-01 -2.97639513e-11  3.73664619e-01  6.63105650e-02  1.00279000e+02  1.13110000e+01  1.37848000e+05 -1.91127000e-01 
 4.00000000e-01  8.62300000e+03  4.00000000e-01 -4.70290019e-11  3.73664619e-01  6.63105650e-02  1.00279000e+02  1.13110000e+01  1.37848000e+05 -1.91127000e-01 
 4.10000000e-01  8.62300000e+03  4.10000000e-01 -7.49546062e-11  3.73664619e-01  6.63105650e-02  1.00279000e+02  1.13110000e+01  1.37848000e+05 -1.91127000e-01 
 4.20000000e-01  8.62300000e+03  4.20000000e-01 -1.20103742e-10  3.73664619e-01  6.63105650e-02  1.00279000e+02  1.13110000e+01  1.37848000e+05 -1.91127000e-01 
 4.30000000e-01  8.62300000e+03  4.30000000e-01 -1.93059316e-10  3.73664619e-01  6.63105650e-02  1.00279000e+02  1.13110000e+01  1.37848000e+05 -1.91127000e-01 
 4.40000000e-01  8.62300000e+03  4.40000000e-01 -3.10865172e-10  3.73664619e-01  6.63105650e-02  1.00279000e+02  1.13110000e+01  1.37848000e+05 -1.91127000e-01 
 4.50000000e-01  8.62300000e+03  4.50000000e-01 -5.00927455e-10  3.73664619e-01  6.63105650e-02  1.00279000e+02  1.13110000e+01  1.37848000e+05 -1.91127000e-01 
 4.60000000e-01  8.62300000e+03  4.60000000e-01 -8.07227781e-10  3.73664619e-01  6.63105650e-02  1.00279000e+02  1.13110000e+01  1.37848000e+05 -1.91127000e-01 
 4.70000000e-01  8.62300000e+03  4.70000000e-01 -1.30017405e-09  3.73664619e-01  6.63105650e-02  1.00279000e+02  1.13110000e+01  1.37848000e+05 -1.91127000e-01 
 4.80000000e-01  8.62300000e+03  4.80000000e-01 -2.09213209e-09  3.73664619e-01  6.63105650e-02  1.00279000e+02  1.13110000e+01  1.37848000e+05 -1.91127000e-01 
 4.90000000e-01  8.62300000e+03  4.90000000e-01 -3.36174684e-09  3.73664619e-01  6.63105650e-02  1.00279000e+02  1.13110000e+01  1.37848000e+05 -1.91127000e-01 
 5.00000000e-01  8.62300000e+03  5.00000000e-01 -5.39170848e-09  3.73664619e-01  6.63105650e-02  1.00279000e+02  1.13110000e+01  1.37848000e+05 -1.91127000e-01 
 5.10000000e-01  8.62300000e+03  5.10000000e-01 -8.62680429e-09  3.73664619e-01  6.63105650e-02  1.00279000e+02  1.13110000e+01  1.37848000e+05 -1.91127000e-01 
 5.20000000e-01  8.62300000e+03  5.20000000e-01 -1.37620857e-08  3.73664619e-01  6.63105650e-02  1.00279000e+02  1.13110000e+01  1.37848000e+05 -1.91127000e-01 
 5.30000000e-01  8.62300000e+03  5.30000000e-01 -2.18749248e-08  3.73664619e-01  6.63105650e-02  1.00279000e+02  1.13110000e+01  1.37848000e+05 -1.91127000e-01 
 5.40000000e-01  8.62300000e+03  5.40000000e-01 -3.46197734e-08  3.73664619e-01  6.63105650e-02  1.00279000e+02  1.13110000e+01  1.37848000e+05 -1.91127000e-01 
 5.50000000e-01  8.62300000e+03  5.50000000e-01 -5.45107548e-08  3.73664619e-01  6.63105650e-02  1.00279000e+02  1.13110000e+01  1.37848000e+05 -1.91127000e-01 
 5.60000000e-01  8.62300000e+03  5.60000000e-01 -8.53252436e-08  3.73664619e-01  6.63105650e-02  1.00279000e+02  1.13110000e+01  1.37848000e+05 -1.91127000e-01 
 5.70000000e-01  8.62300000e+03  5.70000000e-01 -1.32672283e-07  3.73664619e-01  6.63105650e-02  1.00279000e+02  1.13110000e+01  1.37848000e+05 -1.91127000e-01 
 5.80000000e-01  8.62300000e+03  5.80000000e-01 -2.04784322e-07  3.73664619e-01  6.63105650e-02  1.00279000e+02  1.13110000e+01  1.37848000e+05 -1.91127000e-01 
 5.90000000e-01  8.62300000e+03  5.90000000e-01 -3.13608678e-07  3.73664619e-01  6.63105650e-02  1.00279000e+02  1.13110000e+01  1.37848000e+05 -1.91127000e-01 
 6.00000000e-01  8.62300000e+03  6.00000000e-01 -4.76286875e-07  3.73664619e-01  6.63105650e-02  1.00279000e+02  1.13110000e+01  1.37848000e+05 -1.91127000e-01 
 6.10000000e-01  8.62300000e+03  6.10000000e-01 -7.17085278e-07  3.73664619e-01  6.63105650e-02  1.00279000e+02  1.13110000e+01  1.37848000e+05 -1.91127000e-01 
 6.20000000e-01  8.62300000e+03  6.20000000e-01 -1.06972036e-06  3.73664619e-01  6.63105650e-02  1.00279000e+02  1.13110000e+01  1.37848000e+05 -1.91127000e-01 
 6.30000000e-01  8.62300000e+03  6.30000000e-01 -1.57974169e-06  3.73664619e-01  6.63105650e-02  1.00279000e+02  1.13110000e+01  1.37848000e+05 -1.91127000e-01 
 6.40000000e-01  8.62300000e+03  6.40000000e-01 -2.30620334e-06  3.73664619e-01  6.63105650e-02  1.00279000e+02  1.13110000e+01  1.37848000e+05 -1.91127000e-01 
 6.50000000e-01  8.62300000e+03  6.50000000e-01 -3.32145771e-06  3.73664619e-01  6.63105650e-02  1.00279000e+02  1.13110000e+01  1.37848000e+05 -1.91127000e-01 
 6.60000000e-01  8.62300000e+03  6.60000000e-01 -4.70791344e-06  3.73664619e-01  6.63105650e-02  1.00279000e+02  1.13110000e+01  1.37848000e+05 -1.91127000e-01 
 6.70000000e-01  8.62300000e+03  6.70000000e-01 -6.55132740e-06  3.73664619e-01  6.63105650e-02  1.00279000e+02  1.13110000e+01  1.37848000e+05 -1.91127000e-01 
 6.80000000e-01  8.62300000e+03  6.80000000e-01 -8.93153603e-06  3.73664619e-01  6.63105650e-02  1.00279000e+02  1.13110000e+01  1.37848000e+05 -1.91127000e-01 
 6.90000000e-01  8.62300000e+03  6.90000000e-01 -1.19128101e-05  3.73664619e-01  6.63105650e-02  1.00279000e+02  1.13110000e+01  1.37848000e+05 -1.91127000e-01 
 7.00000000e-01  8.62300000e+03  7.00000000e-01 -1.55364337e-05  3.73664619e-01  6.63105650e-02  1.00279000e+02  1.13110000e+01  1.37848000e+05 -1.91127000e-01 
 7.10000000e-01  8.62300000e+03  7.10000000e-01 -1.98173593e-05  3.73664619e-01  6.63105650e-02  1.00279000e+02  1.13110000e+01  1.37848000e+05 -1.91127000e-01 
 7.20000000e-01  8.62300000e+03  7.20000000e-01 -2.47453194e-05  3.73664619e-01  6.63105650e-02  1.00279000e+02  1.13110000e+01  1.37848000e+05 -1.91127000e-01 
 7.30000000e-01  8.62300000e+03  7.30000000e-01 -3.02894013e-05  3.73664619e-01  6.63105650e-02  1.00279000e+02  1.13110000e+01  1.37848000e+05 -1.91127000e-01 
 7.40000000e-01  8.62300000e+03  7.40000000e-01 -3.64043905e-05  3.73664619e-01  6.63105650e-02  1.00279000e+02  1.13110000e+01  1.37848000e+05 -1.91127000e-01 
 7.50000000e-01  8.62300000e+03  7.50000000e-01 -4.30372439e-05  3.73664619e-01  6.63105650e-02  1.00279000e+02  1.13110000e+01  1.37848000e+05 -1.91127000e-01 
 7.60000000e-01  8.62300000e+03  7.60000000e-01 -5.01325789e-05  3.73664619e-01  6.63105650e-02  1.00279000e+02  1.13110000e+01  1.37848000e+05 -1.91127000e-01 
 7.70000000e-01  8.62300000e+03  7.70000000e-01 -5.76366761e-05  3.73664619e-01  6.63105650e-02  1.00279000e+02  1.13110000e+01  1.37848000e+05 -1.91127000e-01 
 7.80000000e-01  8.62300000e+03  7.80000000e-01 -6.54999799e-05  3.73664619e-01  6.63105650e-02  1.00279000e+02  1.13110000e+01  1.37848000e+05 -1.91127000e-01 
 7.90000000e-01  8.62300000e+03  7.90000000e-01 -7.36783506e-05  3.73664619e-01  6.63105650e-02  1.00279000e+02  1.13110000e+01  1.37848000e+05 -1.91127000e-01 
 8.00000000e-01  8.62300000e+03  8.00000000e-01 -8.21334136e-05  3.73664619e-01  6.63105650e-02  1.00279000e+02  1.13110000e+01  1.37848000e+05 -1.91127000e-01 
 8.10000000e-01  8.62300000e+03  8.10000000e-01 -9.08323350e-05  3.73664619e-01  6.63105650e-02  1.00279000e+02  1.13110000e+01  1.37848000e+05 -1.91127000e-01 
 8.20000000e-01  8.62300000e+03  8.20000000e-01 -9.97472833e-05  3.73664619e-01  6.63105650e-02  1.00279000e+02  1.13110000e+01  1.37848000e+05 -1.91127000e-01 
 8.30000000e-01  8.62300000e+03  8.30000000e-01 -1.08854760e-04  3.73664619e-01  6.63105650e-02  1.00279000e+02  1.13110000e+01  1.37848000e+05 -1.91127000e-01 
 8.40000000e-01  8.62300000e+03  8.40000000e-01 -1.18134916e-04  3.73664619e-01  6.63105650e-02  1.00279000e+02  1.13110000e+01  1.37848000e+05 -1.91127000e-01 
 8.50000000e-01  8.62300000e+03  8.50000000e-01 -1.27570916e-04  3.73664619e-01  6.63105650e-02  1.00279000e+02  1.13110000e+01  1.37848000e+05 -1.91127000e-01 
 8.60000000e-01  8.62300000e+03  8.60000000e-01 -1.37148382e-04  3.73664619e-01  6.63105650e-02  1.00279000e+02  1.13110000e+01  1.37848000e+05 -1.91127000e-01 
 8.70000000e-01  8.62300000e+03  8.70000000e-01 -1.46854930e-04  3.73664619e-01  6.63105650e-02  1.00279000e+02  1.13110000e+01  1.37848000e+05 -1.91127000e-01 
 8.80000000e-01  8.62300000e+03  8.80000000e-01 -1.56679782e-04  3.73664619e-01  6.63105650e-02  1.00279000e+02  1.13110000e+01  1.37848000e+05 -1.91127000e-01 
 8.90000000e-01  8.62300000e+03  8.90000000e-01 -1.66613467e-04  3.73664619e-01  6.63105650e-02  1.00279000e+02  1.13110000e+01  1.37848000e+05 -1.91127000e-01 
 9.00000000e-01  8.62300000e+03  9.00000000e-01 -1.76647569e-04  3.73664619e-01  6.63105650e-02  1.00279000e+02  1.13110000e+01  1.37848000e+05 -1.91127000e-01 
 9.10000000e-01  8.62300000e+03  9.10000000e-01 -1.86774548e-04  3.73664619e-01  6.63105650e-02  1.00279000e+02  1.13110000e+01  1.37848000e+05 -1.91127000e-01 
 9.20000000e-01  8.62300000e+03  9.20000000e-01 -1.96987582e-04  3.73664619e-01  6.63105650e-02  1.00279000e+02  1.13110000e+01  1.37848000e+05 -1.91127000e-01 
 9.30000000e-01  8.62300000e+03  9.30000000e-01 -2.07280458e-04  3.73664619e-01  6.63105650e-02  1.00279000e+02  1.13110000e+01  1.37848000e+05 -1.91127000e-01 
 9.40000000e-01  8.62300000e+03  9.40000000e-01 -2.17647479e-04  3.73664619e-01  6.63105650e-02  1.00279000e+02  1.13110000e+01  1.37848000e+05 -1.91127000e-01 
 9.50000000e-01  8.62300000e+03  9.50000000e-01 -2.28083397e-04  3.73664619e-01  6.63105650e-02  1.00279000e+02  1.13110000e+01  1.37848000e+05 -1.91127000e-01 
 9.60000000e-01  8.62300000e+03  9.60000000e-01 -2.38583356e-04  3.73664619e-01  6.63105650e-02  1.00279000e+02  1.13110000e+01  1.37848000e+05 -1.91127000e-01 
 9.70000000e-01  8.62300000e+03  9.70000000e-01 -2.49142842e-04  3.73664619e-01  6.63105650e-02  1.00279000e+02  1.13110000e+01  1.37848000e+05 -1.91127000e-01 
 9.80000000e-01  8.62300000e+03  9.80000000e-01 -2.59757661e-04  3.73664619e-01  6.63105650e-02  1.00279000e+02  1.13110000e+01  1.37848000e+05 -1.91127000e-01 
 9.90000000e-01  8.62300000e+03  9.90000000e-01 -2.70423897e-04  3.73664619e-01  6.63105650e-02  1.00279000e+02  1.13110000e+01  1.37848000e+05 -1.91127000e-01 
 1.00000000e+00  8.62300000e+03  1.00000000e+00 -2.81137898e-04  3.73664619e-01  6.63105650e-02  1.00279000e+02  1.13110000e+01  1.37848000e+05 -1.91127000e-01 
 1.01000000e+00  8.62300000e+03  1.01000000e+00 -2.91896246e-04  3.73664619e-01  6.63105650e-02  1.00279000e+02  1.13110000e+01  1.37848000e+05 -1.91127000e-01 
 1.02000000e+00  8.62300000e+03  1.02000000e+00 -3.02695745e-04  3.73664619e-01  6.63105650e-02  1.00279000e+02  1.13110000e+01  1.37848000e+05 -1.91127000e-01 
 1.03000000e+00  8.62300000e+03  1.03000000e+00 -3.13533401e-04  3.73664619e-01  6.63105650e-02  1.00279000e+02  1.13110000e+01  1.37848000e+05 -1.91127000e-01 
 1.04000000e+00  8.62300000e+03  1.04000000e+00 -3.24406411e-04  3.73664619e-01  6.63105650e-02  1.00279000e+02  1.13110000e+01  1.37848000e+05 -1.91127000e-01 
 1.05000000e+00  8.62300000e+03  1.05000000e+00 -3.35312147e-04  3.73664619e-01  6.63105650e-02  1.00279000e+02  1.13110000e+01  1.37848000e+05 -1.91127000e-01 
 1.06000000e+00  8.62300000e+03  1.06000000e+00 -3.46248145e-04  3.73664619e-01  6.63105650e-02  1.00279000e+02  1.13110000e+01  1.37848000e+05 -1.91127000e-01 
 1.07000000e+00  8.62300000e+03  1.07000000e+00 -3.57212096e-04  3.73664619e-01  6.63105650e-02  1.00279000e+02  1.13110000e+01  1.37848000e+05 -1.91127000e-01 
 1.08000000e+00  8.62300000e+03  1.08000000e+00 -3.68201833e-04  3.73664619e-01  6.63105650e-02  1.00279000e+02  1.13110000e+01  1.37848000e+05 -1.91127000e-01 
 1.09000000e+00  8.62300000e+03  1.09000000e+00 -3.79215323e-04  3.73664619e-01  6.63105650e-02  1.00279000e+02  1.13110000e+01  1.37848000e+05 -1.91127000e-01 
 1.10000000e+00  8.62300000e+03  1.10000000e+00 -3.90250661e-04  3.73664619e-01  6.63105650e-02  1.00279000e+02  1.13110000e+01  1.37848000e+05 -1.91127000e-01 
 1.11000000e+00  8.62300000e+03  1.11000000e+00 -4.01306055e-04  3.73664619e-01  6.63105650e-02  1.00279000e+02  1.13110000e+01  1.37848000e+05 -1.91127000e-01 
 1.12000000e+00  8.62300000e+03  1.12000000e+00 -4.12379825e-04  3.73664619e-01  6.63105650e-02  1.00279000e+02  1.13110000e+01  1.37848000e+05 -1.91127000e-01 
 1.13000000e+00  8.62300000e+03  1.13000000e+00 -4.23470392e-04  3.73664619e-01  6.63105650e-02  1.00279000e+02  1.13110000e+01  1.37848000e+05 -1.91127000e-01 
 1.14000000e+00  8.62300000e+03  1.14000000e+00 -4.34576273e-04  3.73664619e-01  6.63105650e-02  1.00279000e+02  1.13110000e+01  1.37848000e+05 -1.91127000e-01 
 1.15000000e+00  8.62300000e+03  1.15000000e+00 -4.45696075e-04  3.73664619e-01  6.63105650e-02  1.00279000e+02  1.13110000e+01  1.37848000e+05 -1.91127000e-01 
 1.16000000e+00  8.62300000e+03  1.16000000e+00 -4.56828488e-04  3.73664619e-01  6.63105650e-02  1.00279000e+02  1.13110000e+01  1.37848000e+05 -1.91127000e-01 
 1.17000000e+00  8.62300000e+03  1.17000000e+00 -4.67972279e-04  3.73664619e-01  6.63105650e-02  1.00279000e+02  1.13110000e+01  1.37848000e+05 -1.91127000e-01 
 1.18000000e+00  8.62300000e+03  1.18000000e+00 -4.79126291e-04  3.73664619e-01  6.63105650e-02  1.00279000e+02  1.13110000e+01  1.37848000e+05 -1.91127000e-01 
 1.19000000e+00  8.62300000e+03  1.19000000e+00 -4.90289433e-04  3.73664619e-01  6.63105650e-02  1.00279000e+02  1.13110000e+01  1.37848000e+05 -1.91127000e-01 
 1.20000000e+00  8.62300000e+03  1.20000000e+00 -5.01460678e-04  3.73664619e-01  6.63105650e-02  1.00279000e+02  1.13110000e+01  1.37848000e+05 -1.91127000e-01 
 1.21000000e+00  8.62300000e+03  1.21000000e+00 -5.12639060e-04  3.73664619e-01  6.63105650e-02  1.00279000e+02  1.13110000e+01  1.37848000e+05 -1.91127000e-01 
 1.22000000e+00  8.62300000e+03  1.22000000e+00 -5.23823669e-04  3.73664619e-01  6.63105650e-02  1.00279000e+02  1.13110000e+01  1.37848000e+05 -1.91127000e-01 
 1.23000000e+00  8.62300000e+03  1.23000000e+00 -5.35013646e-04  3.73664619e-01  6.63105650e-02  1.00279000e+02  1.13110000e+01  1.37848000e+05 -1.91127000e-01 
 1.24000000e+00  8.62300000e+03  1.24000000e+00 -5.46208183e-04  3.73664619e-01  6.63105650e-02  1.00279000e+02  1.13110000e+01  1.37848000e+05 -1.91127000e-01 
 1.25000000e+00  8.62300000e+03  1.25000000e+00 -5.57406518e-04  3.73664619e-01  6.63105650e-02  1.00279000e+02  1.13110000e+01  1.37848000e+05 -1.91127000e-01 
 1.26000000e+00  8.62300000e+03  1.26000000e+00 -5.68607931e-04  3.73664619e-01  6.63105650e-02  1.00279000e+02  1.13110000e+01  1.37848000e+05 -1.91127000e-01 
 1.27000000e+00  8.62300000e+03  1.27000000e+00 -5.79811743e-04  3.73664619e-01  6.63105650e-02  1.00279000e+02  1.13110000e+01  1.37848000e+05 -1.91127000e-01 
 1.28000000e+00  8.62300000e+03  1.28000000e+00 -5.91017314e-04  3.73664619e-01  6.63105650e-02  1.00279000e+02  1.13110000e+01  1.37848000e+05 -1.91127000e-01 
 1.29000000e+00  8.62300000e+03  1.29000000e+00 -6.02224039e-04  3.73664619e-01  6.63105650e-02  1.00279000e+02  1.13110000e+01  1.37848000e+05 -1.91127000e-01 
 1.30000000e+00  8.62300000e+03  1.30000000e+00 -6.13431347e-04  3.73664619e-01  6.63105650e-02  1.00279000e+02  1.13110000e+01  1.37848000e+05 -1.91127000e-01 
 1.31000000e+00  8.62300000e+03  1.31000000e+00 -6.24638699e-04  3.73664619e-01  6.63105650e-02  1.00279000e+02  1.13110000e+01  1.37848000e+05 -1.91127000e-01 
 1.32000000e+00  8.62300000e+03  1.32000000e+00 -6.35845583e-04  3.73664619e-01  6.63105650e-02  1.00279000e+02  1.13110000e+01  1.37848000e+05 -1.91127000e-01 
 1.33000000e+00  8.62300000e+03  1.33000000e+00 -6.47051520e-04  3.73664619e-01  6.63105650e-02  1.00279000e+02  1.13110000e+01  1.37848000e+05 -1.91127000e-01 
 1.34000000e+00  8.62300000e+03  1.34000000e+00 -6.58256052e-04  3.73664619e-01  6.63105650e-02  1.00279000e+02  1.13110000e+01  1.37848000e+05 -1.91127000e-01 
 1.35000000e+00  8.62300000e+03  1.35000000e+00 -6.69458749e-04  3.73664619e-01  6.63105650e-02  1.00279000e+02  1.13110000e+01  1.37848000e+05 -1.91127000e-01 
 1.36000000e+00  8.62300000e+03  1.36000000e+00 -6.80659204e-04  3.73664619e-01  6.63105650e-02  1.00279000e+02  1.13110000e+01  1.37848000e+05 -1.91127000e-01 
 1.37000000e+00  8.62300000e+03  1.37000000e+00 -6.91857031e-04  3.73664619e-01  6.63105650e-02  1.00279000e+02  1.13110000e+01  1.37848000e+05 -1.91127000e-01 
 1.38000000e+00  8.62300000e+03  1.38000000e+00 -7.03051866e-04  3.73664619e-01  6.63105650e-02  1.00279000e+02  1.13110000e+01  1.37848000e+05 -1.91127000e-01 
 1.39000000e+00  8.62300000e+03  1.39000000e+00 -7.14243363e-04  3.73664619e-01  6.63105650e-02  1.00279000e+02  1.13110000e+01  1.37848000e+05 -1.91127000e-01 
 1.40000000e+00  8.62300000e+03  1.40000000e+00 -7.25431195e-04  3.73664619e-01  6.63105650e-02  1.00279000e+02  1.13110000e+01  1.37848000e+05 -1.91127000e-01 
 1.41000000e+00  8.62300000e+03  1.41000000e+00 -7.36615055e-04  3.73664619e-01  6.63105650e-02  1.00279000e+02  1.13110000e+01  1.37848000e+05 -1.91127000e-01 
 1.42000000e+00  8.62300000e+03  1.42000000e+00 -7.47794648e-04  3.73664619e-01  6.63105650e-02  1.00279000e+02  1.13110000e+01  1.37848000e+05 -1.91127000e-01 
 1.43000000e+00  8.62300000e+03  1.43000000e+00 -7.58969697e-04  3.73664619e-01  6.63105650e-02  1.00279000e+02  1.13110000e+01  1.37848000e+05 -1.91127000e-01 
 1.44000000e+00  8.62300000e+03  1.44000000e+00 -7.70139941e-04  3.73664619e-01  6.63105650e-02  1.00279000e+02  1.13110000e+01  1.37848000e+05 -1.91127000e-01 
 1.45000000e+00  8.62300000e+03  1.45000000e+00 -7.81305131e-04  3.73664619e-01  6.63105650e-02  1.00279000e+02  1.13110000e+01  1.37848000e+05 -1.91127000e-01 
 1.46000000e+00  8.62300000e+03  1.46000000e+00 -7.92465031e-04  3.73664619e-01  6.63105650e-02  1.00279000e+02  1.13110000e+01  1.37848000e+05 -1.91127000e-01 
 1.47000000e+00  8.62300000e+03  1.47000000e+00 -8.03619418e-04  3.73664619e-01  6.63105650e-02  1.00279000e+02  1.13110000e+01  1.37848000e+05 -1.91127000e-01 
 1.48000000e+00  8.62300000e+03  1.48000000e+00 -8.14768081e-04  3.73664619e-01  6.63105650e-02  1.00279000e+02  1.13110000e+01  1.37848000e+05 -1.91127000e-01 
 1.49000000e+00  8.62300000e+03  1.49000000e+00 -8.25910820e-04  3.73664619e-01  6.63105650e-02  1.00279000e+02  1.13110000e+01  1.37848000e+05 -1.91127000e-01 
 1.50000000e+00  8.62300000e+03  1.50000000e+00 -8.37047446e-04  3.73664619e-01  6.63105650e-02  1.00279000e+02  1.13110000e+01  1.37848000e+05 -1.91127000e-01 
 1.51000000e+00  8.62300000e+03  1.51000000e+00 -8.48177778e-04  3.73664619e-01  6.63105650e-02  1.00279000e+02  1.13110000e+01  1.37848000e+05 -1.91127000e-01 
 1.52000000e+00  8.62300000e+03  1.52000000e+00 -8.59301647e-04  3.73664619e-01  6.63105650e-02  1.00279000e+02  1.13110000e+01  1.37848000e+05 -1.91127000e-01 
 1.53000000e+00  8.62300000e+03  1.53000000e+00 -8.70418892e-04  3.73664619e-01  6.63105650e-02  1.00279000e+02  1.13110000e+01  1.37848000e+05 -1.91127000e-01 
 1.54000000e+00  8.62300000e+03  1.54000000e+00 -8.81529360e-04  3.73664619e-01  6.63105650e-02  1.00279000e+02  1.13110000e+01  1.37848000e+05 -1.91127000e-01 
 1.55000000e+00  8.62300000e+03  1.55000000e+00 -8.92632907e-04  3.73664619e-01  6.63105650e-02  1.00279000e+02  1.13110000e+01  1.37848000e+05 -1.91127000e-01 
 1.56000000e+00  8.62300000e+03  1.56000000e+00 -9.03729394e-04  3.73664619e-01  6.63105650e-02  1.00279000e+02  1.13110000e+01  1.37848000e+05 -1.91127000e-01 
 1.57000000e+00  8.62300000e+03  1.57000000e+00 -9.14818693e-04  3.73664619e-01  6.63105650e-02  1.00279000e+02  1.13110000e+01  1.37848000e+05 -1.91127000e-01 
 1.58000000e+00  8.62300000e+03  1.58000000e+00 -9.25900680e-04  3.73664619e-01  6.63105650e-02  1.00279000e+02  1.13110000e+01  1.37848000e+05 -1.91127000e-01 
 1.59000000e+00  8.62300000e+03  1.59000000e+00 -9.36975239e-04  3.73664619e-01  6.63105650e-02  1.00279000e+02  1.13110000e+01  1.37848000e+05 -1.91127000e-01 
 1.60000000e+00  8.62300000e+03  1.60000000e+00 -9.48042259e-04  3.73664619e-01  6.63105650e-02  1.00279000e+02  1.13110000e+01  1.37848000e+05 -1.91127000e-01 
 1.61000000e+00  8.62300000e+03  1.61000000e+00 -9.59101636e-04  3.73664619e-01  6.63105650e-02  1.00279000e+02  1.13110000e+01  1.37848000e+05 -1.91127000e-01 
 1.62000000e+00  8.62300000e+03  1.62000000e+00 -9.70153270e-04  3.73664619e-01  6.63105650e-02  1.00279000e+02  1.13110000e+01  1.37848000e+05 -1.91127000e-01 
 1.63000000e+00  8.62300000e+03  1.63000000e+00 -9.81197068e-04  3.73664619e-01  6.63105650e-02  1.00279000e+02  1.13110000e+01  1.37848000e+05 -1.91127000e-01 
 1.64000000e+00  8.62300000e+03  1.64000000e+00 -9.92232940e-04  3.73664619e-01  6.63105650e-02  1.00279000e+02  1.13110000e+01  1.37848000e+05 -1.91127000e-01 
 1.65000000e+00  8.62300000e+03  1.65000000e+00 -1.00326080e-03  3.73664619e-01  6.63105650e-02  1.00279000e+02  1.13110000e+01  1.37848000e+05 -1.91127000e-01 
 1.66000000e+00  8.62300000e+03  1.66000000e+00 -1.01428057e-03  3.73664619e-01  6.63105650e-02  1.00279000e+02  1.13110000e+01  1.37848000e+05 -1.91127000e-01 
 1.67000000e+00  8.62300000e+03  1.67000000e+00 -1.02529218e-03  3.73664619e-01  6.63105650e-02  1.00279000e+02  1.13110000e+01  1.37848000e+05 -1.91127000e-01 
 1.68000000e+00  8.62300000e+03  1.68000000e+00 -1.03629555e-03  3.73664619e-01  6.63105650e-02  1.00279000e+02  1.13110000e+01  1.37848000e+05 -1.91127000e-01 
 1.69000000e+00  8.62300000e+03  1.69000000e+00 -1.04729062e-03  3.73664619e-01  6.63105650e-02  1.00279000e+02  1.13110000e+01  1.37848000e+05 -1.91127000e-01 
 1.70000000e+00  8.62300000e+03  1.70000000e+00 -1.05827731e-03  3.73664619e-01  6.63105650e-02  1.00279000e+02  1.13110000e+01  1.37848000e+05 -1.91127000e-01 
 1.71000000e+00  8.62300000e+03  1.71000000e+00 -1.06925557e-03  3.73664619e-01  6.63105650e-02  1.00279000e+02  1.13110000e+01  1.37848000e+05 -1.91127000e-01 
 1.72000000e+00  8.62300000e+03  1.72000000e+00 -1.08022535e-03  3.73664619e-01  6.63105650e-02  1.00279000e+02  1.13110000e+01  1.37848000e+05 -1.91127000e-01 
 1.73000000e+00  8.62300000e+03  1.73000000e+00 -1.09118658e-03  3.73664619e-01  6.63105650e-02  1.00279000e+02  1.13110000e+01  1.37848000e+05 -1.91127000e-01 
 1.74000000e+00  8.62300000e+03  1.74000000e+00 -1.10213921e-03  3.73664619e-01  6.63105650e-02  1.00279000e+02  1.13110000e+01  1.37848000e+05 -1.91127000e-01 
 1.75000000e+00  8.62300000e+03  1.75000000e+00 -1.11308320e-03  3.73664619e-01  6.63105650e-02  1.00279000e+02  1.13110000e+01  1.37848000e+05 -1.91127000e-01 
 1.76000000e+00  8.62300000e+03  1.76000000e+00 -1.12401849e-03  3.73664619e-01  6.63105650e-02  1.00279000e+02  1.13110000e+01  1.37848000e+05 -1.91127000e-01 
 1.77000000e+00  8.62300000e+03  1.77000000e+00 -1.13494505e-03  3.73664619e-01  6.63105650e-02  1.00279000e+02  1.13110000e+01  1.37848000e+05 -1.91127000e-01 
 1.78000000e+00  8.62300000e+03  1.78000000e+00 -1.14586283e-03  3.73664619e-01  6.63105650e-02  1.00279000e+02  1.13110000e+01  1.37848000e+05 -1.91127000e-01 
 1.79000000e+00  8.62300000e+03  1.79000000e+00 -1.15677179e-03  3.73664619e-01  6.63105650e-02  1.00279000e+02  1.13110000e+01  1.37848000e+05 -1.91127000e-01 
 1.80000000e+00  8.62300000e+03  1.80000000e+00 -1.16767189e-03  3.73664619e-01  6.63105650e-02  1.00279000e+02  1.13110000e+01  1.37848000e+05 -1.91127000e-01 
