 v-sweep         run_num         v(gate)         i(vds)          out_vth0        out_u0          out_rdsw        out_nfactor     out_vsat        out_eta0       
 0.00000000e+00  8.76300000e+03  0.00000000e+00 -1.85137537e-12  3.76246575e-01  6.69990866e-02  1.00279000e+02  1.13110000e+01  1.37848000e+05 -1.91127000e-01 
 1.00000000e-02  8.76300000e+03  1.00000000e-02 -1.85137545e-12  3.76246575e-01  6.69990866e-02  1.00279000e+02  1.13110000e+01  1.37848000e+05 -1.91127000e-01 
 2.00000000e-02  8.76300000e+03  2.00000000e-02 -1.85137565e-12  3.76246575e-01  6.69990866e-02  1.00279000e+02  1.13110000e+01  1.37848000e+05 -1.91127000e-01 
 3.00000000e-02  8.76300000e+03  3.00000000e-02 -1.85137592e-12  3.76246575e-01  6.69990866e-02  1.00279000e+02  1.13110000e+01  1.37848000e+05 -1.91127000e-01 
 4.00000000e-02  8.76300000e+03  4.00000000e-02 -1.85137637e-12  3.76246575e-01  6.69990866e-02  1.00279000e+02  1.13110000e+01  1.37848000e+05 -1.91127000e-01 
 5.00000000e-02  8.76300000e+03  5.00000000e-02 -1.85137710e-12  3.76246575e-01  6.69990866e-02  1.00279000e+02  1.13110000e+01  1.37848000e+05 -1.91127000e-01 
 6.00000000e-02  8.76300000e+03  6.00000000e-02 -1.85137827e-12  3.76246575e-01  6.69990866e-02  1.00279000e+02  1.13110000e+01  1.37848000e+05 -1.91127000e-01 
 7.00000000e-02  8.76300000e+03  7.00000000e-02 -1.85138018e-12  3.76246575e-01  6.69990866e-02  1.00279000e+02  1.13110000e+01  1.37848000e+05 -1.91127000e-01 
 8.00000000e-02  8.76300000e+03  8.00000000e-02 -1.85138327e-12  3.76246575e-01  6.69990866e-02  1.00279000e+02  1.13110000e+01  1.37848000e+05 -1.91127000e-01 
 9.00000000e-02  8.76300000e+03  9.00000000e-02 -1.85138827e-12  3.76246575e-01  6.69990866e-02  1.00279000e+02  1.13110000e+01  1.37848000e+05 -1.91127000e-01 
 1.00000000e-01  8.76300000e+03  1.00000000e-01 -1.85139637e-12  3.76246575e-01  6.69990866e-02  1.00279000e+02  1.13110000e+01  1.37848000e+05 -1.91127000e-01 
 1.10000000e-01  8.76300000e+03  1.10000000e-01 -1.85140950e-12  3.76246575e-01  6.69990866e-02  1.00279000e+02  1.13110000e+01  1.37848000e+05 -1.91127000e-01 
 1.20000000e-01  8.76300000e+03  1.20000000e-01 -1.85143077e-12  3.76246575e-01  6.69990866e-02  1.00279000e+02  1.13110000e+01  1.37848000e+05 -1.91127000e-01 
 1.30000000e-01  8.76300000e+03  1.30000000e-01 -1.85146523e-12  3.76246575e-01  6.69990866e-02  1.00279000e+02  1.13110000e+01  1.37848000e+05 -1.91127000e-01 
 1.40000000e-01  8.76300000e+03  1.40000000e-01 -1.85152105e-12  3.76246575e-01  6.69990866e-02  1.00279000e+02  1.13110000e+01  1.37848000e+05 -1.91127000e-01 
 1.50000000e-01  8.76300000e+03  1.50000000e-01 -1.85161149e-12  3.76246575e-01  6.69990866e-02  1.00279000e+02  1.13110000e+01  1.37848000e+05 -1.91127000e-01 
 1.60000000e-01  8.76300000e+03  1.60000000e-01 -1.85175800e-12  3.76246575e-01  6.69990866e-02  1.00279000e+02  1.13110000e+01  1.37848000e+05 -1.91127000e-01 
 1.70000000e-01  8.76300000e+03  1.70000000e-01 -1.85199536e-12  3.76246575e-01  6.69990866e-02  1.00279000e+02  1.13110000e+01  1.37848000e+05 -1.91127000e-01 
 1.80000000e-01  8.76300000e+03  1.80000000e-01 -1.85237989e-12  3.76246575e-01  6.69990866e-02  1.00279000e+02  1.13110000e+01  1.37848000e+05 -1.91127000e-01 
 1.90000000e-01  8.76300000e+03  1.90000000e-01 -1.85300285e-12  3.76246575e-01  6.69990866e-02  1.00279000e+02  1.13110000e+01  1.37848000e+05 -1.91127000e-01 
 2.00000000e-01  8.76300000e+03  2.00000000e-01 -1.85401206e-12  3.76246575e-01  6.69990866e-02  1.00279000e+02  1.13110000e+01  1.37848000e+05 -1.91127000e-01 
 2.10000000e-01  8.76300000e+03  2.10000000e-01 -1.85564704e-12  3.76246575e-01  6.69990866e-02  1.00279000e+02  1.13110000e+01  1.37848000e+05 -1.91127000e-01 
 2.20000000e-01  8.76300000e+03  2.20000000e-01 -1.85829576e-12  3.76246575e-01  6.69990866e-02  1.00279000e+02  1.13110000e+01  1.37848000e+05 -1.91127000e-01 
 2.30000000e-01  8.76300000e+03  2.30000000e-01 -1.86258676e-12  3.76246575e-01  6.69990866e-02  1.00279000e+02  1.13110000e+01  1.37848000e+05 -1.91127000e-01 
 2.40000000e-01  8.76300000e+03  2.40000000e-01 -1.86953827e-12  3.76246575e-01  6.69990866e-02  1.00279000e+02  1.13110000e+01  1.37848000e+05 -1.91127000e-01 
 2.50000000e-01  8.76300000e+03  2.50000000e-01 -1.88079977e-12  3.76246575e-01  6.69990866e-02  1.00279000e+02  1.13110000e+01  1.37848000e+05 -1.91127000e-01 
 2.60000000e-01  8.76300000e+03  2.60000000e-01 -1.89904335e-12  3.76246575e-01  6.69990866e-02  1.00279000e+02  1.13110000e+01  1.37848000e+05 -1.91127000e-01 
 2.70000000e-01  8.76300000e+03  2.70000000e-01 -1.92859750e-12  3.76246575e-01  6.69990866e-02  1.00279000e+02  1.13110000e+01  1.37848000e+05 -1.91127000e-01 
 2.80000000e-01  8.76300000e+03  2.80000000e-01 -1.97647385e-12  3.76246575e-01  6.69990866e-02  1.00279000e+02  1.13110000e+01  1.37848000e+05 -1.91127000e-01 
 2.90000000e-01  8.76300000e+03  2.90000000e-01 -2.05402992e-12  3.76246575e-01  6.69990866e-02  1.00279000e+02  1.13110000e+01  1.37848000e+05 -1.91127000e-01 
 3.00000000e-01  8.76300000e+03  3.00000000e-01 -2.17966198e-12  3.76246575e-01  6.69990866e-02  1.00279000e+02  1.13110000e+01  1.37848000e+05 -1.91127000e-01 
 3.10000000e-01  8.76300000e+03  3.10000000e-01 -2.38316582e-12  3.76246575e-01  6.69990866e-02  1.00279000e+02  1.13110000e+01  1.37848000e+05 -1.91127000e-01 
 3.20000000e-01  8.76300000e+03  3.20000000e-01 -2.71279720e-12  3.76246575e-01  6.69990866e-02  1.00279000e+02  1.13110000e+01  1.37848000e+05 -1.91127000e-01 
 3.30000000e-01  8.76300000e+03  3.30000000e-01 -3.24670222e-12  3.76246575e-01  6.69990866e-02  1.00279000e+02  1.13110000e+01  1.37848000e+05 -1.91127000e-01 
 3.40000000e-01  8.76300000e+03  3.40000000e-01 -4.11141799e-12  3.76246575e-01  6.69990866e-02  1.00279000e+02  1.13110000e+01  1.37848000e+05 -1.91127000e-01 
 3.50000000e-01  8.76300000e+03  3.50000000e-01 -5.51180986e-12  3.76246575e-01  6.69990866e-02  1.00279000e+02  1.13110000e+01  1.37848000e+05 -1.91127000e-01 
 3.60000000e-01  8.76300000e+03  3.60000000e-01 -7.77949945e-12  3.76246575e-01  6.69990866e-02  1.00279000e+02  1.13110000e+01  1.37848000e+05 -1.91127000e-01 
 3.70000000e-01  8.76300000e+03  3.70000000e-01 -1.14511726e-11  3.76246575e-01  6.69990866e-02  1.00279000e+02  1.13110000e+01  1.37848000e+05 -1.91127000e-01 
 3.80000000e-01  8.76300000e+03  3.80000000e-01 -1.73951381e-11  3.76246575e-01  6.69990866e-02  1.00279000e+02  1.13110000e+01  1.37848000e+05 -1.91127000e-01 
 3.90000000e-01  8.76300000e+03  3.90000000e-01 -2.70157347e-11  3.76246575e-01  6.69990866e-02  1.00279000e+02  1.13110000e+01  1.37848000e+05 -1.91127000e-01 
 4.00000000e-01  8.76300000e+03  4.00000000e-01 -4.25831978e-11  3.76246575e-01  6.69990866e-02  1.00279000e+02  1.13110000e+01  1.37848000e+05 -1.91127000e-01 
 4.10000000e-01  8.76300000e+03  4.10000000e-01 -6.77654323e-11  3.76246575e-01  6.69990866e-02  1.00279000e+02  1.13110000e+01  1.37848000e+05 -1.91127000e-01 
 4.20000000e-01  8.76300000e+03  4.20000000e-01 -1.08484137e-10  3.76246575e-01  6.69990866e-02  1.00279000e+02  1.13110000e+01  1.37848000e+05 -1.91127000e-01 
 4.30000000e-01  8.76300000e+03  4.30000000e-01 -1.74290793e-10  3.76246575e-01  6.69990866e-02  1.00279000e+02  1.13110000e+01  1.37848000e+05 -1.91127000e-01 
 4.40000000e-01  8.76300000e+03  4.40000000e-01 -2.80573513e-10  3.76246575e-01  6.69990866e-02  1.00279000e+02  1.13110000e+01  1.37848000e+05 -1.91127000e-01 
 4.50000000e-01  8.76300000e+03  4.50000000e-01 -4.52086959e-10  3.76246575e-01  6.69990866e-02  1.00279000e+02  1.13110000e+01  1.37848000e+05 -1.91127000e-01 
 4.60000000e-01  8.76300000e+03  4.60000000e-01 -7.28579583e-10  3.76246575e-01  6.69990866e-02  1.00279000e+02  1.13110000e+01  1.37848000e+05 -1.91127000e-01 
 4.70000000e-01  8.76300000e+03  4.70000000e-01 -1.17372660e-09  3.76246575e-01  6.69990866e-02  1.00279000e+02  1.13110000e+01  1.37848000e+05 -1.91127000e-01 
 4.80000000e-01  8.76300000e+03  4.80000000e-01 -1.88923627e-09  3.76246575e-01  6.69990866e-02  1.00279000e+02  1.13110000e+01  1.37848000e+05 -1.91127000e-01 
 4.90000000e-01  8.76300000e+03  4.90000000e-01 -3.03698123e-09  3.76246575e-01  6.69990866e-02  1.00279000e+02  1.13110000e+01  1.37848000e+05 -1.91127000e-01 
 5.00000000e-01  8.76300000e+03  5.00000000e-01 -4.87344389e-09  3.76246575e-01  6.69990866e-02  1.00279000e+02  1.13110000e+01  1.37848000e+05 -1.91127000e-01 
 5.10000000e-01  8.76300000e+03  5.10000000e-01 -7.80281146e-09  3.76246575e-01  6.69990866e-02  1.00279000e+02  1.13110000e+01  1.37848000e+05 -1.91127000e-01 
 5.20000000e-01  8.76300000e+03  5.20000000e-01 -1.24578782e-08  3.76246575e-01  6.69990866e-02  1.00279000e+02  1.13110000e+01  1.37848000e+05 -1.91127000e-01 
 5.30000000e-01  8.76300000e+03  5.30000000e-01 -1.98216721e-08  3.76246575e-01  6.69990866e-02  1.00279000e+02  1.13110000e+01  1.37848000e+05 -1.91127000e-01 
 5.40000000e-01  8.76300000e+03  5.40000000e-01 -3.14075595e-08  3.76246575e-01  6.69990866e-02  1.00279000e+02  1.13110000e+01  1.37848000e+05 -1.91127000e-01 
 5.50000000e-01  8.76300000e+03  5.50000000e-01 -4.95216520e-08  3.76246575e-01  6.69990866e-02  1.00279000e+02  1.13110000e+01  1.37848000e+05 -1.91127000e-01 
 5.60000000e-01  8.76300000e+03  5.60000000e-01 -7.76389891e-08  3.76246575e-01  6.69990866e-02  1.00279000e+02  1.13110000e+01  1.37848000e+05 -1.91127000e-01 
 5.70000000e-01  8.76300000e+03  5.70000000e-01 -1.20934998e-07  3.76246575e-01  6.69990866e-02  1.00279000e+02  1.13110000e+01  1.37848000e+05 -1.91127000e-01 
 5.80000000e-01  8.76300000e+03  5.80000000e-01 -1.87027432e-07  3.76246575e-01  6.69990866e-02  1.00279000e+02  1.13110000e+01  1.37848000e+05 -1.91127000e-01 
 5.90000000e-01  8.76300000e+03  5.90000000e-01 -2.87001594e-07  3.76246575e-01  6.69990866e-02  1.00279000e+02  1.13110000e+01  1.37848000e+05 -1.91127000e-01 
 6.00000000e-01  8.76300000e+03  6.00000000e-01 -4.36806824e-07  3.76246575e-01  6.69990866e-02  1.00279000e+02  1.13110000e+01  1.37848000e+05 -1.91127000e-01 
 6.10000000e-01  8.76300000e+03  6.10000000e-01 -6.59100685e-07  3.76246575e-01  6.69990866e-02  1.00279000e+02  1.13110000e+01  1.37848000e+05 -1.91127000e-01 
 6.20000000e-01  8.76300000e+03  6.20000000e-01 -9.85526228e-07  3.76246575e-01  6.69990866e-02  1.00279000e+02  1.13110000e+01  1.37848000e+05 -1.91127000e-01 
 6.30000000e-01  8.76300000e+03  6.30000000e-01 -1.45916743e-06  3.76246575e-01  6.69990866e-02  1.00279000e+02  1.13110000e+01  1.37848000e+05 -1.91127000e-01 
 6.40000000e-01  8.76300000e+03  6.40000000e-01 -2.13651734e-06  3.76246575e-01  6.69990866e-02  1.00279000e+02  1.13110000e+01  1.37848000e+05 -1.91127000e-01 
 6.50000000e-01  8.76300000e+03  6.50000000e-01 -3.08784989e-06  3.76246575e-01  6.69990866e-02  1.00279000e+02  1.13110000e+01  1.37848000e+05 -1.91127000e-01 
 6.60000000e-01  8.76300000e+03  6.60000000e-01 -4.39475231e-06  3.76246575e-01  6.69990866e-02  1.00279000e+02  1.13110000e+01  1.37848000e+05 -1.91127000e-01 
 6.70000000e-01  8.76300000e+03  6.70000000e-01 -6.14412265e-06  3.76246575e-01  6.69990866e-02  1.00279000e+02  1.13110000e+01  1.37848000e+05 -1.91127000e-01 
 6.80000000e-01  8.76300000e+03  6.80000000e-01 -8.41919133e-06  3.76246575e-01  6.69990866e-02  1.00279000e+02  1.13110000e+01  1.37848000e+05 -1.91127000e-01 
 6.90000000e-01  8.76300000e+03  6.90000000e-01 -1.12895313e-05  3.76246575e-01  6.69990866e-02  1.00279000e+02  1.13110000e+01  1.37848000e+05 -1.91127000e-01 
 7.00000000e-01  8.76300000e+03  7.00000000e-01 -1.48027257e-05  3.76246575e-01  6.69990866e-02  1.00279000e+02  1.13110000e+01  1.37848000e+05 -1.91127000e-01 
 7.10000000e-01  8.76300000e+03  7.10000000e-01 -1.89798724e-05  3.76246575e-01  6.69990866e-02  1.00279000e+02  1.13110000e+01  1.37848000e+05 -1.91127000e-01 
 7.20000000e-01  8.76300000e+03  7.20000000e-01 -2.38157054e-05  3.76246575e-01  6.69990866e-02  1.00279000e+02  1.13110000e+01  1.37848000e+05 -1.91127000e-01 
 7.30000000e-01  8.76300000e+03  7.30000000e-01 -2.92826009e-05  3.76246575e-01  6.69990866e-02  1.00279000e+02  1.13110000e+01  1.37848000e+05 -1.91127000e-01 
 7.40000000e-01  8.76300000e+03  7.40000000e-01 -3.53368237e-05  3.76246575e-01  6.69990866e-02  1.00279000e+02  1.13110000e+01  1.37848000e+05 -1.91127000e-01 
 7.50000000e-01  8.76300000e+03  7.50000000e-01 -4.19252584e-05  3.76246575e-01  6.69990866e-02  1.00279000e+02  1.13110000e+01  1.37848000e+05 -1.91127000e-01 
 7.60000000e-01  8.76300000e+03  7.60000000e-01 -4.89913318e-05  3.76246575e-01  6.69990866e-02  1.00279000e+02  1.13110000e+01  1.37848000e+05 -1.91127000e-01 
 7.70000000e-01  8.76300000e+03  7.70000000e-01 -5.64794712e-05  3.76246575e-01  6.69990866e-02  1.00279000e+02  1.13110000e+01  1.37848000e+05 -1.91127000e-01 
 7.80000000e-01  8.76300000e+03  7.80000000e-01 -6.43379888e-05  3.76246575e-01  6.69990866e-02  1.00279000e+02  1.13110000e+01  1.37848000e+05 -1.91127000e-01 
 7.90000000e-01  8.76300000e+03  7.90000000e-01 -7.25206094e-05  3.76246575e-01  6.69990866e-02  1.00279000e+02  1.13110000e+01  1.37848000e+05 -1.91127000e-01 
 8.00000000e-01  8.76300000e+03  8.00000000e-01 -8.09869902e-05  3.76246575e-01  6.69990866e-02  1.00279000e+02  1.13110000e+01  1.37848000e+05 -1.91127000e-01 
 8.10000000e-01  8.76300000e+03  8.10000000e-01 -8.97025822e-05  3.76246575e-01  6.69990866e-02  1.00279000e+02  1.13110000e+01  1.37848000e+05 -1.91127000e-01 
 8.20000000e-01  8.76300000e+03  8.20000000e-01 -9.86381191e-05  3.76246575e-01  6.69990866e-02  1.00279000e+02  1.13110000e+01  1.37848000e+05 -1.91127000e-01 
 8.30000000e-01  8.76300000e+03  8.30000000e-01 -1.07768940e-04  3.76246575e-01  6.69990866e-02  1.00279000e+02  1.13110000e+01  1.37848000e+05 -1.91127000e-01 
 8.40000000e-01  8.76300000e+03  8.40000000e-01 -1.17074274e-04  3.76246575e-01  6.69990866e-02  1.00279000e+02  1.13110000e+01  1.37848000e+05 -1.91127000e-01 
 8.50000000e-01  8.76300000e+03  8.50000000e-01 -1.26536576e-04  3.76246575e-01  6.69990866e-02  1.00279000e+02  1.13110000e+01  1.37848000e+05 -1.91127000e-01 
 8.60000000e-01  8.76300000e+03  8.60000000e-01 -1.36140926e-04  3.76246575e-01  6.69990866e-02  1.00279000e+02  1.13110000e+01  1.37848000e+05 -1.91127000e-01 
 8.70000000e-01  8.76300000e+03  8.70000000e-01 -1.45874533e-04  3.76246575e-01  6.69990866e-02  1.00279000e+02  1.13110000e+01  1.37848000e+05 -1.91127000e-01 
 8.80000000e-01  8.76300000e+03  8.80000000e-01 -1.55726325e-04  3.76246575e-01  6.69990866e-02  1.00279000e+02  1.13110000e+01  1.37848000e+05 -1.91127000e-01 
 8.90000000e-01  8.76300000e+03  8.90000000e-01 -1.65686612e-04  3.76246575e-01  6.69990866e-02  1.00279000e+02  1.13110000e+01  1.37848000e+05 -1.91127000e-01 
 9.00000000e-01  8.76300000e+03  9.00000000e-01 -1.75746831e-04  3.76246575e-01  6.69990866e-02  1.00279000e+02  1.13110000e+01  1.37848000e+05 -1.91127000e-01 
 9.10000000e-01  8.76300000e+03  9.10000000e-01 -1.85899334e-04  3.76246575e-01  6.69990866e-02  1.00279000e+02  1.13110000e+01  1.37848000e+05 -1.91127000e-01 
 9.20000000e-01  8.76300000e+03  9.20000000e-01 -1.96137231e-04  3.76246575e-01  6.69990866e-02  1.00279000e+02  1.13110000e+01  1.37848000e+05 -1.91127000e-01 
 9.30000000e-01  8.76300000e+03  9.30000000e-01 -2.06454267e-04  3.76246575e-01  6.69990866e-02  1.00279000e+02  1.13110000e+01  1.37848000e+05 -1.91127000e-01 
 9.40000000e-01  8.76300000e+03  9.40000000e-01 -2.16844722e-04  3.76246575e-01  6.69990866e-02  1.00279000e+02  1.13110000e+01  1.37848000e+05 -1.91127000e-01 
 9.50000000e-01  8.76300000e+03  9.50000000e-01 -2.27303337e-04  3.76246575e-01  6.69990866e-02  1.00279000e+02  1.13110000e+01  1.37848000e+05 -1.91127000e-01 
 9.60000000e-01  8.76300000e+03  9.60000000e-01 -2.37825255e-04  3.76246575e-01  6.69990866e-02  1.00279000e+02  1.13110000e+01  1.37848000e+05 -1.91127000e-01 
 9.70000000e-01  8.76300000e+03  9.70000000e-01 -2.48405972e-04  3.76246575e-01  6.69990866e-02  1.00279000e+02  1.13110000e+01  1.37848000e+05 -1.91127000e-01 
 9.80000000e-01  8.76300000e+03  9.80000000e-01 -2.59041303e-04  3.76246575e-01  6.69990866e-02  1.00279000e+02  1.13110000e+01  1.37848000e+05 -1.91127000e-01 
 9.90000000e-01  8.76300000e+03  9.90000000e-01 -2.69727350e-04  3.76246575e-01  6.69990866e-02  1.00279000e+02  1.13110000e+01  1.37848000e+05 -1.91127000e-01 
 1.00000000e+00  8.76300000e+03  1.00000000e+00 -2.80460478e-04  3.76246575e-01  6.69990866e-02  1.00279000e+02  1.13110000e+01  1.37848000e+05 -1.91127000e-01 
 1.01000000e+00  8.76300000e+03  1.01000000e+00 -2.91237288e-04  3.76246575e-01  6.69990866e-02  1.00279000e+02  1.13110000e+01  1.37848000e+05 -1.91127000e-01 
 1.02000000e+00  8.76300000e+03  1.02000000e+00 -3.02054605e-04  3.76246575e-01  6.69990866e-02  1.00279000e+02  1.13110000e+01  1.37848000e+05 -1.91127000e-01 
 1.03000000e+00  8.76300000e+03  1.03000000e+00 -3.12909455e-04  3.76246575e-01  6.69990866e-02  1.00279000e+02  1.13110000e+01  1.37848000e+05 -1.91127000e-01 
 1.04000000e+00  8.76300000e+03  1.04000000e+00 -3.23799056e-04  3.76246575e-01  6.69990866e-02  1.00279000e+02  1.13110000e+01  1.37848000e+05 -1.91127000e-01 
 1.05000000e+00  8.76300000e+03  1.05000000e+00 -3.34720802e-04  3.76246575e-01  6.69990866e-02  1.00279000e+02  1.13110000e+01  1.37848000e+05 -1.91127000e-01 
 1.06000000e+00  8.76300000e+03  1.06000000e+00 -3.45672250e-04  3.76246575e-01  6.69990866e-02  1.00279000e+02  1.13110000e+01  1.37848000e+05 -1.91127000e-01 
 1.07000000e+00  8.76300000e+03  1.07000000e+00 -3.56651111e-04  3.76246575e-01  6.69990866e-02  1.00279000e+02  1.13110000e+01  1.37848000e+05 -1.91127000e-01 
 1.08000000e+00  8.76300000e+03  1.08000000e+00 -3.67655239e-04  3.76246575e-01  6.69990866e-02  1.00279000e+02  1.13110000e+01  1.37848000e+05 -1.91127000e-01 
 1.09000000e+00  8.76300000e+03  1.09000000e+00 -3.78682622e-04  3.76246575e-01  6.69990866e-02  1.00279000e+02  1.13110000e+01  1.37848000e+05 -1.91127000e-01 
 1.10000000e+00  8.76300000e+03  1.10000000e+00 -3.89731373e-04  3.76246575e-01  6.69990866e-02  1.00279000e+02  1.13110000e+01  1.37848000e+05 -1.91127000e-01 
 1.11000000e+00  8.76300000e+03  1.11000000e+00 -4.00799722e-04  3.76246575e-01  6.69990866e-02  1.00279000e+02  1.13110000e+01  1.37848000e+05 -1.91127000e-01 
 1.12000000e+00  8.76300000e+03  1.12000000e+00 -4.11886006e-04  3.76246575e-01  6.69990866e-02  1.00279000e+02  1.13110000e+01  1.37848000e+05 -1.91127000e-01 
 1.13000000e+00  8.76300000e+03  1.13000000e+00 -4.22988666e-04  3.76246575e-01  6.69990866e-02  1.00279000e+02  1.13110000e+01  1.37848000e+05 -1.91127000e-01 
 1.14000000e+00  8.76300000e+03  1.14000000e+00 -4.34106238e-04  3.76246575e-01  6.69990866e-02  1.00279000e+02  1.13110000e+01  1.37848000e+05 -1.91127000e-01 
 1.15000000e+00  8.76300000e+03  1.15000000e+00 -4.45237345e-04  3.76246575e-01  6.69990866e-02  1.00279000e+02  1.13110000e+01  1.37848000e+05 -1.91127000e-01 
 1.16000000e+00  8.76300000e+03  1.16000000e+00 -4.56380696e-04  3.76246575e-01  6.69990866e-02  1.00279000e+02  1.13110000e+01  1.37848000e+05 -1.91127000e-01 
 1.17000000e+00  8.76300000e+03  1.17000000e+00 -4.67535076e-04  3.76246575e-01  6.69990866e-02  1.00279000e+02  1.13110000e+01  1.37848000e+05 -1.91127000e-01 
 1.18000000e+00  8.76300000e+03  1.18000000e+00 -4.78699342e-04  3.76246575e-01  6.69990866e-02  1.00279000e+02  1.13110000e+01  1.37848000e+05 -1.91127000e-01 
 1.19000000e+00  8.76300000e+03  1.19000000e+00 -4.89872422e-04  3.76246575e-01  6.69990866e-02  1.00279000e+02  1.13110000e+01  1.37848000e+05 -1.91127000e-01 
 1.20000000e+00  8.76300000e+03  1.20000000e+00 -5.01053303e-04  3.76246575e-01  6.69990866e-02  1.00279000e+02  1.13110000e+01  1.37848000e+05 -1.91127000e-01 
 1.21000000e+00  8.76300000e+03  1.21000000e+00 -5.12241036e-04  3.76246575e-01  6.69990866e-02  1.00279000e+02  1.13110000e+01  1.37848000e+05 -1.91127000e-01 
 1.22000000e+00  8.76300000e+03  1.22000000e+00 -5.23434724e-04  3.76246575e-01  6.69990866e-02  1.00279000e+02  1.13110000e+01  1.37848000e+05 -1.91127000e-01 
 1.23000000e+00  8.76300000e+03  1.23000000e+00 -5.34633526e-04  3.76246575e-01  6.69990866e-02  1.00279000e+02  1.13110000e+01  1.37848000e+05 -1.91127000e-01 
 1.24000000e+00  8.76300000e+03  1.24000000e+00 -5.45836645e-04  3.76246575e-01  6.69990866e-02  1.00279000e+02  1.13110000e+01  1.37848000e+05 -1.91127000e-01 
 1.25000000e+00  8.76300000e+03  1.25000000e+00 -5.57043335e-04  3.76246575e-01  6.69990866e-02  1.00279000e+02  1.13110000e+01  1.37848000e+05 -1.91127000e-01 
 1.26000000e+00  8.76300000e+03  1.26000000e+00 -5.68252888e-04  3.76246575e-01  6.69990866e-02  1.00279000e+02  1.13110000e+01  1.37848000e+05 -1.91127000e-01 
 1.27000000e+00  8.76300000e+03  1.27000000e+00 -5.79464639e-04  3.76246575e-01  6.69990866e-02  1.00279000e+02  1.13110000e+01  1.37848000e+05 -1.91127000e-01 
 1.28000000e+00  8.76300000e+03  1.28000000e+00 -5.90677961e-04  3.76246575e-01  6.69990866e-02  1.00279000e+02  1.13110000e+01  1.37848000e+05 -1.91127000e-01 
 1.29000000e+00  8.76300000e+03  1.29000000e+00 -6.01892261e-04  3.76246575e-01  6.69990866e-02  1.00279000e+02  1.13110000e+01  1.37848000e+05 -1.91127000e-01 
 1.30000000e+00  8.76300000e+03  1.30000000e+00 -6.13106980e-04  3.76246575e-01  6.69990866e-02  1.00279000e+02  1.13110000e+01  1.37848000e+05 -1.91127000e-01 
 1.31000000e+00  8.76300000e+03  1.31000000e+00 -6.24321590e-04  3.76246575e-01  6.69990866e-02  1.00279000e+02  1.13110000e+01  1.37848000e+05 -1.91127000e-01 
 1.32000000e+00  8.76300000e+03  1.32000000e+00 -6.35535593e-04  3.76246575e-01  6.69990866e-02  1.00279000e+02  1.13110000e+01  1.37848000e+05 -1.91127000e-01 
 1.33000000e+00  8.76300000e+03  1.33000000e+00 -6.46748517e-04  3.76246575e-01  6.69990866e-02  1.00279000e+02  1.13110000e+01  1.37848000e+05 -1.91127000e-01 
 1.34000000e+00  8.76300000e+03  1.34000000e+00 -6.57959918e-04  3.76246575e-01  6.69990866e-02  1.00279000e+02  1.13110000e+01  1.37848000e+05 -1.91127000e-01 
 1.35000000e+00  8.76300000e+03  1.35000000e+00 -6.69169375e-04  3.76246575e-01  6.69990866e-02  1.00279000e+02  1.13110000e+01  1.37848000e+05 -1.91127000e-01 
 1.36000000e+00  8.76300000e+03  1.36000000e+00 -6.80376491e-04  3.76246575e-01  6.69990866e-02  1.00279000e+02  1.13110000e+01  1.37848000e+05 -1.91127000e-01 
 1.37000000e+00  8.76300000e+03  1.37000000e+00 -6.91580890e-04  3.76246575e-01  6.69990866e-02  1.00279000e+02  1.13110000e+01  1.37848000e+05 -1.91127000e-01 
 1.38000000e+00  8.76300000e+03  1.38000000e+00 -7.02782217e-04  3.76246575e-01  6.69990866e-02  1.00279000e+02  1.13110000e+01  1.37848000e+05 -1.91127000e-01 
 1.39000000e+00  8.76300000e+03  1.39000000e+00 -7.13980136e-04  3.76246575e-01  6.69990866e-02  1.00279000e+02  1.13110000e+01  1.37848000e+05 -1.91127000e-01 
 1.40000000e+00  8.76300000e+03  1.40000000e+00 -7.25174329e-04  3.76246575e-01  6.69990866e-02  1.00279000e+02  1.13110000e+01  1.37848000e+05 -1.91127000e-01 
 1.41000000e+00  8.76300000e+03  1.41000000e+00 -7.36364496e-04  3.76246575e-01  6.69990866e-02  1.00279000e+02  1.13110000e+01  1.37848000e+05 -1.91127000e-01 
 1.42000000e+00  8.76300000e+03  1.42000000e+00 -7.47550353e-04  3.76246575e-01  6.69990866e-02  1.00279000e+02  1.13110000e+01  1.37848000e+05 -1.91127000e-01 
 1.43000000e+00  8.76300000e+03  1.43000000e+00 -7.58731629e-04  3.76246575e-01  6.69990866e-02  1.00279000e+02  1.13110000e+01  1.37848000e+05 -1.91127000e-01 
 1.44000000e+00  8.76300000e+03  1.44000000e+00 -7.69908072e-04  3.76246575e-01  6.69990866e-02  1.00279000e+02  1.13110000e+01  1.37848000e+05 -1.91127000e-01 
 1.45000000e+00  8.76300000e+03  1.45000000e+00 -7.81079439e-04  3.76246575e-01  6.69990866e-02  1.00279000e+02  1.13110000e+01  1.37848000e+05 -1.91127000e-01 
 1.46000000e+00  8.76300000e+03  1.46000000e+00 -7.92245503e-04  3.76246575e-01  6.69990866e-02  1.00279000e+02  1.13110000e+01  1.37848000e+05 -1.91127000e-01 
 1.47000000e+00  8.76300000e+03  1.47000000e+00 -8.03406048e-04  3.76246575e-01  6.69990866e-02  1.00279000e+02  1.13110000e+01  1.37848000e+05 -1.91127000e-01 
 1.48000000e+00  8.76300000e+03  1.48000000e+00 -8.14560870e-04  3.76246575e-01  6.69990866e-02  1.00279000e+02  1.13110000e+01  1.37848000e+05 -1.91127000e-01 
 1.49000000e+00  8.76300000e+03  1.49000000e+00 -8.25709775e-04  3.76246575e-01  6.69990866e-02  1.00279000e+02  1.13110000e+01  1.37848000e+05 -1.91127000e-01 
 1.50000000e+00  8.76300000e+03  1.50000000e+00 -8.36852581e-04  3.76246575e-01  6.69990866e-02  1.00279000e+02  1.13110000e+01  1.37848000e+05 -1.91127000e-01 
 1.51000000e+00  8.76300000e+03  1.51000000e+00 -8.47989115e-04  3.76246575e-01  6.69990866e-02  1.00279000e+02  1.13110000e+01  1.37848000e+05 -1.91127000e-01 
 1.52000000e+00  8.76300000e+03  1.52000000e+00 -8.59119212e-04  3.76246575e-01  6.69990866e-02  1.00279000e+02  1.13110000e+01  1.37848000e+05 -1.91127000e-01 
 1.53000000e+00  8.76300000e+03  1.53000000e+00 -8.70242717e-04  3.76246575e-01  6.69990866e-02  1.00279000e+02  1.13110000e+01  1.37848000e+05 -1.91127000e-01 
 1.54000000e+00  8.76300000e+03  1.54000000e+00 -8.81359484e-04  3.76246575e-01  6.69990866e-02  1.00279000e+02  1.13110000e+01  1.37848000e+05 -1.91127000e-01 
 1.55000000e+00  8.76300000e+03  1.55000000e+00 -8.92469372e-04  3.76246575e-01  6.69990866e-02  1.00279000e+02  1.13110000e+01  1.37848000e+05 -1.91127000e-01 
 1.56000000e+00  8.76300000e+03  1.56000000e+00 -9.03572252e-04  3.76246575e-01  6.69990866e-02  1.00279000e+02  1.13110000e+01  1.37848000e+05 -1.91127000e-01 
 1.57000000e+00  8.76300000e+03  1.57000000e+00 -9.14667998e-04  3.76246575e-01  6.69990866e-02  1.00279000e+02  1.13110000e+01  1.37848000e+05 -1.91127000e-01 
 1.58000000e+00  8.76300000e+03  1.58000000e+00 -9.25756492e-04  3.76246575e-01  6.69990866e-02  1.00279000e+02  1.13110000e+01  1.37848000e+05 -1.91127000e-01 
 1.59000000e+00  8.76300000e+03  1.59000000e+00 -9.36837624e-04  3.76246575e-01  6.69990866e-02  1.00279000e+02  1.13110000e+01  1.37848000e+05 -1.91127000e-01 
 1.60000000e+00  8.76300000e+03  1.60000000e+00 -9.47911286e-04  3.76246575e-01  6.69990866e-02  1.00279000e+02  1.13110000e+01  1.37848000e+05 -1.91127000e-01 
 1.61000000e+00  8.76300000e+03  1.61000000e+00 -9.58977379e-04  3.76246575e-01  6.69990866e-02  1.00279000e+02  1.13110000e+01  1.37848000e+05 -1.91127000e-01 
 1.62000000e+00  8.76300000e+03  1.62000000e+00 -9.70035809e-04  3.76246575e-01  6.69990866e-02  1.00279000e+02  1.13110000e+01  1.37848000e+05 -1.91127000e-01 
 1.63000000e+00  8.76300000e+03  1.63000000e+00 -9.81086486e-04  3.76246575e-01  6.69990866e-02  1.00279000e+02  1.13110000e+01  1.37848000e+05 -1.91127000e-01 
 1.64000000e+00  8.76300000e+03  1.64000000e+00 -9.92129326e-04  3.76246575e-01  6.69990866e-02  1.00279000e+02  1.13110000e+01  1.37848000e+05 -1.91127000e-01 
 1.65000000e+00  8.76300000e+03  1.65000000e+00 -1.00316425e-03  3.76246575e-01  6.69990866e-02  1.00279000e+02  1.13110000e+01  1.37848000e+05 -1.91127000e-01 
 1.66000000e+00  8.76300000e+03  1.66000000e+00 -1.01419117e-03  3.76246575e-01  6.69990866e-02  1.00279000e+02  1.13110000e+01  1.37848000e+05 -1.91127000e-01 
 1.67000000e+00  8.76300000e+03  1.67000000e+00 -1.02521004e-03  3.76246575e-01  6.69990866e-02  1.00279000e+02  1.13110000e+01  1.37848000e+05 -1.91127000e-01 
 1.68000000e+00  8.76300000e+03  1.68000000e+00 -1.03622077e-03  3.76246575e-01  6.69990866e-02  1.00279000e+02  1.13110000e+01  1.37848000e+05 -1.91127000e-01 
 1.69000000e+00  8.76300000e+03  1.69000000e+00 -1.04722330e-03  3.76246575e-01  6.69990866e-02  1.00279000e+02  1.13110000e+01  1.37848000e+05 -1.91127000e-01 
 1.70000000e+00  8.76300000e+03  1.70000000e+00 -1.05821757e-03  3.76246575e-01  6.69990866e-02  1.00279000e+02  1.13110000e+01  1.37848000e+05 -1.91127000e-01 
 1.71000000e+00  8.76300000e+03  1.71000000e+00 -1.06920352e-03  3.76246575e-01  6.69990866e-02  1.00279000e+02  1.13110000e+01  1.37848000e+05 -1.91127000e-01 
 1.72000000e+00  8.76300000e+03  1.72000000e+00 -1.08018111e-03  3.76246575e-01  6.69990866e-02  1.00279000e+02  1.13110000e+01  1.37848000e+05 -1.91127000e-01 
 1.73000000e+00  8.76300000e+03  1.73000000e+00 -1.09115027e-03  3.76246575e-01  6.69990866e-02  1.00279000e+02  1.13110000e+01  1.37848000e+05 -1.91127000e-01 
 1.74000000e+00  8.76300000e+03  1.74000000e+00 -1.10211096e-03  3.76246575e-01  6.69990866e-02  1.00279000e+02  1.13110000e+01  1.37848000e+05 -1.91127000e-01 
 1.75000000e+00  8.76300000e+03  1.75000000e+00 -1.11306313e-03  3.76246575e-01  6.69990866e-02  1.00279000e+02  1.13110000e+01  1.37848000e+05 -1.91127000e-01 
 1.76000000e+00  8.76300000e+03  1.76000000e+00 -1.12400674e-03  3.76246575e-01  6.69990866e-02  1.00279000e+02  1.13110000e+01  1.37848000e+05 -1.91127000e-01 
 1.77000000e+00  8.76300000e+03  1.77000000e+00 -1.13494175e-03  3.76246575e-01  6.69990866e-02  1.00279000e+02  1.13110000e+01  1.37848000e+05 -1.91127000e-01 
 1.78000000e+00  8.76300000e+03  1.78000000e+00 -1.14586811e-03  3.76246575e-01  6.69990866e-02  1.00279000e+02  1.13110000e+01  1.37848000e+05 -1.91127000e-01 
 1.79000000e+00  8.76300000e+03  1.79000000e+00 -1.15678579e-03  3.76246575e-01  6.69990866e-02  1.00279000e+02  1.13110000e+01  1.37848000e+05 -1.91127000e-01 
 1.80000000e+00  8.76300000e+03  1.80000000e+00 -1.16769476e-03  3.76246575e-01  6.69990866e-02  1.00279000e+02  1.13110000e+01  1.37848000e+05 -1.91127000e-01 
