 v-sweep         run_num         v(gate)         i(vds)          out_vth0        out_u0          out_rdsw        out_nfactor     out_vsat        out_eta0       
 0.00000000e+00  8.85000000e+03  0.00000000e+00 -1.85137547e-12  3.64275060e-01  6.38066827e-02  1.00279000e+02  1.13110000e+01  1.37848000e+05 -1.91127000e-01 
 1.00000000e-02  8.85000000e+03  1.00000000e-02 -1.85137561e-12  3.64275060e-01  6.38066827e-02  1.00279000e+02  1.13110000e+01  1.37848000e+05 -1.91127000e-01 
 2.00000000e-02  8.85000000e+03  2.00000000e-02 -1.85137592e-12  3.64275060e-01  6.38066827e-02  1.00279000e+02  1.13110000e+01  1.37848000e+05 -1.91127000e-01 
 3.00000000e-02  8.85000000e+03  3.00000000e-02 -1.85137637e-12  3.64275060e-01  6.38066827e-02  1.00279000e+02  1.13110000e+01  1.37848000e+05 -1.91127000e-01 
 4.00000000e-02  8.85000000e+03  4.00000000e-02 -1.85137709e-12  3.64275060e-01  6.38066827e-02  1.00279000e+02  1.13110000e+01  1.37848000e+05 -1.91127000e-01 
 5.00000000e-02  8.85000000e+03  5.00000000e-02 -1.85137826e-12  3.64275060e-01  6.38066827e-02  1.00279000e+02  1.13110000e+01  1.37848000e+05 -1.91127000e-01 
 6.00000000e-02  8.85000000e+03  6.00000000e-02 -1.85138016e-12  3.64275060e-01  6.38066827e-02  1.00279000e+02  1.13110000e+01  1.37848000e+05 -1.91127000e-01 
 7.00000000e-02  8.85000000e+03  7.00000000e-02 -1.85138323e-12  3.64275060e-01  6.38066827e-02  1.00279000e+02  1.13110000e+01  1.37848000e+05 -1.91127000e-01 
 8.00000000e-02  8.85000000e+03  8.00000000e-02 -1.85138821e-12  3.64275060e-01  6.38066827e-02  1.00279000e+02  1.13110000e+01  1.37848000e+05 -1.91127000e-01 
 9.00000000e-02  8.85000000e+03  9.00000000e-02 -1.85139628e-12  3.64275060e-01  6.38066827e-02  1.00279000e+02  1.13110000e+01  1.37848000e+05 -1.91127000e-01 
 1.00000000e-01  8.85000000e+03  1.00000000e-01 -1.85140936e-12  3.64275060e-01  6.38066827e-02  1.00279000e+02  1.13110000e+01  1.37848000e+05 -1.91127000e-01 
 1.10000000e-01  8.85000000e+03  1.10000000e-01 -1.85143053e-12  3.64275060e-01  6.38066827e-02  1.00279000e+02  1.13110000e+01  1.37848000e+05 -1.91127000e-01 
 1.20000000e-01  8.85000000e+03  1.20000000e-01 -1.85146484e-12  3.64275060e-01  6.38066827e-02  1.00279000e+02  1.13110000e+01  1.37848000e+05 -1.91127000e-01 
 1.30000000e-01  8.85000000e+03  1.30000000e-01 -1.85152043e-12  3.64275060e-01  6.38066827e-02  1.00279000e+02  1.13110000e+01  1.37848000e+05 -1.91127000e-01 
 1.40000000e-01  8.85000000e+03  1.40000000e-01 -1.85161048e-12  3.64275060e-01  6.38066827e-02  1.00279000e+02  1.13110000e+01  1.37848000e+05 -1.91127000e-01 
 1.50000000e-01  8.85000000e+03  1.50000000e-01 -1.85175637e-12  3.64275060e-01  6.38066827e-02  1.00279000e+02  1.13110000e+01  1.37848000e+05 -1.91127000e-01 
 1.60000000e-01  8.85000000e+03  1.60000000e-01 -1.85199271e-12  3.64275060e-01  6.38066827e-02  1.00279000e+02  1.13110000e+01  1.37848000e+05 -1.91127000e-01 
 1.70000000e-01  8.85000000e+03  1.70000000e-01 -1.85237560e-12  3.64275060e-01  6.38066827e-02  1.00279000e+02  1.13110000e+01  1.37848000e+05 -1.91127000e-01 
 1.80000000e-01  8.85000000e+03  1.80000000e-01 -1.85299590e-12  3.64275060e-01  6.38066827e-02  1.00279000e+02  1.13110000e+01  1.37848000e+05 -1.91127000e-01 
 1.90000000e-01  8.85000000e+03  1.90000000e-01 -1.85400081e-12  3.64275060e-01  6.38066827e-02  1.00279000e+02  1.13110000e+01  1.37848000e+05 -1.91127000e-01 
 2.00000000e-01  8.85000000e+03  2.00000000e-01 -1.85562880e-12  3.64275060e-01  6.38066827e-02  1.00279000e+02  1.13110000e+01  1.37848000e+05 -1.91127000e-01 
 2.10000000e-01  8.85000000e+03  2.10000000e-01 -1.85826621e-12  3.64275060e-01  6.38066827e-02  1.00279000e+02  1.13110000e+01  1.37848000e+05 -1.91127000e-01 
 2.20000000e-01  8.85000000e+03  2.20000000e-01 -1.86253887e-12  3.64275060e-01  6.38066827e-02  1.00279000e+02  1.13110000e+01  1.37848000e+05 -1.91127000e-01 
 2.30000000e-01  8.85000000e+03  2.30000000e-01 -1.86946067e-12  3.64275060e-01  6.38066827e-02  1.00279000e+02  1.13110000e+01  1.37848000e+05 -1.91127000e-01 
 2.40000000e-01  8.85000000e+03  2.40000000e-01 -1.88067403e-12  3.64275060e-01  6.38066827e-02  1.00279000e+02  1.13110000e+01  1.37848000e+05 -1.91127000e-01 
 2.50000000e-01  8.85000000e+03  2.50000000e-01 -1.89883956e-12  3.64275060e-01  6.38066827e-02  1.00279000e+02  1.13110000e+01  1.37848000e+05 -1.91127000e-01 
 2.60000000e-01  8.85000000e+03  2.60000000e-01 -1.92826722e-12  3.64275060e-01  6.38066827e-02  1.00279000e+02  1.13110000e+01  1.37848000e+05 -1.91127000e-01 
 2.70000000e-01  8.85000000e+03  2.70000000e-01 -1.97593851e-12  3.64275060e-01  6.38066827e-02  1.00279000e+02  1.13110000e+01  1.37848000e+05 -1.91127000e-01 
 2.80000000e-01  8.85000000e+03  2.80000000e-01 -2.05316207e-12  3.64275060e-01  6.38066827e-02  1.00279000e+02  1.13110000e+01  1.37848000e+05 -1.91127000e-01 
 2.90000000e-01  8.85000000e+03  2.90000000e-01 -2.17825487e-12  3.64275060e-01  6.38066827e-02  1.00279000e+02  1.13110000e+01  1.37848000e+05 -1.91127000e-01 
 3.00000000e-01  8.85000000e+03  3.00000000e-01 -2.38088383e-12  3.64275060e-01  6.38066827e-02  1.00279000e+02  1.13110000e+01  1.37848000e+05 -1.91127000e-01 
 3.10000000e-01  8.85000000e+03  3.10000000e-01 -2.70909535e-12  3.64275060e-01  6.38066827e-02  1.00279000e+02  1.13110000e+01  1.37848000e+05 -1.91127000e-01 
 3.20000000e-01  8.85000000e+03  3.20000000e-01 -3.24069490e-12  3.64275060e-01  6.38066827e-02  1.00279000e+02  1.13110000e+01  1.37848000e+05 -1.91127000e-01 
 3.30000000e-01  8.85000000e+03  3.30000000e-01 -4.10166498e-12  3.64275060e-01  6.38066827e-02  1.00279000e+02  1.13110000e+01  1.37848000e+05 -1.91127000e-01 
 3.40000000e-01  8.85000000e+03  3.40000000e-01 -5.49596658e-12  3.64275060e-01  6.38066827e-02  1.00279000e+02  1.13110000e+01  1.37848000e+05 -1.91127000e-01 
 3.50000000e-01  8.85000000e+03  3.50000000e-01 -7.75374424e-12  3.64275060e-01  6.38066827e-02  1.00279000e+02  1.13110000e+01  1.37848000e+05 -1.91127000e-01 
 3.60000000e-01  8.85000000e+03  3.60000000e-01 -1.14092663e-11  3.64275060e-01  6.38066827e-02  1.00279000e+02  1.13110000e+01  1.37848000e+05 -1.91127000e-01 
 3.70000000e-01  8.85000000e+03  3.70000000e-01 -1.73268746e-11  3.64275060e-01  6.38066827e-02  1.00279000e+02  1.13110000e+01  1.37848000e+05 -1.91127000e-01 
 3.80000000e-01  8.85000000e+03  3.80000000e-01 -2.69043778e-11  3.64275060e-01  6.38066827e-02  1.00279000e+02  1.13110000e+01  1.37848000e+05 -1.91127000e-01 
 3.90000000e-01  8.85000000e+03  3.90000000e-01 -4.24012208e-11  3.64275060e-01  6.38066827e-02  1.00279000e+02  1.13110000e+01  1.37848000e+05 -1.91127000e-01 
 4.00000000e-01  8.85000000e+03  4.00000000e-01 -6.74673961e-11  3.64275060e-01  6.38066827e-02  1.00279000e+02  1.13110000e+01  1.37848000e+05 -1.91127000e-01 
 4.10000000e-01  8.85000000e+03  4.10000000e-01 -1.07994704e-10  3.64275060e-01  6.38066827e-02  1.00279000e+02  1.13110000e+01  1.37848000e+05 -1.91127000e-01 
 4.20000000e-01  8.85000000e+03  4.20000000e-01 -1.73484408e-10  3.64275060e-01  6.38066827e-02  1.00279000e+02  1.13110000e+01  1.37848000e+05 -1.91127000e-01 
 4.30000000e-01  8.85000000e+03  4.30000000e-01 -2.79239667e-10  3.64275060e-01  6.38066827e-02  1.00279000e+02  1.13110000e+01  1.37848000e+05 -1.91127000e-01 
 4.40000000e-01  8.85000000e+03  4.40000000e-01 -4.49870285e-10  3.64275060e-01  6.38066827e-02  1.00279000e+02  1.13110000e+01  1.37848000e+05 -1.91127000e-01 
 4.50000000e-01  8.85000000e+03  4.50000000e-01 -7.24875646e-10  3.64275060e-01  6.38066827e-02  1.00279000e+02  1.13110000e+01  1.37848000e+05 -1.91127000e-01 
 4.60000000e-01  8.85000000e+03  4.60000000e-01 -1.16749902e-09  3.64275060e-01  6.38066827e-02  1.00279000e+02  1.13110000e+01  1.37848000e+05 -1.91127000e-01 
 4.70000000e-01  8.85000000e+03  4.70000000e-01 -1.87869350e-09  3.64275060e-01  6.38066827e-02  1.00279000e+02  1.13110000e+01  1.37848000e+05 -1.91127000e-01 
 4.80000000e-01  8.85000000e+03  4.80000000e-01 -3.01900188e-09  3.64275060e-01  6.38066827e-02  1.00279000e+02  1.13110000e+01  1.37848000e+05 -1.91127000e-01 
 4.90000000e-01  8.85000000e+03  4.90000000e-01 -4.84255232e-09  3.64275060e-01  6.38066827e-02  1.00279000e+02  1.13110000e+01  1.37848000e+05 -1.91127000e-01 
 5.00000000e-01  8.85000000e+03  5.00000000e-01 -7.74935265e-09  3.64275060e-01  6.38066827e-02  1.00279000e+02  1.13110000e+01  1.37848000e+05 -1.91127000e-01 
 5.10000000e-01  8.85000000e+03  5.10000000e-01 -1.23647834e-08  3.64275060e-01  6.38066827e-02  1.00279000e+02  1.13110000e+01  1.37848000e+05 -1.91127000e-01 
 5.20000000e-01  8.85000000e+03  5.20000000e-01 -1.96587884e-08  3.64275060e-01  6.38066827e-02  1.00279000e+02  1.13110000e+01  1.37848000e+05 -1.91127000e-01 
 5.30000000e-01  8.85000000e+03  5.30000000e-01 -3.11218753e-08  3.64275060e-01  6.38066827e-02  1.00279000e+02  1.13110000e+01  1.37848000e+05 -1.91127000e-01 
 5.40000000e-01  8.85000000e+03  5.40000000e-01 -4.90208485e-08  3.64275060e-01  6.38066827e-02  1.00279000e+02  1.13110000e+01  1.37848000e+05 -1.91127000e-01 
 5.50000000e-01  8.85000000e+03  5.50000000e-01 -7.67646053e-08  3.64275060e-01  6.38066827e-02  1.00279000e+02  1.13110000e+01  1.37848000e+05 -1.91127000e-01 
 5.60000000e-01  8.85000000e+03  5.60000000e-01 -1.19420238e-07  3.64275060e-01  6.38066827e-02  1.00279000e+02  1.13110000e+01  1.37848000e+05 -1.91127000e-01 
 5.70000000e-01  8.85000000e+03  5.70000000e-01 -1.84433378e-07  3.64275060e-01  6.38066827e-02  1.00279000e+02  1.13110000e+01  1.37848000e+05 -1.91127000e-01 
 5.80000000e-01  8.85000000e+03  5.80000000e-01 -2.82623965e-07  3.64275060e-01  6.38066827e-02  1.00279000e+02  1.13110000e+01  1.37848000e+05 -1.91127000e-01 
 5.90000000e-01  8.85000000e+03  5.90000000e-01 -4.29541540e-07  3.64275060e-01  6.38066827e-02  1.00279000e+02  1.13110000e+01  1.37848000e+05 -1.91127000e-01 
 6.00000000e-01  8.85000000e+03  6.00000000e-01 -6.47246448e-07  3.64275060e-01  6.38066827e-02  1.00279000e+02  1.13110000e+01  1.37848000e+05 -1.91127000e-01 
 6.10000000e-01  8.85000000e+03  6.10000000e-01 -9.66481675e-07  3.64275060e-01  6.38066827e-02  1.00279000e+02  1.13110000e+01  1.37848000e+05 -1.91127000e-01 
 6.20000000e-01  8.85000000e+03  6.20000000e-01 -1.42895257e-06  3.64275060e-01  6.38066827e-02  1.00279000e+02  1.13110000e+01  1.37848000e+05 -1.91127000e-01 
 6.30000000e-01  8.85000000e+03  6.30000000e-01 -2.08903677e-06  3.64275060e-01  6.38066827e-02  1.00279000e+02  1.13110000e+01  1.37848000e+05 -1.91127000e-01 
 6.40000000e-01  8.85000000e+03  6.40000000e-01 -3.01386232e-06  3.64275060e-01  6.38066827e-02  1.00279000e+02  1.13110000e+01  1.37848000e+05 -1.91127000e-01 
 6.50000000e-01  8.85000000e+03  6.50000000e-01 -4.28065045e-06  3.64275060e-01  6.38066827e-02  1.00279000e+02  1.13110000e+01  1.37848000e+05 -1.91127000e-01 
 6.60000000e-01  8.85000000e+03  6.60000000e-01 -5.97082786e-06  3.64275060e-01  6.38066827e-02  1.00279000e+02  1.13110000e+01  1.37848000e+05 -1.91127000e-01 
 6.70000000e-01  8.85000000e+03  6.70000000e-01 -8.16160886e-06  3.64275060e-01  6.38066827e-02  1.00279000e+02  1.13110000e+01  1.37848000e+05 -1.91127000e-01 
 6.80000000e-01  8.85000000e+03  6.80000000e-01 -1.09169597e-05  3.64275060e-01  6.38066827e-02  1.00279000e+02  1.13110000e+01  1.37848000e+05 -1.91127000e-01 
 6.90000000e-01  8.85000000e+03  6.90000000e-01 -1.42803380e-05  3.64275060e-01  6.38066827e-02  1.00279000e+02  1.13110000e+01  1.37848000e+05 -1.91127000e-01 
 7.00000000e-01  8.85000000e+03  7.00000000e-01 -1.82710209e-05  3.64275060e-01  6.38066827e-02  1.00279000e+02  1.13110000e+01  1.37848000e+05 -1.91127000e-01 
 7.10000000e-01  8.85000000e+03  7.10000000e-01 -2.28845371e-05  3.64275060e-01  6.38066827e-02  1.00279000e+02  1.13110000e+01  1.37848000e+05 -1.91127000e-01 
 7.20000000e-01  8.85000000e+03  7.20000000e-01 -2.80964349e-05  3.64275060e-01  6.38066827e-02  1.00279000e+02  1.13110000e+01  1.37848000e+05 -1.91127000e-01 
 7.30000000e-01  8.85000000e+03  7.30000000e-01 -3.38678973e-05  3.64275060e-01  6.38066827e-02  1.00279000e+02  1.13110000e+01  1.37848000e+05 -1.91127000e-01 
 7.40000000e-01  8.85000000e+03  7.40000000e-01 -4.01516904e-05  3.64275060e-01  6.38066827e-02  1.00279000e+02  1.13110000e+01  1.37848000e+05 -1.91127000e-01 
 7.50000000e-01  8.85000000e+03  7.50000000e-01 -4.68973588e-05  3.64275060e-01  6.38066827e-02  1.00279000e+02  1.13110000e+01  1.37848000e+05 -1.91127000e-01 
 7.60000000e-01  8.85000000e+03  7.60000000e-01 -5.40551321e-05  3.64275060e-01  6.38066827e-02  1.00279000e+02  1.13110000e+01  1.37848000e+05 -1.91127000e-01 
 7.70000000e-01  8.85000000e+03  7.70000000e-01 -6.15784650e-05  3.64275060e-01  6.38066827e-02  1.00279000e+02  1.13110000e+01  1.37848000e+05 -1.91127000e-01 
 7.80000000e-01  8.85000000e+03  7.80000000e-01 -6.94254041e-05  3.64275060e-01  6.38066827e-02  1.00279000e+02  1.13110000e+01  1.37848000e+05 -1.91127000e-01 
 7.90000000e-01  8.85000000e+03  7.90000000e-01 -7.75590816e-05  3.64275060e-01  6.38066827e-02  1.00279000e+02  1.13110000e+01  1.37848000e+05 -1.91127000e-01 
 8.00000000e-01  8.85000000e+03  8.00000000e-01 -8.59476338e-05  3.64275060e-01  6.38066827e-02  1.00279000e+02  1.13110000e+01  1.37848000e+05 -1.91127000e-01 
 8.10000000e-01  8.85000000e+03  8.10000000e-01 -9.45637901e-05  3.64275060e-01  6.38066827e-02  1.00279000e+02  1.13110000e+01  1.37848000e+05 -1.91127000e-01 
 8.20000000e-01  8.85000000e+03  8.20000000e-01 -1.03384310e-04  3.64275060e-01  6.38066827e-02  1.00279000e+02  1.13110000e+01  1.37848000e+05 -1.91127000e-01 
 8.30000000e-01  8.85000000e+03  8.30000000e-01 -1.12389382e-04  3.64275060e-01  6.38066827e-02  1.00279000e+02  1.13110000e+01  1.37848000e+05 -1.91127000e-01 
 8.40000000e-01  8.85000000e+03  8.40000000e-01 -1.21562052e-04  3.64275060e-01  6.38066827e-02  1.00279000e+02  1.13110000e+01  1.37848000e+05 -1.91127000e-01 
 8.50000000e-01  8.85000000e+03  8.50000000e-01 -1.30887716e-04  3.64275060e-01  6.38066827e-02  1.00279000e+02  1.13110000e+01  1.37848000e+05 -1.91127000e-01 
 8.60000000e-01  8.85000000e+03  8.60000000e-01 -1.40353691e-04  3.64275060e-01  6.38066827e-02  1.00279000e+02  1.13110000e+01  1.37848000e+05 -1.91127000e-01 
 8.70000000e-01  8.85000000e+03  8.70000000e-01 -1.49948853e-04  3.64275060e-01  6.38066827e-02  1.00279000e+02  1.13110000e+01  1.37848000e+05 -1.91127000e-01 
 8.80000000e-01  8.85000000e+03  8.80000000e-01 -1.59663353e-04  3.64275060e-01  6.38066827e-02  1.00279000e+02  1.13110000e+01  1.37848000e+05 -1.91127000e-01 
 8.90000000e-01  8.85000000e+03  8.90000000e-01 -1.69488385e-04  3.64275060e-01  6.38066827e-02  1.00279000e+02  1.13110000e+01  1.37848000e+05 -1.91127000e-01 
 9.00000000e-01  8.85000000e+03  9.00000000e-01 -1.79416006e-04  3.64275060e-01  6.38066827e-02  1.00279000e+02  1.13110000e+01  1.37848000e+05 -1.91127000e-01 
 9.10000000e-01  8.85000000e+03  9.10000000e-01 -1.89438997e-04  3.64275060e-01  6.38066827e-02  1.00279000e+02  1.13110000e+01  1.37848000e+05 -1.91127000e-01 
 9.20000000e-01  8.85000000e+03  9.20000000e-01 -1.99550748e-04  3.64275060e-01  6.38066827e-02  1.00279000e+02  1.13110000e+01  1.37848000e+05 -1.91127000e-01 
 9.30000000e-01  8.85000000e+03  9.30000000e-01 -2.09745174e-04  3.64275060e-01  6.38066827e-02  1.00279000e+02  1.13110000e+01  1.37848000e+05 -1.91127000e-01 
 9.40000000e-01  8.85000000e+03  9.40000000e-01 -2.20016646e-04  3.64275060e-01  6.38066827e-02  1.00279000e+02  1.13110000e+01  1.37848000e+05 -1.91127000e-01 
 9.50000000e-01  8.85000000e+03  9.50000000e-01 -2.30359941e-04  3.64275060e-01  6.38066827e-02  1.00279000e+02  1.13110000e+01  1.37848000e+05 -1.91127000e-01 
 9.60000000e-01  8.85000000e+03  9.60000000e-01 -2.40770193e-04  3.64275060e-01  6.38066827e-02  1.00279000e+02  1.13110000e+01  1.37848000e+05 -1.91127000e-01 
 9.70000000e-01  8.85000000e+03  9.70000000e-01 -2.51242859e-04  3.64275060e-01  6.38066827e-02  1.00279000e+02  1.13110000e+01  1.37848000e+05 -1.91127000e-01 
 9.80000000e-01  8.85000000e+03  9.80000000e-01 -2.61773694e-04  3.64275060e-01  6.38066827e-02  1.00279000e+02  1.13110000e+01  1.37848000e+05 -1.91127000e-01 
 9.90000000e-01  8.85000000e+03  9.90000000e-01 -2.72358724e-04  3.64275060e-01  6.38066827e-02  1.00279000e+02  1.13110000e+01  1.37848000e+05 -1.91127000e-01 
 1.00000000e+00  8.85000000e+03  1.00000000e+00 -2.82994229e-04  3.64275060e-01  6.38066827e-02  1.00279000e+02  1.13110000e+01  1.37848000e+05 -1.91127000e-01 
 1.01000000e+00  8.85000000e+03  1.01000000e+00 -2.93676717e-04  3.64275060e-01  6.38066827e-02  1.00279000e+02  1.13110000e+01  1.37848000e+05 -1.91127000e-01 
 1.02000000e+00  8.85000000e+03  1.02000000e+00 -3.04402916e-04  3.64275060e-01  6.38066827e-02  1.00279000e+02  1.13110000e+01  1.37848000e+05 -1.91127000e-01 
 1.03000000e+00  8.85000000e+03  1.03000000e+00 -3.15169752e-04  3.64275060e-01  6.38066827e-02  1.00279000e+02  1.13110000e+01  1.37848000e+05 -1.91127000e-01 
 1.04000000e+00  8.85000000e+03  1.04000000e+00 -3.25974342e-04  3.64275060e-01  6.38066827e-02  1.00279000e+02  1.13110000e+01  1.37848000e+05 -1.91127000e-01 
 1.05000000e+00  8.85000000e+03  1.05000000e+00 -3.36813976e-04  3.64275060e-01  6.38066827e-02  1.00279000e+02  1.13110000e+01  1.37848000e+05 -1.91127000e-01 
 1.06000000e+00  8.85000000e+03  1.06000000e+00 -3.47686110e-04  3.64275060e-01  6.38066827e-02  1.00279000e+02  1.13110000e+01  1.37848000e+05 -1.91127000e-01 
 1.07000000e+00  8.85000000e+03  1.07000000e+00 -3.58588354e-04  3.64275060e-01  6.38066827e-02  1.00279000e+02  1.13110000e+01  1.37848000e+05 -1.91127000e-01 
 1.08000000e+00  8.85000000e+03  1.08000000e+00 -3.69518461e-04  3.64275060e-01  6.38066827e-02  1.00279000e+02  1.13110000e+01  1.37848000e+05 -1.91127000e-01 
 1.09000000e+00  8.85000000e+03  1.09000000e+00 -3.80474321e-04  3.64275060e-01  6.38066827e-02  1.00279000e+02  1.13110000e+01  1.37848000e+05 -1.91127000e-01 
 1.10000000e+00  8.85000000e+03  1.10000000e+00 -3.91453947e-04  3.64275060e-01  6.38066827e-02  1.00279000e+02  1.13110000e+01  1.37848000e+05 -1.91127000e-01 
 1.11000000e+00  8.85000000e+03  1.11000000e+00 -4.02455474e-04  3.64275060e-01  6.38066827e-02  1.00279000e+02  1.13110000e+01  1.37848000e+05 -1.91127000e-01 
 1.12000000e+00  8.85000000e+03  1.12000000e+00 -4.13477145e-04  3.64275060e-01  6.38066827e-02  1.00279000e+02  1.13110000e+01  1.37848000e+05 -1.91127000e-01 
 1.13000000e+00  8.85000000e+03  1.13000000e+00 -4.24517307e-04  3.64275060e-01  6.38066827e-02  1.00279000e+02  1.13110000e+01  1.37848000e+05 -1.91127000e-01 
 1.14000000e+00  8.85000000e+03  1.14000000e+00 -4.35574406e-04  3.64275060e-01  6.38066827e-02  1.00279000e+02  1.13110000e+01  1.37848000e+05 -1.91127000e-01 
 1.15000000e+00  8.85000000e+03  1.15000000e+00 -4.46646976e-04  3.64275060e-01  6.38066827e-02  1.00279000e+02  1.13110000e+01  1.37848000e+05 -1.91127000e-01 
 1.16000000e+00  8.85000000e+03  1.16000000e+00 -4.57733639e-04  3.64275060e-01  6.38066827e-02  1.00279000e+02  1.13110000e+01  1.37848000e+05 -1.91127000e-01 
 1.17000000e+00  8.85000000e+03  1.17000000e+00 -4.68833094e-04  3.64275060e-01  6.38066827e-02  1.00279000e+02  1.13110000e+01  1.37848000e+05 -1.91127000e-01 
 1.18000000e+00  8.85000000e+03  1.18000000e+00 -4.79944117e-04  3.64275060e-01  6.38066827e-02  1.00279000e+02  1.13110000e+01  1.37848000e+05 -1.91127000e-01 
 1.19000000e+00  8.85000000e+03  1.19000000e+00 -4.91065553e-04  3.64275060e-01  6.38066827e-02  1.00279000e+02  1.13110000e+01  1.37848000e+05 -1.91127000e-01 
 1.20000000e+00  8.85000000e+03  1.20000000e+00 -5.02196311e-04  3.64275060e-01  6.38066827e-02  1.00279000e+02  1.13110000e+01  1.37848000e+05 -1.91127000e-01 
 1.21000000e+00  8.85000000e+03  1.21000000e+00 -5.13335364e-04  3.64275060e-01  6.38066827e-02  1.00279000e+02  1.13110000e+01  1.37848000e+05 -1.91127000e-01 
 1.22000000e+00  8.85000000e+03  1.22000000e+00 -5.24481742e-04  3.64275060e-01  6.38066827e-02  1.00279000e+02  1.13110000e+01  1.37848000e+05 -1.91127000e-01 
 1.23000000e+00  8.85000000e+03  1.23000000e+00 -5.35634527e-04  3.64275060e-01  6.38066827e-02  1.00279000e+02  1.13110000e+01  1.37848000e+05 -1.91127000e-01 
 1.24000000e+00  8.85000000e+03  1.24000000e+00 -5.46792856e-04  3.64275060e-01  6.38066827e-02  1.00279000e+02  1.13110000e+01  1.37848000e+05 -1.91127000e-01 
 1.25000000e+00  8.85000000e+03  1.25000000e+00 -5.57955909e-04  3.64275060e-01  6.38066827e-02  1.00279000e+02  1.13110000e+01  1.37848000e+05 -1.91127000e-01 
 1.26000000e+00  8.85000000e+03  1.26000000e+00 -5.69122915e-04  3.64275060e-01  6.38066827e-02  1.00279000e+02  1.13110000e+01  1.37848000e+05 -1.91127000e-01 
 1.27000000e+00  8.85000000e+03  1.27000000e+00 -5.80293141e-04  3.64275060e-01  6.38066827e-02  1.00279000e+02  1.13110000e+01  1.37848000e+05 -1.91127000e-01 
 1.28000000e+00  8.85000000e+03  1.28000000e+00 -5.91465897e-04  3.64275060e-01  6.38066827e-02  1.00279000e+02  1.13110000e+01  1.37848000e+05 -1.91127000e-01 
 1.29000000e+00  8.85000000e+03  1.29000000e+00 -6.02640528e-04  3.64275060e-01  6.38066827e-02  1.00279000e+02  1.13110000e+01  1.37848000e+05 -1.91127000e-01 
 1.30000000e+00  8.85000000e+03  1.30000000e+00 -6.13816415e-04  3.64275060e-01  6.38066827e-02  1.00279000e+02  1.13110000e+01  1.37848000e+05 -1.91127000e-01 
 1.31000000e+00  8.85000000e+03  1.31000000e+00 -6.24992972e-04  3.64275060e-01  6.38066827e-02  1.00279000e+02  1.13110000e+01  1.37848000e+05 -1.91127000e-01 
 1.32000000e+00  8.85000000e+03  1.32000000e+00 -6.36169644e-04  3.64275060e-01  6.38066827e-02  1.00279000e+02  1.13110000e+01  1.37848000e+05 -1.91127000e-01 
 1.33000000e+00  8.85000000e+03  1.33000000e+00 -6.47345906e-04  3.64275060e-01  6.38066827e-02  1.00279000e+02  1.13110000e+01  1.37848000e+05 -1.91127000e-01 
 1.34000000e+00  8.85000000e+03  1.34000000e+00 -6.58521258e-04  3.64275060e-01  6.38066827e-02  1.00279000e+02  1.13110000e+01  1.37848000e+05 -1.91127000e-01 
 1.35000000e+00  8.85000000e+03  1.35000000e+00 -6.69695229e-04  3.64275060e-01  6.38066827e-02  1.00279000e+02  1.13110000e+01  1.37848000e+05 -1.91127000e-01 
 1.36000000e+00  8.85000000e+03  1.36000000e+00 -6.80867371e-04  3.64275060e-01  6.38066827e-02  1.00279000e+02  1.13110000e+01  1.37848000e+05 -1.91127000e-01 
 1.37000000e+00  8.85000000e+03  1.37000000e+00 -6.92037260e-04  3.64275060e-01  6.38066827e-02  1.00279000e+02  1.13110000e+01  1.37848000e+05 -1.91127000e-01 
 1.38000000e+00  8.85000000e+03  1.38000000e+00 -7.03204493e-04  3.64275060e-01  6.38066827e-02  1.00279000e+02  1.13110000e+01  1.37848000e+05 -1.91127000e-01 
 1.39000000e+00  8.85000000e+03  1.39000000e+00 -7.14368689e-04  3.64275060e-01  6.38066827e-02  1.00279000e+02  1.13110000e+01  1.37848000e+05 -1.91127000e-01 
 1.40000000e+00  8.85000000e+03  1.40000000e+00 -7.25529486e-04  3.64275060e-01  6.38066827e-02  1.00279000e+02  1.13110000e+01  1.37848000e+05 -1.91127000e-01 
 1.41000000e+00  8.85000000e+03  1.41000000e+00 -7.36686539e-04  3.64275060e-01  6.38066827e-02  1.00279000e+02  1.13110000e+01  1.37848000e+05 -1.91127000e-01 
 1.42000000e+00  8.85000000e+03  1.42000000e+00 -7.47839522e-04  3.64275060e-01  6.38066827e-02  1.00279000e+02  1.13110000e+01  1.37848000e+05 -1.91127000e-01 
 1.43000000e+00  8.85000000e+03  1.43000000e+00 -7.58988126e-04  3.64275060e-01  6.38066827e-02  1.00279000e+02  1.13110000e+01  1.37848000e+05 -1.91127000e-01 
 1.44000000e+00  8.85000000e+03  1.44000000e+00 -7.70132058e-04  3.64275060e-01  6.38066827e-02  1.00279000e+02  1.13110000e+01  1.37848000e+05 -1.91127000e-01 
 1.45000000e+00  8.85000000e+03  1.45000000e+00 -7.81271037e-04  3.64275060e-01  6.38066827e-02  1.00279000e+02  1.13110000e+01  1.37848000e+05 -1.91127000e-01 
 1.46000000e+00  8.85000000e+03  1.46000000e+00 -7.92404799e-04  3.64275060e-01  6.38066827e-02  1.00279000e+02  1.13110000e+01  1.37848000e+05 -1.91127000e-01 
 1.47000000e+00  8.85000000e+03  1.47000000e+00 -8.03533092e-04  3.64275060e-01  6.38066827e-02  1.00279000e+02  1.13110000e+01  1.37848000e+05 -1.91127000e-01 
 1.48000000e+00  8.85000000e+03  1.48000000e+00 -8.14655678e-04  3.64275060e-01  6.38066827e-02  1.00279000e+02  1.13110000e+01  1.37848000e+05 -1.91127000e-01 
 1.49000000e+00  8.85000000e+03  1.49000000e+00 -8.25772328e-04  3.64275060e-01  6.38066827e-02  1.00279000e+02  1.13110000e+01  1.37848000e+05 -1.91127000e-01 
 1.50000000e+00  8.85000000e+03  1.50000000e+00 -8.36882827e-04  3.64275060e-01  6.38066827e-02  1.00279000e+02  1.13110000e+01  1.37848000e+05 -1.91127000e-01 
 1.51000000e+00  8.85000000e+03  1.51000000e+00 -8.47986971e-04  3.64275060e-01  6.38066827e-02  1.00279000e+02  1.13110000e+01  1.37848000e+05 -1.91127000e-01 
 1.52000000e+00  8.85000000e+03  1.52000000e+00 -8.59084564e-04  3.64275060e-01  6.38066827e-02  1.00279000e+02  1.13110000e+01  1.37848000e+05 -1.91127000e-01 
 1.53000000e+00  8.85000000e+03  1.53000000e+00 -8.70175421e-04  3.64275060e-01  6.38066827e-02  1.00279000e+02  1.13110000e+01  1.37848000e+05 -1.91127000e-01 
 1.54000000e+00  8.85000000e+03  1.54000000e+00 -8.81259367e-04  3.64275060e-01  6.38066827e-02  1.00279000e+02  1.13110000e+01  1.37848000e+05 -1.91127000e-01 
 1.55000000e+00  8.85000000e+03  1.55000000e+00 -8.92336234e-04  3.64275060e-01  6.38066827e-02  1.00279000e+02  1.13110000e+01  1.37848000e+05 -1.91127000e-01 
 1.56000000e+00  8.85000000e+03  1.56000000e+00 -9.03405863e-04  3.64275060e-01  6.38066827e-02  1.00279000e+02  1.13110000e+01  1.37848000e+05 -1.91127000e-01 
 1.57000000e+00  8.85000000e+03  1.57000000e+00 -9.14468103e-04  3.64275060e-01  6.38066827e-02  1.00279000e+02  1.13110000e+01  1.37848000e+05 -1.91127000e-01 
 1.58000000e+00  8.85000000e+03  1.58000000e+00 -9.25522811e-04  3.64275060e-01  6.38066827e-02  1.00279000e+02  1.13110000e+01  1.37848000e+05 -1.91127000e-01 
 1.59000000e+00  8.85000000e+03  1.59000000e+00 -9.36569849e-04  3.64275060e-01  6.38066827e-02  1.00279000e+02  1.13110000e+01  1.37848000e+05 -1.91127000e-01 
 1.60000000e+00  8.85000000e+03  1.60000000e+00 -9.47609089e-04  3.64275060e-01  6.38066827e-02  1.00279000e+02  1.13110000e+01  1.37848000e+05 -1.91127000e-01 
 1.61000000e+00  8.85000000e+03  1.61000000e+00 -9.58640405e-04  3.64275060e-01  6.38066827e-02  1.00279000e+02  1.13110000e+01  1.37848000e+05 -1.91127000e-01 
 1.62000000e+00  8.85000000e+03  1.62000000e+00 -9.69663683e-04  3.64275060e-01  6.38066827e-02  1.00279000e+02  1.13110000e+01  1.37848000e+05 -1.91127000e-01 
 1.63000000e+00  8.85000000e+03  1.63000000e+00 -9.80678808e-04  3.64275060e-01  6.38066827e-02  1.00279000e+02  1.13110000e+01  1.37848000e+05 -1.91127000e-01 
 1.64000000e+00  8.85000000e+03  1.64000000e+00 -9.91685676e-04  3.64275060e-01  6.38066827e-02  1.00279000e+02  1.13110000e+01  1.37848000e+05 -1.91127000e-01 
 1.65000000e+00  8.85000000e+03  1.65000000e+00 -1.00268418e-03  3.64275060e-01  6.38066827e-02  1.00279000e+02  1.13110000e+01  1.37848000e+05 -1.91127000e-01 
 1.66000000e+00  8.85000000e+03  1.66000000e+00 -1.01367424e-03  3.64275060e-01  6.38066827e-02  1.00279000e+02  1.13110000e+01  1.37848000e+05 -1.91127000e-01 
 1.67000000e+00  8.85000000e+03  1.67000000e+00 -1.02465574e-03  3.64275060e-01  6.38066827e-02  1.00279000e+02  1.13110000e+01  1.37848000e+05 -1.91127000e-01 
 1.68000000e+00  8.85000000e+03  1.68000000e+00 -1.03562862e-03  3.64275060e-01  6.38066827e-02  1.00279000e+02  1.13110000e+01  1.37848000e+05 -1.91127000e-01 
 1.69000000e+00  8.85000000e+03  1.69000000e+00 -1.04659277e-03  3.64275060e-01  6.38066827e-02  1.00279000e+02  1.13110000e+01  1.37848000e+05 -1.91127000e-01 
 1.70000000e+00  8.85000000e+03  1.70000000e+00 -1.05754814e-03  3.64275060e-01  6.38066827e-02  1.00279000e+02  1.13110000e+01  1.37848000e+05 -1.91127000e-01 
 1.71000000e+00  8.85000000e+03  1.71000000e+00 -1.06849463e-03  3.64275060e-01  6.38066827e-02  1.00279000e+02  1.13110000e+01  1.37848000e+05 -1.91127000e-01 
 1.72000000e+00  8.85000000e+03  1.72000000e+00 -1.07943217e-03  3.64275060e-01  6.38066827e-02  1.00279000e+02  1.13110000e+01  1.37848000e+05 -1.91127000e-01 
 1.73000000e+00  8.85000000e+03  1.73000000e+00 -1.09036071e-03  3.64275060e-01  6.38066827e-02  1.00279000e+02  1.13110000e+01  1.37848000e+05 -1.91127000e-01 
 1.74000000e+00  8.85000000e+03  1.74000000e+00 -1.10128017e-03  3.64275060e-01  6.38066827e-02  1.00279000e+02  1.13110000e+01  1.37848000e+05 -1.91127000e-01 
 1.75000000e+00  8.85000000e+03  1.75000000e+00 -1.11219050e-03  3.64275060e-01  6.38066827e-02  1.00279000e+02  1.13110000e+01  1.37848000e+05 -1.91127000e-01 
 1.76000000e+00  8.85000000e+03  1.76000000e+00 -1.12309163e-03  3.64275060e-01  6.38066827e-02  1.00279000e+02  1.13110000e+01  1.37848000e+05 -1.91127000e-01 
 1.77000000e+00  8.85000000e+03  1.77000000e+00 -1.13398350e-03  3.64275060e-01  6.38066827e-02  1.00279000e+02  1.13110000e+01  1.37848000e+05 -1.91127000e-01 
 1.78000000e+00  8.85000000e+03  1.78000000e+00 -1.14486607e-03  3.64275060e-01  6.38066827e-02  1.00279000e+02  1.13110000e+01  1.37848000e+05 -1.91127000e-01 
 1.79000000e+00  8.85000000e+03  1.79000000e+00 -1.15573929e-03  3.64275060e-01  6.38066827e-02  1.00279000e+02  1.13110000e+01  1.37848000e+05 -1.91127000e-01 
 1.80000000e+00  8.85000000e+03  1.80000000e+00 -1.16660309e-03  3.64275060e-01  6.38066827e-02  1.00279000e+02  1.13110000e+01  1.37848000e+05 -1.91127000e-01 
