 v-sweep         run_num         v(gate)         i(vds)          out_vth0        out_u0          out_rdsw        out_nfactor     out_vsat        out_eta0       
 0.00000000e+00  9.74000000e+03  0.00000000e+00 -1.85137524e-12  4.10472805e-01  7.61260814e-02  1.00279000e+02  1.13110000e+01  1.37848000e+05 -1.91127000e-01 
 1.00000000e-02  9.74000000e+03  1.00000000e-02 -1.85137526e-12  4.10472805e-01  7.61260814e-02  1.00279000e+02  1.13110000e+01  1.37848000e+05 -1.91127000e-01 
 2.00000000e-02  9.74000000e+03  2.00000000e-02 -1.85137531e-12  4.10472805e-01  7.61260814e-02  1.00279000e+02  1.13110000e+01  1.37848000e+05 -1.91127000e-01 
 3.00000000e-02  9.74000000e+03  3.00000000e-02 -1.85137538e-12  4.10472805e-01  7.61260814e-02  1.00279000e+02  1.13110000e+01  1.37848000e+05 -1.91127000e-01 
 4.00000000e-02  9.74000000e+03  4.00000000e-02 -1.85137549e-12  4.10472805e-01  7.61260814e-02  1.00279000e+02  1.13110000e+01  1.37848000e+05 -1.91127000e-01 
 5.00000000e-02  9.74000000e+03  5.00000000e-02 -1.85137566e-12  4.10472805e-01  7.61260814e-02  1.00279000e+02  1.13110000e+01  1.37848000e+05 -1.91127000e-01 
 6.00000000e-02  9.74000000e+03  6.00000000e-02 -1.85137595e-12  4.10472805e-01  7.61260814e-02  1.00279000e+02  1.13110000e+01  1.37848000e+05 -1.91127000e-01 
 7.00000000e-02  9.74000000e+03  7.00000000e-02 -1.85137642e-12  4.10472805e-01  7.61260814e-02  1.00279000e+02  1.13110000e+01  1.37848000e+05 -1.91127000e-01 
 8.00000000e-02  9.74000000e+03  8.00000000e-02 -1.85137717e-12  4.10472805e-01  7.61260814e-02  1.00279000e+02  1.13110000e+01  1.37848000e+05 -1.91127000e-01 
 9.00000000e-02  9.74000000e+03  9.00000000e-02 -1.85137840e-12  4.10472805e-01  7.61260814e-02  1.00279000e+02  1.13110000e+01  1.37848000e+05 -1.91127000e-01 
 1.00000000e-01  9.74000000e+03  1.00000000e-01 -1.85138038e-12  4.10472805e-01  7.61260814e-02  1.00279000e+02  1.13110000e+01  1.37848000e+05 -1.91127000e-01 
 1.10000000e-01  9.74000000e+03  1.10000000e-01 -1.85138359e-12  4.10472805e-01  7.61260814e-02  1.00279000e+02  1.13110000e+01  1.37848000e+05 -1.91127000e-01 
 1.20000000e-01  9.74000000e+03  1.20000000e-01 -1.85138880e-12  4.10472805e-01  7.61260814e-02  1.00279000e+02  1.13110000e+01  1.37848000e+05 -1.91127000e-01 
 1.30000000e-01  9.74000000e+03  1.30000000e-01 -1.85139723e-12  4.10472805e-01  7.61260814e-02  1.00279000e+02  1.13110000e+01  1.37848000e+05 -1.91127000e-01 
 1.40000000e-01  9.74000000e+03  1.40000000e-01 -1.85141089e-12  4.10472805e-01  7.61260814e-02  1.00279000e+02  1.13110000e+01  1.37848000e+05 -1.91127000e-01 
 1.50000000e-01  9.74000000e+03  1.50000000e-01 -1.85143303e-12  4.10472805e-01  7.61260814e-02  1.00279000e+02  1.13110000e+01  1.37848000e+05 -1.91127000e-01 
 1.60000000e-01  9.74000000e+03  1.60000000e-01 -1.85146888e-12  4.10472805e-01  7.61260814e-02  1.00279000e+02  1.13110000e+01  1.37848000e+05 -1.91127000e-01 
 1.70000000e-01  9.74000000e+03  1.70000000e-01 -1.85152697e-12  4.10472805e-01  7.61260814e-02  1.00279000e+02  1.13110000e+01  1.37848000e+05 -1.91127000e-01 
 1.80000000e-01  9.74000000e+03  1.80000000e-01 -1.85162108e-12  4.10472805e-01  7.61260814e-02  1.00279000e+02  1.13110000e+01  1.37848000e+05 -1.91127000e-01 
 1.90000000e-01  9.74000000e+03  1.90000000e-01 -1.85177354e-12  4.10472805e-01  7.61260814e-02  1.00279000e+02  1.13110000e+01  1.37848000e+05 -1.91127000e-01 
 2.00000000e-01  9.74000000e+03  2.00000000e-01 -1.85202053e-12  4.10472805e-01  7.61260814e-02  1.00279000e+02  1.13110000e+01  1.37848000e+05 -1.91127000e-01 
 2.10000000e-01  9.74000000e+03  2.10000000e-01 -1.85242067e-12  4.10472805e-01  7.61260814e-02  1.00279000e+02  1.13110000e+01  1.37848000e+05 -1.91127000e-01 
 2.20000000e-01  9.74000000e+03  2.20000000e-01 -1.85306891e-12  4.10472805e-01  7.61260814e-02  1.00279000e+02  1.13110000e+01  1.37848000e+05 -1.91127000e-01 
 2.30000000e-01  9.74000000e+03  2.30000000e-01 -1.85411909e-12  4.10472805e-01  7.61260814e-02  1.00279000e+02  1.13110000e+01  1.37848000e+05 -1.91127000e-01 
 2.40000000e-01  9.74000000e+03  2.40000000e-01 -1.85582044e-12  4.10472805e-01  7.61260814e-02  1.00279000e+02  1.13110000e+01  1.37848000e+05 -1.91127000e-01 
 2.50000000e-01  9.74000000e+03  2.50000000e-01 -1.85857668e-12  4.10472805e-01  7.61260814e-02  1.00279000e+02  1.13110000e+01  1.37848000e+05 -1.91127000e-01 
 2.60000000e-01  9.74000000e+03  2.60000000e-01 -1.86304187e-12  4.10472805e-01  7.61260814e-02  1.00279000e+02  1.13110000e+01  1.37848000e+05 -1.91127000e-01 
 2.70000000e-01  9.74000000e+03  2.70000000e-01 -1.87027559e-12  4.10472805e-01  7.61260814e-02  1.00279000e+02  1.13110000e+01  1.37848000e+05 -1.91127000e-01 
 2.80000000e-01  9.74000000e+03  2.80000000e-01 -1.88199432e-12  4.10472805e-01  7.61260814e-02  1.00279000e+02  1.13110000e+01  1.37848000e+05 -1.91127000e-01 
 2.90000000e-01  9.74000000e+03  2.90000000e-01 -1.90097867e-12  4.10472805e-01  7.61260814e-02  1.00279000e+02  1.13110000e+01  1.37848000e+05 -1.91127000e-01 
 3.00000000e-01  9.74000000e+03  3.00000000e-01 -1.93173303e-12  4.10472805e-01  7.61260814e-02  1.00279000e+02  1.13110000e+01  1.37848000e+05 -1.91127000e-01 
 3.10000000e-01  9.74000000e+03  3.10000000e-01 -1.98155397e-12  4.10472805e-01  7.61260814e-02  1.00279000e+02  1.13110000e+01  1.37848000e+05 -1.91127000e-01 
 3.20000000e-01  9.74000000e+03  3.20000000e-01 -2.06226078e-12  4.10472805e-01  7.61260814e-02  1.00279000e+02  1.13110000e+01  1.37848000e+05 -1.91127000e-01 
 3.30000000e-01  9.74000000e+03  3.30000000e-01 -2.19299805e-12  4.10472805e-01  7.61260814e-02  1.00279000e+02  1.13110000e+01  1.37848000e+05 -1.91127000e-01 
 3.40000000e-01  9.74000000e+03  3.40000000e-01 -2.40477428e-12  4.10472805e-01  7.61260814e-02  1.00279000e+02  1.13110000e+01  1.37848000e+05 -1.91127000e-01 
 3.50000000e-01  9.74000000e+03  3.50000000e-01 -2.74781089e-12  4.10472805e-01  7.61260814e-02  1.00279000e+02  1.13110000e+01  1.37848000e+05 -1.91127000e-01 
 3.60000000e-01  9.74000000e+03  3.60000000e-01 -3.30344027e-12  4.10472805e-01  7.61260814e-02  1.00279000e+02  1.13110000e+01  1.37848000e+05 -1.91127000e-01 
 3.70000000e-01  9.74000000e+03  3.70000000e-01 -4.20336535e-12  4.10472805e-01  7.61260814e-02  1.00279000e+02  1.13110000e+01  1.37848000e+05 -1.91127000e-01 
 3.80000000e-01  9.74000000e+03  3.80000000e-01 -5.66082840e-12  4.10472805e-01  7.61260814e-02  1.00279000e+02  1.13110000e+01  1.37848000e+05 -1.91127000e-01 
 3.90000000e-01  9.74000000e+03  3.90000000e-01 -8.02103833e-12  4.10472805e-01  7.61260814e-02  1.00279000e+02  1.13110000e+01  1.37848000e+05 -1.91127000e-01 
 4.00000000e-01  9.74000000e+03  4.00000000e-01 -1.18427266e-11  4.10472805e-01  7.61260814e-02  1.00279000e+02  1.13110000e+01  1.37848000e+05 -1.91127000e-01 
 4.10000000e-01  9.74000000e+03  4.10000000e-01 -1.80299858e-11  4.10472805e-01  7.61260814e-02  1.00279000e+02  1.13110000e+01  1.37848000e+05 -1.91127000e-01 
 4.20000000e-01  9.74000000e+03  4.20000000e-01 -2.80452662e-11  4.10472805e-01  7.61260814e-02  1.00279000e+02  1.13110000e+01  1.37848000e+05 -1.91127000e-01 
 4.30000000e-01  9.74000000e+03  4.30000000e-01 -4.42532335e-11  4.10472805e-01  7.61260814e-02  1.00279000e+02  1.13110000e+01  1.37848000e+05 -1.91127000e-01 
 4.40000000e-01  9.74000000e+03  4.40000000e-01 -7.04753576e-11  4.10472805e-01  7.61260814e-02  1.00279000e+02  1.13110000e+01  1.37848000e+05 -1.91127000e-01 
 4.50000000e-01  9.74000000e+03  4.50000000e-01 -1.12883304e-10  4.10472805e-01  7.61260814e-02  1.00279000e+02  1.13110000e+01  1.37848000e+05 -1.91127000e-01 
 4.60000000e-01  9.74000000e+03  4.60000000e-01 -1.81435906e-10  4.10472805e-01  7.61260814e-02  1.00279000e+02  1.13110000e+01  1.37848000e+05 -1.91127000e-01 
 4.70000000e-01  9.74000000e+03  4.70000000e-01 -2.92186017e-10  4.10472805e-01  7.61260814e-02  1.00279000e+02  1.13110000e+01  1.37848000e+05 -1.91127000e-01 
 4.80000000e-01  9.74000000e+03  4.80000000e-01 -4.70974812e-10  4.10472805e-01  7.61260814e-02  1.00279000e+02  1.13110000e+01  1.37848000e+05 -1.91127000e-01 
 4.90000000e-01  9.74000000e+03  4.90000000e-01 -7.59329935e-10  4.10472805e-01  7.61260814e-02  1.00279000e+02  1.13110000e+01  1.37848000e+05 -1.91127000e-01 
 5.00000000e-01  9.74000000e+03  5.00000000e-01 -1.22384607e-09  4.10472805e-01  7.61260814e-02  1.00279000e+02  1.13110000e+01  1.37848000e+05 -1.91127000e-01 
 5.10000000e-01  9.74000000e+03  5.10000000e-01 -1.97103250e-09  4.10472805e-01  7.61260814e-02  1.00279000e+02  1.13110000e+01  1.37848000e+05 -1.91127000e-01 
 5.20000000e-01  9.74000000e+03  5.20000000e-01 -3.17067387e-09  4.10472805e-01  7.61260814e-02  1.00279000e+02  1.13110000e+01  1.37848000e+05 -1.91127000e-01 
 5.30000000e-01  9.74000000e+03  5.30000000e-01 -5.09231557e-09  4.10472805e-01  7.61260814e-02  1.00279000e+02  1.13110000e+01  1.37848000e+05 -1.91127000e-01 
 5.40000000e-01  9.74000000e+03  5.40000000e-01 -8.16173643e-09  4.10472805e-01  7.61260814e-02  1.00279000e+02  1.13110000e+01  1.37848000e+05 -1.91127000e-01 
 5.50000000e-01  9.74000000e+03  5.50000000e-01 -1.30474155e-08  4.10472805e-01  7.61260814e-02  1.00279000e+02  1.13110000e+01  1.37848000e+05 -1.91127000e-01 
 5.60000000e-01  9.74000000e+03  5.60000000e-01 -2.07912361e-08  4.10472805e-01  7.61260814e-02  1.00279000e+02  1.13110000e+01  1.37848000e+05 -1.91127000e-01 
 5.70000000e-01  9.74000000e+03  5.70000000e-01 -3.30031694e-08  4.10472805e-01  7.61260814e-02  1.00279000e+02  1.13110000e+01  1.37848000e+05 -1.91127000e-01 
 5.80000000e-01  9.74000000e+03  5.80000000e-01 -5.21465611e-08  4.10472805e-01  7.61260814e-02  1.00279000e+02  1.13110000e+01  1.37848000e+05 -1.91127000e-01 
 5.90000000e-01  9.74000000e+03  5.90000000e-01 -8.19491207e-08  4.10472805e-01  7.61260814e-02  1.00279000e+02  1.13110000e+01  1.37848000e+05 -1.91127000e-01 
 6.00000000e-01  9.74000000e+03  6.00000000e-01 -1.27985301e-07  4.10472805e-01  7.61260814e-02  1.00279000e+02  1.13110000e+01  1.37848000e+05 -1.91127000e-01 
 6.10000000e-01  9.74000000e+03  6.10000000e-01 -1.98489583e-07  4.10472805e-01  7.61260814e-02  1.00279000e+02  1.13110000e+01  1.37848000e+05 -1.91127000e-01 
 6.20000000e-01  9.74000000e+03  6.20000000e-01 -3.05478058e-07  4.10472805e-01  7.61260814e-02  1.00279000e+02  1.13110000e+01  1.37848000e+05 -1.91127000e-01 
 6.30000000e-01  9.74000000e+03  6.30000000e-01 -4.66273704e-07  4.10472805e-01  7.61260814e-02  1.00279000e+02  1.13110000e+01  1.37848000e+05 -1.91127000e-01 
 6.40000000e-01  9.74000000e+03  6.40000000e-01 -7.05529055e-07  4.10472805e-01  7.61260814e-02  1.00279000e+02  1.13110000e+01  1.37848000e+05 -1.91127000e-01 
 6.50000000e-01  9.74000000e+03  6.50000000e-01 -1.05776734e-06  4.10472805e-01  7.61260814e-02  1.00279000e+02  1.13110000e+01  1.37848000e+05 -1.91127000e-01 
 6.60000000e-01  9.74000000e+03  6.60000000e-01 -1.57023676e-06  4.10472805e-01  7.61260814e-02  1.00279000e+02  1.13110000e+01  1.37848000e+05 -1.91127000e-01 
 6.70000000e-01  9.74000000e+03  6.70000000e-01 -2.30543110e-06  4.10472805e-01  7.61260814e-02  1.00279000e+02  1.13110000e+01  1.37848000e+05 -1.91127000e-01 
 6.80000000e-01  9.74000000e+03  6.80000000e-01 -3.34206077e-06  4.10472805e-01  7.61260814e-02  1.00279000e+02  1.13110000e+01  1.37848000e+05 -1.91127000e-01 
 6.90000000e-01  9.74000000e+03  6.90000000e-01 -4.77291352e-06  4.10472805e-01  7.61260814e-02  1.00279000e+02  1.13110000e+01  1.37848000e+05 -1.91127000e-01 
 7.00000000e-01  9.74000000e+03  7.00000000e-01 -6.69843750e-06  4.10472805e-01  7.61260814e-02  1.00279000e+02  1.13110000e+01  1.37848000e+05 -1.91127000e-01 
 7.10000000e-01  9.74000000e+03  7.10000000e-01 -9.21625753e-06  4.10472805e-01  7.61260814e-02  1.00279000e+02  1.13110000e+01  1.37848000e+05 -1.91127000e-01 
 7.20000000e-01  9.74000000e+03  7.20000000e-01 -1.24087204e-05  4.10472805e-01  7.61260814e-02  1.00279000e+02  1.13110000e+01  1.37848000e+05 -1.91127000e-01 
 7.30000000e-01  9.74000000e+03  7.30000000e-01 -1.63318547e-05  4.10472805e-01  7.61260814e-02  1.00279000e+02  1.13110000e+01  1.37848000e+05 -1.91127000e-01 
 7.40000000e-01  9.74000000e+03  7.40000000e-01 -2.10089007e-05  4.10472805e-01  7.61260814e-02  1.00279000e+02  1.13110000e+01  1.37848000e+05 -1.91127000e-01 
 7.50000000e-01  9.74000000e+03  7.50000000e-01 -2.64298806e-05  4.10472805e-01  7.61260814e-02  1.00279000e+02  1.13110000e+01  1.37848000e+05 -1.91127000e-01 
 7.60000000e-01  9.74000000e+03  7.60000000e-01 -3.25565387e-05  4.10472805e-01  7.61260814e-02  1.00279000e+02  1.13110000e+01  1.37848000e+05 -1.91127000e-01 
 7.70000000e-01  9.74000000e+03  7.70000000e-01 -3.93305111e-05  4.10472805e-01  7.61260814e-02  1.00279000e+02  1.13110000e+01  1.37848000e+05 -1.91127000e-01 
 7.80000000e-01  9.74000000e+03  7.80000000e-01 -4.66822708e-05  4.10472805e-01  7.61260814e-02  1.00279000e+02  1.13110000e+01  1.37848000e+05 -1.91127000e-01 
 7.90000000e-01  9.74000000e+03  7.90000000e-01 -5.45389821e-05  4.10472805e-01  7.61260814e-02  1.00279000e+02  1.13110000e+01  1.37848000e+05 -1.91127000e-01 
 8.00000000e-01  9.74000000e+03  8.00000000e-01 -6.28303159e-05  4.10472805e-01  7.61260814e-02  1.00279000e+02  1.13110000e+01  1.37848000e+05 -1.91127000e-01 
 8.10000000e-01  9.74000000e+03  8.10000000e-01 -7.14920797e-05  4.10472805e-01  7.61260814e-02  1.00279000e+02  1.13110000e+01  1.37848000e+05 -1.91127000e-01 
 8.20000000e-01  9.74000000e+03  8.20000000e-01 -8.04679892e-05  4.10472805e-01  7.61260814e-02  1.00279000e+02  1.13110000e+01  1.37848000e+05 -1.91127000e-01 
 8.30000000e-01  9.74000000e+03  8.30000000e-01 -8.97100951e-05  4.10472805e-01  7.61260814e-02  1.00279000e+02  1.13110000e+01  1.37848000e+05 -1.91127000e-01 
 8.40000000e-01  9.74000000e+03  8.40000000e-01 -9.91783649e-05  4.10472805e-01  7.61260814e-02  1.00279000e+02  1.13110000e+01  1.37848000e+05 -1.91127000e-01 
 8.50000000e-01  9.74000000e+03  8.50000000e-01 -1.08839816e-04  4.10472805e-01  7.61260814e-02  1.00279000e+02  1.13110000e+01  1.37848000e+05 -1.91127000e-01 
 8.60000000e-01  9.74000000e+03  8.60000000e-01 -1.18667479e-04  4.10472805e-01  7.61260814e-02  1.00279000e+02  1.13110000e+01  1.37848000e+05 -1.91127000e-01 
 8.70000000e-01  9.74000000e+03  8.70000000e-01 -1.28639358e-04  4.10472805e-01  7.61260814e-02  1.00279000e+02  1.13110000e+01  1.37848000e+05 -1.91127000e-01 
 8.80000000e-01  9.74000000e+03  8.80000000e-01 -1.38737485e-04  4.10472805e-01  7.61260814e-02  1.00279000e+02  1.13110000e+01  1.37848000e+05 -1.91127000e-01 
 8.90000000e-01  9.74000000e+03  8.90000000e-01 -1.48947107e-04  4.10472805e-01  7.61260814e-02  1.00279000e+02  1.13110000e+01  1.37848000e+05 -1.91127000e-01 
 9.00000000e-01  9.74000000e+03  9.00000000e-01 -1.59256009e-04  4.10472805e-01  7.61260814e-02  1.00279000e+02  1.13110000e+01  1.37848000e+05 -1.91127000e-01 
 9.10000000e-01  9.74000000e+03  9.10000000e-01 -1.69653967e-04  4.10472805e-01  7.61260814e-02  1.00279000e+02  1.13110000e+01  1.37848000e+05 -1.91127000e-01 
 9.20000000e-01  9.74000000e+03  9.20000000e-01 -1.80132327e-04  4.10472805e-01  7.61260814e-02  1.00279000e+02  1.13110000e+01  1.37848000e+05 -1.91127000e-01 
 9.30000000e-01  9.74000000e+03  9.30000000e-01 -1.90683660e-04  4.10472805e-01  7.61260814e-02  1.00279000e+02  1.13110000e+01  1.37848000e+05 -1.91127000e-01 
 9.40000000e-01  9.74000000e+03  9.40000000e-01 -2.01301511e-04  4.10472805e-01  7.61260814e-02  1.00279000e+02  1.13110000e+01  1.37848000e+05 -1.91127000e-01 
 9.50000000e-01  9.74000000e+03  9.50000000e-01 -2.11980200e-04  4.10472805e-01  7.61260814e-02  1.00279000e+02  1.13110000e+01  1.37848000e+05 -1.91127000e-01 
 9.60000000e-01  9.74000000e+03  9.60000000e-01 -2.22714673e-04  4.10472805e-01  7.61260814e-02  1.00279000e+02  1.13110000e+01  1.37848000e+05 -1.91127000e-01 
 9.70000000e-01  9.74000000e+03  9.70000000e-01 -2.33500382e-04  4.10472805e-01  7.61260814e-02  1.00279000e+02  1.13110000e+01  1.37848000e+05 -1.91127000e-01 
 9.80000000e-01  9.74000000e+03  9.80000000e-01 -2.44333208e-04  4.10472805e-01  7.61260814e-02  1.00279000e+02  1.13110000e+01  1.37848000e+05 -1.91127000e-01 
 9.90000000e-01  9.74000000e+03  9.90000000e-01 -2.55209391e-04  4.10472805e-01  7.61260814e-02  1.00279000e+02  1.13110000e+01  1.37848000e+05 -1.91127000e-01 
 1.00000000e+00  9.74000000e+03  1.00000000e+00 -2.66125479e-04  4.10472805e-01  7.61260814e-02  1.00279000e+02  1.13110000e+01  1.37848000e+05 -1.91127000e-01 
 1.01000000e+00  9.74000000e+03  1.01000000e+00 -2.77078290e-04  4.10472805e-01  7.61260814e-02  1.00279000e+02  1.13110000e+01  1.37848000e+05 -1.91127000e-01 
 1.02000000e+00  9.74000000e+03  1.02000000e+00 -2.88064877e-04  4.10472805e-01  7.61260814e-02  1.00279000e+02  1.13110000e+01  1.37848000e+05 -1.91127000e-01 
 1.03000000e+00  9.74000000e+03  1.03000000e+00 -2.99082509e-04  4.10472805e-01  7.61260814e-02  1.00279000e+02  1.13110000e+01  1.37848000e+05 -1.91127000e-01 
 1.04000000e+00  9.74000000e+03  1.04000000e+00 -3.10128646e-04  4.10472805e-01  7.61260814e-02  1.00279000e+02  1.13110000e+01  1.37848000e+05 -1.91127000e-01 
 1.05000000e+00  9.74000000e+03  1.05000000e+00 -3.21200923e-04  4.10472805e-01  7.61260814e-02  1.00279000e+02  1.13110000e+01  1.37848000e+05 -1.91127000e-01 
 1.06000000e+00  9.74000000e+03  1.06000000e+00 -3.32297136e-04  4.10472805e-01  7.61260814e-02  1.00279000e+02  1.13110000e+01  1.37848000e+05 -1.91127000e-01 
 1.07000000e+00  9.74000000e+03  1.07000000e+00 -3.43415233e-04  4.10472805e-01  7.61260814e-02  1.00279000e+02  1.13110000e+01  1.37848000e+05 -1.91127000e-01 
 1.08000000e+00  9.74000000e+03  1.08000000e+00 -3.54553296e-04  4.10472805e-01  7.61260814e-02  1.00279000e+02  1.13110000e+01  1.37848000e+05 -1.91127000e-01 
 1.09000000e+00  9.74000000e+03  1.09000000e+00 -3.65709536e-04  4.10472805e-01  7.61260814e-02  1.00279000e+02  1.13110000e+01  1.37848000e+05 -1.91127000e-01 
 1.10000000e+00  9.74000000e+03  1.10000000e+00 -3.76882283e-04  4.10472805e-01  7.61260814e-02  1.00279000e+02  1.13110000e+01  1.37848000e+05 -1.91127000e-01 
 1.11000000e+00  9.74000000e+03  1.11000000e+00 -3.88069979e-04  4.10472805e-01  7.61260814e-02  1.00279000e+02  1.13110000e+01  1.37848000e+05 -1.91127000e-01 
 1.12000000e+00  9.74000000e+03  1.12000000e+00 -3.99271168e-04  4.10472805e-01  7.61260814e-02  1.00279000e+02  1.13110000e+01  1.37848000e+05 -1.91127000e-01 
 1.13000000e+00  9.74000000e+03  1.13000000e+00 -4.10484488e-04  4.10472805e-01  7.61260814e-02  1.00279000e+02  1.13110000e+01  1.37848000e+05 -1.91127000e-01 
 1.14000000e+00  9.74000000e+03  1.14000000e+00 -4.21708672e-04  4.10472805e-01  7.61260814e-02  1.00279000e+02  1.13110000e+01  1.37848000e+05 -1.91127000e-01 
 1.15000000e+00  9.74000000e+03  1.15000000e+00 -4.32942531e-04  4.10472805e-01  7.61260814e-02  1.00279000e+02  1.13110000e+01  1.37848000e+05 -1.91127000e-01 
 1.16000000e+00  9.74000000e+03  1.16000000e+00 -4.44184958e-04  4.10472805e-01  7.61260814e-02  1.00279000e+02  1.13110000e+01  1.37848000e+05 -1.91127000e-01 
 1.17000000e+00  9.74000000e+03  1.17000000e+00 -4.55434917e-04  4.10472805e-01  7.61260814e-02  1.00279000e+02  1.13110000e+01  1.37848000e+05 -1.91127000e-01 
 1.18000000e+00  9.74000000e+03  1.18000000e+00 -4.66691440e-04  4.10472805e-01  7.61260814e-02  1.00279000e+02  1.13110000e+01  1.37848000e+05 -1.91127000e-01 
 1.19000000e+00  9.74000000e+03  1.19000000e+00 -4.77953621e-04  4.10472805e-01  7.61260814e-02  1.00279000e+02  1.13110000e+01  1.37848000e+05 -1.91127000e-01 
 1.20000000e+00  9.74000000e+03  1.20000000e+00 -4.89220616e-04  4.10472805e-01  7.61260814e-02  1.00279000e+02  1.13110000e+01  1.37848000e+05 -1.91127000e-01 
 1.21000000e+00  9.74000000e+03  1.21000000e+00 -5.00491634e-04  4.10472805e-01  7.61260814e-02  1.00279000e+02  1.13110000e+01  1.37848000e+05 -1.91127000e-01 
 1.22000000e+00  9.74000000e+03  1.22000000e+00 -5.11765935e-04  4.10472805e-01  7.61260814e-02  1.00279000e+02  1.13110000e+01  1.37848000e+05 -1.91127000e-01 
 1.23000000e+00  9.74000000e+03  1.23000000e+00 -5.23042827e-04  4.10472805e-01  7.61260814e-02  1.00279000e+02  1.13110000e+01  1.37848000e+05 -1.91127000e-01 
 1.24000000e+00  9.74000000e+03  1.24000000e+00 -5.34321663e-04  4.10472805e-01  7.61260814e-02  1.00279000e+02  1.13110000e+01  1.37848000e+05 -1.91127000e-01 
 1.25000000e+00  9.74000000e+03  1.25000000e+00 -5.45601838e-04  4.10472805e-01  7.61260814e-02  1.00279000e+02  1.13110000e+01  1.37848000e+05 -1.91127000e-01 
 1.26000000e+00  9.74000000e+03  1.26000000e+00 -5.56882785e-04  4.10472805e-01  7.61260814e-02  1.00279000e+02  1.13110000e+01  1.37848000e+05 -1.91127000e-01 
 1.27000000e+00  9.74000000e+03  1.27000000e+00 -5.68163975e-04  4.10472805e-01  7.61260814e-02  1.00279000e+02  1.13110000e+01  1.37848000e+05 -1.91127000e-01 
 1.28000000e+00  9.74000000e+03  1.28000000e+00 -5.79444910e-04  4.10472805e-01  7.61260814e-02  1.00279000e+02  1.13110000e+01  1.37848000e+05 -1.91127000e-01 
 1.29000000e+00  9.74000000e+03  1.29000000e+00 -5.90725126e-04  4.10472805e-01  7.61260814e-02  1.00279000e+02  1.13110000e+01  1.37848000e+05 -1.91127000e-01 
 1.30000000e+00  9.74000000e+03  1.30000000e+00 -6.02004187e-04  4.10472805e-01  7.61260814e-02  1.00279000e+02  1.13110000e+01  1.37848000e+05 -1.91127000e-01 
 1.31000000e+00  9.74000000e+03  1.31000000e+00 -6.13281686e-04  4.10472805e-01  7.61260814e-02  1.00279000e+02  1.13110000e+01  1.37848000e+05 -1.91127000e-01 
 1.32000000e+00  9.74000000e+03  1.32000000e+00 -6.24557242e-04  4.10472805e-01  7.61260814e-02  1.00279000e+02  1.13110000e+01  1.37848000e+05 -1.91127000e-01 
 1.33000000e+00  9.74000000e+03  1.33000000e+00 -6.35830497e-04  4.10472805e-01  7.61260814e-02  1.00279000e+02  1.13110000e+01  1.37848000e+05 -1.91127000e-01 
 1.34000000e+00  9.74000000e+03  1.34000000e+00 -6.47101116e-04  4.10472805e-01  7.61260814e-02  1.00279000e+02  1.13110000e+01  1.37848000e+05 -1.91127000e-01 
 1.35000000e+00  9.74000000e+03  1.35000000e+00 -6.58368785e-04  4.10472805e-01  7.61260814e-02  1.00279000e+02  1.13110000e+01  1.37848000e+05 -1.91127000e-01 
 1.36000000e+00  9.74000000e+03  1.36000000e+00 -6.69633211e-04  4.10472805e-01  7.61260814e-02  1.00279000e+02  1.13110000e+01  1.37848000e+05 -1.91127000e-01 
 1.37000000e+00  9.74000000e+03  1.37000000e+00 -6.80894118e-04  4.10472805e-01  7.61260814e-02  1.00279000e+02  1.13110000e+01  1.37848000e+05 -1.91127000e-01 
 1.38000000e+00  9.74000000e+03  1.38000000e+00 -6.92151250e-04  4.10472805e-01  7.61260814e-02  1.00279000e+02  1.13110000e+01  1.37848000e+05 -1.91127000e-01 
 1.39000000e+00  9.74000000e+03  1.39000000e+00 -7.03404364e-04  4.10472805e-01  7.61260814e-02  1.00279000e+02  1.13110000e+01  1.37848000e+05 -1.91127000e-01 
 1.40000000e+00  9.74000000e+03  1.40000000e+00 -7.14653235e-04  4.10472805e-01  7.61260814e-02  1.00279000e+02  1.13110000e+01  1.37848000e+05 -1.91127000e-01 
 1.41000000e+00  9.74000000e+03  1.41000000e+00 -7.25897652e-04  4.10472805e-01  7.61260814e-02  1.00279000e+02  1.13110000e+01  1.37848000e+05 -1.91127000e-01 
 1.42000000e+00  9.74000000e+03  1.42000000e+00 -7.37137416e-04  4.10472805e-01  7.61260814e-02  1.00279000e+02  1.13110000e+01  1.37848000e+05 -1.91127000e-01 
 1.43000000e+00  9.74000000e+03  1.43000000e+00 -7.48372341e-04  4.10472805e-01  7.61260814e-02  1.00279000e+02  1.13110000e+01  1.37848000e+05 -1.91127000e-01 
 1.44000000e+00  9.74000000e+03  1.44000000e+00 -7.59602256e-04  4.10472805e-01  7.61260814e-02  1.00279000e+02  1.13110000e+01  1.37848000e+05 -1.91127000e-01 
 1.45000000e+00  9.74000000e+03  1.45000000e+00 -7.70826998e-04  4.10472805e-01  7.61260814e-02  1.00279000e+02  1.13110000e+01  1.37848000e+05 -1.91127000e-01 
 1.46000000e+00  9.74000000e+03  1.46000000e+00 -7.82046414e-04  4.10472805e-01  7.61260814e-02  1.00279000e+02  1.13110000e+01  1.37848000e+05 -1.91127000e-01 
 1.47000000e+00  9.74000000e+03  1.47000000e+00 -7.93260364e-04  4.10472805e-01  7.61260814e-02  1.00279000e+02  1.13110000e+01  1.37848000e+05 -1.91127000e-01 
 1.48000000e+00  9.74000000e+03  1.48000000e+00 -8.04468716e-04  4.10472805e-01  7.61260814e-02  1.00279000e+02  1.13110000e+01  1.37848000e+05 -1.91127000e-01 
 1.49000000e+00  9.74000000e+03  1.49000000e+00 -8.15671345e-04  4.10472805e-01  7.61260814e-02  1.00279000e+02  1.13110000e+01  1.37848000e+05 -1.91127000e-01 
 1.50000000e+00  9.74000000e+03  1.50000000e+00 -8.26868136e-04  4.10472805e-01  7.61260814e-02  1.00279000e+02  1.13110000e+01  1.37848000e+05 -1.91127000e-01 
 1.51000000e+00  9.74000000e+03  1.51000000e+00 -8.38058982e-04  4.10472805e-01  7.61260814e-02  1.00279000e+02  1.13110000e+01  1.37848000e+05 -1.91127000e-01 
 1.52000000e+00  9.74000000e+03  1.52000000e+00 -8.49243783e-04  4.10472805e-01  7.61260814e-02  1.00279000e+02  1.13110000e+01  1.37848000e+05 -1.91127000e-01 
 1.53000000e+00  9.74000000e+03  1.53000000e+00 -8.60422444e-04  4.10472805e-01  7.61260814e-02  1.00279000e+02  1.13110000e+01  1.37848000e+05 -1.91127000e-01 
 1.54000000e+00  9.74000000e+03  1.54000000e+00 -8.71594880e-04  4.10472805e-01  7.61260814e-02  1.00279000e+02  1.13110000e+01  1.37848000e+05 -1.91127000e-01 
 1.55000000e+00  9.74000000e+03  1.55000000e+00 -8.82761009e-04  4.10472805e-01  7.61260814e-02  1.00279000e+02  1.13110000e+01  1.37848000e+05 -1.91127000e-01 
 1.56000000e+00  9.74000000e+03  1.56000000e+00 -8.93920755e-04  4.10472805e-01  7.61260814e-02  1.00279000e+02  1.13110000e+01  1.37848000e+05 -1.91127000e-01 
 1.57000000e+00  9.74000000e+03  1.57000000e+00 -9.05074050e-04  4.10472805e-01  7.61260814e-02  1.00279000e+02  1.13110000e+01  1.37848000e+05 -1.91127000e-01 
 1.58000000e+00  9.74000000e+03  1.58000000e+00 -9.16220828e-04  4.10472805e-01  7.61260814e-02  1.00279000e+02  1.13110000e+01  1.37848000e+05 -1.91127000e-01 
 1.59000000e+00  9.74000000e+03  1.59000000e+00 -9.27361028e-04  4.10472805e-01  7.61260814e-02  1.00279000e+02  1.13110000e+01  1.37848000e+05 -1.91127000e-01 
 1.60000000e+00  9.74000000e+03  1.60000000e+00 -9.38494596e-04  4.10472805e-01  7.61260814e-02  1.00279000e+02  1.13110000e+01  1.37848000e+05 -1.91127000e-01 
 1.61000000e+00  9.74000000e+03  1.61000000e+00 -9.49621479e-04  4.10472805e-01  7.61260814e-02  1.00279000e+02  1.13110000e+01  1.37848000e+05 -1.91127000e-01 
 1.62000000e+00  9.74000000e+03  1.62000000e+00 -9.60741631e-04  4.10472805e-01  7.61260814e-02  1.00279000e+02  1.13110000e+01  1.37848000e+05 -1.91127000e-01 
 1.63000000e+00  9.74000000e+03  1.63000000e+00 -9.71855007e-04  4.10472805e-01  7.61260814e-02  1.00279000e+02  1.13110000e+01  1.37848000e+05 -1.91127000e-01 
 1.64000000e+00  9.74000000e+03  1.64000000e+00 -9.82961566e-04  4.10472805e-01  7.61260814e-02  1.00279000e+02  1.13110000e+01  1.37848000e+05 -1.91127000e-01 
 1.65000000e+00  9.74000000e+03  1.65000000e+00 -9.94061272e-04  4.10472805e-01  7.61260814e-02  1.00279000e+02  1.13110000e+01  1.37848000e+05 -1.91127000e-01 
 1.66000000e+00  9.74000000e+03  1.66000000e+00 -1.00515409e-03  4.10472805e-01  7.61260814e-02  1.00279000e+02  1.13110000e+01  1.37848000e+05 -1.91127000e-01 
 1.67000000e+00  9.74000000e+03  1.67000000e+00 -1.01623999e-03  4.10472805e-01  7.61260814e-02  1.00279000e+02  1.13110000e+01  1.37848000e+05 -1.91127000e-01 
 1.68000000e+00  9.74000000e+03  1.68000000e+00 -1.02731894e-03  4.10472805e-01  7.61260814e-02  1.00279000e+02  1.13110000e+01  1.37848000e+05 -1.91127000e-01 
 1.69000000e+00  9.74000000e+03  1.69000000e+00 -1.03839092e-03  4.10472805e-01  7.61260814e-02  1.00279000e+02  1.13110000e+01  1.37848000e+05 -1.91127000e-01 
 1.70000000e+00  9.74000000e+03  1.70000000e+00 -1.04945589e-03  4.10472805e-01  7.61260814e-02  1.00279000e+02  1.13110000e+01  1.37848000e+05 -1.91127000e-01 
 1.71000000e+00  9.74000000e+03  1.71000000e+00 -1.06051385e-03  4.10472805e-01  7.61260814e-02  1.00279000e+02  1.13110000e+01  1.37848000e+05 -1.91127000e-01 
 1.72000000e+00  9.74000000e+03  1.72000000e+00 -1.07156477e-03  4.10472805e-01  7.61260814e-02  1.00279000e+02  1.13110000e+01  1.37848000e+05 -1.91127000e-01 
 1.73000000e+00  9.74000000e+03  1.73000000e+00 -1.08260863e-03  4.10472805e-01  7.61260814e-02  1.00279000e+02  1.13110000e+01  1.37848000e+05 -1.91127000e-01 
 1.74000000e+00  9.74000000e+03  1.74000000e+00 -1.09364542e-03  4.10472805e-01  7.61260814e-02  1.00279000e+02  1.13110000e+01  1.37848000e+05 -1.91127000e-01 
 1.75000000e+00  9.74000000e+03  1.75000000e+00 -1.10467512e-03  4.10472805e-01  7.61260814e-02  1.00279000e+02  1.13110000e+01  1.37848000e+05 -1.91127000e-01 
 1.76000000e+00  9.74000000e+03  1.76000000e+00 -1.11569772e-03  4.10472805e-01  7.61260814e-02  1.00279000e+02  1.13110000e+01  1.37848000e+05 -1.91127000e-01 
 1.77000000e+00  9.74000000e+03  1.77000000e+00 -1.12671320e-03  4.10472805e-01  7.61260814e-02  1.00279000e+02  1.13110000e+01  1.37848000e+05 -1.91127000e-01 
 1.78000000e+00  9.74000000e+03  1.78000000e+00 -1.13772156e-03  4.10472805e-01  7.61260814e-02  1.00279000e+02  1.13110000e+01  1.37848000e+05 -1.91127000e-01 
 1.79000000e+00  9.74000000e+03  1.79000000e+00 -1.14872279e-03  4.10472805e-01  7.61260814e-02  1.00279000e+02  1.13110000e+01  1.37848000e+05 -1.91127000e-01 
 1.80000000e+00  9.74000000e+03  1.80000000e+00 -1.15971688e-03  4.10472805e-01  7.61260814e-02  1.00279000e+02  1.13110000e+01  1.37848000e+05 -1.91127000e-01 
