 v-sweep         run_num         v(gate)         i(vds)          out_vth0        out_u0          out_rdsw        out_nfactor     out_vsat        out_eta0       
 0.00000000e+00  9.80500000e+03  0.00000000e+00 -1.85137864e-12  2.93484777e-01  4.49292739e-02  1.00279000e+02  1.13110000e+01  1.37848000e+05 -1.91127000e-01 
 1.00000000e-02  9.80500000e+03  1.00000000e-02 -1.85138030e-12  2.93484777e-01  4.49292739e-02  1.00279000e+02  1.13110000e+01  1.37848000e+05 -1.91127000e-01 
 2.00000000e-02  9.80500000e+03  2.00000000e-02 -1.85138423e-12  2.93484777e-01  4.49292739e-02  1.00279000e+02  1.13110000e+01  1.37848000e+05 -1.91127000e-01 
 3.00000000e-02  9.80500000e+03  3.00000000e-02 -1.85138984e-12  2.93484777e-01  4.49292739e-02  1.00279000e+02  1.13110000e+01  1.37848000e+05 -1.91127000e-01 
 4.00000000e-02  9.80500000e+03  4.00000000e-02 -1.85139891e-12  2.93484777e-01  4.49292739e-02  1.00279000e+02  1.13110000e+01  1.37848000e+05 -1.91127000e-01 
 5.00000000e-02  9.80500000e+03  5.00000000e-02 -1.85141362e-12  2.93484777e-01  4.49292739e-02  1.00279000e+02  1.13110000e+01  1.37848000e+05 -1.91127000e-01 
 6.00000000e-02  9.80500000e+03  6.00000000e-02 -1.85143744e-12  2.93484777e-01  4.49292739e-02  1.00279000e+02  1.13110000e+01  1.37848000e+05 -1.91127000e-01 
 7.00000000e-02  9.80500000e+03  7.00000000e-02 -1.85147603e-12  2.93484777e-01  4.49292739e-02  1.00279000e+02  1.13110000e+01  1.37848000e+05 -1.91127000e-01 
 8.00000000e-02  9.80500000e+03  8.00000000e-02 -1.85153855e-12  2.93484777e-01  4.49292739e-02  1.00279000e+02  1.13110000e+01  1.37848000e+05 -1.91127000e-01 
 9.00000000e-02  9.80500000e+03  9.00000000e-02 -1.85163983e-12  2.93484777e-01  4.49292739e-02  1.00279000e+02  1.13110000e+01  1.37848000e+05 -1.91127000e-01 
 1.00000000e-01  9.80500000e+03  1.00000000e-01 -1.85180392e-12  2.93484777e-01  4.49292739e-02  1.00279000e+02  1.13110000e+01  1.37848000e+05 -1.91127000e-01 
 1.10000000e-01  9.80500000e+03  1.10000000e-01 -1.85206975e-12  2.93484777e-01  4.49292739e-02  1.00279000e+02  1.13110000e+01  1.37848000e+05 -1.91127000e-01 
 1.20000000e-01  9.80500000e+03  1.20000000e-01 -1.85250040e-12  2.93484777e-01  4.49292739e-02  1.00279000e+02  1.13110000e+01  1.37848000e+05 -1.91127000e-01 
 1.30000000e-01  9.80500000e+03  1.30000000e-01 -1.85319807e-12  2.93484777e-01  4.49292739e-02  1.00279000e+02  1.13110000e+01  1.37848000e+05 -1.91127000e-01 
 1.40000000e-01  9.80500000e+03  1.40000000e-01 -1.85432833e-12  2.93484777e-01  4.49292739e-02  1.00279000e+02  1.13110000e+01  1.37848000e+05 -1.91127000e-01 
 1.50000000e-01  9.80500000e+03  1.50000000e-01 -1.85615937e-12  2.93484777e-01  4.49292739e-02  1.00279000e+02  1.13110000e+01  1.37848000e+05 -1.91127000e-01 
 1.60000000e-01  9.80500000e+03  1.60000000e-01 -1.85912568e-12  2.93484777e-01  4.49292739e-02  1.00279000e+02  1.13110000e+01  1.37848000e+05 -1.91127000e-01 
 1.70000000e-01  9.80500000e+03  1.70000000e-01 -1.86393113e-12  2.93484777e-01  4.49292739e-02  1.00279000e+02  1.13110000e+01  1.37848000e+05 -1.91127000e-01 
 1.80000000e-01  9.80500000e+03  1.80000000e-01 -1.87171591e-12  2.93484777e-01  4.49292739e-02  1.00279000e+02  1.13110000e+01  1.37848000e+05 -1.91127000e-01 
 1.90000000e-01  9.80500000e+03  1.90000000e-01 -1.88432703e-12  2.93484777e-01  4.49292739e-02  1.00279000e+02  1.13110000e+01  1.37848000e+05 -1.91127000e-01 
 2.00000000e-01  9.80500000e+03  2.00000000e-01 -1.90475635e-12  2.93484777e-01  4.49292739e-02  1.00279000e+02  1.13110000e+01  1.37848000e+05 -1.91127000e-01 
 2.10000000e-01  9.80500000e+03  2.10000000e-01 -1.93785012e-12  2.93484777e-01  4.49292739e-02  1.00279000e+02  1.13110000e+01  1.37848000e+05 -1.91127000e-01 
 2.20000000e-01  9.80500000e+03  2.20000000e-01 -1.99145788e-12  2.93484777e-01  4.49292739e-02  1.00279000e+02  1.13110000e+01  1.37848000e+05 -1.91127000e-01 
 2.30000000e-01  9.80500000e+03  2.30000000e-01 -2.07829307e-12  2.93484777e-01  4.49292739e-02  1.00279000e+02  1.13110000e+01  1.37848000e+05 -1.91127000e-01 
 2.40000000e-01  9.80500000e+03  2.40000000e-01 -2.21894527e-12  2.93484777e-01  4.49292739e-02  1.00279000e+02  1.13110000e+01  1.37848000e+05 -1.91127000e-01 
 2.50000000e-01  9.80500000e+03  2.50000000e-01 -2.44675664e-12  2.93484777e-01  4.49292739e-02  1.00279000e+02  1.13110000e+01  1.37848000e+05 -1.91127000e-01 
 2.60000000e-01  9.80500000e+03  2.60000000e-01 -2.81571418e-12  2.93484777e-01  4.49292739e-02  1.00279000e+02  1.13110000e+01  1.37848000e+05 -1.91127000e-01 
 2.70000000e-01  9.80500000e+03  2.70000000e-01 -3.41321975e-12  2.93484777e-01  4.49292739e-02  1.00279000e+02  1.13110000e+01  1.37848000e+05 -1.91127000e-01 
 2.80000000e-01  9.80500000e+03  2.80000000e-01 -4.38074532e-12  2.93484777e-01  4.49292739e-02  1.00279000e+02  1.13110000e+01  1.37848000e+05 -1.91127000e-01 
 2.90000000e-01  9.80500000e+03  2.90000000e-01 -5.94722830e-12  2.93484777e-01  4.49292739e-02  1.00279000e+02  1.13110000e+01  1.37848000e+05 -1.91127000e-01 
 3.00000000e-01  9.80500000e+03  3.00000000e-01 -8.48303493e-12  2.93484777e-01  4.49292739e-02  1.00279000e+02  1.13110000e+01  1.37848000e+05 -1.91127000e-01 
 3.10000000e-01  9.80500000e+03  3.10000000e-01 -1.25870994e-11  2.93484777e-01  4.49292739e-02  1.00279000e+02  1.13110000e+01  1.37848000e+05 -1.91127000e-01 
 3.20000000e-01  9.80500000e+03  3.20000000e-01 -1.92275096e-11  2.93484777e-01  4.49292739e-02  1.00279000e+02  1.13110000e+01  1.37848000e+05 -1.91127000e-01 
 3.30000000e-01  9.80500000e+03  3.30000000e-01 -2.99680682e-11  2.93484777e-01  4.49292739e-02  1.00279000e+02  1.13110000e+01  1.37848000e+05 -1.91127000e-01 
 3.40000000e-01  9.80500000e+03  3.40000000e-01 -4.73328895e-11  2.93484777e-01  4.49292739e-02  1.00279000e+02  1.13110000e+01  1.37848000e+05 -1.91127000e-01 
 3.50000000e-01  9.80500000e+03  3.50000000e-01 -7.53920822e-11  2.93484777e-01  4.49292739e-02  1.00279000e+02  1.13110000e+01  1.37848000e+05 -1.91127000e-01 
 3.60000000e-01  9.80500000e+03  3.60000000e-01 -1.20700460e-10  2.93484777e-01  4.49292739e-02  1.00279000e+02  1.13110000e+01  1.37848000e+05 -1.91127000e-01 
 3.70000000e-01  9.80500000e+03  3.70000000e-01 -1.93797797e-10  2.93484777e-01  4.49292739e-02  1.00279000e+02  1.13110000e+01  1.37848000e+05 -1.91127000e-01 
 3.80000000e-01  9.80500000e+03  3.80000000e-01 -3.11598014e-10  2.93484777e-01  4.49292739e-02  1.00279000e+02  1.13110000e+01  1.37848000e+05 -1.91127000e-01 
 3.90000000e-01  9.80500000e+03  3.90000000e-01 -5.01177092e-10  2.93484777e-01  4.49292739e-02  1.00279000e+02  1.13110000e+01  1.37848000e+05 -1.91127000e-01 
 4.00000000e-01  9.80500000e+03  4.00000000e-01 -8.05745460e-10  2.93484777e-01  4.49292739e-02  1.00279000e+02  1.13110000e+01  1.37848000e+05 -1.91127000e-01 
 4.10000000e-01  9.80500000e+03  4.10000000e-01 -1.29400067e-09  2.93484777e-01  4.49292739e-02  1.00279000e+02  1.13110000e+01  1.37848000e+05 -1.91127000e-01 
 4.20000000e-01  9.80500000e+03  4.20000000e-01 -2.07465233e-09  2.93484777e-01  4.49292739e-02  1.00279000e+02  1.13110000e+01  1.37848000e+05 -1.91127000e-01 
 4.30000000e-01  9.80500000e+03  4.30000000e-01 -3.31875565e-09  2.93484777e-01  4.49292739e-02  1.00279000e+02  1.13110000e+01  1.37848000e+05 -1.91127000e-01 
 4.40000000e-01  9.80500000e+03  4.40000000e-01 -5.29365022e-09  2.93484777e-01  4.49292739e-02  1.00279000e+02  1.13110000e+01  1.37848000e+05 -1.91127000e-01 
 4.50000000e-01  9.80500000e+03  4.50000000e-01 -8.41384680e-09  2.93484777e-01  4.49292739e-02  1.00279000e+02  1.13110000e+01  1.37848000e+05 -1.91127000e-01 
 4.60000000e-01  9.80500000e+03  4.60000000e-01 -1.33162132e-08  2.93484777e-01  4.49292739e-02  1.00279000e+02  1.13110000e+01  1.37848000e+05 -1.91127000e-01 
 4.70000000e-01  9.80500000e+03  4.70000000e-01 -2.09694045e-08  2.93484777e-01  4.49292739e-02  1.00279000e+02  1.13110000e+01  1.37848000e+05 -1.91127000e-01 
 4.80000000e-01  9.80500000e+03  4.80000000e-01 -3.28309287e-08  2.93484777e-01  4.49292739e-02  1.00279000e+02  1.13110000e+01  1.37848000e+05 -1.91127000e-01 
 4.90000000e-01  9.80500000e+03  4.90000000e-01 -5.10700913e-08  2.93484777e-01  4.49292739e-02  1.00279000e+02  1.13110000e+01  1.37848000e+05 -1.91127000e-01 
 5.00000000e-01  9.80500000e+03  5.00000000e-01 -7.88821020e-08  2.93484777e-01  4.49292739e-02  1.00279000e+02  1.13110000e+01  1.37848000e+05 -1.91127000e-01 
 5.10000000e-01  9.80500000e+03  5.10000000e-01 -1.20928012e-07  2.93484777e-01  4.49292739e-02  1.00279000e+02  1.13110000e+01  1.37848000e+05 -1.91127000e-01 
 5.20000000e-01  9.80500000e+03  5.20000000e-01 -1.83943657e-07  2.93484777e-01  4.49292739e-02  1.00279000e+02  1.13110000e+01  1.37848000e+05 -1.91127000e-01 
 5.30000000e-01  9.80500000e+03  5.30000000e-01 -2.77556962e-07  2.93484777e-01  4.49292739e-02  1.00279000e+02  1.13110000e+01  1.37848000e+05 -1.91127000e-01 
 5.40000000e-01  9.80500000e+03  5.40000000e-01 -4.15313538e-07  2.93484777e-01  4.49292739e-02  1.00279000e+02  1.13110000e+01  1.37848000e+05 -1.91127000e-01 
 5.50000000e-01  9.80500000e+03  5.50000000e-01 -6.15808071e-07  2.93484777e-01  4.49292739e-02  1.00279000e+02  1.13110000e+01  1.37848000e+05 -1.91127000e-01 
 5.60000000e-01  9.80500000e+03  5.60000000e-01 -9.03650826e-07  2.93484777e-01  4.49292739e-02  1.00279000e+02  1.13110000e+01  1.37848000e+05 -1.91127000e-01 
 5.70000000e-01  9.80500000e+03  5.70000000e-01 -1.30982720e-06  2.93484777e-01  4.49292739e-02  1.00279000e+02  1.13110000e+01  1.37848000e+05 -1.91127000e-01 
 5.80000000e-01  9.80500000e+03  5.80000000e-01 -1.87096713e-06  2.93484777e-01  4.49292739e-02  1.00279000e+02  1.13110000e+01  1.37848000e+05 -1.91127000e-01 
 5.90000000e-01  9.80500000e+03  5.90000000e-01 -2.62725563e-06  2.93484777e-01  4.49292739e-02  1.00279000e+02  1.13110000e+01  1.37848000e+05 -1.91127000e-01 
 6.00000000e-01  9.80500000e+03  6.00000000e-01 -3.61917162e-06  2.93484777e-01  4.49292739e-02  1.00279000e+02  1.13110000e+01  1.37848000e+05 -1.91127000e-01 
 6.10000000e-01  9.80500000e+03  6.10000000e-01 -4.88373014e-06  2.93484777e-01  4.49292739e-02  1.00279000e+02  1.13110000e+01  1.37848000e+05 -1.91127000e-01 
 6.20000000e-01  9.80500000e+03  6.20000000e-01 -6.45114267e-06  2.93484777e-01  4.49292739e-02  1.00279000e+02  1.13110000e+01  1.37848000e+05 -1.91127000e-01 
 6.30000000e-01  9.80500000e+03  6.30000000e-01 -8.34266244e-06  2.93484777e-01  4.49292739e-02  1.00279000e+02  1.13110000e+01  1.37848000e+05 -1.91127000e-01 
 6.40000000e-01  9.80500000e+03  6.40000000e-01 -1.05699469e-05  2.93484777e-01  4.49292739e-02  1.00279000e+02  1.13110000e+01  1.37848000e+05 -1.91127000e-01 
 6.50000000e-01  9.80500000e+03  6.50000000e-01 -1.31357928e-05  2.93484777e-01  4.49292739e-02  1.00279000e+02  1.13110000e+01  1.37848000e+05 -1.91127000e-01 
 6.60000000e-01  9.80500000e+03  6.60000000e-01 -1.60357888e-05  2.93484777e-01  4.49292739e-02  1.00279000e+02  1.13110000e+01  1.37848000e+05 -1.91127000e-01 
 6.70000000e-01  9.80500000e+03  6.70000000e-01 -1.92603501e-05  2.93484777e-01  4.49292739e-02  1.00279000e+02  1.13110000e+01  1.37848000e+05 -1.91127000e-01 
 6.80000000e-01  9.80500000e+03  6.80000000e-01 -2.27966979e-05  2.93484777e-01  4.49292739e-02  1.00279000e+02  1.13110000e+01  1.37848000e+05 -1.91127000e-01 
 6.90000000e-01  9.80500000e+03  6.90000000e-01 -2.66305148e-05  2.93484777e-01  4.49292739e-02  1.00279000e+02  1.13110000e+01  1.37848000e+05 -1.91127000e-01 
 7.00000000e-01  9.80500000e+03  7.00000000e-01 -3.07471699e-05  2.93484777e-01  4.49292739e-02  1.00279000e+02  1.13110000e+01  1.37848000e+05 -1.91127000e-01 
 7.10000000e-01  9.80500000e+03  7.10000000e-01 -3.51325247e-05  2.93484777e-01  4.49292739e-02  1.00279000e+02  1.13110000e+01  1.37848000e+05 -1.91127000e-01 
 7.20000000e-01  9.80500000e+03  7.20000000e-01 -3.97733878e-05  2.93484777e-01  4.49292739e-02  1.00279000e+02  1.13110000e+01  1.37848000e+05 -1.91127000e-01 
 7.30000000e-01  9.80500000e+03  7.30000000e-01 -4.46577112e-05  2.93484777e-01  4.49292739e-02  1.00279000e+02  1.13110000e+01  1.37848000e+05 -1.91127000e-01 
 7.40000000e-01  9.80500000e+03  7.40000000e-01 -4.97746121e-05  2.93484777e-01  4.49292739e-02  1.00279000e+02  1.13110000e+01  1.37848000e+05 -1.91127000e-01 
 7.50000000e-01  9.80500000e+03  7.50000000e-01 -5.51142922e-05  2.93484777e-01  4.49292739e-02  1.00279000e+02  1.13110000e+01  1.37848000e+05 -1.91127000e-01 
 7.60000000e-01  9.80500000e+03  7.60000000e-01 -6.06679047e-05  2.93484777e-01  4.49292739e-02  1.00279000e+02  1.13110000e+01  1.37848000e+05 -1.91127000e-01 
 7.70000000e-01  9.80500000e+03  7.70000000e-01 -6.64274038e-05  2.93484777e-01  4.49292739e-02  1.00279000e+02  1.13110000e+01  1.37848000e+05 -1.91127000e-01 
 7.80000000e-01  9.80500000e+03  7.80000000e-01 -7.23853973e-05  2.93484777e-01  4.49292739e-02  1.00279000e+02  1.13110000e+01  1.37848000e+05 -1.91127000e-01 
 7.90000000e-01  9.80500000e+03  7.90000000e-01 -7.85350151e-05  2.93484777e-01  4.49292739e-02  1.00279000e+02  1.13110000e+01  1.37848000e+05 -1.91127000e-01 
 8.00000000e-01  9.80500000e+03  8.00000000e-01 -8.48697969e-05  2.93484777e-01  4.49292739e-02  1.00279000e+02  1.13110000e+01  1.37848000e+05 -1.91127000e-01 
 8.10000000e-01  9.80500000e+03  8.10000000e-01 -9.13836017e-05  2.93484777e-01  4.49292739e-02  1.00279000e+02  1.13110000e+01  1.37848000e+05 -1.91127000e-01 
 8.20000000e-01  9.80500000e+03  8.20000000e-01 -9.80705371e-05  2.93484777e-01  4.49292739e-02  1.00279000e+02  1.13110000e+01  1.37848000e+05 -1.91127000e-01 
 8.30000000e-01  9.80500000e+03  8.30000000e-01 -1.04924906e-04  2.93484777e-01  4.49292739e-02  1.00279000e+02  1.13110000e+01  1.37848000e+05 -1.91127000e-01 
 8.40000000e-01  9.80500000e+03  8.40000000e-01 -1.11941167e-04  2.93484777e-01  4.49292739e-02  1.00279000e+02  1.13110000e+01  1.37848000e+05 -1.91127000e-01 
 8.50000000e-01  9.80500000e+03  8.50000000e-01 -1.19113909e-04  2.93484777e-01  4.49292739e-02  1.00279000e+02  1.13110000e+01  1.37848000e+05 -1.91127000e-01 
 8.60000000e-01  9.80500000e+03  8.60000000e-01 -1.26437832e-04  2.93484777e-01  4.49292739e-02  1.00279000e+02  1.13110000e+01  1.37848000e+05 -1.91127000e-01 
 8.70000000e-01  9.80500000e+03  8.70000000e-01 -1.33907739e-04  2.93484777e-01  4.49292739e-02  1.00279000e+02  1.13110000e+01  1.37848000e+05 -1.91127000e-01 
 8.80000000e-01  9.80500000e+03  8.80000000e-01 -1.41518527e-04  2.93484777e-01  4.49292739e-02  1.00279000e+02  1.13110000e+01  1.37848000e+05 -1.91127000e-01 
 8.90000000e-01  9.80500000e+03  8.90000000e-01 -1.49265188e-04  2.93484777e-01  4.49292739e-02  1.00279000e+02  1.13110000e+01  1.37848000e+05 -1.91127000e-01 
 9.00000000e-01  9.80500000e+03  9.00000000e-01 -1.57142806e-04  2.93484777e-01  4.49292739e-02  1.00279000e+02  1.13110000e+01  1.37848000e+05 -1.91127000e-01 
 9.10000000e-01  9.80500000e+03  9.10000000e-01 -1.65146563e-04  2.93484777e-01  4.49292739e-02  1.00279000e+02  1.13110000e+01  1.37848000e+05 -1.91127000e-01 
 9.20000000e-01  9.80500000e+03  9.20000000e-01 -1.73271741e-04  2.93484777e-01  4.49292739e-02  1.00279000e+02  1.13110000e+01  1.37848000e+05 -1.91127000e-01 
 9.30000000e-01  9.80500000e+03  9.30000000e-01 -1.81513721e-04  2.93484777e-01  4.49292739e-02  1.00279000e+02  1.13110000e+01  1.37848000e+05 -1.91127000e-01 
 9.40000000e-01  9.80500000e+03  9.40000000e-01 -1.89867992e-04  2.93484777e-01  4.49292739e-02  1.00279000e+02  1.13110000e+01  1.37848000e+05 -1.91127000e-01 
 9.50000000e-01  9.80500000e+03  9.50000000e-01 -1.98330150e-04  2.93484777e-01  4.49292739e-02  1.00279000e+02  1.13110000e+01  1.37848000e+05 -1.91127000e-01 
 9.60000000e-01  9.80500000e+03  9.60000000e-01 -2.06895899e-04  2.93484777e-01  4.49292739e-02  1.00279000e+02  1.13110000e+01  1.37848000e+05 -1.91127000e-01 
 9.70000000e-01  9.80500000e+03  9.70000000e-01 -2.15561056e-04  2.93484777e-01  4.49292739e-02  1.00279000e+02  1.13110000e+01  1.37848000e+05 -1.91127000e-01 
 9.80000000e-01  9.80500000e+03  9.80000000e-01 -2.24321551e-04  2.93484777e-01  4.49292739e-02  1.00279000e+02  1.13110000e+01  1.37848000e+05 -1.91127000e-01 
 9.90000000e-01  9.80500000e+03  9.90000000e-01 -2.33173430e-04  2.93484777e-01  4.49292739e-02  1.00279000e+02  1.13110000e+01  1.37848000e+05 -1.91127000e-01 
 1.00000000e+00  9.80500000e+03  1.00000000e+00 -2.42112851e-04  2.93484777e-01  4.49292739e-02  1.00279000e+02  1.13110000e+01  1.37848000e+05 -1.91127000e-01 
 1.01000000e+00  9.80500000e+03  1.01000000e+00 -2.51136089e-04  2.93484777e-01  4.49292739e-02  1.00279000e+02  1.13110000e+01  1.37848000e+05 -1.91127000e-01 
 1.02000000e+00  9.80500000e+03  1.02000000e+00 -2.60239532e-04  2.93484777e-01  4.49292739e-02  1.00279000e+02  1.13110000e+01  1.37848000e+05 -1.91127000e-01 
 1.03000000e+00  9.80500000e+03  1.03000000e+00 -2.69419678e-04  2.93484777e-01  4.49292739e-02  1.00279000e+02  1.13110000e+01  1.37848000e+05 -1.91127000e-01 
 1.04000000e+00  9.80500000e+03  1.04000000e+00 -2.78673138e-04  2.93484777e-01  4.49292739e-02  1.00279000e+02  1.13110000e+01  1.37848000e+05 -1.91127000e-01 
 1.05000000e+00  9.80500000e+03  1.05000000e+00 -2.87996632e-04  2.93484777e-01  4.49292739e-02  1.00279000e+02  1.13110000e+01  1.37848000e+05 -1.91127000e-01 
 1.06000000e+00  9.80500000e+03  1.06000000e+00 -2.97386986e-04  2.93484777e-01  4.49292739e-02  1.00279000e+02  1.13110000e+01  1.37848000e+05 -1.91127000e-01 
 1.07000000e+00  9.80500000e+03  1.07000000e+00 -3.06841132e-04  2.93484777e-01  4.49292739e-02  1.00279000e+02  1.13110000e+01  1.37848000e+05 -1.91127000e-01 
 1.08000000e+00  9.80500000e+03  1.08000000e+00 -3.16356103e-04  2.93484777e-01  4.49292739e-02  1.00279000e+02  1.13110000e+01  1.37848000e+05 -1.91127000e-01 
 1.09000000e+00  9.80500000e+03  1.09000000e+00 -3.25929033e-04  2.93484777e-01  4.49292739e-02  1.00279000e+02  1.13110000e+01  1.37848000e+05 -1.91127000e-01 
 1.10000000e+00  9.80500000e+03  1.10000000e+00 -3.35557155e-04  2.93484777e-01  4.49292739e-02  1.00279000e+02  1.13110000e+01  1.37848000e+05 -1.91127000e-01 
 1.11000000e+00  9.80500000e+03  1.11000000e+00 -3.45237793e-04  2.93484777e-01  4.49292739e-02  1.00279000e+02  1.13110000e+01  1.37848000e+05 -1.91127000e-01 
 1.12000000e+00  9.80500000e+03  1.12000000e+00 -3.54968368e-04  2.93484777e-01  4.49292739e-02  1.00279000e+02  1.13110000e+01  1.37848000e+05 -1.91127000e-01 
 1.13000000e+00  9.80500000e+03  1.13000000e+00 -3.64746385e-04  2.93484777e-01  4.49292739e-02  1.00279000e+02  1.13110000e+01  1.37848000e+05 -1.91127000e-01 
 1.14000000e+00  9.80500000e+03  1.14000000e+00 -3.74569439e-04  2.93484777e-01  4.49292739e-02  1.00279000e+02  1.13110000e+01  1.37848000e+05 -1.91127000e-01 
 1.15000000e+00  9.80500000e+03  1.15000000e+00 -3.84435209e-04  2.93484777e-01  4.49292739e-02  1.00279000e+02  1.13110000e+01  1.37848000e+05 -1.91127000e-01 
 1.16000000e+00  9.80500000e+03  1.16000000e+00 -3.94341454e-04  2.93484777e-01  4.49292739e-02  1.00279000e+02  1.13110000e+01  1.37848000e+05 -1.91127000e-01 
 1.17000000e+00  9.80500000e+03  1.17000000e+00 -4.04286011e-04  2.93484777e-01  4.49292739e-02  1.00279000e+02  1.13110000e+01  1.37848000e+05 -1.91127000e-01 
 1.18000000e+00  9.80500000e+03  1.18000000e+00 -4.14266793e-04  2.93484777e-01  4.49292739e-02  1.00279000e+02  1.13110000e+01  1.37848000e+05 -1.91127000e-01 
 1.19000000e+00  9.80500000e+03  1.19000000e+00 -4.24281789e-04  2.93484777e-01  4.49292739e-02  1.00279000e+02  1.13110000e+01  1.37848000e+05 -1.91127000e-01 
 1.20000000e+00  9.80500000e+03  1.20000000e+00 -4.34329055e-04  2.93484777e-01  4.49292739e-02  1.00279000e+02  1.13110000e+01  1.37848000e+05 -1.91127000e-01 
 1.21000000e+00  9.80500000e+03  1.21000000e+00 -4.44406717e-04  2.93484777e-01  4.49292739e-02  1.00279000e+02  1.13110000e+01  1.37848000e+05 -1.91127000e-01 
 1.22000000e+00  9.80500000e+03  1.22000000e+00 -4.54512967e-04  2.93484777e-01  4.49292739e-02  1.00279000e+02  1.13110000e+01  1.37848000e+05 -1.91127000e-01 
 1.23000000e+00  9.80500000e+03  1.23000000e+00 -4.64646060e-04  2.93484777e-01  4.49292739e-02  1.00279000e+02  1.13110000e+01  1.37848000e+05 -1.91127000e-01 
 1.24000000e+00  9.80500000e+03  1.24000000e+00 -4.74804313e-04  2.93484777e-01  4.49292739e-02  1.00279000e+02  1.13110000e+01  1.37848000e+05 -1.91127000e-01 
 1.25000000e+00  9.80500000e+03  1.25000000e+00 -4.84986102e-04  2.93484777e-01  4.49292739e-02  1.00279000e+02  1.13110000e+01  1.37848000e+05 -1.91127000e-01 
 1.26000000e+00  9.80500000e+03  1.26000000e+00 -4.95189860e-04  2.93484777e-01  4.49292739e-02  1.00279000e+02  1.13110000e+01  1.37848000e+05 -1.91127000e-01 
 1.27000000e+00  9.80500000e+03  1.27000000e+00 -5.05414073e-04  2.93484777e-01  4.49292739e-02  1.00279000e+02  1.13110000e+01  1.37848000e+05 -1.91127000e-01 
 1.28000000e+00  9.80500000e+03  1.28000000e+00 -5.15657282e-04  2.93484777e-01  4.49292739e-02  1.00279000e+02  1.13110000e+01  1.37848000e+05 -1.91127000e-01 
 1.29000000e+00  9.80500000e+03  1.29000000e+00 -5.25918079e-04  2.93484777e-01  4.49292739e-02  1.00279000e+02  1.13110000e+01  1.37848000e+05 -1.91127000e-01 
 1.30000000e+00  9.80500000e+03  1.30000000e+00 -5.36195103e-04  2.93484777e-01  4.49292739e-02  1.00279000e+02  1.13110000e+01  1.37848000e+05 -1.91127000e-01 
 1.31000000e+00  9.80500000e+03  1.31000000e+00 -5.46487044e-04  2.93484777e-01  4.49292739e-02  1.00279000e+02  1.13110000e+01  1.37848000e+05 -1.91127000e-01 
 1.32000000e+00  9.80500000e+03  1.32000000e+00 -5.56792634e-04  2.93484777e-01  4.49292739e-02  1.00279000e+02  1.13110000e+01  1.37848000e+05 -1.91127000e-01 
 1.33000000e+00  9.80500000e+03  1.33000000e+00 -5.67110650e-04  2.93484777e-01  4.49292739e-02  1.00279000e+02  1.13110000e+01  1.37848000e+05 -1.91127000e-01 
 1.34000000e+00  9.80500000e+03  1.34000000e+00 -5.77439913e-04  2.93484777e-01  4.49292739e-02  1.00279000e+02  1.13110000e+01  1.37848000e+05 -1.91127000e-01 
 1.35000000e+00  9.80500000e+03  1.35000000e+00 -5.87779281e-04  2.93484777e-01  4.49292739e-02  1.00279000e+02  1.13110000e+01  1.37848000e+05 -1.91127000e-01 
 1.36000000e+00  9.80500000e+03  1.36000000e+00 -5.98127656e-04  2.93484777e-01  4.49292739e-02  1.00279000e+02  1.13110000e+01  1.37848000e+05 -1.91127000e-01 
 1.37000000e+00  9.80500000e+03  1.37000000e+00 -6.08483974e-04  2.93484777e-01  4.49292739e-02  1.00279000e+02  1.13110000e+01  1.37848000e+05 -1.91127000e-01 
 1.38000000e+00  9.80500000e+03  1.38000000e+00 -6.18847209e-04  2.93484777e-01  4.49292739e-02  1.00279000e+02  1.13110000e+01  1.37848000e+05 -1.91127000e-01 
 1.39000000e+00  9.80500000e+03  1.39000000e+00 -6.29216371e-04  2.93484777e-01  4.49292739e-02  1.00279000e+02  1.13110000e+01  1.37848000e+05 -1.91127000e-01 
 1.40000000e+00  9.80500000e+03  1.40000000e+00 -6.39590501e-04  2.93484777e-01  4.49292739e-02  1.00279000e+02  1.13110000e+01  1.37848000e+05 -1.91127000e-01 
 1.41000000e+00  9.80500000e+03  1.41000000e+00 -6.49968675e-04  2.93484777e-01  4.49292739e-02  1.00279000e+02  1.13110000e+01  1.37848000e+05 -1.91127000e-01 
 1.42000000e+00  9.80500000e+03  1.42000000e+00 -6.60350001e-04  2.93484777e-01  4.49292739e-02  1.00279000e+02  1.13110000e+01  1.37848000e+05 -1.91127000e-01 
 1.43000000e+00  9.80500000e+03  1.43000000e+00 -6.70733614e-04  2.93484777e-01  4.49292739e-02  1.00279000e+02  1.13110000e+01  1.37848000e+05 -1.91127000e-01 
 1.44000000e+00  9.80500000e+03  1.44000000e+00 -6.81118682e-04  2.93484777e-01  4.49292739e-02  1.00279000e+02  1.13110000e+01  1.37848000e+05 -1.91127000e-01 
 1.45000000e+00  9.80500000e+03  1.45000000e+00 -6.91504398e-04  2.93484777e-01  4.49292739e-02  1.00279000e+02  1.13110000e+01  1.37848000e+05 -1.91127000e-01 
 1.46000000e+00  9.80500000e+03  1.46000000e+00 -7.01889985e-04  2.93484777e-01  4.49292739e-02  1.00279000e+02  1.13110000e+01  1.37848000e+05 -1.91127000e-01 
 1.47000000e+00  9.80500000e+03  1.47000000e+00 -7.12274689e-04  2.93484777e-01  4.49292739e-02  1.00279000e+02  1.13110000e+01  1.37848000e+05 -1.91127000e-01 
 1.48000000e+00  9.80500000e+03  1.48000000e+00 -7.22657784e-04  2.93484777e-01  4.49292739e-02  1.00279000e+02  1.13110000e+01  1.37848000e+05 -1.91127000e-01 
 1.49000000e+00  9.80500000e+03  1.49000000e+00 -7.33038566e-04  2.93484777e-01  4.49292739e-02  1.00279000e+02  1.13110000e+01  1.37848000e+05 -1.91127000e-01 
 1.50000000e+00  9.80500000e+03  1.50000000e+00 -7.43416356e-04  2.93484777e-01  4.49292739e-02  1.00279000e+02  1.13110000e+01  1.37848000e+05 -1.91127000e-01 
 1.51000000e+00  9.80500000e+03  1.51000000e+00 -7.53790497e-04  2.93484777e-01  4.49292739e-02  1.00279000e+02  1.13110000e+01  1.37848000e+05 -1.91127000e-01 
 1.52000000e+00  9.80500000e+03  1.52000000e+00 -7.64160355e-04  2.93484777e-01  4.49292739e-02  1.00279000e+02  1.13110000e+01  1.37848000e+05 -1.91127000e-01 
 1.53000000e+00  9.80500000e+03  1.53000000e+00 -7.74525314e-04  2.93484777e-01  4.49292739e-02  1.00279000e+02  1.13110000e+01  1.37848000e+05 -1.91127000e-01 
 1.54000000e+00  9.80500000e+03  1.54000000e+00 -7.84884781e-04  2.93484777e-01  4.49292739e-02  1.00279000e+02  1.13110000e+01  1.37848000e+05 -1.91127000e-01 
 1.55000000e+00  9.80500000e+03  1.55000000e+00 -7.95238181e-04  2.93484777e-01  4.49292739e-02  1.00279000e+02  1.13110000e+01  1.37848000e+05 -1.91127000e-01 
 1.56000000e+00  9.80500000e+03  1.56000000e+00 -8.05584960e-04  2.93484777e-01  4.49292739e-02  1.00279000e+02  1.13110000e+01  1.37848000e+05 -1.91127000e-01 
 1.57000000e+00  9.80500000e+03  1.57000000e+00 -8.15924580e-04  2.93484777e-01  4.49292739e-02  1.00279000e+02  1.13110000e+01  1.37848000e+05 -1.91127000e-01 
 1.58000000e+00  9.80500000e+03  1.58000000e+00 -8.26256521e-04  2.93484777e-01  4.49292739e-02  1.00279000e+02  1.13110000e+01  1.37848000e+05 -1.91127000e-01 
 1.59000000e+00  9.80500000e+03  1.59000000e+00 -8.36580280e-04  2.93484777e-01  4.49292739e-02  1.00279000e+02  1.13110000e+01  1.37848000e+05 -1.91127000e-01 
 1.60000000e+00  9.80500000e+03  1.60000000e+00 -8.46895372e-04  2.93484777e-01  4.49292739e-02  1.00279000e+02  1.13110000e+01  1.37848000e+05 -1.91127000e-01 
 1.61000000e+00  9.80500000e+03  1.61000000e+00 -8.57201324e-04  2.93484777e-01  4.49292739e-02  1.00279000e+02  1.13110000e+01  1.37848000e+05 -1.91127000e-01 
 1.62000000e+00  9.80500000e+03  1.62000000e+00 -8.67497683e-04  2.93484777e-01  4.49292739e-02  1.00279000e+02  1.13110000e+01  1.37848000e+05 -1.91127000e-01 
 1.63000000e+00  9.80500000e+03  1.63000000e+00 -8.77784007e-04  2.93484777e-01  4.49292739e-02  1.00279000e+02  1.13110000e+01  1.37848000e+05 -1.91127000e-01 
 1.64000000e+00  9.80500000e+03  1.64000000e+00 -8.88059870e-04  2.93484777e-01  4.49292739e-02  1.00279000e+02  1.13110000e+01  1.37848000e+05 -1.91127000e-01 
 1.65000000e+00  9.80500000e+03  1.65000000e+00 -8.98324859e-04  2.93484777e-01  4.49292739e-02  1.00279000e+02  1.13110000e+01  1.37848000e+05 -1.91127000e-01 
 1.66000000e+00  9.80500000e+03  1.66000000e+00 -9.08578574e-04  2.93484777e-01  4.49292739e-02  1.00279000e+02  1.13110000e+01  1.37848000e+05 -1.91127000e-01 
 1.67000000e+00  9.80500000e+03  1.67000000e+00 -9.18820629e-04  2.93484777e-01  4.49292739e-02  1.00279000e+02  1.13110000e+01  1.37848000e+05 -1.91127000e-01 
 1.68000000e+00  9.80500000e+03  1.68000000e+00 -9.29050649e-04  2.93484777e-01  4.49292739e-02  1.00279000e+02  1.13110000e+01  1.37848000e+05 -1.91127000e-01 
 1.69000000e+00  9.80500000e+03  1.69000000e+00 -9.39268272e-04  2.93484777e-01  4.49292739e-02  1.00279000e+02  1.13110000e+01  1.37848000e+05 -1.91127000e-01 
 1.70000000e+00  9.80500000e+03  1.70000000e+00 -9.49473147e-04  2.93484777e-01  4.49292739e-02  1.00279000e+02  1.13110000e+01  1.37848000e+05 -1.91127000e-01 
 1.71000000e+00  9.80500000e+03  1.71000000e+00 -9.59664933e-04  2.93484777e-01  4.49292739e-02  1.00279000e+02  1.13110000e+01  1.37848000e+05 -1.91127000e-01 
 1.72000000e+00  9.80500000e+03  1.72000000e+00 -9.69843301e-04  2.93484777e-01  4.49292739e-02  1.00279000e+02  1.13110000e+01  1.37848000e+05 -1.91127000e-01 
 1.73000000e+00  9.80500000e+03  1.73000000e+00 -9.80007934e-04  2.93484777e-01  4.49292739e-02  1.00279000e+02  1.13110000e+01  1.37848000e+05 -1.91127000e-01 
 1.74000000e+00  9.80500000e+03  1.74000000e+00 -9.90158521e-04  2.93484777e-01  4.49292739e-02  1.00279000e+02  1.13110000e+01  1.37848000e+05 -1.91127000e-01 
 1.75000000e+00  9.80500000e+03  1.75000000e+00 -1.00029476e-03  2.93484777e-01  4.49292739e-02  1.00279000e+02  1.13110000e+01  1.37848000e+05 -1.91127000e-01 
 1.76000000e+00  9.80500000e+03  1.76000000e+00 -1.01041637e-03  2.93484777e-01  4.49292739e-02  1.00279000e+02  1.13110000e+01  1.37848000e+05 -1.91127000e-01 
 1.77000000e+00  9.80500000e+03  1.77000000e+00 -1.02052307e-03  2.93484777e-01  4.49292739e-02  1.00279000e+02  1.13110000e+01  1.37848000e+05 -1.91127000e-01 
 1.78000000e+00  9.80500000e+03  1.78000000e+00 -1.03061458e-03  2.93484777e-01  4.49292739e-02  1.00279000e+02  1.13110000e+01  1.37848000e+05 -1.91127000e-01 
 1.79000000e+00  9.80500000e+03  1.79000000e+00 -1.04069063e-03  2.93484777e-01  4.49292739e-02  1.00279000e+02  1.13110000e+01  1.37848000e+05 -1.91127000e-01 
 1.80000000e+00  9.80500000e+03  1.80000000e+00 -1.05075099e-03  2.93484777e-01  4.49292739e-02  1.00279000e+02  1.13110000e+01  1.37848000e+05 -1.91127000e-01 
