 v-sweep         run_num         v(gate)         i(vds)          out_vth0        out_u0          out_rdsw        out_nfactor     out_vsat        out_eta0       
 0.00000000e+00  7.82000000e+03  1.85000000e+00  4.19752146e-43  3.62422459e-01  5.79958529e-02  1.00959882e+02  5.62729298e+00  1.07126293e+05 -1.89249476e-01 
 1.00000000e-02  7.82000000e+03  1.85000000e+00 -4.01828714e-05  3.62422459e-01  5.79958529e-02  1.00959882e+02  5.62729298e+00  1.07126293e+05 -1.89249476e-01 
 2.00000000e-02  7.82000000e+03  1.85000000e+00 -7.95183309e-05  3.62422459e-01  5.79958529e-02  1.00959882e+02  5.62729298e+00  1.07126293e+05 -1.89249476e-01 
 3.00000000e-02  7.82000000e+03  1.85000000e+00 -1.17992926e-04  3.62422459e-01  5.79958529e-02  1.00959882e+02  5.62729298e+00  1.07126293e+05 -1.89249476e-01 
 4.00000000e-02  7.82000000e+03  1.85000000e+00 -1.55593745e-04  3.62422459e-01  5.79958529e-02  1.00959882e+02  5.62729298e+00  1.07126293e+05 -1.89249476e-01 
 5.00000000e-02  7.82000000e+03  1.85000000e+00 -1.92307937e-04  3.62422459e-01  5.79958529e-02  1.00959882e+02  5.62729298e+00  1.07126293e+05 -1.89249476e-01 
 6.00000000e-02  7.82000000e+03  1.85000000e+00 -2.28122330e-04  3.62422459e-01  5.79958529e-02  1.00959882e+02  5.62729298e+00  1.07126293e+05 -1.89249476e-01 
 7.00000000e-02  7.82000000e+03  1.85000000e+00 -2.63023141e-04  3.62422459e-01  5.79958529e-02  1.00959882e+02  5.62729298e+00  1.07126293e+05 -1.89249476e-01 
 8.00000000e-02  7.82000000e+03  1.85000000e+00 -2.96995765e-04  3.62422459e-01  5.79958529e-02  1.00959882e+02  5.62729298e+00  1.07126293e+05 -1.89249476e-01 
 9.00000000e-02  7.82000000e+03  1.85000000e+00 -3.30024652e-04  3.62422459e-01  5.79958529e-02  1.00959882e+02  5.62729298e+00  1.07126293e+05 -1.89249476e-01 
 1.00000000e-01  7.82000000e+03  1.85000000e+00 -3.62093268e-04  3.62422459e-01  5.79958529e-02  1.00959882e+02  5.62729298e+00  1.07126293e+05 -1.89249476e-01 
 1.10000000e-01  7.82000000e+03  1.85000000e+00 -3.93184163e-04  3.62422459e-01  5.79958529e-02  1.00959882e+02  5.62729298e+00  1.07126293e+05 -1.89249476e-01 
 1.20000000e-01  7.82000000e+03  1.85000000e+00 -4.23279144e-04  3.62422459e-01  5.79958529e-02  1.00959882e+02  5.62729298e+00  1.07126293e+05 -1.89249476e-01 
 1.30000000e-01  7.82000000e+03  1.85000000e+00 -4.52359587e-04  3.62422459e-01  5.79958529e-02  1.00959882e+02  5.62729298e+00  1.07126293e+05 -1.89249476e-01 
 1.40000000e-01  7.82000000e+03  1.85000000e+00 -4.80406873e-04  3.62422459e-01  5.79958529e-02  1.00959882e+02  5.62729298e+00  1.07126293e+05 -1.89249476e-01 
 1.50000000e-01  7.82000000e+03  1.85000000e+00 -5.07402986e-04  3.62422459e-01  5.79958529e-02  1.00959882e+02  5.62729298e+00  1.07126293e+05 -1.89249476e-01 
 1.60000000e-01  7.82000000e+03  1.85000000e+00 -5.33331232e-04  3.62422459e-01  5.79958529e-02  1.00959882e+02  5.62729298e+00  1.07126293e+05 -1.89249476e-01 
 1.70000000e-01  7.82000000e+03  1.85000000e+00 -5.58177094e-04  3.62422459e-01  5.79958529e-02  1.00959882e+02  5.62729298e+00  1.07126293e+05 -1.89249476e-01 
 1.80000000e-01  7.82000000e+03  1.85000000e+00 -5.81929162e-04  3.62422459e-01  5.79958529e-02  1.00959882e+02  5.62729298e+00  1.07126293e+05 -1.89249476e-01 
 1.90000000e-01  7.82000000e+03  1.85000000e+00 -6.04580101e-04  3.62422459e-01  5.79958529e-02  1.00959882e+02  5.62729298e+00  1.07126293e+05 -1.89249476e-01 
 2.00000000e-01  7.82000000e+03  1.85000000e+00 -6.26127575e-04  3.62422459e-01  5.79958529e-02  1.00959882e+02  5.62729298e+00  1.07126293e+05 -1.89249476e-01 
 2.10000000e-01  7.82000000e+03  1.85000000e+00 -6.46575054e-04  3.62422459e-01  5.79958529e-02  1.00959882e+02  5.62729298e+00  1.07126293e+05 -1.89249476e-01 
 2.20000000e-01  7.82000000e+03  1.85000000e+00 -6.65932417e-04  3.62422459e-01  5.79958529e-02  1.00959882e+02  5.62729298e+00  1.07126293e+05 -1.89249476e-01 
 2.30000000e-01  7.82000000e+03  1.85000000e+00 -6.84216293e-04  3.62422459e-01  5.79958529e-02  1.00959882e+02  5.62729298e+00  1.07126293e+05 -1.89249476e-01 
 2.40000000e-01  7.82000000e+03  1.85000000e+00 -7.01450082e-04  3.62422459e-01  5.79958529e-02  1.00959882e+02  5.62729298e+00  1.07126293e+05 -1.89249476e-01 
 2.50000000e-01  7.82000000e+03  1.85000000e+00 -7.17663655e-04  3.62422459e-01  5.79958529e-02  1.00959882e+02  5.62729298e+00  1.07126293e+05 -1.89249476e-01 
 2.60000000e-01  7.82000000e+03  1.85000000e+00 -7.32892744e-04  3.62422459e-01  5.79958529e-02  1.00959882e+02  5.62729298e+00  1.07126293e+05 -1.89249476e-01 
 2.70000000e-01  7.82000000e+03  1.85000000e+00 -7.47178097e-04  3.62422459e-01  5.79958529e-02  1.00959882e+02  5.62729298e+00  1.07126293e+05 -1.89249476e-01 
 2.80000000e-01  7.82000000e+03  1.85000000e+00 -7.60564444e-04  3.62422459e-01  5.79958529e-02  1.00959882e+02  5.62729298e+00  1.07126293e+05 -1.89249476e-01 
 2.90000000e-01  7.82000000e+03  1.85000000e+00 -7.73099386e-04  3.62422459e-01  5.79958529e-02  1.00959882e+02  5.62729298e+00  1.07126293e+05 -1.89249476e-01 
 3.00000000e-01  7.82000000e+03  1.85000000e+00 -7.84832282e-04  3.62422459e-01  5.79958529e-02  1.00959882e+02  5.62729298e+00  1.07126293e+05 -1.89249476e-01 
 3.10000000e-01  7.82000000e+03  1.85000000e+00 -7.95813192e-04  3.62422459e-01  5.79958529e-02  1.00959882e+02  5.62729298e+00  1.07126293e+05 -1.89249476e-01 
 3.20000000e-01  7.82000000e+03  1.85000000e+00 -8.06091944e-04  3.62422459e-01  5.79958529e-02  1.00959882e+02  5.62729298e+00  1.07126293e+05 -1.89249476e-01 
 3.30000000e-01  7.82000000e+03  1.85000000e+00 -8.15717355e-04  3.62422459e-01  5.79958529e-02  1.00959882e+02  5.62729298e+00  1.07126293e+05 -1.89249476e-01 
 3.40000000e-01  7.82000000e+03  1.85000000e+00 -8.24736600e-04  3.62422459e-01  5.79958529e-02  1.00959882e+02  5.62729298e+00  1.07126293e+05 -1.89249476e-01 
 3.50000000e-01  7.82000000e+03  1.85000000e+00 -8.33194753e-04  3.62422459e-01  5.79958529e-02  1.00959882e+02  5.62729298e+00  1.07126293e+05 -1.89249476e-01 
 3.60000000e-01  7.82000000e+03  1.85000000e+00 -8.41134465e-04  3.62422459e-01  5.79958529e-02  1.00959882e+02  5.62729298e+00  1.07126293e+05 -1.89249476e-01 
 3.70000000e-01  7.82000000e+03  1.85000000e+00 -8.48595771e-04  3.62422459e-01  5.79958529e-02  1.00959882e+02  5.62729298e+00  1.07126293e+05 -1.89249476e-01 
 3.80000000e-01  7.82000000e+03  1.85000000e+00 -8.55616004e-04  3.62422459e-01  5.79958529e-02  1.00959882e+02  5.62729298e+00  1.07126293e+05 -1.89249476e-01 
 3.90000000e-01  7.82000000e+03  1.85000000e+00 -8.62229786e-04  3.62422459e-01  5.79958529e-02  1.00959882e+02  5.62729298e+00  1.07126293e+05 -1.89249476e-01 
 4.00000000e-01  7.82000000e+03  1.85000000e+00 -8.68469087e-04  3.62422459e-01  5.79958529e-02  1.00959882e+02  5.62729298e+00  1.07126293e+05 -1.89249476e-01 
 4.10000000e-01  7.82000000e+03  1.85000000e+00 -8.74363323e-04  3.62422459e-01  5.79958529e-02  1.00959882e+02  5.62729298e+00  1.07126293e+05 -1.89249476e-01 
 4.20000000e-01  7.82000000e+03  1.85000000e+00 -8.79939490e-04  3.62422459e-01  5.79958529e-02  1.00959882e+02  5.62729298e+00  1.07126293e+05 -1.89249476e-01 
 4.30000000e-01  7.82000000e+03  1.85000000e+00 -8.85222308e-04  3.62422459e-01  5.79958529e-02  1.00959882e+02  5.62729298e+00  1.07126293e+05 -1.89249476e-01 
 4.40000000e-01  7.82000000e+03  1.85000000e+00 -8.90234384e-04  3.62422459e-01  5.79958529e-02  1.00959882e+02  5.62729298e+00  1.07126293e+05 -1.89249476e-01 
 4.50000000e-01  7.82000000e+03  1.85000000e+00 -8.94996367e-04  3.62422459e-01  5.79958529e-02  1.00959882e+02  5.62729298e+00  1.07126293e+05 -1.89249476e-01 
 4.60000000e-01  7.82000000e+03  1.85000000e+00 -8.99527110e-04  3.62422459e-01  5.79958529e-02  1.00959882e+02  5.62729298e+00  1.07126293e+05 -1.89249476e-01 
 4.70000000e-01  7.82000000e+03  1.85000000e+00 -9.03843822e-04  3.62422459e-01  5.79958529e-02  1.00959882e+02  5.62729298e+00  1.07126293e+05 -1.89249476e-01 
 4.80000000e-01  7.82000000e+03  1.85000000e+00 -9.07962206e-04  3.62422459e-01  5.79958529e-02  1.00959882e+02  5.62729298e+00  1.07126293e+05 -1.89249476e-01 
 4.90000000e-01  7.82000000e+03  1.85000000e+00 -9.11896602e-04  3.62422459e-01  5.79958529e-02  1.00959882e+02  5.62729298e+00  1.07126293e+05 -1.89249476e-01 
 5.00000000e-01  7.82000000e+03  1.85000000e+00 -9.15660106e-04  3.62422459e-01  5.79958529e-02  1.00959882e+02  5.62729298e+00  1.07126293e+05 -1.89249476e-01 
 5.10000000e-01  7.82000000e+03  1.85000000e+00 -9.19264686e-04  3.62422459e-01  5.79958529e-02  1.00959882e+02  5.62729298e+00  1.07126293e+05 -1.89249476e-01 
 5.20000000e-01  7.82000000e+03  1.85000000e+00 -9.22721291e-04  3.62422459e-01  5.79958529e-02  1.00959882e+02  5.62729298e+00  1.07126293e+05 -1.89249476e-01 
 5.30000000e-01  7.82000000e+03  1.85000000e+00 -9.26039939e-04  3.62422459e-01  5.79958529e-02  1.00959882e+02  5.62729298e+00  1.07126293e+05 -1.89249476e-01 
 5.40000000e-01  7.82000000e+03  1.85000000e+00 -9.29229814e-04  3.62422459e-01  5.79958529e-02  1.00959882e+02  5.62729298e+00  1.07126293e+05 -1.89249476e-01 
 5.50000000e-01  7.82000000e+03  1.85000000e+00 -9.32299337e-04  3.62422459e-01  5.79958529e-02  1.00959882e+02  5.62729298e+00  1.07126293e+05 -1.89249476e-01 
 5.60000000e-01  7.82000000e+03  1.85000000e+00 -9.35256239e-04  3.62422459e-01  5.79958529e-02  1.00959882e+02  5.62729298e+00  1.07126293e+05 -1.89249476e-01 
 5.70000000e-01  7.82000000e+03  1.85000000e+00 -9.38107627e-04  3.62422459e-01  5.79958529e-02  1.00959882e+02  5.62729298e+00  1.07126293e+05 -1.89249476e-01 
 5.80000000e-01  7.82000000e+03  1.85000000e+00 -9.40860042e-04  3.62422459e-01  5.79958529e-02  1.00959882e+02  5.62729298e+00  1.07126293e+05 -1.89249476e-01 
 5.90000000e-01  7.82000000e+03  1.85000000e+00 -9.43519508e-04  3.62422459e-01  5.79958529e-02  1.00959882e+02  5.62729298e+00  1.07126293e+05 -1.89249476e-01 
 6.00000000e-01  7.82000000e+03  1.85000000e+00 -9.46091584e-04  3.62422459e-01  5.79958529e-02  1.00959882e+02  5.62729298e+00  1.07126293e+05 -1.89249476e-01 
 6.10000000e-01  7.82000000e+03  1.85000000e+00 -9.48581401e-04  3.62422459e-01  5.79958529e-02  1.00959882e+02  5.62729298e+00  1.07126293e+05 -1.89249476e-01 
 6.20000000e-01  7.82000000e+03  1.85000000e+00 -9.50993703e-04  3.62422459e-01  5.79958529e-02  1.00959882e+02  5.62729298e+00  1.07126293e+05 -1.89249476e-01 
 6.30000000e-01  7.82000000e+03  1.85000000e+00 -9.53332881e-04  3.62422459e-01  5.79958529e-02  1.00959882e+02  5.62729298e+00  1.07126293e+05 -1.89249476e-01 
 6.40000000e-01  7.82000000e+03  1.85000000e+00 -9.55603007e-04  3.62422459e-01  5.79958529e-02  1.00959882e+02  5.62729298e+00  1.07126293e+05 -1.89249476e-01 
 6.50000000e-01  7.82000000e+03  1.85000000e+00 -9.57807854e-04  3.62422459e-01  5.79958529e-02  1.00959882e+02  5.62729298e+00  1.07126293e+05 -1.89249476e-01 
 6.60000000e-01  7.82000000e+03  1.85000000e+00 -9.59950930e-04  3.62422459e-01  5.79958529e-02  1.00959882e+02  5.62729298e+00  1.07126293e+05 -1.89249476e-01 
 6.70000000e-01  7.82000000e+03  1.85000000e+00 -9.62035496e-04  3.62422459e-01  5.79958529e-02  1.00959882e+02  5.62729298e+00  1.07126293e+05 -1.89249476e-01 
 6.80000000e-01  7.82000000e+03  1.85000000e+00 -9.64064587e-04  3.62422459e-01  5.79958529e-02  1.00959882e+02  5.62729298e+00  1.07126293e+05 -1.89249476e-01 
 6.90000000e-01  7.82000000e+03  1.85000000e+00 -9.66041032e-04  3.62422459e-01  5.79958529e-02  1.00959882e+02  5.62729298e+00  1.07126293e+05 -1.89249476e-01 
 7.00000000e-01  7.82000000e+03  1.85000000e+00 -9.67967471e-04  3.62422459e-01  5.79958529e-02  1.00959882e+02  5.62729298e+00  1.07126293e+05 -1.89249476e-01 
 7.10000000e-01  7.82000000e+03  1.85000000e+00 -9.69846367e-04  3.62422459e-01  5.79958529e-02  1.00959882e+02  5.62729298e+00  1.07126293e+05 -1.89249476e-01 
 7.20000000e-01  7.82000000e+03  1.85000000e+00 -9.71680025e-04  3.62422459e-01  5.79958529e-02  1.00959882e+02  5.62729298e+00  1.07126293e+05 -1.89249476e-01 
 7.30000000e-01  7.82000000e+03  1.85000000e+00 -9.73470602e-04  3.62422459e-01  5.79958529e-02  1.00959882e+02  5.62729298e+00  1.07126293e+05 -1.89249476e-01 
 7.40000000e-01  7.82000000e+03  1.85000000e+00 -9.75220117e-04  3.62422459e-01  5.79958529e-02  1.00959882e+02  5.62729298e+00  1.07126293e+05 -1.89249476e-01 
 7.50000000e-01  7.82000000e+03  1.85000000e+00 -9.76930464e-04  3.62422459e-01  5.79958529e-02  1.00959882e+02  5.62729298e+00  1.07126293e+05 -1.89249476e-01 
 7.60000000e-01  7.82000000e+03  1.85000000e+00 -9.78603421e-04  3.62422459e-01  5.79958529e-02  1.00959882e+02  5.62729298e+00  1.07126293e+05 -1.89249476e-01 
 7.70000000e-01  7.82000000e+03  1.85000000e+00 -9.80240658e-04  3.62422459e-01  5.79958529e-02  1.00959882e+02  5.62729298e+00  1.07126293e+05 -1.89249476e-01 
 7.80000000e-01  7.82000000e+03  1.85000000e+00 -9.81843746e-04  3.62422459e-01  5.79958529e-02  1.00959882e+02  5.62729298e+00  1.07126293e+05 -1.89249476e-01 
 7.90000000e-01  7.82000000e+03  1.85000000e+00 -9.83414162e-04  3.62422459e-01  5.79958529e-02  1.00959882e+02  5.62729298e+00  1.07126293e+05 -1.89249476e-01 
 8.00000000e-01  7.82000000e+03  1.85000000e+00 -9.84953299e-04  3.62422459e-01  5.79958529e-02  1.00959882e+02  5.62729298e+00  1.07126293e+05 -1.89249476e-01 
 8.10000000e-01  7.82000000e+03  1.85000000e+00 -9.86462470e-04  3.62422459e-01  5.79958529e-02  1.00959882e+02  5.62729298e+00  1.07126293e+05 -1.89249476e-01 
 8.20000000e-01  7.82000000e+03  1.85000000e+00 -9.87942912e-04  3.62422459e-01  5.79958529e-02  1.00959882e+02  5.62729298e+00  1.07126293e+05 -1.89249476e-01 
 8.30000000e-01  7.82000000e+03  1.85000000e+00 -9.89395795e-04  3.62422459e-01  5.79958529e-02  1.00959882e+02  5.62729298e+00  1.07126293e+05 -1.89249476e-01 
 8.40000000e-01  7.82000000e+03  1.85000000e+00 -9.90822225e-04  3.62422459e-01  5.79958529e-02  1.00959882e+02  5.62729298e+00  1.07126293e+05 -1.89249476e-01 
 8.50000000e-01  7.82000000e+03  1.85000000e+00 -9.92223247e-04  3.62422459e-01  5.79958529e-02  1.00959882e+02  5.62729298e+00  1.07126293e+05 -1.89249476e-01 
 8.60000000e-01  7.82000000e+03  1.85000000e+00 -9.93599852e-04  3.62422459e-01  5.79958529e-02  1.00959882e+02  5.62729298e+00  1.07126293e+05 -1.89249476e-01 
 8.70000000e-01  7.82000000e+03  1.85000000e+00 -9.94952976e-04  3.62422459e-01  5.79958529e-02  1.00959882e+02  5.62729298e+00  1.07126293e+05 -1.89249476e-01 
 8.80000000e-01  7.82000000e+03  1.85000000e+00 -9.96283508e-04  3.62422459e-01  5.79958529e-02  1.00959882e+02  5.62729298e+00  1.07126293e+05 -1.89249476e-01 
 8.90000000e-01  7.82000000e+03  1.85000000e+00 -9.97592291e-04  3.62422459e-01  5.79958529e-02  1.00959882e+02  5.62729298e+00  1.07126293e+05 -1.89249476e-01 
 9.00000000e-01  7.82000000e+03  1.85000000e+00 -9.98880126e-04  3.62422459e-01  5.79958529e-02  1.00959882e+02  5.62729298e+00  1.07126293e+05 -1.89249476e-01 
 9.10000000e-01  7.82000000e+03  1.85000000e+00 -1.00014777e-03  3.62422459e-01  5.79958529e-02  1.00959882e+02  5.62729298e+00  1.07126293e+05 -1.89249476e-01 
 9.20000000e-01  7.82000000e+03  1.85000000e+00 -1.00139595e-03  3.62422459e-01  5.79958529e-02  1.00959882e+02  5.62729298e+00  1.07126293e+05 -1.89249476e-01 
 9.30000000e-01  7.82000000e+03  1.85000000e+00 -1.00262536e-03  3.62422459e-01  5.79958529e-02  1.00959882e+02  5.62729298e+00  1.07126293e+05 -1.89249476e-01 
 9.40000000e-01  7.82000000e+03  1.85000000e+00 -1.00383664e-03  3.62422459e-01  5.79958529e-02  1.00959882e+02  5.62729298e+00  1.07126293e+05 -1.89249476e-01 
 9.50000000e-01  7.82000000e+03  1.85000000e+00 -1.00503042e-03  3.62422459e-01  5.79958529e-02  1.00959882e+02  5.62729298e+00  1.07126293e+05 -1.89249476e-01 
 9.60000000e-01  7.82000000e+03  1.85000000e+00 -1.00620729e-03  3.62422459e-01  5.79958529e-02  1.00959882e+02  5.62729298e+00  1.07126293e+05 -1.89249476e-01 
 9.70000000e-01  7.82000000e+03  1.85000000e+00 -1.00736782e-03  3.62422459e-01  5.79958529e-02  1.00959882e+02  5.62729298e+00  1.07126293e+05 -1.89249476e-01 
 9.80000000e-01  7.82000000e+03  1.85000000e+00 -1.00851256e-03  3.62422459e-01  5.79958529e-02  1.00959882e+02  5.62729298e+00  1.07126293e+05 -1.89249476e-01 
 9.90000000e-01  7.82000000e+03  1.85000000e+00 -1.00964201e-03  3.62422459e-01  5.79958529e-02  1.00959882e+02  5.62729298e+00  1.07126293e+05 -1.89249476e-01 
 1.00000000e+00  7.82000000e+03  1.85000000e+00 -1.01075667e-03  3.62422459e-01  5.79958529e-02  1.00959882e+02  5.62729298e+00  1.07126293e+05 -1.89249476e-01 
 1.01000000e+00  7.82000000e+03  1.85000000e+00 -1.01185701e-03  3.62422459e-01  5.79958529e-02  1.00959882e+02  5.62729298e+00  1.07126293e+05 -1.89249476e-01 
 1.02000000e+00  7.82000000e+03  1.85000000e+00 -1.01294348e-03  3.62422459e-01  5.79958529e-02  1.00959882e+02  5.62729298e+00  1.07126293e+05 -1.89249476e-01 
 1.03000000e+00  7.82000000e+03  1.85000000e+00 -1.01401651e-03  3.62422459e-01  5.79958529e-02  1.00959882e+02  5.62729298e+00  1.07126293e+05 -1.89249476e-01 
 1.04000000e+00  7.82000000e+03  1.85000000e+00 -1.01507652e-03  3.62422459e-01  5.79958529e-02  1.00959882e+02  5.62729298e+00  1.07126293e+05 -1.89249476e-01 
 1.05000000e+00  7.82000000e+03  1.85000000e+00 -1.01612389e-03  3.62422459e-01  5.79958529e-02  1.00959882e+02  5.62729298e+00  1.07126293e+05 -1.89249476e-01 
 1.06000000e+00  7.82000000e+03  1.85000000e+00 -1.01715901e-03  3.62422459e-01  5.79958529e-02  1.00959882e+02  5.62729298e+00  1.07126293e+05 -1.89249476e-01 
 1.07000000e+00  7.82000000e+03  1.85000000e+00 -1.01818225e-03  3.62422459e-01  5.79958529e-02  1.00959882e+02  5.62729298e+00  1.07126293e+05 -1.89249476e-01 
 1.08000000e+00  7.82000000e+03  1.85000000e+00 -1.01919394e-03  3.62422459e-01  5.79958529e-02  1.00959882e+02  5.62729298e+00  1.07126293e+05 -1.89249476e-01 
 1.09000000e+00  7.82000000e+03  1.85000000e+00 -1.02019442e-03  3.62422459e-01  5.79958529e-02  1.00959882e+02  5.62729298e+00  1.07126293e+05 -1.89249476e-01 
 1.10000000e+00  7.82000000e+03  1.85000000e+00 -1.02118402e-03  3.62422459e-01  5.79958529e-02  1.00959882e+02  5.62729298e+00  1.07126293e+05 -1.89249476e-01 
 1.11000000e+00  7.82000000e+03  1.85000000e+00 -1.02216303e-03  3.62422459e-01  5.79958529e-02  1.00959882e+02  5.62729298e+00  1.07126293e+05 -1.89249476e-01 
 1.12000000e+00  7.82000000e+03  1.85000000e+00 -1.02313177e-03  3.62422459e-01  5.79958529e-02  1.00959882e+02  5.62729298e+00  1.07126293e+05 -1.89249476e-01 
 1.13000000e+00  7.82000000e+03  1.85000000e+00 -1.02409050e-03  3.62422459e-01  5.79958529e-02  1.00959882e+02  5.62729298e+00  1.07126293e+05 -1.89249476e-01 
 1.14000000e+00  7.82000000e+03  1.85000000e+00 -1.02503952e-03  3.62422459e-01  5.79958529e-02  1.00959882e+02  5.62729298e+00  1.07126293e+05 -1.89249476e-01 
 1.15000000e+00  7.82000000e+03  1.85000000e+00 -1.02597906e-03  3.62422459e-01  5.79958529e-02  1.00959882e+02  5.62729298e+00  1.07126293e+05 -1.89249476e-01 
 1.16000000e+00  7.82000000e+03  1.85000000e+00 -1.02690941e-03  3.62422459e-01  5.79958529e-02  1.00959882e+02  5.62729298e+00  1.07126293e+05 -1.89249476e-01 
 1.17000000e+00  7.82000000e+03  1.85000000e+00 -1.02783078e-03  3.62422459e-01  5.79958529e-02  1.00959882e+02  5.62729298e+00  1.07126293e+05 -1.89249476e-01 
 1.18000000e+00  7.82000000e+03  1.85000000e+00 -1.02874343e-03  3.62422459e-01  5.79958529e-02  1.00959882e+02  5.62729298e+00  1.07126293e+05 -1.89249476e-01 
 1.19000000e+00  7.82000000e+03  1.85000000e+00 -1.02964757e-03  3.62422459e-01  5.79958529e-02  1.00959882e+02  5.62729298e+00  1.07126293e+05 -1.89249476e-01 
 1.20000000e+00  7.82000000e+03  1.85000000e+00 -1.03054343e-03  3.62422459e-01  5.79958529e-02  1.00959882e+02  5.62729298e+00  1.07126293e+05 -1.89249476e-01 
 1.21000000e+00  7.82000000e+03  1.85000000e+00 -1.03143121e-03  3.62422459e-01  5.79958529e-02  1.00959882e+02  5.62729298e+00  1.07126293e+05 -1.89249476e-01 
 1.22000000e+00  7.82000000e+03  1.85000000e+00 -1.03231112e-03  3.62422459e-01  5.79958529e-02  1.00959882e+02  5.62729298e+00  1.07126293e+05 -1.89249476e-01 
 1.23000000e+00  7.82000000e+03  1.85000000e+00 -1.03318335e-03  3.62422459e-01  5.79958529e-02  1.00959882e+02  5.62729298e+00  1.07126293e+05 -1.89249476e-01 
 1.24000000e+00  7.82000000e+03  1.85000000e+00 -1.03404810e-03  3.62422459e-01  5.79958529e-02  1.00959882e+02  5.62729298e+00  1.07126293e+05 -1.89249476e-01 
 1.25000000e+00  7.82000000e+03  1.85000000e+00 -1.03490555e-03  3.62422459e-01  5.79958529e-02  1.00959882e+02  5.62729298e+00  1.07126293e+05 -1.89249476e-01 
 1.26000000e+00  7.82000000e+03  1.85000000e+00 -1.03575586e-03  3.62422459e-01  5.79958529e-02  1.00959882e+02  5.62729298e+00  1.07126293e+05 -1.89249476e-01 
 1.27000000e+00  7.82000000e+03  1.85000000e+00 -1.03659922e-03  3.62422459e-01  5.79958529e-02  1.00959882e+02  5.62729298e+00  1.07126293e+05 -1.89249476e-01 
 1.28000000e+00  7.82000000e+03  1.85000000e+00 -1.03743578e-03  3.62422459e-01  5.79958529e-02  1.00959882e+02  5.62729298e+00  1.07126293e+05 -1.89249476e-01 
 1.29000000e+00  7.82000000e+03  1.85000000e+00 -1.03826572e-03  3.62422459e-01  5.79958529e-02  1.00959882e+02  5.62729298e+00  1.07126293e+05 -1.89249476e-01 
 1.30000000e+00  7.82000000e+03  1.85000000e+00 -1.03908917e-03  3.62422459e-01  5.79958529e-02  1.00959882e+02  5.62729298e+00  1.07126293e+05 -1.89249476e-01 
 1.31000000e+00  7.82000000e+03  1.85000000e+00 -1.03990629e-03  3.62422459e-01  5.79958529e-02  1.00959882e+02  5.62729298e+00  1.07126293e+05 -1.89249476e-01 
 1.32000000e+00  7.82000000e+03  1.85000000e+00 -1.04071723e-03  3.62422459e-01  5.79958529e-02  1.00959882e+02  5.62729298e+00  1.07126293e+05 -1.89249476e-01 
 1.33000000e+00  7.82000000e+03  1.85000000e+00 -1.04152212e-03  3.62422459e-01  5.79958529e-02  1.00959882e+02  5.62729298e+00  1.07126293e+05 -1.89249476e-01 
 1.34000000e+00  7.82000000e+03  1.85000000e+00 -1.04232110e-03  3.62422459e-01  5.79958529e-02  1.00959882e+02  5.62729298e+00  1.07126293e+05 -1.89249476e-01 
 1.35000000e+00  7.82000000e+03  1.85000000e+00 -1.04311431e-03  3.62422459e-01  5.79958529e-02  1.00959882e+02  5.62729298e+00  1.07126293e+05 -1.89249476e-01 
 1.36000000e+00  7.82000000e+03  1.85000000e+00 -1.04390186e-03  3.62422459e-01  5.79958529e-02  1.00959882e+02  5.62729298e+00  1.07126293e+05 -1.89249476e-01 
 1.37000000e+00  7.82000000e+03  1.85000000e+00 -1.04468388e-03  3.62422459e-01  5.79958529e-02  1.00959882e+02  5.62729298e+00  1.07126293e+05 -1.89249476e-01 
 1.38000000e+00  7.82000000e+03  1.85000000e+00 -1.04546049e-03  3.62422459e-01  5.79958529e-02  1.00959882e+02  5.62729298e+00  1.07126293e+05 -1.89249476e-01 
 1.39000000e+00  7.82000000e+03  1.85000000e+00 -1.04623182e-03  3.62422459e-01  5.79958529e-02  1.00959882e+02  5.62729298e+00  1.07126293e+05 -1.89249476e-01 
 1.40000000e+00  7.82000000e+03  1.85000000e+00 -1.04699796e-03  3.62422459e-01  5.79958529e-02  1.00959882e+02  5.62729298e+00  1.07126293e+05 -1.89249476e-01 
 1.41000000e+00  7.82000000e+03  1.85000000e+00 -1.04775903e-03  3.62422459e-01  5.79958529e-02  1.00959882e+02  5.62729298e+00  1.07126293e+05 -1.89249476e-01 
 1.42000000e+00  7.82000000e+03  1.85000000e+00 -1.04851514e-03  3.62422459e-01  5.79958529e-02  1.00959882e+02  5.62729298e+00  1.07126293e+05 -1.89249476e-01 
 1.43000000e+00  7.82000000e+03  1.85000000e+00 -1.04926639e-03  3.62422459e-01  5.79958529e-02  1.00959882e+02  5.62729298e+00  1.07126293e+05 -1.89249476e-01 
 1.44000000e+00  7.82000000e+03  1.85000000e+00 -1.05001288e-03  3.62422459e-01  5.79958529e-02  1.00959882e+02  5.62729298e+00  1.07126293e+05 -1.89249476e-01 
 1.45000000e+00  7.82000000e+03  1.85000000e+00 -1.05075471e-03  3.62422459e-01  5.79958529e-02  1.00959882e+02  5.62729298e+00  1.07126293e+05 -1.89249476e-01 
 1.46000000e+00  7.82000000e+03  1.85000000e+00 -1.05149197e-03  3.62422459e-01  5.79958529e-02  1.00959882e+02  5.62729298e+00  1.07126293e+05 -1.89249476e-01 
 1.47000000e+00  7.82000000e+03  1.85000000e+00 -1.05222477e-03  3.62422459e-01  5.79958529e-02  1.00959882e+02  5.62729298e+00  1.07126293e+05 -1.89249476e-01 
 1.48000000e+00  7.82000000e+03  1.85000000e+00 -1.05295318e-03  3.62422459e-01  5.79958529e-02  1.00959882e+02  5.62729298e+00  1.07126293e+05 -1.89249476e-01 
 1.49000000e+00  7.82000000e+03  1.85000000e+00 -1.05367729e-03  3.62422459e-01  5.79958529e-02  1.00959882e+02  5.62729298e+00  1.07126293e+05 -1.89249476e-01 
 1.50000000e+00  7.82000000e+03  1.85000000e+00 -1.05439721e-03  3.62422459e-01  5.79958529e-02  1.00959882e+02  5.62729298e+00  1.07126293e+05 -1.89249476e-01 
 1.51000000e+00  7.82000000e+03  1.85000000e+00 -1.05511300e-03  3.62422459e-01  5.79958529e-02  1.00959882e+02  5.62729298e+00  1.07126293e+05 -1.89249476e-01 
 1.52000000e+00  7.82000000e+03  1.85000000e+00 -1.05582475e-03  3.62422459e-01  5.79958529e-02  1.00959882e+02  5.62729298e+00  1.07126293e+05 -1.89249476e-01 
 1.53000000e+00  7.82000000e+03  1.85000000e+00 -1.05653255e-03  3.62422459e-01  5.79958529e-02  1.00959882e+02  5.62729298e+00  1.07126293e+05 -1.89249476e-01 
 1.54000000e+00  7.82000000e+03  1.85000000e+00 -1.05723647e-03  3.62422459e-01  5.79958529e-02  1.00959882e+02  5.62729298e+00  1.07126293e+05 -1.89249476e-01 
 1.55000000e+00  7.82000000e+03  1.85000000e+00 -1.05793660e-03  3.62422459e-01  5.79958529e-02  1.00959882e+02  5.62729298e+00  1.07126293e+05 -1.89249476e-01 
 1.56000000e+00  7.82000000e+03  1.85000000e+00 -1.05863301e-03  3.62422459e-01  5.79958529e-02  1.00959882e+02  5.62729298e+00  1.07126293e+05 -1.89249476e-01 
 1.57000000e+00  7.82000000e+03  1.85000000e+00 -1.05932577e-03  3.62422459e-01  5.79958529e-02  1.00959882e+02  5.62729298e+00  1.07126293e+05 -1.89249476e-01 
 1.58000000e+00  7.82000000e+03  1.85000000e+00 -1.06001497e-03  3.62422459e-01  5.79958529e-02  1.00959882e+02  5.62729298e+00  1.07126293e+05 -1.89249476e-01 
 1.59000000e+00  7.82000000e+03  1.85000000e+00 -1.06070067e-03  3.62422459e-01  5.79958529e-02  1.00959882e+02  5.62729298e+00  1.07126293e+05 -1.89249476e-01 
 1.60000000e+00  7.82000000e+03  1.85000000e+00 -1.06138296e-03  3.62422459e-01  5.79958529e-02  1.00959882e+02  5.62729298e+00  1.07126293e+05 -1.89249476e-01 
 1.61000000e+00  7.82000000e+03  1.85000000e+00 -1.06206191e-03  3.62422459e-01  5.79958529e-02  1.00959882e+02  5.62729298e+00  1.07126293e+05 -1.89249476e-01 
 1.62000000e+00  7.82000000e+03  1.85000000e+00 -1.06273758e-03  3.62422459e-01  5.79958529e-02  1.00959882e+02  5.62729298e+00  1.07126293e+05 -1.89249476e-01 
 1.63000000e+00  7.82000000e+03  1.85000000e+00 -1.06341006e-03  3.62422459e-01  5.79958529e-02  1.00959882e+02  5.62729298e+00  1.07126293e+05 -1.89249476e-01 
 1.64000000e+00  7.82000000e+03  1.85000000e+00 -1.06407943e-03  3.62422459e-01  5.79958529e-02  1.00959882e+02  5.62729298e+00  1.07126293e+05 -1.89249476e-01 
 1.65000000e+00  7.82000000e+03  1.85000000e+00 -1.06474574e-03  3.62422459e-01  5.79958529e-02  1.00959882e+02  5.62729298e+00  1.07126293e+05 -1.89249476e-01 
 1.66000000e+00  7.82000000e+03  1.85000000e+00 -1.06540909e-03  3.62422459e-01  5.79958529e-02  1.00959882e+02  5.62729298e+00  1.07126293e+05 -1.89249476e-01 
 1.67000000e+00  7.82000000e+03  1.85000000e+00 -1.06606954e-03  3.62422459e-01  5.79958529e-02  1.00959882e+02  5.62729298e+00  1.07126293e+05 -1.89249476e-01 
 1.68000000e+00  7.82000000e+03  1.85000000e+00 -1.06672718e-03  3.62422459e-01  5.79958529e-02  1.00959882e+02  5.62729298e+00  1.07126293e+05 -1.89249476e-01 
 1.69000000e+00  7.82000000e+03  1.85000000e+00 -1.06738208e-03  3.62422459e-01  5.79958529e-02  1.00959882e+02  5.62729298e+00  1.07126293e+05 -1.89249476e-01 
 1.70000000e+00  7.82000000e+03  1.85000000e+00 -1.06803433e-03  3.62422459e-01  5.79958529e-02  1.00959882e+02  5.62729298e+00  1.07126293e+05 -1.89249476e-01 
 1.71000000e+00  7.82000000e+03  1.85000000e+00 -1.06868400e-03  3.62422459e-01  5.79958529e-02  1.00959882e+02  5.62729298e+00  1.07126293e+05 -1.89249476e-01 
 1.72000000e+00  7.82000000e+03  1.85000000e+00 -1.06933119e-03  3.62422459e-01  5.79958529e-02  1.00959882e+02  5.62729298e+00  1.07126293e+05 -1.89249476e-01 
 1.73000000e+00  7.82000000e+03  1.85000000e+00 -1.06997598e-03  3.62422459e-01  5.79958529e-02  1.00959882e+02  5.62729298e+00  1.07126293e+05 -1.89249476e-01 
 1.74000000e+00  7.82000000e+03  1.85000000e+00 -1.07061845e-03  3.62422459e-01  5.79958529e-02  1.00959882e+02  5.62729298e+00  1.07126293e+05 -1.89249476e-01 
 1.75000000e+00  7.82000000e+03  1.85000000e+00 -1.07125872e-03  3.62422459e-01  5.79958529e-02  1.00959882e+02  5.62729298e+00  1.07126293e+05 -1.89249476e-01 
 1.76000000e+00  7.82000000e+03  1.85000000e+00 -1.07189686e-03  3.62422459e-01  5.79958529e-02  1.00959882e+02  5.62729298e+00  1.07126293e+05 -1.89249476e-01 
 1.77000000e+00  7.82000000e+03  1.85000000e+00 -1.07253300e-03  3.62422459e-01  5.79958529e-02  1.00959882e+02  5.62729298e+00  1.07126293e+05 -1.89249476e-01 
 1.78000000e+00  7.82000000e+03  1.85000000e+00 -1.07316722e-03  3.62422459e-01  5.79958529e-02  1.00959882e+02  5.62729298e+00  1.07126293e+05 -1.89249476e-01 
 1.79000000e+00  7.82000000e+03  1.85000000e+00 -1.07379965e-03  3.62422459e-01  5.79958529e-02  1.00959882e+02  5.62729298e+00  1.07126293e+05 -1.89249476e-01 
 1.80000000e+00  7.82000000e+03  1.85000000e+00 -1.07443040e-03  3.62422459e-01  5.79958529e-02  1.00959882e+02  5.62729298e+00  1.07126293e+05 -1.89249476e-01 
 1.81000000e+00  7.82000000e+03  1.85000000e+00 -1.07505959e-03  3.62422459e-01  5.79958529e-02  1.00959882e+02  5.62729298e+00  1.07126293e+05 -1.89249476e-01 
 1.82000000e+00  7.82000000e+03  1.85000000e+00 -1.07568735e-03  3.62422459e-01  5.79958529e-02  1.00959882e+02  5.62729298e+00  1.07126293e+05 -1.89249476e-01 
 1.83000000e+00  7.82000000e+03  1.85000000e+00 -1.07631382e-03  3.62422459e-01  5.79958529e-02  1.00959882e+02  5.62729298e+00  1.07126293e+05 -1.89249476e-01 
 1.84000000e+00  7.82000000e+03  1.85000000e+00 -1.07693915e-03  3.62422459e-01  5.79958529e-02  1.00959882e+02  5.62729298e+00  1.07126293e+05 -1.89249476e-01 
 1.85000000e+00  7.82000000e+03  1.85000000e+00 -1.07756348e-03  3.62422459e-01  5.79958529e-02  1.00959882e+02  5.62729298e+00  1.07126293e+05 -1.89249476e-01 
