 v-sweep         run_num         v(gate)         i(vds)          out_vth0        out_u0          out_rdsw        out_nfactor     out_vsat        out_eta0       
 0.00000000e+00  3.13000000e+03  1.85000000e+00  2.85754521e-43  3.36009715e-01  5.11780798e-02  9.82379209e+01  3.64274106e+00  9.41654745e+04 -1.83136876e-01 
 1.00000000e-02  3.13000000e+03  1.85000000e+00 -3.52018822e-05  3.36009715e-01  5.11780798e-02  9.82379209e+01  3.64274106e+00  9.41654745e+04 -1.83136876e-01 
 2.00000000e-02  3.13000000e+03  1.85000000e+00 -6.97146597e-05  3.36009715e-01  5.11780798e-02  9.82379209e+01  3.64274106e+00  9.41654745e+04 -1.83136876e-01 
 3.00000000e-02  3.13000000e+03  1.85000000e+00 -1.03540026e-04  3.36009715e-01  5.11780798e-02  9.82379209e+01  3.64274106e+00  9.41654745e+04 -1.83136876e-01 
 4.00000000e-02  3.13000000e+03  1.85000000e+00 -1.36678778e-04  3.36009715e-01  5.11780798e-02  9.82379209e+01  3.64274106e+00  9.41654745e+04 -1.83136876e-01 
 5.00000000e-02  3.13000000e+03  1.85000000e+00 -1.69130705e-04  3.36009715e-01  5.11780798e-02  9.82379209e+01  3.64274106e+00  9.41654745e+04 -1.83136876e-01 
 6.00000000e-02  3.13000000e+03  1.85000000e+00 -2.00894471e-04  3.36009715e-01  5.11780798e-02  9.82379209e+01  3.64274106e+00  9.41654745e+04 -1.83136876e-01 
 7.00000000e-02  3.13000000e+03  1.85000000e+00 -2.31967485e-04  3.36009715e-01  5.11780798e-02  9.82379209e+01  3.64274106e+00  9.41654745e+04 -1.83136876e-01 
 8.00000000e-02  3.13000000e+03  1.85000000e+00 -2.62345779e-04  3.36009715e-01  5.11780798e-02  9.82379209e+01  3.64274106e+00  9.41654745e+04 -1.83136876e-01 
 9.00000000e-02  3.13000000e+03  1.85000000e+00 -2.92023875e-04  3.36009715e-01  5.11780798e-02  9.82379209e+01  3.64274106e+00  9.41654745e+04 -1.83136876e-01 
 1.00000000e-01  3.13000000e+03  1.85000000e+00 -3.20994660e-04  3.36009715e-01  5.11780798e-02  9.82379209e+01  3.64274106e+00  9.41654745e+04 -1.83136876e-01 
 1.10000000e-01  3.13000000e+03  1.85000000e+00 -3.49249274e-04  3.36009715e-01  5.11780798e-02  9.82379209e+01  3.64274106e+00  9.41654745e+04 -1.83136876e-01 
 1.20000000e-01  3.13000000e+03  1.85000000e+00 -3.76777017e-04  3.36009715e-01  5.11780798e-02  9.82379209e+01  3.64274106e+00  9.41654745e+04 -1.83136876e-01 
 1.30000000e-01  3.13000000e+03  1.85000000e+00 -4.03565292e-04  3.36009715e-01  5.11780798e-02  9.82379209e+01  3.64274106e+00  9.41654745e+04 -1.83136876e-01 
 1.40000000e-01  3.13000000e+03  1.85000000e+00 -4.29599602e-04  3.36009715e-01  5.11780798e-02  9.82379209e+01  3.64274106e+00  9.41654745e+04 -1.83136876e-01 
 1.50000000e-01  3.13000000e+03  1.85000000e+00 -4.54863622e-04  3.36009715e-01  5.11780798e-02  9.82379209e+01  3.64274106e+00  9.41654745e+04 -1.83136876e-01 
 1.60000000e-01  3.13000000e+03  1.85000000e+00 -4.79339362e-04  3.36009715e-01  5.11780798e-02  9.82379209e+01  3.64274106e+00  9.41654745e+04 -1.83136876e-01 
 1.70000000e-01  3.13000000e+03  1.85000000e+00 -5.03007472e-04  3.36009715e-01  5.11780798e-02  9.82379209e+01  3.64274106e+00  9.41654745e+04 -1.83136876e-01 
 1.80000000e-01  3.13000000e+03  1.85000000e+00 -5.25847679e-04  3.36009715e-01  5.11780798e-02  9.82379209e+01  3.64274106e+00  9.41654745e+04 -1.83136876e-01 
 1.90000000e-01  3.13000000e+03  1.85000000e+00 -5.47839414e-04  3.36009715e-01  5.11780798e-02  9.82379209e+01  3.64274106e+00  9.41654745e+04 -1.83136876e-01 
 2.00000000e-01  3.13000000e+03  1.85000000e+00 -5.68962608e-04  3.36009715e-01  5.11780798e-02  9.82379209e+01  3.64274106e+00  9.41654745e+04 -1.83136876e-01 
 2.10000000e-01  3.13000000e+03  1.85000000e+00 -5.89198663e-04  3.36009715e-01  5.11780798e-02  9.82379209e+01  3.64274106e+00  9.41654745e+04 -1.83136876e-01 
 2.20000000e-01  3.13000000e+03  1.85000000e+00 -6.08531561e-04  3.36009715e-01  5.11780798e-02  9.82379209e+01  3.64274106e+00  9.41654745e+04 -1.83136876e-01 
 2.30000000e-01  3.13000000e+03  1.85000000e+00 -6.26949039e-04  3.36009715e-01  5.11780798e-02  9.82379209e+01  3.64274106e+00  9.41654745e+04 -1.83136876e-01 
 2.40000000e-01  3.13000000e+03  1.85000000e+00 -6.44443752e-04  3.36009715e-01  5.11780798e-02  9.82379209e+01  3.64274106e+00  9.41654745e+04 -1.83136876e-01 
 2.50000000e-01  3.13000000e+03  1.85000000e+00 -6.61014299e-04  3.36009715e-01  5.11780798e-02  9.82379209e+01  3.64274106e+00  9.41654745e+04 -1.83136876e-01 
 2.60000000e-01  3.13000000e+03  1.85000000e+00 -6.76666010e-04  3.36009715e-01  5.11780798e-02  9.82379209e+01  3.64274106e+00  9.41654745e+04 -1.83136876e-01 
 2.70000000e-01  3.13000000e+03  1.85000000e+00 -6.91411388e-04  3.36009715e-01  5.11780798e-02  9.82379209e+01  3.64274106e+00  9.41654745e+04 -1.83136876e-01 
 2.80000000e-01  3.13000000e+03  1.85000000e+00 -7.05270145e-04  3.36009715e-01  5.11780798e-02  9.82379209e+01  3.64274106e+00  9.41654745e+04 -1.83136876e-01 
 2.90000000e-01  3.13000000e+03  1.85000000e+00 -7.18268822e-04  3.36009715e-01  5.11780798e-02  9.82379209e+01  3.64274106e+00  9.41654745e+04 -1.83136876e-01 
 3.00000000e-01  3.13000000e+03  1.85000000e+00 -7.30440044e-04  3.36009715e-01  5.11780798e-02  9.82379209e+01  3.64274106e+00  9.41654745e+04 -1.83136876e-01 
 3.10000000e-01  3.13000000e+03  1.85000000e+00 -7.41821471e-04  3.36009715e-01  5.11780798e-02  9.82379209e+01  3.64274106e+00  9.41654745e+04 -1.83136876e-01 
 3.20000000e-01  3.13000000e+03  1.85000000e+00 -7.52454585e-04  3.36009715e-01  5.11780798e-02  9.82379209e+01  3.64274106e+00  9.41654745e+04 -1.83136876e-01 
 3.30000000e-01  3.13000000e+03  1.85000000e+00 -7.62383415e-04  3.36009715e-01  5.11780798e-02  9.82379209e+01  3.64274106e+00  9.41654745e+04 -1.83136876e-01 
 3.40000000e-01  3.13000000e+03  1.85000000e+00 -7.71653302e-04  3.36009715e-01  5.11780798e-02  9.82379209e+01  3.64274106e+00  9.41654745e+04 -1.83136876e-01 
 3.50000000e-01  3.13000000e+03  1.85000000e+00 -7.80309800e-04  3.36009715e-01  5.11780798e-02  9.82379209e+01  3.64274106e+00  9.41654745e+04 -1.83136876e-01 
 3.60000000e-01  3.13000000e+03  1.85000000e+00 -7.88397744e-04  3.36009715e-01  5.11780798e-02  9.82379209e+01  3.64274106e+00  9.41654745e+04 -1.83136876e-01 
 3.70000000e-01  3.13000000e+03  1.85000000e+00 -7.95960515e-04  3.36009715e-01  5.11780798e-02  9.82379209e+01  3.64274106e+00  9.41654745e+04 -1.83136876e-01 
 3.80000000e-01  3.13000000e+03  1.85000000e+00 -8.03039500e-04  3.36009715e-01  5.11780798e-02  9.82379209e+01  3.64274106e+00  9.41654745e+04 -1.83136876e-01 
 3.90000000e-01  3.13000000e+03  1.85000000e+00 -8.09673731e-04  3.36009715e-01  5.11780798e-02  9.82379209e+01  3.64274106e+00  9.41654745e+04 -1.83136876e-01 
 4.00000000e-01  3.13000000e+03  1.85000000e+00 -8.15899673e-04  3.36009715e-01  5.11780798e-02  9.82379209e+01  3.64274106e+00  9.41654745e+04 -1.83136876e-01 
 4.10000000e-01  3.13000000e+03  1.85000000e+00 -8.21751131e-04  3.36009715e-01  5.11780798e-02  9.82379209e+01  3.64274106e+00  9.41654745e+04 -1.83136876e-01 
 4.20000000e-01  3.13000000e+03  1.85000000e+00 -8.27259257e-04  3.36009715e-01  5.11780798e-02  9.82379209e+01  3.64274106e+00  9.41654745e+04 -1.83136876e-01 
 4.30000000e-01  3.13000000e+03  1.85000000e+00 -8.32452622e-04  3.36009715e-01  5.11780798e-02  9.82379209e+01  3.64274106e+00  9.41654745e+04 -1.83136876e-01 
 4.40000000e-01  3.13000000e+03  1.85000000e+00 -8.37357332e-04  3.36009715e-01  5.11780798e-02  9.82379209e+01  3.64274106e+00  9.41654745e+04 -1.83136876e-01 
 4.50000000e-01  3.13000000e+03  1.85000000e+00 -8.41997174e-04  3.36009715e-01  5.11780798e-02  9.82379209e+01  3.64274106e+00  9.41654745e+04 -1.83136876e-01 
 4.60000000e-01  3.13000000e+03  1.85000000e+00 -8.46393783e-04  3.36009715e-01  5.11780798e-02  9.82379209e+01  3.64274106e+00  9.41654745e+04 -1.83136876e-01 
 4.70000000e-01  3.13000000e+03  1.85000000e+00 -8.50566808e-04  3.36009715e-01  5.11780798e-02  9.82379209e+01  3.64274106e+00  9.41654745e+04 -1.83136876e-01 
 4.80000000e-01  3.13000000e+03  1.85000000e+00 -8.54534080e-04  3.36009715e-01  5.11780798e-02  9.82379209e+01  3.64274106e+00  9.41654745e+04 -1.83136876e-01 
 4.90000000e-01  3.13000000e+03  1.85000000e+00 -8.58311777e-04  3.36009715e-01  5.11780798e-02  9.82379209e+01  3.64274106e+00  9.41654745e+04 -1.83136876e-01 
 5.00000000e-01  3.13000000e+03  1.85000000e+00 -8.61914575e-04  3.36009715e-01  5.11780798e-02  9.82379209e+01  3.64274106e+00  9.41654745e+04 -1.83136876e-01 
 5.10000000e-01  3.13000000e+03  1.85000000e+00 -8.65355793e-04  3.36009715e-01  5.11780798e-02  9.82379209e+01  3.64274106e+00  9.41654745e+04 -1.83136876e-01 
 5.20000000e-01  3.13000000e+03  1.85000000e+00 -8.68647526e-04  3.36009715e-01  5.11780798e-02  9.82379209e+01  3.64274106e+00  9.41654745e+04 -1.83136876e-01 
 5.30000000e-01  3.13000000e+03  1.85000000e+00 -8.71800763e-04  3.36009715e-01  5.11780798e-02  9.82379209e+01  3.64274106e+00  9.41654745e+04 -1.83136876e-01 
 5.40000000e-01  3.13000000e+03  1.85000000e+00 -8.74825500e-04  3.36009715e-01  5.11780798e-02  9.82379209e+01  3.64274106e+00  9.41654745e+04 -1.83136876e-01 
 5.50000000e-01  3.13000000e+03  1.85000000e+00 -8.77730840e-04  3.36009715e-01  5.11780798e-02  9.82379209e+01  3.64274106e+00  9.41654745e+04 -1.83136876e-01 
 5.60000000e-01  3.13000000e+03  1.85000000e+00 -8.80525078e-04  3.36009715e-01  5.11780798e-02  9.82379209e+01  3.64274106e+00  9.41654745e+04 -1.83136876e-01 
 5.70000000e-01  3.13000000e+03  1.85000000e+00 -8.83215788e-04  3.36009715e-01  5.11780798e-02  9.82379209e+01  3.64274106e+00  9.41654745e+04 -1.83136876e-01 
 5.80000000e-01  3.13000000e+03  1.85000000e+00 -8.85809887e-04  3.36009715e-01  5.11780798e-02  9.82379209e+01  3.64274106e+00  9.41654745e+04 -1.83136876e-01 
 5.90000000e-01  3.13000000e+03  1.85000000e+00 -8.88313708e-04  3.36009715e-01  5.11780798e-02  9.82379209e+01  3.64274106e+00  9.41654745e+04 -1.83136876e-01 
 6.00000000e-01  3.13000000e+03  1.85000000e+00 -8.90733051e-04  3.36009715e-01  5.11780798e-02  9.82379209e+01  3.64274106e+00  9.41654745e+04 -1.83136876e-01 
 6.10000000e-01  3.13000000e+03  1.85000000e+00 -8.93073239e-04  3.36009715e-01  5.11780798e-02  9.82379209e+01  3.64274106e+00  9.41654745e+04 -1.83136876e-01 
 6.20000000e-01  3.13000000e+03  1.85000000e+00 -8.95339163e-04  3.36009715e-01  5.11780798e-02  9.82379209e+01  3.64274106e+00  9.41654745e+04 -1.83136876e-01 
 6.30000000e-01  3.13000000e+03  1.85000000e+00 -8.97535320e-04  3.36009715e-01  5.11780798e-02  9.82379209e+01  3.64274106e+00  9.41654745e+04 -1.83136876e-01 
 6.40000000e-01  3.13000000e+03  1.85000000e+00 -8.99665856e-04  3.36009715e-01  5.11780798e-02  9.82379209e+01  3.64274106e+00  9.41654745e+04 -1.83136876e-01 
 6.50000000e-01  3.13000000e+03  1.85000000e+00 -9.01734594e-04  3.36009715e-01  5.11780798e-02  9.82379209e+01  3.64274106e+00  9.41654745e+04 -1.83136876e-01 
 6.60000000e-01  3.13000000e+03  1.85000000e+00 -9.03745065e-04  3.36009715e-01  5.11780798e-02  9.82379209e+01  3.64274106e+00  9.41654745e+04 -1.83136876e-01 
 6.70000000e-01  3.13000000e+03  1.85000000e+00 -9.05700537e-04  3.36009715e-01  5.11780798e-02  9.82379209e+01  3.64274106e+00  9.41654745e+04 -1.83136876e-01 
 6.80000000e-01  3.13000000e+03  1.85000000e+00 -9.07604036e-04  3.36009715e-01  5.11780798e-02  9.82379209e+01  3.64274106e+00  9.41654745e+04 -1.83136876e-01 
 6.90000000e-01  3.13000000e+03  1.85000000e+00 -9.09458366e-04  3.36009715e-01  5.11780798e-02  9.82379209e+01  3.64274106e+00  9.41654745e+04 -1.83136876e-01 
 7.00000000e-01  3.13000000e+03  1.85000000e+00 -9.11266134e-04  3.36009715e-01  5.11780798e-02  9.82379209e+01  3.64274106e+00  9.41654745e+04 -1.83136876e-01 
 7.10000000e-01  3.13000000e+03  1.85000000e+00 -9.13029760e-04  3.36009715e-01  5.11780798e-02  9.82379209e+01  3.64274106e+00  9.41654745e+04 -1.83136876e-01 
 7.20000000e-01  3.13000000e+03  1.85000000e+00 -9.14751500e-04  3.36009715e-01  5.11780798e-02  9.82379209e+01  3.64274106e+00  9.41654745e+04 -1.83136876e-01 
 7.30000000e-01  3.13000000e+03  1.85000000e+00 -9.16433453e-04  3.36009715e-01  5.11780798e-02  9.82379209e+01  3.64274106e+00  9.41654745e+04 -1.83136876e-01 
 7.40000000e-01  3.13000000e+03  1.85000000e+00 -9.18077581e-04  3.36009715e-01  5.11780798e-02  9.82379209e+01  3.64274106e+00  9.41654745e+04 -1.83136876e-01 
 7.50000000e-01  3.13000000e+03  1.85000000e+00 -9.19685712e-04  3.36009715e-01  5.11780798e-02  9.82379209e+01  3.64274106e+00  9.41654745e+04 -1.83136876e-01 
 7.60000000e-01  3.13000000e+03  1.85000000e+00 -9.21259560e-04  3.36009715e-01  5.11780798e-02  9.82379209e+01  3.64274106e+00  9.41654745e+04 -1.83136876e-01 
 7.70000000e-01  3.13000000e+03  1.85000000e+00 -9.22800725e-04  3.36009715e-01  5.11780798e-02  9.82379209e+01  3.64274106e+00  9.41654745e+04 -1.83136876e-01 
 7.80000000e-01  3.13000000e+03  1.85000000e+00 -9.24310709e-04  3.36009715e-01  5.11780798e-02  9.82379209e+01  3.64274106e+00  9.41654745e+04 -1.83136876e-01 
 7.90000000e-01  3.13000000e+03  1.85000000e+00 -9.25790921e-04  3.36009715e-01  5.11780798e-02  9.82379209e+01  3.64274106e+00  9.41654745e+04 -1.83136876e-01 
 8.00000000e-01  3.13000000e+03  1.85000000e+00 -9.27242683e-04  3.36009715e-01  5.11780798e-02  9.82379209e+01  3.64274106e+00  9.41654745e+04 -1.83136876e-01 
 8.10000000e-01  3.13000000e+03  1.85000000e+00 -9.28667236e-04  3.36009715e-01  5.11780798e-02  9.82379209e+01  3.64274106e+00  9.41654745e+04 -1.83136876e-01 
 8.20000000e-01  3.13000000e+03  1.85000000e+00 -9.30065751e-04  3.36009715e-01  5.11780798e-02  9.82379209e+01  3.64274106e+00  9.41654745e+04 -1.83136876e-01 
 8.30000000e-01  3.13000000e+03  1.85000000e+00 -9.31439328e-04  3.36009715e-01  5.11780798e-02  9.82379209e+01  3.64274106e+00  9.41654745e+04 -1.83136876e-01 
 8.40000000e-01  3.13000000e+03  1.85000000e+00 -9.32789004e-04  3.36009715e-01  5.11780798e-02  9.82379209e+01  3.64274106e+00  9.41654745e+04 -1.83136876e-01 
 8.50000000e-01  3.13000000e+03  1.85000000e+00 -9.34115758e-04  3.36009715e-01  5.11780798e-02  9.82379209e+01  3.64274106e+00  9.41654745e+04 -1.83136876e-01 
 8.60000000e-01  3.13000000e+03  1.85000000e+00 -9.35420514e-04  3.36009715e-01  5.11780798e-02  9.82379209e+01  3.64274106e+00  9.41654745e+04 -1.83136876e-01 
 8.70000000e-01  3.13000000e+03  1.85000000e+00 -9.36704145e-04  3.36009715e-01  5.11780798e-02  9.82379209e+01  3.64274106e+00  9.41654745e+04 -1.83136876e-01 
 8.80000000e-01  3.13000000e+03  1.85000000e+00 -9.37967477e-04  3.36009715e-01  5.11780798e-02  9.82379209e+01  3.64274106e+00  9.41654745e+04 -1.83136876e-01 
 8.90000000e-01  3.13000000e+03  1.85000000e+00 -9.39211291e-04  3.36009715e-01  5.11780798e-02  9.82379209e+01  3.64274106e+00  9.41654745e+04 -1.83136876e-01 
 9.00000000e-01  3.13000000e+03  1.85000000e+00 -9.40436327e-04  3.36009715e-01  5.11780798e-02  9.82379209e+01  3.64274106e+00  9.41654745e+04 -1.83136876e-01 
 9.10000000e-01  3.13000000e+03  1.85000000e+00 -9.41643289e-04  3.36009715e-01  5.11780798e-02  9.82379209e+01  3.64274106e+00  9.41654745e+04 -1.83136876e-01 
 9.20000000e-01  3.13000000e+03  1.85000000e+00 -9.42832839e-04  3.36009715e-01  5.11780798e-02  9.82379209e+01  3.64274106e+00  9.41654745e+04 -1.83136876e-01 
 9.30000000e-01  3.13000000e+03  1.85000000e+00 -9.44005612e-04  3.36009715e-01  5.11780798e-02  9.82379209e+01  3.64274106e+00  9.41654745e+04 -1.83136876e-01 
 9.40000000e-01  3.13000000e+03  1.85000000e+00 -9.45162207e-04  3.36009715e-01  5.11780798e-02  9.82379209e+01  3.64274106e+00  9.41654745e+04 -1.83136876e-01 
 9.50000000e-01  3.13000000e+03  1.85000000e+00 -9.46303195e-04  3.36009715e-01  5.11780798e-02  9.82379209e+01  3.64274106e+00  9.41654745e+04 -1.83136876e-01 
 9.60000000e-01  3.13000000e+03  1.85000000e+00 -9.47429119e-04  3.36009715e-01  5.11780798e-02  9.82379209e+01  3.64274106e+00  9.41654745e+04 -1.83136876e-01 
 9.70000000e-01  3.13000000e+03  1.85000000e+00 -9.48540495e-04  3.36009715e-01  5.11780798e-02  9.82379209e+01  3.64274106e+00  9.41654745e+04 -1.83136876e-01 
 9.80000000e-01  3.13000000e+03  1.85000000e+00 -9.49637817e-04  3.36009715e-01  5.11780798e-02  9.82379209e+01  3.64274106e+00  9.41654745e+04 -1.83136876e-01 
 9.90000000e-01  3.13000000e+03  1.85000000e+00 -9.50721553e-04  3.36009715e-01  5.11780798e-02  9.82379209e+01  3.64274106e+00  9.41654745e+04 -1.83136876e-01 
 1.00000000e+00  3.13000000e+03  1.85000000e+00 -9.51792151e-04  3.36009715e-01  5.11780798e-02  9.82379209e+01  3.64274106e+00  9.41654745e+04 -1.83136876e-01 
 1.01000000e+00  3.13000000e+03  1.85000000e+00 -9.52850038e-04  3.36009715e-01  5.11780798e-02  9.82379209e+01  3.64274106e+00  9.41654745e+04 -1.83136876e-01 
 1.02000000e+00  3.13000000e+03  1.85000000e+00 -9.53895622e-04  3.36009715e-01  5.11780798e-02  9.82379209e+01  3.64274106e+00  9.41654745e+04 -1.83136876e-01 
 1.03000000e+00  3.13000000e+03  1.85000000e+00 -9.54929292e-04  3.36009715e-01  5.11780798e-02  9.82379209e+01  3.64274106e+00  9.41654745e+04 -1.83136876e-01 
 1.04000000e+00  3.13000000e+03  1.85000000e+00 -9.55951422e-04  3.36009715e-01  5.11780798e-02  9.82379209e+01  3.64274106e+00  9.41654745e+04 -1.83136876e-01 
 1.05000000e+00  3.13000000e+03  1.85000000e+00 -9.56962367e-04  3.36009715e-01  5.11780798e-02  9.82379209e+01  3.64274106e+00  9.41654745e+04 -1.83136876e-01 
 1.06000000e+00  3.13000000e+03  1.85000000e+00 -9.57962469e-04  3.36009715e-01  5.11780798e-02  9.82379209e+01  3.64274106e+00  9.41654745e+04 -1.83136876e-01 
 1.07000000e+00  3.13000000e+03  1.85000000e+00 -9.58952053e-04  3.36009715e-01  5.11780798e-02  9.82379209e+01  3.64274106e+00  9.41654745e+04 -1.83136876e-01 
 1.08000000e+00  3.13000000e+03  1.85000000e+00 -9.59931434e-04  3.36009715e-01  5.11780798e-02  9.82379209e+01  3.64274106e+00  9.41654745e+04 -1.83136876e-01 
 1.09000000e+00  3.13000000e+03  1.85000000e+00 -9.60900911e-04  3.36009715e-01  5.11780798e-02  9.82379209e+01  3.64274106e+00  9.41654745e+04 -1.83136876e-01 
 1.10000000e+00  3.13000000e+03  1.85000000e+00 -9.61860770e-04  3.36009715e-01  5.11780798e-02  9.82379209e+01  3.64274106e+00  9.41654745e+04 -1.83136876e-01 
 1.11000000e+00  3.13000000e+03  1.85000000e+00 -9.62811289e-04  3.36009715e-01  5.11780798e-02  9.82379209e+01  3.64274106e+00  9.41654745e+04 -1.83136876e-01 
 1.12000000e+00  3.13000000e+03  1.85000000e+00 -9.63752732e-04  3.36009715e-01  5.11780798e-02  9.82379209e+01  3.64274106e+00  9.41654745e+04 -1.83136876e-01 
 1.13000000e+00  3.13000000e+03  1.85000000e+00 -9.64685354e-04  3.36009715e-01  5.11780798e-02  9.82379209e+01  3.64274106e+00  9.41654745e+04 -1.83136876e-01 
 1.14000000e+00  3.13000000e+03  1.85000000e+00 -9.65609398e-04  3.36009715e-01  5.11780798e-02  9.82379209e+01  3.64274106e+00  9.41654745e+04 -1.83136876e-01 
 1.15000000e+00  3.13000000e+03  1.85000000e+00 -9.66525100e-04  3.36009715e-01  5.11780798e-02  9.82379209e+01  3.64274106e+00  9.41654745e+04 -1.83136876e-01 
 1.16000000e+00  3.13000000e+03  1.85000000e+00 -9.67432685e-04  3.36009715e-01  5.11780798e-02  9.82379209e+01  3.64274106e+00  9.41654745e+04 -1.83136876e-01 
 1.17000000e+00  3.13000000e+03  1.85000000e+00 -9.68332371e-04  3.36009715e-01  5.11780798e-02  9.82379209e+01  3.64274106e+00  9.41654745e+04 -1.83136876e-01 
 1.18000000e+00  3.13000000e+03  1.85000000e+00 -9.69224367e-04  3.36009715e-01  5.11780798e-02  9.82379209e+01  3.64274106e+00  9.41654745e+04 -1.83136876e-01 
 1.19000000e+00  3.13000000e+03  1.85000000e+00 -9.70108875e-04  3.36009715e-01  5.11780798e-02  9.82379209e+01  3.64274106e+00  9.41654745e+04 -1.83136876e-01 
 1.20000000e+00  3.13000000e+03  1.85000000e+00 -9.70986088e-04  3.36009715e-01  5.11780798e-02  9.82379209e+01  3.64274106e+00  9.41654745e+04 -1.83136876e-01 
 1.21000000e+00  3.13000000e+03  1.85000000e+00 -9.71856192e-04  3.36009715e-01  5.11780798e-02  9.82379209e+01  3.64274106e+00  9.41654745e+04 -1.83136876e-01 
 1.22000000e+00  3.13000000e+03  1.85000000e+00 -9.72719370e-04  3.36009715e-01  5.11780798e-02  9.82379209e+01  3.64274106e+00  9.41654745e+04 -1.83136876e-01 
 1.23000000e+00  3.13000000e+03  1.85000000e+00 -9.73575793e-04  3.36009715e-01  5.11780798e-02  9.82379209e+01  3.64274106e+00  9.41654745e+04 -1.83136876e-01 
 1.24000000e+00  3.13000000e+03  1.85000000e+00 -9.74425630e-04  3.36009715e-01  5.11780798e-02  9.82379209e+01  3.64274106e+00  9.41654745e+04 -1.83136876e-01 
 1.25000000e+00  3.13000000e+03  1.85000000e+00 -9.75269043e-04  3.36009715e-01  5.11780798e-02  9.82379209e+01  3.64274106e+00  9.41654745e+04 -1.83136876e-01 
 1.26000000e+00  3.13000000e+03  1.85000000e+00 -9.76106187e-04  3.36009715e-01  5.11780798e-02  9.82379209e+01  3.64274106e+00  9.41654745e+04 -1.83136876e-01 
 1.27000000e+00  3.13000000e+03  1.85000000e+00 -9.76937214e-04  3.36009715e-01  5.11780798e-02  9.82379209e+01  3.64274106e+00  9.41654745e+04 -1.83136876e-01 
 1.28000000e+00  3.13000000e+03  1.85000000e+00 -9.77762269e-04  3.36009715e-01  5.11780798e-02  9.82379209e+01  3.64274106e+00  9.41654745e+04 -1.83136876e-01 
 1.29000000e+00  3.13000000e+03  1.85000000e+00 -9.78581493e-04  3.36009715e-01  5.11780798e-02  9.82379209e+01  3.64274106e+00  9.41654745e+04 -1.83136876e-01 
 1.30000000e+00  3.13000000e+03  1.85000000e+00 -9.79395023e-04  3.36009715e-01  5.11780798e-02  9.82379209e+01  3.64274106e+00  9.41654745e+04 -1.83136876e-01 
 1.31000000e+00  3.13000000e+03  1.85000000e+00 -9.80202990e-04  3.36009715e-01  5.11780798e-02  9.82379209e+01  3.64274106e+00  9.41654745e+04 -1.83136876e-01 
 1.32000000e+00  3.13000000e+03  1.85000000e+00 -9.81005521e-04  3.36009715e-01  5.11780798e-02  9.82379209e+01  3.64274106e+00  9.41654745e+04 -1.83136876e-01 
 1.33000000e+00  3.13000000e+03  1.85000000e+00 -9.81802739e-04  3.36009715e-01  5.11780798e-02  9.82379209e+01  3.64274106e+00  9.41654745e+04 -1.83136876e-01 
 1.34000000e+00  3.13000000e+03  1.85000000e+00 -9.82594765e-04  3.36009715e-01  5.11780798e-02  9.82379209e+01  3.64274106e+00  9.41654745e+04 -1.83136876e-01 
 1.35000000e+00  3.13000000e+03  1.85000000e+00 -9.83381714e-04  3.36009715e-01  5.11780798e-02  9.82379209e+01  3.64274106e+00  9.41654745e+04 -1.83136876e-01 
 1.36000000e+00  3.13000000e+03  1.85000000e+00 -9.84163697e-04  3.36009715e-01  5.11780798e-02  9.82379209e+01  3.64274106e+00  9.41654745e+04 -1.83136876e-01 
 1.37000000e+00  3.13000000e+03  1.85000000e+00 -9.84940823e-04  3.36009715e-01  5.11780798e-02  9.82379209e+01  3.64274106e+00  9.41654745e+04 -1.83136876e-01 
 1.38000000e+00  3.13000000e+03  1.85000000e+00 -9.85713199e-04  3.36009715e-01  5.11780798e-02  9.82379209e+01  3.64274106e+00  9.41654745e+04 -1.83136876e-01 
 1.39000000e+00  3.13000000e+03  1.85000000e+00 -9.86480924e-04  3.36009715e-01  5.11780798e-02  9.82379209e+01  3.64274106e+00  9.41654745e+04 -1.83136876e-01 
 1.40000000e+00  3.13000000e+03  1.85000000e+00 -9.87244100e-04  3.36009715e-01  5.11780798e-02  9.82379209e+01  3.64274106e+00  9.41654745e+04 -1.83136876e-01 
 1.41000000e+00  3.13000000e+03  1.85000000e+00 -9.88002821e-04  3.36009715e-01  5.11780798e-02  9.82379209e+01  3.64274106e+00  9.41654745e+04 -1.83136876e-01 
 1.42000000e+00  3.13000000e+03  1.85000000e+00 -9.88757182e-04  3.36009715e-01  5.11780798e-02  9.82379209e+01  3.64274106e+00  9.41654745e+04 -1.83136876e-01 
 1.43000000e+00  3.13000000e+03  1.85000000e+00 -9.89507273e-04  3.36009715e-01  5.11780798e-02  9.82379209e+01  3.64274106e+00  9.41654745e+04 -1.83136876e-01 
 1.44000000e+00  3.13000000e+03  1.85000000e+00 -9.90253182e-04  3.36009715e-01  5.11780798e-02  9.82379209e+01  3.64274106e+00  9.41654745e+04 -1.83136876e-01 
 1.45000000e+00  3.13000000e+03  1.85000000e+00 -9.90994995e-04  3.36009715e-01  5.11780798e-02  9.82379209e+01  3.64274106e+00  9.41654745e+04 -1.83136876e-01 
 1.46000000e+00  3.13000000e+03  1.85000000e+00 -9.91732796e-04  3.36009715e-01  5.11780798e-02  9.82379209e+01  3.64274106e+00  9.41654745e+04 -1.83136876e-01 
 1.47000000e+00  3.13000000e+03  1.85000000e+00 -9.92466665e-04  3.36009715e-01  5.11780798e-02  9.82379209e+01  3.64274106e+00  9.41654745e+04 -1.83136876e-01 
 1.48000000e+00  3.13000000e+03  1.85000000e+00 -9.93196682e-04  3.36009715e-01  5.11780798e-02  9.82379209e+01  3.64274106e+00  9.41654745e+04 -1.83136876e-01 
 1.49000000e+00  3.13000000e+03  1.85000000e+00 -9.93922925e-04  3.36009715e-01  5.11780798e-02  9.82379209e+01  3.64274106e+00  9.41654745e+04 -1.83136876e-01 
 1.50000000e+00  3.13000000e+03  1.85000000e+00 -9.94645468e-04  3.36009715e-01  5.11780798e-02  9.82379209e+01  3.64274106e+00  9.41654745e+04 -1.83136876e-01 
 1.51000000e+00  3.13000000e+03  1.85000000e+00 -9.95364386e-04  3.36009715e-01  5.11780798e-02  9.82379209e+01  3.64274106e+00  9.41654745e+04 -1.83136876e-01 
 1.52000000e+00  3.13000000e+03  1.85000000e+00 -9.96079750e-04  3.36009715e-01  5.11780798e-02  9.82379209e+01  3.64274106e+00  9.41654745e+04 -1.83136876e-01 
 1.53000000e+00  3.13000000e+03  1.85000000e+00 -9.96791630e-04  3.36009715e-01  5.11780798e-02  9.82379209e+01  3.64274106e+00  9.41654745e+04 -1.83136876e-01 
 1.54000000e+00  3.13000000e+03  1.85000000e+00 -9.97500096e-04  3.36009715e-01  5.11780798e-02  9.82379209e+01  3.64274106e+00  9.41654745e+04 -1.83136876e-01 
 1.55000000e+00  3.13000000e+03  1.85000000e+00 -9.98205216e-04  3.36009715e-01  5.11780798e-02  9.82379209e+01  3.64274106e+00  9.41654745e+04 -1.83136876e-01 
 1.56000000e+00  3.13000000e+03  1.85000000e+00 -9.98907056e-04  3.36009715e-01  5.11780798e-02  9.82379209e+01  3.64274106e+00  9.41654745e+04 -1.83136876e-01 
 1.57000000e+00  3.13000000e+03  1.85000000e+00 -9.99605681e-04  3.36009715e-01  5.11780798e-02  9.82379209e+01  3.64274106e+00  9.41654745e+04 -1.83136876e-01 
 1.58000000e+00  3.13000000e+03  1.85000000e+00 -1.00030116e-03  3.36009715e-01  5.11780798e-02  9.82379209e+01  3.64274106e+00  9.41654745e+04 -1.83136876e-01 
 1.59000000e+00  3.13000000e+03  1.85000000e+00 -1.00099355e-03  3.36009715e-01  5.11780798e-02  9.82379209e+01  3.64274106e+00  9.41654745e+04 -1.83136876e-01 
 1.60000000e+00  3.13000000e+03  1.85000000e+00 -1.00168291e-03  3.36009715e-01  5.11780798e-02  9.82379209e+01  3.64274106e+00  9.41654745e+04 -1.83136876e-01 
 1.61000000e+00  3.13000000e+03  1.85000000e+00 -1.00236932e-03  3.36009715e-01  5.11780798e-02  9.82379209e+01  3.64274106e+00  9.41654745e+04 -1.83136876e-01 
 1.62000000e+00  3.13000000e+03  1.85000000e+00 -1.00305283e-03  3.36009715e-01  5.11780798e-02  9.82379209e+01  3.64274106e+00  9.41654745e+04 -1.83136876e-01 
 1.63000000e+00  3.13000000e+03  1.85000000e+00 -1.00373350e-03  3.36009715e-01  5.11780798e-02  9.82379209e+01  3.64274106e+00  9.41654745e+04 -1.83136876e-01 
 1.64000000e+00  3.13000000e+03  1.85000000e+00 -1.00441140e-03  3.36009715e-01  5.11780798e-02  9.82379209e+01  3.64274106e+00  9.41654745e+04 -1.83136876e-01 
 1.65000000e+00  3.13000000e+03  1.85000000e+00 -1.00508658e-03  3.36009715e-01  5.11780798e-02  9.82379209e+01  3.64274106e+00  9.41654745e+04 -1.83136876e-01 
 1.66000000e+00  3.13000000e+03  1.85000000e+00 -1.00575912e-03  3.36009715e-01  5.11780798e-02  9.82379209e+01  3.64274106e+00  9.41654745e+04 -1.83136876e-01 
 1.67000000e+00  3.13000000e+03  1.85000000e+00 -1.00642907e-03  3.36009715e-01  5.11780798e-02  9.82379209e+01  3.64274106e+00  9.41654745e+04 -1.83136876e-01 
 1.68000000e+00  3.13000000e+03  1.85000000e+00 -1.00709649e-03  3.36009715e-01  5.11780798e-02  9.82379209e+01  3.64274106e+00  9.41654745e+04 -1.83136876e-01 
 1.69000000e+00  3.13000000e+03  1.85000000e+00 -1.00776145e-03  3.36009715e-01  5.11780798e-02  9.82379209e+01  3.64274106e+00  9.41654745e+04 -1.83136876e-01 
 1.70000000e+00  3.13000000e+03  1.85000000e+00 -1.00842403e-03  3.36009715e-01  5.11780798e-02  9.82379209e+01  3.64274106e+00  9.41654745e+04 -1.83136876e-01 
 1.71000000e+00  3.13000000e+03  1.85000000e+00 -1.00908427e-03  3.36009715e-01  5.11780798e-02  9.82379209e+01  3.64274106e+00  9.41654745e+04 -1.83136876e-01 
 1.72000000e+00  3.13000000e+03  1.85000000e+00 -1.00974225e-03  3.36009715e-01  5.11780798e-02  9.82379209e+01  3.64274106e+00  9.41654745e+04 -1.83136876e-01 
 1.73000000e+00  3.13000000e+03  1.85000000e+00 -1.01039805e-03  3.36009715e-01  5.11780798e-02  9.82379209e+01  3.64274106e+00  9.41654745e+04 -1.83136876e-01 
 1.74000000e+00  3.13000000e+03  1.85000000e+00 -1.01105173e-03  3.36009715e-01  5.11780798e-02  9.82379209e+01  3.64274106e+00  9.41654745e+04 -1.83136876e-01 
 1.75000000e+00  3.13000000e+03  1.85000000e+00 -1.01170336e-03  3.36009715e-01  5.11780798e-02  9.82379209e+01  3.64274106e+00  9.41654745e+04 -1.83136876e-01 
 1.76000000e+00  3.13000000e+03  1.85000000e+00 -1.01235303e-03  3.36009715e-01  5.11780798e-02  9.82379209e+01  3.64274106e+00  9.41654745e+04 -1.83136876e-01 
 1.77000000e+00  3.13000000e+03  1.85000000e+00 -1.01300082e-03  3.36009715e-01  5.11780798e-02  9.82379209e+01  3.64274106e+00  9.41654745e+04 -1.83136876e-01 
 1.78000000e+00  3.13000000e+03  1.85000000e+00 -1.01364680e-03  3.36009715e-01  5.11780798e-02  9.82379209e+01  3.64274106e+00  9.41654745e+04 -1.83136876e-01 
 1.79000000e+00  3.13000000e+03  1.85000000e+00 -1.01429108e-03  3.36009715e-01  5.11780798e-02  9.82379209e+01  3.64274106e+00  9.41654745e+04 -1.83136876e-01 
 1.80000000e+00  3.13000000e+03  1.85000000e+00 -1.01493373e-03  3.36009715e-01  5.11780798e-02  9.82379209e+01  3.64274106e+00  9.41654745e+04 -1.83136876e-01 
 1.81000000e+00  3.13000000e+03  1.85000000e+00 -1.01557485e-03  3.36009715e-01  5.11780798e-02  9.82379209e+01  3.64274106e+00  9.41654745e+04 -1.83136876e-01 
 1.82000000e+00  3.13000000e+03  1.85000000e+00 -1.01621455e-03  3.36009715e-01  5.11780798e-02  9.82379209e+01  3.64274106e+00  9.41654745e+04 -1.83136876e-01 
 1.83000000e+00  3.13000000e+03  1.85000000e+00 -1.01685293e-03  3.36009715e-01  5.11780798e-02  9.82379209e+01  3.64274106e+00  9.41654745e+04 -1.83136876e-01 
 1.84000000e+00  3.13000000e+03  1.85000000e+00 -1.01749010e-03  3.36009715e-01  5.11780798e-02  9.82379209e+01  3.64274106e+00  9.41654745e+04 -1.83136876e-01 
 1.85000000e+00  3.13000000e+03  1.85000000e+00 -1.01812618e-03  3.36009715e-01  5.11780798e-02  9.82379209e+01  3.64274106e+00  9.41654745e+04 -1.83136876e-01 
