 v-sweep         run_num         v(gate)         i(vds)          out_vth0        out_u0          out_rdsw        out_nfactor     out_vsat        out_eta0       
 0.00000000e+00  8.49400000e+03  1.85000000e+00 -1.87316987e-43  3.63783018e-01  5.83470464e-02  1.01100095e+02  5.72952017e+00  1.07793924e+05 -1.89564345e-01 
 1.00000000e-02  8.49400000e+03  1.85000000e+00 -4.03883880e-05  3.63783018e-01  5.83470464e-02  1.01100095e+02  5.72952017e+00  1.07793924e+05 -1.89564345e-01 
 2.00000000e-02  8.49400000e+03  1.85000000e+00 -7.99225522e-05  3.63783018e-01  5.83470464e-02  1.01100095e+02  5.72952017e+00  1.07793924e+05 -1.89564345e-01 
 3.00000000e-02  8.49400000e+03  1.85000000e+00 -1.18587963e-04  3.63783018e-01  5.83470464e-02  1.01100095e+02  5.72952017e+00  1.07793924e+05 -1.89564345e-01 
 4.00000000e-02  8.49400000e+03  1.85000000e+00 -1.56370812e-04  3.63783018e-01  5.83470464e-02  1.01100095e+02  5.72952017e+00  1.07793924e+05 -1.89564345e-01 
 5.00000000e-02  8.49400000e+03  1.85000000e+00 -1.93257488e-04  3.63783018e-01  5.83470464e-02  1.01100095e+02  5.72952017e+00  1.07793924e+05 -1.89564345e-01 
 6.00000000e-02  8.49400000e+03  1.85000000e+00 -2.29234168e-04  3.63783018e-01  5.83470464e-02  1.01100095e+02  5.72952017e+00  1.07793924e+05 -1.89564345e-01 
 7.00000000e-02  8.49400000e+03  1.85000000e+00 -2.64286509e-04  3.63783018e-01  5.83470464e-02  1.01100095e+02  5.72952017e+00  1.07793924e+05 -1.89564345e-01 
 8.00000000e-02  8.49400000e+03  1.85000000e+00 -2.98399427e-04  3.63783018e-01  5.83470464e-02  1.01100095e+02  5.72952017e+00  1.07793924e+05 -1.89564345e-01 
 9.00000000e-02  8.49400000e+03  1.85000000e+00 -3.31556974e-04  3.63783018e-01  5.83470464e-02  1.01100095e+02  5.72952017e+00  1.07793924e+05 -1.89564345e-01 
 1.00000000e-01  8.49400000e+03  1.85000000e+00 -3.63742300e-04  3.63783018e-01  5.83470464e-02  1.01100095e+02  5.72952017e+00  1.07793924e+05 -1.89564345e-01 
 1.10000000e-01  8.49400000e+03  1.85000000e+00 -3.94937733e-04  3.63783018e-01  5.83470464e-02  1.01100095e+02  5.72952017e+00  1.07793924e+05 -1.89564345e-01 
 1.20000000e-01  8.49400000e+03  1.85000000e+00 -4.25124966e-04  3.63783018e-01  5.83470464e-02  1.01100095e+02  5.72952017e+00  1.07793924e+05 -1.89564345e-01 
 1.30000000e-01  8.49400000e+03  1.85000000e+00 -4.54285383e-04  3.63783018e-01  5.83470464e-02  1.01100095e+02  5.72952017e+00  1.07793924e+05 -1.89564345e-01 
 1.40000000e-01  8.49400000e+03  1.85000000e+00 -4.82400517e-04  3.63783018e-01  5.83470464e-02  1.01100095e+02  5.72952017e+00  1.07793924e+05 -1.89564345e-01 
 1.50000000e-01  8.49400000e+03  1.85000000e+00 -5.09452662e-04  3.63783018e-01  5.83470464e-02  1.01100095e+02  5.72952017e+00  1.07793924e+05 -1.89564345e-01 
 1.60000000e-01  8.49400000e+03  1.85000000e+00 -5.35425606e-04  3.63783018e-01  5.83470464e-02  1.01100095e+02  5.72952017e+00  1.07793924e+05 -1.89564345e-01 
 1.70000000e-01  8.49400000e+03  1.85000000e+00 -5.60305498e-04  3.63783018e-01  5.83470464e-02  1.01100095e+02  5.72952017e+00  1.07793924e+05 -1.89564345e-01 
 1.80000000e-01  8.49400000e+03  1.85000000e+00 -5.84081770e-04  3.63783018e-01  5.83470464e-02  1.01100095e+02  5.72952017e+00  1.07793924e+05 -1.89564345e-01 
 1.90000000e-01  8.49400000e+03  1.85000000e+00 -6.06748096e-04  3.63783018e-01  5.83470464e-02  1.01100095e+02  5.72952017e+00  1.07793924e+05 -1.89564345e-01 
 2.00000000e-01  8.49400000e+03  1.85000000e+00 -6.28303289e-04  3.63783018e-01  5.83470464e-02  1.01100095e+02  5.72952017e+00  1.07793924e+05 -1.89564345e-01 
 2.10000000e-01  8.49400000e+03  1.85000000e+00 -6.48752066e-04  3.63783018e-01  5.83470464e-02  1.01100095e+02  5.72952017e+00  1.07793924e+05 -1.89564345e-01 
 2.20000000e-01  8.49400000e+03  1.85000000e+00 -6.68105607e-04  3.63783018e-01  5.83470464e-02  1.01100095e+02  5.72952017e+00  1.07793924e+05 -1.89564345e-01 
 2.30000000e-01  8.49400000e+03  1.85000000e+00 -6.86381840e-04  3.63783018e-01  5.83470464e-02  1.01100095e+02  5.72952017e+00  1.07793924e+05 -1.89564345e-01 
 2.40000000e-01  8.49400000e+03  1.85000000e+00 -7.03605407e-04  3.63783018e-01  5.83470464e-02  1.01100095e+02  5.72952017e+00  1.07793924e+05 -1.89564345e-01 
 2.50000000e-01  8.49400000e+03  1.85000000e+00 -7.19807317e-04  3.63783018e-01  5.83470464e-02  1.01100095e+02  5.72952017e+00  1.07793924e+05 -1.89564345e-01 
 2.60000000e-01  8.49400000e+03  1.85000000e+00 -7.35024298e-04  3.63783018e-01  5.83470464e-02  1.01100095e+02  5.72952017e+00  1.07793924e+05 -1.89564345e-01 
 2.70000000e-01  8.49400000e+03  1.85000000e+00 -7.49297926e-04  3.63783018e-01  5.83470464e-02  1.01100095e+02  5.72952017e+00  1.07793924e+05 -1.89564345e-01 
 2.80000000e-01  8.49400000e+03  1.85000000e+00 -7.62673582e-04  3.63783018e-01  5.83470464e-02  1.01100095e+02  5.72952017e+00  1.07793924e+05 -1.89564345e-01 
 2.90000000e-01  8.49400000e+03  1.85000000e+00 -7.75199343e-04  3.63783018e-01  5.83470464e-02  1.01100095e+02  5.72952017e+00  1.07793924e+05 -1.89564345e-01 
 3.00000000e-01  8.49400000e+03  1.85000000e+00 -7.86924882e-04  3.63783018e-01  5.83470464e-02  1.01100095e+02  5.72952017e+00  1.07793924e+05 -1.89564345e-01 
 3.10000000e-01  8.49400000e+03  1.85000000e+00 -7.97900432e-04  3.63783018e-01  5.83470464e-02  1.01100095e+02  5.72952017e+00  1.07793924e+05 -1.89564345e-01 
 3.20000000e-01  8.49400000e+03  1.85000000e+00 -8.08175882e-04  3.63783018e-01  5.83470464e-02  1.01100095e+02  5.72952017e+00  1.07793924e+05 -1.89564345e-01 
 3.30000000e-01  8.49400000e+03  1.85000000e+00 -8.17800011e-04  3.63783018e-01  5.83470464e-02  1.01100095e+02  5.72952017e+00  1.07793924e+05 -1.89564345e-01 
 3.40000000e-01  8.49400000e+03  1.85000000e+00 -8.26819899e-04  3.63783018e-01  5.83470464e-02  1.01100095e+02  5.72952017e+00  1.07793924e+05 -1.89564345e-01 
 3.50000000e-01  8.49400000e+03  1.85000000e+00 -8.35280471e-04  3.63783018e-01  5.83470464e-02  1.01100095e+02  5.72952017e+00  1.07793924e+05 -1.89564345e-01 
 3.60000000e-01  8.49400000e+03  1.85000000e+00 -8.43224209e-04  3.63783018e-01  5.83470464e-02  1.01100095e+02  5.72952017e+00  1.07793924e+05 -1.89564345e-01 
 3.70000000e-01  8.49400000e+03  1.85000000e+00 -8.50690960e-04  3.63783018e-01  5.83470464e-02  1.01100095e+02  5.72952017e+00  1.07793924e+05 -1.89564345e-01 
 3.80000000e-01  8.49400000e+03  1.85000000e+00 -8.57717869e-04  3.63783018e-01  5.83470464e-02  1.01100095e+02  5.72952017e+00  1.07793924e+05 -1.89564345e-01 
 3.90000000e-01  8.49400000e+03  1.85000000e+00 -8.64339376e-04  3.63783018e-01  5.83470464e-02  1.01100095e+02  5.72952017e+00  1.07793924e+05 -1.89564345e-01 
 4.00000000e-01  8.49400000e+03  1.85000000e+00 -8.70587276e-04  3.63783018e-01  5.83470464e-02  1.01100095e+02  5.72952017e+00  1.07793924e+05 -1.89564345e-01 
 4.10000000e-01  8.49400000e+03  1.85000000e+00 -8.76490827e-04  3.63783018e-01  5.83470464e-02  1.01100095e+02  5.72952017e+00  1.07793924e+05 -1.89564345e-01 
 4.20000000e-01  8.49400000e+03  1.85000000e+00 -8.82076878e-04  3.63783018e-01  5.83470464e-02  1.01100095e+02  5.72952017e+00  1.07793924e+05 -1.89564345e-01 
 4.30000000e-01  8.49400000e+03  1.85000000e+00 -8.87370021e-04  3.63783018e-01  5.83470464e-02  1.01100095e+02  5.72952017e+00  1.07793924e+05 -1.89564345e-01 
 4.40000000e-01  8.49400000e+03  1.85000000e+00 -8.92392747e-04  3.63783018e-01  5.83470464e-02  1.01100095e+02  5.72952017e+00  1.07793924e+05 -1.89564345e-01 
 4.50000000e-01  8.49400000e+03  1.85000000e+00 -8.97165609e-04  3.63783018e-01  5.83470464e-02  1.01100095e+02  5.72952017e+00  1.07793924e+05 -1.89564345e-01 
 4.60000000e-01  8.49400000e+03  1.85000000e+00 -9.01707372e-04  3.63783018e-01  5.83470464e-02  1.01100095e+02  5.72952017e+00  1.07793924e+05 -1.89564345e-01 
 4.70000000e-01  8.49400000e+03  1.85000000e+00 -9.06035170e-04  3.63783018e-01  5.83470464e-02  1.01100095e+02  5.72952017e+00  1.07793924e+05 -1.89564345e-01 
 4.80000000e-01  8.49400000e+03  1.85000000e+00 -9.10164647e-04  3.63783018e-01  5.83470464e-02  1.01100095e+02  5.72952017e+00  1.07793924e+05 -1.89564345e-01 
 4.90000000e-01  8.49400000e+03  1.85000000e+00 -9.14110087e-04  3.63783018e-01  5.83470464e-02  1.01100095e+02  5.72952017e+00  1.07793924e+05 -1.89564345e-01 
 5.00000000e-01  8.49400000e+03  1.85000000e+00 -9.17884543e-04  3.63783018e-01  5.83470464e-02  1.01100095e+02  5.72952017e+00  1.07793924e+05 -1.89564345e-01 
 5.10000000e-01  8.49400000e+03  1.85000000e+00 -9.21499948e-04  3.63783018e-01  5.83470464e-02  1.01100095e+02  5.72952017e+00  1.07793924e+05 -1.89564345e-01 
 5.20000000e-01  8.49400000e+03  1.85000000e+00 -9.24967218e-04  3.63783018e-01  5.83470464e-02  1.01100095e+02  5.72952017e+00  1.07793924e+05 -1.89564345e-01 
 5.30000000e-01  8.49400000e+03  1.85000000e+00 -9.28296352e-04  3.63783018e-01  5.83470464e-02  1.01100095e+02  5.72952017e+00  1.07793924e+05 -1.89564345e-01 
 5.40000000e-01  8.49400000e+03  1.85000000e+00 -9.31496511e-04  3.63783018e-01  5.83470464e-02  1.01100095e+02  5.72952017e+00  1.07793924e+05 -1.89564345e-01 
 5.50000000e-01  8.49400000e+03  1.85000000e+00 -9.34576101e-04  3.63783018e-01  5.83470464e-02  1.01100095e+02  5.72952017e+00  1.07793924e+05 -1.89564345e-01 
 5.60000000e-01  8.49400000e+03  1.85000000e+00 -9.37542844e-04  3.63783018e-01  5.83470464e-02  1.01100095e+02  5.72952017e+00  1.07793924e+05 -1.89564345e-01 
 5.70000000e-01  8.49400000e+03  1.85000000e+00 -9.40403838e-04  3.63783018e-01  5.83470464e-02  1.01100095e+02  5.72952017e+00  1.07793924e+05 -1.89564345e-01 
 5.80000000e-01  8.49400000e+03  1.85000000e+00 -9.43165617e-04  3.63783018e-01  5.83470464e-02  1.01100095e+02  5.72952017e+00  1.07793924e+05 -1.89564345e-01 
 5.90000000e-01  8.49400000e+03  1.85000000e+00 -9.45834202e-04  3.63783018e-01  5.83470464e-02  1.01100095e+02  5.72952017e+00  1.07793924e+05 -1.89564345e-01 
 6.00000000e-01  8.49400000e+03  1.85000000e+00 -9.48415150e-04  3.63783018e-01  5.83470464e-02  1.01100095e+02  5.72952017e+00  1.07793924e+05 -1.89564345e-01 
 6.10000000e-01  8.49400000e+03  1.85000000e+00 -9.50913592e-04  3.63783018e-01  5.83470464e-02  1.01100095e+02  5.72952017e+00  1.07793924e+05 -1.89564345e-01 
 6.20000000e-01  8.49400000e+03  1.85000000e+00 -9.53334272e-04  3.63783018e-01  5.83470464e-02  1.01100095e+02  5.72952017e+00  1.07793924e+05 -1.89564345e-01 
 6.30000000e-01  8.49400000e+03  1.85000000e+00 -9.55681585e-04  3.63783018e-01  5.83470464e-02  1.01100095e+02  5.72952017e+00  1.07793924e+05 -1.89564345e-01 
 6.40000000e-01  8.49400000e+03  1.85000000e+00 -9.57959603e-04  3.63783018e-01  5.83470464e-02  1.01100095e+02  5.72952017e+00  1.07793924e+05 -1.89564345e-01 
 6.50000000e-01  8.49400000e+03  1.85000000e+00 -9.60172105e-04  3.63783018e-01  5.83470464e-02  1.01100095e+02  5.72952017e+00  1.07793924e+05 -1.89564345e-01 
 6.60000000e-01  8.49400000e+03  1.85000000e+00 -9.62322601e-04  3.63783018e-01  5.83470464e-02  1.01100095e+02  5.72952017e+00  1.07793924e+05 -1.89564345e-01 
 6.70000000e-01  8.49400000e+03  1.85000000e+00 -9.64414357e-04  3.63783018e-01  5.83470464e-02  1.01100095e+02  5.72952017e+00  1.07793924e+05 -1.89564345e-01 
 6.80000000e-01  8.49400000e+03  1.85000000e+00 -9.66450413e-04  3.63783018e-01  5.83470464e-02  1.01100095e+02  5.72952017e+00  1.07793924e+05 -1.89564345e-01 
 6.90000000e-01  8.49400000e+03  1.85000000e+00 -9.68433602e-04  3.63783018e-01  5.83470464e-02  1.01100095e+02  5.72952017e+00  1.07793924e+05 -1.89564345e-01 
 7.00000000e-01  8.49400000e+03  1.85000000e+00 -9.70366569e-04  3.63783018e-01  5.83470464e-02  1.01100095e+02  5.72952017e+00  1.07793924e+05 -1.89564345e-01 
 7.10000000e-01  8.49400000e+03  1.85000000e+00 -9.72251784e-04  3.63783018e-01  5.83470464e-02  1.01100095e+02  5.72952017e+00  1.07793924e+05 -1.89564345e-01 
 7.20000000e-01  8.49400000e+03  1.85000000e+00 -9.74091557e-04  3.63783018e-01  5.83470464e-02  1.01100095e+02  5.72952017e+00  1.07793924e+05 -1.89564345e-01 
 7.30000000e-01  8.49400000e+03  1.85000000e+00 -9.75888048e-04  3.63783018e-01  5.83470464e-02  1.01100095e+02  5.72952017e+00  1.07793924e+05 -1.89564345e-01 
 7.40000000e-01  8.49400000e+03  1.85000000e+00 -9.77643283e-04  3.63783018e-01  5.83470464e-02  1.01100095e+02  5.72952017e+00  1.07793924e+05 -1.89564345e-01 
 7.50000000e-01  8.49400000e+03  1.85000000e+00 -9.79359162e-04  3.63783018e-01  5.83470464e-02  1.01100095e+02  5.72952017e+00  1.07793924e+05 -1.89564345e-01 
 7.60000000e-01  8.49400000e+03  1.85000000e+00 -9.81037467e-04  3.63783018e-01  5.83470464e-02  1.01100095e+02  5.72952017e+00  1.07793924e+05 -1.89564345e-01 
 7.70000000e-01  8.49400000e+03  1.85000000e+00 -9.82679874e-04  3.63783018e-01  5.83470464e-02  1.01100095e+02  5.72952017e+00  1.07793924e+05 -1.89564345e-01 
 7.80000000e-01  8.49400000e+03  1.85000000e+00 -9.84287958e-04  3.63783018e-01  5.83470464e-02  1.01100095e+02  5.72952017e+00  1.07793924e+05 -1.89564345e-01 
 7.90000000e-01  8.49400000e+03  1.85000000e+00 -9.85863201e-04  3.63783018e-01  5.83470464e-02  1.01100095e+02  5.72952017e+00  1.07793924e+05 -1.89564345e-01 
 8.00000000e-01  8.49400000e+03  1.85000000e+00 -9.87407002e-04  3.63783018e-01  5.83470464e-02  1.01100095e+02  5.72952017e+00  1.07793924e+05 -1.89564345e-01 
 8.10000000e-01  8.49400000e+03  1.85000000e+00 -9.88920678e-04  3.63783018e-01  5.83470464e-02  1.01100095e+02  5.72952017e+00  1.07793924e+05 -1.89564345e-01 
 8.20000000e-01  8.49400000e+03  1.85000000e+00 -9.90405471e-04  3.63783018e-01  5.83470464e-02  1.01100095e+02  5.72952017e+00  1.07793924e+05 -1.89564345e-01 
 8.30000000e-01  8.49400000e+03  1.85000000e+00 -9.91862555e-04  3.63783018e-01  5.83470464e-02  1.01100095e+02  5.72952017e+00  1.07793924e+05 -1.89564345e-01 
 8.40000000e-01  8.49400000e+03  1.85000000e+00 -9.93293041e-04  3.63783018e-01  5.83470464e-02  1.01100095e+02  5.72952017e+00  1.07793924e+05 -1.89564345e-01 
 8.50000000e-01  8.49400000e+03  1.85000000e+00 -9.94697979e-04  3.63783018e-01  5.83470464e-02  1.01100095e+02  5.72952017e+00  1.07793924e+05 -1.89564345e-01 
 8.60000000e-01  8.49400000e+03  1.85000000e+00 -9.96078361e-04  3.63783018e-01  5.83470464e-02  1.01100095e+02  5.72952017e+00  1.07793924e+05 -1.89564345e-01 
 8.70000000e-01  8.49400000e+03  1.85000000e+00 -9.97435130e-04  3.63783018e-01  5.83470464e-02  1.01100095e+02  5.72952017e+00  1.07793924e+05 -1.89564345e-01 
 8.80000000e-01  8.49400000e+03  1.85000000e+00 -9.98769178e-04  3.63783018e-01  5.83470464e-02  1.01100095e+02  5.72952017e+00  1.07793924e+05 -1.89564345e-01 
 8.90000000e-01  8.49400000e+03  1.85000000e+00 -1.00008135e-03  3.63783018e-01  5.83470464e-02  1.01100095e+02  5.72952017e+00  1.07793924e+05 -1.89564345e-01 
 9.00000000e-01  8.49400000e+03  1.85000000e+00 -1.00137246e-03  3.63783018e-01  5.83470464e-02  1.01100095e+02  5.72952017e+00  1.07793924e+05 -1.89564345e-01 
 9.10000000e-01  8.49400000e+03  1.85000000e+00 -1.00264325e-03  3.63783018e-01  5.83470464e-02  1.01100095e+02  5.72952017e+00  1.07793924e+05 -1.89564345e-01 
 9.20000000e-01  8.49400000e+03  1.85000000e+00 -1.00389447e-03  3.63783018e-01  5.83470464e-02  1.01100095e+02  5.72952017e+00  1.07793924e+05 -1.89564345e-01 
 9.30000000e-01  8.49400000e+03  1.85000000e+00 -1.00512680e-03  3.63783018e-01  5.83470464e-02  1.01100095e+02  5.72952017e+00  1.07793924e+05 -1.89564345e-01 
 9.40000000e-01  8.49400000e+03  1.85000000e+00 -1.00634090e-03  3.63783018e-01  5.83470464e-02  1.01100095e+02  5.72952017e+00  1.07793924e+05 -1.89564345e-01 
 9.50000000e-01  8.49400000e+03  1.85000000e+00 -1.00753739e-03  3.63783018e-01  5.83470464e-02  1.01100095e+02  5.72952017e+00  1.07793924e+05 -1.89564345e-01 
 9.60000000e-01  8.49400000e+03  1.85000000e+00 -1.00871688e-03  3.63783018e-01  5.83470464e-02  1.01100095e+02  5.72952017e+00  1.07793924e+05 -1.89564345e-01 
 9.70000000e-01  8.49400000e+03  1.85000000e+00 -1.00987992e-03  3.63783018e-01  5.83470464e-02  1.01100095e+02  5.72952017e+00  1.07793924e+05 -1.89564345e-01 
 9.80000000e-01  8.49400000e+03  1.85000000e+00 -1.01102707e-03  3.63783018e-01  5.83470464e-02  1.01100095e+02  5.72952017e+00  1.07793924e+05 -1.89564345e-01 
 9.90000000e-01  8.49400000e+03  1.85000000e+00 -1.01215884e-03  3.63783018e-01  5.83470464e-02  1.01100095e+02  5.72952017e+00  1.07793924e+05 -1.89564345e-01 
 1.00000000e+00  8.49400000e+03  1.85000000e+00 -1.01327573e-03  3.63783018e-01  5.83470464e-02  1.01100095e+02  5.72952017e+00  1.07793924e+05 -1.89564345e-01 
 1.01000000e+00  8.49400000e+03  1.85000000e+00 -1.01437821e-03  3.63783018e-01  5.83470464e-02  1.01100095e+02  5.72952017e+00  1.07793924e+05 -1.89564345e-01 
 1.02000000e+00  8.49400000e+03  1.85000000e+00 -1.01546674e-03  3.63783018e-01  5.83470464e-02  1.01100095e+02  5.72952017e+00  1.07793924e+05 -1.89564345e-01 
 1.03000000e+00  8.49400000e+03  1.85000000e+00 -1.01654174e-03  3.63783018e-01  5.83470464e-02  1.01100095e+02  5.72952017e+00  1.07793924e+05 -1.89564345e-01 
 1.04000000e+00  8.49400000e+03  1.85000000e+00 -1.01760364e-03  3.63783018e-01  5.83470464e-02  1.01100095e+02  5.72952017e+00  1.07793924e+05 -1.89564345e-01 
 1.05000000e+00  8.49400000e+03  1.85000000e+00 -1.01865282e-03  3.63783018e-01  5.83470464e-02  1.01100095e+02  5.72952017e+00  1.07793924e+05 -1.89564345e-01 
 1.06000000e+00  8.49400000e+03  1.85000000e+00 -1.01968968e-03  3.63783018e-01  5.83470464e-02  1.01100095e+02  5.72952017e+00  1.07793924e+05 -1.89564345e-01 
 1.07000000e+00  8.49400000e+03  1.85000000e+00 -1.02071457e-03  3.63783018e-01  5.83470464e-02  1.01100095e+02  5.72952017e+00  1.07793924e+05 -1.89564345e-01 
 1.08000000e+00  8.49400000e+03  1.85000000e+00 -1.02172785e-03  3.63783018e-01  5.83470464e-02  1.01100095e+02  5.72952017e+00  1.07793924e+05 -1.89564345e-01 
 1.09000000e+00  8.49400000e+03  1.85000000e+00 -1.02272985e-03  3.63783018e-01  5.83470464e-02  1.01100095e+02  5.72952017e+00  1.07793924e+05 -1.89564345e-01 
 1.10000000e+00  8.49400000e+03  1.85000000e+00 -1.02372089e-03  3.63783018e-01  5.83470464e-02  1.01100095e+02  5.72952017e+00  1.07793924e+05 -1.89564345e-01 
 1.11000000e+00  8.49400000e+03  1.85000000e+00 -1.02470129e-03  3.63783018e-01  5.83470464e-02  1.01100095e+02  5.72952017e+00  1.07793924e+05 -1.89564345e-01 
 1.12000000e+00  8.49400000e+03  1.85000000e+00 -1.02567133e-03  3.63783018e-01  5.83470464e-02  1.01100095e+02  5.72952017e+00  1.07793924e+05 -1.89564345e-01 
 1.13000000e+00  8.49400000e+03  1.85000000e+00 -1.02663132e-03  3.63783018e-01  5.83470464e-02  1.01100095e+02  5.72952017e+00  1.07793924e+05 -1.89564345e-01 
 1.14000000e+00  8.49400000e+03  1.85000000e+00 -1.02758151e-03  3.63783018e-01  5.83470464e-02  1.01100095e+02  5.72952017e+00  1.07793924e+05 -1.89564345e-01 
 1.15000000e+00  8.49400000e+03  1.85000000e+00 -1.02852219e-03  3.63783018e-01  5.83470464e-02  1.01100095e+02  5.72952017e+00  1.07793924e+05 -1.89564345e-01 
 1.16000000e+00  8.49400000e+03  1.85000000e+00 -1.02945359e-03  3.63783018e-01  5.83470464e-02  1.01100095e+02  5.72952017e+00  1.07793924e+05 -1.89564345e-01 
 1.17000000e+00  8.49400000e+03  1.85000000e+00 -1.03037598e-03  3.63783018e-01  5.83470464e-02  1.01100095e+02  5.72952017e+00  1.07793924e+05 -1.89564345e-01 
 1.18000000e+00  8.49400000e+03  1.85000000e+00 -1.03128958e-03  3.63783018e-01  5.83470464e-02  1.01100095e+02  5.72952017e+00  1.07793924e+05 -1.89564345e-01 
 1.19000000e+00  8.49400000e+03  1.85000000e+00 -1.03219462e-03  3.63783018e-01  5.83470464e-02  1.01100095e+02  5.72952017e+00  1.07793924e+05 -1.89564345e-01 
 1.20000000e+00  8.49400000e+03  1.85000000e+00 -1.03309132e-03  3.63783018e-01  5.83470464e-02  1.01100095e+02  5.72952017e+00  1.07793924e+05 -1.89564345e-01 
 1.21000000e+00  8.49400000e+03  1.85000000e+00 -1.03397989e-03  3.63783018e-01  5.83470464e-02  1.01100095e+02  5.72952017e+00  1.07793924e+05 -1.89564345e-01 
 1.22000000e+00  8.49400000e+03  1.85000000e+00 -1.03486054e-03  3.63783018e-01  5.83470464e-02  1.01100095e+02  5.72952017e+00  1.07793924e+05 -1.89564345e-01 
 1.23000000e+00  8.49400000e+03  1.85000000e+00 -1.03573346e-03  3.63783018e-01  5.83470464e-02  1.01100095e+02  5.72952017e+00  1.07793924e+05 -1.89564345e-01 
 1.24000000e+00  8.49400000e+03  1.85000000e+00 -1.03659885e-03  3.63783018e-01  5.83470464e-02  1.01100095e+02  5.72952017e+00  1.07793924e+05 -1.89564345e-01 
 1.25000000e+00  8.49400000e+03  1.85000000e+00 -1.03745689e-03  3.63783018e-01  5.83470464e-02  1.01100095e+02  5.72952017e+00  1.07793924e+05 -1.89564345e-01 
 1.26000000e+00  8.49400000e+03  1.85000000e+00 -1.03830775e-03  3.63783018e-01  5.83470464e-02  1.01100095e+02  5.72952017e+00  1.07793924e+05 -1.89564345e-01 
 1.27000000e+00  8.49400000e+03  1.85000000e+00 -1.03915161e-03  3.63783018e-01  5.83470464e-02  1.01100095e+02  5.72952017e+00  1.07793924e+05 -1.89564345e-01 
 1.28000000e+00  8.49400000e+03  1.85000000e+00 -1.03998863e-03  3.63783018e-01  5.83470464e-02  1.01100095e+02  5.72952017e+00  1.07793924e+05 -1.89564345e-01 
 1.29000000e+00  8.49400000e+03  1.85000000e+00 -1.04081898e-03  3.63783018e-01  5.83470464e-02  1.01100095e+02  5.72952017e+00  1.07793924e+05 -1.89564345e-01 
 1.30000000e+00  8.49400000e+03  1.85000000e+00 -1.04164280e-03  3.63783018e-01  5.83470464e-02  1.01100095e+02  5.72952017e+00  1.07793924e+05 -1.89564345e-01 
 1.31000000e+00  8.49400000e+03  1.85000000e+00 -1.04246026e-03  3.63783018e-01  5.83470464e-02  1.01100095e+02  5.72952017e+00  1.07793924e+05 -1.89564345e-01 
 1.32000000e+00  8.49400000e+03  1.85000000e+00 -1.04327149e-03  3.63783018e-01  5.83470464e-02  1.01100095e+02  5.72952017e+00  1.07793924e+05 -1.89564345e-01 
 1.33000000e+00  8.49400000e+03  1.85000000e+00 -1.04407663e-03  3.63783018e-01  5.83470464e-02  1.01100095e+02  5.72952017e+00  1.07793924e+05 -1.89564345e-01 
 1.34000000e+00  8.49400000e+03  1.85000000e+00 -1.04487582e-03  3.63783018e-01  5.83470464e-02  1.01100095e+02  5.72952017e+00  1.07793924e+05 -1.89564345e-01 
 1.35000000e+00  8.49400000e+03  1.85000000e+00 -1.04566920e-03  3.63783018e-01  5.83470464e-02  1.01100095e+02  5.72952017e+00  1.07793924e+05 -1.89564345e-01 
 1.36000000e+00  8.49400000e+03  1.85000000e+00 -1.04645689e-03  3.63783018e-01  5.83470464e-02  1.01100095e+02  5.72952017e+00  1.07793924e+05 -1.89564345e-01 
 1.37000000e+00  8.49400000e+03  1.85000000e+00 -1.04723901e-03  3.63783018e-01  5.83470464e-02  1.01100095e+02  5.72952017e+00  1.07793924e+05 -1.89564345e-01 
 1.38000000e+00  8.49400000e+03  1.85000000e+00 -1.04801569e-03  3.63783018e-01  5.83470464e-02  1.01100095e+02  5.72952017e+00  1.07793924e+05 -1.89564345e-01 
 1.39000000e+00  8.49400000e+03  1.85000000e+00 -1.04878704e-03  3.63783018e-01  5.83470464e-02  1.01100095e+02  5.72952017e+00  1.07793924e+05 -1.89564345e-01 
 1.40000000e+00  8.49400000e+03  1.85000000e+00 -1.04955318e-03  3.63783018e-01  5.83470464e-02  1.01100095e+02  5.72952017e+00  1.07793924e+05 -1.89564345e-01 
 1.41000000e+00  8.49400000e+03  1.85000000e+00 -1.05031422e-03  3.63783018e-01  5.83470464e-02  1.01100095e+02  5.72952017e+00  1.07793924e+05 -1.89564345e-01 
 1.42000000e+00  8.49400000e+03  1.85000000e+00 -1.05107026e-03  3.63783018e-01  5.83470464e-02  1.01100095e+02  5.72952017e+00  1.07793924e+05 -1.89564345e-01 
 1.43000000e+00  8.49400000e+03  1.85000000e+00 -1.05182141e-03  3.63783018e-01  5.83470464e-02  1.01100095e+02  5.72952017e+00  1.07793924e+05 -1.89564345e-01 
 1.44000000e+00  8.49400000e+03  1.85000000e+00 -1.05256777e-03  3.63783018e-01  5.83470464e-02  1.01100095e+02  5.72952017e+00  1.07793924e+05 -1.89564345e-01 
 1.45000000e+00  8.49400000e+03  1.85000000e+00 -1.05330944e-03  3.63783018e-01  5.83470464e-02  1.01100095e+02  5.72952017e+00  1.07793924e+05 -1.89564345e-01 
 1.46000000e+00  8.49400000e+03  1.85000000e+00 -1.05404651e-03  3.63783018e-01  5.83470464e-02  1.01100095e+02  5.72952017e+00  1.07793924e+05 -1.89564345e-01 
 1.47000000e+00  8.49400000e+03  1.85000000e+00 -1.05477909e-03  3.63783018e-01  5.83470464e-02  1.01100095e+02  5.72952017e+00  1.07793924e+05 -1.89564345e-01 
 1.48000000e+00  8.49400000e+03  1.85000000e+00 -1.05550725e-03  3.63783018e-01  5.83470464e-02  1.01100095e+02  5.72952017e+00  1.07793924e+05 -1.89564345e-01 
 1.49000000e+00  8.49400000e+03  1.85000000e+00 -1.05623109e-03  3.63783018e-01  5.83470464e-02  1.01100095e+02  5.72952017e+00  1.07793924e+05 -1.89564345e-01 
 1.50000000e+00  8.49400000e+03  1.85000000e+00 -1.05695070e-03  3.63783018e-01  5.83470464e-02  1.01100095e+02  5.72952017e+00  1.07793924e+05 -1.89564345e-01 
 1.51000000e+00  8.49400000e+03  1.85000000e+00 -1.05766616e-03  3.63783018e-01  5.83470464e-02  1.01100095e+02  5.72952017e+00  1.07793924e+05 -1.89564345e-01 
 1.52000000e+00  8.49400000e+03  1.85000000e+00 -1.05837756e-03  3.63783018e-01  5.83470464e-02  1.01100095e+02  5.72952017e+00  1.07793924e+05 -1.89564345e-01 
 1.53000000e+00  8.49400000e+03  1.85000000e+00 -1.05908498e-03  3.63783018e-01  5.83470464e-02  1.01100095e+02  5.72952017e+00  1.07793924e+05 -1.89564345e-01 
 1.54000000e+00  8.49400000e+03  1.85000000e+00 -1.05978850e-03  3.63783018e-01  5.83470464e-02  1.01100095e+02  5.72952017e+00  1.07793924e+05 -1.89564345e-01 
 1.55000000e+00  8.49400000e+03  1.85000000e+00 -1.06048820e-03  3.63783018e-01  5.83470464e-02  1.01100095e+02  5.72952017e+00  1.07793924e+05 -1.89564345e-01 
 1.56000000e+00  8.49400000e+03  1.85000000e+00 -1.06118415e-03  3.63783018e-01  5.83470464e-02  1.01100095e+02  5.72952017e+00  1.07793924e+05 -1.89564345e-01 
 1.57000000e+00  8.49400000e+03  1.85000000e+00 -1.06187644e-03  3.63783018e-01  5.83470464e-02  1.01100095e+02  5.72952017e+00  1.07793924e+05 -1.89564345e-01 
 1.58000000e+00  8.49400000e+03  1.85000000e+00 -1.06256513e-03  3.63783018e-01  5.83470464e-02  1.01100095e+02  5.72952017e+00  1.07793924e+05 -1.89564345e-01 
 1.59000000e+00  8.49400000e+03  1.85000000e+00 -1.06325032e-03  3.63783018e-01  5.83470464e-02  1.01100095e+02  5.72952017e+00  1.07793924e+05 -1.89564345e-01 
 1.60000000e+00  8.49400000e+03  1.85000000e+00 -1.06393207e-03  3.63783018e-01  5.83470464e-02  1.01100095e+02  5.72952017e+00  1.07793924e+05 -1.89564345e-01 
 1.61000000e+00  8.49400000e+03  1.85000000e+00 -1.06461045e-03  3.63783018e-01  5.83470464e-02  1.01100095e+02  5.72952017e+00  1.07793924e+05 -1.89564345e-01 
 1.62000000e+00  8.49400000e+03  1.85000000e+00 -1.06528554e-03  3.63783018e-01  5.83470464e-02  1.01100095e+02  5.72952017e+00  1.07793924e+05 -1.89564345e-01 
 1.63000000e+00  8.49400000e+03  1.85000000e+00 -1.06595742e-03  3.63783018e-01  5.83470464e-02  1.01100095e+02  5.72952017e+00  1.07793924e+05 -1.89564345e-01 
 1.64000000e+00  8.49400000e+03  1.85000000e+00 -1.06662616e-03  3.63783018e-01  5.83470464e-02  1.01100095e+02  5.72952017e+00  1.07793924e+05 -1.89564345e-01 
 1.65000000e+00  8.49400000e+03  1.85000000e+00 -1.06729184e-03  3.63783018e-01  5.83470464e-02  1.01100095e+02  5.72952017e+00  1.07793924e+05 -1.89564345e-01 
 1.66000000e+00  8.49400000e+03  1.85000000e+00 -1.06795453e-03  3.63783018e-01  5.83470464e-02  1.01100095e+02  5.72952017e+00  1.07793924e+05 -1.89564345e-01 
 1.67000000e+00  8.49400000e+03  1.85000000e+00 -1.06861431e-03  3.63783018e-01  5.83470464e-02  1.01100095e+02  5.72952017e+00  1.07793924e+05 -1.89564345e-01 
 1.68000000e+00  8.49400000e+03  1.85000000e+00 -1.06927126e-03  3.63783018e-01  5.83470464e-02  1.01100095e+02  5.72952017e+00  1.07793924e+05 -1.89564345e-01 
 1.69000000e+00  8.49400000e+03  1.85000000e+00 -1.06992546e-03  3.63783018e-01  5.83470464e-02  1.01100095e+02  5.72952017e+00  1.07793924e+05 -1.89564345e-01 
 1.70000000e+00  8.49400000e+03  1.85000000e+00 -1.07057699e-03  3.63783018e-01  5.83470464e-02  1.01100095e+02  5.72952017e+00  1.07793924e+05 -1.89564345e-01 
 1.71000000e+00  8.49400000e+03  1.85000000e+00 -1.07122593e-03  3.63783018e-01  5.83470464e-02  1.01100095e+02  5.72952017e+00  1.07793924e+05 -1.89564345e-01 
 1.72000000e+00  8.49400000e+03  1.85000000e+00 -1.07187237e-03  3.63783018e-01  5.83470464e-02  1.01100095e+02  5.72952017e+00  1.07793924e+05 -1.89564345e-01 
 1.73000000e+00  8.49400000e+03  1.85000000e+00 -1.07251640e-03  3.63783018e-01  5.83470464e-02  1.01100095e+02  5.72952017e+00  1.07793924e+05 -1.89564345e-01 
 1.74000000e+00  8.49400000e+03  1.85000000e+00 -1.07315811e-03  3.63783018e-01  5.83470464e-02  1.01100095e+02  5.72952017e+00  1.07793924e+05 -1.89564345e-01 
 1.75000000e+00  8.49400000e+03  1.85000000e+00 -1.07379759e-03  3.63783018e-01  5.83470464e-02  1.01100095e+02  5.72952017e+00  1.07793924e+05 -1.89564345e-01 
 1.76000000e+00  8.49400000e+03  1.85000000e+00 -1.07443495e-03  3.63783018e-01  5.83470464e-02  1.01100095e+02  5.72952017e+00  1.07793924e+05 -1.89564345e-01 
 1.77000000e+00  8.49400000e+03  1.85000000e+00 -1.07507028e-03  3.63783018e-01  5.83470464e-02  1.01100095e+02  5.72952017e+00  1.07793924e+05 -1.89564345e-01 
 1.78000000e+00  8.49400000e+03  1.85000000e+00 -1.07570370e-03  3.63783018e-01  5.83470464e-02  1.01100095e+02  5.72952017e+00  1.07793924e+05 -1.89564345e-01 
 1.79000000e+00  8.49400000e+03  1.85000000e+00 -1.07633532e-03  3.63783018e-01  5.83470464e-02  1.01100095e+02  5.72952017e+00  1.07793924e+05 -1.89564345e-01 
 1.80000000e+00  8.49400000e+03  1.85000000e+00 -1.07696525e-03  3.63783018e-01  5.83470464e-02  1.01100095e+02  5.72952017e+00  1.07793924e+05 -1.89564345e-01 
 1.81000000e+00  8.49400000e+03  1.85000000e+00 -1.07759362e-03  3.63783018e-01  5.83470464e-02  1.01100095e+02  5.72952017e+00  1.07793924e+05 -1.89564345e-01 
 1.82000000e+00  8.49400000e+03  1.85000000e+00 -1.07822056e-03  3.63783018e-01  5.83470464e-02  1.01100095e+02  5.72952017e+00  1.07793924e+05 -1.89564345e-01 
 1.83000000e+00  8.49400000e+03  1.85000000e+00 -1.07884621e-03  3.63783018e-01  5.83470464e-02  1.01100095e+02  5.72952017e+00  1.07793924e+05 -1.89564345e-01 
 1.84000000e+00  8.49400000e+03  1.85000000e+00 -1.07947071e-03  3.63783018e-01  5.83470464e-02  1.01100095e+02  5.72952017e+00  1.07793924e+05 -1.89564345e-01 
 1.85000000e+00  8.49400000e+03  1.85000000e+00 -1.08009422e-03  3.63783018e-01  5.83470464e-02  1.01100095e+02  5.72952017e+00  1.07793924e+05 -1.89564345e-01 
