 v-sweep         run_num         v(gate)         i(vds)          out_vth0        out_u0          out_rdsw        out_nfactor     out_vsat        out_eta0       
 0.00000000e+00  8.59800000e+03  1.85000000e+00  3.99347954e-43  3.95521536e-01  6.65395318e-02  1.04370903e+02  8.11423032e+00  1.23368116e+05 -1.96909469e-01 
 1.00000000e-02  8.59800000e+03  1.85000000e+00 -4.40778922e-05  3.95521536e-01  6.65395318e-02  1.04370903e+02  8.11423032e+00  1.23368116e+05 -1.96909469e-01 
 2.00000000e-02  8.59800000e+03  1.85000000e+00 -8.71752469e-05  3.95521536e-01  6.65395318e-02  1.04370903e+02  8.11423032e+00  1.23368116e+05 -1.96909469e-01 
 3.00000000e-02  8.59800000e+03  1.85000000e+00 -1.29246914e-04  3.95521536e-01  6.65395318e-02  1.04370903e+02  8.11423032e+00  1.23368116e+05 -1.96909469e-01 
 4.00000000e-02  8.59800000e+03  1.85000000e+00 -1.70256289e-04  3.95521536e-01  6.65395318e-02  1.04370903e+02  8.11423032e+00  1.23368116e+05 -1.96909469e-01 
 5.00000000e-02  8.59800000e+03  1.85000000e+00 -2.10172473e-04  3.95521536e-01  6.65395318e-02  1.04370903e+02  8.11423032e+00  1.23368116e+05 -1.96909469e-01 
 6.00000000e-02  8.59800000e+03  1.85000000e+00 -2.48968464e-04  3.95521536e-01  6.65395318e-02  1.04370903e+02  8.11423032e+00  1.23368116e+05 -1.96909469e-01 
 7.00000000e-02  8.59800000e+03  1.85000000e+00 -2.86620029e-04  3.95521536e-01  6.65395318e-02  1.04370903e+02  8.11423032e+00  1.23368116e+05 -1.96909469e-01 
 8.00000000e-02  8.59800000e+03  1.85000000e+00 -3.23105021e-04  3.95521536e-01  6.65395318e-02  1.04370903e+02  8.11423032e+00  1.23368116e+05 -1.96909469e-01 
 9.00000000e-02  8.59800000e+03  1.85000000e+00 -3.58403046e-04  3.95521536e-01  6.65395318e-02  1.04370903e+02  8.11423032e+00  1.23368116e+05 -1.96909469e-01 
 1.00000000e-01  8.59800000e+03  1.85000000e+00 -3.92495399e-04  3.95521536e-01  6.65395318e-02  1.04370903e+02  8.11423032e+00  1.23368116e+05 -1.96909469e-01 
 1.10000000e-01  8.59800000e+03  1.85000000e+00 -4.25365205e-04  3.95521536e-01  6.65395318e-02  1.04370903e+02  8.11423032e+00  1.23368116e+05 -1.96909469e-01 
 1.20000000e-01  8.59800000e+03  1.85000000e+00 -4.56997748e-04  3.95521536e-01  6.65395318e-02  1.04370903e+02  8.11423032e+00  1.23368116e+05 -1.96909469e-01 
 1.30000000e-01  8.59800000e+03  1.85000000e+00 -4.87380943e-04  3.95521536e-01  6.65395318e-02  1.04370903e+02  8.11423032e+00  1.23368116e+05 -1.96909469e-01 
 1.40000000e-01  8.59800000e+03  1.85000000e+00 -5.16505907e-04  3.95521536e-01  6.65395318e-02  1.04370903e+02  8.11423032e+00  1.23368116e+05 -1.96909469e-01 
 1.50000000e-01  8.59800000e+03  1.85000000e+00 -5.44367598e-04  3.95521536e-01  6.65395318e-02  1.04370903e+02  8.11423032e+00  1.23368116e+05 -1.96909469e-01 
 1.60000000e-01  8.59800000e+03  1.85000000e+00 -5.70965462e-04  3.95521536e-01  6.65395318e-02  1.04370903e+02  8.11423032e+00  1.23368116e+05 -1.96909469e-01 
 1.70000000e-01  8.59800000e+03  1.85000000e+00 -5.96304030e-04  3.95521536e-01  6.65395318e-02  1.04370903e+02  8.11423032e+00  1.23368116e+05 -1.96909469e-01 
 1.80000000e-01  8.59800000e+03  1.85000000e+00 -6.20393417e-04  3.95521536e-01  6.65395318e-02  1.04370903e+02  8.11423032e+00  1.23368116e+05 -1.96909469e-01 
 1.90000000e-01  8.59800000e+03  1.85000000e+00 -6.43249663e-04  3.95521536e-01  6.65395318e-02  1.04370903e+02  8.11423032e+00  1.23368116e+05 -1.96909469e-01 
 2.00000000e-01  8.59800000e+03  1.85000000e+00 -6.64894869e-04  3.95521536e-01  6.65395318e-02  1.04370903e+02  8.11423032e+00  1.23368116e+05 -1.96909469e-01 
 2.10000000e-01  8.59800000e+03  1.85000000e+00 -6.85357118e-04  3.95521536e-01  6.65395318e-02  1.04370903e+02  8.11423032e+00  1.23368116e+05 -1.96909469e-01 
 2.20000000e-01  8.59800000e+03  1.85000000e+00 -7.04670155e-04  3.95521536e-01  6.65395318e-02  1.04370903e+02  8.11423032e+00  1.23368116e+05 -1.96909469e-01 
 2.30000000e-01  8.59800000e+03  1.85000000e+00 -7.22872861e-04  3.95521536e-01  6.65395318e-02  1.04370903e+02  8.11423032e+00  1.23368116e+05 -1.96909469e-01 
 2.40000000e-01  8.59800000e+03  1.85000000e+00 -7.40008543e-04  3.95521536e-01  6.65395318e-02  1.04370903e+02  8.11423032e+00  1.23368116e+05 -1.96909469e-01 
 2.50000000e-01  8.59800000e+03  1.85000000e+00 -7.56124092e-04  3.95521536e-01  6.65395318e-02  1.04370903e+02  8.11423032e+00  1.23368116e+05 -1.96909469e-01 
 2.60000000e-01  8.59800000e+03  1.85000000e+00 -7.71269075e-04  3.95521536e-01  6.65395318e-02  1.04370903e+02  8.11423032e+00  1.23368116e+05 -1.96909469e-01 
 2.70000000e-01  8.59800000e+03  1.85000000e+00 -7.85494802e-04  3.95521536e-01  6.65395318e-02  1.04370903e+02  8.11423032e+00  1.23368116e+05 -1.96909469e-01 
 2.80000000e-01  8.59800000e+03  1.85000000e+00 -7.98853435e-04  3.95521536e-01  6.65395318e-02  1.04370903e+02  8.11423032e+00  1.23368116e+05 -1.96909469e-01 
 2.90000000e-01  8.59800000e+03  1.85000000e+00 -8.11397159e-04  3.95521536e-01  6.65395318e-02  1.04370903e+02  8.11423032e+00  1.23368116e+05 -1.96909469e-01 
 3.00000000e-01  8.59800000e+03  1.85000000e+00 -8.23177471e-04  3.95521536e-01  6.65395318e-02  1.04370903e+02  8.11423032e+00  1.23368116e+05 -1.96909469e-01 
 3.10000000e-01  8.59800000e+03  1.85000000e+00 -8.34244576e-04  3.95521536e-01  6.65395318e-02  1.04370903e+02  8.11423032e+00  1.23368116e+05 -1.96909469e-01 
 3.20000000e-01  8.59800000e+03  1.85000000e+00 -8.44646913e-04  3.95521536e-01  6.65395318e-02  1.04370903e+02  8.11423032e+00  1.23368116e+05 -1.96909469e-01 
 3.30000000e-01  8.59800000e+03  1.85000000e+00 -8.54430793e-04  3.95521536e-01  6.65395318e-02  1.04370903e+02  8.11423032e+00  1.23368116e+05 -1.96909469e-01 
 3.40000000e-01  8.59800000e+03  1.85000000e+00 -8.63640159e-04  3.95521536e-01  6.65395318e-02  1.04370903e+02  8.11423032e+00  1.23368116e+05 -1.96909469e-01 
 3.50000000e-01  8.59800000e+03  1.85000000e+00 -8.72316426e-04  3.95521536e-01  6.65395318e-02  1.04370903e+02  8.11423032e+00  1.23368116e+05 -1.96909469e-01 
 3.60000000e-01  8.59800000e+03  1.85000000e+00 -8.80498418e-04  3.95521536e-01  6.65395318e-02  1.04370903e+02  8.11423032e+00  1.23368116e+05 -1.96909469e-01 
 3.70000000e-01  8.59800000e+03  1.85000000e+00 -8.88222357e-04  3.95521536e-01  6.65395318e-02  1.04370903e+02  8.11423032e+00  1.23368116e+05 -1.96909469e-01 
 3.80000000e-01  8.59800000e+03  1.85000000e+00 -8.95521911e-04  3.95521536e-01  6.65395318e-02  1.04370903e+02  8.11423032e+00  1.23368116e+05 -1.96909469e-01 
 3.90000000e-01  8.59800000e+03  1.85000000e+00 -9.02428275e-04  3.95521536e-01  6.65395318e-02  1.04370903e+02  8.11423032e+00  1.23368116e+05 -1.96909469e-01 
 4.00000000e-01  8.59800000e+03  1.85000000e+00 -9.08970278e-04  3.95521536e-01  6.65395318e-02  1.04370903e+02  8.11423032e+00  1.23368116e+05 -1.96909469e-01 
 4.10000000e-01  8.59800000e+03  1.85000000e+00 -9.15174515e-04  3.95521536e-01  6.65395318e-02  1.04370903e+02  8.11423032e+00  1.23368116e+05 -1.96909469e-01 
 4.20000000e-01  8.59800000e+03  1.85000000e+00 -9.21065480e-04  3.95521536e-01  6.65395318e-02  1.04370903e+02  8.11423032e+00  1.23368116e+05 -1.96909469e-01 
 4.30000000e-01  8.59800000e+03  1.85000000e+00 -9.26665705e-04  3.95521536e-01  6.65395318e-02  1.04370903e+02  8.11423032e+00  1.23368116e+05 -1.96909469e-01 
 4.40000000e-01  8.59800000e+03  1.85000000e+00 -9.31995906e-04  3.95521536e-01  6.65395318e-02  1.04370903e+02  8.11423032e+00  1.23368116e+05 -1.96909469e-01 
 4.50000000e-01  8.59800000e+03  1.85000000e+00 -9.37075118e-04  3.95521536e-01  6.65395318e-02  1.04370903e+02  8.11423032e+00  1.23368116e+05 -1.96909469e-01 
 4.60000000e-01  8.59800000e+03  1.85000000e+00 -9.41920825e-04  3.95521536e-01  6.65395318e-02  1.04370903e+02  8.11423032e+00  1.23368116e+05 -1.96909469e-01 
 4.70000000e-01  8.59800000e+03  1.85000000e+00 -9.46549094e-04  3.95521536e-01  6.65395318e-02  1.04370903e+02  8.11423032e+00  1.23368116e+05 -1.96909469e-01 
 4.80000000e-01  8.59800000e+03  1.85000000e+00 -9.50974686e-04  3.95521536e-01  6.65395318e-02  1.04370903e+02  8.11423032e+00  1.23368116e+05 -1.96909469e-01 
 4.90000000e-01  8.59800000e+03  1.85000000e+00 -9.55211169e-04  3.95521536e-01  6.65395318e-02  1.04370903e+02  8.11423032e+00  1.23368116e+05 -1.96909469e-01 
 5.00000000e-01  8.59800000e+03  1.85000000e+00 -9.59271021e-04  3.95521536e-01  6.65395318e-02  1.04370903e+02  8.11423032e+00  1.23368116e+05 -1.96909469e-01 
 5.10000000e-01  8.59800000e+03  1.85000000e+00 -9.63165723e-04  3.95521536e-01  6.65395318e-02  1.04370903e+02  8.11423032e+00  1.23368116e+05 -1.96909469e-01 
 5.20000000e-01  8.59800000e+03  1.85000000e+00 -9.66905849e-04  3.95521536e-01  6.65395318e-02  1.04370903e+02  8.11423032e+00  1.23368116e+05 -1.96909469e-01 
 5.30000000e-01  8.59800000e+03  1.85000000e+00 -9.70501142e-04  3.95521536e-01  6.65395318e-02  1.04370903e+02  8.11423032e+00  1.23368116e+05 -1.96909469e-01 
 5.40000000e-01  8.59800000e+03  1.85000000e+00 -9.73960586e-04  3.95521536e-01  6.65395318e-02  1.04370903e+02  8.11423032e+00  1.23368116e+05 -1.96909469e-01 
 5.50000000e-01  8.59800000e+03  1.85000000e+00 -9.77292475e-04  3.95521536e-01  6.65395318e-02  1.04370903e+02  8.11423032e+00  1.23368116e+05 -1.96909469e-01 
 5.60000000e-01  8.59800000e+03  1.85000000e+00 -9.80504472e-04  3.95521536e-01  6.65395318e-02  1.04370903e+02  8.11423032e+00  1.23368116e+05 -1.96909469e-01 
 5.70000000e-01  8.59800000e+03  1.85000000e+00 -9.83603664e-04  3.95521536e-01  6.65395318e-02  1.04370903e+02  8.11423032e+00  1.23368116e+05 -1.96909469e-01 
 5.80000000e-01  8.59800000e+03  1.85000000e+00 -9.86596608e-04  3.95521536e-01  6.65395318e-02  1.04370903e+02  8.11423032e+00  1.23368116e+05 -1.96909469e-01 
 5.90000000e-01  8.59800000e+03  1.85000000e+00 -9.89489383e-04  3.95521536e-01  6.65395318e-02  1.04370903e+02  8.11423032e+00  1.23368116e+05 -1.96909469e-01 
 6.00000000e-01  8.59800000e+03  1.85000000e+00 -9.92287625e-04  3.95521536e-01  6.65395318e-02  1.04370903e+02  8.11423032e+00  1.23368116e+05 -1.96909469e-01 
 6.10000000e-01  8.59800000e+03  1.85000000e+00 -9.94996567e-04  3.95521536e-01  6.65395318e-02  1.04370903e+02  8.11423032e+00  1.23368116e+05 -1.96909469e-01 
 6.20000000e-01  8.59800000e+03  1.85000000e+00 -9.97621072e-04  3.95521536e-01  6.65395318e-02  1.04370903e+02  8.11423032e+00  1.23368116e+05 -1.96909469e-01 
 6.30000000e-01  8.59800000e+03  1.85000000e+00 -1.00016566e-03  3.95521536e-01  6.65395318e-02  1.04370903e+02  8.11423032e+00  1.23368116e+05 -1.96909469e-01 
 6.40000000e-01  8.59800000e+03  1.85000000e+00 -1.00263455e-03  3.95521536e-01  6.65395318e-02  1.04370903e+02  8.11423032e+00  1.23368116e+05 -1.96909469e-01 
 6.50000000e-01  8.59800000e+03  1.85000000e+00 -1.00503167e-03  3.95521536e-01  6.65395318e-02  1.04370903e+02  8.11423032e+00  1.23368116e+05 -1.96909469e-01 
 6.60000000e-01  8.59800000e+03  1.85000000e+00 -1.00736067e-03  3.95521536e-01  6.65395318e-02  1.04370903e+02  8.11423032e+00  1.23368116e+05 -1.96909469e-01 
 6.70000000e-01  8.59800000e+03  1.85000000e+00 -1.00962499e-03  3.95521536e-01  6.65395318e-02  1.04370903e+02  8.11423032e+00  1.23368116e+05 -1.96909469e-01 
 6.80000000e-01  8.59800000e+03  1.85000000e+00 -1.01182780e-03  3.95521536e-01  6.65395318e-02  1.04370903e+02  8.11423032e+00  1.23368116e+05 -1.96909469e-01 
 6.90000000e-01  8.59800000e+03  1.85000000e+00 -1.01397212e-03  3.95521536e-01  6.65395318e-02  1.04370903e+02  8.11423032e+00  1.23368116e+05 -1.96909469e-01 
 7.00000000e-01  8.59800000e+03  1.85000000e+00 -1.01606074e-03  3.95521536e-01  6.65395318e-02  1.04370903e+02  8.11423032e+00  1.23368116e+05 -1.96909469e-01 
 7.10000000e-01  8.59800000e+03  1.85000000e+00 -1.01809628e-03  3.95521536e-01  6.65395318e-02  1.04370903e+02  8.11423032e+00  1.23368116e+05 -1.96909469e-01 
 7.20000000e-01  8.59800000e+03  1.85000000e+00 -1.02008121e-03  3.95521536e-01  6.65395318e-02  1.04370903e+02  8.11423032e+00  1.23368116e+05 -1.96909469e-01 
 7.30000000e-01  8.59800000e+03  1.85000000e+00 -1.02201785e-03  3.95521536e-01  6.65395318e-02  1.04370903e+02  8.11423032e+00  1.23368116e+05 -1.96909469e-01 
 7.40000000e-01  8.59800000e+03  1.85000000e+00 -1.02390837e-03  3.95521536e-01  6.65395318e-02  1.04370903e+02  8.11423032e+00  1.23368116e+05 -1.96909469e-01 
 7.50000000e-01  8.59800000e+03  1.85000000e+00 -1.02575481e-03  3.95521536e-01  6.65395318e-02  1.04370903e+02  8.11423032e+00  1.23368116e+05 -1.96909469e-01 
 7.60000000e-01  8.59800000e+03  1.85000000e+00 -1.02755910e-03  3.95521536e-01  6.65395318e-02  1.04370903e+02  8.11423032e+00  1.23368116e+05 -1.96909469e-01 
 7.70000000e-01  8.59800000e+03  1.85000000e+00 -1.02932306e-03  3.95521536e-01  6.65395318e-02  1.04370903e+02  8.11423032e+00  1.23368116e+05 -1.96909469e-01 
 7.80000000e-01  8.59800000e+03  1.85000000e+00 -1.03104840e-03  3.95521536e-01  6.65395318e-02  1.04370903e+02  8.11423032e+00  1.23368116e+05 -1.96909469e-01 
 7.90000000e-01  8.59800000e+03  1.85000000e+00 -1.03273673e-03  3.95521536e-01  6.65395318e-02  1.04370903e+02  8.11423032e+00  1.23368116e+05 -1.96909469e-01 
 8.00000000e-01  8.59800000e+03  1.85000000e+00 -1.03438957e-03  3.95521536e-01  6.65395318e-02  1.04370903e+02  8.11423032e+00  1.23368116e+05 -1.96909469e-01 
 8.10000000e-01  8.59800000e+03  1.85000000e+00 -1.03600837e-03  3.95521536e-01  6.65395318e-02  1.04370903e+02  8.11423032e+00  1.23368116e+05 -1.96909469e-01 
 8.20000000e-01  8.59800000e+03  1.85000000e+00 -1.03759450e-03  3.95521536e-01  6.65395318e-02  1.04370903e+02  8.11423032e+00  1.23368116e+05 -1.96909469e-01 
 8.30000000e-01  8.59800000e+03  1.85000000e+00 -1.03914923e-03  3.95521536e-01  6.65395318e-02  1.04370903e+02  8.11423032e+00  1.23368116e+05 -1.96909469e-01 
 8.40000000e-01  8.59800000e+03  1.85000000e+00 -1.04067380e-03  3.95521536e-01  6.65395318e-02  1.04370903e+02  8.11423032e+00  1.23368116e+05 -1.96909469e-01 
 8.50000000e-01  8.59800000e+03  1.85000000e+00 -1.04216937e-03  3.95521536e-01  6.65395318e-02  1.04370903e+02  8.11423032e+00  1.23368116e+05 -1.96909469e-01 
 8.60000000e-01  8.59800000e+03  1.85000000e+00 -1.04363703e-03  3.95521536e-01  6.65395318e-02  1.04370903e+02  8.11423032e+00  1.23368116e+05 -1.96909469e-01 
 8.70000000e-01  8.59800000e+03  1.85000000e+00 -1.04507782e-03  3.95521536e-01  6.65395318e-02  1.04370903e+02  8.11423032e+00  1.23368116e+05 -1.96909469e-01 
 8.80000000e-01  8.59800000e+03  1.85000000e+00 -1.04649275e-03  3.95521536e-01  6.65395318e-02  1.04370903e+02  8.11423032e+00  1.23368116e+05 -1.96909469e-01 
 8.90000000e-01  8.59800000e+03  1.85000000e+00 -1.04788274e-03  3.95521536e-01  6.65395318e-02  1.04370903e+02  8.11423032e+00  1.23368116e+05 -1.96909469e-01 
 9.00000000e-01  8.59800000e+03  1.85000000e+00 -1.04924870e-03  3.95521536e-01  6.65395318e-02  1.04370903e+02  8.11423032e+00  1.23368116e+05 -1.96909469e-01 
 9.10000000e-01  8.59800000e+03  1.85000000e+00 -1.05059147e-03  3.95521536e-01  6.65395318e-02  1.04370903e+02  8.11423032e+00  1.23368116e+05 -1.96909469e-01 
 9.20000000e-01  8.59800000e+03  1.85000000e+00 -1.05191188e-03  3.95521536e-01  6.65395318e-02  1.04370903e+02  8.11423032e+00  1.23368116e+05 -1.96909469e-01 
 9.30000000e-01  8.59800000e+03  1.85000000e+00 -1.05321069e-03  3.95521536e-01  6.65395318e-02  1.04370903e+02  8.11423032e+00  1.23368116e+05 -1.96909469e-01 
 9.40000000e-01  8.59800000e+03  1.85000000e+00 -1.05448864e-03  3.95521536e-01  6.65395318e-02  1.04370903e+02  8.11423032e+00  1.23368116e+05 -1.96909469e-01 
 9.50000000e-01  8.59800000e+03  1.85000000e+00 -1.05574643e-03  3.95521536e-01  6.65395318e-02  1.04370903e+02  8.11423032e+00  1.23368116e+05 -1.96909469e-01 
 9.60000000e-01  8.59800000e+03  1.85000000e+00 -1.05698473e-03  3.95521536e-01  6.65395318e-02  1.04370903e+02  8.11423032e+00  1.23368116e+05 -1.96909469e-01 
 9.70000000e-01  8.59800000e+03  1.85000000e+00 -1.05820420e-03  3.95521536e-01  6.65395318e-02  1.04370903e+02  8.11423032e+00  1.23368116e+05 -1.96909469e-01 
 9.80000000e-01  8.59800000e+03  1.85000000e+00 -1.05940542e-03  3.95521536e-01  6.65395318e-02  1.04370903e+02  8.11423032e+00  1.23368116e+05 -1.96909469e-01 
 9.90000000e-01  8.59800000e+03  1.85000000e+00 -1.06058901e-03  3.95521536e-01  6.65395318e-02  1.04370903e+02  8.11423032e+00  1.23368116e+05 -1.96909469e-01 
 1.00000000e+00  8.59800000e+03  1.85000000e+00 -1.06175550e-03  3.95521536e-01  6.65395318e-02  1.04370903e+02  8.11423032e+00  1.23368116e+05 -1.96909469e-01 
 1.01000000e+00  8.59800000e+03  1.85000000e+00 -1.06290544e-03  3.95521536e-01  6.65395318e-02  1.04370903e+02  8.11423032e+00  1.23368116e+05 -1.96909469e-01 
 1.02000000e+00  8.59800000e+03  1.85000000e+00 -1.06403934e-03  3.95521536e-01  6.65395318e-02  1.04370903e+02  8.11423032e+00  1.23368116e+05 -1.96909469e-01 
 1.03000000e+00  8.59800000e+03  1.85000000e+00 -1.06515770e-03  3.95521536e-01  6.65395318e-02  1.04370903e+02  8.11423032e+00  1.23368116e+05 -1.96909469e-01 
 1.04000000e+00  8.59800000e+03  1.85000000e+00 -1.06626098e-03  3.95521536e-01  6.65395318e-02  1.04370903e+02  8.11423032e+00  1.23368116e+05 -1.96909469e-01 
 1.05000000e+00  8.59800000e+03  1.85000000e+00 -1.06734963e-03  3.95521536e-01  6.65395318e-02  1.04370903e+02  8.11423032e+00  1.23368116e+05 -1.96909469e-01 
 1.06000000e+00  8.59800000e+03  1.85000000e+00 -1.06842409e-03  3.95521536e-01  6.65395318e-02  1.04370903e+02  8.11423032e+00  1.23368116e+05 -1.96909469e-01 
 1.07000000e+00  8.59800000e+03  1.85000000e+00 -1.06948477e-03  3.95521536e-01  6.65395318e-02  1.04370903e+02  8.11423032e+00  1.23368116e+05 -1.96909469e-01 
 1.08000000e+00  8.59800000e+03  1.85000000e+00 -1.07053207e-03  3.95521536e-01  6.65395318e-02  1.04370903e+02  8.11423032e+00  1.23368116e+05 -1.96909469e-01 
 1.09000000e+00  8.59800000e+03  1.85000000e+00 -1.07156637e-03  3.95521536e-01  6.65395318e-02  1.04370903e+02  8.11423032e+00  1.23368116e+05 -1.96909469e-01 
 1.10000000e+00  8.59800000e+03  1.85000000e+00 -1.07258805e-03  3.95521536e-01  6.65395318e-02  1.04370903e+02  8.11423032e+00  1.23368116e+05 -1.96909469e-01 
 1.11000000e+00  8.59800000e+03  1.85000000e+00 -1.07359745e-03  3.95521536e-01  6.65395318e-02  1.04370903e+02  8.11423032e+00  1.23368116e+05 -1.96909469e-01 
 1.12000000e+00  8.59800000e+03  1.85000000e+00 -1.07459492e-03  3.95521536e-01  6.65395318e-02  1.04370903e+02  8.11423032e+00  1.23368116e+05 -1.96909469e-01 
 1.13000000e+00  8.59800000e+03  1.85000000e+00 -1.07558078e-03  3.95521536e-01  6.65395318e-02  1.04370903e+02  8.11423032e+00  1.23368116e+05 -1.96909469e-01 
 1.14000000e+00  8.59800000e+03  1.85000000e+00 -1.07655535e-03  3.95521536e-01  6.65395318e-02  1.04370903e+02  8.11423032e+00  1.23368116e+05 -1.96909469e-01 
 1.15000000e+00  8.59800000e+03  1.85000000e+00 -1.07751893e-03  3.95521536e-01  6.65395318e-02  1.04370903e+02  8.11423032e+00  1.23368116e+05 -1.96909469e-01 
 1.16000000e+00  8.59800000e+03  1.85000000e+00 -1.07847181e-03  3.95521536e-01  6.65395318e-02  1.04370903e+02  8.11423032e+00  1.23368116e+05 -1.96909469e-01 
 1.17000000e+00  8.59800000e+03  1.85000000e+00 -1.07941428e-03  3.95521536e-01  6.65395318e-02  1.04370903e+02  8.11423032e+00  1.23368116e+05 -1.96909469e-01 
 1.18000000e+00  8.59800000e+03  1.85000000e+00 -1.08034660e-03  3.95521536e-01  6.65395318e-02  1.04370903e+02  8.11423032e+00  1.23368116e+05 -1.96909469e-01 
 1.19000000e+00  8.59800000e+03  1.85000000e+00 -1.08126903e-03  3.95521536e-01  6.65395318e-02  1.04370903e+02  8.11423032e+00  1.23368116e+05 -1.96909469e-01 
 1.20000000e+00  8.59800000e+03  1.85000000e+00 -1.08218184e-03  3.95521536e-01  6.65395318e-02  1.04370903e+02  8.11423032e+00  1.23368116e+05 -1.96909469e-01 
 1.21000000e+00  8.59800000e+03  1.85000000e+00 -1.08308526e-03  3.95521536e-01  6.65395318e-02  1.04370903e+02  8.11423032e+00  1.23368116e+05 -1.96909469e-01 
 1.22000000e+00  8.59800000e+03  1.85000000e+00 -1.08397952e-03  3.95521536e-01  6.65395318e-02  1.04370903e+02  8.11423032e+00  1.23368116e+05 -1.96909469e-01 
 1.23000000e+00  8.59800000e+03  1.85000000e+00 -1.08486486e-03  3.95521536e-01  6.65395318e-02  1.04370903e+02  8.11423032e+00  1.23368116e+05 -1.96909469e-01 
 1.24000000e+00  8.59800000e+03  1.85000000e+00 -1.08574150e-03  3.95521536e-01  6.65395318e-02  1.04370903e+02  8.11423032e+00  1.23368116e+05 -1.96909469e-01 
 1.25000000e+00  8.59800000e+03  1.85000000e+00 -1.08660963e-03  3.95521536e-01  6.65395318e-02  1.04370903e+02  8.11423032e+00  1.23368116e+05 -1.96909469e-01 
 1.26000000e+00  8.59800000e+03  1.85000000e+00 -1.08746948e-03  3.95521536e-01  6.65395318e-02  1.04370903e+02  8.11423032e+00  1.23368116e+05 -1.96909469e-01 
 1.27000000e+00  8.59800000e+03  1.85000000e+00 -1.08832123e-03  3.95521536e-01  6.65395318e-02  1.04370903e+02  8.11423032e+00  1.23368116e+05 -1.96909469e-01 
 1.28000000e+00  8.59800000e+03  1.85000000e+00 -1.08916508e-03  3.95521536e-01  6.65395318e-02  1.04370903e+02  8.11423032e+00  1.23368116e+05 -1.96909469e-01 
 1.29000000e+00  8.59800000e+03  1.85000000e+00 -1.09000121e-03  3.95521536e-01  6.65395318e-02  1.04370903e+02  8.11423032e+00  1.23368116e+05 -1.96909469e-01 
 1.30000000e+00  8.59800000e+03  1.85000000e+00 -1.09082981e-03  3.95521536e-01  6.65395318e-02  1.04370903e+02  8.11423032e+00  1.23368116e+05 -1.96909469e-01 
 1.31000000e+00  8.59800000e+03  1.85000000e+00 -1.09165104e-03  3.95521536e-01  6.65395318e-02  1.04370903e+02  8.11423032e+00  1.23368116e+05 -1.96909469e-01 
 1.32000000e+00  8.59800000e+03  1.85000000e+00 -1.09246507e-03  3.95521536e-01  6.65395318e-02  1.04370903e+02  8.11423032e+00  1.23368116e+05 -1.96909469e-01 
 1.33000000e+00  8.59800000e+03  1.85000000e+00 -1.09327207e-03  3.95521536e-01  6.65395318e-02  1.04370903e+02  8.11423032e+00  1.23368116e+05 -1.96909469e-01 
 1.34000000e+00  8.59800000e+03  1.85000000e+00 -1.09407220e-03  3.95521536e-01  6.65395318e-02  1.04370903e+02  8.11423032e+00  1.23368116e+05 -1.96909469e-01 
 1.35000000e+00  8.59800000e+03  1.85000000e+00 -1.09486560e-03  3.95521536e-01  6.65395318e-02  1.04370903e+02  8.11423032e+00  1.23368116e+05 -1.96909469e-01 
 1.36000000e+00  8.59800000e+03  1.85000000e+00 -1.09565242e-03  3.95521536e-01  6.65395318e-02  1.04370903e+02  8.11423032e+00  1.23368116e+05 -1.96909469e-01 
 1.37000000e+00  8.59800000e+03  1.85000000e+00 -1.09643282e-03  3.95521536e-01  6.65395318e-02  1.04370903e+02  8.11423032e+00  1.23368116e+05 -1.96909469e-01 
 1.38000000e+00  8.59800000e+03  1.85000000e+00 -1.09720692e-03  3.95521536e-01  6.65395318e-02  1.04370903e+02  8.11423032e+00  1.23368116e+05 -1.96909469e-01 
 1.39000000e+00  8.59800000e+03  1.85000000e+00 -1.09797486e-03  3.95521536e-01  6.65395318e-02  1.04370903e+02  8.11423032e+00  1.23368116e+05 -1.96909469e-01 
 1.40000000e+00  8.59800000e+03  1.85000000e+00 -1.09873678e-03  3.95521536e-01  6.65395318e-02  1.04370903e+02  8.11423032e+00  1.23368116e+05 -1.96909469e-01 
 1.41000000e+00  8.59800000e+03  1.85000000e+00 -1.09949280e-03  3.95521536e-01  6.65395318e-02  1.04370903e+02  8.11423032e+00  1.23368116e+05 -1.96909469e-01 
 1.42000000e+00  8.59800000e+03  1.85000000e+00 -1.10024305e-03  3.95521536e-01  6.65395318e-02  1.04370903e+02  8.11423032e+00  1.23368116e+05 -1.96909469e-01 
 1.43000000e+00  8.59800000e+03  1.85000000e+00 -1.10098765e-03  3.95521536e-01  6.65395318e-02  1.04370903e+02  8.11423032e+00  1.23368116e+05 -1.96909469e-01 
 1.44000000e+00  8.59800000e+03  1.85000000e+00 -1.10172672e-03  3.95521536e-01  6.65395318e-02  1.04370903e+02  8.11423032e+00  1.23368116e+05 -1.96909469e-01 
 1.45000000e+00  8.59800000e+03  1.85000000e+00 -1.10246036e-03  3.95521536e-01  6.65395318e-02  1.04370903e+02  8.11423032e+00  1.23368116e+05 -1.96909469e-01 
 1.46000000e+00  8.59800000e+03  1.85000000e+00 -1.10318870e-03  3.95521536e-01  6.65395318e-02  1.04370903e+02  8.11423032e+00  1.23368116e+05 -1.96909469e-01 
 1.47000000e+00  8.59800000e+03  1.85000000e+00 -1.10391185e-03  3.95521536e-01  6.65395318e-02  1.04370903e+02  8.11423032e+00  1.23368116e+05 -1.96909469e-01 
 1.48000000e+00  8.59800000e+03  1.85000000e+00 -1.10462990e-03  3.95521536e-01  6.65395318e-02  1.04370903e+02  8.11423032e+00  1.23368116e+05 -1.96909469e-01 
 1.49000000e+00  8.59800000e+03  1.85000000e+00 -1.10534296e-03  3.95521536e-01  6.65395318e-02  1.04370903e+02  8.11423032e+00  1.23368116e+05 -1.96909469e-01 
 1.50000000e+00  8.59800000e+03  1.85000000e+00 -1.10605114e-03  3.95521536e-01  6.65395318e-02  1.04370903e+02  8.11423032e+00  1.23368116e+05 -1.96909469e-01 
 1.51000000e+00  8.59800000e+03  1.85000000e+00 -1.10675454e-03  3.95521536e-01  6.65395318e-02  1.04370903e+02  8.11423032e+00  1.23368116e+05 -1.96909469e-01 
 1.52000000e+00  8.59800000e+03  1.85000000e+00 -1.10745324e-03  3.95521536e-01  6.65395318e-02  1.04370903e+02  8.11423032e+00  1.23368116e+05 -1.96909469e-01 
 1.53000000e+00  8.59800000e+03  1.85000000e+00 -1.10814736e-03  3.95521536e-01  6.65395318e-02  1.04370903e+02  8.11423032e+00  1.23368116e+05 -1.96909469e-01 
 1.54000000e+00  8.59800000e+03  1.85000000e+00 -1.10883698e-03  3.95521536e-01  6.65395318e-02  1.04370903e+02  8.11423032e+00  1.23368116e+05 -1.96909469e-01 
 1.55000000e+00  8.59800000e+03  1.85000000e+00 -1.10952220e-03  3.95521536e-01  6.65395318e-02  1.04370903e+02  8.11423032e+00  1.23368116e+05 -1.96909469e-01 
 1.56000000e+00  8.59800000e+03  1.85000000e+00 -1.11020310e-03  3.95521536e-01  6.65395318e-02  1.04370903e+02  8.11423032e+00  1.23368116e+05 -1.96909469e-01 
 1.57000000e+00  8.59800000e+03  1.85000000e+00 -1.11087979e-03  3.95521536e-01  6.65395318e-02  1.04370903e+02  8.11423032e+00  1.23368116e+05 -1.96909469e-01 
 1.58000000e+00  8.59800000e+03  1.85000000e+00 -1.11155235e-03  3.95521536e-01  6.65395318e-02  1.04370903e+02  8.11423032e+00  1.23368116e+05 -1.96909469e-01 
 1.59000000e+00  8.59800000e+03  1.85000000e+00 -1.11222086e-03  3.95521536e-01  6.65395318e-02  1.04370903e+02  8.11423032e+00  1.23368116e+05 -1.96909469e-01 
 1.60000000e+00  8.59800000e+03  1.85000000e+00 -1.11288542e-03  3.95521536e-01  6.65395318e-02  1.04370903e+02  8.11423032e+00  1.23368116e+05 -1.96909469e-01 
 1.61000000e+00  8.59800000e+03  1.85000000e+00 -1.11354612e-03  3.95521536e-01  6.65395318e-02  1.04370903e+02  8.11423032e+00  1.23368116e+05 -1.96909469e-01 
 1.62000000e+00  8.59800000e+03  1.85000000e+00 -1.11420305e-03  3.95521536e-01  6.65395318e-02  1.04370903e+02  8.11423032e+00  1.23368116e+05 -1.96909469e-01 
 1.63000000e+00  8.59800000e+03  1.85000000e+00 -1.11485629e-03  3.95521536e-01  6.65395318e-02  1.04370903e+02  8.11423032e+00  1.23368116e+05 -1.96909469e-01 
 1.64000000e+00  8.59800000e+03  1.85000000e+00 -1.11550593e-03  3.95521536e-01  6.65395318e-02  1.04370903e+02  8.11423032e+00  1.23368116e+05 -1.96909469e-01 
 1.65000000e+00  8.59800000e+03  1.85000000e+00 -1.11615206e-03  3.95521536e-01  6.65395318e-02  1.04370903e+02  8.11423032e+00  1.23368116e+05 -1.96909469e-01 
 1.66000000e+00  8.59800000e+03  1.85000000e+00 -1.11679478e-03  3.95521536e-01  6.65395318e-02  1.04370903e+02  8.11423032e+00  1.23368116e+05 -1.96909469e-01 
 1.67000000e+00  8.59800000e+03  1.85000000e+00 -1.11743418e-03  3.95521536e-01  6.65395318e-02  1.04370903e+02  8.11423032e+00  1.23368116e+05 -1.96909469e-01 
 1.68000000e+00  8.59800000e+03  1.85000000e+00 -1.11807034e-03  3.95521536e-01  6.65395318e-02  1.04370903e+02  8.11423032e+00  1.23368116e+05 -1.96909469e-01 
 1.69000000e+00  8.59800000e+03  1.85000000e+00 -1.11870337e-03  3.95521536e-01  6.65395318e-02  1.04370903e+02  8.11423032e+00  1.23368116e+05 -1.96909469e-01 
 1.70000000e+00  8.59800000e+03  1.85000000e+00 -1.11933337e-03  3.95521536e-01  6.65395318e-02  1.04370903e+02  8.11423032e+00  1.23368116e+05 -1.96909469e-01 
 1.71000000e+00  8.59800000e+03  1.85000000e+00 -1.11996042e-03  3.95521536e-01  6.65395318e-02  1.04370903e+02  8.11423032e+00  1.23368116e+05 -1.96909469e-01 
 1.72000000e+00  8.59800000e+03  1.85000000e+00 -1.12058465e-03  3.95521536e-01  6.65395318e-02  1.04370903e+02  8.11423032e+00  1.23368116e+05 -1.96909469e-01 
 1.73000000e+00  8.59800000e+03  1.85000000e+00 -1.12120615e-03  3.95521536e-01  6.65395318e-02  1.04370903e+02  8.11423032e+00  1.23368116e+05 -1.96909469e-01 
 1.74000000e+00  8.59800000e+03  1.85000000e+00 -1.12182503e-03  3.95521536e-01  6.65395318e-02  1.04370903e+02  8.11423032e+00  1.23368116e+05 -1.96909469e-01 
 1.75000000e+00  8.59800000e+03  1.85000000e+00 -1.12244142e-03  3.95521536e-01  6.65395318e-02  1.04370903e+02  8.11423032e+00  1.23368116e+05 -1.96909469e-01 
 1.76000000e+00  8.59800000e+03  1.85000000e+00 -1.12305542e-03  3.95521536e-01  6.65395318e-02  1.04370903e+02  8.11423032e+00  1.23368116e+05 -1.96909469e-01 
 1.77000000e+00  8.59800000e+03  1.85000000e+00 -1.12366716e-03  3.95521536e-01  6.65395318e-02  1.04370903e+02  8.11423032e+00  1.23368116e+05 -1.96909469e-01 
 1.78000000e+00  8.59800000e+03  1.85000000e+00 -1.12427678e-03  3.95521536e-01  6.65395318e-02  1.04370903e+02  8.11423032e+00  1.23368116e+05 -1.96909469e-01 
 1.79000000e+00  8.59800000e+03  1.85000000e+00 -1.12488440e-03  3.95521536e-01  6.65395318e-02  1.04370903e+02  8.11423032e+00  1.23368116e+05 -1.96909469e-01 
 1.80000000e+00  8.59800000e+03  1.85000000e+00 -1.12549018e-03  3.95521536e-01  6.65395318e-02  1.04370903e+02  8.11423032e+00  1.23368116e+05 -1.96909469e-01 
 1.81000000e+00  8.59800000e+03  1.85000000e+00 -1.12609425e-03  3.95521536e-01  6.65395318e-02  1.04370903e+02  8.11423032e+00  1.23368116e+05 -1.96909469e-01 
 1.82000000e+00  8.59800000e+03  1.85000000e+00 -1.12669677e-03  3.95521536e-01  6.65395318e-02  1.04370903e+02  8.11423032e+00  1.23368116e+05 -1.96909469e-01 
 1.83000000e+00  8.59800000e+03  1.85000000e+00 -1.12729792e-03  3.95521536e-01  6.65395318e-02  1.04370903e+02  8.11423032e+00  1.23368116e+05 -1.96909469e-01 
 1.84000000e+00  8.59800000e+03  1.85000000e+00 -1.12789787e-03  3.95521536e-01  6.65395318e-02  1.04370903e+02  8.11423032e+00  1.23368116e+05 -1.96909469e-01 
 1.85000000e+00  8.59800000e+03  1.85000000e+00 -1.12849679e-03  3.95521536e-01  6.65395318e-02  1.04370903e+02  8.11423032e+00  1.23368116e+05 -1.96909469e-01 
