 v-sweep         run_num         v(gate)         i(vds)          out_vth0        out_u0          out_rdsw        out_nfactor     out_vsat        out_eta0       
 0.00000000e+00  7.10000000e+02  1.85000000e+00 -2.32154912e-43  3.96570406e-01  6.68102705e-02  1.04478994e+02  8.19303832e+00  1.23882800e+05 -1.97152205e-01 
 1.00000000e-02  7.10000000e+02  1.85000000e+00 -4.41685267e-05  3.96570406e-01  6.68102705e-02  1.04478994e+02  8.19303832e+00  1.23882800e+05 -1.97152205e-01 
 2.00000000e-02  7.10000000e+02  1.85000000e+00 -8.73533143e-05  3.96570406e-01  6.68102705e-02  1.04478994e+02  8.19303832e+00  1.23882800e+05 -1.97152205e-01 
 3.00000000e-02  7.10000000e+02  1.85000000e+00 -1.29508082e-04  3.96570406e-01  6.68102705e-02  1.04478994e+02  8.19303832e+00  1.23882800e+05 -1.97152205e-01 
 4.00000000e-02  7.10000000e+02  1.85000000e+00 -1.70595465e-04  3.96570406e-01  6.68102705e-02  1.04478994e+02  8.19303832e+00  1.23882800e+05 -1.97152205e-01 
 5.00000000e-02  7.10000000e+02  1.85000000e+00 -2.10584052e-04  3.96570406e-01  6.68102705e-02  1.04478994e+02  8.19303832e+00  1.23882800e+05 -1.97152205e-01 
 6.00000000e-02  7.10000000e+02  1.85000000e+00 -2.49446503e-04  3.96570406e-01  6.68102705e-02  1.04478994e+02  8.19303832e+00  1.23882800e+05 -1.97152205e-01 
 7.00000000e-02  7.10000000e+02  1.85000000e+00 -2.87158377e-04  3.96570406e-01  6.68102705e-02  1.04478994e+02  8.19303832e+00  1.23882800e+05 -1.97152205e-01 
 8.00000000e-02  7.10000000e+02  1.85000000e+00 -3.23697431e-04  3.96570406e-01  6.68102705e-02  1.04478994e+02  8.19303832e+00  1.23882800e+05 -1.97152205e-01 
 9.00000000e-02  7.10000000e+02  1.85000000e+00 -3.59043274e-04  3.96570406e-01  6.68102705e-02  1.04478994e+02  8.19303832e+00  1.23882800e+05 -1.97152205e-01 
 1.00000000e-01  7.10000000e+02  1.85000000e+00 -3.93177291e-04  3.96570406e-01  6.68102705e-02  1.04478994e+02  8.19303832e+00  1.23882800e+05 -1.97152205e-01 
 1.10000000e-01  7.10000000e+02  1.85000000e+00 -4.26082790e-04  3.96570406e-01  6.68102705e-02  1.04478994e+02  8.19303832e+00  1.23882800e+05 -1.97152205e-01 
 1.20000000e-01  7.10000000e+02  1.85000000e+00 -4.57745323e-04  3.96570406e-01  6.68102705e-02  1.04478994e+02  8.19303832e+00  1.23882800e+05 -1.97152205e-01 
 1.30000000e-01  7.10000000e+02  1.85000000e+00 -4.88153155e-04  3.96570406e-01  6.68102705e-02  1.04478994e+02  8.19303832e+00  1.23882800e+05 -1.97152205e-01 
 1.40000000e-01  7.10000000e+02  1.85000000e+00 -5.17297832e-04  3.96570406e-01  6.68102705e-02  1.04478994e+02  8.19303832e+00  1.23882800e+05 -1.97152205e-01 
 1.50000000e-01  7.10000000e+02  1.85000000e+00 -5.45174812e-04  3.96570406e-01  6.68102705e-02  1.04478994e+02  8.19303832e+00  1.23882800e+05 -1.97152205e-01 
 1.60000000e-01  7.10000000e+02  1.85000000e+00 -5.71784097e-04  3.96570406e-01  6.68102705e-02  1.04478994e+02  8.19303832e+00  1.23882800e+05 -1.97152205e-01 
 1.70000000e-01  7.10000000e+02  1.85000000e+00 -5.97130817e-04  3.96570406e-01  6.68102705e-02  1.04478994e+02  8.19303832e+00  1.23882800e+05 -1.97152205e-01 
 1.80000000e-01  7.10000000e+02  1.85000000e+00 -6.21225707e-04  3.96570406e-01  6.68102705e-02  1.04478994e+02  8.19303832e+00  1.23882800e+05 -1.97152205e-01 
 1.90000000e-01  7.10000000e+02  1.85000000e+00 -6.44085427e-04  3.96570406e-01  6.68102705e-02  1.04478994e+02  8.19303832e+00  1.23882800e+05 -1.97152205e-01 
 2.00000000e-01  7.10000000e+02  1.85000000e+00 -6.65732680e-04  3.96570406e-01  6.68102705e-02  1.04478994e+02  8.19303832e+00  1.23882800e+05 -1.97152205e-01 
 2.10000000e-01  7.10000000e+02  1.85000000e+00 -6.86196106e-04  3.96570406e-01  6.68102705e-02  1.04478994e+02  8.19303832e+00  1.23882800e+05 -1.97152205e-01 
 2.20000000e-01  7.10000000e+02  1.85000000e+00 -7.05509951e-04  3.96570406e-01  6.68102705e-02  1.04478994e+02  8.19303832e+00  1.23882800e+05 -1.97152205e-01 
 2.30000000e-01  7.10000000e+02  1.85000000e+00 -7.23713524e-04  3.96570406e-01  6.68102705e-02  1.04478994e+02  8.19303832e+00  1.23882800e+05 -1.97152205e-01 
 2.40000000e-01  7.10000000e+02  1.85000000e+00 -7.40850480e-04  3.96570406e-01  6.68102705e-02  1.04478994e+02  8.19303832e+00  1.23882800e+05 -1.97152205e-01 
 2.50000000e-01  7.10000000e+02  1.85000000e+00 -7.56967977e-04  3.96570406e-01  6.68102705e-02  1.04478994e+02  8.19303832e+00  1.23882800e+05 -1.97152205e-01 
 2.60000000e-01  7.10000000e+02  1.85000000e+00 -7.72115772e-04  3.96570406e-01  6.68102705e-02  1.04478994e+02  8.19303832e+00  1.23882800e+05 -1.97152205e-01 
 2.70000000e-01  7.10000000e+02  1.85000000e+00 -7.86345289e-04  3.96570406e-01  6.68102705e-02  1.04478994e+02  8.19303832e+00  1.23882800e+05 -1.97152205e-01 
 2.80000000e-01  7.10000000e+02  1.85000000e+00 -7.99708744e-04  3.96570406e-01  6.68102705e-02  1.04478994e+02  8.19303832e+00  1.23882800e+05 -1.97152205e-01 
 2.90000000e-01  7.10000000e+02  1.85000000e+00 -8.12258322e-04  3.96570406e-01  6.68102705e-02  1.04478994e+02  8.19303832e+00  1.23882800e+05 -1.97152205e-01 
 3.00000000e-01  7.10000000e+02  1.85000000e+00 -8.24045481e-04  3.96570406e-01  6.68102705e-02  1.04478994e+02  8.19303832e+00  1.23882800e+05 -1.97152205e-01 
 3.10000000e-01  7.10000000e+02  1.85000000e+00 -8.35120356e-04  3.96570406e-01  6.68102705e-02  1.04478994e+02  8.19303832e+00  1.23882800e+05 -1.97152205e-01 
 3.20000000e-01  7.10000000e+02  1.85000000e+00 -8.45531293e-04  3.96570406e-01  6.68102705e-02  1.04478994e+02  8.19303832e+00  1.23882800e+05 -1.97152205e-01 
 3.30000000e-01  7.10000000e+02  1.85000000e+00 -8.55324504e-04  3.96570406e-01  6.68102705e-02  1.04478994e+02  8.19303832e+00  1.23882800e+05 -1.97152205e-01 
 3.40000000e-01  7.10000000e+02  1.85000000e+00 -8.64543820e-04  3.96570406e-01  6.68102705e-02  1.04478994e+02  8.19303832e+00  1.23882800e+05 -1.97152205e-01 
 3.50000000e-01  7.10000000e+02  1.85000000e+00 -8.73230550e-04  3.96570406e-01  6.68102705e-02  1.04478994e+02  8.19303832e+00  1.23882800e+05 -1.97152205e-01 
 3.60000000e-01  7.10000000e+02  1.85000000e+00 -8.81423413e-04  3.96570406e-01  6.68102705e-02  1.04478994e+02  8.19303832e+00  1.23882800e+05 -1.97152205e-01 
 3.70000000e-01  7.10000000e+02  1.85000000e+00 -8.89158534e-04  3.96570406e-01  6.68102705e-02  1.04478994e+02  8.19303832e+00  1.23882800e+05 -1.97152205e-01 
 3.80000000e-01  7.10000000e+02  1.85000000e+00 -8.96469488e-04  3.96570406e-01  6.68102705e-02  1.04478994e+02  8.19303832e+00  1.23882800e+05 -1.97152205e-01 
 3.90000000e-01  7.10000000e+02  1.85000000e+00 -9.03387390e-04  3.96570406e-01  6.68102705e-02  1.04478994e+02  8.19303832e+00  1.23882800e+05 -1.97152205e-01 
 4.00000000e-01  7.10000000e+02  1.85000000e+00 -9.09940997e-04  3.96570406e-01  6.68102705e-02  1.04478994e+02  8.19303832e+00  1.23882800e+05 -1.97152205e-01 
 4.10000000e-01  7.10000000e+02  1.85000000e+00 -9.16156840e-04  3.96570406e-01  6.68102705e-02  1.04478994e+02  8.19303832e+00  1.23882800e+05 -1.97152205e-01 
 4.20000000e-01  7.10000000e+02  1.85000000e+00 -9.22059357e-04  3.96570406e-01  6.68102705e-02  1.04478994e+02  8.19303832e+00  1.23882800e+05 -1.97152205e-01 
 4.30000000e-01  7.10000000e+02  1.85000000e+00 -9.27671037e-04  3.96570406e-01  6.68102705e-02  1.04478994e+02  8.19303832e+00  1.23882800e+05 -1.97152205e-01 
 4.40000000e-01  7.10000000e+02  1.85000000e+00 -9.33012553e-04  3.96570406e-01  6.68102705e-02  1.04478994e+02  8.19303832e+00  1.23882800e+05 -1.97152205e-01 
 4.50000000e-01  7.10000000e+02  1.85000000e+00 -9.38102908e-04  3.96570406e-01  6.68102705e-02  1.04478994e+02  8.19303832e+00  1.23882800e+05 -1.97152205e-01 
 4.60000000e-01  7.10000000e+02  1.85000000e+00 -9.42959563e-04  3.96570406e-01  6.68102705e-02  1.04478994e+02  8.19303832e+00  1.23882800e+05 -1.97152205e-01 
 4.70000000e-01  7.10000000e+02  1.85000000e+00 -9.47598559e-04  3.96570406e-01  6.68102705e-02  1.04478994e+02  8.19303832e+00  1.23882800e+05 -1.97152205e-01 
 4.80000000e-01  7.10000000e+02  1.85000000e+00 -9.52034642e-04  3.96570406e-01  6.68102705e-02  1.04478994e+02  8.19303832e+00  1.23882800e+05 -1.97152205e-01 
 4.90000000e-01  7.10000000e+02  1.85000000e+00 -9.56281368e-04  3.96570406e-01  6.68102705e-02  1.04478994e+02  8.19303832e+00  1.23882800e+05 -1.97152205e-01 
 5.00000000e-01  7.10000000e+02  1.85000000e+00 -9.60351204e-04  3.96570406e-01  6.68102705e-02  1.04478994e+02  8.19303832e+00  1.23882800e+05 -1.97152205e-01 
 5.10000000e-01  7.10000000e+02  1.85000000e+00 -9.64255626e-04  3.96570406e-01  6.68102705e-02  1.04478994e+02  8.19303832e+00  1.23882800e+05 -1.97152205e-01 
 5.20000000e-01  7.10000000e+02  1.85000000e+00 -9.68005202e-04  3.96570406e-01  6.68102705e-02  1.04478994e+02  8.19303832e+00  1.23882800e+05 -1.97152205e-01 
 5.30000000e-01  7.10000000e+02  1.85000000e+00 -9.71609674e-04  3.96570406e-01  6.68102705e-02  1.04478994e+02  8.19303832e+00  1.23882800e+05 -1.97152205e-01 
 5.40000000e-01  7.10000000e+02  1.85000000e+00 -9.75078026e-04  3.96570406e-01  6.68102705e-02  1.04478994e+02  8.19303832e+00  1.23882800e+05 -1.97152205e-01 
 5.50000000e-01  7.10000000e+02  1.85000000e+00 -9.78418553e-04  3.96570406e-01  6.68102705e-02  1.04478994e+02  8.19303832e+00  1.23882800e+05 -1.97152205e-01 
 5.60000000e-01  7.10000000e+02  1.85000000e+00 -9.81638920e-04  3.96570406e-01  6.68102705e-02  1.04478994e+02  8.19303832e+00  1.23882800e+05 -1.97152205e-01 
 5.70000000e-01  7.10000000e+02  1.85000000e+00 -9.84746217e-04  3.96570406e-01  6.68102705e-02  1.04478994e+02  8.19303832e+00  1.23882800e+05 -1.97152205e-01 
 5.80000000e-01  7.10000000e+02  1.85000000e+00 -9.87747006e-04  3.96570406e-01  6.68102705e-02  1.04478994e+02  8.19303832e+00  1.23882800e+05 -1.97152205e-01 
 5.90000000e-01  7.10000000e+02  1.85000000e+00 -9.90647371e-04  3.96570406e-01  6.68102705e-02  1.04478994e+02  8.19303832e+00  1.23882800e+05 -1.97152205e-01 
 6.00000000e-01  7.10000000e+02  1.85000000e+00 -9.93452952e-04  3.96570406e-01  6.68102705e-02  1.04478994e+02  8.19303832e+00  1.23882800e+05 -1.97152205e-01 
 6.10000000e-01  7.10000000e+02  1.85000000e+00 -9.96168988e-04  3.96570406e-01  6.68102705e-02  1.04478994e+02  8.19303832e+00  1.23882800e+05 -1.97152205e-01 
 6.20000000e-01  7.10000000e+02  1.85000000e+00 -9.98800348e-04  3.96570406e-01  6.68102705e-02  1.04478994e+02  8.19303832e+00  1.23882800e+05 -1.97152205e-01 
 6.30000000e-01  7.10000000e+02  1.85000000e+00 -1.00135156e-03  3.96570406e-01  6.68102705e-02  1.04478994e+02  8.19303832e+00  1.23882800e+05 -1.97152205e-01 
 6.40000000e-01  7.10000000e+02  1.85000000e+00 -1.00382685e-03  3.96570406e-01  6.68102705e-02  1.04478994e+02  8.19303832e+00  1.23882800e+05 -1.97152205e-01 
 6.50000000e-01  7.10000000e+02  1.85000000e+00 -1.00623014e-03  3.96570406e-01  6.68102705e-02  1.04478994e+02  8.19303832e+00  1.23882800e+05 -1.97152205e-01 
 6.60000000e-01  7.10000000e+02  1.85000000e+00 -1.00856510e-03  3.96570406e-01  6.68102705e-02  1.04478994e+02  8.19303832e+00  1.23882800e+05 -1.97152205e-01 
 6.70000000e-01  7.10000000e+02  1.85000000e+00 -1.01083516e-03  3.96570406e-01  6.68102705e-02  1.04478994e+02  8.19303832e+00  1.23882800e+05 -1.97152205e-01 
 6.80000000e-01  7.10000000e+02  1.85000000e+00 -1.01304353e-03  3.96570406e-01  6.68102705e-02  1.04478994e+02  8.19303832e+00  1.23882800e+05 -1.97152205e-01 
 6.90000000e-01  7.10000000e+02  1.85000000e+00 -1.01519320e-03  3.96570406e-01  6.68102705e-02  1.04478994e+02  8.19303832e+00  1.23882800e+05 -1.97152205e-01 
 7.00000000e-01  7.10000000e+02  1.85000000e+00 -1.01728698e-03  3.96570406e-01  6.68102705e-02  1.04478994e+02  8.19303832e+00  1.23882800e+05 -1.97152205e-01 
 7.10000000e-01  7.10000000e+02  1.85000000e+00 -1.01932750e-03  3.96570406e-01  6.68102705e-02  1.04478994e+02  8.19303832e+00  1.23882800e+05 -1.97152205e-01 
 7.20000000e-01  7.10000000e+02  1.85000000e+00 -1.02131724e-03  3.96570406e-01  6.68102705e-02  1.04478994e+02  8.19303832e+00  1.23882800e+05 -1.97152205e-01 
 7.30000000e-01  7.10000000e+02  1.85000000e+00 -1.02325850e-03  3.96570406e-01  6.68102705e-02  1.04478994e+02  8.19303832e+00  1.23882800e+05 -1.97152205e-01 
 7.40000000e-01  7.10000000e+02  1.85000000e+00 -1.02515348e-03  3.96570406e-01  6.68102705e-02  1.04478994e+02  8.19303832e+00  1.23882800e+05 -1.97152205e-01 
 7.50000000e-01  7.10000000e+02  1.85000000e+00 -1.02700422e-03  3.96570406e-01  6.68102705e-02  1.04478994e+02  8.19303832e+00  1.23882800e+05 -1.97152205e-01 
 7.60000000e-01  7.10000000e+02  1.85000000e+00 -1.02881266e-03  3.96570406e-01  6.68102705e-02  1.04478994e+02  8.19303832e+00  1.23882800e+05 -1.97152205e-01 
 7.70000000e-01  7.10000000e+02  1.85000000e+00 -1.03058060e-03  3.96570406e-01  6.68102705e-02  1.04478994e+02  8.19303832e+00  1.23882800e+05 -1.97152205e-01 
 7.80000000e-01  7.10000000e+02  1.85000000e+00 -1.03230978e-03  3.96570406e-01  6.68102705e-02  1.04478994e+02  8.19303832e+00  1.23882800e+05 -1.97152205e-01 
 7.90000000e-01  7.10000000e+02  1.85000000e+00 -1.03400181e-03  3.96570406e-01  6.68102705e-02  1.04478994e+02  8.19303832e+00  1.23882800e+05 -1.97152205e-01 
 8.00000000e-01  7.10000000e+02  1.85000000e+00 -1.03565821e-03  3.96570406e-01  6.68102705e-02  1.04478994e+02  8.19303832e+00  1.23882800e+05 -1.97152205e-01 
 8.10000000e-01  7.10000000e+02  1.85000000e+00 -1.03728044e-03  3.96570406e-01  6.68102705e-02  1.04478994e+02  8.19303832e+00  1.23882800e+05 -1.97152205e-01 
 8.20000000e-01  7.10000000e+02  1.85000000e+00 -1.03886986e-03  3.96570406e-01  6.68102705e-02  1.04478994e+02  8.19303832e+00  1.23882800e+05 -1.97152205e-01 
 8.30000000e-01  7.10000000e+02  1.85000000e+00 -1.04042777e-03  3.96570406e-01  6.68102705e-02  1.04478994e+02  8.19303832e+00  1.23882800e+05 -1.97152205e-01 
 8.40000000e-01  7.10000000e+02  1.85000000e+00 -1.04195539e-03  3.96570406e-01  6.68102705e-02  1.04478994e+02  8.19303832e+00  1.23882800e+05 -1.97152205e-01 
 8.50000000e-01  7.10000000e+02  1.85000000e+00 -1.04345389e-03  3.96570406e-01  6.68102705e-02  1.04478994e+02  8.19303832e+00  1.23882800e+05 -1.97152205e-01 
 8.60000000e-01  7.10000000e+02  1.85000000e+00 -1.04492437e-03  3.96570406e-01  6.68102705e-02  1.04478994e+02  8.19303832e+00  1.23882800e+05 -1.97152205e-01 
 8.70000000e-01  7.10000000e+02  1.85000000e+00 -1.04636787e-03  3.96570406e-01  6.68102705e-02  1.04478994e+02  8.19303832e+00  1.23882800e+05 -1.97152205e-01 
 8.80000000e-01  7.10000000e+02  1.85000000e+00 -1.04778540e-03  3.96570406e-01  6.68102705e-02  1.04478994e+02  8.19303832e+00  1.23882800e+05 -1.97152205e-01 
 8.90000000e-01  7.10000000e+02  1.85000000e+00 -1.04917789e-03  3.96570406e-01  6.68102705e-02  1.04478994e+02  8.19303832e+00  1.23882800e+05 -1.97152205e-01 
 9.00000000e-01  7.10000000e+02  1.85000000e+00 -1.05054624e-03  3.96570406e-01  6.68102705e-02  1.04478994e+02  8.19303832e+00  1.23882800e+05 -1.97152205e-01 
 9.10000000e-01  7.10000000e+02  1.85000000e+00 -1.05189132e-03  3.96570406e-01  6.68102705e-02  1.04478994e+02  8.19303832e+00  1.23882800e+05 -1.97152205e-01 
 9.20000000e-01  7.10000000e+02  1.85000000e+00 -1.05321393e-03  3.96570406e-01  6.68102705e-02  1.04478994e+02  8.19303832e+00  1.23882800e+05 -1.97152205e-01 
 9.30000000e-01  7.10000000e+02  1.85000000e+00 -1.05451485e-03  3.96570406e-01  6.68102705e-02  1.04478994e+02  8.19303832e+00  1.23882800e+05 -1.97152205e-01 
 9.40000000e-01  7.10000000e+02  1.85000000e+00 -1.05579482e-03  3.96570406e-01  6.68102705e-02  1.04478994e+02  8.19303832e+00  1.23882800e+05 -1.97152205e-01 
 9.50000000e-01  7.10000000e+02  1.85000000e+00 -1.05705455e-03  3.96570406e-01  6.68102705e-02  1.04478994e+02  8.19303832e+00  1.23882800e+05 -1.97152205e-01 
 9.60000000e-01  7.10000000e+02  1.85000000e+00 -1.05829471e-03  3.96570406e-01  6.68102705e-02  1.04478994e+02  8.19303832e+00  1.23882800e+05 -1.97152205e-01 
 9.70000000e-01  7.10000000e+02  1.85000000e+00 -1.05951594e-03  3.96570406e-01  6.68102705e-02  1.04478994e+02  8.19303832e+00  1.23882800e+05 -1.97152205e-01 
 9.80000000e-01  7.10000000e+02  1.85000000e+00 -1.06071886e-03  3.96570406e-01  6.68102705e-02  1.04478994e+02  8.19303832e+00  1.23882800e+05 -1.97152205e-01 
 9.90000000e-01  7.10000000e+02  1.85000000e+00 -1.06190406e-03  3.96570406e-01  6.68102705e-02  1.04478994e+02  8.19303832e+00  1.23882800e+05 -1.97152205e-01 
 1.00000000e+00  7.10000000e+02  1.85000000e+00 -1.06307210e-03  3.96570406e-01  6.68102705e-02  1.04478994e+02  8.19303832e+00  1.23882800e+05 -1.97152205e-01 
 1.01000000e+00  7.10000000e+02  1.85000000e+00 -1.06422351e-03  3.96570406e-01  6.68102705e-02  1.04478994e+02  8.19303832e+00  1.23882800e+05 -1.97152205e-01 
 1.02000000e+00  7.10000000e+02  1.85000000e+00 -1.06535881e-03  3.96570406e-01  6.68102705e-02  1.04478994e+02  8.19303832e+00  1.23882800e+05 -1.97152205e-01 
 1.03000000e+00  7.10000000e+02  1.85000000e+00 -1.06647849e-03  3.96570406e-01  6.68102705e-02  1.04478994e+02  8.19303832e+00  1.23882800e+05 -1.97152205e-01 
 1.04000000e+00  7.10000000e+02  1.85000000e+00 -1.06758303e-03  3.96570406e-01  6.68102705e-02  1.04478994e+02  8.19303832e+00  1.23882800e+05 -1.97152205e-01 
 1.05000000e+00  7.10000000e+02  1.85000000e+00 -1.06867288e-03  3.96570406e-01  6.68102705e-02  1.04478994e+02  8.19303832e+00  1.23882800e+05 -1.97152205e-01 
 1.06000000e+00  7.10000000e+02  1.85000000e+00 -1.06974847e-03  3.96570406e-01  6.68102705e-02  1.04478994e+02  8.19303832e+00  1.23882800e+05 -1.97152205e-01 
 1.07000000e+00  7.10000000e+02  1.85000000e+00 -1.07081023e-03  3.96570406e-01  6.68102705e-02  1.04478994e+02  8.19303832e+00  1.23882800e+05 -1.97152205e-01 
 1.08000000e+00  7.10000000e+02  1.85000000e+00 -1.07185854e-03  3.96570406e-01  6.68102705e-02  1.04478994e+02  8.19303832e+00  1.23882800e+05 -1.97152205e-01 
 1.09000000e+00  7.10000000e+02  1.85000000e+00 -1.07289380e-03  3.96570406e-01  6.68102705e-02  1.04478994e+02  8.19303832e+00  1.23882800e+05 -1.97152205e-01 
 1.10000000e+00  7.10000000e+02  1.85000000e+00 -1.07391638e-03  3.96570406e-01  6.68102705e-02  1.04478994e+02  8.19303832e+00  1.23882800e+05 -1.97152205e-01 
 1.11000000e+00  7.10000000e+02  1.85000000e+00 -1.07492662e-03  3.96570406e-01  6.68102705e-02  1.04478994e+02  8.19303832e+00  1.23882800e+05 -1.97152205e-01 
 1.12000000e+00  7.10000000e+02  1.85000000e+00 -1.07592488e-03  3.96570406e-01  6.68102705e-02  1.04478994e+02  8.19303832e+00  1.23882800e+05 -1.97152205e-01 
 1.13000000e+00  7.10000000e+02  1.85000000e+00 -1.07691148e-03  3.96570406e-01  6.68102705e-02  1.04478994e+02  8.19303832e+00  1.23882800e+05 -1.97152205e-01 
 1.14000000e+00  7.10000000e+02  1.85000000e+00 -1.07788674e-03  3.96570406e-01  6.68102705e-02  1.04478994e+02  8.19303832e+00  1.23882800e+05 -1.97152205e-01 
 1.15000000e+00  7.10000000e+02  1.85000000e+00 -1.07885095e-03  3.96570406e-01  6.68102705e-02  1.04478994e+02  8.19303832e+00  1.23882800e+05 -1.97152205e-01 
 1.16000000e+00  7.10000000e+02  1.85000000e+00 -1.07980442e-03  3.96570406e-01  6.68102705e-02  1.04478994e+02  8.19303832e+00  1.23882800e+05 -1.97152205e-01 
 1.17000000e+00  7.10000000e+02  1.85000000e+00 -1.08074743e-03  3.96570406e-01  6.68102705e-02  1.04478994e+02  8.19303832e+00  1.23882800e+05 -1.97152205e-01 
 1.18000000e+00  7.10000000e+02  1.85000000e+00 -1.08168025e-03  3.96570406e-01  6.68102705e-02  1.04478994e+02  8.19303832e+00  1.23882800e+05 -1.97152205e-01 
 1.19000000e+00  7.10000000e+02  1.85000000e+00 -1.08260314e-03  3.96570406e-01  6.68102705e-02  1.04478994e+02  8.19303832e+00  1.23882800e+05 -1.97152205e-01 
 1.20000000e+00  7.10000000e+02  1.85000000e+00 -1.08351635e-03  3.96570406e-01  6.68102705e-02  1.04478994e+02  8.19303832e+00  1.23882800e+05 -1.97152205e-01 
 1.21000000e+00  7.10000000e+02  1.85000000e+00 -1.08442013e-03  3.96570406e-01  6.68102705e-02  1.04478994e+02  8.19303832e+00  1.23882800e+05 -1.97152205e-01 
 1.22000000e+00  7.10000000e+02  1.85000000e+00 -1.08531472e-03  3.96570406e-01  6.68102705e-02  1.04478994e+02  8.19303832e+00  1.23882800e+05 -1.97152205e-01 
 1.23000000e+00  7.10000000e+02  1.85000000e+00 -1.08620035e-03  3.96570406e-01  6.68102705e-02  1.04478994e+02  8.19303832e+00  1.23882800e+05 -1.97152205e-01 
 1.24000000e+00  7.10000000e+02  1.85000000e+00 -1.08707722e-03  3.96570406e-01  6.68102705e-02  1.04478994e+02  8.19303832e+00  1.23882800e+05 -1.97152205e-01 
 1.25000000e+00  7.10000000e+02  1.85000000e+00 -1.08794556e-03  3.96570406e-01  6.68102705e-02  1.04478994e+02  8.19303832e+00  1.23882800e+05 -1.97152205e-01 
 1.26000000e+00  7.10000000e+02  1.85000000e+00 -1.08880558e-03  3.96570406e-01  6.68102705e-02  1.04478994e+02  8.19303832e+00  1.23882800e+05 -1.97152205e-01 
 1.27000000e+00  7.10000000e+02  1.85000000e+00 -1.08965746e-03  3.96570406e-01  6.68102705e-02  1.04478994e+02  8.19303832e+00  1.23882800e+05 -1.97152205e-01 
 1.28000000e+00  7.10000000e+02  1.85000000e+00 -1.09050140e-03  3.96570406e-01  6.68102705e-02  1.04478994e+02  8.19303832e+00  1.23882800e+05 -1.97152205e-01 
 1.29000000e+00  7.10000000e+02  1.85000000e+00 -1.09133760e-03  3.96570406e-01  6.68102705e-02  1.04478994e+02  8.19303832e+00  1.23882800e+05 -1.97152205e-01 
 1.30000000e+00  7.10000000e+02  1.85000000e+00 -1.09216622e-03  3.96570406e-01  6.68102705e-02  1.04478994e+02  8.19303832e+00  1.23882800e+05 -1.97152205e-01 
 1.31000000e+00  7.10000000e+02  1.85000000e+00 -1.09298744e-03  3.96570406e-01  6.68102705e-02  1.04478994e+02  8.19303832e+00  1.23882800e+05 -1.97152205e-01 
 1.32000000e+00  7.10000000e+02  1.85000000e+00 -1.09380143e-03  3.96570406e-01  6.68102705e-02  1.04478994e+02  8.19303832e+00  1.23882800e+05 -1.97152205e-01 
 1.33000000e+00  7.10000000e+02  1.85000000e+00 -1.09460836e-03  3.96570406e-01  6.68102705e-02  1.04478994e+02  8.19303832e+00  1.23882800e+05 -1.97152205e-01 
 1.34000000e+00  7.10000000e+02  1.85000000e+00 -1.09540838e-03  3.96570406e-01  6.68102705e-02  1.04478994e+02  8.19303832e+00  1.23882800e+05 -1.97152205e-01 
 1.35000000e+00  7.10000000e+02  1.85000000e+00 -1.09620164e-03  3.96570406e-01  6.68102705e-02  1.04478994e+02  8.19303832e+00  1.23882800e+05 -1.97152205e-01 
 1.36000000e+00  7.10000000e+02  1.85000000e+00 -1.09698830e-03  3.96570406e-01  6.68102705e-02  1.04478994e+02  8.19303832e+00  1.23882800e+05 -1.97152205e-01 
 1.37000000e+00  7.10000000e+02  1.85000000e+00 -1.09776850e-03  3.96570406e-01  6.68102705e-02  1.04478994e+02  8.19303832e+00  1.23882800e+05 -1.97152205e-01 
 1.38000000e+00  7.10000000e+02  1.85000000e+00 -1.09854238e-03  3.96570406e-01  6.68102705e-02  1.04478994e+02  8.19303832e+00  1.23882800e+05 -1.97152205e-01 
 1.39000000e+00  7.10000000e+02  1.85000000e+00 -1.09931007e-03  3.96570406e-01  6.68102705e-02  1.04478994e+02  8.19303832e+00  1.23882800e+05 -1.97152205e-01 
 1.40000000e+00  7.10000000e+02  1.85000000e+00 -1.10007171e-03  3.96570406e-01  6.68102705e-02  1.04478994e+02  8.19303832e+00  1.23882800e+05 -1.97152205e-01 
 1.41000000e+00  7.10000000e+02  1.85000000e+00 -1.10082743e-03  3.96570406e-01  6.68102705e-02  1.04478994e+02  8.19303832e+00  1.23882800e+05 -1.97152205e-01 
 1.42000000e+00  7.10000000e+02  1.85000000e+00 -1.10157735e-03  3.96570406e-01  6.68102705e-02  1.04478994e+02  8.19303832e+00  1.23882800e+05 -1.97152205e-01 
 1.43000000e+00  7.10000000e+02  1.85000000e+00 -1.10232159e-03  3.96570406e-01  6.68102705e-02  1.04478994e+02  8.19303832e+00  1.23882800e+05 -1.97152205e-01 
 1.44000000e+00  7.10000000e+02  1.85000000e+00 -1.10306027e-03  3.96570406e-01  6.68102705e-02  1.04478994e+02  8.19303832e+00  1.23882800e+05 -1.97152205e-01 
 1.45000000e+00  7.10000000e+02  1.85000000e+00 -1.10379351e-03  3.96570406e-01  6.68102705e-02  1.04478994e+02  8.19303832e+00  1.23882800e+05 -1.97152205e-01 
 1.46000000e+00  7.10000000e+02  1.85000000e+00 -1.10452142e-03  3.96570406e-01  6.68102705e-02  1.04478994e+02  8.19303832e+00  1.23882800e+05 -1.97152205e-01 
 1.47000000e+00  7.10000000e+02  1.85000000e+00 -1.10524411e-03  3.96570406e-01  6.68102705e-02  1.04478994e+02  8.19303832e+00  1.23882800e+05 -1.97152205e-01 
 1.48000000e+00  7.10000000e+02  1.85000000e+00 -1.10596168e-03  3.96570406e-01  6.68102705e-02  1.04478994e+02  8.19303832e+00  1.23882800e+05 -1.97152205e-01 
 1.49000000e+00  7.10000000e+02  1.85000000e+00 -1.10667425e-03  3.96570406e-01  6.68102705e-02  1.04478994e+02  8.19303832e+00  1.23882800e+05 -1.97152205e-01 
 1.50000000e+00  7.10000000e+02  1.85000000e+00 -1.10738190e-03  3.96570406e-01  6.68102705e-02  1.04478994e+02  8.19303832e+00  1.23882800e+05 -1.97152205e-01 
 1.51000000e+00  7.10000000e+02  1.85000000e+00 -1.10808476e-03  3.96570406e-01  6.68102705e-02  1.04478994e+02  8.19303832e+00  1.23882800e+05 -1.97152205e-01 
 1.52000000e+00  7.10000000e+02  1.85000000e+00 -1.10878290e-03  3.96570406e-01  6.68102705e-02  1.04478994e+02  8.19303832e+00  1.23882800e+05 -1.97152205e-01 
 1.53000000e+00  7.10000000e+02  1.85000000e+00 -1.10947643e-03  3.96570406e-01  6.68102705e-02  1.04478994e+02  8.19303832e+00  1.23882800e+05 -1.97152205e-01 
 1.54000000e+00  7.10000000e+02  1.85000000e+00 -1.11016545e-03  3.96570406e-01  6.68102705e-02  1.04478994e+02  8.19303832e+00  1.23882800e+05 -1.97152205e-01 
 1.55000000e+00  7.10000000e+02  1.85000000e+00 -1.11085004e-03  3.96570406e-01  6.68102705e-02  1.04478994e+02  8.19303832e+00  1.23882800e+05 -1.97152205e-01 
 1.56000000e+00  7.10000000e+02  1.85000000e+00 -1.11153030e-03  3.96570406e-01  6.68102705e-02  1.04478994e+02  8.19303832e+00  1.23882800e+05 -1.97152205e-01 
 1.57000000e+00  7.10000000e+02  1.85000000e+00 -1.11220632e-03  3.96570406e-01  6.68102705e-02  1.04478994e+02  8.19303832e+00  1.23882800e+05 -1.97152205e-01 
 1.58000000e+00  7.10000000e+02  1.85000000e+00 -1.11287820e-03  3.96570406e-01  6.68102705e-02  1.04478994e+02  8.19303832e+00  1.23882800e+05 -1.97152205e-01 
 1.59000000e+00  7.10000000e+02  1.85000000e+00 -1.11354601e-03  3.96570406e-01  6.68102705e-02  1.04478994e+02  8.19303832e+00  1.23882800e+05 -1.97152205e-01 
 1.60000000e+00  7.10000000e+02  1.85000000e+00 -1.11420986e-03  3.96570406e-01  6.68102705e-02  1.04478994e+02  8.19303832e+00  1.23882800e+05 -1.97152205e-01 
 1.61000000e+00  7.10000000e+02  1.85000000e+00 -1.11486982e-03  3.96570406e-01  6.68102705e-02  1.04478994e+02  8.19303832e+00  1.23882800e+05 -1.97152205e-01 
 1.62000000e+00  7.10000000e+02  1.85000000e+00 -1.11552600e-03  3.96570406e-01  6.68102705e-02  1.04478994e+02  8.19303832e+00  1.23882800e+05 -1.97152205e-01 
 1.63000000e+00  7.10000000e+02  1.85000000e+00 -1.11617847e-03  3.96570406e-01  6.68102705e-02  1.04478994e+02  8.19303832e+00  1.23882800e+05 -1.97152205e-01 
 1.64000000e+00  7.10000000e+02  1.85000000e+00 -1.11682733e-03  3.96570406e-01  6.68102705e-02  1.04478994e+02  8.19303832e+00  1.23882800e+05 -1.97152205e-01 
 1.65000000e+00  7.10000000e+02  1.85000000e+00 -1.11747267e-03  3.96570406e-01  6.68102705e-02  1.04478994e+02  8.19303832e+00  1.23882800e+05 -1.97152205e-01 
 1.66000000e+00  7.10000000e+02  1.85000000e+00 -1.11811457e-03  3.96570406e-01  6.68102705e-02  1.04478994e+02  8.19303832e+00  1.23882800e+05 -1.97152205e-01 
 1.67000000e+00  7.10000000e+02  1.85000000e+00 -1.11875314e-03  3.96570406e-01  6.68102705e-02  1.04478994e+02  8.19303832e+00  1.23882800e+05 -1.97152205e-01 
 1.68000000e+00  7.10000000e+02  1.85000000e+00 -1.11938847e-03  3.96570406e-01  6.68102705e-02  1.04478994e+02  8.19303832e+00  1.23882800e+05 -1.97152205e-01 
 1.69000000e+00  7.10000000e+02  1.85000000e+00 -1.12002064e-03  3.96570406e-01  6.68102705e-02  1.04478994e+02  8.19303832e+00  1.23882800e+05 -1.97152205e-01 
 1.70000000e+00  7.10000000e+02  1.85000000e+00 -1.12064977e-03  3.96570406e-01  6.68102705e-02  1.04478994e+02  8.19303832e+00  1.23882800e+05 -1.97152205e-01 
 1.71000000e+00  7.10000000e+02  1.85000000e+00 -1.12127595e-03  3.96570406e-01  6.68102705e-02  1.04478994e+02  8.19303832e+00  1.23882800e+05 -1.97152205e-01 
 1.72000000e+00  7.10000000e+02  1.85000000e+00 -1.12189928e-03  3.96570406e-01  6.68102705e-02  1.04478994e+02  8.19303832e+00  1.23882800e+05 -1.97152205e-01 
 1.73000000e+00  7.10000000e+02  1.85000000e+00 -1.12251988e-03  3.96570406e-01  6.68102705e-02  1.04478994e+02  8.19303832e+00  1.23882800e+05 -1.97152205e-01 
 1.74000000e+00  7.10000000e+02  1.85000000e+00 -1.12313786e-03  3.96570406e-01  6.68102705e-02  1.04478994e+02  8.19303832e+00  1.23882800e+05 -1.97152205e-01 
 1.75000000e+00  7.10000000e+02  1.85000000e+00 -1.12375332e-03  3.96570406e-01  6.68102705e-02  1.04478994e+02  8.19303832e+00  1.23882800e+05 -1.97152205e-01 
 1.76000000e+00  7.10000000e+02  1.85000000e+00 -1.12436639e-03  3.96570406e-01  6.68102705e-02  1.04478994e+02  8.19303832e+00  1.23882800e+05 -1.97152205e-01 
 1.77000000e+00  7.10000000e+02  1.85000000e+00 -1.12497719e-03  3.96570406e-01  6.68102705e-02  1.04478994e+02  8.19303832e+00  1.23882800e+05 -1.97152205e-01 
 1.78000000e+00  7.10000000e+02  1.85000000e+00 -1.12558585e-03  3.96570406e-01  6.68102705e-02  1.04478994e+02  8.19303832e+00  1.23882800e+05 -1.97152205e-01 
 1.79000000e+00  7.10000000e+02  1.85000000e+00 -1.12619252e-03  3.96570406e-01  6.68102705e-02  1.04478994e+02  8.19303832e+00  1.23882800e+05 -1.97152205e-01 
 1.80000000e+00  7.10000000e+02  1.85000000e+00 -1.12679733e-03  3.96570406e-01  6.68102705e-02  1.04478994e+02  8.19303832e+00  1.23882800e+05 -1.97152205e-01 
 1.81000000e+00  7.10000000e+02  1.85000000e+00 -1.12740043e-03  3.96570406e-01  6.68102705e-02  1.04478994e+02  8.19303832e+00  1.23882800e+05 -1.97152205e-01 
 1.82000000e+00  7.10000000e+02  1.85000000e+00 -1.12800198e-03  3.96570406e-01  6.68102705e-02  1.04478994e+02  8.19303832e+00  1.23882800e+05 -1.97152205e-01 
 1.83000000e+00  7.10000000e+02  1.85000000e+00 -1.12860215e-03  3.96570406e-01  6.68102705e-02  1.04478994e+02  8.19303832e+00  1.23882800e+05 -1.97152205e-01 
 1.84000000e+00  7.10000000e+02  1.85000000e+00 -1.12920111e-03  3.96570406e-01  6.68102705e-02  1.04478994e+02  8.19303832e+00  1.23882800e+05 -1.97152205e-01 
 1.85000000e+00  7.10000000e+02  1.85000000e+00 -1.12979904e-03  3.96570406e-01  6.68102705e-02  1.04478994e+02  8.19303832e+00  1.23882800e+05 -1.97152205e-01 
