 v-sweep         run_num         v(gate)         i(vds)          out_vth0        out_u0          out_rdsw        out_nfactor     out_vsat        out_eta0       
 0.00000000e+00  7.57800000e+03  1.85000000e+00 -3.54426723e-43  3.69253909e-01  5.97592166e-02  1.01663896e+02  6.14058184e+00  1.10478507e+05 -1.90830452e-01 
 1.00000000e-02  7.57800000e+03  1.85000000e+00 -4.11713065e-05  3.69253909e-01  5.97592166e-02  1.01663896e+02  6.14058184e+00  1.10478507e+05 -1.90830452e-01 
 2.00000000e-02  7.57800000e+03  1.85000000e+00 -8.14622280e-05  3.69253909e-01  5.97592166e-02  1.01663896e+02  6.14058184e+00  1.10478507e+05 -1.90830452e-01 
 3.00000000e-02  7.57800000e+03  1.85000000e+00 -1.20853656e-04  3.69253909e-01  5.97592166e-02  1.01663896e+02  6.14058184e+00  1.10478507e+05 -1.90830452e-01 
 4.00000000e-02  7.57800000e+03  1.85000000e+00 -1.59328056e-04  3.69253909e-01  5.97592166e-02  1.01663896e+02  6.14058184e+00  1.10478507e+05 -1.90830452e-01 
 5.00000000e-02  7.57800000e+03  1.85000000e+00 -1.96868732e-04  3.69253909e-01  5.97592166e-02  1.01663896e+02  6.14058184e+00  1.10478507e+05 -1.90830452e-01 
 6.00000000e-02  7.57800000e+03  1.85000000e+00 -2.33459277e-04  3.69253909e-01  5.97592166e-02  1.01663896e+02  6.14058184e+00  1.10478507e+05 -1.90830452e-01 
 7.00000000e-02  7.57800000e+03  1.85000000e+00 -2.69083181e-04  3.69253909e-01  5.97592166e-02  1.01663896e+02  6.14058184e+00  1.10478507e+05 -1.90830452e-01 
 8.00000000e-02  7.57800000e+03  1.85000000e+00 -3.03723568e-04  3.69253909e-01  5.97592166e-02  1.01663896e+02  6.14058184e+00  1.10478507e+05 -1.90830452e-01 
 9.00000000e-02  7.57800000e+03  1.85000000e+00 -3.37363054e-04  3.69253909e-01  5.97592166e-02  1.01663896e+02  6.14058184e+00  1.10478507e+05 -1.90830452e-01 
 1.00000000e-01  7.57800000e+03  1.85000000e+00 -3.69983732e-04  3.69253909e-01  5.97592166e-02  1.01663896e+02  6.14058184e+00  1.10478507e+05 -1.90830452e-01 
 1.10000000e-01  7.57800000e+03  1.85000000e+00 -4.01567274e-04  3.69253909e-01  5.97592166e-02  1.01663896e+02  6.14058184e+00  1.10478507e+05 -1.90830452e-01 
 1.20000000e-01  7.57800000e+03  1.85000000e+00 -4.32095178e-04  3.69253909e-01  5.97592166e-02  1.01663896e+02  6.14058184e+00  1.10478507e+05 -1.90830452e-01 
 1.30000000e-01  7.57800000e+03  1.85000000e+00 -4.61549147e-04  3.69253909e-01  5.97592166e-02  1.01663896e+02  6.14058184e+00  1.10478507e+05 -1.90830452e-01 
 1.40000000e-01  7.57800000e+03  1.85000000e+00 -4.89911617e-04  3.69253909e-01  5.97592166e-02  1.01663896e+02  6.14058184e+00  1.10478507e+05 -1.90830452e-01 
 1.50000000e-01  7.57800000e+03  1.85000000e+00 -5.17166412e-04  3.69253909e-01  5.97592166e-02  1.01663896e+02  6.14058184e+00  1.10478507e+05 -1.90830452e-01 
 1.60000000e-01  7.57800000e+03  1.85000000e+00 -5.43299530e-04  3.69253909e-01  5.97592166e-02  1.01663896e+02  6.14058184e+00  1.10478507e+05 -1.90830452e-01 
 1.70000000e-01  7.57800000e+03  1.85000000e+00 -5.68300004e-04  3.69253909e-01  5.97592166e-02  1.01663896e+02  6.14058184e+00  1.10478507e+05 -1.90830452e-01 
 1.80000000e-01  7.57800000e+03  1.85000000e+00 -5.92160808e-04  3.69253909e-01  5.97592166e-02  1.01663896e+02  6.14058184e+00  1.10478507e+05 -1.90830452e-01 
 1.90000000e-01  7.57800000e+03  1.85000000e+00 -6.14879735e-04  3.69253909e-01  5.97592166e-02  1.01663896e+02  6.14058184e+00  1.10478507e+05 -1.90830452e-01 
 2.00000000e-01  7.57800000e+03  1.85000000e+00 -6.36460175e-04  3.69253909e-01  5.97592166e-02  1.01663896e+02  6.14058184e+00  1.10478507e+05 -1.90830452e-01 
 2.10000000e-01  7.57800000e+03  1.85000000e+00 -6.56911716e-04  3.69253909e-01  5.97592166e-02  1.01663896e+02  6.14058184e+00  1.10478507e+05 -1.90830452e-01 
 2.20000000e-01  7.57800000e+03  1.85000000e+00 -6.76250514e-04  3.69253909e-01  5.97592166e-02  1.01663896e+02  6.14058184e+00  1.10478507e+05 -1.90830452e-01 
 2.30000000e-01  7.57800000e+03  1.85000000e+00 -6.94499372e-04  3.69253909e-01  5.97592166e-02  1.01663896e+02  6.14058184e+00  1.10478507e+05 -1.90830452e-01 
 2.40000000e-01  7.57800000e+03  1.85000000e+00 -7.11687511e-04  3.69253909e-01  5.97592166e-02  1.01663896e+02  6.14058184e+00  1.10478507e+05 -1.90830452e-01 
 2.50000000e-01  7.57800000e+03  1.85000000e+00 -7.27850057e-04  3.69253909e-01  5.97592166e-02  1.01663896e+02  6.14058184e+00  1.10478507e+05 -1.90830452e-01 
 2.60000000e-01  7.57800000e+03  1.85000000e+00 -7.43027274e-04  3.69253909e-01  5.97592166e-02  1.01663896e+02  6.14058184e+00  1.10478507e+05 -1.90830452e-01 
 2.70000000e-01  7.57800000e+03  1.85000000e+00 -7.57263614e-04  3.69253909e-01  5.97592166e-02  1.01663896e+02  6.14058184e+00  1.10478507e+05 -1.90830452e-01 
 2.80000000e-01  7.57800000e+03  1.85000000e+00 -7.70606665e-04  3.69253909e-01  5.97592166e-02  1.01663896e+02  6.14058184e+00  1.10478507e+05 -1.90830452e-01 
 2.90000000e-01  7.57800000e+03  1.85000000e+00 -7.83106064e-04  3.69253909e-01  5.97592166e-02  1.01663896e+02  6.14058184e+00  1.10478507e+05 -1.90830452e-01 
 3.00000000e-01  7.57800000e+03  1.85000000e+00 -7.94812458e-04  3.69253909e-01  5.97592166e-02  1.01663896e+02  6.14058184e+00  1.10478507e+05 -1.90830452e-01 
 3.10000000e-01  7.57800000e+03  1.85000000e+00 -8.05776558e-04  3.69253909e-01  5.97592166e-02  1.01663896e+02  6.14058184e+00  1.10478507e+05 -1.90830452e-01 
 3.20000000e-01  7.57800000e+03  1.85000000e+00 -8.16048323e-04  3.69253909e-01  5.97592166e-02  1.01663896e+02  6.14058184e+00  1.10478507e+05 -1.90830452e-01 
 3.30000000e-01  7.57800000e+03  1.85000000e+00 -8.25676296e-04  3.69253909e-01  5.97592166e-02  1.01663896e+02  6.14058184e+00  1.10478507e+05 -1.90830452e-01 
 3.40000000e-01  7.57800000e+03  1.85000000e+00 -8.34707096e-04  3.69253909e-01  5.97592166e-02  1.01663896e+02  6.14058184e+00  1.10478507e+05 -1.90830452e-01 
 3.50000000e-01  7.57800000e+03  1.85000000e+00 -8.43185044e-04  3.69253909e-01  5.97592166e-02  1.01663896e+02  6.14058184e+00  1.10478507e+05 -1.90830452e-01 
 3.60000000e-01  7.57800000e+03  1.85000000e+00 -8.51151930e-04  3.69253909e-01  5.97592166e-02  1.01663896e+02  6.14058184e+00  1.10478507e+05 -1.90830452e-01 
 3.70000000e-01  7.57800000e+03  1.85000000e+00 -8.58646881e-04  3.69253909e-01  5.97592166e-02  1.01663896e+02  6.14058184e+00  1.10478507e+05 -1.90830452e-01 
 3.80000000e-01  7.57800000e+03  1.85000000e+00 -8.65706320e-04  3.69253909e-01  5.97592166e-02  1.01663896e+02  6.14058184e+00  1.10478507e+05 -1.90830452e-01 
 3.90000000e-01  7.57800000e+03  1.85000000e+00 -8.72363993e-04  3.69253909e-01  5.97592166e-02  1.01663896e+02  6.14058184e+00  1.10478507e+05 -1.90830452e-01 
 4.00000000e-01  7.57800000e+03  1.85000000e+00 -8.78651046e-04  3.69253909e-01  5.97592166e-02  1.01663896e+02  6.14058184e+00  1.10478507e+05 -1.90830452e-01 
 4.10000000e-01  7.57800000e+03  1.85000000e+00 -8.84596143e-04  3.69253909e-01  5.97592166e-02  1.01663896e+02  6.14058184e+00  1.10478507e+05 -1.90830452e-01 
 4.20000000e-01  7.57800000e+03  1.85000000e+00 -8.90225597e-04  3.69253909e-01  5.97592166e-02  1.01663896e+02  6.14058184e+00  1.10478507e+05 -1.90830452e-01 
 4.30000000e-01  7.57800000e+03  1.85000000e+00 -8.95563526e-04  3.69253909e-01  5.97592166e-02  1.01663896e+02  6.14058184e+00  1.10478507e+05 -1.90830452e-01 
 4.40000000e-01  7.57800000e+03  1.85000000e+00 -9.00632002e-04  3.69253909e-01  5.97592166e-02  1.01663896e+02  6.14058184e+00  1.10478507e+05 -1.90830452e-01 
 4.50000000e-01  7.57800000e+03  1.85000000e+00 -9.05451216e-04  3.69253909e-01  5.97592166e-02  1.01663896e+02  6.14058184e+00  1.10478507e+05 -1.90830452e-01 
 4.60000000e-01  7.57800000e+03  1.85000000e+00 -9.10039622e-04  3.69253909e-01  5.97592166e-02  1.01663896e+02  6.14058184e+00  1.10478507e+05 -1.90830452e-01 
 4.70000000e-01  7.57800000e+03  1.85000000e+00 -9.14414090e-04  3.69253909e-01  5.97592166e-02  1.01663896e+02  6.14058184e+00  1.10478507e+05 -1.90830452e-01 
 4.80000000e-01  7.57800000e+03  1.85000000e+00 -9.18590038e-04  3.69253909e-01  5.97592166e-02  1.01663896e+02  6.14058184e+00  1.10478507e+05 -1.90830452e-01 
 4.90000000e-01  7.57800000e+03  1.85000000e+00 -9.22581565e-04  3.69253909e-01  5.97592166e-02  1.01663896e+02  6.14058184e+00  1.10478507e+05 -1.90830452e-01 
 5.00000000e-01  7.57800000e+03  1.85000000e+00 -9.26401569e-04  3.69253909e-01  5.97592166e-02  1.01663896e+02  6.14058184e+00  1.10478507e+05 -1.90830452e-01 
 5.10000000e-01  7.57800000e+03  1.85000000e+00 -9.30061855e-04  3.69253909e-01  5.97592166e-02  1.01663896e+02  6.14058184e+00  1.10478507e+05 -1.90830452e-01 
 5.20000000e-01  7.57800000e+03  1.85000000e+00 -9.33573237e-04  3.69253909e-01  5.97592166e-02  1.01663896e+02  6.14058184e+00  1.10478507e+05 -1.90830452e-01 
 5.30000000e-01  7.57800000e+03  1.85000000e+00 -9.36945632e-04  3.69253909e-01  5.97592166e-02  1.01663896e+02  6.14058184e+00  1.10478507e+05 -1.90830452e-01 
 5.40000000e-01  7.57800000e+03  1.85000000e+00 -9.40188137e-04  3.69253909e-01  5.97592166e-02  1.01663896e+02  6.14058184e+00  1.10478507e+05 -1.90830452e-01 
 5.50000000e-01  7.57800000e+03  1.85000000e+00 -9.43309110e-04  3.69253909e-01  5.97592166e-02  1.01663896e+02  6.14058184e+00  1.10478507e+05 -1.90830452e-01 
 5.60000000e-01  7.57800000e+03  1.85000000e+00 -9.46316237e-04  3.69253909e-01  5.97592166e-02  1.01663896e+02  6.14058184e+00  1.10478507e+05 -1.90830452e-01 
 5.70000000e-01  7.57800000e+03  1.85000000e+00 -9.49216591e-04  3.69253909e-01  5.97592166e-02  1.01663896e+02  6.14058184e+00  1.10478507e+05 -1.90830452e-01 
 5.80000000e-01  7.57800000e+03  1.85000000e+00 -9.52016691e-04  3.69253909e-01  5.97592166e-02  1.01663896e+02  6.14058184e+00  1.10478507e+05 -1.90830452e-01 
 5.90000000e-01  7.57800000e+03  1.85000000e+00 -9.54722551e-04  3.69253909e-01  5.97592166e-02  1.01663896e+02  6.14058184e+00  1.10478507e+05 -1.90830452e-01 
 6.00000000e-01  7.57800000e+03  1.85000000e+00 -9.57339724e-04  3.69253909e-01  5.97592166e-02  1.01663896e+02  6.14058184e+00  1.10478507e+05 -1.90830452e-01 
 6.10000000e-01  7.57800000e+03  1.85000000e+00 -9.59873347e-04  3.69253909e-01  5.97592166e-02  1.01663896e+02  6.14058184e+00  1.10478507e+05 -1.90830452e-01 
 6.20000000e-01  7.57800000e+03  1.85000000e+00 -9.62328173e-04  3.69253909e-01  5.97592166e-02  1.01663896e+02  6.14058184e+00  1.10478507e+05 -1.90830452e-01 
 6.30000000e-01  7.57800000e+03  1.85000000e+00 -9.64708608e-04  3.69253909e-01  5.97592166e-02  1.01663896e+02  6.14058184e+00  1.10478507e+05 -1.90830452e-01 
 6.40000000e-01  7.57800000e+03  1.85000000e+00 -9.67018737e-04  3.69253909e-01  5.97592166e-02  1.01663896e+02  6.14058184e+00  1.10478507e+05 -1.90830452e-01 
 6.50000000e-01  7.57800000e+03  1.85000000e+00 -9.69262358e-04  3.69253909e-01  5.97592166e-02  1.01663896e+02  6.14058184e+00  1.10478507e+05 -1.90830452e-01 
 6.60000000e-01  7.57800000e+03  1.85000000e+00 -9.71443000e-04  3.69253909e-01  5.97592166e-02  1.01663896e+02  6.14058184e+00  1.10478507e+05 -1.90830452e-01 
 6.70000000e-01  7.57800000e+03  1.85000000e+00 -9.73563948e-04  3.69253909e-01  5.97592166e-02  1.01663896e+02  6.14058184e+00  1.10478507e+05 -1.90830452e-01 
 6.80000000e-01  7.57800000e+03  1.85000000e+00 -9.75628263e-04  3.69253909e-01  5.97592166e-02  1.01663896e+02  6.14058184e+00  1.10478507e+05 -1.90830452e-01 
 6.90000000e-01  7.57800000e+03  1.85000000e+00 -9.77638802e-04  3.69253909e-01  5.97592166e-02  1.01663896e+02  6.14058184e+00  1.10478507e+05 -1.90830452e-01 
 7.00000000e-01  7.57800000e+03  1.85000000e+00 -9.79598231e-04  3.69253909e-01  5.97592166e-02  1.01663896e+02  6.14058184e+00  1.10478507e+05 -1.90830452e-01 
 7.10000000e-01  7.57800000e+03  1.85000000e+00 -9.81509042e-04  3.69253909e-01  5.97592166e-02  1.01663896e+02  6.14058184e+00  1.10478507e+05 -1.90830452e-01 
 7.20000000e-01  7.57800000e+03  1.85000000e+00 -9.83373569e-04  3.69253909e-01  5.97592166e-02  1.01663896e+02  6.14058184e+00  1.10478507e+05 -1.90830452e-01 
 7.30000000e-01  7.57800000e+03  1.85000000e+00 -9.85193994e-04  3.69253909e-01  5.97592166e-02  1.01663896e+02  6.14058184e+00  1.10478507e+05 -1.90830452e-01 
 7.40000000e-01  7.57800000e+03  1.85000000e+00 -9.86972367e-04  3.69253909e-01  5.97592166e-02  1.01663896e+02  6.14058184e+00  1.10478507e+05 -1.90830452e-01 
 7.50000000e-01  7.57800000e+03  1.85000000e+00 -9.88710608e-04  3.69253909e-01  5.97592166e-02  1.01663896e+02  6.14058184e+00  1.10478507e+05 -1.90830452e-01 
 7.60000000e-01  7.57800000e+03  1.85000000e+00 -9.90410524e-04  3.69253909e-01  5.97592166e-02  1.01663896e+02  6.14058184e+00  1.10478507e+05 -1.90830452e-01 
 7.70000000e-01  7.57800000e+03  1.85000000e+00 -9.92073810e-04  3.69253909e-01  5.97592166e-02  1.01663896e+02  6.14058184e+00  1.10478507e+05 -1.90830452e-01 
 7.80000000e-01  7.57800000e+03  1.85000000e+00 -9.93702063e-04  3.69253909e-01  5.97592166e-02  1.01663896e+02  6.14058184e+00  1.10478507e+05 -1.90830452e-01 
 7.90000000e-01  7.57800000e+03  1.85000000e+00 -9.95296788e-04  3.69253909e-01  5.97592166e-02  1.01663896e+02  6.14058184e+00  1.10478507e+05 -1.90830452e-01 
 8.00000000e-01  7.57800000e+03  1.85000000e+00 -9.96859401e-04  3.69253909e-01  5.97592166e-02  1.01663896e+02  6.14058184e+00  1.10478507e+05 -1.90830452e-01 
 8.10000000e-01  7.57800000e+03  1.85000000e+00 -9.98391240e-04  3.69253909e-01  5.97592166e-02  1.01663896e+02  6.14058184e+00  1.10478507e+05 -1.90830452e-01 
 8.20000000e-01  7.57800000e+03  1.85000000e+00 -9.99893566e-04  3.69253909e-01  5.97592166e-02  1.01663896e+02  6.14058184e+00  1.10478507e+05 -1.90830452e-01 
 8.30000000e-01  7.57800000e+03  1.85000000e+00 -1.00136757e-03  3.69253909e-01  5.97592166e-02  1.01663896e+02  6.14058184e+00  1.10478507e+05 -1.90830452e-01 
 8.40000000e-01  7.57800000e+03  1.85000000e+00 -1.00281439e-03  3.69253909e-01  5.97592166e-02  1.01663896e+02  6.14058184e+00  1.10478507e+05 -1.90830452e-01 
 8.50000000e-01  7.57800000e+03  1.85000000e+00 -1.00423508e-03  3.69253909e-01  5.97592166e-02  1.01663896e+02  6.14058184e+00  1.10478507e+05 -1.90830452e-01 
 8.60000000e-01  7.57800000e+03  1.85000000e+00 -1.00563066e-03  3.69253909e-01  5.97592166e-02  1.01663896e+02  6.14058184e+00  1.10478507e+05 -1.90830452e-01 
 8.70000000e-01  7.57800000e+03  1.85000000e+00 -1.00700209e-03  3.69253909e-01  5.97592166e-02  1.01663896e+02  6.14058184e+00  1.10478507e+05 -1.90830452e-01 
 8.80000000e-01  7.57800000e+03  1.85000000e+00 -1.00835027e-03  3.69253909e-01  5.97592166e-02  1.01663896e+02  6.14058184e+00  1.10478507e+05 -1.90830452e-01 
 8.90000000e-01  7.57800000e+03  1.85000000e+00 -1.00967606e-03  3.69253909e-01  5.97592166e-02  1.01663896e+02  6.14058184e+00  1.10478507e+05 -1.90830452e-01 
 9.00000000e-01  7.57800000e+03  1.85000000e+00 -1.01098029e-03  3.69253909e-01  5.97592166e-02  1.01663896e+02  6.14058184e+00  1.10478507e+05 -1.90830452e-01 
 9.10000000e-01  7.57800000e+03  1.85000000e+00 -1.01226373e-03  3.69253909e-01  5.97592166e-02  1.01663896e+02  6.14058184e+00  1.10478507e+05 -1.90830452e-01 
 9.20000000e-01  7.57800000e+03  1.85000000e+00 -1.01352713e-03  3.69253909e-01  5.97592166e-02  1.01663896e+02  6.14058184e+00  1.10478507e+05 -1.90830452e-01 
 9.30000000e-01  7.57800000e+03  1.85000000e+00 -1.01477119e-03  3.69253909e-01  5.97592166e-02  1.01663896e+02  6.14058184e+00  1.10478507e+05 -1.90830452e-01 
 9.40000000e-01  7.57800000e+03  1.85000000e+00 -1.01599657e-03  3.69253909e-01  5.97592166e-02  1.01663896e+02  6.14058184e+00  1.10478507e+05 -1.90830452e-01 
 9.50000000e-01  7.57800000e+03  1.85000000e+00 -1.01720392e-03  3.69253909e-01  5.97592166e-02  1.01663896e+02  6.14058184e+00  1.10478507e+05 -1.90830452e-01 
 9.60000000e-01  7.57800000e+03  1.85000000e+00 -1.01839385e-03  3.69253909e-01  5.97592166e-02  1.01663896e+02  6.14058184e+00  1.10478507e+05 -1.90830452e-01 
 9.70000000e-01  7.57800000e+03  1.85000000e+00 -1.01956694e-03  3.69253909e-01  5.97592166e-02  1.01663896e+02  6.14058184e+00  1.10478507e+05 -1.90830452e-01 
 9.80000000e-01  7.57800000e+03  1.85000000e+00 -1.02072374e-03  3.69253909e-01  5.97592166e-02  1.01663896e+02  6.14058184e+00  1.10478507e+05 -1.90830452e-01 
 9.90000000e-01  7.57800000e+03  1.85000000e+00 -1.02186478e-03  3.69253909e-01  5.97592166e-02  1.01663896e+02  6.14058184e+00  1.10478507e+05 -1.90830452e-01 
 1.00000000e+00  7.57800000e+03  1.85000000e+00 -1.02299057e-03  3.69253909e-01  5.97592166e-02  1.01663896e+02  6.14058184e+00  1.10478507e+05 -1.90830452e-01 
 1.01000000e+00  7.57800000e+03  1.85000000e+00 -1.02410159e-03  3.69253909e-01  5.97592166e-02  1.01663896e+02  6.14058184e+00  1.10478507e+05 -1.90830452e-01 
 1.02000000e+00  7.57800000e+03  1.85000000e+00 -1.02519831e-03  3.69253909e-01  5.97592166e-02  1.01663896e+02  6.14058184e+00  1.10478507e+05 -1.90830452e-01 
 1.03000000e+00  7.57800000e+03  1.85000000e+00 -1.02628116e-03  3.69253909e-01  5.97592166e-02  1.01663896e+02  6.14058184e+00  1.10478507e+05 -1.90830452e-01 
 1.04000000e+00  7.57800000e+03  1.85000000e+00 -1.02735058e-03  3.69253909e-01  5.97592166e-02  1.01663896e+02  6.14058184e+00  1.10478507e+05 -1.90830452e-01 
 1.05000000e+00  7.57800000e+03  1.85000000e+00 -1.02840696e-03  3.69253909e-01  5.97592166e-02  1.01663896e+02  6.14058184e+00  1.10478507e+05 -1.90830452e-01 
 1.06000000e+00  7.57800000e+03  1.85000000e+00 -1.02945070e-03  3.69253909e-01  5.97592166e-02  1.01663896e+02  6.14058184e+00  1.10478507e+05 -1.90830452e-01 
 1.07000000e+00  7.57800000e+03  1.85000000e+00 -1.03048218e-03  3.69253909e-01  5.97592166e-02  1.01663896e+02  6.14058184e+00  1.10478507e+05 -1.90830452e-01 
 1.08000000e+00  7.57800000e+03  1.85000000e+00 -1.03150174e-03  3.69253909e-01  5.97592166e-02  1.01663896e+02  6.14058184e+00  1.10478507e+05 -1.90830452e-01 
 1.09000000e+00  7.57800000e+03  1.85000000e+00 -1.03250973e-03  3.69253909e-01  5.97592166e-02  1.01663896e+02  6.14058184e+00  1.10478507e+05 -1.90830452e-01 
 1.10000000e+00  7.57800000e+03  1.85000000e+00 -1.03350649e-03  3.69253909e-01  5.97592166e-02  1.01663896e+02  6.14058184e+00  1.10478507e+05 -1.90830452e-01 
 1.11000000e+00  7.57800000e+03  1.85000000e+00 -1.03449233e-03  3.69253909e-01  5.97592166e-02  1.01663896e+02  6.14058184e+00  1.10478507e+05 -1.90830452e-01 
 1.12000000e+00  7.57800000e+03  1.85000000e+00 -1.03546755e-03  3.69253909e-01  5.97592166e-02  1.01663896e+02  6.14058184e+00  1.10478507e+05 -1.90830452e-01 
 1.13000000e+00  7.57800000e+03  1.85000000e+00 -1.03643245e-03  3.69253909e-01  5.97592166e-02  1.01663896e+02  6.14058184e+00  1.10478507e+05 -1.90830452e-01 
 1.14000000e+00  7.57800000e+03  1.85000000e+00 -1.03738731e-03  3.69253909e-01  5.97592166e-02  1.01663896e+02  6.14058184e+00  1.10478507e+05 -1.90830452e-01 
 1.15000000e+00  7.57800000e+03  1.85000000e+00 -1.03833240e-03  3.69253909e-01  5.97592166e-02  1.01663896e+02  6.14058184e+00  1.10478507e+05 -1.90830452e-01 
 1.16000000e+00  7.57800000e+03  1.85000000e+00 -1.03926798e-03  3.69253909e-01  5.97592166e-02  1.01663896e+02  6.14058184e+00  1.10478507e+05 -1.90830452e-01 
 1.17000000e+00  7.57800000e+03  1.85000000e+00 -1.04019430e-03  3.69253909e-01  5.97592166e-02  1.01663896e+02  6.14058184e+00  1.10478507e+05 -1.90830452e-01 
 1.18000000e+00  7.57800000e+03  1.85000000e+00 -1.04111161e-03  3.69253909e-01  5.97592166e-02  1.01663896e+02  6.14058184e+00  1.10478507e+05 -1.90830452e-01 
 1.19000000e+00  7.57800000e+03  1.85000000e+00 -1.04202014e-03  3.69253909e-01  5.97592166e-02  1.01663896e+02  6.14058184e+00  1.10478507e+05 -1.90830452e-01 
 1.20000000e+00  7.57800000e+03  1.85000000e+00 -1.04292011e-03  3.69253909e-01  5.97592166e-02  1.01663896e+02  6.14058184e+00  1.10478507e+05 -1.90830452e-01 
 1.21000000e+00  7.57800000e+03  1.85000000e+00 -1.04381174e-03  3.69253909e-01  5.97592166e-02  1.01663896e+02  6.14058184e+00  1.10478507e+05 -1.90830452e-01 
 1.22000000e+00  7.57800000e+03  1.85000000e+00 -1.04469524e-03  3.69253909e-01  5.97592166e-02  1.01663896e+02  6.14058184e+00  1.10478507e+05 -1.90830452e-01 
 1.23000000e+00  7.57800000e+03  1.85000000e+00 -1.04557081e-03  3.69253909e-01  5.97592166e-02  1.01663896e+02  6.14058184e+00  1.10478507e+05 -1.90830452e-01 
 1.24000000e+00  7.57800000e+03  1.85000000e+00 -1.04643865e-03  3.69253909e-01  5.97592166e-02  1.01663896e+02  6.14058184e+00  1.10478507e+05 -1.90830452e-01 
 1.25000000e+00  7.57800000e+03  1.85000000e+00 -1.04729895e-03  3.69253909e-01  5.97592166e-02  1.01663896e+02  6.14058184e+00  1.10478507e+05 -1.90830452e-01 
 1.26000000e+00  7.57800000e+03  1.85000000e+00 -1.04815188e-03  3.69253909e-01  5.97592166e-02  1.01663896e+02  6.14058184e+00  1.10478507e+05 -1.90830452e-01 
 1.27000000e+00  7.57800000e+03  1.85000000e+00 -1.04899763e-03  3.69253909e-01  5.97592166e-02  1.01663896e+02  6.14058184e+00  1.10478507e+05 -1.90830452e-01 
 1.28000000e+00  7.57800000e+03  1.85000000e+00 -1.04983636e-03  3.69253909e-01  5.97592166e-02  1.01663896e+02  6.14058184e+00  1.10478507e+05 -1.90830452e-01 
 1.29000000e+00  7.57800000e+03  1.85000000e+00 -1.05066823e-03  3.69253909e-01  5.97592166e-02  1.01663896e+02  6.14058184e+00  1.10478507e+05 -1.90830452e-01 
 1.30000000e+00  7.57800000e+03  1.85000000e+00 -1.05149342e-03  3.69253909e-01  5.97592166e-02  1.01663896e+02  6.14058184e+00  1.10478507e+05 -1.90830452e-01 
 1.31000000e+00  7.57800000e+03  1.85000000e+00 -1.05231207e-03  3.69253909e-01  5.97592166e-02  1.01663896e+02  6.14058184e+00  1.10478507e+05 -1.90830452e-01 
 1.32000000e+00  7.57800000e+03  1.85000000e+00 -1.05312432e-03  3.69253909e-01  5.97592166e-02  1.01663896e+02  6.14058184e+00  1.10478507e+05 -1.90830452e-01 
 1.33000000e+00  7.57800000e+03  1.85000000e+00 -1.05393034e-03  3.69253909e-01  5.97592166e-02  1.01663896e+02  6.14058184e+00  1.10478507e+05 -1.90830452e-01 
 1.34000000e+00  7.57800000e+03  1.85000000e+00 -1.05473024e-03  3.69253909e-01  5.97592166e-02  1.01663896e+02  6.14058184e+00  1.10478507e+05 -1.90830452e-01 
 1.35000000e+00  7.57800000e+03  1.85000000e+00 -1.05552418e-03  3.69253909e-01  5.97592166e-02  1.01663896e+02  6.14058184e+00  1.10478507e+05 -1.90830452e-01 
 1.36000000e+00  7.57800000e+03  1.85000000e+00 -1.05631228e-03  3.69253909e-01  5.97592166e-02  1.01663896e+02  6.14058184e+00  1.10478507e+05 -1.90830452e-01 
 1.37000000e+00  7.57800000e+03  1.85000000e+00 -1.05709467e-03  3.69253909e-01  5.97592166e-02  1.01663896e+02  6.14058184e+00  1.10478507e+05 -1.90830452e-01 
 1.38000000e+00  7.57800000e+03  1.85000000e+00 -1.05787147e-03  3.69253909e-01  5.97592166e-02  1.01663896e+02  6.14058184e+00  1.10478507e+05 -1.90830452e-01 
 1.39000000e+00  7.57800000e+03  1.85000000e+00 -1.05864280e-03  3.69253909e-01  5.97592166e-02  1.01663896e+02  6.14058184e+00  1.10478507e+05 -1.90830452e-01 
 1.40000000e+00  7.57800000e+03  1.85000000e+00 -1.05940879e-03  3.69253909e-01  5.97592166e-02  1.01663896e+02  6.14058184e+00  1.10478507e+05 -1.90830452e-01 
 1.41000000e+00  7.57800000e+03  1.85000000e+00 -1.06016953e-03  3.69253909e-01  5.97592166e-02  1.01663896e+02  6.14058184e+00  1.10478507e+05 -1.90830452e-01 
 1.42000000e+00  7.57800000e+03  1.85000000e+00 -1.06092515e-03  3.69253909e-01  5.97592166e-02  1.01663896e+02  6.14058184e+00  1.10478507e+05 -1.90830452e-01 
 1.43000000e+00  7.57800000e+03  1.85000000e+00 -1.06167576e-03  3.69253909e-01  5.97592166e-02  1.01663896e+02  6.14058184e+00  1.10478507e+05 -1.90830452e-01 
 1.44000000e+00  7.57800000e+03  1.85000000e+00 -1.06242144e-03  3.69253909e-01  5.97592166e-02  1.01663896e+02  6.14058184e+00  1.10478507e+05 -1.90830452e-01 
 1.45000000e+00  7.57800000e+03  1.85000000e+00 -1.06316231e-03  3.69253909e-01  5.97592166e-02  1.01663896e+02  6.14058184e+00  1.10478507e+05 -1.90830452e-01 
 1.46000000e+00  7.57800000e+03  1.85000000e+00 -1.06389847e-03  3.69253909e-01  5.97592166e-02  1.01663896e+02  6.14058184e+00  1.10478507e+05 -1.90830452e-01 
 1.47000000e+00  7.57800000e+03  1.85000000e+00 -1.06463001e-03  3.69253909e-01  5.97592166e-02  1.01663896e+02  6.14058184e+00  1.10478507e+05 -1.90830452e-01 
 1.48000000e+00  7.57800000e+03  1.85000000e+00 -1.06535702e-03  3.69253909e-01  5.97592166e-02  1.01663896e+02  6.14058184e+00  1.10478507e+05 -1.90830452e-01 
 1.49000000e+00  7.57800000e+03  1.85000000e+00 -1.06607960e-03  3.69253909e-01  5.97592166e-02  1.01663896e+02  6.14058184e+00  1.10478507e+05 -1.90830452e-01 
 1.50000000e+00  7.57800000e+03  1.85000000e+00 -1.06679784e-03  3.69253909e-01  5.97592166e-02  1.01663896e+02  6.14058184e+00  1.10478507e+05 -1.90830452e-01 
 1.51000000e+00  7.57800000e+03  1.85000000e+00 -1.06751182e-03  3.69253909e-01  5.97592166e-02  1.01663896e+02  6.14058184e+00  1.10478507e+05 -1.90830452e-01 
 1.52000000e+00  7.57800000e+03  1.85000000e+00 -1.06822164e-03  3.69253909e-01  5.97592166e-02  1.01663896e+02  6.14058184e+00  1.10478507e+05 -1.90830452e-01 
 1.53000000e+00  7.57800000e+03  1.85000000e+00 -1.06892737e-03  3.69253909e-01  5.97592166e-02  1.01663896e+02  6.14058184e+00  1.10478507e+05 -1.90830452e-01 
 1.54000000e+00  7.57800000e+03  1.85000000e+00 -1.06962910e-03  3.69253909e-01  5.97592166e-02  1.01663896e+02  6.14058184e+00  1.10478507e+05 -1.90830452e-01 
 1.55000000e+00  7.57800000e+03  1.85000000e+00 -1.07032691e-03  3.69253909e-01  5.97592166e-02  1.01663896e+02  6.14058184e+00  1.10478507e+05 -1.90830452e-01 
 1.56000000e+00  7.57800000e+03  1.85000000e+00 -1.07102088e-03  3.69253909e-01  5.97592166e-02  1.01663896e+02  6.14058184e+00  1.10478507e+05 -1.90830452e-01 
 1.57000000e+00  7.57800000e+03  1.85000000e+00 -1.07171109e-03  3.69253909e-01  5.97592166e-02  1.01663896e+02  6.14058184e+00  1.10478507e+05 -1.90830452e-01 
 1.58000000e+00  7.57800000e+03  1.85000000e+00 -1.07239762e-03  3.69253909e-01  5.97592166e-02  1.01663896e+02  6.14058184e+00  1.10478507e+05 -1.90830452e-01 
 1.59000000e+00  7.57800000e+03  1.85000000e+00 -1.07308056e-03  3.69253909e-01  5.97592166e-02  1.01663896e+02  6.14058184e+00  1.10478507e+05 -1.90830452e-01 
 1.60000000e+00  7.57800000e+03  1.85000000e+00 -1.07375996e-03  3.69253909e-01  5.97592166e-02  1.01663896e+02  6.14058184e+00  1.10478507e+05 -1.90830452e-01 
 1.61000000e+00  7.57800000e+03  1.85000000e+00 -1.07443592e-03  3.69253909e-01  5.97592166e-02  1.01663896e+02  6.14058184e+00  1.10478507e+05 -1.90830452e-01 
 1.62000000e+00  7.57800000e+03  1.85000000e+00 -1.07510851e-03  3.69253909e-01  5.97592166e-02  1.01663896e+02  6.14058184e+00  1.10478507e+05 -1.90830452e-01 
 1.63000000e+00  7.57800000e+03  1.85000000e+00 -1.07577781e-03  3.69253909e-01  5.97592166e-02  1.01663896e+02  6.14058184e+00  1.10478507e+05 -1.90830452e-01 
 1.64000000e+00  7.57800000e+03  1.85000000e+00 -1.07644389e-03  3.69253909e-01  5.97592166e-02  1.01663896e+02  6.14058184e+00  1.10478507e+05 -1.90830452e-01 
 1.65000000e+00  7.57800000e+03  1.85000000e+00 -1.07710683e-03  3.69253909e-01  5.97592166e-02  1.01663896e+02  6.14058184e+00  1.10478507e+05 -1.90830452e-01 
 1.66000000e+00  7.57800000e+03  1.85000000e+00 -1.07776672e-03  3.69253909e-01  5.97592166e-02  1.01663896e+02  6.14058184e+00  1.10478507e+05 -1.90830452e-01 
 1.67000000e+00  7.57800000e+03  1.85000000e+00 -1.07842362e-03  3.69253909e-01  5.97592166e-02  1.01663896e+02  6.14058184e+00  1.10478507e+05 -1.90830452e-01 
 1.68000000e+00  7.57800000e+03  1.85000000e+00 -1.07907763e-03  3.69253909e-01  5.97592166e-02  1.01663896e+02  6.14058184e+00  1.10478507e+05 -1.90830452e-01 
 1.69000000e+00  7.57800000e+03  1.85000000e+00 -1.07972883e-03  3.69253909e-01  5.97592166e-02  1.01663896e+02  6.14058184e+00  1.10478507e+05 -1.90830452e-01 
 1.70000000e+00  7.57800000e+03  1.85000000e+00 -1.08037730e-03  3.69253909e-01  5.97592166e-02  1.01663896e+02  6.14058184e+00  1.10478507e+05 -1.90830452e-01 
 1.71000000e+00  7.57800000e+03  1.85000000e+00 -1.08102312e-03  3.69253909e-01  5.97592166e-02  1.01663896e+02  6.14058184e+00  1.10478507e+05 -1.90830452e-01 
 1.72000000e+00  7.57800000e+03  1.85000000e+00 -1.08166639e-03  3.69253909e-01  5.97592166e-02  1.01663896e+02  6.14058184e+00  1.10478507e+05 -1.90830452e-01 
 1.73000000e+00  7.57800000e+03  1.85000000e+00 -1.08230720e-03  3.69253909e-01  5.97592166e-02  1.01663896e+02  6.14058184e+00  1.10478507e+05 -1.90830452e-01 
 1.74000000e+00  7.57800000e+03  1.85000000e+00 -1.08294564e-03  3.69253909e-01  5.97592166e-02  1.01663896e+02  6.14058184e+00  1.10478507e+05 -1.90830452e-01 
 1.75000000e+00  7.57800000e+03  1.85000000e+00 -1.08358181e-03  3.69253909e-01  5.97592166e-02  1.01663896e+02  6.14058184e+00  1.10478507e+05 -1.90830452e-01 
 1.76000000e+00  7.57800000e+03  1.85000000e+00 -1.08421582e-03  3.69253909e-01  5.97592166e-02  1.01663896e+02  6.14058184e+00  1.10478507e+05 -1.90830452e-01 
 1.77000000e+00  7.57800000e+03  1.85000000e+00 -1.08484777e-03  3.69253909e-01  5.97592166e-02  1.01663896e+02  6.14058184e+00  1.10478507e+05 -1.90830452e-01 
 1.78000000e+00  7.57800000e+03  1.85000000e+00 -1.08547777e-03  3.69253909e-01  5.97592166e-02  1.01663896e+02  6.14058184e+00  1.10478507e+05 -1.90830452e-01 
 1.79000000e+00  7.57800000e+03  1.85000000e+00 -1.08610594e-03  3.69253909e-01  5.97592166e-02  1.01663896e+02  6.14058184e+00  1.10478507e+05 -1.90830452e-01 
 1.80000000e+00  7.57800000e+03  1.85000000e+00 -1.08673241e-03  3.69253909e-01  5.97592166e-02  1.01663896e+02  6.14058184e+00  1.10478507e+05 -1.90830452e-01 
 1.81000000e+00  7.57800000e+03  1.85000000e+00 -1.08735730e-03  3.69253909e-01  5.97592166e-02  1.01663896e+02  6.14058184e+00  1.10478507e+05 -1.90830452e-01 
 1.82000000e+00  7.57800000e+03  1.85000000e+00 -1.08798075e-03  3.69253909e-01  5.97592166e-02  1.01663896e+02  6.14058184e+00  1.10478507e+05 -1.90830452e-01 
 1.83000000e+00  7.57800000e+03  1.85000000e+00 -1.08860289e-03  3.69253909e-01  5.97592166e-02  1.01663896e+02  6.14058184e+00  1.10478507e+05 -1.90830452e-01 
 1.84000000e+00  7.57800000e+03  1.85000000e+00 -1.08922389e-03  3.69253909e-01  5.97592166e-02  1.01663896e+02  6.14058184e+00  1.10478507e+05 -1.90830452e-01 
 1.85000000e+00  7.57800000e+03  1.85000000e+00 -1.08984390e-03  3.69253909e-01  5.97592166e-02  1.01663896e+02  6.14058184e+00  1.10478507e+05 -1.90830452e-01 
