 v-sweep         run_num         v(gate)         i(vds)          out_vth0        out_u0          out_rdsw        out_nfactor     out_vsat        out_eta0       
 0.00000000e+00  5.20700000e+03  1.85000000e+00 -4.39436130e-43  3.55420272e-01  5.61884177e-02  1.00238273e+02  5.10117560e+00  1.03690297e+05 -1.87628987e-01 
 1.00000000e-02  5.20700000e+03  1.85000000e+00 -3.90521323e-05  3.55420272e-01  5.61884177e-02  1.00238273e+02  5.10117560e+00  1.03690297e+05 -1.87628987e-01 
 2.00000000e-02  5.20700000e+03  1.85000000e+00 -7.72939311e-05  3.55420272e-01  5.61884177e-02  1.00238273e+02  5.10117560e+00  1.03690297e+05 -1.87628987e-01 
 3.00000000e-02  5.20700000e+03  1.85000000e+00 -1.14717068e-04  3.55420272e-01  5.61884177e-02  1.00238273e+02  5.10117560e+00  1.03690297e+05 -1.87628987e-01 
 4.00000000e-02  5.20700000e+03  1.85000000e+00 -1.51313017e-04  3.55420272e-01  5.61884177e-02  1.00238273e+02  5.10117560e+00  1.03690297e+05 -1.87628987e-01 
 5.00000000e-02  5.20700000e+03  1.85000000e+00 -1.87072740e-04  3.55420272e-01  5.61884177e-02  1.00238273e+02  5.10117560e+00  1.03690297e+05 -1.87628987e-01 
 6.00000000e-02  5.20700000e+03  1.85000000e+00 -2.21986428e-04  3.55420272e-01  5.61884177e-02  1.00238273e+02  5.10117560e+00  1.03690297e+05 -1.87628987e-01 
 7.00000000e-02  5.20700000e+03  1.85000000e+00 -2.56043283e-04  3.55420272e-01  5.61884177e-02  1.00238273e+02  5.10117560e+00  1.03690297e+05 -1.87628987e-01 
 8.00000000e-02  5.20700000e+03  1.85000000e+00 -2.89231342e-04  3.55420272e-01  5.61884177e-02  1.00238273e+02  5.10117560e+00  1.03690297e+05 -1.87628987e-01 
 9.00000000e-02  5.20700000e+03  1.85000000e+00 -3.21537356e-04  3.55420272e-01  5.61884177e-02  1.00238273e+02  5.10117560e+00  1.03690297e+05 -1.87628987e-01 
 1.00000000e-01  5.20700000e+03  1.85000000e+00 -3.52946730e-04  3.55420272e-01  5.61884177e-02  1.00238273e+02  5.10117560e+00  1.03690297e+05 -1.87628987e-01 
 1.10000000e-01  5.20700000e+03  1.85000000e+00 -3.83443533e-04  3.55420272e-01  5.61884177e-02  1.00238273e+02  5.10117560e+00  1.03690297e+05 -1.87628987e-01 
 1.20000000e-01  5.20700000e+03  1.85000000e+00 -4.13010601e-04  3.55420272e-01  5.61884177e-02  1.00238273e+02  5.10117560e+00  1.03690297e+05 -1.87628987e-01 
 1.30000000e-01  5.20700000e+03  1.85000000e+00 -4.41629747e-04  3.55420272e-01  5.61884177e-02  1.00238273e+02  5.10117560e+00  1.03690297e+05 -1.87628987e-01 
 1.40000000e-01  5.20700000e+03  1.85000000e+00 -4.69282098e-04  3.55420272e-01  5.61884177e-02  1.00238273e+02  5.10117560e+00  1.03690297e+05 -1.87628987e-01 
 1.50000000e-01  5.20700000e+03  1.85000000e+00 -4.95948572e-04  3.55420272e-01  5.61884177e-02  1.00238273e+02  5.10117560e+00  1.03690297e+05 -1.87628987e-01 
 1.60000000e-01  5.20700000e+03  1.85000000e+00 -5.21610503e-04  3.55420272e-01  5.61884177e-02  1.00238273e+02  5.10117560e+00  1.03690297e+05 -1.87628987e-01 
 1.70000000e-01  5.20700000e+03  1.85000000e+00 -5.46250420e-04  3.55420272e-01  5.61884177e-02  1.00238273e+02  5.10117560e+00  1.03690297e+05 -1.87628987e-01 
 1.80000000e-01  5.20700000e+03  1.85000000e+00 -5.69852945e-04  3.55420272e-01  5.61884177e-02  1.00238273e+02  5.10117560e+00  1.03690297e+05 -1.87628987e-01 
 1.90000000e-01  5.20700000e+03  1.85000000e+00 -5.92405791e-04  3.55420272e-01  5.61884177e-02  1.00238273e+02  5.10117560e+00  1.03690297e+05 -1.87628987e-01 
 2.00000000e-01  5.20700000e+03  1.85000000e+00 -6.13900786e-04  3.55420272e-01  5.61884177e-02  1.00238273e+02  5.10117560e+00  1.03690297e+05 -1.87628987e-01 
 2.10000000e-01  5.20700000e+03  1.85000000e+00 -6.34334853e-04  3.55420272e-01  5.61884177e-02  1.00238273e+02  5.10117560e+00  1.03690297e+05 -1.87628987e-01 
 2.20000000e-01  5.20700000e+03  1.85000000e+00 -6.53710857e-04  3.55420272e-01  5.61884177e-02  1.00238273e+02  5.10117560e+00  1.03690297e+05 -1.87628987e-01 
 2.30000000e-01  5.20700000e+03  1.85000000e+00 -6.72038235e-04  3.55420272e-01  5.61884177e-02  1.00238273e+02  5.10117560e+00  1.03690297e+05 -1.87628987e-01 
 2.40000000e-01  5.20700000e+03  1.85000000e+00 -6.89333325e-04  3.55420272e-01  5.61884177e-02  1.00238273e+02  5.10117560e+00  1.03690297e+05 -1.87628987e-01 
 2.50000000e-01  5.20700000e+03  1.85000000e+00 -7.05619362e-04  3.55420272e-01  5.61884177e-02  1.00238273e+02  5.10117560e+00  1.03690297e+05 -1.87628987e-01 
 2.60000000e-01  5.20700000e+03  1.85000000e+00 -7.20926125e-04  3.55420272e-01  5.61884177e-02  1.00238273e+02  5.10117560e+00  1.03690297e+05 -1.87628987e-01 
 2.70000000e-01  5.20700000e+03  1.85000000e+00 -7.35289264e-04  3.55420272e-01  5.61884177e-02  1.00238273e+02  5.10117560e+00  1.03690297e+05 -1.87628987e-01 
 2.80000000e-01  5.20700000e+03  1.85000000e+00 -7.48749378e-04  3.55420272e-01  5.61884177e-02  1.00238273e+02  5.10117560e+00  1.03690297e+05 -1.87628987e-01 
 2.90000000e-01  5.20700000e+03  1.85000000e+00 -7.61350926e-04  3.55420272e-01  5.61884177e-02  1.00238273e+02  5.10117560e+00  1.03690297e+05 -1.87628987e-01 
 3.00000000e-01  5.20700000e+03  1.85000000e+00 -7.73141061e-04  3.55420272e-01  5.61884177e-02  1.00238273e+02  5.10117560e+00  1.03690297e+05 -1.87628987e-01 
 3.10000000e-01  5.20700000e+03  1.85000000e+00 -7.84168488e-04  3.55420272e-01  5.61884177e-02  1.00238273e+02  5.10117560e+00  1.03690297e+05 -1.87628987e-01 
 3.20000000e-01  5.20700000e+03  1.85000000e+00 -7.94482392e-04  3.55420272e-01  5.61884177e-02  1.00238273e+02  5.10117560e+00  1.03690297e+05 -1.87628987e-01 
 3.30000000e-01  5.20700000e+03  1.85000000e+00 -8.04131523e-04  3.55420272e-01  5.61884177e-02  1.00238273e+02  5.10117560e+00  1.03690297e+05 -1.87628987e-01 
 3.40000000e-01  5.20700000e+03  1.85000000e+00 -8.13163423e-04  3.55420272e-01  5.61884177e-02  1.00238273e+02  5.10117560e+00  1.03690297e+05 -1.87628987e-01 
 3.50000000e-01  5.20700000e+03  1.85000000e+00 -8.21623841e-04  3.55420272e-01  5.61884177e-02  1.00238273e+02  5.10117560e+00  1.03690297e+05 -1.87628987e-01 
 3.60000000e-01  5.20700000e+03  1.85000000e+00 -8.29556301e-04  3.55420272e-01  5.61884177e-02  1.00238273e+02  5.10117560e+00  1.03690297e+05 -1.87628987e-01 
 3.70000000e-01  5.20700000e+03  1.85000000e+00 -8.37001822e-04  3.55420272e-01  5.61884177e-02  1.00238273e+02  5.10117560e+00  1.03690297e+05 -1.87628987e-01 
 3.80000000e-01  5.20700000e+03  1.85000000e+00 -8.43998764e-04  3.55420272e-01  5.61884177e-02  1.00238273e+02  5.10117560e+00  1.03690297e+05 -1.87628987e-01 
 3.90000000e-01  5.20700000e+03  1.85000000e+00 -8.50582766e-04  3.55420272e-01  5.61884177e-02  1.00238273e+02  5.10117560e+00  1.03690297e+05 -1.87628987e-01 
 4.00000000e-01  5.20700000e+03  1.85000000e+00 -8.56786773e-04  3.55420272e-01  5.61884177e-02  1.00238273e+02  5.10117560e+00  1.03690297e+05 -1.87628987e-01 
 4.10000000e-01  5.20700000e+03  1.85000000e+00 -8.62641113e-04  3.55420272e-01  5.61884177e-02  1.00238273e+02  5.10117560e+00  1.03690297e+05 -1.87628987e-01 
 4.20000000e-01  5.20700000e+03  1.85000000e+00 -8.68173611e-04  3.55420272e-01  5.61884177e-02  1.00238273e+02  5.10117560e+00  1.03690297e+05 -1.87628987e-01 
 4.30000000e-01  5.20700000e+03  1.85000000e+00 -8.73409740e-04  3.55420272e-01  5.61884177e-02  1.00238273e+02  5.10117560e+00  1.03690297e+05 -1.87628987e-01 
 4.40000000e-01  5.20700000e+03  1.85000000e+00 -8.78372770e-04  3.55420272e-01  5.61884177e-02  1.00238273e+02  5.10117560e+00  1.03690297e+05 -1.87628987e-01 
 4.50000000e-01  5.20700000e+03  1.85000000e+00 -8.83083936e-04  3.55420272e-01  5.61884177e-02  1.00238273e+02  5.10117560e+00  1.03690297e+05 -1.87628987e-01 
 4.60000000e-01  5.20700000e+03  1.85000000e+00 -8.87562600e-04  3.55420272e-01  5.61884177e-02  1.00238273e+02  5.10117560e+00  1.03690297e+05 -1.87628987e-01 
 4.70000000e-01  5.20700000e+03  1.85000000e+00 -8.91826408e-04  3.55420272e-01  5.61884177e-02  1.00238273e+02  5.10117560e+00  1.03690297e+05 -1.87628987e-01 
 4.80000000e-01  5.20700000e+03  1.85000000e+00 -8.95891439e-04  3.55420272e-01  5.61884177e-02  1.00238273e+02  5.10117560e+00  1.03690297e+05 -1.87628987e-01 
 4.90000000e-01  5.20700000e+03  1.85000000e+00 -8.99772351e-04  3.55420272e-01  5.61884177e-02  1.00238273e+02  5.10117560e+00  1.03690297e+05 -1.87628987e-01 
 5.00000000e-01  5.20700000e+03  1.85000000e+00 -9.03482507e-04  3.55420272e-01  5.61884177e-02  1.00238273e+02  5.10117560e+00  1.03690297e+05 -1.87628987e-01 
 5.10000000e-01  5.20700000e+03  1.85000000e+00 -9.07034102e-04  3.55420272e-01  5.61884177e-02  1.00238273e+02  5.10117560e+00  1.03690297e+05 -1.87628987e-01 
 5.20000000e-01  5.20700000e+03  1.85000000e+00 -9.10438266e-04  3.55420272e-01  5.61884177e-02  1.00238273e+02  5.10117560e+00  1.03690297e+05 -1.87628987e-01 
 5.30000000e-01  5.20700000e+03  1.85000000e+00 -9.13705175e-04  3.55420272e-01  5.61884177e-02  1.00238273e+02  5.10117560e+00  1.03690297e+05 -1.87628987e-01 
 5.40000000e-01  5.20700000e+03  1.85000000e+00 -9.16844134e-04  3.55420272e-01  5.61884177e-02  1.00238273e+02  5.10117560e+00  1.03690297e+05 -1.87628987e-01 
 5.50000000e-01  5.20700000e+03  1.85000000e+00 -9.19863662e-04  3.55420272e-01  5.61884177e-02  1.00238273e+02  5.10117560e+00  1.03690297e+05 -1.87628987e-01 
 5.60000000e-01  5.20700000e+03  1.85000000e+00 -9.22771571e-04  3.55420272e-01  5.61884177e-02  1.00238273e+02  5.10117560e+00  1.03690297e+05 -1.87628987e-01 
 5.70000000e-01  5.20700000e+03  1.85000000e+00 -9.25575028e-04  3.55420272e-01  5.61884177e-02  1.00238273e+02  5.10117560e+00  1.03690297e+05 -1.87628987e-01 
 5.80000000e-01  5.20700000e+03  1.85000000e+00 -9.28280617e-04  3.55420272e-01  5.61884177e-02  1.00238273e+02  5.10117560e+00  1.03690297e+05 -1.87628987e-01 
 5.90000000e-01  5.20700000e+03  1.85000000e+00 -9.30894397e-04  3.55420272e-01  5.61884177e-02  1.00238273e+02  5.10117560e+00  1.03690297e+05 -1.87628987e-01 
 6.00000000e-01  5.20700000e+03  1.85000000e+00 -9.33421947e-04  3.55420272e-01  5.61884177e-02  1.00238273e+02  5.10117560e+00  1.03690297e+05 -1.87628987e-01 
 6.10000000e-01  5.20700000e+03  1.85000000e+00 -9.35868409e-04  3.55420272e-01  5.61884177e-02  1.00238273e+02  5.10117560e+00  1.03690297e+05 -1.87628987e-01 
 6.20000000e-01  5.20700000e+03  1.85000000e+00 -9.38238535e-04  3.55420272e-01  5.61884177e-02  1.00238273e+02  5.10117560e+00  1.03690297e+05 -1.87628987e-01 
 6.30000000e-01  5.20700000e+03  1.85000000e+00 -9.40536714e-04  3.55420272e-01  5.61884177e-02  1.00238273e+02  5.10117560e+00  1.03690297e+05 -1.87628987e-01 
 6.40000000e-01  5.20700000e+03  1.85000000e+00 -9.42767008e-04  3.55420272e-01  5.61884177e-02  1.00238273e+02  5.10117560e+00  1.03690297e+05 -1.87628987e-01 
 6.50000000e-01  5.20700000e+03  1.85000000e+00 -9.44933183e-04  3.55420272e-01  5.61884177e-02  1.00238273e+02  5.10117560e+00  1.03690297e+05 -1.87628987e-01 
 6.60000000e-01  5.20700000e+03  1.85000000e+00 -9.47038731e-04  3.55420272e-01  5.61884177e-02  1.00238273e+02  5.10117560e+00  1.03690297e+05 -1.87628987e-01 
 6.70000000e-01  5.20700000e+03  1.85000000e+00 -9.49086895e-04  3.55420272e-01  5.61884177e-02  1.00238273e+02  5.10117560e+00  1.03690297e+05 -1.87628987e-01 
 6.80000000e-01  5.20700000e+03  1.85000000e+00 -9.51080692e-04  3.55420272e-01  5.61884177e-02  1.00238273e+02  5.10117560e+00  1.03690297e+05 -1.87628987e-01 
 6.90000000e-01  5.20700000e+03  1.85000000e+00 -9.53022930e-04  3.55420272e-01  5.61884177e-02  1.00238273e+02  5.10117560e+00  1.03690297e+05 -1.87628987e-01 
 7.00000000e-01  5.20700000e+03  1.85000000e+00 -9.54916224e-04  3.55420272e-01  5.61884177e-02  1.00238273e+02  5.10117560e+00  1.03690297e+05 -1.87628987e-01 
 7.10000000e-01  5.20700000e+03  1.85000000e+00 -9.56763017e-04  3.55420272e-01  5.61884177e-02  1.00238273e+02  5.10117560e+00  1.03690297e+05 -1.87628987e-01 
 7.20000000e-01  5.20700000e+03  1.85000000e+00 -9.58565588e-04  3.55420272e-01  5.61884177e-02  1.00238273e+02  5.10117560e+00  1.03690297e+05 -1.87628987e-01 
 7.30000000e-01  5.20700000e+03  1.85000000e+00 -9.60326069e-04  3.55420272e-01  5.61884177e-02  1.00238273e+02  5.10117560e+00  1.03690297e+05 -1.87628987e-01 
 7.40000000e-01  5.20700000e+03  1.85000000e+00 -9.62046456e-04  3.55420272e-01  5.61884177e-02  1.00238273e+02  5.10117560e+00  1.03690297e+05 -1.87628987e-01 
 7.50000000e-01  5.20700000e+03  1.85000000e+00 -9.63728616e-04  3.55420272e-01  5.61884177e-02  1.00238273e+02  5.10117560e+00  1.03690297e+05 -1.87628987e-01 
 7.60000000e-01  5.20700000e+03  1.85000000e+00 -9.65374304e-04  3.55420272e-01  5.61884177e-02  1.00238273e+02  5.10117560e+00  1.03690297e+05 -1.87628987e-01 
 7.70000000e-01  5.20700000e+03  1.85000000e+00 -9.66985165e-04  3.55420272e-01  5.61884177e-02  1.00238273e+02  5.10117560e+00  1.03690297e+05 -1.87628987e-01 
 7.80000000e-01  5.20700000e+03  1.85000000e+00 -9.68562744e-04  3.55420272e-01  5.61884177e-02  1.00238273e+02  5.10117560e+00  1.03690297e+05 -1.87628987e-01 
 7.90000000e-01  5.20700000e+03  1.85000000e+00 -9.70108495e-04  3.55420272e-01  5.61884177e-02  1.00238273e+02  5.10117560e+00  1.03690297e+05 -1.87628987e-01 
 8.00000000e-01  5.20700000e+03  1.85000000e+00 -9.71623789e-04  3.55420272e-01  5.61884177e-02  1.00238273e+02  5.10117560e+00  1.03690297e+05 -1.87628987e-01 
 8.10000000e-01  5.20700000e+03  1.85000000e+00 -9.73109912e-04  3.55420272e-01  5.61884177e-02  1.00238273e+02  5.10117560e+00  1.03690297e+05 -1.87628987e-01 
 8.20000000e-01  5.20700000e+03  1.85000000e+00 -9.74568083e-04  3.55420272e-01  5.61884177e-02  1.00238273e+02  5.10117560e+00  1.03690297e+05 -1.87628987e-01 
 8.30000000e-01  5.20700000e+03  1.85000000e+00 -9.75999447e-04  3.55420272e-01  5.61884177e-02  1.00238273e+02  5.10117560e+00  1.03690297e+05 -1.87628987e-01 
 8.40000000e-01  5.20700000e+03  1.85000000e+00 -9.77405089e-04  3.55420272e-01  5.61884177e-02  1.00238273e+02  5.10117560e+00  1.03690297e+05 -1.87628987e-01 
 8.50000000e-01  5.20700000e+03  1.85000000e+00 -9.78786034e-04  3.55420272e-01  5.61884177e-02  1.00238273e+02  5.10117560e+00  1.03690297e+05 -1.87628987e-01 
 8.60000000e-01  5.20700000e+03  1.85000000e+00 -9.80143250e-04  3.55420272e-01  5.61884177e-02  1.00238273e+02  5.10117560e+00  1.03690297e+05 -1.87628987e-01 
 8.70000000e-01  5.20700000e+03  1.85000000e+00 -9.81477656e-04  3.55420272e-01  5.61884177e-02  1.00238273e+02  5.10117560e+00  1.03690297e+05 -1.87628987e-01 
 8.80000000e-01  5.20700000e+03  1.85000000e+00 -9.82790120e-04  3.55420272e-01  5.61884177e-02  1.00238273e+02  5.10117560e+00  1.03690297e+05 -1.87628987e-01 
 8.90000000e-01  5.20700000e+03  1.85000000e+00 -9.84081468e-04  3.55420272e-01  5.61884177e-02  1.00238273e+02  5.10117560e+00  1.03690297e+05 -1.87628987e-01 
 9.00000000e-01  5.20700000e+03  1.85000000e+00 -9.85352481e-04  3.55420272e-01  5.61884177e-02  1.00238273e+02  5.10117560e+00  1.03690297e+05 -1.87628987e-01 
 9.10000000e-01  5.20700000e+03  1.85000000e+00 -9.86603902e-04  3.55420272e-01  5.61884177e-02  1.00238273e+02  5.10117560e+00  1.03690297e+05 -1.87628987e-01 
 9.20000000e-01  5.20700000e+03  1.85000000e+00 -9.87836437e-04  3.55420272e-01  5.61884177e-02  1.00238273e+02  5.10117560e+00  1.03690297e+05 -1.87628987e-01 
 9.30000000e-01  5.20700000e+03  1.85000000e+00 -9.89050756e-04  3.55420272e-01  5.61884177e-02  1.00238273e+02  5.10117560e+00  1.03690297e+05 -1.87628987e-01 
 9.40000000e-01  5.20700000e+03  1.85000000e+00 -9.90247499e-04  3.55420272e-01  5.61884177e-02  1.00238273e+02  5.10117560e+00  1.03690297e+05 -1.87628987e-01 
 9.50000000e-01  5.20700000e+03  1.85000000e+00 -9.91427272e-04  3.55420272e-01  5.61884177e-02  1.00238273e+02  5.10117560e+00  1.03690297e+05 -1.87628987e-01 
 9.60000000e-01  5.20700000e+03  1.85000000e+00 -9.92590656e-04  3.55420272e-01  5.61884177e-02  1.00238273e+02  5.10117560e+00  1.03690297e+05 -1.87628987e-01 
 9.70000000e-01  5.20700000e+03  1.85000000e+00 -9.93738201e-04  3.55420272e-01  5.61884177e-02  1.00238273e+02  5.10117560e+00  1.03690297e+05 -1.87628987e-01 
 9.80000000e-01  5.20700000e+03  1.85000000e+00 -9.94870435e-04  3.55420272e-01  5.61884177e-02  1.00238273e+02  5.10117560e+00  1.03690297e+05 -1.87628987e-01 
 9.90000000e-01  5.20700000e+03  1.85000000e+00 -9.95987859e-04  3.55420272e-01  5.61884177e-02  1.00238273e+02  5.10117560e+00  1.03690297e+05 -1.87628987e-01 
 1.00000000e+00  5.20700000e+03  1.85000000e+00 -9.97090953e-04  3.55420272e-01  5.61884177e-02  1.00238273e+02  5.10117560e+00  1.03690297e+05 -1.87628987e-01 
 1.01000000e+00  5.20700000e+03  1.85000000e+00 -9.98180176e-04  3.55420272e-01  5.61884177e-02  1.00238273e+02  5.10117560e+00  1.03690297e+05 -1.87628987e-01 
 1.02000000e+00  5.20700000e+03  1.85000000e+00 -9.99255965e-04  3.55420272e-01  5.61884177e-02  1.00238273e+02  5.10117560e+00  1.03690297e+05 -1.87628987e-01 
 1.03000000e+00  5.20700000e+03  1.85000000e+00 -1.00031874e-03  3.55420272e-01  5.61884177e-02  1.00238273e+02  5.10117560e+00  1.03690297e+05 -1.87628987e-01 
 1.04000000e+00  5.20700000e+03  1.85000000e+00 -1.00136890e-03  3.55420272e-01  5.61884177e-02  1.00238273e+02  5.10117560e+00  1.03690297e+05 -1.87628987e-01 
 1.05000000e+00  5.20700000e+03  1.85000000e+00 -1.00240684e-03  3.55420272e-01  5.61884177e-02  1.00238273e+02  5.10117560e+00  1.03690297e+05 -1.87628987e-01 
 1.06000000e+00  5.20700000e+03  1.85000000e+00 -1.00343291e-03  3.55420272e-01  5.61884177e-02  1.00238273e+02  5.10117560e+00  1.03690297e+05 -1.87628987e-01 
 1.07000000e+00  5.20700000e+03  1.85000000e+00 -1.00444747e-03  3.55420272e-01  5.61884177e-02  1.00238273e+02  5.10117560e+00  1.03690297e+05 -1.87628987e-01 
 1.08000000e+00  5.20700000e+03  1.85000000e+00 -1.00545086e-03  3.55420272e-01  5.61884177e-02  1.00238273e+02  5.10117560e+00  1.03690297e+05 -1.87628987e-01 
 1.09000000e+00  5.20700000e+03  1.85000000e+00 -1.00644341e-03  3.55420272e-01  5.61884177e-02  1.00238273e+02  5.10117560e+00  1.03690297e+05 -1.87628987e-01 
 1.10000000e+00  5.20700000e+03  1.85000000e+00 -1.00742542e-03  3.55420272e-01  5.61884177e-02  1.00238273e+02  5.10117560e+00  1.03690297e+05 -1.87628987e-01 
 1.11000000e+00  5.20700000e+03  1.85000000e+00 -1.00839719e-03  3.55420272e-01  5.61884177e-02  1.00238273e+02  5.10117560e+00  1.03690297e+05 -1.87628987e-01 
 1.12000000e+00  5.20700000e+03  1.85000000e+00 -1.00935902e-03  3.55420272e-01  5.61884177e-02  1.00238273e+02  5.10117560e+00  1.03690297e+05 -1.87628987e-01 
 1.13000000e+00  5.20700000e+03  1.85000000e+00 -1.01031117e-03  3.55420272e-01  5.61884177e-02  1.00238273e+02  5.10117560e+00  1.03690297e+05 -1.87628987e-01 
 1.14000000e+00  5.20700000e+03  1.85000000e+00 -1.01125391e-03  3.55420272e-01  5.61884177e-02  1.00238273e+02  5.10117560e+00  1.03690297e+05 -1.87628987e-01 
 1.15000000e+00  5.20700000e+03  1.85000000e+00 -1.01218750e-03  3.55420272e-01  5.61884177e-02  1.00238273e+02  5.10117560e+00  1.03690297e+05 -1.87628987e-01 
 1.16000000e+00  5.20700000e+03  1.85000000e+00 -1.01311218e-03  3.55420272e-01  5.61884177e-02  1.00238273e+02  5.10117560e+00  1.03690297e+05 -1.87628987e-01 
 1.17000000e+00  5.20700000e+03  1.85000000e+00 -1.01402819e-03  3.55420272e-01  5.61884177e-02  1.00238273e+02  5.10117560e+00  1.03690297e+05 -1.87628987e-01 
 1.18000000e+00  5.20700000e+03  1.85000000e+00 -1.01493576e-03  3.55420272e-01  5.61884177e-02  1.00238273e+02  5.10117560e+00  1.03690297e+05 -1.87628987e-01 
 1.19000000e+00  5.20700000e+03  1.85000000e+00 -1.01583511e-03  3.55420272e-01  5.61884177e-02  1.00238273e+02  5.10117560e+00  1.03690297e+05 -1.87628987e-01 
 1.20000000e+00  5.20700000e+03  1.85000000e+00 -1.01672644e-03  3.55420272e-01  5.61884177e-02  1.00238273e+02  5.10117560e+00  1.03690297e+05 -1.87628987e-01 
 1.21000000e+00  5.20700000e+03  1.85000000e+00 -1.01760996e-03  3.55420272e-01  5.61884177e-02  1.00238273e+02  5.10117560e+00  1.03690297e+05 -1.87628987e-01 
 1.22000000e+00  5.20700000e+03  1.85000000e+00 -1.01848587e-03  3.55420272e-01  5.61884177e-02  1.00238273e+02  5.10117560e+00  1.03690297e+05 -1.87628987e-01 
 1.23000000e+00  5.20700000e+03  1.85000000e+00 -1.01935436e-03  3.55420272e-01  5.61884177e-02  1.00238273e+02  5.10117560e+00  1.03690297e+05 -1.87628987e-01 
 1.24000000e+00  5.20700000e+03  1.85000000e+00 -1.02021561e-03  3.55420272e-01  5.61884177e-02  1.00238273e+02  5.10117560e+00  1.03690297e+05 -1.87628987e-01 
 1.25000000e+00  5.20700000e+03  1.85000000e+00 -1.02106980e-03  3.55420272e-01  5.61884177e-02  1.00238273e+02  5.10117560e+00  1.03690297e+05 -1.87628987e-01 
 1.26000000e+00  5.20700000e+03  1.85000000e+00 -1.02191709e-03  3.55420272e-01  5.61884177e-02  1.00238273e+02  5.10117560e+00  1.03690297e+05 -1.87628987e-01 
 1.27000000e+00  5.20700000e+03  1.85000000e+00 -1.02275766e-03  3.55420272e-01  5.61884177e-02  1.00238273e+02  5.10117560e+00  1.03690297e+05 -1.87628987e-01 
 1.28000000e+00  5.20700000e+03  1.85000000e+00 -1.02359166e-03  3.55420272e-01  5.61884177e-02  1.00238273e+02  5.10117560e+00  1.03690297e+05 -1.87628987e-01 
 1.29000000e+00  5.20700000e+03  1.85000000e+00 -1.02441925e-03  3.55420272e-01  5.61884177e-02  1.00238273e+02  5.10117560e+00  1.03690297e+05 -1.87628987e-01 
 1.30000000e+00  5.20700000e+03  1.85000000e+00 -1.02524057e-03  3.55420272e-01  5.61884177e-02  1.00238273e+02  5.10117560e+00  1.03690297e+05 -1.87628987e-01 
 1.31000000e+00  5.20700000e+03  1.85000000e+00 -1.02605578e-03  3.55420272e-01  5.61884177e-02  1.00238273e+02  5.10117560e+00  1.03690297e+05 -1.87628987e-01 
 1.32000000e+00  5.20700000e+03  1.85000000e+00 -1.02686500e-03  3.55420272e-01  5.61884177e-02  1.00238273e+02  5.10117560e+00  1.03690297e+05 -1.87628987e-01 
 1.33000000e+00  5.20700000e+03  1.85000000e+00 -1.02766838e-03  3.55420272e-01  5.61884177e-02  1.00238273e+02  5.10117560e+00  1.03690297e+05 -1.87628987e-01 
 1.34000000e+00  5.20700000e+03  1.85000000e+00 -1.02846605e-03  3.55420272e-01  5.61884177e-02  1.00238273e+02  5.10117560e+00  1.03690297e+05 -1.87628987e-01 
 1.35000000e+00  5.20700000e+03  1.85000000e+00 -1.02925813e-03  3.55420272e-01  5.61884177e-02  1.00238273e+02  5.10117560e+00  1.03690297e+05 -1.87628987e-01 
 1.36000000e+00  5.20700000e+03  1.85000000e+00 -1.03004474e-03  3.55420272e-01  5.61884177e-02  1.00238273e+02  5.10117560e+00  1.03690297e+05 -1.87628987e-01 
 1.37000000e+00  5.20700000e+03  1.85000000e+00 -1.03082602e-03  3.55420272e-01  5.61884177e-02  1.00238273e+02  5.10117560e+00  1.03690297e+05 -1.87628987e-01 
 1.38000000e+00  5.20700000e+03  1.85000000e+00 -1.03160206e-03  3.55420272e-01  5.61884177e-02  1.00238273e+02  5.10117560e+00  1.03690297e+05 -1.87628987e-01 
 1.39000000e+00  5.20700000e+03  1.85000000e+00 -1.03237298e-03  3.55420272e-01  5.61884177e-02  1.00238273e+02  5.10117560e+00  1.03690297e+05 -1.87628987e-01 
 1.40000000e+00  5.20700000e+03  1.85000000e+00 -1.03313890e-03  3.55420272e-01  5.61884177e-02  1.00238273e+02  5.10117560e+00  1.03690297e+05 -1.87628987e-01 
 1.41000000e+00  5.20700000e+03  1.85000000e+00 -1.03389992e-03  3.55420272e-01  5.61884177e-02  1.00238273e+02  5.10117560e+00  1.03690297e+05 -1.87628987e-01 
 1.42000000e+00  5.20700000e+03  1.85000000e+00 -1.03465614e-03  3.55420272e-01  5.61884177e-02  1.00238273e+02  5.10117560e+00  1.03690297e+05 -1.87628987e-01 
 1.43000000e+00  5.20700000e+03  1.85000000e+00 -1.03540766e-03  3.55420272e-01  5.61884177e-02  1.00238273e+02  5.10117560e+00  1.03690297e+05 -1.87628987e-01 
 1.44000000e+00  5.20700000e+03  1.85000000e+00 -1.03615458e-03  3.55420272e-01  5.61884177e-02  1.00238273e+02  5.10117560e+00  1.03690297e+05 -1.87628987e-01 
 1.45000000e+00  5.20700000e+03  1.85000000e+00 -1.03689699e-03  3.55420272e-01  5.61884177e-02  1.00238273e+02  5.10117560e+00  1.03690297e+05 -1.87628987e-01 
 1.46000000e+00  5.20700000e+03  1.85000000e+00 -1.03763499e-03  3.55420272e-01  5.61884177e-02  1.00238273e+02  5.10117560e+00  1.03690297e+05 -1.87628987e-01 
 1.47000000e+00  5.20700000e+03  1.85000000e+00 -1.03836866e-03  3.55420272e-01  5.61884177e-02  1.00238273e+02  5.10117560e+00  1.03690297e+05 -1.87628987e-01 
 1.48000000e+00  5.20700000e+03  1.85000000e+00 -1.03909810e-03  3.55420272e-01  5.61884177e-02  1.00238273e+02  5.10117560e+00  1.03690297e+05 -1.87628987e-01 
 1.49000000e+00  5.20700000e+03  1.85000000e+00 -1.03982338e-03  3.55420272e-01  5.61884177e-02  1.00238273e+02  5.10117560e+00  1.03690297e+05 -1.87628987e-01 
 1.50000000e+00  5.20700000e+03  1.85000000e+00 -1.04054460e-03  3.55420272e-01  5.61884177e-02  1.00238273e+02  5.10117560e+00  1.03690297e+05 -1.87628987e-01 
 1.51000000e+00  5.20700000e+03  1.85000000e+00 -1.04126183e-03  3.55420272e-01  5.61884177e-02  1.00238273e+02  5.10117560e+00  1.03690297e+05 -1.87628987e-01 
 1.52000000e+00  5.20700000e+03  1.85000000e+00 -1.04197516e-03  3.55420272e-01  5.61884177e-02  1.00238273e+02  5.10117560e+00  1.03690297e+05 -1.87628987e-01 
 1.53000000e+00  5.20700000e+03  1.85000000e+00 -1.04268466e-03  3.55420272e-01  5.61884177e-02  1.00238273e+02  5.10117560e+00  1.03690297e+05 -1.87628987e-01 
 1.54000000e+00  5.20700000e+03  1.85000000e+00 -1.04339041e-03  3.55420272e-01  5.61884177e-02  1.00238273e+02  5.10117560e+00  1.03690297e+05 -1.87628987e-01 
 1.55000000e+00  5.20700000e+03  1.85000000e+00 -1.04409249e-03  3.55420272e-01  5.61884177e-02  1.00238273e+02  5.10117560e+00  1.03690297e+05 -1.87628987e-01 
 1.56000000e+00  5.20700000e+03  1.85000000e+00 -1.04479096e-03  3.55420272e-01  5.61884177e-02  1.00238273e+02  5.10117560e+00  1.03690297e+05 -1.87628987e-01 
 1.57000000e+00  5.20700000e+03  1.85000000e+00 -1.04548592e-03  3.55420272e-01  5.61884177e-02  1.00238273e+02  5.10117560e+00  1.03690297e+05 -1.87628987e-01 
 1.58000000e+00  5.20700000e+03  1.85000000e+00 -1.04617742e-03  3.55420272e-01  5.61884177e-02  1.00238273e+02  5.10117560e+00  1.03690297e+05 -1.87628987e-01 
 1.59000000e+00  5.20700000e+03  1.85000000e+00 -1.04686553e-03  3.55420272e-01  5.61884177e-02  1.00238273e+02  5.10117560e+00  1.03690297e+05 -1.87628987e-01 
 1.60000000e+00  5.20700000e+03  1.85000000e+00 -1.04755034e-03  3.55420272e-01  5.61884177e-02  1.00238273e+02  5.10117560e+00  1.03690297e+05 -1.87628987e-01 
 1.61000000e+00  5.20700000e+03  1.85000000e+00 -1.04823191e-03  3.55420272e-01  5.61884177e-02  1.00238273e+02  5.10117560e+00  1.03690297e+05 -1.87628987e-01 
 1.62000000e+00  5.20700000e+03  1.85000000e+00 -1.04891032e-03  3.55420272e-01  5.61884177e-02  1.00238273e+02  5.10117560e+00  1.03690297e+05 -1.87628987e-01 
 1.63000000e+00  5.20700000e+03  1.85000000e+00 -1.04958563e-03  3.55420272e-01  5.61884177e-02  1.00238273e+02  5.10117560e+00  1.03690297e+05 -1.87628987e-01 
 1.64000000e+00  5.20700000e+03  1.85000000e+00 -1.05025791e-03  3.55420272e-01  5.61884177e-02  1.00238273e+02  5.10117560e+00  1.03690297e+05 -1.87628987e-01 
 1.65000000e+00  5.20700000e+03  1.85000000e+00 -1.05092724e-03  3.55420272e-01  5.61884177e-02  1.00238273e+02  5.10117560e+00  1.03690297e+05 -1.87628987e-01 
 1.66000000e+00  5.20700000e+03  1.85000000e+00 -1.05159369e-03  3.55420272e-01  5.61884177e-02  1.00238273e+02  5.10117560e+00  1.03690297e+05 -1.87628987e-01 
 1.67000000e+00  5.20700000e+03  1.85000000e+00 -1.05225733e-03  3.55420272e-01  5.61884177e-02  1.00238273e+02  5.10117560e+00  1.03690297e+05 -1.87628987e-01 
 1.68000000e+00  5.20700000e+03  1.85000000e+00 -1.05291824e-03  3.55420272e-01  5.61884177e-02  1.00238273e+02  5.10117560e+00  1.03690297e+05 -1.87628987e-01 
 1.69000000e+00  5.20700000e+03  1.85000000e+00 -1.05357648e-03  3.55420272e-01  5.61884177e-02  1.00238273e+02  5.10117560e+00  1.03690297e+05 -1.87628987e-01 
 1.70000000e+00  5.20700000e+03  1.85000000e+00 -1.05423215e-03  3.55420272e-01  5.61884177e-02  1.00238273e+02  5.10117560e+00  1.03690297e+05 -1.87628987e-01 
 1.71000000e+00  5.20700000e+03  1.85000000e+00 -1.05488531e-03  3.55420272e-01  5.61884177e-02  1.00238273e+02  5.10117560e+00  1.03690297e+05 -1.87628987e-01 
 1.72000000e+00  5.20700000e+03  1.85000000e+00 -1.05553605e-03  3.55420272e-01  5.61884177e-02  1.00238273e+02  5.10117560e+00  1.03690297e+05 -1.87628987e-01 
 1.73000000e+00  5.20700000e+03  1.85000000e+00 -1.05618445e-03  3.55420272e-01  5.61884177e-02  1.00238273e+02  5.10117560e+00  1.03690297e+05 -1.87628987e-01 
 1.74000000e+00  5.20700000e+03  1.85000000e+00 -1.05683060e-03  3.55420272e-01  5.61884177e-02  1.00238273e+02  5.10117560e+00  1.03690297e+05 -1.87628987e-01 
 1.75000000e+00  5.20700000e+03  1.85000000e+00 -1.05747458e-03  3.55420272e-01  5.61884177e-02  1.00238273e+02  5.10117560e+00  1.03690297e+05 -1.87628987e-01 
 1.76000000e+00  5.20700000e+03  1.85000000e+00 -1.05811650e-03  3.55420272e-01  5.61884177e-02  1.00238273e+02  5.10117560e+00  1.03690297e+05 -1.87628987e-01 
 1.77000000e+00  5.20700000e+03  1.85000000e+00 -1.05875644e-03  3.55420272e-01  5.61884177e-02  1.00238273e+02  5.10117560e+00  1.03690297e+05 -1.87628987e-01 
 1.78000000e+00  5.20700000e+03  1.85000000e+00 -1.05939450e-03  3.55420272e-01  5.61884177e-02  1.00238273e+02  5.10117560e+00  1.03690297e+05 -1.87628987e-01 
 1.79000000e+00  5.20700000e+03  1.85000000e+00 -1.06003080e-03  3.55420272e-01  5.61884177e-02  1.00238273e+02  5.10117560e+00  1.03690297e+05 -1.87628987e-01 
 1.80000000e+00  5.20700000e+03  1.85000000e+00 -1.06066544e-03  3.55420272e-01  5.61884177e-02  1.00238273e+02  5.10117560e+00  1.03690297e+05 -1.87628987e-01 
 1.81000000e+00  5.20700000e+03  1.85000000e+00 -1.06129854e-03  3.55420272e-01  5.61884177e-02  1.00238273e+02  5.10117560e+00  1.03690297e+05 -1.87628987e-01 
 1.82000000e+00  5.20700000e+03  1.85000000e+00 -1.06193023e-03  3.55420272e-01  5.61884177e-02  1.00238273e+02  5.10117560e+00  1.03690297e+05 -1.87628987e-01 
 1.83000000e+00  5.20700000e+03  1.85000000e+00 -1.06256062e-03  3.55420272e-01  5.61884177e-02  1.00238273e+02  5.10117560e+00  1.03690297e+05 -1.87628987e-01 
 1.84000000e+00  5.20700000e+03  1.85000000e+00 -1.06318986e-03  3.55420272e-01  5.61884177e-02  1.00238273e+02  5.10117560e+00  1.03690297e+05 -1.87628987e-01 
 1.85000000e+00  5.20700000e+03  1.85000000e+00 -1.06381809e-03  3.55420272e-01  5.61884177e-02  1.00238273e+02  5.10117560e+00  1.03690297e+05 -1.87628987e-01 
