 0.00000000e+00  1.48000000e+00  0.00000000e+00  1.48148160e-12  1.21424448e+00  1.91844618e+00  8.85106391e-01  1.66700675e+00  3.43466939e+01  1.44756479e+00  5.77209351e+00 
 1.00000000e-02  1.48000000e+00  1.00000000e-02  1.48148160e-12  1.21424448e+00  1.91844618e+00  8.85106391e-01  1.66700675e+00  3.43466939e+01  1.44756479e+00  5.77209351e+00 
 2.00000000e-02  1.48000000e+00  2.00000000e-02  1.48148160e-12  1.21424448e+00  1.91844618e+00  8.85106391e-01  1.66700675e+00  3.43466939e+01  1.44756479e+00  5.77209351e+00 
 3.00000000e-02  1.48000000e+00  3.00000000e-02  1.48148160e-12  1.21424448e+00  1.91844618e+00  8.85106391e-01  1.66700675e+00  3.43466939e+01  1.44756479e+00  5.77209351e+00 
 4.00000000e-02  1.48000000e+00  4.00000000e-02  1.48148160e-12  1.21424448e+00  1.91844618e+00  8.85106391e-01  1.66700675e+00  3.43466939e+01  1.44756479e+00  5.77209351e+00 
 5.00000000e-02  1.48000000e+00  5.00000000e-02  1.48148160e-12  1.21424448e+00  1.91844618e+00  8.85106391e-01  1.66700675e+00  3.43466939e+01  1.44756479e+00  5.77209351e+00 
 6.00000000e-02  1.48000000e+00  6.00000000e-02  1.48148160e-12  1.21424448e+00  1.91844618e+00  8.85106391e-01  1.66700675e+00  3.43466939e+01  1.44756479e+00  5.77209351e+00 
 7.00000000e-02  1.48000000e+00  7.00000000e-02  1.48148160e-12  1.21424448e+00  1.91844618e+00  8.85106391e-01  1.66700675e+00  3.43466939e+01  1.44756479e+00  5.77209351e+00 
 8.00000000e-02  1.48000000e+00  8.00000000e-02  1.48148160e-12  1.21424448e+00  1.91844618e+00  8.85106391e-01  1.66700675e+00  3.43466939e+01  1.44756479e+00  5.77209351e+00 
 9.00000000e-02  1.48000000e+00  9.00000000e-02  1.48148160e-12  1.21424448e+00  1.91844618e+00  8.85106391e-01  1.66700675e+00  3.43466939e+01  1.44756479e+00  5.77209351e+00 
 1.00000000e-01  1.48000000e+00  1.00000000e-01  1.48148160e-12  1.21424448e+00  1.91844618e+00  8.85106391e-01  1.66700675e+00  3.43466939e+01  1.44756479e+00  5.77209351e+00 
 1.10000000e-01  1.48000000e+00  1.10000000e-01  1.48148160e-12  1.21424448e+00  1.91844618e+00  8.85106391e-01  1.66700675e+00  3.43466939e+01  1.44756479e+00  5.77209351e+00 
 1.20000000e-01  1.48000000e+00  1.20000000e-01  1.48148160e-12  1.21424448e+00  1.91844618e+00  8.85106391e-01  1.66700675e+00  3.43466939e+01  1.44756479e+00  5.77209351e+00 
 1.30000000e-01  1.48000000e+00  1.30000000e-01  1.48148160e-12  1.21424448e+00  1.91844618e+00  8.85106391e-01  1.66700675e+00  3.43466939e+01  1.44756479e+00  5.77209351e+00 
 1.40000000e-01  1.48000000e+00  1.40000000e-01  1.48148160e-12  1.21424448e+00  1.91844618e+00  8.85106391e-01  1.66700675e+00  3.43466939e+01  1.44756479e+00  5.77209351e+00 
 1.50000000e-01  1.48000000e+00  1.50000000e-01  1.48148160e-12  1.21424448e+00  1.91844618e+00  8.85106391e-01  1.66700675e+00  3.43466939e+01  1.44756479e+00  5.77209351e+00 
 1.60000000e-01  1.48000000e+00  1.60000000e-01  1.48148160e-12  1.21424448e+00  1.91844618e+00  8.85106391e-01  1.66700675e+00  3.43466939e+01  1.44756479e+00  5.77209351e+00 
 1.70000000e-01  1.48000000e+00  1.70000000e-01  1.48148160e-12  1.21424448e+00  1.91844618e+00  8.85106391e-01  1.66700675e+00  3.43466939e+01  1.44756479e+00  5.77209351e+00 
 1.80000000e-01  1.48000000e+00  1.80000000e-01  1.48148160e-12  1.21424448e+00  1.91844618e+00  8.85106391e-01  1.66700675e+00  3.43466939e+01  1.44756479e+00  5.77209351e+00 
 1.90000000e-01  1.48000000e+00  1.90000000e-01  1.48148160e-12  1.21424448e+00  1.91844618e+00  8.85106391e-01  1.66700675e+00  3.43466939e+01  1.44756479e+00  5.77209351e+00 
 2.00000000e-01  1.48000000e+00  2.00000000e-01  1.48148160e-12  1.21424448e+00  1.91844618e+00  8.85106391e-01  1.66700675e+00  3.43466939e+01  1.44756479e+00  5.77209351e+00 
 2.10000000e-01  1.48000000e+00  2.10000000e-01  1.48148160e-12  1.21424448e+00  1.91844618e+00  8.85106391e-01  1.66700675e+00  3.43466939e+01  1.44756479e+00  5.77209351e+00 
 2.20000000e-01  1.48000000e+00  2.20000000e-01  1.48148160e-12  1.21424448e+00  1.91844618e+00  8.85106391e-01  1.66700675e+00  3.43466939e+01  1.44756479e+00  5.77209351e+00 
 2.30000000e-01  1.48000000e+00  2.30000000e-01  1.48148160e-12  1.21424448e+00  1.91844618e+00  8.85106391e-01  1.66700675e+00  3.43466939e+01  1.44756479e+00  5.77209351e+00 
 2.40000000e-01  1.48000000e+00  2.40000000e-01  1.48148160e-12  1.21424448e+00  1.91844618e+00  8.85106391e-01  1.66700675e+00  3.43466939e+01  1.44756479e+00  5.77209351e+00 
 2.50000000e-01  1.48000000e+00  2.50000000e-01  1.48148160e-12  1.21424448e+00  1.91844618e+00  8.85106391e-01  1.66700675e+00  3.43466939e+01  1.44756479e+00  5.77209351e+00 
 2.60000000e-01  1.48000000e+00  2.60000000e-01  1.48148160e-12  1.21424448e+00  1.91844618e+00  8.85106391e-01  1.66700675e+00  3.43466939e+01  1.44756479e+00  5.77209351e+00 
 2.70000000e-01  1.48000000e+00  2.70000000e-01  1.48148160e-12  1.21424448e+00  1.91844618e+00  8.85106391e-01  1.66700675e+00  3.43466939e+01  1.44756479e+00  5.77209351e+00 
 2.80000000e-01  1.48000000e+00  2.80000000e-01  1.48148160e-12  1.21424448e+00  1.91844618e+00  8.85106391e-01  1.66700675e+00  3.43466939e+01  1.44756479e+00  5.77209351e+00 
 2.90000000e-01  1.48000000e+00  2.90000000e-01  1.48148160e-12  1.21424448e+00  1.91844618e+00  8.85106391e-01  1.66700675e+00  3.43466939e+01  1.44756479e+00  5.77209351e+00 
 3.00000000e-01  1.48000000e+00  3.00000000e-01  1.48148160e-12  1.21424448e+00  1.91844618e+00  8.85106391e-01  1.66700675e+00  3.43466939e+01  1.44756479e+00  5.77209351e+00 
 3.10000000e-01  1.48000000e+00  3.10000000e-01  1.48148160e-12  1.21424448e+00  1.91844618e+00  8.85106391e-01  1.66700675e+00  3.43466939e+01  1.44756479e+00  5.77209351e+00 
 3.20000000e-01  1.48000000e+00  3.20000000e-01  1.48148160e-12  1.21424448e+00  1.91844618e+00  8.85106391e-01  1.66700675e+00  3.43466939e+01  1.44756479e+00  5.77209351e+00 
 3.30000000e-01  1.48000000e+00  3.30000000e-01  1.48148160e-12  1.21424448e+00  1.91844618e+00  8.85106391e-01  1.66700675e+00  3.43466939e+01  1.44756479e+00  5.77209351e+00 
 3.40000000e-01  1.48000000e+00  3.40000000e-01  1.48148160e-12  1.21424448e+00  1.91844618e+00  8.85106391e-01  1.66700675e+00  3.43466939e+01  1.44756479e+00  5.77209351e+00 
 3.50000000e-01  1.48000000e+00  3.50000000e-01  1.48148160e-12  1.21424448e+00  1.91844618e+00  8.85106391e-01  1.66700675e+00  3.43466939e+01  1.44756479e+00  5.77209351e+00 
 3.60000000e-01  1.48000000e+00  3.60000000e-01  1.48148160e-12  1.21424448e+00  1.91844618e+00  8.85106391e-01  1.66700675e+00  3.43466939e+01  1.44756479e+00  5.77209351e+00 
 3.70000000e-01  1.48000000e+00  3.70000000e-01  1.48148160e-12  1.21424448e+00  1.91844618e+00  8.85106391e-01  1.66700675e+00  3.43466939e+01  1.44756479e+00  5.77209351e+00 
 3.80000000e-01  1.48000000e+00  3.80000000e-01  1.48148160e-12  1.21424448e+00  1.91844618e+00  8.85106391e-01  1.66700675e+00  3.43466939e+01  1.44756479e+00  5.77209351e+00 
 3.90000000e-01  1.48000000e+00  3.90000000e-01  1.48325796e-12  1.21424448e+00  1.91844618e+00  8.85106391e-01  1.66700675e+00  3.43466939e+01  1.44756479e+00  5.77209351e+00 
 4.00000000e-01  1.48000000e+00  4.00000000e-01  1.48503432e-12  1.21424448e+00  1.91844618e+00  8.85106391e-01  1.66700675e+00  3.43466939e+01  1.44756479e+00  5.77209351e+00 
 4.10000000e-01  1.48000000e+00  4.10000000e-01  1.48503432e-12  1.21424448e+00  1.91844618e+00  8.85106391e-01  1.66700675e+00  3.43466939e+01  1.44756479e+00  5.77209351e+00 
 4.20000000e-01  1.48000000e+00  4.20000000e-01  1.48858703e-12  1.21424448e+00  1.91844618e+00  8.85106391e-01  1.66700675e+00  3.43466939e+01  1.44756479e+00  5.77209351e+00 
 4.30000000e-01  1.48000000e+00  4.30000000e-01  1.49924517e-12  1.21424448e+00  1.91844618e+00  8.85106391e-01  1.66700675e+00  3.43466939e+01  1.44756479e+00  5.77209351e+00 
 4.40000000e-01  1.48000000e+00  4.40000000e-01  1.52589053e-12  1.21424448e+00  1.91844618e+00  8.85106391e-01  1.66700675e+00  3.43466939e+01  1.44756479e+00  5.77209351e+00 
 4.50000000e-01  1.48000000e+00  4.50000000e-01  1.59694480e-12  1.21424448e+00  1.91844618e+00  8.85106391e-01  1.66700675e+00  3.43466939e+01  1.44756479e+00  5.77209351e+00 
 4.60000000e-01  1.48000000e+00  4.60000000e-01  1.78168591e-12  1.21424448e+00  1.91844618e+00  8.85106391e-01  1.66700675e+00  3.43466939e+01  1.44756479e+00  5.77209351e+00 
 4.70000000e-01  1.48000000e+00  4.70000000e-01  2.26663133e-12  1.21424448e+00  1.91844618e+00  8.85106391e-01  1.66700675e+00  3.43466939e+01  1.44756479e+00  5.77209351e+00 
 4.80000000e-01  1.48000000e+00  4.80000000e-01  3.53850282e-12  1.21424448e+00  1.91844618e+00  8.85106391e-01  1.66700675e+00  3.43466939e+01  1.44756479e+00  5.77209351e+00 
 4.90000000e-01  1.48000000e+00  4.90000000e-01  6.86029011e-12  1.21424448e+00  1.91844618e+00  8.85106391e-01  1.66700675e+00  3.43466939e+01  1.44756479e+00  5.77209351e+00 
 5.00000000e-01  1.48000000e+00  5.00000000e-01  1.54933844e-11  1.21424448e+00  1.91844618e+00  8.85106391e-01  1.66700675e+00  3.43466939e+01  1.44756479e+00  5.77209351e+00 
 5.10000000e-01  1.48000000e+00  5.10000000e-01  3.77795573e-11  1.21424448e+00  1.91844618e+00  8.85106391e-01  1.66700675e+00  3.43466939e+01  1.44756479e+00  5.77209351e+00 
 5.20000000e-01  1.48000000e+00  5.20000000e-01  9.46833723e-11  1.21424448e+00  1.91844618e+00  8.85106391e-01  1.66700675e+00  3.43466939e+01  1.44756479e+00  5.77209351e+00 
 5.30000000e-01  1.48000000e+00  5.30000000e-01  2.37546871e-10  1.21424448e+00  1.91844618e+00  8.85106391e-01  1.66700675e+00  3.43466939e+01  1.44756479e+00  5.77209351e+00 
 5.40000000e-01  1.48000000e+00  5.40000000e-01  5.87203175e-10  1.21424448e+00  1.91844618e+00  8.85106391e-01  1.66700675e+00  3.43466939e+01  1.44756479e+00  5.77209351e+00 
 5.50000000e-01  1.48000000e+00  5.50000000e-01  1.41243994e-09  1.21424448e+00  1.91844618e+00  8.85106391e-01  1.66700675e+00  3.43466939e+01  1.44756479e+00  5.77209351e+00 
 5.60000000e-01  1.48000000e+00  5.60000000e-01  3.26716432e-09  1.21424448e+00  1.91844618e+00  8.85106391e-01  1.66700675e+00  3.43466939e+01  1.44756479e+00  5.77209351e+00 
 5.70000000e-01  1.48000000e+00  5.70000000e-01  7.19199278e-09  1.21424448e+00  1.91844618e+00  8.85106391e-01  1.66700675e+00  3.43466939e+01  1.44756479e+00  5.77209351e+00 
 5.80000000e-01  1.48000000e+00  5.80000000e-01  1.49651438e-08  1.21424448e+00  1.91844618e+00  8.85106391e-01  1.66700675e+00  3.43466939e+01  1.44756479e+00  5.77209351e+00 
 5.90000000e-01  1.48000000e+00  5.90000000e-01  2.94133411e-08  1.21424448e+00  1.91844618e+00  8.85106391e-01  1.66700675e+00  3.43466939e+01  1.44756479e+00  5.77209351e+00 
 6.00000000e-01  1.48000000e+00  6.00000000e-01  5.49074830e-08  1.21424448e+00  1.91844618e+00  8.85106391e-01  1.66700675e+00  3.43466939e+01  1.44756479e+00  5.77209351e+00 
 6.10000000e-01  1.48000000e+00  6.10000000e-01  9.82978374e-08  1.21424448e+00  1.91844618e+00  8.85106391e-01  1.66700675e+00  3.43466939e+01  1.44756479e+00  5.77209351e+00 
 6.20000000e-01  1.48000000e+00  6.20000000e-01  1.70609376e-07  1.21424448e+00  1.91844618e+00  8.85106391e-01  1.66700675e+00  3.43466939e+01  1.44756479e+00  5.77209351e+00 
 6.30000000e-01  1.48000000e+00  6.30000000e-01  2.89904238e-07  1.21424448e+00  1.91844618e+00  8.85106391e-01  1.66700675e+00  3.43466939e+01  1.44756479e+00  5.77209351e+00 
 6.40000000e-01  1.48000000e+00  6.40000000e-01  4.85920188e-07  1.21424448e+00  1.91844618e+00  8.85106391e-01  1.66700675e+00  3.43466939e+01  1.44756479e+00  5.77209351e+00 
 6.50000000e-01  1.48000000e+00  6.50000000e-01  8.07235894e-07  1.21424448e+00  1.91844618e+00  8.85106391e-01  1.66700675e+00  3.43466939e+01  1.44756479e+00  5.77209351e+00 
 6.60000000e-01  1.48000000e+00  6.60000000e-01  1.33116576e-06  1.21424448e+00  1.91844618e+00  8.85106391e-01  1.66700675e+00  3.43466939e+01  1.44756479e+00  5.77209351e+00 
 6.70000000e-01  1.48000000e+00  6.70000000e-01  2.17421973e-06  1.21424448e+00  1.91844618e+00  8.85106391e-01  1.66700675e+00  3.43466939e+01  1.44756479e+00  5.77209351e+00 
 6.80000000e-01  1.48000000e+00  6.80000000e-01  3.49641570e-06  1.21424448e+00  1.91844618e+00  8.85106391e-01  1.66700675e+00  3.43466939e+01  1.44756479e+00  5.77209351e+00 
 6.90000000e-01  1.48000000e+00  6.90000000e-01  5.48991442e-06  1.21424448e+00  1.91844618e+00  8.85106391e-01  1.66700675e+00  3.43466939e+01  1.44756479e+00  5.77209351e+00 
 7.00000000e-01  1.48000000e+00  7.00000000e-01  8.34925174e-06  1.21424448e+00  1.91844618e+00  8.85106391e-01  1.66700675e+00  3.43466939e+01  1.44756479e+00  5.77209351e+00 
 7.10000000e-01  1.48000000e+00  7.10000000e-01  1.22358584e-05  1.21424448e+00  1.91844618e+00  8.85106391e-01  1.66700675e+00  3.43466939e+01  1.44756479e+00  5.77209351e+00 
 7.20000000e-01  1.48000000e+00  7.20000000e-01  1.72563420e-05  1.21424448e+00  1.91844618e+00  8.85106391e-01  1.66700675e+00  3.43466939e+01  1.44756479e+00  5.77209351e+00 
 7.30000000e-01  1.48000000e+00  7.30000000e-01  2.34624453e-05  1.21424448e+00  1.91844618e+00  8.85106391e-01  1.66700675e+00  3.43466939e+01  1.44756479e+00  5.77209351e+00 
 7.40000000e-01  1.48000000e+00  7.40000000e-01  3.08652622e-05  1.21424448e+00  1.91844618e+00  8.85106391e-01  1.66700675e+00  3.43466939e+01  1.44756479e+00  5.77209351e+00 
 7.50000000e-01  1.48000000e+00  7.50000000e-01  3.94522027e-05  1.21424448e+00  1.91844618e+00  8.85106391e-01  1.66700675e+00  3.43466939e+01  1.44756479e+00  5.77209351e+00 
 7.60000000e-01  1.48000000e+00  7.60000000e-01  4.92000165e-05  1.21424448e+00  1.91844618e+00  8.85106391e-01  1.66700675e+00  3.43466939e+01  1.44756479e+00  5.77209351e+00 
 7.70000000e-01  1.48000000e+00  7.70000000e-01  6.00825620e-05  1.21424448e+00  1.91844618e+00  8.85106391e-01  1.66700675e+00  3.43466939e+01  1.44756479e+00  5.77209351e+00 
 7.80000000e-01  1.48000000e+00  7.80000000e-01  7.20745433e-05  1.21424448e+00  1.91844618e+00  8.85106391e-01  1.66700675e+00  3.43466939e+01  1.44756479e+00  5.77209351e+00 
 7.90000000e-01  1.48000000e+00  7.90000000e-01  8.51528354e-05  1.21424448e+00  1.91844618e+00  8.85106391e-01  1.66700675e+00  3.43466939e+01  1.44756479e+00  5.77209351e+00 
 8.00000000e-01  1.48000000e+00  8.00000000e-01  9.92965999e-05  1.21424448e+00  1.91844618e+00  8.85106391e-01  1.66700675e+00  3.43466939e+01  1.44756479e+00  5.77209351e+00 
 8.10000000e-01  1.48000000e+00  8.10000000e-01  1.14486910e-04  1.21424448e+00  1.91844618e+00  8.85106391e-01  1.66700675e+00  3.43466939e+01  1.44756479e+00  5.77209351e+00 
 8.20000000e-01  1.48000000e+00  8.20000000e-01  1.30706250e-04  1.21424448e+00  1.91844618e+00  8.85106391e-01  1.66700675e+00  3.43466939e+01  1.44756479e+00  5.77209351e+00 
 8.30000000e-01  1.48000000e+00  8.30000000e-01  1.47938045e-04  1.21424448e+00  1.91844618e+00  8.85106391e-01  1.66700675e+00  3.43466939e+01  1.44756479e+00  5.77209351e+00 
 8.40000000e-01  1.48000000e+00  8.40000000e-01  1.66166288e-04  1.21424448e+00  1.91844618e+00  8.85106391e-01  1.66700675e+00  3.43466939e+01  1.44756479e+00  5.77209351e+00 
 8.50000000e-01  1.48000000e+00  8.50000000e-01  1.85375254e-04  1.21424448e+00  1.91844618e+00  8.85106391e-01  1.66700675e+00  3.43466939e+01  1.44756479e+00  5.77209351e+00 
 8.60000000e-01  1.48000000e+00  8.60000000e-01  2.05549306e-04  1.21424448e+00  1.91844618e+00  8.85106391e-01  1.66700675e+00  3.43466939e+01  1.44756479e+00  5.77209351e+00 
 8.70000000e-01  1.48000000e+00  8.70000000e-01  2.26672763e-04  1.21424448e+00  1.91844618e+00  8.85106391e-01  1.66700675e+00  3.43466939e+01  1.44756479e+00  5.77209351e+00 
 8.80000000e-01  1.48000000e+00  8.80000000e-01  2.48729816e-04  1.21424448e+00  1.91844618e+00  8.85106391e-01  1.66700675e+00  3.43466939e+01  1.44756479e+00  5.77209351e+00 
 8.90000000e-01  1.48000000e+00  8.90000000e-01  2.71704482e-04  1.21424448e+00  1.91844618e+00  8.85106391e-01  1.66700675e+00  3.43466939e+01  1.44756479e+00  5.77209351e+00 
 9.00000000e-01  1.48000000e+00  9.00000000e-01  2.95580584e-04  1.21424448e+00  1.91844618e+00  8.85106391e-01  1.66700675e+00  3.43466939e+01  1.44756479e+00  5.77209351e+00 
 9.10000000e-01  1.48000000e+00  9.10000000e-01  3.20341740e-04  1.21424448e+00  1.91844618e+00  8.85106391e-01  1.66700675e+00  3.43466939e+01  1.44756479e+00  5.77209351e+00 
 9.20000000e-01  1.48000000e+00  9.20000000e-01  3.45971371e-04  1.21424448e+00  1.91844618e+00  8.85106391e-01  1.66700675e+00  3.43466939e+01  1.44756479e+00  5.77209351e+00 
 9.30000000e-01  1.48000000e+00  9.30000000e-01  3.72452715e-04  1.21424448e+00  1.91844618e+00  8.85106391e-01  1.66700675e+00  3.43466939e+01  1.44756479e+00  5.77209351e+00 
 9.40000000e-01  1.48000000e+00  9.40000000e-01  3.99768842e-04  1.21424448e+00  1.91844618e+00  8.85106391e-01  1.66700675e+00  3.43466939e+01  1.44756479e+00  5.77209351e+00 
 9.50000000e-01  1.48000000e+00  9.50000000e-01  4.27902672e-04  1.21424448e+00  1.91844618e+00  8.85106391e-01  1.66700675e+00  3.43466939e+01  1.44756479e+00  5.77209351e+00 
 9.60000000e-01  1.48000000e+00  9.60000000e-01  4.56836999e-04  1.21424448e+00  1.91844618e+00  8.85106391e-01  1.66700675e+00  3.43466939e+01  1.44756479e+00  5.77209351e+00 
 9.70000000e-01  1.48000000e+00  9.70000000e-01  4.86554504e-04  1.21424448e+00  1.91844618e+00  8.85106391e-01  1.66700675e+00  3.43466939e+01  1.44756479e+00  5.77209351e+00 
 9.80000000e-01  1.48000000e+00  9.80000000e-01  5.17037788e-04  1.21424448e+00  1.91844618e+00  8.85106391e-01  1.66700675e+00  3.43466939e+01  1.44756479e+00  5.77209351e+00 
 9.90000000e-01  1.48000000e+00  9.90000000e-01  5.48269393e-04  1.21424448e+00  1.91844618e+00  8.85106391e-01  1.66700675e+00  3.43466939e+01  1.44756479e+00  5.77209351e+00 
 1.00000000e+00  1.48000000e+00  1.00000000e+00  5.80231818e-04  1.21424448e+00  1.91844618e+00  8.85106391e-01  1.66700675e+00  3.43466939e+01  1.44756479e+00  5.77209351e+00 
 1.01000000e+00  1.48000000e+00  1.01000000e+00  6.12907541e-04  1.21424448e+00  1.91844618e+00  8.85106391e-01  1.66700675e+00  3.43466939e+01  1.44756479e+00  5.77209351e+00 
 1.02000000e+00  1.48000000e+00  1.02000000e+00  6.46279041e-04  1.21424448e+00  1.91844618e+00  8.85106391e-01  1.66700675e+00  3.43466939e+01  1.44756479e+00  5.77209351e+00 
 1.03000000e+00  1.48000000e+00  1.03000000e+00  6.80328808e-04  1.21424448e+00  1.91844618e+00  8.85106391e-01  1.66700675e+00  3.43466939e+01  1.44756479e+00  5.77209351e+00 
 1.04000000e+00  1.48000000e+00  1.04000000e+00  7.15039370e-04  1.21424448e+00  1.91844618e+00  8.85106391e-01  1.66700675e+00  3.43466939e+01  1.44756479e+00  5.77209351e+00 
 1.05000000e+00  1.48000000e+00  1.05000000e+00  7.50393305e-04  1.21424448e+00  1.91844618e+00  8.85106391e-01  1.66700675e+00  3.43466939e+01  1.44756479e+00  5.77209351e+00 
 1.06000000e+00  1.48000000e+00  1.06000000e+00  7.86373257e-04  1.21424448e+00  1.91844618e+00  8.85106391e-01  1.66700675e+00  3.43466939e+01  1.44756479e+00  5.77209351e+00 
 1.07000000e+00  1.48000000e+00  1.07000000e+00  8.22961952e-04  1.21424448e+00  1.91844618e+00  8.85106391e-01  1.66700675e+00  3.43466939e+01  1.44756479e+00  5.77209351e+00 
 1.08000000e+00  1.48000000e+00  1.08000000e+00  8.60142214e-04  1.21424448e+00  1.91844618e+00  8.85106391e-01  1.66700675e+00  3.43466939e+01  1.44756479e+00  5.77209351e+00 
 1.09000000e+00  1.48000000e+00  1.09000000e+00  8.97896973e-04  1.21424448e+00  1.91844618e+00  8.85106391e-01  1.66700675e+00  3.43466939e+01  1.44756479e+00  5.77209351e+00 
 1.10000000e+00  1.48000000e+00  1.10000000e+00  9.36209281e-04  1.21424448e+00  1.91844618e+00  8.85106391e-01  1.66700675e+00  3.43466939e+01  1.44756479e+00  5.77209351e+00 
 1.11000000e+00  1.48000000e+00  1.11000000e+00  9.75062326e-04  1.21424448e+00  1.91844618e+00  8.85106391e-01  1.66700675e+00  3.43466939e+01  1.44756479e+00  5.77209351e+00 
 1.12000000e+00  1.48000000e+00  1.12000000e+00  1.01443944e-03  1.21424448e+00  1.91844618e+00  8.85106391e-01  1.66700675e+00  3.43466939e+01  1.44756479e+00  5.77209351e+00 
 1.13000000e+00  1.48000000e+00  1.13000000e+00  1.05432410e-03  1.21424448e+00  1.91844618e+00  8.85106391e-01  1.66700675e+00  3.43466939e+01  1.44756479e+00  5.77209351e+00 
 1.14000000e+00  1.48000000e+00  1.14000000e+00  1.09469996e-03  1.21424448e+00  1.91844618e+00  8.85106391e-01  1.66700675e+00  3.43466939e+01  1.44756479e+00  5.77209351e+00 
 1.15000000e+00  1.48000000e+00  1.15000000e+00  1.13555084e-03  1.21424448e+00  1.91844618e+00  8.85106391e-01  1.66700675e+00  3.43466939e+01  1.44756479e+00  5.77209351e+00 
 1.16000000e+00  1.48000000e+00  1.16000000e+00  1.17686073e-03  1.21424448e+00  1.91844618e+00  8.85106391e-01  1.66700675e+00  3.43466939e+01  1.44756479e+00  5.77209351e+00 
 1.17000000e+00  1.48000000e+00  1.17000000e+00  1.21861382e-03  1.21424448e+00  1.91844618e+00  8.85106391e-01  1.66700675e+00  3.43466939e+01  1.44756479e+00  5.77209351e+00 
 1.18000000e+00  1.48000000e+00  1.18000000e+00  1.26079449e-03  1.21424448e+00  1.91844618e+00  8.85106391e-01  1.66700675e+00  3.43466939e+01  1.44756479e+00  5.77209351e+00 
 1.19000000e+00  1.48000000e+00  1.19000000e+00  1.30338732e-03  1.21424448e+00  1.91844618e+00  8.85106391e-01  1.66700675e+00  3.43466939e+01  1.44756479e+00  5.77209351e+00 
 1.20000000e+00  1.48000000e+00  1.20000000e+00  1.34637708e-03  1.21424448e+00  1.91844618e+00  8.85106391e-01  1.66700675e+00  3.43466939e+01  1.44756479e+00  5.77209351e+00 
 1.21000000e+00  1.48000000e+00  1.21000000e+00  1.38974877e-03  1.21424448e+00  1.91844618e+00  8.85106391e-01  1.66700675e+00  3.43466939e+01  1.44756479e+00  5.77209351e+00 
 1.22000000e+00  1.48000000e+00  1.22000000e+00  1.43348758e-03  1.21424448e+00  1.91844618e+00  8.85106391e-01  1.66700675e+00  3.43466939e+01  1.44756479e+00  5.77209351e+00 
 1.23000000e+00  1.48000000e+00  1.23000000e+00  1.47757894e-03  1.21424448e+00  1.91844618e+00  8.85106391e-01  1.66700675e+00  3.43466939e+01  1.44756479e+00  5.77209351e+00 
 1.24000000e+00  1.48000000e+00  1.24000000e+00  1.52200848e-03  1.21424448e+00  1.91844618e+00  8.85106391e-01  1.66700675e+00  3.43466939e+01  1.44756479e+00  5.77209351e+00 
 1.25000000e+00  1.48000000e+00  1.25000000e+00  1.56676206e-03  1.21424448e+00  1.91844618e+00  8.85106391e-01  1.66700675e+00  3.43466939e+01  1.44756479e+00  5.77209351e+00 
 1.26000000e+00  1.48000000e+00  1.26000000e+00  1.61182576e-03  1.21424448e+00  1.91844618e+00  8.85106391e-01  1.66700675e+00  3.43466939e+01  1.44756479e+00  5.77209351e+00 
 1.27000000e+00  1.48000000e+00  1.27000000e+00  1.65718588e-03  1.21424448e+00  1.91844618e+00  8.85106391e-01  1.66700675e+00  3.43466939e+01  1.44756479e+00  5.77209351e+00 
 1.28000000e+00  1.48000000e+00  1.28000000e+00  1.70282897e-03  1.21424448e+00  1.91844618e+00  8.85106391e-01  1.66700675e+00  3.43466939e+01  1.44756479e+00  5.77209351e+00 
 1.29000000e+00  1.48000000e+00  1.29000000e+00  1.74874178e-03  1.21424448e+00  1.91844618e+00  8.85106391e-01  1.66700675e+00  3.43466939e+01  1.44756479e+00  5.77209351e+00 
 1.30000000e+00  1.48000000e+00  1.30000000e+00  1.79491130e-03  1.21424448e+00  1.91844618e+00  8.85106391e-01  1.66700675e+00  3.43466939e+01  1.44756479e+00  5.77209351e+00 
 1.31000000e+00  1.48000000e+00  1.31000000e+00  1.84132474e-03  1.21424448e+00  1.91844618e+00  8.85106391e-01  1.66700675e+00  3.43466939e+01  1.44756479e+00  5.77209351e+00 
 1.32000000e+00  1.48000000e+00  1.32000000e+00  1.88796955e-03  1.21424448e+00  1.91844618e+00  8.85106391e-01  1.66700675e+00  3.43466939e+01  1.44756479e+00  5.77209351e+00 
 1.33000000e+00  1.48000000e+00  1.33000000e+00  1.93483340e-03  1.21424448e+00  1.91844618e+00  8.85106391e-01  1.66700675e+00  3.43466939e+01  1.44756479e+00  5.77209351e+00 
 1.34000000e+00  1.48000000e+00  1.34000000e+00  1.98190417e-03  1.21424448e+00  1.91844618e+00  8.85106391e-01  1.66700675e+00  3.43466939e+01  1.44756479e+00  5.77209351e+00 
 1.35000000e+00  1.48000000e+00  1.35000000e+00  2.02917001e-03  1.21424448e+00  1.91844618e+00  8.85106391e-01  1.66700675e+00  3.43466939e+01  1.44756479e+00  5.77209351e+00 
 1.36000000e+00  1.48000000e+00  1.36000000e+00  2.07661924e-03  1.21424448e+00  1.91844618e+00  8.85106391e-01  1.66700675e+00  3.43466939e+01  1.44756479e+00  5.77209351e+00 
 1.37000000e+00  1.48000000e+00  1.37000000e+00  2.12424043e-03  1.21424448e+00  1.91844618e+00  8.85106391e-01  1.66700675e+00  3.43466939e+01  1.44756479e+00  5.77209351e+00 
 1.38000000e+00  1.48000000e+00  1.38000000e+00  2.17202238e-03  1.21424448e+00  1.91844618e+00  8.85106391e-01  1.66700675e+00  3.43466939e+01  1.44756479e+00  5.77209351e+00 
 1.39000000e+00  1.48000000e+00  1.39000000e+00  2.21995409e-03  1.21424448e+00  1.91844618e+00  8.85106391e-01  1.66700675e+00  3.43466939e+01  1.44756479e+00  5.77209351e+00 
 1.40000000e+00  1.48000000e+00  1.40000000e+00  2.26802477e-03  1.21424448e+00  1.91844618e+00  8.85106391e-01  1.66700675e+00  3.43466939e+01  1.44756479e+00  5.77209351e+00 
 1.41000000e+00  1.48000000e+00  1.41000000e+00  2.31622387e-03  1.21424448e+00  1.91844618e+00  8.85106391e-01  1.66700675e+00  3.43466939e+01  1.44756479e+00  5.77209351e+00 
 1.42000000e+00  1.48000000e+00  1.42000000e+00  2.36454103e-03  1.21424448e+00  1.91844618e+00  8.85106391e-01  1.66700675e+00  3.43466939e+01  1.44756479e+00  5.77209351e+00 
 1.43000000e+00  1.48000000e+00  1.43000000e+00  2.41296610e-03  1.21424448e+00  1.91844618e+00  8.85106391e-01  1.66700675e+00  3.43466939e+01  1.44756479e+00  5.77209351e+00 
 1.44000000e+00  1.48000000e+00  1.44000000e+00  2.46148916e-03  1.21424448e+00  1.91844618e+00  8.85106391e-01  1.66700675e+00  3.43466939e+01  1.44756479e+00  5.77209351e+00 
 1.45000000e+00  1.48000000e+00  1.45000000e+00  2.51010046e-03  1.21424448e+00  1.91844618e+00  8.85106391e-01  1.66700675e+00  3.43466939e+01  1.44756479e+00  5.77209351e+00 
 1.46000000e+00  1.48000000e+00  1.46000000e+00  2.55879047e-03  1.21424448e+00  1.91844618e+00  8.85106391e-01  1.66700675e+00  3.43466939e+01  1.44756479e+00  5.77209351e+00 
 1.47000000e+00  1.48000000e+00  1.47000000e+00  2.60754986e-03  1.21424448e+00  1.91844618e+00  8.85106391e-01  1.66700675e+00  3.43466939e+01  1.44756479e+00  5.77209351e+00 
 1.48000000e+00  1.48000000e+00  1.48000000e+00  2.65636948e-03  1.21424448e+00  1.91844618e+00  8.85106391e-01  1.66700675e+00  3.43466939e+01  1.44756479e+00  5.77209351e+00 
 1.49000000e+00  1.48000000e+00  1.49000000e+00  2.70524039e-03  1.21424448e+00  1.91844618e+00  8.85106391e-01  1.66700675e+00  3.43466939e+01  1.44756479e+00  5.77209351e+00 
 1.50000000e+00  1.48000000e+00  1.50000000e+00  2.75415382e-03  1.21424448e+00  1.91844618e+00  8.85106391e-01  1.66700675e+00  3.43466939e+01  1.44756479e+00  5.77209351e+00 
 1.51000000e+00  1.48000000e+00  1.51000000e+00  2.80310119e-03  1.21424448e+00  1.91844618e+00  8.85106391e-01  1.66700675e+00  3.43466939e+01  1.44756479e+00  5.77209351e+00 
 1.52000000e+00  1.48000000e+00  1.52000000e+00  2.85207410e-03  1.21424448e+00  1.91844618e+00  8.85106391e-01  1.66700675e+00  3.43466939e+01  1.44756479e+00  5.77209351e+00 
 1.53000000e+00  1.48000000e+00  1.53000000e+00  2.90106435e-03  1.21424448e+00  1.91844618e+00  8.85106391e-01  1.66700675e+00  3.43466939e+01  1.44756479e+00  5.77209351e+00 
 1.54000000e+00  1.48000000e+00  1.54000000e+00  2.95006388e-03  1.21424448e+00  1.91844618e+00  8.85106391e-01  1.66700675e+00  3.43466939e+01  1.44756479e+00  5.77209351e+00 
 1.55000000e+00  1.48000000e+00  1.55000000e+00  2.99906482e-03  1.21424448e+00  1.91844618e+00  8.85106391e-01  1.66700675e+00  3.43466939e+01  1.44756479e+00  5.77209351e+00 
 1.56000000e+00  1.48000000e+00  1.56000000e+00  3.04805948e-03  1.21424448e+00  1.91844618e+00  8.85106391e-01  1.66700675e+00  3.43466939e+01  1.44756479e+00  5.77209351e+00 
 1.57000000e+00  1.48000000e+00  1.57000000e+00  3.09704030e-03  1.21424448e+00  1.91844618e+00  8.85106391e-01  1.66700675e+00  3.43466939e+01  1.44756479e+00  5.77209351e+00 
 1.58000000e+00  1.48000000e+00  1.58000000e+00  3.14599991e-03  1.21424448e+00  1.91844618e+00  8.85106391e-01  1.66700675e+00  3.43466939e+01  1.44756479e+00  5.77209351e+00 
 1.59000000e+00  1.48000000e+00  1.59000000e+00  3.19493109e-03  1.21424448e+00  1.91844618e+00  8.85106391e-01  1.66700675e+00  3.43466939e+01  1.44756479e+00  5.77209351e+00 
 1.60000000e+00  1.48000000e+00  1.60000000e+00  3.24382677e-03  1.21424448e+00  1.91844618e+00  8.85106391e-01  1.66700675e+00  3.43466939e+01  1.44756479e+00  5.77209351e+00 
 1.61000000e+00  1.48000000e+00  1.61000000e+00  3.29268004e-03  1.21424448e+00  1.91844618e+00  8.85106391e-01  1.66700675e+00  3.43466939e+01  1.44756479e+00  5.77209351e+00 
 1.62000000e+00  1.48000000e+00  1.62000000e+00  3.34148413e-03  1.21424448e+00  1.91844618e+00  8.85106391e-01  1.66700675e+00  3.43466939e+01  1.44756479e+00  5.77209351e+00 
 1.63000000e+00  1.48000000e+00  1.63000000e+00  3.39023241e-03  1.21424448e+00  1.91844618e+00  8.85106391e-01  1.66700675e+00  3.43466939e+01  1.44756479e+00  5.77209351e+00 
 1.64000000e+00  1.48000000e+00  1.64000000e+00  3.43891839e-03  1.21424448e+00  1.91844618e+00  8.85106391e-01  1.66700675e+00  3.43466939e+01  1.44756479e+00  5.77209351e+00 
 1.65000000e+00  1.48000000e+00  1.65000000e+00  3.48753574e-03  1.21424448e+00  1.91844618e+00  8.85106391e-01  1.66700675e+00  3.43466939e+01  1.44756479e+00  5.77209351e+00 
 1.66000000e+00  1.48000000e+00  1.66000000e+00  3.53607823e-03  1.21424448e+00  1.91844618e+00  8.85106391e-01  1.66700675e+00  3.43466939e+01  1.44756479e+00  5.77209351e+00 
 1.67000000e+00  1.48000000e+00  1.67000000e+00  3.58453979e-03  1.21424448e+00  1.91844618e+00  8.85106391e-01  1.66700675e+00  3.43466939e+01  1.44756479e+00  5.77209351e+00 
 1.68000000e+00  1.48000000e+00  1.68000000e+00  3.63291445e-03  1.21424448e+00  1.91844618e+00  8.85106391e-01  1.66700675e+00  3.43466939e+01  1.44756479e+00  5.77209351e+00 
 1.69000000e+00  1.48000000e+00  1.69000000e+00  3.68119639e-03  1.21424448e+00  1.91844618e+00  8.85106391e-01  1.66700675e+00  3.43466939e+01  1.44756479e+00  5.77209351e+00 
 1.70000000e+00  1.48000000e+00  1.70000000e+00  3.72937989e-03  1.21424448e+00  1.91844618e+00  8.85106391e-01  1.66700675e+00  3.43466939e+01  1.44756479e+00  5.77209351e+00 
 1.71000000e+00  1.48000000e+00  1.71000000e+00  3.77745936e-03  1.21424448e+00  1.91844618e+00  8.85106391e-01  1.66700675e+00  3.43466939e+01  1.44756479e+00  5.77209351e+00 
 1.72000000e+00  1.48000000e+00  1.72000000e+00  3.82542933e-03  1.21424448e+00  1.91844618e+00  8.85106391e-01  1.66700675e+00  3.43466939e+01  1.44756479e+00  5.77209351e+00 
 1.73000000e+00  1.48000000e+00  1.73000000e+00  3.87328442e-03  1.21424448e+00  1.91844618e+00  8.85106391e-01  1.66700675e+00  3.43466939e+01  1.44756479e+00  5.77209351e+00 
 1.74000000e+00  1.48000000e+00  1.74000000e+00  3.92101937e-03  1.21424448e+00  1.91844618e+00  8.85106391e-01  1.66700675e+00  3.43466939e+01  1.44756479e+00  5.77209351e+00 
 1.75000000e+00  1.48000000e+00  1.75000000e+00  3.96862904e-03  1.21424448e+00  1.91844618e+00  8.85106391e-01  1.66700675e+00  3.43466939e+01  1.44756479e+00  5.77209351e+00 
 1.76000000e+00  1.48000000e+00  1.76000000e+00  4.01610837e-03  1.21424448e+00  1.91844618e+00  8.85106391e-01  1.66700675e+00  3.43466939e+01  1.44756479e+00  5.77209351e+00 
 1.77000000e+00  1.48000000e+00  1.77000000e+00  4.06345240e-03  1.21424448e+00  1.91844618e+00  8.85106391e-01  1.66700675e+00  3.43466939e+01  1.44756479e+00  5.77209351e+00 
 1.78000000e+00  1.48000000e+00  1.78000000e+00  4.11065628e-03  1.21424448e+00  1.91844618e+00  8.85106391e-01  1.66700675e+00  3.43466939e+01  1.44756479e+00  5.77209351e+00 
 1.79000000e+00  1.48000000e+00  1.79000000e+00  4.15771526e-03  1.21424448e+00  1.91844618e+00  8.85106391e-01  1.66700675e+00  3.43466939e+01  1.44756479e+00  5.77209351e+00 
 1.80000000e+00  1.48000000e+00  1.80000000e+00  4.20462465e-03  1.21424448e+00  1.91844618e+00  8.85106391e-01  1.66700675e+00  3.43466939e+01  1.44756479e+00  5.77209351e+00 
 1.81000000e+00  1.48000000e+00  1.81000000e+00  4.25137987e-03  1.21424448e+00  1.91844618e+00  8.85106391e-01  1.66700675e+00  3.43466939e+01  1.44756479e+00  5.77209351e+00 
 1.82000000e+00  1.48000000e+00  1.82000000e+00  4.29797644e-03  1.21424448e+00  1.91844618e+00  8.85106391e-01  1.66700675e+00  3.43466939e+01  1.44756479e+00  5.77209351e+00 
 1.83000000e+00  1.48000000e+00  1.83000000e+00  4.34440993e-03  1.21424448e+00  1.91844618e+00  8.85106391e-01  1.66700675e+00  3.43466939e+01  1.44756479e+00  5.77209351e+00 
 1.84000000e+00  1.48000000e+00  1.84000000e+00  4.39067601e-03  1.21424448e+00  1.91844618e+00  8.85106391e-01  1.66700675e+00  3.43466939e+01  1.44756479e+00  5.77209351e+00 
 1.85000000e+00  1.48000000e+00  1.85000000e+00  4.43677042e-03  1.21424448e+00  1.91844618e+00  8.85106391e-01  1.66700675e+00  3.43466939e+01  1.44756479e+00  5.77209351e+00 
