 0.00000000e+00  0.00000000e+00  1.48000000e+00 -2.50811502e-19  1.33011767e+00  1.89506347e+00  9.85195404e-01  1.67091604e+00  3.11235708e+01  1.38048622e+00  4.95427507e+00 
 1.00000000e-02  1.00000000e-02  1.48000000e+00  4.80287942e-05  1.33011767e+00  1.89506347e+00  9.85195404e-01  1.67091604e+00  3.11235708e+01  1.38048622e+00  4.95427507e+00 
 2.00000000e-02  2.00000000e-02  1.48000000e+00  9.55327983e-05  1.33011767e+00  1.89506347e+00  9.85195404e-01  1.67091604e+00  3.11235708e+01  1.38048622e+00  4.95427507e+00 
 3.00000000e-02  3.00000000e-02  1.48000000e+00  1.42509621e-04  1.33011767e+00  1.89506347e+00  9.85195404e-01  1.67091604e+00  3.11235708e+01  1.38048622e+00  4.95427507e+00 
 4.00000000e-02  4.00000000e-02  1.48000000e+00  1.88956849e-04  1.33011767e+00  1.89506347e+00  9.85195404e-01  1.67091604e+00  3.11235708e+01  1.38048622e+00  4.95427507e+00 
 5.00000000e-02  5.00000000e-02  1.48000000e+00  2.34872047e-04  1.33011767e+00  1.89506347e+00  9.85195404e-01  1.67091604e+00  3.11235708e+01  1.38048622e+00  4.95427507e+00 
 6.00000000e-02  6.00000000e-02  1.48000000e+00  2.80252759e-04  1.33011767e+00  1.89506347e+00  9.85195404e-01  1.67091604e+00  3.11235708e+01  1.38048622e+00  4.95427507e+00 
 7.00000000e-02  7.00000000e-02  1.48000000e+00  3.25096506e-04  1.33011767e+00  1.89506347e+00  9.85195404e-01  1.67091604e+00  3.11235708e+01  1.38048622e+00  4.95427507e+00 
 8.00000000e-02  8.00000000e-02  1.48000000e+00  3.69400787e-04  1.33011767e+00  1.89506347e+00  9.85195404e-01  1.67091604e+00  3.11235708e+01  1.38048622e+00  4.95427507e+00 
 9.00000000e-02  9.00000000e-02  1.48000000e+00  4.13163083e-04  1.33011767e+00  1.89506347e+00  9.85195404e-01  1.67091604e+00  3.11235708e+01  1.38048622e+00  4.95427507e+00 
 1.00000000e-01  1.00000000e-01  1.48000000e+00  4.56380849e-04  1.33011767e+00  1.89506347e+00  9.85195404e-01  1.67091604e+00  3.11235708e+01  1.38048622e+00  4.95427507e+00 
 1.10000000e-01  1.10000000e-01  1.48000000e+00  4.99051524e-04  1.33011767e+00  1.89506347e+00  9.85195404e-01  1.67091604e+00  3.11235708e+01  1.38048622e+00  4.95427507e+00 
 1.20000000e-01  1.20000000e-01  1.48000000e+00  5.41172526e-04  1.33011767e+00  1.89506347e+00  9.85195404e-01  1.67091604e+00  3.11235708e+01  1.38048622e+00  4.95427507e+00 
 1.30000000e-01  1.30000000e-01  1.48000000e+00  5.82741255e-04  1.33011767e+00  1.89506347e+00  9.85195404e-01  1.67091604e+00  3.11235708e+01  1.38048622e+00  4.95427507e+00 
 1.40000000e-01  1.40000000e-01  1.48000000e+00  6.23755095e-04  1.33011767e+00  1.89506347e+00  9.85195404e-01  1.67091604e+00  3.11235708e+01  1.38048622e+00  4.95427507e+00 
 1.50000000e-01  1.50000000e-01  1.48000000e+00  6.64211415e-04  1.33011767e+00  1.89506347e+00  9.85195404e-01  1.67091604e+00  3.11235708e+01  1.38048622e+00  4.95427507e+00 
 1.60000000e-01  1.60000000e-01  1.48000000e+00  7.04107572e-04  1.33011767e+00  1.89506347e+00  9.85195404e-01  1.67091604e+00  3.11235708e+01  1.38048622e+00  4.95427507e+00 
 1.70000000e-01  1.70000000e-01  1.48000000e+00  7.43440915e-04  1.33011767e+00  1.89506347e+00  9.85195404e-01  1.67091604e+00  3.11235708e+01  1.38048622e+00  4.95427507e+00 
 1.80000000e-01  1.80000000e-01  1.48000000e+00  7.82208786e-04  1.33011767e+00  1.89506347e+00  9.85195404e-01  1.67091604e+00  3.11235708e+01  1.38048622e+00  4.95427507e+00 
 1.90000000e-01  1.90000000e-01  1.48000000e+00  8.20408526e-04  1.33011767e+00  1.89506347e+00  9.85195404e-01  1.67091604e+00  3.11235708e+01  1.38048622e+00  4.95427507e+00 
 2.00000000e-01  2.00000000e-01  1.48000000e+00  8.58037479e-04  1.33011767e+00  1.89506347e+00  9.85195404e-01  1.67091604e+00  3.11235708e+01  1.38048622e+00  4.95427507e+00 
 2.10000000e-01  2.10000000e-01  1.48000000e+00  8.95092998e-04  1.33011767e+00  1.89506347e+00  9.85195404e-01  1.67091604e+00  3.11235708e+01  1.38048622e+00  4.95427507e+00 
 2.20000000e-01  2.20000000e-01  1.48000000e+00  9.31572452e-04  1.33011767e+00  1.89506347e+00  9.85195404e-01  1.67091604e+00  3.11235708e+01  1.38048622e+00  4.95427507e+00 
 2.30000000e-01  2.30000000e-01  1.48000000e+00  9.67473232e-04  1.33011767e+00  1.89506347e+00  9.85195404e-01  1.67091604e+00  3.11235708e+01  1.38048622e+00  4.95427507e+00 
 2.40000000e-01  2.40000000e-01  1.48000000e+00  1.00279276e-03  1.33011767e+00  1.89506347e+00  9.85195404e-01  1.67091604e+00  3.11235708e+01  1.38048622e+00  4.95427507e+00 
 2.50000000e-01  2.50000000e-01  1.48000000e+00  1.03752851e-03  1.33011767e+00  1.89506347e+00  9.85195404e-01  1.67091604e+00  3.11235708e+01  1.38048622e+00  4.95427507e+00 
 2.60000000e-01  2.60000000e-01  1.48000000e+00  1.07167800e-03  1.33011767e+00  1.89506347e+00  9.85195404e-01  1.67091604e+00  3.11235708e+01  1.38048622e+00  4.95427507e+00 
 2.70000000e-01  2.70000000e-01  1.48000000e+00  1.10523882e-03  1.33011767e+00  1.89506347e+00  9.85195404e-01  1.67091604e+00  3.11235708e+01  1.38048622e+00  4.95427507e+00 
 2.80000000e-01  2.80000000e-01  1.48000000e+00  1.13820863e-03  1.33011767e+00  1.89506347e+00  9.85195404e-01  1.67091604e+00  3.11235708e+01  1.38048622e+00  4.95427507e+00 
 2.90000000e-01  2.90000000e-01  1.48000000e+00  1.17058520e-03  1.33011767e+00  1.89506347e+00  9.85195404e-01  1.67091604e+00  3.11235708e+01  1.38048622e+00  4.95427507e+00 
 3.00000000e-01  3.00000000e-01  1.48000000e+00  1.20236641e-03  1.33011767e+00  1.89506347e+00  9.85195404e-01  1.67091604e+00  3.11235708e+01  1.38048622e+00  4.95427507e+00 
 3.10000000e-01  3.10000000e-01  1.48000000e+00  1.23355029e-03  1.33011767e+00  1.89506347e+00  9.85195404e-01  1.67091604e+00  3.11235708e+01  1.38048622e+00  4.95427507e+00 
 3.20000000e-01  3.20000000e-01  1.48000000e+00  1.26413502e-03  1.33011767e+00  1.89506347e+00  9.85195404e-01  1.67091604e+00  3.11235708e+01  1.38048622e+00  4.95427507e+00 
 3.30000000e-01  3.30000000e-01  1.48000000e+00  1.29411896e-03  1.33011767e+00  1.89506347e+00  9.85195404e-01  1.67091604e+00  3.11235708e+01  1.38048622e+00  4.95427507e+00 
 3.40000000e-01  3.40000000e-01  1.48000000e+00  1.32350069e-03  1.33011767e+00  1.89506347e+00  9.85195404e-01  1.67091604e+00  3.11235708e+01  1.38048622e+00  4.95427507e+00 
 3.50000000e-01  3.50000000e-01  1.48000000e+00  1.35227902e-03  1.33011767e+00  1.89506347e+00  9.85195404e-01  1.67091604e+00  3.11235708e+01  1.38048622e+00  4.95427507e+00 
 3.60000000e-01  3.60000000e-01  1.48000000e+00  1.38045303e-03  1.33011767e+00  1.89506347e+00  9.85195404e-01  1.67091604e+00  3.11235708e+01  1.38048622e+00  4.95427507e+00 
 3.70000000e-01  3.70000000e-01  1.48000000e+00  1.40802213e-03  1.33011767e+00  1.89506347e+00  9.85195404e-01  1.67091604e+00  3.11235708e+01  1.38048622e+00  4.95427507e+00 
 3.80000000e-01  3.80000000e-01  1.48000000e+00  1.43498603e-03  1.33011767e+00  1.89506347e+00  9.85195404e-01  1.67091604e+00  3.11235708e+01  1.38048622e+00  4.95427507e+00 
 3.90000000e-01  3.90000000e-01  1.48000000e+00  1.46134485e-03  1.33011767e+00  1.89506347e+00  9.85195404e-01  1.67091604e+00  3.11235708e+01  1.38048622e+00  4.95427507e+00 
 4.00000000e-01  4.00000000e-01  1.48000000e+00  1.48709910e-03  1.33011767e+00  1.89506347e+00  9.85195404e-01  1.67091604e+00  3.11235708e+01  1.38048622e+00  4.95427507e+00 
 4.10000000e-01  4.10000000e-01  1.48000000e+00  1.51224975e-03  1.33011767e+00  1.89506347e+00  9.85195404e-01  1.67091604e+00  3.11235708e+01  1.38048622e+00  4.95427507e+00 
 4.20000000e-01  4.20000000e-01  1.48000000e+00  1.53679827e-03  1.33011767e+00  1.89506347e+00  9.85195404e-01  1.67091604e+00  3.11235708e+01  1.38048622e+00  4.95427507e+00 
 4.30000000e-01  4.30000000e-01  1.48000000e+00  1.56074663e-03  1.33011767e+00  1.89506347e+00  9.85195404e-01  1.67091604e+00  3.11235708e+01  1.38048622e+00  4.95427507e+00 
 4.40000000e-01  4.40000000e-01  1.48000000e+00  1.58409738e-03  1.33011767e+00  1.89506347e+00  9.85195404e-01  1.67091604e+00  3.11235708e+01  1.38048622e+00  4.95427507e+00 
 4.50000000e-01  4.50000000e-01  1.48000000e+00  1.60685367e-03  1.33011767e+00  1.89506347e+00  9.85195404e-01  1.67091604e+00  3.11235708e+01  1.38048622e+00  4.95427507e+00 
 4.60000000e-01  4.60000000e-01  1.48000000e+00  1.62901927e-03  1.33011767e+00  1.89506347e+00  9.85195404e-01  1.67091604e+00  3.11235708e+01  1.38048622e+00  4.95427507e+00 
 4.70000000e-01  4.70000000e-01  1.48000000e+00  1.65059862e-03  1.33011767e+00  1.89506347e+00  9.85195404e-01  1.67091604e+00  3.11235708e+01  1.38048622e+00  4.95427507e+00 
 4.80000000e-01  4.80000000e-01  1.48000000e+00  1.67159683e-03  1.33011767e+00  1.89506347e+00  9.85195404e-01  1.67091604e+00  3.11235708e+01  1.38048622e+00  4.95427507e+00 
 4.90000000e-01  4.90000000e-01  1.48000000e+00  1.69201969e-03  1.33011767e+00  1.89506347e+00  9.85195404e-01  1.67091604e+00  3.11235708e+01  1.38048622e+00  4.95427507e+00 
 5.00000000e-01  5.00000000e-01  1.48000000e+00  1.71187373e-03  1.33011767e+00  1.89506347e+00  9.85195404e-01  1.67091604e+00  3.11235708e+01  1.38048622e+00  4.95427507e+00 
 5.10000000e-01  5.10000000e-01  1.48000000e+00  1.73116618e-03  1.33011767e+00  1.89506347e+00  9.85195404e-01  1.67091604e+00  3.11235708e+01  1.38048622e+00  4.95427507e+00 
 5.20000000e-01  5.20000000e-01  1.48000000e+00  1.74990496e-03  1.33011767e+00  1.89506347e+00  9.85195404e-01  1.67091604e+00  3.11235708e+01  1.38048622e+00  4.95427507e+00 
 5.30000000e-01  5.30000000e-01  1.48000000e+00  1.76809872e-03  1.33011767e+00  1.89506347e+00  9.85195404e-01  1.67091604e+00  3.11235708e+01  1.38048622e+00  4.95427507e+00 
 5.40000000e-01  5.40000000e-01  1.48000000e+00  1.78575675e-03  1.33011767e+00  1.89506347e+00  9.85195404e-01  1.67091604e+00  3.11235708e+01  1.38048622e+00  4.95427507e+00 
 5.50000000e-01  5.50000000e-01  1.48000000e+00  1.80288902e-03  1.33011767e+00  1.89506347e+00  9.85195404e-01  1.67091604e+00  3.11235708e+01  1.38048622e+00  4.95427507e+00 
 5.60000000e-01  5.60000000e-01  1.48000000e+00  1.81950610e-03  1.33011767e+00  1.89506347e+00  9.85195404e-01  1.67091604e+00  3.11235708e+01  1.38048622e+00  4.95427507e+00 
 5.70000000e-01  5.70000000e-01  1.48000000e+00  1.83561914e-03  1.33011767e+00  1.89506347e+00  9.85195404e-01  1.67091604e+00  3.11235708e+01  1.38048622e+00  4.95427507e+00 
 5.80000000e-01  5.80000000e-01  1.48000000e+00  1.85123981e-03  1.33011767e+00  1.89506347e+00  9.85195404e-01  1.67091604e+00  3.11235708e+01  1.38048622e+00  4.95427507e+00 
 5.90000000e-01  5.90000000e-01  1.48000000e+00  1.86638025e-03  1.33011767e+00  1.89506347e+00  9.85195404e-01  1.67091604e+00  3.11235708e+01  1.38048622e+00  4.95427507e+00 
 6.00000000e-01  6.00000000e-01  1.48000000e+00  1.88105299e-03  1.33011767e+00  1.89506347e+00  9.85195404e-01  1.67091604e+00  3.11235708e+01  1.38048622e+00  4.95427507e+00 
 6.10000000e-01  6.10000000e-01  1.48000000e+00  1.89527095e-03  1.33011767e+00  1.89506347e+00  9.85195404e-01  1.67091604e+00  3.11235708e+01  1.38048622e+00  4.95427507e+00 
 6.20000000e-01  6.20000000e-01  1.48000000e+00  1.90904729e-03  1.33011767e+00  1.89506347e+00  9.85195404e-01  1.67091604e+00  3.11235708e+01  1.38048622e+00  4.95427507e+00 
 6.30000000e-01  6.30000000e-01  1.48000000e+00  1.92239541e-03  1.33011767e+00  1.89506347e+00  9.85195404e-01  1.67091604e+00  3.11235708e+01  1.38048622e+00  4.95427507e+00 
 6.40000000e-01  6.40000000e-01  1.48000000e+00  1.93532885e-03  1.33011767e+00  1.89506347e+00  9.85195404e-01  1.67091604e+00  3.11235708e+01  1.38048622e+00  4.95427507e+00 
 6.50000000e-01  6.50000000e-01  1.48000000e+00  1.94786124e-03  1.33011767e+00  1.89506347e+00  9.85195404e-01  1.67091604e+00  3.11235708e+01  1.38048622e+00  4.95427507e+00 
 6.60000000e-01  6.60000000e-01  1.48000000e+00  1.96000624e-03  1.33011767e+00  1.89506347e+00  9.85195404e-01  1.67091604e+00  3.11235708e+01  1.38048622e+00  4.95427507e+00 
 6.70000000e-01  6.70000000e-01  1.48000000e+00  1.97177745e-03  1.33011767e+00  1.89506347e+00  9.85195404e-01  1.67091604e+00  3.11235708e+01  1.38048622e+00  4.95427507e+00 
 6.80000000e-01  6.80000000e-01  1.48000000e+00  1.98318841e-03  1.33011767e+00  1.89506347e+00  9.85195404e-01  1.67091604e+00  3.11235708e+01  1.38048622e+00  4.95427507e+00 
 6.90000000e-01  6.90000000e-01  1.48000000e+00  1.99425249e-03  1.33011767e+00  1.89506347e+00  9.85195404e-01  1.67091604e+00  3.11235708e+01  1.38048622e+00  4.95427507e+00 
 7.00000000e-01  7.00000000e-01  1.48000000e+00  2.00498289e-03  1.33011767e+00  1.89506347e+00  9.85195404e-01  1.67091604e+00  3.11235708e+01  1.38048622e+00  4.95427507e+00 
 7.10000000e-01  7.10000000e-01  1.48000000e+00  2.01539256e-03  1.33011767e+00  1.89506347e+00  9.85195404e-01  1.67091604e+00  3.11235708e+01  1.38048622e+00  4.95427507e+00 
 7.20000000e-01  7.20000000e-01  1.48000000e+00  2.02549420e-03  1.33011767e+00  1.89506347e+00  9.85195404e-01  1.67091604e+00  3.11235708e+01  1.38048622e+00  4.95427507e+00 
 7.30000000e-01  7.30000000e-01  1.48000000e+00  2.03530021e-03  1.33011767e+00  1.89506347e+00  9.85195404e-01  1.67091604e+00  3.11235708e+01  1.38048622e+00  4.95427507e+00 
 7.40000000e-01  7.40000000e-01  1.48000000e+00  2.04482265e-03  1.33011767e+00  1.89506347e+00  9.85195404e-01  1.67091604e+00  3.11235708e+01  1.38048622e+00  4.95427507e+00 
 7.50000000e-01  7.50000000e-01  1.48000000e+00  2.05407325e-03  1.33011767e+00  1.89506347e+00  9.85195404e-01  1.67091604e+00  3.11235708e+01  1.38048622e+00  4.95427507e+00 
 7.60000000e-01  7.60000000e-01  1.48000000e+00  2.06306337e-03  1.33011767e+00  1.89506347e+00  9.85195404e-01  1.67091604e+00  3.11235708e+01  1.38048622e+00  4.95427507e+00 
 7.70000000e-01  7.70000000e-01  1.48000000e+00  2.07180399e-03  1.33011767e+00  1.89506347e+00  9.85195404e-01  1.67091604e+00  3.11235708e+01  1.38048622e+00  4.95427507e+00 
 7.80000000e-01  7.80000000e-01  1.48000000e+00  2.08030574e-03  1.33011767e+00  1.89506347e+00  9.85195404e-01  1.67091604e+00  3.11235708e+01  1.38048622e+00  4.95427507e+00 
 7.90000000e-01  7.90000000e-01  1.48000000e+00  2.08857881e-03  1.33011767e+00  1.89506347e+00  9.85195404e-01  1.67091604e+00  3.11235708e+01  1.38048622e+00  4.95427507e+00 
 8.00000000e-01  8.00000000e-01  1.48000000e+00  2.09663303e-03  1.33011767e+00  1.89506347e+00  9.85195404e-01  1.67091604e+00  3.11235708e+01  1.38048622e+00  4.95427507e+00 
 8.10000000e-01  8.10000000e-01  1.48000000e+00  2.10447785e-03  1.33011767e+00  1.89506347e+00  9.85195404e-01  1.67091604e+00  3.11235708e+01  1.38048622e+00  4.95427507e+00 
 8.20000000e-01  8.20000000e-01  1.48000000e+00  2.11212232e-03  1.33011767e+00  1.89506347e+00  9.85195404e-01  1.67091604e+00  3.11235708e+01  1.38048622e+00  4.95427507e+00 
 8.30000000e-01  8.30000000e-01  1.48000000e+00  2.11957510e-03  1.33011767e+00  1.89506347e+00  9.85195404e-01  1.67091604e+00  3.11235708e+01  1.38048622e+00  4.95427507e+00 
 8.40000000e-01  8.40000000e-01  1.48000000e+00  2.12684449e-03  1.33011767e+00  1.89506347e+00  9.85195404e-01  1.67091604e+00  3.11235708e+01  1.38048622e+00  4.95427507e+00 
 8.50000000e-01  8.50000000e-01  1.48000000e+00  2.13393843e-03  1.33011767e+00  1.89506347e+00  9.85195404e-01  1.67091604e+00  3.11235708e+01  1.38048622e+00  4.95427507e+00 
 8.60000000e-01  8.60000000e-01  1.48000000e+00  2.14086451e-03  1.33011767e+00  1.89506347e+00  9.85195404e-01  1.67091604e+00  3.11235708e+01  1.38048622e+00  4.95427507e+00 
 8.70000000e-01  8.70000000e-01  1.48000000e+00  2.14762994e-03  1.33011767e+00  1.89506347e+00  9.85195404e-01  1.67091604e+00  3.11235708e+01  1.38048622e+00  4.95427507e+00 
 8.80000000e-01  8.80000000e-01  1.48000000e+00  2.15424164e-03  1.33011767e+00  1.89506347e+00  9.85195404e-01  1.67091604e+00  3.11235708e+01  1.38048622e+00  4.95427507e+00 
 8.90000000e-01  8.90000000e-01  1.48000000e+00  2.16070618e-03  1.33011767e+00  1.89506347e+00  9.85195404e-01  1.67091604e+00  3.11235708e+01  1.38048622e+00  4.95427507e+00 
 9.00000000e-01  9.00000000e-01  1.48000000e+00  2.16702984e-03  1.33011767e+00  1.89506347e+00  9.85195404e-01  1.67091604e+00  3.11235708e+01  1.38048622e+00  4.95427507e+00 
 9.10000000e-01  9.10000000e-01  1.48000000e+00  2.17321859e-03  1.33011767e+00  1.89506347e+00  9.85195404e-01  1.67091604e+00  3.11235708e+01  1.38048622e+00  4.95427507e+00 
 9.20000000e-01  9.20000000e-01  1.48000000e+00  2.17927813e-03  1.33011767e+00  1.89506347e+00  9.85195404e-01  1.67091604e+00  3.11235708e+01  1.38048622e+00  4.95427507e+00 
 9.30000000e-01  9.30000000e-01  1.48000000e+00  2.18521386e-03  1.33011767e+00  1.89506347e+00  9.85195404e-01  1.67091604e+00  3.11235708e+01  1.38048622e+00  4.95427507e+00 
 9.40000000e-01  9.40000000e-01  1.48000000e+00  2.19103096e-03  1.33011767e+00  1.89506347e+00  9.85195404e-01  1.67091604e+00  3.11235708e+01  1.38048622e+00  4.95427507e+00 
 9.50000000e-01  9.50000000e-01  1.48000000e+00  2.19673432e-03  1.33011767e+00  1.89506347e+00  9.85195404e-01  1.67091604e+00  3.11235708e+01  1.38048622e+00  4.95427507e+00 
 9.60000000e-01  9.60000000e-01  1.48000000e+00  2.20232863e-03  1.33011767e+00  1.89506347e+00  9.85195404e-01  1.67091604e+00  3.11235708e+01  1.38048622e+00  4.95427507e+00 
 9.70000000e-01  9.70000000e-01  1.48000000e+00  2.20781832e-03  1.33011767e+00  1.89506347e+00  9.85195404e-01  1.67091604e+00  3.11235708e+01  1.38048622e+00  4.95427507e+00 
 9.80000000e-01  9.80000000e-01  1.48000000e+00  2.21320763e-03  1.33011767e+00  1.89506347e+00  9.85195404e-01  1.67091604e+00  3.11235708e+01  1.38048622e+00  4.95427507e+00 
 9.90000000e-01  9.90000000e-01  1.48000000e+00  2.21850060e-03  1.33011767e+00  1.89506347e+00  9.85195404e-01  1.67091604e+00  3.11235708e+01  1.38048622e+00  4.95427507e+00 
 1.00000000e+00  1.00000000e+00  1.48000000e+00  2.22370105e-03  1.33011767e+00  1.89506347e+00  9.85195404e-01  1.67091604e+00  3.11235708e+01  1.38048622e+00  4.95427507e+00 
 1.01000000e+00  1.01000000e+00  1.48000000e+00  2.22881263e-03  1.33011767e+00  1.89506347e+00  9.85195404e-01  1.67091604e+00  3.11235708e+01  1.38048622e+00  4.95427507e+00 
 1.02000000e+00  1.02000000e+00  1.48000000e+00  2.23383883e-03  1.33011767e+00  1.89506347e+00  9.85195404e-01  1.67091604e+00  3.11235708e+01  1.38048622e+00  4.95427507e+00 
 1.03000000e+00  1.03000000e+00  1.48000000e+00  2.23878295e-03  1.33011767e+00  1.89506347e+00  9.85195404e-01  1.67091604e+00  3.11235708e+01  1.38048622e+00  4.95427507e+00 
 1.04000000e+00  1.04000000e+00  1.48000000e+00  2.24364815e-03  1.33011767e+00  1.89506347e+00  9.85195404e-01  1.67091604e+00  3.11235708e+01  1.38048622e+00  4.95427507e+00 
 1.05000000e+00  1.05000000e+00  1.48000000e+00  2.24843742e-03  1.33011767e+00  1.89506347e+00  9.85195404e-01  1.67091604e+00  3.11235708e+01  1.38048622e+00  4.95427507e+00 
 1.06000000e+00  1.06000000e+00  1.48000000e+00  2.25315364e-03  1.33011767e+00  1.89506347e+00  9.85195404e-01  1.67091604e+00  3.11235708e+01  1.38048622e+00  4.95427507e+00 
 1.07000000e+00  1.07000000e+00  1.48000000e+00  2.25779953e-03  1.33011767e+00  1.89506347e+00  9.85195404e-01  1.67091604e+00  3.11235708e+01  1.38048622e+00  4.95427507e+00 
 1.08000000e+00  1.08000000e+00  1.48000000e+00  2.26237769e-03  1.33011767e+00  1.89506347e+00  9.85195404e-01  1.67091604e+00  3.11235708e+01  1.38048622e+00  4.95427507e+00 
 1.09000000e+00  1.09000000e+00  1.48000000e+00  2.26689061e-03  1.33011767e+00  1.89506347e+00  9.85195404e-01  1.67091604e+00  3.11235708e+01  1.38048622e+00  4.95427507e+00 
 1.10000000e+00  1.10000000e+00  1.48000000e+00  2.27134064e-03  1.33011767e+00  1.89506347e+00  9.85195404e-01  1.67091604e+00  3.11235708e+01  1.38048622e+00  4.95427507e+00 
 1.11000000e+00  1.11000000e+00  1.48000000e+00  2.27573005e-03  1.33011767e+00  1.89506347e+00  9.85195404e-01  1.67091604e+00  3.11235708e+01  1.38048622e+00  4.95427507e+00 
 1.12000000e+00  1.12000000e+00  1.48000000e+00  2.28006100e-03  1.33011767e+00  1.89506347e+00  9.85195404e-01  1.67091604e+00  3.11235708e+01  1.38048622e+00  4.95427507e+00 
 1.13000000e+00  1.13000000e+00  1.48000000e+00  2.28433553e-03  1.33011767e+00  1.89506347e+00  9.85195404e-01  1.67091604e+00  3.11235708e+01  1.38048622e+00  4.95427507e+00 
 1.14000000e+00  1.14000000e+00  1.48000000e+00  2.28855563e-03  1.33011767e+00  1.89506347e+00  9.85195404e-01  1.67091604e+00  3.11235708e+01  1.38048622e+00  4.95427507e+00 
 1.15000000e+00  1.15000000e+00  1.48000000e+00  2.29272316e-03  1.33011767e+00  1.89506347e+00  9.85195404e-01  1.67091604e+00  3.11235708e+01  1.38048622e+00  4.95427507e+00 
 1.16000000e+00  1.16000000e+00  1.48000000e+00  2.29683992e-03  1.33011767e+00  1.89506347e+00  9.85195404e-01  1.67091604e+00  3.11235708e+01  1.38048622e+00  4.95427507e+00 
 1.17000000e+00  1.17000000e+00  1.48000000e+00  2.30090764e-03  1.33011767e+00  1.89506347e+00  9.85195404e-01  1.67091604e+00  3.11235708e+01  1.38048622e+00  4.95427507e+00 
 1.18000000e+00  1.18000000e+00  1.48000000e+00  2.30492794e-03  1.33011767e+00  1.89506347e+00  9.85195404e-01  1.67091604e+00  3.11235708e+01  1.38048622e+00  4.95427507e+00 
 1.19000000e+00  1.19000000e+00  1.48000000e+00  2.30890241e-03  1.33011767e+00  1.89506347e+00  9.85195404e-01  1.67091604e+00  3.11235708e+01  1.38048622e+00  4.95427507e+00 
 1.20000000e+00  1.20000000e+00  1.48000000e+00  2.31283254e-03  1.33011767e+00  1.89506347e+00  9.85195404e-01  1.67091604e+00  3.11235708e+01  1.38048622e+00  4.95427507e+00 
 1.21000000e+00  1.21000000e+00  1.48000000e+00  2.31671978e-03  1.33011767e+00  1.89506347e+00  9.85195404e-01  1.67091604e+00  3.11235708e+01  1.38048622e+00  4.95427507e+00 
 1.22000000e+00  1.22000000e+00  1.48000000e+00  2.32056550e-03  1.33011767e+00  1.89506347e+00  9.85195404e-01  1.67091604e+00  3.11235708e+01  1.38048622e+00  4.95427507e+00 
 1.23000000e+00  1.23000000e+00  1.48000000e+00  2.32437103e-03  1.33011767e+00  1.89506347e+00  9.85195404e-01  1.67091604e+00  3.11235708e+01  1.38048622e+00  4.95427507e+00 
 1.24000000e+00  1.24000000e+00  1.48000000e+00  2.32813763e-03  1.33011767e+00  1.89506347e+00  9.85195404e-01  1.67091604e+00  3.11235708e+01  1.38048622e+00  4.95427507e+00 
 1.25000000e+00  1.25000000e+00  1.48000000e+00  2.33186652e-03  1.33011767e+00  1.89506347e+00  9.85195404e-01  1.67091604e+00  3.11235708e+01  1.38048622e+00  4.95427507e+00 
 1.26000000e+00  1.26000000e+00  1.48000000e+00  2.33555887e-03  1.33011767e+00  1.89506347e+00  9.85195404e-01  1.67091604e+00  3.11235708e+01  1.38048622e+00  4.95427507e+00 
 1.27000000e+00  1.27000000e+00  1.48000000e+00  2.33921578e-03  1.33011767e+00  1.89506347e+00  9.85195404e-01  1.67091604e+00  3.11235708e+01  1.38048622e+00  4.95427507e+00 
 1.28000000e+00  1.28000000e+00  1.48000000e+00  2.34283834e-03  1.33011767e+00  1.89506347e+00  9.85195404e-01  1.67091604e+00  3.11235708e+01  1.38048622e+00  4.95427507e+00 
 1.29000000e+00  1.29000000e+00  1.48000000e+00  2.34642756e-03  1.33011767e+00  1.89506347e+00  9.85195404e-01  1.67091604e+00  3.11235708e+01  1.38048622e+00  4.95427507e+00 
 1.30000000e+00  1.30000000e+00  1.48000000e+00  2.34998446e-03  1.33011767e+00  1.89506347e+00  9.85195404e-01  1.67091604e+00  3.11235708e+01  1.38048622e+00  4.95427507e+00 
 1.31000000e+00  1.31000000e+00  1.48000000e+00  2.35350996e-03  1.33011767e+00  1.89506347e+00  9.85195404e-01  1.67091604e+00  3.11235708e+01  1.38048622e+00  4.95427507e+00 
 1.32000000e+00  1.32000000e+00  1.48000000e+00  2.35700499e-03  1.33011767e+00  1.89506347e+00  9.85195404e-01  1.67091604e+00  3.11235708e+01  1.38048622e+00  4.95427507e+00 
 1.33000000e+00  1.33000000e+00  1.48000000e+00  2.36047043e-03  1.33011767e+00  1.89506347e+00  9.85195404e-01  1.67091604e+00  3.11235708e+01  1.38048622e+00  4.95427507e+00 
 1.34000000e+00  1.34000000e+00  1.48000000e+00  2.36390711e-03  1.33011767e+00  1.89506347e+00  9.85195404e-01  1.67091604e+00  3.11235708e+01  1.38048622e+00  4.95427507e+00 
 1.35000000e+00  1.35000000e+00  1.48000000e+00  2.36731586e-03  1.33011767e+00  1.89506347e+00  9.85195404e-01  1.67091604e+00  3.11235708e+01  1.38048622e+00  4.95427507e+00 
 1.36000000e+00  1.36000000e+00  1.48000000e+00  2.37069745e-03  1.33011767e+00  1.89506347e+00  9.85195404e-01  1.67091604e+00  3.11235708e+01  1.38048622e+00  4.95427507e+00 
 1.37000000e+00  1.37000000e+00  1.48000000e+00  2.37405265e-03  1.33011767e+00  1.89506347e+00  9.85195404e-01  1.67091604e+00  3.11235708e+01  1.38048622e+00  4.95427507e+00 
 1.38000000e+00  1.38000000e+00  1.48000000e+00  2.37738217e-03  1.33011767e+00  1.89506347e+00  9.85195404e-01  1.67091604e+00  3.11235708e+01  1.38048622e+00  4.95427507e+00 
 1.39000000e+00  1.39000000e+00  1.48000000e+00  2.38068671e-03  1.33011767e+00  1.89506347e+00  9.85195404e-01  1.67091604e+00  3.11235708e+01  1.38048622e+00  4.95427507e+00 
 1.40000000e+00  1.40000000e+00  1.48000000e+00  2.38396694e-03  1.33011767e+00  1.89506347e+00  9.85195404e-01  1.67091604e+00  3.11235708e+01  1.38048622e+00  4.95427507e+00 
 1.41000000e+00  1.41000000e+00  1.48000000e+00  2.38722353e-03  1.33011767e+00  1.89506347e+00  9.85195404e-01  1.67091604e+00  3.11235708e+01  1.38048622e+00  4.95427507e+00 
 1.42000000e+00  1.42000000e+00  1.48000000e+00  2.39045709e-03  1.33011767e+00  1.89506347e+00  9.85195404e-01  1.67091604e+00  3.11235708e+01  1.38048622e+00  4.95427507e+00 
 1.43000000e+00  1.43000000e+00  1.48000000e+00  2.39366822e-03  1.33011767e+00  1.89506347e+00  9.85195404e-01  1.67091604e+00  3.11235708e+01  1.38048622e+00  4.95427507e+00 
 1.44000000e+00  1.44000000e+00  1.48000000e+00  2.39685751e-03  1.33011767e+00  1.89506347e+00  9.85195404e-01  1.67091604e+00  3.11235708e+01  1.38048622e+00  4.95427507e+00 
 1.45000000e+00  1.45000000e+00  1.48000000e+00  2.40002553e-03  1.33011767e+00  1.89506347e+00  9.85195404e-01  1.67091604e+00  3.11235708e+01  1.38048622e+00  4.95427507e+00 
 1.46000000e+00  1.46000000e+00  1.48000000e+00  2.40317281e-03  1.33011767e+00  1.89506347e+00  9.85195404e-01  1.67091604e+00  3.11235708e+01  1.38048622e+00  4.95427507e+00 
 1.47000000e+00  1.47000000e+00  1.48000000e+00  2.40629988e-03  1.33011767e+00  1.89506347e+00  9.85195404e-01  1.67091604e+00  3.11235708e+01  1.38048622e+00  4.95427507e+00 
 1.48000000e+00  1.48000000e+00  1.48000000e+00  2.40940725e-03  1.33011767e+00  1.89506347e+00  9.85195404e-01  1.67091604e+00  3.11235708e+01  1.38048622e+00  4.95427507e+00 
 1.49000000e+00  1.49000000e+00  1.48000000e+00  2.41249540e-03  1.33011767e+00  1.89506347e+00  9.85195404e-01  1.67091604e+00  3.11235708e+01  1.38048622e+00  4.95427507e+00 
 1.50000000e+00  1.50000000e+00  1.48000000e+00  2.41556481e-03  1.33011767e+00  1.89506347e+00  9.85195404e-01  1.67091604e+00  3.11235708e+01  1.38048622e+00  4.95427507e+00 
 1.51000000e+00  1.51000000e+00  1.48000000e+00  2.41861594e-03  1.33011767e+00  1.89506347e+00  9.85195404e-01  1.67091604e+00  3.11235708e+01  1.38048622e+00  4.95427507e+00 
 1.52000000e+00  1.52000000e+00  1.48000000e+00  2.42164923e-03  1.33011767e+00  1.89506347e+00  9.85195404e-01  1.67091604e+00  3.11235708e+01  1.38048622e+00  4.95427507e+00 
 1.53000000e+00  1.53000000e+00  1.48000000e+00  2.42466511e-03  1.33011767e+00  1.89506347e+00  9.85195404e-01  1.67091604e+00  3.11235708e+01  1.38048622e+00  4.95427507e+00 
 1.54000000e+00  1.54000000e+00  1.48000000e+00  2.42766399e-03  1.33011767e+00  1.89506347e+00  9.85195404e-01  1.67091604e+00  3.11235708e+01  1.38048622e+00  4.95427507e+00 
 1.55000000e+00  1.55000000e+00  1.48000000e+00  2.43064627e-03  1.33011767e+00  1.89506347e+00  9.85195404e-01  1.67091604e+00  3.11235708e+01  1.38048622e+00  4.95427507e+00 
 1.56000000e+00  1.56000000e+00  1.48000000e+00  2.43361235e-03  1.33011767e+00  1.89506347e+00  9.85195404e-01  1.67091604e+00  3.11235708e+01  1.38048622e+00  4.95427507e+00 
 1.57000000e+00  1.57000000e+00  1.48000000e+00  2.43656259e-03  1.33011767e+00  1.89506347e+00  9.85195404e-01  1.67091604e+00  3.11235708e+01  1.38048622e+00  4.95427507e+00 
 1.58000000e+00  1.58000000e+00  1.48000000e+00  2.43949736e-03  1.33011767e+00  1.89506347e+00  9.85195404e-01  1.67091604e+00  3.11235708e+01  1.38048622e+00  4.95427507e+00 
 1.59000000e+00  1.59000000e+00  1.48000000e+00  2.44241702e-03  1.33011767e+00  1.89506347e+00  9.85195404e-01  1.67091604e+00  3.11235708e+01  1.38048622e+00  4.95427507e+00 
 1.60000000e+00  1.60000000e+00  1.48000000e+00  2.44532191e-03  1.33011767e+00  1.89506347e+00  9.85195404e-01  1.67091604e+00  3.11235708e+01  1.38048622e+00  4.95427507e+00 
 1.61000000e+00  1.61000000e+00  1.48000000e+00  2.44821235e-03  1.33011767e+00  1.89506347e+00  9.85195404e-01  1.67091604e+00  3.11235708e+01  1.38048622e+00  4.95427507e+00 
 1.62000000e+00  1.62000000e+00  1.48000000e+00  2.45108868e-03  1.33011767e+00  1.89506347e+00  9.85195404e-01  1.67091604e+00  3.11235708e+01  1.38048622e+00  4.95427507e+00 
 1.63000000e+00  1.63000000e+00  1.48000000e+00  2.45395120e-03  1.33011767e+00  1.89506347e+00  9.85195404e-01  1.67091604e+00  3.11235708e+01  1.38048622e+00  4.95427507e+00 
 1.64000000e+00  1.64000000e+00  1.48000000e+00  2.45680021e-03  1.33011767e+00  1.89506347e+00  9.85195404e-01  1.67091604e+00  3.11235708e+01  1.38048622e+00  4.95427507e+00 
 1.65000000e+00  1.65000000e+00  1.48000000e+00  2.45963602e-03  1.33011767e+00  1.89506347e+00  9.85195404e-01  1.67091604e+00  3.11235708e+01  1.38048622e+00  4.95427507e+00 
 1.66000000e+00  1.66000000e+00  1.48000000e+00  2.46245890e-03  1.33011767e+00  1.89506347e+00  9.85195404e-01  1.67091604e+00  3.11235708e+01  1.38048622e+00  4.95427507e+00 
 1.67000000e+00  1.67000000e+00  1.48000000e+00  2.46526913e-03  1.33011767e+00  1.89506347e+00  9.85195404e-01  1.67091604e+00  3.11235708e+01  1.38048622e+00  4.95427507e+00 
 1.68000000e+00  1.68000000e+00  1.48000000e+00  2.46806698e-03  1.33011767e+00  1.89506347e+00  9.85195404e-01  1.67091604e+00  3.11235708e+01  1.38048622e+00  4.95427507e+00 
 1.69000000e+00  1.69000000e+00  1.48000000e+00  2.47085271e-03  1.33011767e+00  1.89506347e+00  9.85195404e-01  1.67091604e+00  3.11235708e+01  1.38048622e+00  4.95427507e+00 
 1.70000000e+00  1.70000000e+00  1.48000000e+00  2.47362658e-03  1.33011767e+00  1.89506347e+00  9.85195404e-01  1.67091604e+00  3.11235708e+01  1.38048622e+00  4.95427507e+00 
 1.71000000e+00  1.71000000e+00  1.48000000e+00  2.47638884e-03  1.33011767e+00  1.89506347e+00  9.85195404e-01  1.67091604e+00  3.11235708e+01  1.38048622e+00  4.95427507e+00 
 1.72000000e+00  1.72000000e+00  1.48000000e+00  2.47913972e-03  1.33011767e+00  1.89506347e+00  9.85195404e-01  1.67091604e+00  3.11235708e+01  1.38048622e+00  4.95427507e+00 
 1.73000000e+00  1.73000000e+00  1.48000000e+00  2.48187946e-03  1.33011767e+00  1.89506347e+00  9.85195404e-01  1.67091604e+00  3.11235708e+01  1.38048622e+00  4.95427507e+00 
 1.74000000e+00  1.74000000e+00  1.48000000e+00  2.48460828e-03  1.33011767e+00  1.89506347e+00  9.85195404e-01  1.67091604e+00  3.11235708e+01  1.38048622e+00  4.95427507e+00 
 1.75000000e+00  1.75000000e+00  1.48000000e+00  2.48732641e-03  1.33011767e+00  1.89506347e+00  9.85195404e-01  1.67091604e+00  3.11235708e+01  1.38048622e+00  4.95427507e+00 
 1.76000000e+00  1.76000000e+00  1.48000000e+00  2.49003407e-03  1.33011767e+00  1.89506347e+00  9.85195404e-01  1.67091604e+00  3.11235708e+01  1.38048622e+00  4.95427507e+00 
 1.77000000e+00  1.77000000e+00  1.48000000e+00  2.49273146e-03  1.33011767e+00  1.89506347e+00  9.85195404e-01  1.67091604e+00  3.11235708e+01  1.38048622e+00  4.95427507e+00 
 1.78000000e+00  1.78000000e+00  1.48000000e+00  2.49541878e-03  1.33011767e+00  1.89506347e+00  9.85195404e-01  1.67091604e+00  3.11235708e+01  1.38048622e+00  4.95427507e+00 
 1.79000000e+00  1.79000000e+00  1.48000000e+00  2.49809625e-03  1.33011767e+00  1.89506347e+00  9.85195404e-01  1.67091604e+00  3.11235708e+01  1.38048622e+00  4.95427507e+00 
 1.80000000e+00  1.80000000e+00  1.48000000e+00  2.50076406e-03  1.33011767e+00  1.89506347e+00  9.85195404e-01  1.67091604e+00  3.11235708e+01  1.38048622e+00  4.95427507e+00 
 1.81000000e+00  1.81000000e+00  1.48000000e+00  2.50342239e-03  1.33011767e+00  1.89506347e+00  9.85195404e-01  1.67091604e+00  3.11235708e+01  1.38048622e+00  4.95427507e+00 
 1.82000000e+00  1.82000000e+00  1.48000000e+00  2.50607143e-03  1.33011767e+00  1.89506347e+00  9.85195404e-01  1.67091604e+00  3.11235708e+01  1.38048622e+00  4.95427507e+00 
 1.83000000e+00  1.83000000e+00  1.48000000e+00  2.50871137e-03  1.33011767e+00  1.89506347e+00  9.85195404e-01  1.67091604e+00  3.11235708e+01  1.38048622e+00  4.95427507e+00 
 1.84000000e+00  1.84000000e+00  1.48000000e+00  2.51134238e-03  1.33011767e+00  1.89506347e+00  9.85195404e-01  1.67091604e+00  3.11235708e+01  1.38048622e+00  4.95427507e+00 
 1.85000000e+00  1.85000000e+00  1.48000000e+00  2.51396465e-03  1.33011767e+00  1.89506347e+00  9.85195404e-01  1.67091604e+00  3.11235708e+01  1.38048622e+00  4.95427507e+00 
