 0.00000000e+00  1.48000000e+00  0.00000000e+00  1.48148160e-12  1.23730975e+00  1.82111470e+00  9.03049676e-01  1.65911467e+00  3.49140492e+01  1.43936430e+00  5.11170334e+00 
 1.00000000e-02  1.48000000e+00  1.00000000e-02  1.48148160e-12  1.23730975e+00  1.82111470e+00  9.03049676e-01  1.65911467e+00  3.49140492e+01  1.43936430e+00  5.11170334e+00 
 2.00000000e-02  1.48000000e+00  2.00000000e-02  1.48148160e-12  1.23730975e+00  1.82111470e+00  9.03049676e-01  1.65911467e+00  3.49140492e+01  1.43936430e+00  5.11170334e+00 
 3.00000000e-02  1.48000000e+00  3.00000000e-02  1.48148160e-12  1.23730975e+00  1.82111470e+00  9.03049676e-01  1.65911467e+00  3.49140492e+01  1.43936430e+00  5.11170334e+00 
 4.00000000e-02  1.48000000e+00  4.00000000e-02  1.48148160e-12  1.23730975e+00  1.82111470e+00  9.03049676e-01  1.65911467e+00  3.49140492e+01  1.43936430e+00  5.11170334e+00 
 5.00000000e-02  1.48000000e+00  5.00000000e-02  1.48148160e-12  1.23730975e+00  1.82111470e+00  9.03049676e-01  1.65911467e+00  3.49140492e+01  1.43936430e+00  5.11170334e+00 
 6.00000000e-02  1.48000000e+00  6.00000000e-02  1.48148160e-12  1.23730975e+00  1.82111470e+00  9.03049676e-01  1.65911467e+00  3.49140492e+01  1.43936430e+00  5.11170334e+00 
 7.00000000e-02  1.48000000e+00  7.00000000e-02  1.48148160e-12  1.23730975e+00  1.82111470e+00  9.03049676e-01  1.65911467e+00  3.49140492e+01  1.43936430e+00  5.11170334e+00 
 8.00000000e-02  1.48000000e+00  8.00000000e-02  1.48148160e-12  1.23730975e+00  1.82111470e+00  9.03049676e-01  1.65911467e+00  3.49140492e+01  1.43936430e+00  5.11170334e+00 
 9.00000000e-02  1.48000000e+00  9.00000000e-02  1.48148160e-12  1.23730975e+00  1.82111470e+00  9.03049676e-01  1.65911467e+00  3.49140492e+01  1.43936430e+00  5.11170334e+00 
 1.00000000e-01  1.48000000e+00  1.00000000e-01  1.48148160e-12  1.23730975e+00  1.82111470e+00  9.03049676e-01  1.65911467e+00  3.49140492e+01  1.43936430e+00  5.11170334e+00 
 1.10000000e-01  1.48000000e+00  1.10000000e-01  1.48148160e-12  1.23730975e+00  1.82111470e+00  9.03049676e-01  1.65911467e+00  3.49140492e+01  1.43936430e+00  5.11170334e+00 
 1.20000000e-01  1.48000000e+00  1.20000000e-01  1.48148160e-12  1.23730975e+00  1.82111470e+00  9.03049676e-01  1.65911467e+00  3.49140492e+01  1.43936430e+00  5.11170334e+00 
 1.30000000e-01  1.48000000e+00  1.30000000e-01  1.48148160e-12  1.23730975e+00  1.82111470e+00  9.03049676e-01  1.65911467e+00  3.49140492e+01  1.43936430e+00  5.11170334e+00 
 1.40000000e-01  1.48000000e+00  1.40000000e-01  1.48148160e-12  1.23730975e+00  1.82111470e+00  9.03049676e-01  1.65911467e+00  3.49140492e+01  1.43936430e+00  5.11170334e+00 
 1.50000000e-01  1.48000000e+00  1.50000000e-01  1.48148160e-12  1.23730975e+00  1.82111470e+00  9.03049676e-01  1.65911467e+00  3.49140492e+01  1.43936430e+00  5.11170334e+00 
 1.60000000e-01  1.48000000e+00  1.60000000e-01  1.48148160e-12  1.23730975e+00  1.82111470e+00  9.03049676e-01  1.65911467e+00  3.49140492e+01  1.43936430e+00  5.11170334e+00 
 1.70000000e-01  1.48000000e+00  1.70000000e-01  1.48148160e-12  1.23730975e+00  1.82111470e+00  9.03049676e-01  1.65911467e+00  3.49140492e+01  1.43936430e+00  5.11170334e+00 
 1.80000000e-01  1.48000000e+00  1.80000000e-01  1.48148160e-12  1.23730975e+00  1.82111470e+00  9.03049676e-01  1.65911467e+00  3.49140492e+01  1.43936430e+00  5.11170334e+00 
 1.90000000e-01  1.48000000e+00  1.90000000e-01  1.48148160e-12  1.23730975e+00  1.82111470e+00  9.03049676e-01  1.65911467e+00  3.49140492e+01  1.43936430e+00  5.11170334e+00 
 2.00000000e-01  1.48000000e+00  2.00000000e-01  1.48148160e-12  1.23730975e+00  1.82111470e+00  9.03049676e-01  1.65911467e+00  3.49140492e+01  1.43936430e+00  5.11170334e+00 
 2.10000000e-01  1.48000000e+00  2.10000000e-01  1.48148160e-12  1.23730975e+00  1.82111470e+00  9.03049676e-01  1.65911467e+00  3.49140492e+01  1.43936430e+00  5.11170334e+00 
 2.20000000e-01  1.48000000e+00  2.20000000e-01  1.48148160e-12  1.23730975e+00  1.82111470e+00  9.03049676e-01  1.65911467e+00  3.49140492e+01  1.43936430e+00  5.11170334e+00 
 2.30000000e-01  1.48000000e+00  2.30000000e-01  1.48148160e-12  1.23730975e+00  1.82111470e+00  9.03049676e-01  1.65911467e+00  3.49140492e+01  1.43936430e+00  5.11170334e+00 
 2.40000000e-01  1.48000000e+00  2.40000000e-01  1.48148160e-12  1.23730975e+00  1.82111470e+00  9.03049676e-01  1.65911467e+00  3.49140492e+01  1.43936430e+00  5.11170334e+00 
 2.50000000e-01  1.48000000e+00  2.50000000e-01  1.48148160e-12  1.23730975e+00  1.82111470e+00  9.03049676e-01  1.65911467e+00  3.49140492e+01  1.43936430e+00  5.11170334e+00 
 2.60000000e-01  1.48000000e+00  2.60000000e-01  1.48148160e-12  1.23730975e+00  1.82111470e+00  9.03049676e-01  1.65911467e+00  3.49140492e+01  1.43936430e+00  5.11170334e+00 
 2.70000000e-01  1.48000000e+00  2.70000000e-01  1.48148160e-12  1.23730975e+00  1.82111470e+00  9.03049676e-01  1.65911467e+00  3.49140492e+01  1.43936430e+00  5.11170334e+00 
 2.80000000e-01  1.48000000e+00  2.80000000e-01  1.48148160e-12  1.23730975e+00  1.82111470e+00  9.03049676e-01  1.65911467e+00  3.49140492e+01  1.43936430e+00  5.11170334e+00 
 2.90000000e-01  1.48000000e+00  2.90000000e-01  1.48148160e-12  1.23730975e+00  1.82111470e+00  9.03049676e-01  1.65911467e+00  3.49140492e+01  1.43936430e+00  5.11170334e+00 
 3.00000000e-01  1.48000000e+00  3.00000000e-01  1.48148160e-12  1.23730975e+00  1.82111470e+00  9.03049676e-01  1.65911467e+00  3.49140492e+01  1.43936430e+00  5.11170334e+00 
 3.10000000e-01  1.48000000e+00  3.10000000e-01  1.48148160e-12  1.23730975e+00  1.82111470e+00  9.03049676e-01  1.65911467e+00  3.49140492e+01  1.43936430e+00  5.11170334e+00 
 3.20000000e-01  1.48000000e+00  3.20000000e-01  1.48148160e-12  1.23730975e+00  1.82111470e+00  9.03049676e-01  1.65911467e+00  3.49140492e+01  1.43936430e+00  5.11170334e+00 
 3.30000000e-01  1.48000000e+00  3.30000000e-01  1.48148160e-12  1.23730975e+00  1.82111470e+00  9.03049676e-01  1.65911467e+00  3.49140492e+01  1.43936430e+00  5.11170334e+00 
 3.40000000e-01  1.48000000e+00  3.40000000e-01  1.48148160e-12  1.23730975e+00  1.82111470e+00  9.03049676e-01  1.65911467e+00  3.49140492e+01  1.43936430e+00  5.11170334e+00 
 3.50000000e-01  1.48000000e+00  3.50000000e-01  1.48148160e-12  1.23730975e+00  1.82111470e+00  9.03049676e-01  1.65911467e+00  3.49140492e+01  1.43936430e+00  5.11170334e+00 
 3.60000000e-01  1.48000000e+00  3.60000000e-01  1.48148160e-12  1.23730975e+00  1.82111470e+00  9.03049676e-01  1.65911467e+00  3.49140492e+01  1.43936430e+00  5.11170334e+00 
 3.70000000e-01  1.48000000e+00  3.70000000e-01  1.48148160e-12  1.23730975e+00  1.82111470e+00  9.03049676e-01  1.65911467e+00  3.49140492e+01  1.43936430e+00  5.11170334e+00 
 3.80000000e-01  1.48000000e+00  3.80000000e-01  1.48148160e-12  1.23730975e+00  1.82111470e+00  9.03049676e-01  1.65911467e+00  3.49140492e+01  1.43936430e+00  5.11170334e+00 
 3.90000000e-01  1.48000000e+00  3.90000000e-01  1.48148160e-12  1.23730975e+00  1.82111470e+00  9.03049676e-01  1.65911467e+00  3.49140492e+01  1.43936430e+00  5.11170334e+00 
 4.00000000e-01  1.48000000e+00  4.00000000e-01  1.48325796e-12  1.23730975e+00  1.82111470e+00  9.03049676e-01  1.65911467e+00  3.49140492e+01  1.43936430e+00  5.11170334e+00 
 4.10000000e-01  1.48000000e+00  4.10000000e-01  1.48325796e-12  1.23730975e+00  1.82111470e+00  9.03049676e-01  1.65911467e+00  3.49140492e+01  1.43936430e+00  5.11170334e+00 
 4.20000000e-01  1.48000000e+00  4.20000000e-01  1.48503432e-12  1.23730975e+00  1.82111470e+00  9.03049676e-01  1.65911467e+00  3.49140492e+01  1.43936430e+00  5.11170334e+00 
 4.30000000e-01  1.48000000e+00  4.30000000e-01  1.49036339e-12  1.23730975e+00  1.82111470e+00  9.03049676e-01  1.65911467e+00  3.49140492e+01  1.43936430e+00  5.11170334e+00 
 4.40000000e-01  1.48000000e+00  4.40000000e-01  1.50635060e-12  1.23730975e+00  1.82111470e+00  9.03049676e-01  1.65911467e+00  3.49140492e+01  1.43936430e+00  5.11170334e+00 
 4.50000000e-01  1.48000000e+00  4.50000000e-01  1.54187774e-12  1.23730975e+00  1.82111470e+00  9.03049676e-01  1.65911467e+00  3.49140492e+01  1.43936430e+00  5.11170334e+00 
 4.60000000e-01  1.48000000e+00  4.60000000e-01  1.63780101e-12  1.23730975e+00  1.82111470e+00  9.03049676e-01  1.65911467e+00  3.49140492e+01  1.43936430e+00  5.11170334e+00 
 4.70000000e-01  1.48000000e+00  4.70000000e-01  1.89182003e-12  1.23730975e+00  1.82111470e+00  9.03049676e-01  1.65911467e+00  3.49140492e+01  1.43936430e+00  5.11170334e+00 
 4.80000000e-01  1.48000000e+00  4.80000000e-01  2.55440114e-12  1.23730975e+00  1.82111470e+00  9.03049676e-01  1.65911467e+00  3.49140492e+01  1.43936430e+00  5.11170334e+00 
 4.90000000e-01  1.48000000e+00  4.90000000e-01  4.29167812e-12  1.23730975e+00  1.82111470e+00  9.03049676e-01  1.65911467e+00  3.49140492e+01  1.43936430e+00  5.11170334e+00 
 5.00000000e-01  1.48000000e+00  5.00000000e-01  8.82316442e-12  1.23730975e+00  1.82111470e+00  9.03049676e-01  1.65911467e+00  3.49140492e+01  1.43936430e+00  5.11170334e+00 
 5.10000000e-01  1.48000000e+00  5.10000000e-01  2.05719886e-11  1.23730975e+00  1.82111470e+00  9.03049676e-01  1.65911467e+00  3.49140492e+01  1.43936430e+00  5.11170334e+00 
 5.20000000e-01  1.48000000e+00  5.20000000e-01  5.07967002e-11  1.23730975e+00  1.82111470e+00  9.03049676e-01  1.65911467e+00  3.49140492e+01  1.43936430e+00  5.11170334e+00 
 5.30000000e-01  1.48000000e+00  5.30000000e-01  1.27512223e-10  1.23730975e+00  1.82111470e+00  9.03049676e-01  1.65911467e+00  3.49140492e+01  1.43936430e+00  5.11170334e+00 
 5.40000000e-01  1.48000000e+00  5.40000000e-01  3.18367555e-10  1.23730975e+00  1.82111470e+00  9.03049676e-01  1.65911467e+00  3.49140492e+01  1.43936430e+00  5.11170334e+00 
 5.50000000e-01  1.48000000e+00  5.50000000e-01  7.79285969e-10  1.23730975e+00  1.82111470e+00  9.03049676e-01  1.65911467e+00  3.49140492e+01  1.43936430e+00  5.11170334e+00 
 5.60000000e-01  1.48000000e+00  5.60000000e-01  1.84719262e-09  1.23730975e+00  1.82111470e+00  9.03049676e-01  1.65911467e+00  3.49140492e+01  1.43936430e+00  5.11170334e+00 
 5.70000000e-01  1.48000000e+00  5.70000000e-01  4.19138679e-09  1.23730975e+00  1.82111470e+00  9.03049676e-01  1.65911467e+00  3.49140492e+01  1.43936430e+00  5.11170334e+00 
 5.80000000e-01  1.48000000e+00  5.80000000e-01  9.01991370e-09  1.23730975e+00  1.82111470e+00  9.03049676e-01  1.65911467e+00  3.49140492e+01  1.43936430e+00  5.11170334e+00 
 5.90000000e-01  1.48000000e+00  5.90000000e-01  1.83277749e-08  1.23730975e+00  1.82111470e+00  9.03049676e-01  1.65911467e+00  3.49140492e+01  1.43936430e+00  5.11170334e+00 
 6.00000000e-01  1.48000000e+00  6.00000000e-01  3.52317979e-08  1.23730975e+00  1.82111470e+00  9.03049676e-01  1.65911467e+00  3.49140492e+01  1.43936430e+00  5.11170334e+00 
 6.10000000e-01  1.48000000e+00  6.10000000e-01  6.45614602e-08  1.23730975e+00  1.82111470e+00  9.03049676e-01  1.65911467e+00  3.49140492e+01  1.43936430e+00  5.11170334e+00 
 6.20000000e-01  1.48000000e+00  6.20000000e-01  1.13971717e-07  1.23730975e+00  1.82111470e+00  9.03049676e-01  1.65911467e+00  3.49140492e+01  1.43936430e+00  5.11170334e+00 
 6.30000000e-01  1.48000000e+00  6.30000000e-01  1.95895900e-07  1.23730975e+00  1.82111470e+00  9.03049676e-01  1.65911467e+00  3.49140492e+01  1.43936430e+00  5.11170334e+00 
 6.40000000e-01  1.48000000e+00  6.40000000e-01  3.30780274e-07  1.23730975e+00  1.82111470e+00  9.03049676e-01  1.65911467e+00  3.49140492e+01  1.43936430e+00  5.11170334e+00 
 6.50000000e-01  1.48000000e+00  6.50000000e-01  5.52246176e-07  1.23730975e+00  1.82111470e+00  9.03049676e-01  1.65911467e+00  3.49140492e+01  1.43936430e+00  5.11170334e+00 
 6.60000000e-01  1.48000000e+00  6.60000000e-01  9.14797647e-07  1.23730975e+00  1.82111470e+00  9.03049676e-01  1.65911467e+00  3.49140492e+01  1.43936430e+00  5.11170334e+00 
 6.70000000e-01  1.48000000e+00  6.70000000e-01  1.50363601e-06  1.23730975e+00  1.82111470e+00  9.03049676e-01  1.65911467e+00  3.49140492e+01  1.43936430e+00  5.11170334e+00 
 6.80000000e-01  1.48000000e+00  6.80000000e-01  2.44303277e-06  1.23730975e+00  1.82111470e+00  9.03049676e-01  1.65911467e+00  3.49140492e+01  1.43936430e+00  5.11170334e+00 
 6.90000000e-01  1.48000000e+00  6.90000000e-01  3.89540116e-06  1.23730975e+00  1.82111470e+00  9.03049676e-01  1.65911467e+00  3.49140492e+01  1.43936430e+00  5.11170334e+00 
 7.00000000e-01  1.48000000e+00  7.00000000e-01  6.04344573e-06  1.23730975e+00  1.82111470e+00  9.03049676e-01  1.65911467e+00  3.49140492e+01  1.43936430e+00  5.11170334e+00 
 7.10000000e-01  1.48000000e+00  7.10000000e-01  9.05841138e-06  1.23730975e+00  1.82111470e+00  9.03049676e-01  1.65911467e+00  3.49140492e+01  1.43936430e+00  5.11170334e+00 
 7.20000000e-01  1.48000000e+00  7.20000000e-01  1.30706766e-05  1.23730975e+00  1.82111470e+00  9.03049676e-01  1.65911467e+00  3.49140492e+01  1.43936430e+00  5.11170334e+00 
 7.30000000e-01  1.48000000e+00  7.30000000e-01  1.81579530e-05  1.23730975e+00  1.82111470e+00  9.03049676e-01  1.65911467e+00  3.49140492e+01  1.43936430e+00  5.11170334e+00 
 7.40000000e-01  1.48000000e+00  7.40000000e-01  2.43519043e-05  1.23730975e+00  1.82111470e+00  9.03049676e-01  1.65911467e+00  3.49140492e+01  1.43936430e+00  5.11170334e+00 
 7.50000000e-01  1.48000000e+00  7.50000000e-01  3.16533616e-05  1.23730975e+00  1.82111470e+00  9.03049676e-01  1.65911467e+00  3.49140492e+01  1.43936430e+00  5.11170334e+00 
 7.60000000e-01  1.48000000e+00  7.60000000e-01  4.00468504e-05  1.23730975e+00  1.82111470e+00  9.03049676e-01  1.65911467e+00  3.49140492e+01  1.43936430e+00  5.11170334e+00 
 7.70000000e-01  1.48000000e+00  7.70000000e-01  4.95105425e-05  1.23730975e+00  1.82111470e+00  9.03049676e-01  1.65911467e+00  3.49140492e+01  1.43936430e+00  5.11170334e+00 
 7.80000000e-01  1.48000000e+00  7.80000000e-01  6.00216998e-05  1.23730975e+00  1.82111470e+00  9.03049676e-01  1.65911467e+00  3.49140492e+01  1.43936430e+00  5.11170334e+00 
 7.90000000e-01  1.48000000e+00  7.90000000e-01  7.15590400e-05  1.23730975e+00  1.82111470e+00  9.03049676e-01  1.65911467e+00  3.49140492e+01  1.43936430e+00  5.11170334e+00 
 8.00000000e-01  1.48000000e+00  8.00000000e-01  8.41033940e-05  1.23730975e+00  1.82111470e+00  9.03049676e-01  1.65911467e+00  3.49140492e+01  1.43936430e+00  5.11170334e+00 
 8.10000000e-01  1.48000000e+00  8.10000000e-01  9.76375700e-05  1.23730975e+00  1.82111470e+00  9.03049676e-01  1.65911467e+00  3.49140492e+01  1.43936430e+00  5.11170334e+00 
 8.20000000e-01  1.48000000e+00  8.20000000e-01  1.12145931e-04  1.23730975e+00  1.82111470e+00  9.03049676e-01  1.65911467e+00  3.49140492e+01  1.43936430e+00  5.11170334e+00 
 8.30000000e-01  1.48000000e+00  8.30000000e-01  1.27613933e-04  1.23730975e+00  1.82111470e+00  9.03049676e-01  1.65911467e+00  3.49140492e+01  1.43936430e+00  5.11170334e+00 
 8.40000000e-01  1.48000000e+00  8.40000000e-01  1.44027723e-04  1.23730975e+00  1.82111470e+00  9.03049676e-01  1.65911467e+00  3.49140492e+01  1.43936430e+00  5.11170334e+00 
 8.50000000e-01  1.48000000e+00  8.50000000e-01  1.61373827e-04  1.23730975e+00  1.82111470e+00  9.03049676e-01  1.65911467e+00  3.49140492e+01  1.43936430e+00  5.11170334e+00 
 8.60000000e-01  1.48000000e+00  8.60000000e-01  1.79638921e-04  1.23730975e+00  1.82111470e+00  9.03049676e-01  1.65911467e+00  3.49140492e+01  1.43936430e+00  5.11170334e+00 
 8.70000000e-01  1.48000000e+00  8.70000000e-01  1.98809670e-04  1.23730975e+00  1.82111470e+00  9.03049676e-01  1.65911467e+00  3.49140492e+01  1.43936430e+00  5.11170334e+00 
 8.80000000e-01  1.48000000e+00  8.80000000e-01  2.18872631e-04  1.23730975e+00  1.82111470e+00  9.03049676e-01  1.65911467e+00  3.49140492e+01  1.43936430e+00  5.11170334e+00 
 8.90000000e-01  1.48000000e+00  8.90000000e-01  2.39814183e-04  1.23730975e+00  1.82111470e+00  9.03049676e-01  1.65911467e+00  3.49140492e+01  1.43936430e+00  5.11170334e+00 
 9.00000000e-01  1.48000000e+00  9.00000000e-01  2.61620494e-04  1.23730975e+00  1.82111470e+00  9.03049676e-01  1.65911467e+00  3.49140492e+01  1.43936430e+00  5.11170334e+00 
 9.10000000e-01  1.48000000e+00  9.10000000e-01  2.84277508e-04  1.23730975e+00  1.82111470e+00  9.03049676e-01  1.65911467e+00  3.49140492e+01  1.43936430e+00  5.11170334e+00 
 9.20000000e-01  1.48000000e+00  9.20000000e-01  3.07770937e-04  1.23730975e+00  1.82111470e+00  9.03049676e-01  1.65911467e+00  3.49140492e+01  1.43936430e+00  5.11170334e+00 
 9.30000000e-01  1.48000000e+00  9.30000000e-01  3.32086271e-04  1.23730975e+00  1.82111470e+00  9.03049676e-01  1.65911467e+00  3.49140492e+01  1.43936430e+00  5.11170334e+00 
 9.40000000e-01  1.48000000e+00  9.40000000e-01  3.57208790e-04  1.23730975e+00  1.82111470e+00  9.03049676e-01  1.65911467e+00  3.49140492e+01  1.43936430e+00  5.11170334e+00 
 9.50000000e-01  1.48000000e+00  9.50000000e-01  3.83123577e-04  1.23730975e+00  1.82111470e+00  9.03049676e-01  1.65911467e+00  3.49140492e+01  1.43936430e+00  5.11170334e+00 
 9.60000000e-01  1.48000000e+00  9.60000000e-01  4.09815538e-04  1.23730975e+00  1.82111470e+00  9.03049676e-01  1.65911467e+00  3.49140492e+01  1.43936430e+00  5.11170334e+00 
 9.70000000e-01  1.48000000e+00  9.70000000e-01  4.37269411e-04  1.23730975e+00  1.82111470e+00  9.03049676e-01  1.65911467e+00  3.49140492e+01  1.43936430e+00  5.11170334e+00 
 9.80000000e-01  1.48000000e+00  9.80000000e-01  4.65469800e-04  1.23730975e+00  1.82111470e+00  9.03049676e-01  1.65911467e+00  3.49140492e+01  1.43936430e+00  5.11170334e+00 
 9.90000000e-01  1.48000000e+00  9.90000000e-01  4.94401192e-04  1.23730975e+00  1.82111470e+00  9.03049676e-01  1.65911467e+00  3.49140492e+01  1.43936430e+00  5.11170334e+00 
 1.00000000e+00  1.48000000e+00  1.00000000e+00  5.24047972e-04  1.23730975e+00  1.82111470e+00  9.03049676e-01  1.65911467e+00  3.49140492e+01  1.43936430e+00  5.11170334e+00 
 1.01000000e+00  1.48000000e+00  1.01000000e+00  5.54394444e-04  1.23730975e+00  1.82111470e+00  9.03049676e-01  1.65911467e+00  3.49140492e+01  1.43936430e+00  5.11170334e+00 
 1.02000000e+00  1.48000000e+00  1.02000000e+00  5.85424847e-04  1.23730975e+00  1.82111470e+00  9.03049676e-01  1.65911467e+00  3.49140492e+01  1.43936430e+00  5.11170334e+00 
 1.03000000e+00  1.48000000e+00  1.03000000e+00  6.17123376e-04  1.23730975e+00  1.82111470e+00  9.03049676e-01  1.65911467e+00  3.49140492e+01  1.43936430e+00  5.11170334e+00 
 1.04000000e+00  1.48000000e+00  1.04000000e+00  6.49474195e-04  1.23730975e+00  1.82111470e+00  9.03049676e-01  1.65911467e+00  3.49140492e+01  1.43936430e+00  5.11170334e+00 
 1.05000000e+00  1.48000000e+00  1.05000000e+00  6.82461459e-04  1.23730975e+00  1.82111470e+00  9.03049676e-01  1.65911467e+00  3.49140492e+01  1.43936430e+00  5.11170334e+00 
 1.06000000e+00  1.48000000e+00  1.06000000e+00  7.16069323e-04  1.23730975e+00  1.82111470e+00  9.03049676e-01  1.65911467e+00  3.49140492e+01  1.43936430e+00  5.11170334e+00 
 1.07000000e+00  1.48000000e+00  1.07000000e+00  7.50281963e-04  1.23730975e+00  1.82111470e+00  9.03049676e-01  1.65911467e+00  3.49140492e+01  1.43936430e+00  5.11170334e+00 
 1.08000000e+00  1.48000000e+00  1.08000000e+00  7.85083588e-04  1.23730975e+00  1.82111470e+00  9.03049676e-01  1.65911467e+00  3.49140492e+01  1.43936430e+00  5.11170334e+00 
 1.09000000e+00  1.48000000e+00  1.09000000e+00  8.20458453e-04  1.23730975e+00  1.82111470e+00  9.03049676e-01  1.65911467e+00  3.49140492e+01  1.43936430e+00  5.11170334e+00 
 1.10000000e+00  1.48000000e+00  1.10000000e+00  8.56390872e-04  1.23730975e+00  1.82111470e+00  9.03049676e-01  1.65911467e+00  3.49140492e+01  1.43936430e+00  5.11170334e+00 
 1.11000000e+00  1.48000000e+00  1.11000000e+00  8.92865233e-04  1.23730975e+00  1.82111470e+00  9.03049676e-01  1.65911467e+00  3.49140492e+01  1.43936430e+00  5.11170334e+00 
 1.12000000e+00  1.48000000e+00  1.12000000e+00  9.29866006e-04  1.23730975e+00  1.82111470e+00  9.03049676e-01  1.65911467e+00  3.49140492e+01  1.43936430e+00  5.11170334e+00 
 1.13000000e+00  1.48000000e+00  1.13000000e+00  9.67377756e-04  1.23730975e+00  1.82111470e+00  9.03049676e-01  1.65911467e+00  3.49140492e+01  1.43936430e+00  5.11170334e+00 
 1.14000000e+00  1.48000000e+00  1.14000000e+00  1.00538515e-03  1.23730975e+00  1.82111470e+00  9.03049676e-01  1.65911467e+00  3.49140492e+01  1.43936430e+00  5.11170334e+00 
 1.15000000e+00  1.48000000e+00  1.15000000e+00  1.04387298e-03  1.23730975e+00  1.82111470e+00  9.03049676e-01  1.65911467e+00  3.49140492e+01  1.43936430e+00  5.11170334e+00 
 1.16000000e+00  1.48000000e+00  1.16000000e+00  1.08282615e-03  1.23730975e+00  1.82111470e+00  9.03049676e-01  1.65911467e+00  3.49140492e+01  1.43936430e+00  5.11170334e+00 
 1.17000000e+00  1.48000000e+00  1.17000000e+00  1.12222969e-03  1.23730975e+00  1.82111470e+00  9.03049676e-01  1.65911467e+00  3.49140492e+01  1.43936430e+00  5.11170334e+00 
 1.18000000e+00  1.48000000e+00  1.18000000e+00  1.16206880e-03  1.23730975e+00  1.82111470e+00  9.03049676e-01  1.65911467e+00  3.49140492e+01  1.43936430e+00  5.11170334e+00 
 1.19000000e+00  1.48000000e+00  1.19000000e+00  1.20232878e-03  1.23730975e+00  1.82111470e+00  9.03049676e-01  1.65911467e+00  3.49140492e+01  1.43936430e+00  5.11170334e+00 
 1.20000000e+00  1.48000000e+00  1.20000000e+00  1.24299513e-03  1.23730975e+00  1.82111470e+00  9.03049676e-01  1.65911467e+00  3.49140492e+01  1.43936430e+00  5.11170334e+00 
 1.21000000e+00  1.48000000e+00  1.21000000e+00  1.28405348e-03  1.23730975e+00  1.82111470e+00  9.03049676e-01  1.65911467e+00  3.49140492e+01  1.43936430e+00  5.11170334e+00 
 1.22000000e+00  1.48000000e+00  1.22000000e+00  1.32548964e-03  1.23730975e+00  1.82111470e+00  9.03049676e-01  1.65911467e+00  3.49140492e+01  1.43936430e+00  5.11170334e+00 
 1.23000000e+00  1.48000000e+00  1.23000000e+00  1.36728957e-03  1.23730975e+00  1.82111470e+00  9.03049676e-01  1.65911467e+00  3.49140492e+01  1.43936430e+00  5.11170334e+00 
 1.24000000e+00  1.48000000e+00  1.24000000e+00  1.40943943e-03  1.23730975e+00  1.82111470e+00  9.03049676e-01  1.65911467e+00  3.49140492e+01  1.43936430e+00  5.11170334e+00 
 1.25000000e+00  1.48000000e+00  1.25000000e+00  1.45192554e-03  1.23730975e+00  1.82111470e+00  9.03049676e-01  1.65911467e+00  3.49140492e+01  1.43936430e+00  5.11170334e+00 
 1.26000000e+00  1.48000000e+00  1.26000000e+00  1.49473442e-03  1.23730975e+00  1.82111470e+00  9.03049676e-01  1.65911467e+00  3.49140492e+01  1.43936430e+00  5.11170334e+00 
 1.27000000e+00  1.48000000e+00  1.27000000e+00  1.53785275e-03  1.23730975e+00  1.82111470e+00  9.03049676e-01  1.65911467e+00  3.49140492e+01  1.43936430e+00  5.11170334e+00 
 1.28000000e+00  1.48000000e+00  1.28000000e+00  1.58126743e-03  1.23730975e+00  1.82111470e+00  9.03049676e-01  1.65911467e+00  3.49140492e+01  1.43936430e+00  5.11170334e+00 
 1.29000000e+00  1.48000000e+00  1.29000000e+00  1.62496551e-03  1.23730975e+00  1.82111470e+00  9.03049676e-01  1.65911467e+00  3.49140492e+01  1.43936430e+00  5.11170334e+00 
 1.30000000e+00  1.48000000e+00  1.30000000e+00  1.66893428e-03  1.23730975e+00  1.82111470e+00  9.03049676e-01  1.65911467e+00  3.49140492e+01  1.43936430e+00  5.11170334e+00 
 1.31000000e+00  1.48000000e+00  1.31000000e+00  1.71316118e-03  1.23730975e+00  1.82111470e+00  9.03049676e-01  1.65911467e+00  3.49140492e+01  1.43936430e+00  5.11170334e+00 
 1.32000000e+00  1.48000000e+00  1.32000000e+00  1.75763387e-03  1.23730975e+00  1.82111470e+00  9.03049676e-01  1.65911467e+00  3.49140492e+01  1.43936430e+00  5.11170334e+00 
 1.33000000e+00  1.48000000e+00  1.33000000e+00  1.80234021e-03  1.23730975e+00  1.82111470e+00  9.03049676e-01  1.65911467e+00  3.49140492e+01  1.43936430e+00  5.11170334e+00 
 1.34000000e+00  1.48000000e+00  1.34000000e+00  1.84726825e-03  1.23730975e+00  1.82111470e+00  9.03049676e-01  1.65911467e+00  3.49140492e+01  1.43936430e+00  5.11170334e+00 
 1.35000000e+00  1.48000000e+00  1.35000000e+00  1.89240621e-03  1.23730975e+00  1.82111470e+00  9.03049676e-01  1.65911467e+00  3.49140492e+01  1.43936430e+00  5.11170334e+00 
 1.36000000e+00  1.48000000e+00  1.36000000e+00  1.93774257e-03  1.23730975e+00  1.82111470e+00  9.03049676e-01  1.65911467e+00  3.49140492e+01  1.43936430e+00  5.11170334e+00 
 1.37000000e+00  1.48000000e+00  1.37000000e+00  1.98326594e-03  1.23730975e+00  1.82111470e+00  9.03049676e-01  1.65911467e+00  3.49140492e+01  1.43936430e+00  5.11170334e+00 
 1.38000000e+00  1.48000000e+00  1.38000000e+00  2.02896516e-03  1.23730975e+00  1.82111470e+00  9.03049676e-01  1.65911467e+00  3.49140492e+01  1.43936430e+00  5.11170334e+00 
 1.39000000e+00  1.48000000e+00  1.39000000e+00  2.07482928e-03  1.23730975e+00  1.82111470e+00  9.03049676e-01  1.65911467e+00  3.49140492e+01  1.43936430e+00  5.11170334e+00 
 1.40000000e+00  1.48000000e+00  1.40000000e+00  2.12084752e-03  1.23730975e+00  1.82111470e+00  9.03049676e-01  1.65911467e+00  3.49140492e+01  1.43936430e+00  5.11170334e+00 
 1.41000000e+00  1.48000000e+00  1.41000000e+00  2.16700930e-03  1.23730975e+00  1.82111470e+00  9.03049676e-01  1.65911467e+00  3.49140492e+01  1.43936430e+00  5.11170334e+00 
 1.42000000e+00  1.48000000e+00  1.42000000e+00  2.21330423e-03  1.23730975e+00  1.82111470e+00  9.03049676e-01  1.65911467e+00  3.49140492e+01  1.43936430e+00  5.11170334e+00 
 1.43000000e+00  1.48000000e+00  1.43000000e+00  2.25972212e-03  1.23730975e+00  1.82111470e+00  9.03049676e-01  1.65911467e+00  3.49140492e+01  1.43936430e+00  5.11170334e+00 
 1.44000000e+00  1.48000000e+00  1.44000000e+00  2.30625297e-03  1.23730975e+00  1.82111470e+00  9.03049676e-01  1.65911467e+00  3.49140492e+01  1.43936430e+00  5.11170334e+00 
 1.45000000e+00  1.48000000e+00  1.45000000e+00  2.35288696e-03  1.23730975e+00  1.82111470e+00  9.03049676e-01  1.65911467e+00  3.49140492e+01  1.43936430e+00  5.11170334e+00 
 1.46000000e+00  1.48000000e+00  1.46000000e+00  2.39961446e-03  1.23730975e+00  1.82111470e+00  9.03049676e-01  1.65911467e+00  3.49140492e+01  1.43936430e+00  5.11170334e+00 
 1.47000000e+00  1.48000000e+00  1.47000000e+00  2.44642602e-03  1.23730975e+00  1.82111470e+00  9.03049676e-01  1.65911467e+00  3.49140492e+01  1.43936430e+00  5.11170334e+00 
 1.48000000e+00  1.48000000e+00  1.48000000e+00  2.49331238e-03  1.23730975e+00  1.82111470e+00  9.03049676e-01  1.65911467e+00  3.49140492e+01  1.43936430e+00  5.11170334e+00 
 1.49000000e+00  1.48000000e+00  1.49000000e+00  2.54026446e-03  1.23730975e+00  1.82111470e+00  9.03049676e-01  1.65911467e+00  3.49140492e+01  1.43936430e+00  5.11170334e+00 
 1.50000000e+00  1.48000000e+00  1.50000000e+00  2.58727334e-03  1.23730975e+00  1.82111470e+00  9.03049676e-01  1.65911467e+00  3.49140492e+01  1.43936430e+00  5.11170334e+00 
 1.51000000e+00  1.48000000e+00  1.51000000e+00  2.63433030e-03  1.23730975e+00  1.82111470e+00  9.03049676e-01  1.65911467e+00  3.49140492e+01  1.43936430e+00  5.11170334e+00 
 1.52000000e+00  1.48000000e+00  1.52000000e+00  2.68142678e-03  1.23730975e+00  1.82111470e+00  9.03049676e-01  1.65911467e+00  3.49140492e+01  1.43936430e+00  5.11170334e+00 
 1.53000000e+00  1.48000000e+00  1.53000000e+00  2.72855438e-03  1.23730975e+00  1.82111470e+00  9.03049676e-01  1.65911467e+00  3.49140492e+01  1.43936430e+00  5.11170334e+00 
 1.54000000e+00  1.48000000e+00  1.54000000e+00  2.77570488e-03  1.23730975e+00  1.82111470e+00  9.03049676e-01  1.65911467e+00  3.49140492e+01  1.43936430e+00  5.11170334e+00 
 1.55000000e+00  1.48000000e+00  1.55000000e+00  2.82287022e-03  1.23730975e+00  1.82111470e+00  9.03049676e-01  1.65911467e+00  3.49140492e+01  1.43936430e+00  5.11170334e+00 
 1.56000000e+00  1.48000000e+00  1.56000000e+00  2.87004250e-03  1.23730975e+00  1.82111470e+00  9.03049676e-01  1.65911467e+00  3.49140492e+01  1.43936430e+00  5.11170334e+00 
 1.57000000e+00  1.48000000e+00  1.57000000e+00  2.91721399e-03  1.23730975e+00  1.82111470e+00  9.03049676e-01  1.65911467e+00  3.49140492e+01  1.43936430e+00  5.11170334e+00 
 1.58000000e+00  1.48000000e+00  1.58000000e+00  2.96437710e-03  1.23730975e+00  1.82111470e+00  9.03049676e-01  1.65911467e+00  3.49140492e+01  1.43936430e+00  5.11170334e+00 
 1.59000000e+00  1.48000000e+00  1.59000000e+00  3.01152439e-03  1.23730975e+00  1.82111470e+00  9.03049676e-01  1.65911467e+00  3.49140492e+01  1.43936430e+00  5.11170334e+00 
 1.60000000e+00  1.48000000e+00  1.60000000e+00  3.05864860e-03  1.23730975e+00  1.82111470e+00  9.03049676e-01  1.65911467e+00  3.49140492e+01  1.43936430e+00  5.11170334e+00 
 1.61000000e+00  1.48000000e+00  1.61000000e+00  3.10574259e-03  1.23730975e+00  1.82111470e+00  9.03049676e-01  1.65911467e+00  3.49140492e+01  1.43936430e+00  5.11170334e+00 
 1.62000000e+00  1.48000000e+00  1.62000000e+00  3.15279936e-03  1.23730975e+00  1.82111470e+00  9.03049676e-01  1.65911467e+00  3.49140492e+01  1.43936430e+00  5.11170334e+00 
 1.63000000e+00  1.48000000e+00  1.63000000e+00  3.19981207e-03  1.23730975e+00  1.82111470e+00  9.03049676e-01  1.65911467e+00  3.49140492e+01  1.43936430e+00  5.11170334e+00 
 1.64000000e+00  1.48000000e+00  1.64000000e+00  3.24677401e-03  1.23730975e+00  1.82111470e+00  9.03049676e-01  1.65911467e+00  3.49140492e+01  1.43936430e+00  5.11170334e+00 
 1.65000000e+00  1.48000000e+00  1.65000000e+00  3.29367861e-03  1.23730975e+00  1.82111470e+00  9.03049676e-01  1.65911467e+00  3.49140492e+01  1.43936430e+00  5.11170334e+00 
 1.66000000e+00  1.48000000e+00  1.66000000e+00  3.34051942e-03  1.23730975e+00  1.82111470e+00  9.03049676e-01  1.65911467e+00  3.49140492e+01  1.43936430e+00  5.11170334e+00 
 1.67000000e+00  1.48000000e+00  1.67000000e+00  3.38729012e-03  1.23730975e+00  1.82111470e+00  9.03049676e-01  1.65911467e+00  3.49140492e+01  1.43936430e+00  5.11170334e+00 
 1.68000000e+00  1.48000000e+00  1.68000000e+00  3.43398454e-03  1.23730975e+00  1.82111470e+00  9.03049676e-01  1.65911467e+00  3.49140492e+01  1.43936430e+00  5.11170334e+00 
 1.69000000e+00  1.48000000e+00  1.69000000e+00  3.48059661e-03  1.23730975e+00  1.82111470e+00  9.03049676e-01  1.65911467e+00  3.49140492e+01  1.43936430e+00  5.11170334e+00 
 1.70000000e+00  1.48000000e+00  1.70000000e+00  3.52712038e-03  1.23730975e+00  1.82111470e+00  9.03049676e-01  1.65911467e+00  3.49140492e+01  1.43936430e+00  5.11170334e+00 
 1.71000000e+00  1.48000000e+00  1.71000000e+00  3.57355002e-03  1.23730975e+00  1.82111470e+00  9.03049676e-01  1.65911467e+00  3.49140492e+01  1.43936430e+00  5.11170334e+00 
 1.72000000e+00  1.48000000e+00  1.72000000e+00  3.61987984e-03  1.23730975e+00  1.82111470e+00  9.03049676e-01  1.65911467e+00  3.49140492e+01  1.43936430e+00  5.11170334e+00 
 1.73000000e+00  1.48000000e+00  1.73000000e+00  3.66610421e-03  1.23730975e+00  1.82111470e+00  9.03049676e-01  1.65911467e+00  3.49140492e+01  1.43936430e+00  5.11170334e+00 
 1.74000000e+00  1.48000000e+00  1.74000000e+00  3.71221767e-03  1.23730975e+00  1.82111470e+00  9.03049676e-01  1.65911467e+00  3.49140492e+01  1.43936430e+00  5.11170334e+00 
 1.75000000e+00  1.48000000e+00  1.75000000e+00  3.75821480e-03  1.23730975e+00  1.82111470e+00  9.03049676e-01  1.65911467e+00  3.49140492e+01  1.43936430e+00  5.11170334e+00 
 1.76000000e+00  1.48000000e+00  1.76000000e+00  3.80409035e-03  1.23730975e+00  1.82111470e+00  9.03049676e-01  1.65911467e+00  3.49140492e+01  1.43936430e+00  5.11170334e+00 
 1.77000000e+00  1.48000000e+00  1.77000000e+00  3.84983912e-03  1.23730975e+00  1.82111470e+00  9.03049676e-01  1.65911467e+00  3.49140492e+01  1.43936430e+00  5.11170334e+00 
 1.78000000e+00  1.48000000e+00  1.78000000e+00  3.89545602e-03  1.23730975e+00  1.82111470e+00  9.03049676e-01  1.65911467e+00  3.49140492e+01  1.43936430e+00  5.11170334e+00 
 1.79000000e+00  1.48000000e+00  1.79000000e+00  3.94093607e-03  1.23730975e+00  1.82111470e+00  9.03049676e-01  1.65911467e+00  3.49140492e+01  1.43936430e+00  5.11170334e+00 
 1.80000000e+00  1.48000000e+00  1.80000000e+00  3.98627437e-03  1.23730975e+00  1.82111470e+00  9.03049676e-01  1.65911467e+00  3.49140492e+01  1.43936430e+00  5.11170334e+00 
 1.81000000e+00  1.48000000e+00  1.81000000e+00  4.03146610e-03  1.23730975e+00  1.82111470e+00  9.03049676e-01  1.65911467e+00  3.49140492e+01  1.43936430e+00  5.11170334e+00 
 1.82000000e+00  1.48000000e+00  1.82000000e+00  4.07650656e-03  1.23730975e+00  1.82111470e+00  9.03049676e-01  1.65911467e+00  3.49140492e+01  1.43936430e+00  5.11170334e+00 
 1.83000000e+00  1.48000000e+00  1.83000000e+00  4.12139109e-03  1.23730975e+00  1.82111470e+00  9.03049676e-01  1.65911467e+00  3.49140492e+01  1.43936430e+00  5.11170334e+00 
 1.84000000e+00  1.48000000e+00  1.84000000e+00  4.16611514e-03  1.23730975e+00  1.82111470e+00  9.03049676e-01  1.65911467e+00  3.49140492e+01  1.43936430e+00  5.11170334e+00 
 1.85000000e+00  1.48000000e+00  1.85000000e+00  4.21067423e-03  1.23730975e+00  1.82111470e+00  9.03049676e-01  1.65911467e+00  3.49140492e+01  1.43936430e+00  5.11170334e+00 
