 0.00000000e+00  0.00000000e+00  0.00000000e+00 -5.55222535e-13  0.00000000e+00 -5.55000000e-01 
-1.00000000e-02 -1.00000000e-02 -1.00000000e-02 -5.55222535e-13 -1.00000000e-02 -5.55000000e-01 
-2.00000000e-02 -2.00000000e-02 -2.00000000e-02 -5.55222535e-13 -2.00000000e-02 -5.55000000e-01 
-3.00000000e-02 -3.00000000e-02 -3.00000000e-02 -5.55222535e-13 -3.00000000e-02 -5.55000000e-01 
-4.00000000e-02 -4.00000000e-02 -4.00000000e-02 -5.55222535e-13 -4.00000000e-02 -5.55000000e-01 
-5.00000000e-02 -5.00000000e-02 -5.00000000e-02 -5.55222535e-13 -5.00000000e-02 -5.55000000e-01 
-6.00000000e-02 -6.00000000e-02 -6.00000000e-02 -5.55222535e-13 -6.00000000e-02 -5.55000000e-01 
-7.00000000e-02 -7.00000000e-02 -7.00000000e-02 -5.55222535e-13 -7.00000000e-02 -5.55000000e-01 
-8.00000000e-02 -8.00000000e-02 -8.00000000e-02 -5.55222535e-13 -8.00000000e-02 -5.55000000e-01 
-9.00000000e-02 -9.00000000e-02 -9.00000000e-02 -5.55222535e-13 -9.00000000e-02 -5.55000000e-01 
-1.00000000e-01 -1.00000000e-01 -1.00000000e-01 -5.55222535e-13 -1.00000000e-01 -5.55000000e-01 
-1.10000000e-01 -1.10000000e-01 -1.10000000e-01 -5.55222535e-13 -1.10000000e-01 -5.55000000e-01 
-1.20000000e-01 -1.20000000e-01 -1.20000000e-01 -5.55222535e-13 -1.20000000e-01 -5.55000000e-01 
-1.30000000e-01 -1.30000000e-01 -1.30000000e-01 -5.55222535e-13 -1.30000000e-01 -5.55000000e-01 
-1.40000000e-01 -1.40000000e-01 -1.40000000e-01 -5.55222535e-13 -1.40000000e-01 -5.55000000e-01 
-1.50000000e-01 -1.50000000e-01 -1.50000000e-01 -5.55222535e-13 -1.50000000e-01 -5.55000000e-01 
-1.60000000e-01 -1.60000000e-01 -1.60000000e-01 -5.55222535e-13 -1.60000000e-01 -5.55000000e-01 
-1.70000000e-01 -1.70000000e-01 -1.70000000e-01 -5.55222535e-13 -1.70000000e-01 -5.55000000e-01 
-1.80000000e-01 -1.80000000e-01 -1.80000000e-01 -5.55222535e-13 -1.80000000e-01 -5.55000000e-01 
-1.90000000e-01 -1.90000000e-01 -1.90000000e-01 -5.55222535e-13 -1.90000000e-01 -5.55000000e-01 
-2.00000000e-01 -2.00000000e-01 -2.00000000e-01 -5.55222535e-13 -2.00000000e-01 -5.55000000e-01 
-2.10000000e-01 -2.10000000e-01 -2.10000000e-01 -5.55222535e-13 -2.10000000e-01 -5.55000000e-01 
-2.20000000e-01 -2.20000000e-01 -2.20000000e-01 -5.55222535e-13 -2.20000000e-01 -5.55000000e-01 
-2.30000000e-01 -2.30000000e-01 -2.30000000e-01 -5.55222535e-13 -2.30000000e-01 -5.55000000e-01 
-2.40000000e-01 -2.40000000e-01 -2.40000000e-01 -5.55222535e-13 -2.40000000e-01 -5.55000000e-01 
-2.50000000e-01 -2.50000000e-01 -2.50000000e-01 -5.55222535e-13 -2.50000000e-01 -5.55000000e-01 
-2.60000000e-01 -2.60000000e-01 -2.60000000e-01 -5.55222535e-13 -2.60000000e-01 -5.55000000e-01 
-2.70000000e-01 -2.70000000e-01 -2.70000000e-01 -5.55222535e-13 -2.70000000e-01 -5.55000000e-01 
-2.80000000e-01 -2.80000000e-01 -2.80000000e-01 -5.55222535e-13 -2.80000000e-01 -5.55000000e-01 
-2.90000000e-01 -2.90000000e-01 -2.90000000e-01 -5.55222535e-13 -2.90000000e-01 -5.55000000e-01 
-3.00000000e-01 -3.00000000e-01 -3.00000000e-01 -5.55222535e-13 -3.00000000e-01 -5.55000000e-01 
-3.10000000e-01 -3.10000000e-01 -3.10000000e-01 -5.55222535e-13 -3.10000000e-01 -5.55000000e-01 
-3.20000000e-01 -3.20000000e-01 -3.20000000e-01 -5.55222535e-13 -3.20000000e-01 -5.55000000e-01 
-3.30000000e-01 -3.30000000e-01 -3.30000000e-01 -5.55222535e-13 -3.30000000e-01 -5.55000000e-01 
-3.40000000e-01 -3.40000000e-01 -3.40000000e-01 -5.55222535e-13 -3.40000000e-01 -5.55000000e-01 
-3.50000000e-01 -3.50000000e-01 -3.50000000e-01 -5.55222535e-13 -3.50000000e-01 -5.55000000e-01 
-3.60000000e-01 -3.60000000e-01 -3.60000000e-01 -5.55222535e-13 -3.60000000e-01 -5.55000000e-01 
-3.70000000e-01 -3.70000000e-01 -3.70000000e-01 -5.55222535e-13 -3.70000000e-01 -5.55000000e-01 
-3.80000000e-01 -3.80000000e-01 -3.80000000e-01 -5.55222535e-13 -3.80000000e-01 -5.55000000e-01 
-3.90000000e-01 -3.90000000e-01 -3.90000000e-01 -5.55222535e-13 -3.90000000e-01 -5.55000000e-01 
-4.00000000e-01 -4.00000000e-01 -4.00000000e-01 -5.55222535e-13 -4.00000000e-01 -5.55000000e-01 
-4.10000000e-01 -4.10000000e-01 -4.10000000e-01 -5.55222535e-13 -4.10000000e-01 -5.55000000e-01 
-4.20000000e-01 -4.20000000e-01 -4.20000000e-01 -5.55222535e-13 -4.20000000e-01 -5.55000000e-01 
-4.30000000e-01 -4.30000000e-01 -4.30000000e-01 -5.55222535e-13 -4.30000000e-01 -5.55000000e-01 
-4.40000000e-01 -4.40000000e-01 -4.40000000e-01 -5.55222535e-13 -4.40000000e-01 -5.55000000e-01 
-4.50000000e-01 -4.50000000e-01 -4.50000000e-01 -5.55222535e-13 -4.50000000e-01 -5.55000000e-01 
-4.60000000e-01 -4.60000000e-01 -4.60000000e-01 -5.55222535e-13 -4.60000000e-01 -5.55000000e-01 
-4.70000000e-01 -4.70000000e-01 -4.70000000e-01 -5.55222535e-13 -4.70000000e-01 -5.55000000e-01 
-4.80000000e-01 -4.80000000e-01 -4.80000000e-01 -5.55222535e-13 -4.80000000e-01 -5.55000000e-01 
-4.90000000e-01 -4.90000000e-01 -4.90000000e-01 -5.55222535e-13 -4.90000000e-01 -5.55000000e-01 
-5.00000000e-01 -5.00000000e-01 -5.00000000e-01 -5.55222535e-13 -5.00000000e-01 -5.55000000e-01 
-5.10000000e-01 -5.10000000e-01 -5.10000000e-01 -5.55222535e-13 -5.10000000e-01 -5.55000000e-01 
-5.20000000e-01 -5.20000000e-01 -5.20000000e-01 -5.55222535e-13 -5.20000000e-01 -5.55000000e-01 
-5.30000000e-01 -5.30000000e-01 -5.30000000e-01 -5.55222535e-13 -5.30000000e-01 -5.55000000e-01 
-5.40000000e-01 -5.40000000e-01 -5.40000000e-01 -5.55222535e-13 -5.40000000e-01 -5.55000000e-01 
-5.50000000e-01 -5.50000000e-01 -5.50000000e-01 -5.55222535e-13 -5.50000000e-01 -5.55000000e-01 
-5.60000000e-01 -5.60000000e-01 -5.60000000e-01 -5.55222535e-13 -5.60000000e-01 -5.55000000e-01 
-5.70000000e-01 -5.70000000e-01 -5.70000000e-01 -5.55222535e-13 -5.70000000e-01 -5.55000000e-01 
-5.80000000e-01 -5.80000000e-01 -5.80000000e-01 -5.55222535e-13 -5.80000000e-01 -5.55000000e-01 
-5.90000000e-01 -5.90000000e-01 -5.90000000e-01 -5.55222535e-13 -5.90000000e-01 -5.55000000e-01 
-6.00000000e-01 -6.00000000e-01 -6.00000000e-01 -5.55222535e-13 -6.00000000e-01 -5.55000000e-01 
-6.10000000e-01 -6.10000000e-01 -6.10000000e-01 -5.55222535e-13 -6.10000000e-01 -5.55000000e-01 
-6.20000000e-01 -6.20000000e-01 -6.20000000e-01 -5.55222535e-13 -6.20000000e-01 -5.55000000e-01 
-6.30000000e-01 -6.30000000e-01 -6.30000000e-01 -5.55222535e-13 -6.30000000e-01 -5.55000000e-01 
-6.40000000e-01 -6.40000000e-01 -6.40000000e-01 -5.55222535e-13 -6.40000000e-01 -5.55000000e-01 
-6.50000000e-01 -6.50000000e-01 -6.50000000e-01 -5.55222535e-13 -6.50000000e-01 -5.55000000e-01 
-6.60000000e-01 -6.60000000e-01 -6.60000000e-01 -5.55222535e-13 -6.60000000e-01 -5.55000000e-01 
-6.70000000e-01 -6.70000000e-01 -6.70000000e-01 -5.55222535e-13 -6.70000000e-01 -5.55000000e-01 
-6.80000000e-01 -6.80000000e-01 -6.80000000e-01 -5.55222535e-13 -6.80000000e-01 -5.55000000e-01 
-6.90000000e-01 -6.90000000e-01 -6.90000000e-01 -5.55222535e-13 -6.90000000e-01 -5.55000000e-01 
-7.00000000e-01 -7.00000000e-01 -7.00000000e-01 -5.55222535e-13 -7.00000000e-01 -5.55000000e-01 
-7.10000000e-01 -7.10000000e-01 -7.10000000e-01 -5.55222535e-13 -7.10000000e-01 -5.55000000e-01 
-7.20000000e-01 -7.20000000e-01 -7.20000000e-01 -5.55222535e-13 -7.20000000e-01 -5.55000000e-01 
-7.30000000e-01 -7.30000000e-01 -7.30000000e-01 -5.55222535e-13 -7.30000000e-01 -5.55000000e-01 
-7.40000000e-01 -7.40000000e-01 -7.40000000e-01 -5.55222535e-13 -7.40000000e-01 -5.55000000e-01 
-7.50000000e-01 -7.50000000e-01 -7.50000000e-01 -5.55222535e-13 -7.50000000e-01 -5.55000000e-01 
-7.60000000e-01 -7.60000000e-01 -7.60000000e-01 -5.55222535e-13 -7.60000000e-01 -5.55000000e-01 
-7.70000000e-01 -7.70000000e-01 -7.70000000e-01 -5.55444579e-13 -7.70000000e-01 -5.55000000e-01 
-7.80000000e-01 -7.80000000e-01 -7.80000000e-01 -5.55555602e-13 -7.80000000e-01 -5.55000000e-01 
-7.90000000e-01 -7.90000000e-01 -7.90000000e-01 -5.56554802e-13 -7.90000000e-01 -5.55000000e-01 
-8.00000000e-01 -8.00000000e-01 -8.00000000e-01 -5.58775248e-13 -8.00000000e-01 -5.55000000e-01 
-8.10000000e-01 -8.10000000e-01 -8.10000000e-01 -5.63771252e-13 -8.10000000e-01 -5.55000000e-01 
-8.20000000e-01 -8.20000000e-01 -8.20000000e-01 -5.74096326e-13 -8.20000000e-01 -5.55000000e-01 
-8.30000000e-01 -8.30000000e-01 -8.30000000e-01 -5.93858296e-13 -8.30000000e-01 -5.55000000e-01 
-8.40000000e-01 -8.40000000e-01 -8.40000000e-01 -6.30162589e-13 -8.40000000e-01 -5.55000000e-01 
-8.50000000e-01 -8.50000000e-01 -8.50000000e-01 -6.94222457e-13 -8.50000000e-01 -5.55000000e-01 
-8.60000000e-01 -8.60000000e-01 -8.60000000e-01 -8.06243960e-13 -8.60000000e-01 -5.55000000e-01 
-8.70000000e-01 -8.70000000e-01 -8.70000000e-01 -1.00097708e-12 -8.70000000e-01 -5.55000000e-01 
-8.80000000e-01 -8.80000000e-01 -8.80000000e-01 -1.33770772e-12 -8.80000000e-01 -5.55000000e-01 
-8.90000000e-01 -8.90000000e-01 -8.90000000e-01 -1.92001970e-12 -8.90000000e-01 -5.55000000e-01 
-9.00000000e-01 -9.00000000e-01 -9.00000000e-01 -2.92676994e-12 -9.00000000e-01 -5.55000000e-01 
-9.10000000e-01 -9.10000000e-01 -9.10000000e-01 -4.66637839e-12 -9.10000000e-01 -5.55000000e-01 
-9.20000000e-01 -9.20000000e-01 -9.20000000e-01 -7.67297337e-12 -9.20000000e-01 -5.55000000e-01 
-9.30000000e-01 -9.30000000e-01 -9.30000000e-01 -1.28689281e-11 -9.30000000e-01 -5.55000000e-01 
-9.40000000e-01 -9.40000000e-01 -9.40000000e-01 -2.18481899e-11 -9.40000000e-01 -5.55000000e-01 
-9.50000000e-01 -9.50000000e-01 -9.50000000e-01 -3.73658882e-11 -9.50000000e-01 -5.55000000e-01 
-9.60000000e-01 -9.60000000e-01 -9.60000000e-01 -6.41824371e-11 -9.60000000e-01 -5.55000000e-01 
-9.70000000e-01 -9.70000000e-01 -9.70000000e-01 -1.10523812e-10 -9.70000000e-01 -5.55000000e-01 
-9.80000000e-01 -9.80000000e-01 -9.80000000e-01 -1.90602867e-10 -9.80000000e-01 -5.55000000e-01 
-9.90000000e-01 -9.90000000e-01 -9.90000000e-01 -3.28971961e-10 -9.90000000e-01 -5.55000000e-01 
-1.00000000e+00 -1.00000000e+00 -1.00000000e+00 -5.68034841e-10 -1.00000000e+00 -5.55000000e-01 
-1.01000000e+00 -1.01000000e+00 -1.01000000e+00 -9.80986292e-10 -1.01000000e+00 -5.55000000e-01 
-1.02000000e+00 -1.02000000e+00 -1.02000000e+00 -1.69406889e-09 -1.02000000e+00 -5.55000000e-01 
-1.03000000e+00 -1.03000000e+00 -1.03000000e+00 -2.92470281e-09 -1.03000000e+00 -5.55000000e-01 
-1.04000000e+00 -1.04000000e+00 -1.04000000e+00 -5.04639963e-09 -1.04000000e+00 -5.55000000e-01 
-1.05000000e+00 -1.05000000e+00 -1.05000000e+00 -8.69806205e-09 -1.05000000e+00 -5.55000000e-01 
-1.06000000e+00 -1.06000000e+00 -1.06000000e+00 -1.49644578e-08 -1.06000000e+00 -5.55000000e-01 
-1.07000000e+00 -1.07000000e+00 -1.07000000e+00 -2.56640036e-08 -1.07000000e+00 -5.55000000e-01 
-1.08000000e+00 -1.08000000e+00 -1.08000000e+00 -4.37791462e-08 -1.08000000e+00 -5.55000000e-01 
-1.09000000e+00 -1.09000000e+00 -1.09000000e+00 -7.40239522e-08 -1.09000000e+00 -5.55000000e-01 
-1.10000000e+00 -1.10000000e+00 -1.10000000e+00 -1.23403788e-07 -1.10000000e+00 -5.55000000e-01 
-1.11000000e+00 -1.11000000e+00 -1.11000000e+00 -2.01333769e-07 -1.11000000e+00 -5.55000000e-01 
-1.12000000e+00 -1.12000000e+00 -1.12000000e+00 -3.18604968e-07 -1.12000000e+00 -5.55000000e-01 
-1.13000000e+00 -1.13000000e+00 -1.13000000e+00 -4.84829396e-07 -1.13000000e+00 -5.55000000e-01 
-1.14000000e+00 -1.14000000e+00 -1.14000000e+00 -7.05383710e-07 -1.14000000e+00 -5.55000000e-01 
-1.15000000e+00 -1.15000000e+00 -1.15000000e+00 -9.79956755e-07 -1.15000000e+00 -5.55000000e-01 
-1.16000000e+00 -1.16000000e+00 -1.16000000e+00 -1.30364003e-06 -1.16000000e+00 -5.55000000e-01 
-1.17000000e+00 -1.17000000e+00 -1.17000000e+00 -1.66934038e-06 -1.17000000e+00 -5.55000000e-01 
-1.18000000e+00 -1.18000000e+00 -1.18000000e+00 -2.06983839e-06 -1.18000000e+00 -5.55000000e-01 
-1.19000000e+00 -1.19000000e+00 -1.19000000e+00 -2.49884973e-06 -1.19000000e+00 -5.55000000e-01 
-1.20000000e+00 -1.20000000e+00 -1.20000000e+00 -2.95130178e-06 -1.20000000e+00 -5.55000000e-01 
-1.21000000e+00 -1.21000000e+00 -1.21000000e+00 -3.42322368e-06 -1.21000000e+00 -5.55000000e-01 
-1.22000000e+00 -1.22000000e+00 -1.22000000e+00 -3.91151948e-06 -1.22000000e+00 -5.55000000e-01 
-1.23000000e+00 -1.23000000e+00 -1.23000000e+00 -4.41374792e-06 -1.23000000e+00 -5.55000000e-01 
-1.24000000e+00 -1.24000000e+00 -1.24000000e+00 -4.92794700e-06 -1.24000000e+00 -5.55000000e-01 
-1.25000000e+00 -1.25000000e+00 -1.25000000e+00 -5.45250555e-06 -1.25000000e+00 -5.55000000e-01 
-1.26000000e+00 -1.26000000e+00 -1.26000000e+00 -5.98607268e-06 -1.26000000e+00 -5.55000000e-01 
-1.27000000e+00 -1.27000000e+00 -1.27000000e+00 -6.52749444e-06 -1.27000000e+00 -5.55000000e-01 
-1.28000000e+00 -1.28000000e+00 -1.28000000e+00 -7.07576955e-06 -1.28000000e+00 -5.55000000e-01 
-1.29000000e+00 -1.29000000e+00 -1.29000000e+00 -7.63001784e-06 -1.29000000e+00 -5.55000000e-01 
-1.30000000e+00 -1.30000000e+00 -1.30000000e+00 -8.18945730e-06 -1.30000000e+00 -5.55000000e-01 
-1.31000000e+00 -1.31000000e+00 -1.31000000e+00 -8.75338693e-06 -1.31000000e+00 -5.55000000e-01 
-1.32000000e+00 -1.32000000e+00 -1.32000000e+00 -9.32117365e-06 -1.32000000e+00 -5.55000000e-01 
-1.33000000e+00 -1.33000000e+00 -1.33000000e+00 -9.89224191e-06 -1.33000000e+00 -5.55000000e-01 
-1.34000000e+00 -1.34000000e+00 -1.34000000e+00 -1.04660654e-05 -1.34000000e+00 -5.55000000e-01 
-1.35000000e+00 -1.35000000e+00 -1.35000000e+00 -1.10421603e-05 -1.35000000e+00 -5.55000000e-01 
-1.36000000e+00 -1.36000000e+00 -1.36000000e+00 -1.16200794e-05 -1.36000000e+00 -5.55000000e-01 
-1.37000000e+00 -1.37000000e+00 -1.37000000e+00 -1.21994075e-05 -1.37000000e+00 -5.55000000e-01 
-1.38000000e+00 -1.38000000e+00 -1.38000000e+00 -1.27797571e-05 -1.38000000e+00 -5.55000000e-01 
-1.39000000e+00 -1.39000000e+00 -1.39000000e+00 -1.33607652e-05 -1.39000000e+00 -5.55000000e-01 
-1.40000000e+00 -1.40000000e+00 -1.40000000e+00 -1.39420899e-05 -1.40000000e+00 -5.55000000e-01 
-1.41000000e+00 -1.41000000e+00 -1.41000000e+00 -1.45234080e-05 -1.41000000e+00 -5.55000000e-01 
-1.42000000e+00 -1.42000000e+00 -1.42000000e+00 -1.51044125e-05 -1.42000000e+00 -5.55000000e-01 
-1.43000000e+00 -1.43000000e+00 -1.43000000e+00 -1.56848107e-05 -1.43000000e+00 -5.55000000e-01 
-1.44000000e+00 -1.44000000e+00 -1.44000000e+00 -1.62643225e-05 -1.44000000e+00 -5.55000000e-01 
-1.45000000e+00 -1.45000000e+00 -1.45000000e+00 -1.68426787e-05 -1.45000000e+00 -5.55000000e-01 
-1.46000000e+00 -1.46000000e+00 -1.46000000e+00 -1.74196198e-05 -1.46000000e+00 -5.55000000e-01 
-1.47000000e+00 -1.47000000e+00 -1.47000000e+00 -1.79948949e-05 -1.47000000e+00 -5.55000000e-01 
-1.48000000e+00 -1.48000000e+00 -1.48000000e+00 -1.85682602e-05 -1.48000000e+00 -5.55000000e-01 
-1.49000000e+00 -1.49000000e+00 -1.49000000e+00 -1.91394788e-05 -1.49000000e+00 -5.55000000e-01 
-1.50000000e+00 -1.50000000e+00 -1.50000000e+00 -1.97083195e-05 -1.50000000e+00 -5.55000000e-01 
-1.51000000e+00 -1.51000000e+00 -1.51000000e+00 -2.02745564e-05 -1.51000000e+00 -5.55000000e-01 
-1.52000000e+00 -1.52000000e+00 -1.52000000e+00 -2.08379682e-05 -1.52000000e+00 -5.55000000e-01 
-1.53000000e+00 -1.53000000e+00 -1.53000000e+00 -2.13983377e-05 -1.53000000e+00 -5.55000000e-01 
-1.54000000e+00 -1.54000000e+00 -1.54000000e+00 -2.19554520e-05 -1.54000000e+00 -5.55000000e-01 
-1.55000000e+00 -1.55000000e+00 -1.55000000e+00 -2.25091014e-05 -1.55000000e+00 -5.55000000e-01 
-1.56000000e+00 -1.56000000e+00 -1.56000000e+00 -2.30590801e-05 -1.56000000e+00 -5.55000000e-01 
-1.57000000e+00 -1.57000000e+00 -1.57000000e+00 -2.36051855e-05 -1.57000000e+00 -5.55000000e-01 
-1.58000000e+00 -1.58000000e+00 -1.58000000e+00 -2.41472185e-05 -1.58000000e+00 -5.55000000e-01 
-1.59000000e+00 -1.59000000e+00 -1.59000000e+00 -2.46849832e-05 -1.59000000e+00 -5.55000000e-01 
-1.60000000e+00 -1.60000000e+00 -1.60000000e+00 -2.52182876e-05 -1.60000000e+00 -5.55000000e-01 
-1.61000000e+00 -1.61000000e+00 -1.61000000e+00 -2.57469433e-05 -1.61000000e+00 -5.55000000e-01 
-1.62000000e+00 -1.62000000e+00 -1.62000000e+00 -2.62707658e-05 -1.62000000e+00 -5.55000000e-01 
-1.63000000e+00 -1.63000000e+00 -1.63000000e+00 -2.67895749e-05 -1.63000000e+00 -5.55000000e-01 
-1.64000000e+00 -1.64000000e+00 -1.64000000e+00 -2.73031951e-05 -1.64000000e+00 -5.55000000e-01 
-1.65000000e+00 -1.65000000e+00 -1.65000000e+00 -2.78114558e-05 -1.65000000e+00 -5.55000000e-01 
-1.66000000e+00 -1.66000000e+00 -1.66000000e+00 -2.83141915e-05 -1.66000000e+00 -5.55000000e-01 
-1.67000000e+00 -1.67000000e+00 -1.67000000e+00 -2.88112428e-05 -1.67000000e+00 -5.55000000e-01 
-1.68000000e+00 -1.68000000e+00 -1.68000000e+00 -2.93024564e-05 -1.68000000e+00 -5.55000000e-01 
-1.69000000e+00 -1.69000000e+00 -1.69000000e+00 -2.97876857e-05 -1.69000000e+00 -5.55000000e-01 
-1.70000000e+00 -1.70000000e+00 -1.70000000e+00 -3.02667912e-05 -1.70000000e+00 -5.55000000e-01 
-1.71000000e+00 -1.71000000e+00 -1.71000000e+00 -3.07396410e-05 -1.71000000e+00 -5.55000000e-01 
-1.72000000e+00 -1.72000000e+00 -1.72000000e+00 -3.12061113e-05 -1.72000000e+00 -5.55000000e-01 
-1.73000000e+00 -1.73000000e+00 -1.73000000e+00 -3.16660867e-05 -1.73000000e+00 -5.55000000e-01 
-1.74000000e+00 -1.74000000e+00 -1.74000000e+00 -3.21194609e-05 -1.74000000e+00 -5.55000000e-01 
-1.75000000e+00 -1.75000000e+00 -1.75000000e+00 -3.25661366e-05 -1.75000000e+00 -5.55000000e-01 
-1.76000000e+00 -1.76000000e+00 -1.76000000e+00 -3.30060262e-05 -1.76000000e+00 -5.55000000e-01 
-1.77000000e+00 -1.77000000e+00 -1.77000000e+00 -3.34390521e-05 -1.77000000e+00 -5.55000000e-01 
-1.78000000e+00 -1.78000000e+00 -1.78000000e+00 -3.38651467e-05 -1.78000000e+00 -5.55000000e-01 
-1.79000000e+00 -1.79000000e+00 -1.79000000e+00 -3.42842525e-05 -1.79000000e+00 -5.55000000e-01 
-1.80000000e+00 -1.80000000e+00 -1.80000000e+00 -3.46963228e-05 -1.80000000e+00 -5.55000000e-01 
-1.81000000e+00 -1.81000000e+00 -1.81000000e+00 -3.51013211e-05 -1.81000000e+00 -5.55000000e-01 
-1.82000000e+00 -1.82000000e+00 -1.82000000e+00 -3.54992212e-05 -1.82000000e+00 -5.55000000e-01 
-1.83000000e+00 -1.83000000e+00 -1.83000000e+00 -3.58900078e-05 -1.83000000e+00 -5.55000000e-01 
-1.84000000e+00 -1.84000000e+00 -1.84000000e+00 -3.62736753e-05 -1.84000000e+00 -5.55000000e-01 
-1.85000000e+00 -1.85000000e+00 -1.85000000e+00 -3.66502284e-05 -1.85000000e+00 -5.55000000e-01 
