 0.00000000e+00  0.00000000e+00  1.48000000e+00 -1.30401705e-19  1.34161593e+00  1.70453329e+00  9.64970036e-01  1.81199608e+00  3.29697898e+01  1.37022526e+00  5.17099307e+00 
 1.00000000e-02  1.00000000e-02  1.48000000e+00  4.28605835e-05  1.34161593e+00  1.70453329e+00  9.64970036e-01  1.81199608e+00  3.29697898e+01  1.37022526e+00  5.17099307e+00 
 2.00000000e-02  2.00000000e-02  1.48000000e+00  8.52414459e-05  1.34161593e+00  1.70453329e+00  9.64970036e-01  1.81199608e+00  3.29697898e+01  1.37022526e+00  5.17099307e+00 
 3.00000000e-02  3.00000000e-02  1.48000000e+00  1.27140888e-04  1.34161593e+00  1.70453329e+00  9.64970036e-01  1.81199608e+00  3.29697898e+01  1.37022526e+00  5.17099307e+00 
 4.00000000e-02  4.00000000e-02  1.48000000e+00  1.68557204e-04  1.34161593e+00  1.70453329e+00  9.64970036e-01  1.81199608e+00  3.29697898e+01  1.37022526e+00  5.17099307e+00 
 5.00000000e-02  5.00000000e-02  1.48000000e+00  2.09488681e-04  1.34161593e+00  1.70453329e+00  9.64970036e-01  1.81199608e+00  3.29697898e+01  1.37022526e+00  5.17099307e+00 
 6.00000000e-02  6.00000000e-02  1.48000000e+00  2.49933602e-04  1.34161593e+00  1.70453329e+00  9.64970036e-01  1.81199608e+00  3.29697898e+01  1.37022526e+00  5.17099307e+00 
 7.00000000e-02  7.00000000e-02  1.48000000e+00  2.89890244e-04  1.34161593e+00  1.70453329e+00  9.64970036e-01  1.81199608e+00  3.29697898e+01  1.37022526e+00  5.17099307e+00 
 8.00000000e-02  8.00000000e-02  1.48000000e+00  3.29356879e-04  1.34161593e+00  1.70453329e+00  9.64970036e-01  1.81199608e+00  3.29697898e+01  1.37022526e+00  5.17099307e+00 
 9.00000000e-02  9.00000000e-02  1.48000000e+00  3.68331778e-04  1.34161593e+00  1.70453329e+00  9.64970036e-01  1.81199608e+00  3.29697898e+01  1.37022526e+00  5.17099307e+00 
 1.00000000e-01  1.00000000e-01  1.48000000e+00  4.06813209e-04  1.34161593e+00  1.70453329e+00  9.64970036e-01  1.81199608e+00  3.29697898e+01  1.37022526e+00  5.17099307e+00 
 1.10000000e-01  1.10000000e-01  1.48000000e+00  4.44799438e-04  1.34161593e+00  1.70453329e+00  9.64970036e-01  1.81199608e+00  3.29697898e+01  1.37022526e+00  5.17099307e+00 
 1.20000000e-01  1.20000000e-01  1.48000000e+00  4.82288735e-04  1.34161593e+00  1.70453329e+00  9.64970036e-01  1.81199608e+00  3.29697898e+01  1.37022526e+00  5.17099307e+00 
 1.30000000e-01  1.30000000e-01  1.48000000e+00  5.19279369e-04  1.34161593e+00  1.70453329e+00  9.64970036e-01  1.81199608e+00  3.29697898e+01  1.37022526e+00  5.17099307e+00 
 1.40000000e-01  1.40000000e-01  1.48000000e+00  5.55769616e-04  1.34161593e+00  1.70453329e+00  9.64970036e-01  1.81199608e+00  3.29697898e+01  1.37022526e+00  5.17099307e+00 
 1.50000000e-01  1.50000000e-01  1.48000000e+00  5.91757758e-04  1.34161593e+00  1.70453329e+00  9.64970036e-01  1.81199608e+00  3.29697898e+01  1.37022526e+00  5.17099307e+00 
 1.60000000e-01  1.60000000e-01  1.48000000e+00  6.27242089e-04  1.34161593e+00  1.70453329e+00  9.64970036e-01  1.81199608e+00  3.29697898e+01  1.37022526e+00  5.17099307e+00 
 1.70000000e-01  1.70000000e-01  1.48000000e+00  6.62220911e-04  1.34161593e+00  1.70453329e+00  9.64970036e-01  1.81199608e+00  3.29697898e+01  1.37022526e+00  5.17099307e+00 
 1.80000000e-01  1.80000000e-01  1.48000000e+00  6.96692548e-04  1.34161593e+00  1.70453329e+00  9.64970036e-01  1.81199608e+00  3.29697898e+01  1.37022526e+00  5.17099307e+00 
 1.90000000e-01  1.90000000e-01  1.48000000e+00  7.30655340e-04  1.34161593e+00  1.70453329e+00  9.64970036e-01  1.81199608e+00  3.29697898e+01  1.37022526e+00  5.17099307e+00 
 2.00000000e-01  2.00000000e-01  1.48000000e+00  7.64107653e-04  1.34161593e+00  1.70453329e+00  9.64970036e-01  1.81199608e+00  3.29697898e+01  1.37022526e+00  5.17099307e+00 
 2.10000000e-01  2.10000000e-01  1.48000000e+00  7.97047882e-04  1.34161593e+00  1.70453329e+00  9.64970036e-01  1.81199608e+00  3.29697898e+01  1.37022526e+00  5.17099307e+00 
 2.20000000e-01  2.20000000e-01  1.48000000e+00  8.29474461e-04  1.34161593e+00  1.70453329e+00  9.64970036e-01  1.81199608e+00  3.29697898e+01  1.37022526e+00  5.17099307e+00 
 2.30000000e-01  2.30000000e-01  1.48000000e+00  8.61385860e-04  1.34161593e+00  1.70453329e+00  9.64970036e-01  1.81199608e+00  3.29697898e+01  1.37022526e+00  5.17099307e+00 
 2.40000000e-01  2.40000000e-01  1.48000000e+00  8.92780603e-04  1.34161593e+00  1.70453329e+00  9.64970036e-01  1.81199608e+00  3.29697898e+01  1.37022526e+00  5.17099307e+00 
 2.50000000e-01  2.50000000e-01  1.48000000e+00  9.23657267e-04  1.34161593e+00  1.70453329e+00  9.64970036e-01  1.81199608e+00  3.29697898e+01  1.37022526e+00  5.17099307e+00 
 2.60000000e-01  2.60000000e-01  1.48000000e+00  9.54014498e-04  1.34161593e+00  1.70453329e+00  9.64970036e-01  1.81199608e+00  3.29697898e+01  1.37022526e+00  5.17099307e+00 
 2.70000000e-01  2.70000000e-01  1.48000000e+00  9.83851015e-04  1.34161593e+00  1.70453329e+00  9.64970036e-01  1.81199608e+00  3.29697898e+01  1.37022526e+00  5.17099307e+00 
 2.80000000e-01  2.80000000e-01  1.48000000e+00  1.01316563e-03  1.34161593e+00  1.70453329e+00  9.64970036e-01  1.81199608e+00  3.29697898e+01  1.37022526e+00  5.17099307e+00 
 2.90000000e-01  2.90000000e-01  1.48000000e+00  1.04195723e-03  1.34161593e+00  1.70453329e+00  9.64970036e-01  1.81199608e+00  3.29697898e+01  1.37022526e+00  5.17099307e+00 
 3.00000000e-01  3.00000000e-01  1.48000000e+00  1.07022486e-03  1.34161593e+00  1.70453329e+00  9.64970036e-01  1.81199608e+00  3.29697898e+01  1.37022526e+00  5.17099307e+00 
 3.10000000e-01  3.10000000e-01  1.48000000e+00  1.09796764e-03  1.34161593e+00  1.70453329e+00  9.64970036e-01  1.81199608e+00  3.29697898e+01  1.37022526e+00  5.17099307e+00 
 3.20000000e-01  3.20000000e-01  1.48000000e+00  1.12518486e-03  1.34161593e+00  1.70453329e+00  9.64970036e-01  1.81199608e+00  3.29697898e+01  1.37022526e+00  5.17099307e+00 
 3.30000000e-01  3.30000000e-01  1.48000000e+00  1.15187596e-03  1.34161593e+00  1.70453329e+00  9.64970036e-01  1.81199608e+00  3.29697898e+01  1.37022526e+00  5.17099307e+00 
 3.40000000e-01  3.40000000e-01  1.48000000e+00  1.17804057e-03  1.34161593e+00  1.70453329e+00  9.64970036e-01  1.81199608e+00  3.29697898e+01  1.37022526e+00  5.17099307e+00 
 3.50000000e-01  3.50000000e-01  1.48000000e+00  1.20367850e-03  1.34161593e+00  1.70453329e+00  9.64970036e-01  1.81199608e+00  3.29697898e+01  1.37022526e+00  5.17099307e+00 
 3.60000000e-01  3.60000000e-01  1.48000000e+00  1.22878977e-03  1.34161593e+00  1.70453329e+00  9.64970036e-01  1.81199608e+00  3.29697898e+01  1.37022526e+00  5.17099307e+00 
 3.70000000e-01  3.70000000e-01  1.48000000e+00  1.25337467e-03  1.34161593e+00  1.70453329e+00  9.64970036e-01  1.81199608e+00  3.29697898e+01  1.37022526e+00  5.17099307e+00 
 3.80000000e-01  3.80000000e-01  1.48000000e+00  1.27743372e-03  1.34161593e+00  1.70453329e+00  9.64970036e-01  1.81199608e+00  3.29697898e+01  1.37022526e+00  5.17099307e+00 
 3.90000000e-01  3.90000000e-01  1.48000000e+00  1.30096775e-03  1.34161593e+00  1.70453329e+00  9.64970036e-01  1.81199608e+00  3.29697898e+01  1.37022526e+00  5.17099307e+00 
 4.00000000e-01  4.00000000e-01  1.48000000e+00  1.32397788e-03  1.34161593e+00  1.70453329e+00  9.64970036e-01  1.81199608e+00  3.29697898e+01  1.37022526e+00  5.17099307e+00 
 4.10000000e-01  4.10000000e-01  1.48000000e+00  1.34646557e-03  1.34161593e+00  1.70453329e+00  9.64970036e-01  1.81199608e+00  3.29697898e+01  1.37022526e+00  5.17099307e+00 
 4.20000000e-01  4.20000000e-01  1.48000000e+00  1.36843265e-03  1.34161593e+00  1.70453329e+00  9.64970036e-01  1.81199608e+00  3.29697898e+01  1.37022526e+00  5.17099307e+00 
 4.30000000e-01  4.30000000e-01  1.48000000e+00  1.38988133e-03  1.34161593e+00  1.70453329e+00  9.64970036e-01  1.81199608e+00  3.29697898e+01  1.37022526e+00  5.17099307e+00 
 4.40000000e-01  4.40000000e-01  1.48000000e+00  1.41081422e-03  1.34161593e+00  1.70453329e+00  9.64970036e-01  1.81199608e+00  3.29697898e+01  1.37022526e+00  5.17099307e+00 
 4.50000000e-01  4.50000000e-01  1.48000000e+00  1.43123438e-03  1.34161593e+00  1.70453329e+00  9.64970036e-01  1.81199608e+00  3.29697898e+01  1.37022526e+00  5.17099307e+00 
 4.60000000e-01  4.60000000e-01  1.48000000e+00  1.45114530e-03  1.34161593e+00  1.70453329e+00  9.64970036e-01  1.81199608e+00  3.29697898e+01  1.37022526e+00  5.17099307e+00 
 4.70000000e-01  4.70000000e-01  1.48000000e+00  1.47055097e-03  1.34161593e+00  1.70453329e+00  9.64970036e-01  1.81199608e+00  3.29697898e+01  1.37022526e+00  5.17099307e+00 
 4.80000000e-01  4.80000000e-01  1.48000000e+00  1.48945584e-03  1.34161593e+00  1.70453329e+00  9.64970036e-01  1.81199608e+00  3.29697898e+01  1.37022526e+00  5.17099307e+00 
 4.90000000e-01  4.90000000e-01  1.48000000e+00  1.50786490e-03  1.34161593e+00  1.70453329e+00  9.64970036e-01  1.81199608e+00  3.29697898e+01  1.37022526e+00  5.17099307e+00 
 5.00000000e-01  5.00000000e-01  1.48000000e+00  1.52578361e-03  1.34161593e+00  1.70453329e+00  9.64970036e-01  1.81199608e+00  3.29697898e+01  1.37022526e+00  5.17099307e+00 
 5.10000000e-01  5.10000000e-01  1.48000000e+00  1.54321799e-03  1.34161593e+00  1.70453329e+00  9.64970036e-01  1.81199608e+00  3.29697898e+01  1.37022526e+00  5.17099307e+00 
 5.20000000e-01  5.20000000e-01  1.48000000e+00  1.56017454e-03  1.34161593e+00  1.70453329e+00  9.64970036e-01  1.81199608e+00  3.29697898e+01  1.37022526e+00  5.17099307e+00 
 5.30000000e-01  5.30000000e-01  1.48000000e+00  1.57666031e-03  1.34161593e+00  1.70453329e+00  9.64970036e-01  1.81199608e+00  3.29697898e+01  1.37022526e+00  5.17099307e+00 
 5.40000000e-01  5.40000000e-01  1.48000000e+00  1.59268284e-03  1.34161593e+00  1.70453329e+00  9.64970036e-01  1.81199608e+00  3.29697898e+01  1.37022526e+00  5.17099307e+00 
 5.50000000e-01  5.50000000e-01  1.48000000e+00  1.60825015e-03  1.34161593e+00  1.70453329e+00  9.64970036e-01  1.81199608e+00  3.29697898e+01  1.37022526e+00  5.17099307e+00 
 5.60000000e-01  5.60000000e-01  1.48000000e+00  1.62337076e-03  1.34161593e+00  1.70453329e+00  9.64970036e-01  1.81199608e+00  3.29697898e+01  1.37022526e+00  5.17099307e+00 
 5.70000000e-01  5.70000000e-01  1.48000000e+00  1.63805361e-03  1.34161593e+00  1.70453329e+00  9.64970036e-01  1.81199608e+00  3.29697898e+01  1.37022526e+00  5.17099307e+00 
 5.80000000e-01  5.80000000e-01  1.48000000e+00  1.65230806e-03  1.34161593e+00  1.70453329e+00  9.64970036e-01  1.81199608e+00  3.29697898e+01  1.37022526e+00  5.17099307e+00 
 5.90000000e-01  5.90000000e-01  1.48000000e+00  1.66614388e-03  1.34161593e+00  1.70453329e+00  9.64970036e-01  1.81199608e+00  3.29697898e+01  1.37022526e+00  5.17099307e+00 
 6.00000000e-01  6.00000000e-01  1.48000000e+00  1.67957116e-03  1.34161593e+00  1.70453329e+00  9.64970036e-01  1.81199608e+00  3.29697898e+01  1.37022526e+00  5.17099307e+00 
 6.10000000e-01  6.10000000e-01  1.48000000e+00  1.69260028e-03  1.34161593e+00  1.70453329e+00  9.64970036e-01  1.81199608e+00  3.29697898e+01  1.37022526e+00  5.17099307e+00 
 6.20000000e-01  6.20000000e-01  1.48000000e+00  1.70524191e-03  1.34161593e+00  1.70453329e+00  9.64970036e-01  1.81199608e+00  3.29697898e+01  1.37022526e+00  5.17099307e+00 
 6.30000000e-01  6.30000000e-01  1.48000000e+00  1.71750691e-03  1.34161593e+00  1.70453329e+00  9.64970036e-01  1.81199608e+00  3.29697898e+01  1.37022526e+00  5.17099307e+00 
 6.40000000e-01  6.40000000e-01  1.48000000e+00  1.72940631e-03  1.34161593e+00  1.70453329e+00  9.64970036e-01  1.81199608e+00  3.29697898e+01  1.37022526e+00  5.17099307e+00 
 6.50000000e-01  6.50000000e-01  1.48000000e+00  1.74095126e-03  1.34161593e+00  1.70453329e+00  9.64970036e-01  1.81199608e+00  3.29697898e+01  1.37022526e+00  5.17099307e+00 
 6.60000000e-01  6.60000000e-01  1.48000000e+00  1.75215299e-03  1.34161593e+00  1.70453329e+00  9.64970036e-01  1.81199608e+00  3.29697898e+01  1.37022526e+00  5.17099307e+00 
 6.70000000e-01  6.70000000e-01  1.48000000e+00  1.76302273e-03  1.34161593e+00  1.70453329e+00  9.64970036e-01  1.81199608e+00  3.29697898e+01  1.37022526e+00  5.17099307e+00 
 6.80000000e-01  6.80000000e-01  1.48000000e+00  1.77357170e-03  1.34161593e+00  1.70453329e+00  9.64970036e-01  1.81199608e+00  3.29697898e+01  1.37022526e+00  5.17099307e+00 
 6.90000000e-01  6.90000000e-01  1.48000000e+00  1.78381108e-03  1.34161593e+00  1.70453329e+00  9.64970036e-01  1.81199608e+00  3.29697898e+01  1.37022526e+00  5.17099307e+00 
 7.00000000e-01  7.00000000e-01  1.48000000e+00  1.79375191e-03  1.34161593e+00  1.70453329e+00  9.64970036e-01  1.81199608e+00  3.29697898e+01  1.37022526e+00  5.17099307e+00 
 7.10000000e-01  7.10000000e-01  1.48000000e+00  1.80340512e-03  1.34161593e+00  1.70453329e+00  9.64970036e-01  1.81199608e+00  3.29697898e+01  1.37022526e+00  5.17099307e+00 
 7.20000000e-01  7.20000000e-01  1.48000000e+00  1.81278147e-03  1.34161593e+00  1.70453329e+00  9.64970036e-01  1.81199608e+00  3.29697898e+01  1.37022526e+00  5.17099307e+00 
 7.30000000e-01  7.30000000e-01  1.48000000e+00  1.82189150e-03  1.34161593e+00  1.70453329e+00  9.64970036e-01  1.81199608e+00  3.29697898e+01  1.37022526e+00  5.17099307e+00 
 7.40000000e-01  7.40000000e-01  1.48000000e+00  1.83074555e-03  1.34161593e+00  1.70453329e+00  9.64970036e-01  1.81199608e+00  3.29697898e+01  1.37022526e+00  5.17099307e+00 
 7.50000000e-01  7.50000000e-01  1.48000000e+00  1.83935371e-03  1.34161593e+00  1.70453329e+00  9.64970036e-01  1.81199608e+00  3.29697898e+01  1.37022526e+00  5.17099307e+00 
 7.60000000e-01  7.60000000e-01  1.48000000e+00  1.84772578e-03  1.34161593e+00  1.70453329e+00  9.64970036e-01  1.81199608e+00  3.29697898e+01  1.37022526e+00  5.17099307e+00 
 7.70000000e-01  7.70000000e-01  1.48000000e+00  1.85587132e-03  1.34161593e+00  1.70453329e+00  9.64970036e-01  1.81199608e+00  3.29697898e+01  1.37022526e+00  5.17099307e+00 
 7.80000000e-01  7.80000000e-01  1.48000000e+00  1.86379956e-03  1.34161593e+00  1.70453329e+00  9.64970036e-01  1.81199608e+00  3.29697898e+01  1.37022526e+00  5.17099307e+00 
 7.90000000e-01  7.90000000e-01  1.48000000e+00  1.87151945e-03  1.34161593e+00  1.70453329e+00  9.64970036e-01  1.81199608e+00  3.29697898e+01  1.37022526e+00  5.17099307e+00 
 8.00000000e-01  8.00000000e-01  1.48000000e+00  1.87903965e-03  1.34161593e+00  1.70453329e+00  9.64970036e-01  1.81199608e+00  3.29697898e+01  1.37022526e+00  5.17099307e+00 
 8.10000000e-01  8.10000000e-01  1.48000000e+00  1.88636847e-03  1.34161593e+00  1.70453329e+00  9.64970036e-01  1.81199608e+00  3.29697898e+01  1.37022526e+00  5.17099307e+00 
 8.20000000e-01  8.20000000e-01  1.48000000e+00  1.89351395e-03  1.34161593e+00  1.70453329e+00  9.64970036e-01  1.81199608e+00  3.29697898e+01  1.37022526e+00  5.17099307e+00 
 8.30000000e-01  8.30000000e-01  1.48000000e+00  1.90048380e-03  1.34161593e+00  1.70453329e+00  9.64970036e-01  1.81199608e+00  3.29697898e+01  1.37022526e+00  5.17099307e+00 
 8.40000000e-01  8.40000000e-01  1.48000000e+00  1.90728542e-03  1.34161593e+00  1.70453329e+00  9.64970036e-01  1.81199608e+00  3.29697898e+01  1.37022526e+00  5.17099307e+00 
 8.50000000e-01  8.50000000e-01  1.48000000e+00  1.91392592e-03  1.34161593e+00  1.70453329e+00  9.64970036e-01  1.81199608e+00  3.29697898e+01  1.37022526e+00  5.17099307e+00 
 8.60000000e-01  8.60000000e-01  1.48000000e+00  1.92041211e-03  1.34161593e+00  1.70453329e+00  9.64970036e-01  1.81199608e+00  3.29697898e+01  1.37022526e+00  5.17099307e+00 
 8.70000000e-01  8.70000000e-01  1.48000000e+00  1.92675049e-03  1.34161593e+00  1.70453329e+00  9.64970036e-01  1.81199608e+00  3.29697898e+01  1.37022526e+00  5.17099307e+00 
 8.80000000e-01  8.80000000e-01  1.48000000e+00  1.93294732e-03  1.34161593e+00  1.70453329e+00  9.64970036e-01  1.81199608e+00  3.29697898e+01  1.37022526e+00  5.17099307e+00 
 8.90000000e-01  8.90000000e-01  1.48000000e+00  1.93900853e-03  1.34161593e+00  1.70453329e+00  9.64970036e-01  1.81199608e+00  3.29697898e+01  1.37022526e+00  5.17099307e+00 
 9.00000000e-01  9.00000000e-01  1.48000000e+00  1.94493984e-03  1.34161593e+00  1.70453329e+00  9.64970036e-01  1.81199608e+00  3.29697898e+01  1.37022526e+00  5.17099307e+00 
 9.10000000e-01  9.10000000e-01  1.48000000e+00  1.95074666e-03  1.34161593e+00  1.70453329e+00  9.64970036e-01  1.81199608e+00  3.29697898e+01  1.37022526e+00  5.17099307e+00 
 9.20000000e-01  9.20000000e-01  1.48000000e+00  1.95643419e-03  1.34161593e+00  1.70453329e+00  9.64970036e-01  1.81199608e+00  3.29697898e+01  1.37022526e+00  5.17099307e+00 
 9.30000000e-01  9.30000000e-01  1.48000000e+00  1.96200737e-03  1.34161593e+00  1.70453329e+00  9.64970036e-01  1.81199608e+00  3.29697898e+01  1.37022526e+00  5.17099307e+00 
 9.40000000e-01  9.40000000e-01  1.48000000e+00  1.96747093e-03  1.34161593e+00  1.70453329e+00  9.64970036e-01  1.81199608e+00  3.29697898e+01  1.37022526e+00  5.17099307e+00 
 9.50000000e-01  9.50000000e-01  1.48000000e+00  1.97282936e-03  1.34161593e+00  1.70453329e+00  9.64970036e-01  1.81199608e+00  3.29697898e+01  1.37022526e+00  5.17099307e+00 
 9.60000000e-01  9.60000000e-01  1.48000000e+00  1.97808695e-03  1.34161593e+00  1.70453329e+00  9.64970036e-01  1.81199608e+00  3.29697898e+01  1.37022526e+00  5.17099307e+00 
 9.70000000e-01  9.70000000e-01  1.48000000e+00  1.98324778e-03  1.34161593e+00  1.70453329e+00  9.64970036e-01  1.81199608e+00  3.29697898e+01  1.37022526e+00  5.17099307e+00 
 9.80000000e-01  9.80000000e-01  1.48000000e+00  1.98831576e-03  1.34161593e+00  1.70453329e+00  9.64970036e-01  1.81199608e+00  3.29697898e+01  1.37022526e+00  5.17099307e+00 
 9.90000000e-01  9.90000000e-01  1.48000000e+00  1.99329458e-03  1.34161593e+00  1.70453329e+00  9.64970036e-01  1.81199608e+00  3.29697898e+01  1.37022526e+00  5.17099307e+00 
 1.00000000e+00  1.00000000e+00  1.48000000e+00  1.99818780e-03  1.34161593e+00  1.70453329e+00  9.64970036e-01  1.81199608e+00  3.29697898e+01  1.37022526e+00  5.17099307e+00 
 1.01000000e+00  1.01000000e+00  1.48000000e+00  2.00299878e-03  1.34161593e+00  1.70453329e+00  9.64970036e-01  1.81199608e+00  3.29697898e+01  1.37022526e+00  5.17099307e+00 
 1.02000000e+00  1.02000000e+00  1.48000000e+00  2.00773073e-03  1.34161593e+00  1.70453329e+00  9.64970036e-01  1.81199608e+00  3.29697898e+01  1.37022526e+00  5.17099307e+00 
 1.03000000e+00  1.03000000e+00  1.48000000e+00  2.01238672e-03  1.34161593e+00  1.70453329e+00  9.64970036e-01  1.81199608e+00  3.29697898e+01  1.37022526e+00  5.17099307e+00 
 1.04000000e+00  1.04000000e+00  1.48000000e+00  2.01696965e-03  1.34161593e+00  1.70453329e+00  9.64970036e-01  1.81199608e+00  3.29697898e+01  1.37022526e+00  5.17099307e+00 
 1.05000000e+00  1.05000000e+00  1.48000000e+00  2.02148233e-03  1.34161593e+00  1.70453329e+00  9.64970036e-01  1.81199608e+00  3.29697898e+01  1.37022526e+00  5.17099307e+00 
 1.06000000e+00  1.06000000e+00  1.48000000e+00  2.02592738e-03  1.34161593e+00  1.70453329e+00  9.64970036e-01  1.81199608e+00  3.29697898e+01  1.37022526e+00  5.17099307e+00 
 1.07000000e+00  1.07000000e+00  1.48000000e+00  2.03030736e-03  1.34161593e+00  1.70453329e+00  9.64970036e-01  1.81199608e+00  3.29697898e+01  1.37022526e+00  5.17099307e+00 
 1.08000000e+00  1.08000000e+00  1.48000000e+00  2.03462466e-03  1.34161593e+00  1.70453329e+00  9.64970036e-01  1.81199608e+00  3.29697898e+01  1.37022526e+00  5.17099307e+00 
 1.09000000e+00  1.09000000e+00  1.48000000e+00  2.03888160e-03  1.34161593e+00  1.70453329e+00  9.64970036e-01  1.81199608e+00  3.29697898e+01  1.37022526e+00  5.17099307e+00 
 1.10000000e+00  1.10000000e+00  1.48000000e+00  2.04308036e-03  1.34161593e+00  1.70453329e+00  9.64970036e-01  1.81199608e+00  3.29697898e+01  1.37022526e+00  5.17099307e+00 
 1.11000000e+00  1.11000000e+00  1.48000000e+00  2.04722305e-03  1.34161593e+00  1.70453329e+00  9.64970036e-01  1.81199608e+00  3.29697898e+01  1.37022526e+00  5.17099307e+00 
 1.12000000e+00  1.12000000e+00  1.48000000e+00  2.05131168e-03  1.34161593e+00  1.70453329e+00  9.64970036e-01  1.81199608e+00  3.29697898e+01  1.37022526e+00  5.17099307e+00 
 1.13000000e+00  1.13000000e+00  1.48000000e+00  2.05534814e-03  1.34161593e+00  1.70453329e+00  9.64970036e-01  1.81199608e+00  3.29697898e+01  1.37022526e+00  5.17099307e+00 
 1.14000000e+00  1.14000000e+00  1.48000000e+00  2.05933427e-03  1.34161593e+00  1.70453329e+00  9.64970036e-01  1.81199608e+00  3.29697898e+01  1.37022526e+00  5.17099307e+00 
 1.15000000e+00  1.15000000e+00  1.48000000e+00  2.06327182e-03  1.34161593e+00  1.70453329e+00  9.64970036e-01  1.81199608e+00  3.29697898e+01  1.37022526e+00  5.17099307e+00 
 1.16000000e+00  1.16000000e+00  1.48000000e+00  2.06716246e-03  1.34161593e+00  1.70453329e+00  9.64970036e-01  1.81199608e+00  3.29697898e+01  1.37022526e+00  5.17099307e+00 
 1.17000000e+00  1.17000000e+00  1.48000000e+00  2.07100778e-03  1.34161593e+00  1.70453329e+00  9.64970036e-01  1.81199608e+00  3.29697898e+01  1.37022526e+00  5.17099307e+00 
 1.18000000e+00  1.18000000e+00  1.48000000e+00  2.07480931e-03  1.34161593e+00  1.70453329e+00  9.64970036e-01  1.81199608e+00  3.29697898e+01  1.37022526e+00  5.17099307e+00 
 1.19000000e+00  1.19000000e+00  1.48000000e+00  2.07856850e-03  1.34161593e+00  1.70453329e+00  9.64970036e-01  1.81199608e+00  3.29697898e+01  1.37022526e+00  5.17099307e+00 
 1.20000000e+00  1.20000000e+00  1.48000000e+00  2.08228677e-03  1.34161593e+00  1.70453329e+00  9.64970036e-01  1.81199608e+00  3.29697898e+01  1.37022526e+00  5.17099307e+00 
 1.21000000e+00  1.21000000e+00  1.48000000e+00  2.08596545e-03  1.34161593e+00  1.70453329e+00  9.64970036e-01  1.81199608e+00  3.29697898e+01  1.37022526e+00  5.17099307e+00 
 1.22000000e+00  1.22000000e+00  1.48000000e+00  2.08960582e-03  1.34161593e+00  1.70453329e+00  9.64970036e-01  1.81199608e+00  3.29697898e+01  1.37022526e+00  5.17099307e+00 
 1.23000000e+00  1.23000000e+00  1.48000000e+00  2.09320910e-03  1.34161593e+00  1.70453329e+00  9.64970036e-01  1.81199608e+00  3.29697898e+01  1.37022526e+00  5.17099307e+00 
 1.24000000e+00  1.24000000e+00  1.48000000e+00  2.09677649e-03  1.34161593e+00  1.70453329e+00  9.64970036e-01  1.81199608e+00  3.29697898e+01  1.37022526e+00  5.17099307e+00 
 1.25000000e+00  1.25000000e+00  1.48000000e+00  2.10030910e-03  1.34161593e+00  1.70453329e+00  9.64970036e-01  1.81199608e+00  3.29697898e+01  1.37022526e+00  5.17099307e+00 
 1.26000000e+00  1.26000000e+00  1.48000000e+00  2.10380803e-03  1.34161593e+00  1.70453329e+00  9.64970036e-01  1.81199608e+00  3.29697898e+01  1.37022526e+00  5.17099307e+00 
 1.27000000e+00  1.27000000e+00  1.48000000e+00  2.10727430e-03  1.34161593e+00  1.70453329e+00  9.64970036e-01  1.81199608e+00  3.29697898e+01  1.37022526e+00  5.17099307e+00 
 1.28000000e+00  1.28000000e+00  1.48000000e+00  2.11070893e-03  1.34161593e+00  1.70453329e+00  9.64970036e-01  1.81199608e+00  3.29697898e+01  1.37022526e+00  5.17099307e+00 
 1.29000000e+00  1.29000000e+00  1.48000000e+00  2.11411285e-03  1.34161593e+00  1.70453329e+00  9.64970036e-01  1.81199608e+00  3.29697898e+01  1.37022526e+00  5.17099307e+00 
 1.30000000e+00  1.30000000e+00  1.48000000e+00  2.11748700e-03  1.34161593e+00  1.70453329e+00  9.64970036e-01  1.81199608e+00  3.29697898e+01  1.37022526e+00  5.17099307e+00 
 1.31000000e+00  1.31000000e+00  1.48000000e+00  2.12083226e-03  1.34161593e+00  1.70453329e+00  9.64970036e-01  1.81199608e+00  3.29697898e+01  1.37022526e+00  5.17099307e+00 
 1.32000000e+00  1.32000000e+00  1.48000000e+00  2.12414948e-03  1.34161593e+00  1.70453329e+00  9.64970036e-01  1.81199608e+00  3.29697898e+01  1.37022526e+00  5.17099307e+00 
 1.33000000e+00  1.33000000e+00  1.48000000e+00  2.12743947e-03  1.34161593e+00  1.70453329e+00  9.64970036e-01  1.81199608e+00  3.29697898e+01  1.37022526e+00  5.17099307e+00 
 1.34000000e+00  1.34000000e+00  1.48000000e+00  2.13070302e-03  1.34161593e+00  1.70453329e+00  9.64970036e-01  1.81199608e+00  3.29697898e+01  1.37022526e+00  5.17099307e+00 
 1.35000000e+00  1.35000000e+00  1.48000000e+00  2.13394089e-03  1.34161593e+00  1.70453329e+00  9.64970036e-01  1.81199608e+00  3.29697898e+01  1.37022526e+00  5.17099307e+00 
 1.36000000e+00  1.36000000e+00  1.48000000e+00  2.13715379e-03  1.34161593e+00  1.70453329e+00  9.64970036e-01  1.81199608e+00  3.29697898e+01  1.37022526e+00  5.17099307e+00 
 1.37000000e+00  1.37000000e+00  1.48000000e+00  2.14034244e-03  1.34161593e+00  1.70453329e+00  9.64970036e-01  1.81199608e+00  3.29697898e+01  1.37022526e+00  5.17099307e+00 
 1.38000000e+00  1.38000000e+00  1.48000000e+00  2.14350749e-03  1.34161593e+00  1.70453329e+00  9.64970036e-01  1.81199608e+00  3.29697898e+01  1.37022526e+00  5.17099307e+00 
 1.39000000e+00  1.39000000e+00  1.48000000e+00  2.14664961e-03  1.34161593e+00  1.70453329e+00  9.64970036e-01  1.81199608e+00  3.29697898e+01  1.37022526e+00  5.17099307e+00 
 1.40000000e+00  1.40000000e+00  1.48000000e+00  2.14976942e-03  1.34161593e+00  1.70453329e+00  9.64970036e-01  1.81199608e+00  3.29697898e+01  1.37022526e+00  5.17099307e+00 
 1.41000000e+00  1.41000000e+00  1.48000000e+00  2.15286752e-03  1.34161593e+00  1.70453329e+00  9.64970036e-01  1.81199608e+00  3.29697898e+01  1.37022526e+00  5.17099307e+00 
 1.42000000e+00  1.42000000e+00  1.48000000e+00  2.15594449e-03  1.34161593e+00  1.70453329e+00  9.64970036e-01  1.81199608e+00  3.29697898e+01  1.37022526e+00  5.17099307e+00 
 1.43000000e+00  1.43000000e+00  1.48000000e+00  2.15900089e-03  1.34161593e+00  1.70453329e+00  9.64970036e-01  1.81199608e+00  3.29697898e+01  1.37022526e+00  5.17099307e+00 
 1.44000000e+00  1.44000000e+00  1.48000000e+00  2.16203726e-03  1.34161593e+00  1.70453329e+00  9.64970036e-01  1.81199608e+00  3.29697898e+01  1.37022526e+00  5.17099307e+00 
 1.45000000e+00  1.45000000e+00  1.48000000e+00  2.16505412e-03  1.34161593e+00  1.70453329e+00  9.64970036e-01  1.81199608e+00  3.29697898e+01  1.37022526e+00  5.17099307e+00 
 1.46000000e+00  1.46000000e+00  1.48000000e+00  2.16805199e-03  1.34161593e+00  1.70453329e+00  9.64970036e-01  1.81199608e+00  3.29697898e+01  1.37022526e+00  5.17099307e+00 
 1.47000000e+00  1.47000000e+00  1.48000000e+00  2.17103133e-03  1.34161593e+00  1.70453329e+00  9.64970036e-01  1.81199608e+00  3.29697898e+01  1.37022526e+00  5.17099307e+00 
 1.48000000e+00  1.48000000e+00  1.48000000e+00  2.17399263e-03  1.34161593e+00  1.70453329e+00  9.64970036e-01  1.81199608e+00  3.29697898e+01  1.37022526e+00  5.17099307e+00 
 1.49000000e+00  1.49000000e+00  1.48000000e+00  2.17693633e-03  1.34161593e+00  1.70453329e+00  9.64970036e-01  1.81199608e+00  3.29697898e+01  1.37022526e+00  5.17099307e+00 
 1.50000000e+00  1.50000000e+00  1.48000000e+00  2.17986288e-03  1.34161593e+00  1.70453329e+00  9.64970036e-01  1.81199608e+00  3.29697898e+01  1.37022526e+00  5.17099307e+00 
 1.51000000e+00  1.51000000e+00  1.48000000e+00  2.18277269e-03  1.34161593e+00  1.70453329e+00  9.64970036e-01  1.81199608e+00  3.29697898e+01  1.37022526e+00  5.17099307e+00 
 1.52000000e+00  1.52000000e+00  1.48000000e+00  2.18566618e-03  1.34161593e+00  1.70453329e+00  9.64970036e-01  1.81199608e+00  3.29697898e+01  1.37022526e+00  5.17099307e+00 
 1.53000000e+00  1.53000000e+00  1.48000000e+00  2.18854375e-03  1.34161593e+00  1.70453329e+00  9.64970036e-01  1.81199608e+00  3.29697898e+01  1.37022526e+00  5.17099307e+00 
 1.54000000e+00  1.54000000e+00  1.48000000e+00  2.19140578e-03  1.34161593e+00  1.70453329e+00  9.64970036e-01  1.81199608e+00  3.29697898e+01  1.37022526e+00  5.17099307e+00 
 1.55000000e+00  1.55000000e+00  1.48000000e+00  2.19425263e-03  1.34161593e+00  1.70453329e+00  9.64970036e-01  1.81199608e+00  3.29697898e+01  1.37022526e+00  5.17099307e+00 
 1.56000000e+00  1.56000000e+00  1.48000000e+00  2.19708467e-03  1.34161593e+00  1.70453329e+00  9.64970036e-01  1.81199608e+00  3.29697898e+01  1.37022526e+00  5.17099307e+00 
 1.57000000e+00  1.57000000e+00  1.48000000e+00  2.19990225e-03  1.34161593e+00  1.70453329e+00  9.64970036e-01  1.81199608e+00  3.29697898e+01  1.37022526e+00  5.17099307e+00 
 1.58000000e+00  1.58000000e+00  1.48000000e+00  2.20270570e-03  1.34161593e+00  1.70453329e+00  9.64970036e-01  1.81199608e+00  3.29697898e+01  1.37022526e+00  5.17099307e+00 
 1.59000000e+00  1.59000000e+00  1.48000000e+00  2.20549535e-03  1.34161593e+00  1.70453329e+00  9.64970036e-01  1.81199608e+00  3.29697898e+01  1.37022526e+00  5.17099307e+00 
 1.60000000e+00  1.60000000e+00  1.48000000e+00  2.20827152e-03  1.34161593e+00  1.70453329e+00  9.64970036e-01  1.81199608e+00  3.29697898e+01  1.37022526e+00  5.17099307e+00 
 1.61000000e+00  1.61000000e+00  1.48000000e+00  2.21103451e-03  1.34161593e+00  1.70453329e+00  9.64970036e-01  1.81199608e+00  3.29697898e+01  1.37022526e+00  5.17099307e+00 
 1.62000000e+00  1.62000000e+00  1.48000000e+00  2.21378461e-03  1.34161593e+00  1.70453329e+00  9.64970036e-01  1.81199608e+00  3.29697898e+01  1.37022526e+00  5.17099307e+00 
 1.63000000e+00  1.63000000e+00  1.48000000e+00  2.21652213e-03  1.34161593e+00  1.70453329e+00  9.64970036e-01  1.81199608e+00  3.29697898e+01  1.37022526e+00  5.17099307e+00 
 1.64000000e+00  1.64000000e+00  1.48000000e+00  2.21924733e-03  1.34161593e+00  1.70453329e+00  9.64970036e-01  1.81199608e+00  3.29697898e+01  1.37022526e+00  5.17099307e+00 
 1.65000000e+00  1.65000000e+00  1.48000000e+00  2.22196049e-03  1.34161593e+00  1.70453329e+00  9.64970036e-01  1.81199608e+00  3.29697898e+01  1.37022526e+00  5.17099307e+00 
 1.66000000e+00  1.66000000e+00  1.48000000e+00  2.22466187e-03  1.34161593e+00  1.70453329e+00  9.64970036e-01  1.81199608e+00  3.29697898e+01  1.37022526e+00  5.17099307e+00 
 1.67000000e+00  1.67000000e+00  1.48000000e+00  2.22735173e-03  1.34161593e+00  1.70453329e+00  9.64970036e-01  1.81199608e+00  3.29697898e+01  1.37022526e+00  5.17099307e+00 
 1.68000000e+00  1.68000000e+00  1.48000000e+00  2.23003032e-03  1.34161593e+00  1.70453329e+00  9.64970036e-01  1.81199608e+00  3.29697898e+01  1.37022526e+00  5.17099307e+00 
 1.69000000e+00  1.69000000e+00  1.48000000e+00  2.23269787e-03  1.34161593e+00  1.70453329e+00  9.64970036e-01  1.81199608e+00  3.29697898e+01  1.37022526e+00  5.17099307e+00 
 1.70000000e+00  1.70000000e+00  1.48000000e+00  2.23535462e-03  1.34161593e+00  1.70453329e+00  9.64970036e-01  1.81199608e+00  3.29697898e+01  1.37022526e+00  5.17099307e+00 
 1.71000000e+00  1.71000000e+00  1.48000000e+00  2.23800081e-03  1.34161593e+00  1.70453329e+00  9.64970036e-01  1.81199608e+00  3.29697898e+01  1.37022526e+00  5.17099307e+00 
 1.72000000e+00  1.72000000e+00  1.48000000e+00  2.24063664e-03  1.34161593e+00  1.70453329e+00  9.64970036e-01  1.81199608e+00  3.29697898e+01  1.37022526e+00  5.17099307e+00 
 1.73000000e+00  1.73000000e+00  1.48000000e+00  2.24326234e-03  1.34161593e+00  1.70453329e+00  9.64970036e-01  1.81199608e+00  3.29697898e+01  1.37022526e+00  5.17099307e+00 
 1.74000000e+00  1.74000000e+00  1.48000000e+00  2.24587811e-03  1.34161593e+00  1.70453329e+00  9.64970036e-01  1.81199608e+00  3.29697898e+01  1.37022526e+00  5.17099307e+00 
 1.75000000e+00  1.75000000e+00  1.48000000e+00  2.24848416e-03  1.34161593e+00  1.70453329e+00  9.64970036e-01  1.81199608e+00  3.29697898e+01  1.37022526e+00  5.17099307e+00 
 1.76000000e+00  1.76000000e+00  1.48000000e+00  2.25108069e-03  1.34161593e+00  1.70453329e+00  9.64970036e-01  1.81199608e+00  3.29697898e+01  1.37022526e+00  5.17099307e+00 
 1.77000000e+00  1.77000000e+00  1.48000000e+00  2.25366789e-03  1.34161593e+00  1.70453329e+00  9.64970036e-01  1.81199608e+00  3.29697898e+01  1.37022526e+00  5.17099307e+00 
 1.78000000e+00  1.78000000e+00  1.48000000e+00  2.25624595e-03  1.34161593e+00  1.70453329e+00  9.64970036e-01  1.81199608e+00  3.29697898e+01  1.37022526e+00  5.17099307e+00 
 1.79000000e+00  1.79000000e+00  1.48000000e+00  2.25881506e-03  1.34161593e+00  1.70453329e+00  9.64970036e-01  1.81199608e+00  3.29697898e+01  1.37022526e+00  5.17099307e+00 
 1.80000000e+00  1.80000000e+00  1.48000000e+00  2.26137538e-03  1.34161593e+00  1.70453329e+00  9.64970036e-01  1.81199608e+00  3.29697898e+01  1.37022526e+00  5.17099307e+00 
 1.81000000e+00  1.81000000e+00  1.48000000e+00  2.26392710e-03  1.34161593e+00  1.70453329e+00  9.64970036e-01  1.81199608e+00  3.29697898e+01  1.37022526e+00  5.17099307e+00 
 1.82000000e+00  1.82000000e+00  1.48000000e+00  2.26647039e-03  1.34161593e+00  1.70453329e+00  9.64970036e-01  1.81199608e+00  3.29697898e+01  1.37022526e+00  5.17099307e+00 
 1.83000000e+00  1.83000000e+00  1.48000000e+00  2.26900542e-03  1.34161593e+00  1.70453329e+00  9.64970036e-01  1.81199608e+00  3.29697898e+01  1.37022526e+00  5.17099307e+00 
 1.84000000e+00  1.84000000e+00  1.48000000e+00  2.27153234e-03  1.34161593e+00  1.70453329e+00  9.64970036e-01  1.81199608e+00  3.29697898e+01  1.37022526e+00  5.17099307e+00 
 1.85000000e+00  1.85000000e+00  1.48000000e+00  2.27405132e-03  1.34161593e+00  1.70453329e+00  9.64970036e-01  1.81199608e+00  3.29697898e+01  1.37022526e+00  5.17099307e+00 
