 0.00000000e+00  0.00000000e+00  1.48000000e+00 -3.77079318e-19  1.28665483e+00  1.78596561e+00  9.06867234e-01  1.82354010e+00  3.13212950e+01  1.26360700e+00  5.60003901e+00 
 1.00000000e-02  1.00000000e-02  1.48000000e+00  4.66421706e-05  1.28665483e+00  1.78596561e+00  9.06867234e-01  1.82354010e+00  3.13212950e+01  1.26360700e+00  5.60003901e+00 
 2.00000000e-02  2.00000000e-02  1.48000000e+00  9.27816171e-05  1.28665483e+00  1.78596561e+00  9.06867234e-01  1.82354010e+00  3.13212950e+01  1.26360700e+00  5.60003901e+00 
 3.00000000e-02  3.00000000e-02  1.48000000e+00  1.38416491e-04  1.28665483e+00  1.78596561e+00  9.06867234e-01  1.82354010e+00  3.13212950e+01  1.26360700e+00  5.60003901e+00 
 4.00000000e-02  4.00000000e-02  1.48000000e+00  1.83544934e-04  1.28665483e+00  1.78596561e+00  9.06867234e-01  1.82354010e+00  3.13212950e+01  1.26360700e+00  5.60003901e+00 
 5.00000000e-02  5.00000000e-02  1.48000000e+00  2.28165078e-04  1.28665483e+00  1.78596561e+00  9.06867234e-01  1.82354010e+00  3.13212950e+01  1.26360700e+00  5.60003901e+00 
 6.00000000e-02  6.00000000e-02  1.48000000e+00  2.72275049e-04  1.28665483e+00  1.78596561e+00  9.06867234e-01  1.82354010e+00  3.13212950e+01  1.26360700e+00  5.60003901e+00 
 7.00000000e-02  7.00000000e-02  1.48000000e+00  3.15872962e-04  1.28665483e+00  1.78596561e+00  9.06867234e-01  1.82354010e+00  3.13212950e+01  1.26360700e+00  5.60003901e+00 
 8.00000000e-02  8.00000000e-02  1.48000000e+00  3.58956927e-04  1.28665483e+00  1.78596561e+00  9.06867234e-01  1.82354010e+00  3.13212950e+01  1.26360700e+00  5.60003901e+00 
 9.00000000e-02  9.00000000e-02  1.48000000e+00  4.01525046e-04  1.28665483e+00  1.78596561e+00  9.06867234e-01  1.82354010e+00  3.13212950e+01  1.26360700e+00  5.60003901e+00 
 1.00000000e-01  1.00000000e-01  1.48000000e+00  4.43575416e-04  1.28665483e+00  1.78596561e+00  9.06867234e-01  1.82354010e+00  3.13212950e+01  1.26360700e+00  5.60003901e+00 
 1.10000000e-01  1.10000000e-01  1.48000000e+00  4.85106133e-04  1.28665483e+00  1.78596561e+00  9.06867234e-01  1.82354010e+00  3.13212950e+01  1.26360700e+00  5.60003901e+00 
 1.20000000e-01  1.20000000e-01  1.48000000e+00  5.26115287e-04  1.28665483e+00  1.78596561e+00  9.06867234e-01  1.82354010e+00  3.13212950e+01  1.26360700e+00  5.60003901e+00 
 1.30000000e-01  1.30000000e-01  1.48000000e+00  5.66600971e-04  1.28665483e+00  1.78596561e+00  9.06867234e-01  1.82354010e+00  3.13212950e+01  1.26360700e+00  5.60003901e+00 
 1.40000000e-01  1.40000000e-01  1.48000000e+00  6.06561278e-04  1.28665483e+00  1.78596561e+00  9.06867234e-01  1.82354010e+00  3.13212950e+01  1.26360700e+00  5.60003901e+00 
 1.50000000e-01  1.50000000e-01  1.48000000e+00  6.45994306e-04  1.28665483e+00  1.78596561e+00  9.06867234e-01  1.82354010e+00  3.13212950e+01  1.26360700e+00  5.60003901e+00 
 1.60000000e-01  1.60000000e-01  1.48000000e+00  6.84898162e-04  1.28665483e+00  1.78596561e+00  9.06867234e-01  1.82354010e+00  3.13212950e+01  1.26360700e+00  5.60003901e+00 
 1.70000000e-01  1.70000000e-01  1.48000000e+00  7.23270960e-04  1.28665483e+00  1.78596561e+00  9.06867234e-01  1.82354010e+00  3.13212950e+01  1.26360700e+00  5.60003901e+00 
 1.80000000e-01  1.80000000e-01  1.48000000e+00  7.61110832e-04  1.28665483e+00  1.78596561e+00  9.06867234e-01  1.82354010e+00  3.13212950e+01  1.26360700e+00  5.60003901e+00 
 1.90000000e-01  1.90000000e-01  1.48000000e+00  7.98415929e-04  1.28665483e+00  1.78596561e+00  9.06867234e-01  1.82354010e+00  3.13212950e+01  1.26360700e+00  5.60003901e+00 
 2.00000000e-01  2.00000000e-01  1.48000000e+00  8.35184424e-04  1.28665483e+00  1.78596561e+00  9.06867234e-01  1.82354010e+00  3.13212950e+01  1.26360700e+00  5.60003901e+00 
 2.10000000e-01  2.10000000e-01  1.48000000e+00  8.71414520e-04  1.28665483e+00  1.78596561e+00  9.06867234e-01  1.82354010e+00  3.13212950e+01  1.26360700e+00  5.60003901e+00 
 2.20000000e-01  2.20000000e-01  1.48000000e+00  9.07104456e-04  1.28665483e+00  1.78596561e+00  9.06867234e-01  1.82354010e+00  3.13212950e+01  1.26360700e+00  5.60003901e+00 
 2.30000000e-01  2.30000000e-01  1.48000000e+00  9.42252516e-04  1.28665483e+00  1.78596561e+00  9.06867234e-01  1.82354010e+00  3.13212950e+01  1.26360700e+00  5.60003901e+00 
 2.40000000e-01  2.40000000e-01  1.48000000e+00  9.76857032e-04  1.28665483e+00  1.78596561e+00  9.06867234e-01  1.82354010e+00  3.13212950e+01  1.26360700e+00  5.60003901e+00 
 2.50000000e-01  2.50000000e-01  1.48000000e+00  1.01091640e-03  1.28665483e+00  1.78596561e+00  9.06867234e-01  1.82354010e+00  3.13212950e+01  1.26360700e+00  5.60003901e+00 
 2.60000000e-01  2.60000000e-01  1.48000000e+00  1.04442907e-03  1.28665483e+00  1.78596561e+00  9.06867234e-01  1.82354010e+00  3.13212950e+01  1.26360700e+00  5.60003901e+00 
 2.70000000e-01  2.70000000e-01  1.48000000e+00  1.07739360e-03  1.28665483e+00  1.78596561e+00  9.06867234e-01  1.82354010e+00  3.13212950e+01  1.26360700e+00  5.60003901e+00 
 2.80000000e-01  2.80000000e-01  1.48000000e+00  1.10980862e-03  1.28665483e+00  1.78596561e+00  9.06867234e-01  1.82354010e+00  3.13212950e+01  1.26360700e+00  5.60003901e+00 
 2.90000000e-01  2.90000000e-01  1.48000000e+00  1.14167286e-03  1.28665483e+00  1.78596561e+00  9.06867234e-01  1.82354010e+00  3.13212950e+01  1.26360700e+00  5.60003901e+00 
 3.00000000e-01  3.00000000e-01  1.48000000e+00  1.17298519e-03  1.28665483e+00  1.78596561e+00  9.06867234e-01  1.82354010e+00  3.13212950e+01  1.26360700e+00  5.60003901e+00 
 3.10000000e-01  3.10000000e-01  1.48000000e+00  1.20374460e-03  1.28665483e+00  1.78596561e+00  9.06867234e-01  1.82354010e+00  3.13212950e+01  1.26360700e+00  5.60003901e+00 
 3.20000000e-01  3.20000000e-01  1.48000000e+00  1.23395024e-03  1.28665483e+00  1.78596561e+00  9.06867234e-01  1.82354010e+00  3.13212950e+01  1.26360700e+00  5.60003901e+00 
 3.30000000e-01  3.30000000e-01  1.48000000e+00  1.26360142e-03  1.28665483e+00  1.78596561e+00  9.06867234e-01  1.82354010e+00  3.13212950e+01  1.26360700e+00  5.60003901e+00 
 3.40000000e-01  3.40000000e-01  1.48000000e+00  1.29269765e-03  1.28665483e+00  1.78596561e+00  9.06867234e-01  1.82354010e+00  3.13212950e+01  1.26360700e+00  5.60003901e+00 
 3.50000000e-01  3.50000000e-01  1.48000000e+00  1.32123865e-03  1.28665483e+00  1.78596561e+00  9.06867234e-01  1.82354010e+00  3.13212950e+01  1.26360700e+00  5.60003901e+00 
 3.60000000e-01  3.60000000e-01  1.48000000e+00  1.34922435e-03  1.28665483e+00  1.78596561e+00  9.06867234e-01  1.82354010e+00  3.13212950e+01  1.26360700e+00  5.60003901e+00 
 3.70000000e-01  3.70000000e-01  1.48000000e+00  1.37665496e-03  1.28665483e+00  1.78596561e+00  9.06867234e-01  1.82354010e+00  3.13212950e+01  1.26360700e+00  5.60003901e+00 
 3.80000000e-01  3.80000000e-01  1.48000000e+00  1.40353096e-03  1.28665483e+00  1.78596561e+00  9.06867234e-01  1.82354010e+00  3.13212950e+01  1.26360700e+00  5.60003901e+00 
 3.90000000e-01  3.90000000e-01  1.48000000e+00  1.42985313e-03  1.28665483e+00  1.78596561e+00  9.06867234e-01  1.82354010e+00  3.13212950e+01  1.26360700e+00  5.60003901e+00 
 4.00000000e-01  4.00000000e-01  1.48000000e+00  1.45562256e-03  1.28665483e+00  1.78596561e+00  9.06867234e-01  1.82354010e+00  3.13212950e+01  1.26360700e+00  5.60003901e+00 
 4.10000000e-01  4.10000000e-01  1.48000000e+00  1.48084073e-03  1.28665483e+00  1.78596561e+00  9.06867234e-01  1.82354010e+00  3.13212950e+01  1.26360700e+00  5.60003901e+00 
 4.20000000e-01  4.20000000e-01  1.48000000e+00  1.50550946e-03  1.28665483e+00  1.78596561e+00  9.06867234e-01  1.82354010e+00  3.13212950e+01  1.26360700e+00  5.60003901e+00 
 4.30000000e-01  4.30000000e-01  1.48000000e+00  1.52963099e-03  1.28665483e+00  1.78596561e+00  9.06867234e-01  1.82354010e+00  3.13212950e+01  1.26360700e+00  5.60003901e+00 
 4.40000000e-01  4.40000000e-01  1.48000000e+00  1.55320797e-03  1.28665483e+00  1.78596561e+00  9.06867234e-01  1.82354010e+00  3.13212950e+01  1.26360700e+00  5.60003901e+00 
 4.50000000e-01  4.50000000e-01  1.48000000e+00  1.57624350e-03  1.28665483e+00  1.78596561e+00  9.06867234e-01  1.82354010e+00  3.13212950e+01  1.26360700e+00  5.60003901e+00 
 4.60000000e-01  4.60000000e-01  1.48000000e+00  1.59874116e-03  1.28665483e+00  1.78596561e+00  9.06867234e-01  1.82354010e+00  3.13212950e+01  1.26360700e+00  5.60003901e+00 
 4.70000000e-01  4.70000000e-01  1.48000000e+00  1.62070500e-03  1.28665483e+00  1.78596561e+00  9.06867234e-01  1.82354010e+00  3.13212950e+01  1.26360700e+00  5.60003901e+00 
 4.80000000e-01  4.80000000e-01  1.48000000e+00  1.64213957e-03  1.28665483e+00  1.78596561e+00  9.06867234e-01  1.82354010e+00  3.13212950e+01  1.26360700e+00  5.60003901e+00 
 4.90000000e-01  4.90000000e-01  1.48000000e+00  1.66304992e-03  1.28665483e+00  1.78596561e+00  9.06867234e-01  1.82354010e+00  3.13212950e+01  1.26360700e+00  5.60003901e+00 
 5.00000000e-01  5.00000000e-01  1.48000000e+00  1.68344165e-03  1.28665483e+00  1.78596561e+00  9.06867234e-01  1.82354010e+00  3.13212950e+01  1.26360700e+00  5.60003901e+00 
 5.10000000e-01  5.10000000e-01  1.48000000e+00  1.70332084e-03  1.28665483e+00  1.78596561e+00  9.06867234e-01  1.82354010e+00  3.13212950e+01  1.26360700e+00  5.60003901e+00 
 5.20000000e-01  5.20000000e-01  1.48000000e+00  1.72269413e-03  1.28665483e+00  1.78596561e+00  9.06867234e-01  1.82354010e+00  3.13212950e+01  1.26360700e+00  5.60003901e+00 
 5.30000000e-01  5.30000000e-01  1.48000000e+00  1.74156865e-03  1.28665483e+00  1.78596561e+00  9.06867234e-01  1.82354010e+00  3.13212950e+01  1.26360700e+00  5.60003901e+00 
 5.40000000e-01  5.40000000e-01  1.48000000e+00  1.75995204e-03  1.28665483e+00  1.78596561e+00  9.06867234e-01  1.82354010e+00  3.13212950e+01  1.26360700e+00  5.60003901e+00 
 5.50000000e-01  5.50000000e-01  1.48000000e+00  1.77785244e-03  1.28665483e+00  1.78596561e+00  9.06867234e-01  1.82354010e+00  3.13212950e+01  1.26360700e+00  5.60003901e+00 
 5.60000000e-01  5.60000000e-01  1.48000000e+00  1.79527846e-03  1.28665483e+00  1.78596561e+00  9.06867234e-01  1.82354010e+00  3.13212950e+01  1.26360700e+00  5.60003901e+00 
 5.70000000e-01  5.70000000e-01  1.48000000e+00  1.81223914e-03  1.28665483e+00  1.78596561e+00  9.06867234e-01  1.82354010e+00  3.13212950e+01  1.26360700e+00  5.60003901e+00 
 5.80000000e-01  5.80000000e-01  1.48000000e+00  1.82874395e-03  1.28665483e+00  1.78596561e+00  9.06867234e-01  1.82354010e+00  3.13212950e+01  1.26360700e+00  5.60003901e+00 
 5.90000000e-01  5.90000000e-01  1.48000000e+00  1.84480275e-03  1.28665483e+00  1.78596561e+00  9.06867234e-01  1.82354010e+00  3.13212950e+01  1.26360700e+00  5.60003901e+00 
 6.00000000e-01  6.00000000e-01  1.48000000e+00  1.86042573e-03  1.28665483e+00  1.78596561e+00  9.06867234e-01  1.82354010e+00  3.13212950e+01  1.26360700e+00  5.60003901e+00 
 6.10000000e-01  6.10000000e-01  1.48000000e+00  1.87562340e-03  1.28665483e+00  1.78596561e+00  9.06867234e-01  1.82354010e+00  3.13212950e+01  1.26360700e+00  5.60003901e+00 
 6.20000000e-01  6.20000000e-01  1.48000000e+00  1.89040652e-03  1.28665483e+00  1.78596561e+00  9.06867234e-01  1.82354010e+00  3.13212950e+01  1.26360700e+00  5.60003901e+00 
 6.30000000e-01  6.30000000e-01  1.48000000e+00  1.90478608e-03  1.28665483e+00  1.78596561e+00  9.06867234e-01  1.82354010e+00  3.13212950e+01  1.26360700e+00  5.60003901e+00 
 6.40000000e-01  6.40000000e-01  1.48000000e+00  1.91877325e-03  1.28665483e+00  1.78596561e+00  9.06867234e-01  1.82354010e+00  3.13212950e+01  1.26360700e+00  5.60003901e+00 
 6.50000000e-01  6.50000000e-01  1.48000000e+00  1.93237932e-03  1.28665483e+00  1.78596561e+00  9.06867234e-01  1.82354010e+00  3.13212950e+01  1.26360700e+00  5.60003901e+00 
 6.60000000e-01  6.60000000e-01  1.48000000e+00  1.94561568e-03  1.28665483e+00  1.78596561e+00  9.06867234e-01  1.82354010e+00  3.13212950e+01  1.26360700e+00  5.60003901e+00 
 6.70000000e-01  6.70000000e-01  1.48000000e+00  1.95849375e-03  1.28665483e+00  1.78596561e+00  9.06867234e-01  1.82354010e+00  3.13212950e+01  1.26360700e+00  5.60003901e+00 
 6.80000000e-01  6.80000000e-01  1.48000000e+00  1.97102494e-03  1.28665483e+00  1.78596561e+00  9.06867234e-01  1.82354010e+00  3.13212950e+01  1.26360700e+00  5.60003901e+00 
 6.90000000e-01  6.90000000e-01  1.48000000e+00  1.98322066e-03  1.28665483e+00  1.78596561e+00  9.06867234e-01  1.82354010e+00  3.13212950e+01  1.26360700e+00  5.60003901e+00 
 7.00000000e-01  7.00000000e-01  1.48000000e+00  1.99509219e-03  1.28665483e+00  1.78596561e+00  9.06867234e-01  1.82354010e+00  3.13212950e+01  1.26360700e+00  5.60003901e+00 
 7.10000000e-01  7.10000000e-01  1.48000000e+00  2.00665072e-03  1.28665483e+00  1.78596561e+00  9.06867234e-01  1.82354010e+00  3.13212950e+01  1.26360700e+00  5.60003901e+00 
 7.20000000e-01  7.20000000e-01  1.48000000e+00  2.01790731e-03  1.28665483e+00  1.78596561e+00  9.06867234e-01  1.82354010e+00  3.13212950e+01  1.26360700e+00  5.60003901e+00 
 7.30000000e-01  7.30000000e-01  1.48000000e+00  2.02887281e-03  1.28665483e+00  1.78596561e+00  9.06867234e-01  1.82354010e+00  3.13212950e+01  1.26360700e+00  5.60003901e+00 
 7.40000000e-01  7.40000000e-01  1.48000000e+00  2.03955789e-03  1.28665483e+00  1.78596561e+00  9.06867234e-01  1.82354010e+00  3.13212950e+01  1.26360700e+00  5.60003901e+00 
 7.50000000e-01  7.50000000e-01  1.48000000e+00  2.04997299e-03  1.28665483e+00  1.78596561e+00  9.06867234e-01  1.82354010e+00  3.13212950e+01  1.26360700e+00  5.60003901e+00 
 7.60000000e-01  7.60000000e-01  1.48000000e+00  2.06012831e-03  1.28665483e+00  1.78596561e+00  9.06867234e-01  1.82354010e+00  3.13212950e+01  1.26360700e+00  5.60003901e+00 
 7.70000000e-01  7.70000000e-01  1.48000000e+00  2.07003378e-03  1.28665483e+00  1.78596561e+00  9.06867234e-01  1.82354010e+00  3.13212950e+01  1.26360700e+00  5.60003901e+00 
 7.80000000e-01  7.80000000e-01  1.48000000e+00  2.07969908e-03  1.28665483e+00  1.78596561e+00  9.06867234e-01  1.82354010e+00  3.13212950e+01  1.26360700e+00  5.60003901e+00 
 7.90000000e-01  7.90000000e-01  1.48000000e+00  2.08913357e-03  1.28665483e+00  1.78596561e+00  9.06867234e-01  1.82354010e+00  3.13212950e+01  1.26360700e+00  5.60003901e+00 
 8.00000000e-01  8.00000000e-01  1.48000000e+00  2.09834635e-03  1.28665483e+00  1.78596561e+00  9.06867234e-01  1.82354010e+00  3.13212950e+01  1.26360700e+00  5.60003901e+00 
 8.10000000e-01  8.10000000e-01  1.48000000e+00  2.10734620e-03  1.28665483e+00  1.78596561e+00  9.06867234e-01  1.82354010e+00  3.13212950e+01  1.26360700e+00  5.60003901e+00 
 8.20000000e-01  8.20000000e-01  1.48000000e+00  2.11614163e-03  1.28665483e+00  1.78596561e+00  9.06867234e-01  1.82354010e+00  3.13212950e+01  1.26360700e+00  5.60003901e+00 
 8.30000000e-01  8.30000000e-01  1.48000000e+00  2.12474082e-03  1.28665483e+00  1.78596561e+00  9.06867234e-01  1.82354010e+00  3.13212950e+01  1.26360700e+00  5.60003901e+00 
 8.40000000e-01  8.40000000e-01  1.48000000e+00  2.13315166e-03  1.28665483e+00  1.78596561e+00  9.06867234e-01  1.82354010e+00  3.13212950e+01  1.26360700e+00  5.60003901e+00 
 8.50000000e-01  8.50000000e-01  1.48000000e+00  2.14138175e-03  1.28665483e+00  1.78596561e+00  9.06867234e-01  1.82354010e+00  3.13212950e+01  1.26360700e+00  5.60003901e+00 
 8.60000000e-01  8.60000000e-01  1.48000000e+00  2.14943838e-03  1.28665483e+00  1.78596561e+00  9.06867234e-01  1.82354010e+00  3.13212950e+01  1.26360700e+00  5.60003901e+00 
 8.70000000e-01  8.70000000e-01  1.48000000e+00  2.15732857e-03  1.28665483e+00  1.78596561e+00  9.06867234e-01  1.82354010e+00  3.13212950e+01  1.26360700e+00  5.60003901e+00 
 8.80000000e-01  8.80000000e-01  1.48000000e+00  2.16505903e-03  1.28665483e+00  1.78596561e+00  9.06867234e-01  1.82354010e+00  3.13212950e+01  1.26360700e+00  5.60003901e+00 
 8.90000000e-01  8.90000000e-01  1.48000000e+00  2.17263622e-03  1.28665483e+00  1.78596561e+00  9.06867234e-01  1.82354010e+00  3.13212950e+01  1.26360700e+00  5.60003901e+00 
 9.00000000e-01  9.00000000e-01  1.48000000e+00  2.18006632e-03  1.28665483e+00  1.78596561e+00  9.06867234e-01  1.82354010e+00  3.13212950e+01  1.26360700e+00  5.60003901e+00 
 9.10000000e-01  9.10000000e-01  1.48000000e+00  2.18735525e-03  1.28665483e+00  1.78596561e+00  9.06867234e-01  1.82354010e+00  3.13212950e+01  1.26360700e+00  5.60003901e+00 
 9.20000000e-01  9.20000000e-01  1.48000000e+00  2.19450866e-03  1.28665483e+00  1.78596561e+00  9.06867234e-01  1.82354010e+00  3.13212950e+01  1.26360700e+00  5.60003901e+00 
 9.30000000e-01  9.30000000e-01  1.48000000e+00  2.20153198e-03  1.28665483e+00  1.78596561e+00  9.06867234e-01  1.82354010e+00  3.13212950e+01  1.26360700e+00  5.60003901e+00 
 9.40000000e-01  9.40000000e-01  1.48000000e+00  2.20843039e-03  1.28665483e+00  1.78596561e+00  9.06867234e-01  1.82354010e+00  3.13212950e+01  1.26360700e+00  5.60003901e+00 
 9.50000000e-01  9.50000000e-01  1.48000000e+00  2.21520883e-03  1.28665483e+00  1.78596561e+00  9.06867234e-01  1.82354010e+00  3.13212950e+01  1.26360700e+00  5.60003901e+00 
 9.60000000e-01  9.60000000e-01  1.48000000e+00  2.22187205e-03  1.28665483e+00  1.78596561e+00  9.06867234e-01  1.82354010e+00  3.13212950e+01  1.26360700e+00  5.60003901e+00 
 9.70000000e-01  9.70000000e-01  1.48000000e+00  2.22842458e-03  1.28665483e+00  1.78596561e+00  9.06867234e-01  1.82354010e+00  3.13212950e+01  1.26360700e+00  5.60003901e+00 
 9.80000000e-01  9.80000000e-01  1.48000000e+00  2.23487072e-03  1.28665483e+00  1.78596561e+00  9.06867234e-01  1.82354010e+00  3.13212950e+01  1.26360700e+00  5.60003901e+00 
 9.90000000e-01  9.90000000e-01  1.48000000e+00  2.24121461e-03  1.28665483e+00  1.78596561e+00  9.06867234e-01  1.82354010e+00  3.13212950e+01  1.26360700e+00  5.60003901e+00 
 1.00000000e+00  1.00000000e+00  1.48000000e+00  2.24746020e-03  1.28665483e+00  1.78596561e+00  9.06867234e-01  1.82354010e+00  3.13212950e+01  1.26360700e+00  5.60003901e+00 
 1.01000000e+00  1.01000000e+00  1.48000000e+00  2.25361124e-03  1.28665483e+00  1.78596561e+00  9.06867234e-01  1.82354010e+00  3.13212950e+01  1.26360700e+00  5.60003901e+00 
 1.02000000e+00  1.02000000e+00  1.48000000e+00  2.25967135e-03  1.28665483e+00  1.78596561e+00  9.06867234e-01  1.82354010e+00  3.13212950e+01  1.26360700e+00  5.60003901e+00 
 1.03000000e+00  1.03000000e+00  1.48000000e+00  2.26564395e-03  1.28665483e+00  1.78596561e+00  9.06867234e-01  1.82354010e+00  3.13212950e+01  1.26360700e+00  5.60003901e+00 
 1.04000000e+00  1.04000000e+00  1.48000000e+00  2.27153232e-03  1.28665483e+00  1.78596561e+00  9.06867234e-01  1.82354010e+00  3.13212950e+01  1.26360700e+00  5.60003901e+00 
 1.05000000e+00  1.05000000e+00  1.48000000e+00  2.27733961e-03  1.28665483e+00  1.78596561e+00  9.06867234e-01  1.82354010e+00  3.13212950e+01  1.26360700e+00  5.60003901e+00 
 1.06000000e+00  1.06000000e+00  1.48000000e+00  2.28306881e-03  1.28665483e+00  1.78596561e+00  9.06867234e-01  1.82354010e+00  3.13212950e+01  1.26360700e+00  5.60003901e+00 
 1.07000000e+00  1.07000000e+00  1.48000000e+00  2.28872277e-03  1.28665483e+00  1.78596561e+00  9.06867234e-01  1.82354010e+00  3.13212950e+01  1.26360700e+00  5.60003901e+00 
 1.08000000e+00  1.08000000e+00  1.48000000e+00  2.29430425e-03  1.28665483e+00  1.78596561e+00  9.06867234e-01  1.82354010e+00  3.13212950e+01  1.26360700e+00  5.60003901e+00 
 1.09000000e+00  1.09000000e+00  1.48000000e+00  2.29981584e-03  1.28665483e+00  1.78596561e+00  9.06867234e-01  1.82354010e+00  3.13212950e+01  1.26360700e+00  5.60003901e+00 
 1.10000000e+00  1.10000000e+00  1.48000000e+00  2.30526005e-03  1.28665483e+00  1.78596561e+00  9.06867234e-01  1.82354010e+00  3.13212950e+01  1.26360700e+00  5.60003901e+00 
 1.11000000e+00  1.11000000e+00  1.48000000e+00  2.31063927e-03  1.28665483e+00  1.78596561e+00  9.06867234e-01  1.82354010e+00  3.13212950e+01  1.26360700e+00  5.60003901e+00 
 1.12000000e+00  1.12000000e+00  1.48000000e+00  2.31595579e-03  1.28665483e+00  1.78596561e+00  9.06867234e-01  1.82354010e+00  3.13212950e+01  1.26360700e+00  5.60003901e+00 
 1.13000000e+00  1.13000000e+00  1.48000000e+00  2.32121179e-03  1.28665483e+00  1.78596561e+00  9.06867234e-01  1.82354010e+00  3.13212950e+01  1.26360700e+00  5.60003901e+00 
 1.14000000e+00  1.14000000e+00  1.48000000e+00  2.32640936e-03  1.28665483e+00  1.78596561e+00  9.06867234e-01  1.82354010e+00  3.13212950e+01  1.26360700e+00  5.60003901e+00 
 1.15000000e+00  1.15000000e+00  1.48000000e+00  2.33155050e-03  1.28665483e+00  1.78596561e+00  9.06867234e-01  1.82354010e+00  3.13212950e+01  1.26360700e+00  5.60003901e+00 
 1.16000000e+00  1.16000000e+00  1.48000000e+00  2.33663714e-03  1.28665483e+00  1.78596561e+00  9.06867234e-01  1.82354010e+00  3.13212950e+01  1.26360700e+00  5.60003901e+00 
 1.17000000e+00  1.17000000e+00  1.48000000e+00  2.34167109e-03  1.28665483e+00  1.78596561e+00  9.06867234e-01  1.82354010e+00  3.13212950e+01  1.26360700e+00  5.60003901e+00 
 1.18000000e+00  1.18000000e+00  1.48000000e+00  2.34665413e-03  1.28665483e+00  1.78596561e+00  9.06867234e-01  1.82354010e+00  3.13212950e+01  1.26360700e+00  5.60003901e+00 
 1.19000000e+00  1.19000000e+00  1.48000000e+00  2.35158794e-03  1.28665483e+00  1.78596561e+00  9.06867234e-01  1.82354010e+00  3.13212950e+01  1.26360700e+00  5.60003901e+00 
 1.20000000e+00  1.20000000e+00  1.48000000e+00  2.35647412e-03  1.28665483e+00  1.78596561e+00  9.06867234e-01  1.82354010e+00  3.13212950e+01  1.26360700e+00  5.60003901e+00 
 1.21000000e+00  1.21000000e+00  1.48000000e+00  2.36131423e-03  1.28665483e+00  1.78596561e+00  9.06867234e-01  1.82354010e+00  3.13212950e+01  1.26360700e+00  5.60003901e+00 
 1.22000000e+00  1.22000000e+00  1.48000000e+00  2.36610975e-03  1.28665483e+00  1.78596561e+00  9.06867234e-01  1.82354010e+00  3.13212950e+01  1.26360700e+00  5.60003901e+00 
 1.23000000e+00  1.23000000e+00  1.48000000e+00  2.37086209e-03  1.28665483e+00  1.78596561e+00  9.06867234e-01  1.82354010e+00  3.13212950e+01  1.26360700e+00  5.60003901e+00 
 1.24000000e+00  1.24000000e+00  1.48000000e+00  2.37557263e-03  1.28665483e+00  1.78596561e+00  9.06867234e-01  1.82354010e+00  3.13212950e+01  1.26360700e+00  5.60003901e+00 
 1.25000000e+00  1.25000000e+00  1.48000000e+00  2.38024267e-03  1.28665483e+00  1.78596561e+00  9.06867234e-01  1.82354010e+00  3.13212950e+01  1.26360700e+00  5.60003901e+00 
 1.26000000e+00  1.26000000e+00  1.48000000e+00  2.38487348e-03  1.28665483e+00  1.78596561e+00  9.06867234e-01  1.82354010e+00  3.13212950e+01  1.26360700e+00  5.60003901e+00 
 1.27000000e+00  1.27000000e+00  1.48000000e+00  2.38946625e-03  1.28665483e+00  1.78596561e+00  9.06867234e-01  1.82354010e+00  3.13212950e+01  1.26360700e+00  5.60003901e+00 
 1.28000000e+00  1.28000000e+00  1.48000000e+00  2.39402214e-03  1.28665483e+00  1.78596561e+00  9.06867234e-01  1.82354010e+00  3.13212950e+01  1.26360700e+00  5.60003901e+00 
 1.29000000e+00  1.29000000e+00  1.48000000e+00  2.39854228e-03  1.28665483e+00  1.78596561e+00  9.06867234e-01  1.82354010e+00  3.13212950e+01  1.26360700e+00  5.60003901e+00 
 1.30000000e+00  1.30000000e+00  1.48000000e+00  2.40302773e-03  1.28665483e+00  1.78596561e+00  9.06867234e-01  1.82354010e+00  3.13212950e+01  1.26360700e+00  5.60003901e+00 
 1.31000000e+00  1.31000000e+00  1.48000000e+00  2.40747952e-03  1.28665483e+00  1.78596561e+00  9.06867234e-01  1.82354010e+00  3.13212950e+01  1.26360700e+00  5.60003901e+00 
 1.32000000e+00  1.32000000e+00  1.48000000e+00  2.41189864e-03  1.28665483e+00  1.78596561e+00  9.06867234e-01  1.82354010e+00  3.13212950e+01  1.26360700e+00  5.60003901e+00 
 1.33000000e+00  1.33000000e+00  1.48000000e+00  2.41628604e-03  1.28665483e+00  1.78596561e+00  9.06867234e-01  1.82354010e+00  3.13212950e+01  1.26360700e+00  5.60003901e+00 
 1.34000000e+00  1.34000000e+00  1.48000000e+00  2.42064264e-03  1.28665483e+00  1.78596561e+00  9.06867234e-01  1.82354010e+00  3.13212950e+01  1.26360700e+00  5.60003901e+00 
 1.35000000e+00  1.35000000e+00  1.48000000e+00  2.42496933e-03  1.28665483e+00  1.78596561e+00  9.06867234e-01  1.82354010e+00  3.13212950e+01  1.26360700e+00  5.60003901e+00 
 1.36000000e+00  1.36000000e+00  1.48000000e+00  2.42926694e-03  1.28665483e+00  1.78596561e+00  9.06867234e-01  1.82354010e+00  3.13212950e+01  1.26360700e+00  5.60003901e+00 
 1.37000000e+00  1.37000000e+00  1.48000000e+00  2.43353631e-03  1.28665483e+00  1.78596561e+00  9.06867234e-01  1.82354010e+00  3.13212950e+01  1.26360700e+00  5.60003901e+00 
 1.38000000e+00  1.38000000e+00  1.48000000e+00  2.43777821e-03  1.28665483e+00  1.78596561e+00  9.06867234e-01  1.82354010e+00  3.13212950e+01  1.26360700e+00  5.60003901e+00 
 1.39000000e+00  1.39000000e+00  1.48000000e+00  2.44199340e-03  1.28665483e+00  1.78596561e+00  9.06867234e-01  1.82354010e+00  3.13212950e+01  1.26360700e+00  5.60003901e+00 
 1.40000000e+00  1.40000000e+00  1.48000000e+00  2.44618263e-03  1.28665483e+00  1.78596561e+00  9.06867234e-01  1.82354010e+00  3.13212950e+01  1.26360700e+00  5.60003901e+00 
 1.41000000e+00  1.41000000e+00  1.48000000e+00  2.45034659e-03  1.28665483e+00  1.78596561e+00  9.06867234e-01  1.82354010e+00  3.13212950e+01  1.26360700e+00  5.60003901e+00 
 1.42000000e+00  1.42000000e+00  1.48000000e+00  2.45448597e-03  1.28665483e+00  1.78596561e+00  9.06867234e-01  1.82354010e+00  3.13212950e+01  1.26360700e+00  5.60003901e+00 
 1.43000000e+00  1.43000000e+00  1.48000000e+00  2.45860142e-03  1.28665483e+00  1.78596561e+00  9.06867234e-01  1.82354010e+00  3.13212950e+01  1.26360700e+00  5.60003901e+00 
 1.44000000e+00  1.44000000e+00  1.48000000e+00  2.46269358e-03  1.28665483e+00  1.78596561e+00  9.06867234e-01  1.82354010e+00  3.13212950e+01  1.26360700e+00  5.60003901e+00 
 1.45000000e+00  1.45000000e+00  1.48000000e+00  2.46676306e-03  1.28665483e+00  1.78596561e+00  9.06867234e-01  1.82354010e+00  3.13212950e+01  1.26360700e+00  5.60003901e+00 
 1.46000000e+00  1.46000000e+00  1.48000000e+00  2.47081044e-03  1.28665483e+00  1.78596561e+00  9.06867234e-01  1.82354010e+00  3.13212950e+01  1.26360700e+00  5.60003901e+00 
 1.47000000e+00  1.47000000e+00  1.48000000e+00  2.47483631e-03  1.28665483e+00  1.78596561e+00  9.06867234e-01  1.82354010e+00  3.13212950e+01  1.26360700e+00  5.60003901e+00 
 1.48000000e+00  1.48000000e+00  1.48000000e+00  2.47884121e-03  1.28665483e+00  1.78596561e+00  9.06867234e-01  1.82354010e+00  3.13212950e+01  1.26360700e+00  5.60003901e+00 
 1.49000000e+00  1.49000000e+00  1.48000000e+00  2.48282568e-03  1.28665483e+00  1.78596561e+00  9.06867234e-01  1.82354010e+00  3.13212950e+01  1.26360700e+00  5.60003901e+00 
 1.50000000e+00  1.50000000e+00  1.48000000e+00  2.48679023e-03  1.28665483e+00  1.78596561e+00  9.06867234e-01  1.82354010e+00  3.13212950e+01  1.26360700e+00  5.60003901e+00 
 1.51000000e+00  1.51000000e+00  1.48000000e+00  2.49073536e-03  1.28665483e+00  1.78596561e+00  9.06867234e-01  1.82354010e+00  3.13212950e+01  1.26360700e+00  5.60003901e+00 
 1.52000000e+00  1.52000000e+00  1.48000000e+00  2.49466155e-03  1.28665483e+00  1.78596561e+00  9.06867234e-01  1.82354010e+00  3.13212950e+01  1.26360700e+00  5.60003901e+00 
 1.53000000e+00  1.53000000e+00  1.48000000e+00  2.49856926e-03  1.28665483e+00  1.78596561e+00  9.06867234e-01  1.82354010e+00  3.13212950e+01  1.26360700e+00  5.60003901e+00 
 1.54000000e+00  1.54000000e+00  1.48000000e+00  2.50245896e-03  1.28665483e+00  1.78596561e+00  9.06867234e-01  1.82354010e+00  3.13212950e+01  1.26360700e+00  5.60003901e+00 
 1.55000000e+00  1.55000000e+00  1.48000000e+00  2.50633107e-03  1.28665483e+00  1.78596561e+00  9.06867234e-01  1.82354010e+00  3.13212950e+01  1.26360700e+00  5.60003901e+00 
 1.56000000e+00  1.56000000e+00  1.48000000e+00  2.51018602e-03  1.28665483e+00  1.78596561e+00  9.06867234e-01  1.82354010e+00  3.13212950e+01  1.26360700e+00  5.60003901e+00 
 1.57000000e+00  1.57000000e+00  1.48000000e+00  2.51402422e-03  1.28665483e+00  1.78596561e+00  9.06867234e-01  1.82354010e+00  3.13212950e+01  1.26360700e+00  5.60003901e+00 
 1.58000000e+00  1.58000000e+00  1.48000000e+00  2.51784607e-03  1.28665483e+00  1.78596561e+00  9.06867234e-01  1.82354010e+00  3.13212950e+01  1.26360700e+00  5.60003901e+00 
 1.59000000e+00  1.59000000e+00  1.48000000e+00  2.52165194e-03  1.28665483e+00  1.78596561e+00  9.06867234e-01  1.82354010e+00  3.13212950e+01  1.26360700e+00  5.60003901e+00 
 1.60000000e+00  1.60000000e+00  1.48000000e+00  2.52544221e-03  1.28665483e+00  1.78596561e+00  9.06867234e-01  1.82354010e+00  3.13212950e+01  1.26360700e+00  5.60003901e+00 
 1.61000000e+00  1.61000000e+00  1.48000000e+00  2.52921725e-03  1.28665483e+00  1.78596561e+00  9.06867234e-01  1.82354010e+00  3.13212950e+01  1.26360700e+00  5.60003901e+00 
 1.62000000e+00  1.62000000e+00  1.48000000e+00  2.53297740e-03  1.28665483e+00  1.78596561e+00  9.06867234e-01  1.82354010e+00  3.13212950e+01  1.26360700e+00  5.60003901e+00 
 1.63000000e+00  1.63000000e+00  1.48000000e+00  2.53672300e-03  1.28665483e+00  1.78596561e+00  9.06867234e-01  1.82354010e+00  3.13212950e+01  1.26360700e+00  5.60003901e+00 
 1.64000000e+00  1.64000000e+00  1.48000000e+00  2.54045439e-03  1.28665483e+00  1.78596561e+00  9.06867234e-01  1.82354010e+00  3.13212950e+01  1.26360700e+00  5.60003901e+00 
 1.65000000e+00  1.65000000e+00  1.48000000e+00  2.54417187e-03  1.28665483e+00  1.78596561e+00  9.06867234e-01  1.82354010e+00  3.13212950e+01  1.26360700e+00  5.60003901e+00 
 1.66000000e+00  1.66000000e+00  1.48000000e+00  2.54787577e-03  1.28665483e+00  1.78596561e+00  9.06867234e-01  1.82354010e+00  3.13212950e+01  1.26360700e+00  5.60003901e+00 
 1.67000000e+00  1.67000000e+00  1.48000000e+00  2.55156638e-03  1.28665483e+00  1.78596561e+00  9.06867234e-01  1.82354010e+00  3.13212950e+01  1.26360700e+00  5.60003901e+00 
 1.68000000e+00  1.68000000e+00  1.48000000e+00  2.55524400e-03  1.28665483e+00  1.78596561e+00  9.06867234e-01  1.82354010e+00  3.13212950e+01  1.26360700e+00  5.60003901e+00 
 1.69000000e+00  1.69000000e+00  1.48000000e+00  2.55890890e-03  1.28665483e+00  1.78596561e+00  9.06867234e-01  1.82354010e+00  3.13212950e+01  1.26360700e+00  5.60003901e+00 
 1.70000000e+00  1.70000000e+00  1.48000000e+00  2.56256137e-03  1.28665483e+00  1.78596561e+00  9.06867234e-01  1.82354010e+00  3.13212950e+01  1.26360700e+00  5.60003901e+00 
 1.71000000e+00  1.71000000e+00  1.48000000e+00  2.56620167e-03  1.28665483e+00  1.78596561e+00  9.06867234e-01  1.82354010e+00  3.13212950e+01  1.26360700e+00  5.60003901e+00 
 1.72000000e+00  1.72000000e+00  1.48000000e+00  2.56983007e-03  1.28665483e+00  1.78596561e+00  9.06867234e-01  1.82354010e+00  3.13212950e+01  1.26360700e+00  5.60003901e+00 
 1.73000000e+00  1.73000000e+00  1.48000000e+00  2.57344682e-03  1.28665483e+00  1.78596561e+00  9.06867234e-01  1.82354010e+00  3.13212950e+01  1.26360700e+00  5.60003901e+00 
 1.74000000e+00  1.74000000e+00  1.48000000e+00  2.57705216e-03  1.28665483e+00  1.78596561e+00  9.06867234e-01  1.82354010e+00  3.13212950e+01  1.26360700e+00  5.60003901e+00 
 1.75000000e+00  1.75000000e+00  1.48000000e+00  2.58064633e-03  1.28665483e+00  1.78596561e+00  9.06867234e-01  1.82354010e+00  3.13212950e+01  1.26360700e+00  5.60003901e+00 
 1.76000000e+00  1.76000000e+00  1.48000000e+00  2.58422958e-03  1.28665483e+00  1.78596561e+00  9.06867234e-01  1.82354010e+00  3.13212950e+01  1.26360700e+00  5.60003901e+00 
 1.77000000e+00  1.77000000e+00  1.48000000e+00  2.58780212e-03  1.28665483e+00  1.78596561e+00  9.06867234e-01  1.82354010e+00  3.13212950e+01  1.26360700e+00  5.60003901e+00 
 1.78000000e+00  1.78000000e+00  1.48000000e+00  2.59136418e-03  1.28665483e+00  1.78596561e+00  9.06867234e-01  1.82354010e+00  3.13212950e+01  1.26360700e+00  5.60003901e+00 
 1.79000000e+00  1.79000000e+00  1.48000000e+00  2.59491597e-03  1.28665483e+00  1.78596561e+00  9.06867234e-01  1.82354010e+00  3.13212950e+01  1.26360700e+00  5.60003901e+00 
 1.80000000e+00  1.80000000e+00  1.48000000e+00  2.59845771e-03  1.28665483e+00  1.78596561e+00  9.06867234e-01  1.82354010e+00  3.13212950e+01  1.26360700e+00  5.60003901e+00 
 1.81000000e+00  1.81000000e+00  1.48000000e+00  2.60198960e-03  1.28665483e+00  1.78596561e+00  9.06867234e-01  1.82354010e+00  3.13212950e+01  1.26360700e+00  5.60003901e+00 
 1.82000000e+00  1.82000000e+00  1.48000000e+00  2.60551184e-03  1.28665483e+00  1.78596561e+00  9.06867234e-01  1.82354010e+00  3.13212950e+01  1.26360700e+00  5.60003901e+00 
 1.83000000e+00  1.83000000e+00  1.48000000e+00  2.60902462e-03  1.28665483e+00  1.78596561e+00  9.06867234e-01  1.82354010e+00  3.13212950e+01  1.26360700e+00  5.60003901e+00 
 1.84000000e+00  1.84000000e+00  1.48000000e+00  2.61252815e-03  1.28665483e+00  1.78596561e+00  9.06867234e-01  1.82354010e+00  3.13212950e+01  1.26360700e+00  5.60003901e+00 
 1.85000000e+00  1.85000000e+00  1.48000000e+00  2.61602260e-03  1.28665483e+00  1.78596561e+00  9.06867234e-01  1.82354010e+00  3.13212950e+01  1.26360700e+00  5.60003901e+00 
