 0.00000000e+00  1.48000000e+00  0.00000000e+00  1.48148160e-12  1.30976888e+00  1.65783553e+00  9.55165383e-01  1.72625628e+00  3.45449498e+01  1.36223649e+00  5.57940047e+00 
 1.00000000e-02  1.48000000e+00  1.00000000e-02  1.48148160e-12  1.30976888e+00  1.65783553e+00  9.55165383e-01  1.72625628e+00  3.45449498e+01  1.36223649e+00  5.57940047e+00 
 2.00000000e-02  1.48000000e+00  2.00000000e-02  1.48148160e-12  1.30976888e+00  1.65783553e+00  9.55165383e-01  1.72625628e+00  3.45449498e+01  1.36223649e+00  5.57940047e+00 
 3.00000000e-02  1.48000000e+00  3.00000000e-02  1.48148160e-12  1.30976888e+00  1.65783553e+00  9.55165383e-01  1.72625628e+00  3.45449498e+01  1.36223649e+00  5.57940047e+00 
 4.00000000e-02  1.48000000e+00  4.00000000e-02  1.48148160e-12  1.30976888e+00  1.65783553e+00  9.55165383e-01  1.72625628e+00  3.45449498e+01  1.36223649e+00  5.57940047e+00 
 5.00000000e-02  1.48000000e+00  5.00000000e-02  1.48148160e-12  1.30976888e+00  1.65783553e+00  9.55165383e-01  1.72625628e+00  3.45449498e+01  1.36223649e+00  5.57940047e+00 
 6.00000000e-02  1.48000000e+00  6.00000000e-02  1.48148160e-12  1.30976888e+00  1.65783553e+00  9.55165383e-01  1.72625628e+00  3.45449498e+01  1.36223649e+00  5.57940047e+00 
 7.00000000e-02  1.48000000e+00  7.00000000e-02  1.48148160e-12  1.30976888e+00  1.65783553e+00  9.55165383e-01  1.72625628e+00  3.45449498e+01  1.36223649e+00  5.57940047e+00 
 8.00000000e-02  1.48000000e+00  8.00000000e-02  1.48148160e-12  1.30976888e+00  1.65783553e+00  9.55165383e-01  1.72625628e+00  3.45449498e+01  1.36223649e+00  5.57940047e+00 
 9.00000000e-02  1.48000000e+00  9.00000000e-02  1.48148160e-12  1.30976888e+00  1.65783553e+00  9.55165383e-01  1.72625628e+00  3.45449498e+01  1.36223649e+00  5.57940047e+00 
 1.00000000e-01  1.48000000e+00  1.00000000e-01  1.48148160e-12  1.30976888e+00  1.65783553e+00  9.55165383e-01  1.72625628e+00  3.45449498e+01  1.36223649e+00  5.57940047e+00 
 1.10000000e-01  1.48000000e+00  1.10000000e-01  1.48148160e-12  1.30976888e+00  1.65783553e+00  9.55165383e-01  1.72625628e+00  3.45449498e+01  1.36223649e+00  5.57940047e+00 
 1.20000000e-01  1.48000000e+00  1.20000000e-01  1.48148160e-12  1.30976888e+00  1.65783553e+00  9.55165383e-01  1.72625628e+00  3.45449498e+01  1.36223649e+00  5.57940047e+00 
 1.30000000e-01  1.48000000e+00  1.30000000e-01  1.48148160e-12  1.30976888e+00  1.65783553e+00  9.55165383e-01  1.72625628e+00  3.45449498e+01  1.36223649e+00  5.57940047e+00 
 1.40000000e-01  1.48000000e+00  1.40000000e-01  1.48148160e-12  1.30976888e+00  1.65783553e+00  9.55165383e-01  1.72625628e+00  3.45449498e+01  1.36223649e+00  5.57940047e+00 
 1.50000000e-01  1.48000000e+00  1.50000000e-01  1.48148160e-12  1.30976888e+00  1.65783553e+00  9.55165383e-01  1.72625628e+00  3.45449498e+01  1.36223649e+00  5.57940047e+00 
 1.60000000e-01  1.48000000e+00  1.60000000e-01  1.48148160e-12  1.30976888e+00  1.65783553e+00  9.55165383e-01  1.72625628e+00  3.45449498e+01  1.36223649e+00  5.57940047e+00 
 1.70000000e-01  1.48000000e+00  1.70000000e-01  1.48148160e-12  1.30976888e+00  1.65783553e+00  9.55165383e-01  1.72625628e+00  3.45449498e+01  1.36223649e+00  5.57940047e+00 
 1.80000000e-01  1.48000000e+00  1.80000000e-01  1.48148160e-12  1.30976888e+00  1.65783553e+00  9.55165383e-01  1.72625628e+00  3.45449498e+01  1.36223649e+00  5.57940047e+00 
 1.90000000e-01  1.48000000e+00  1.90000000e-01  1.48148160e-12  1.30976888e+00  1.65783553e+00  9.55165383e-01  1.72625628e+00  3.45449498e+01  1.36223649e+00  5.57940047e+00 
 2.00000000e-01  1.48000000e+00  2.00000000e-01  1.48148160e-12  1.30976888e+00  1.65783553e+00  9.55165383e-01  1.72625628e+00  3.45449498e+01  1.36223649e+00  5.57940047e+00 
 2.10000000e-01  1.48000000e+00  2.10000000e-01  1.48148160e-12  1.30976888e+00  1.65783553e+00  9.55165383e-01  1.72625628e+00  3.45449498e+01  1.36223649e+00  5.57940047e+00 
 2.20000000e-01  1.48000000e+00  2.20000000e-01  1.48148160e-12  1.30976888e+00  1.65783553e+00  9.55165383e-01  1.72625628e+00  3.45449498e+01  1.36223649e+00  5.57940047e+00 
 2.30000000e-01  1.48000000e+00  2.30000000e-01  1.48148160e-12  1.30976888e+00  1.65783553e+00  9.55165383e-01  1.72625628e+00  3.45449498e+01  1.36223649e+00  5.57940047e+00 
 2.40000000e-01  1.48000000e+00  2.40000000e-01  1.48148160e-12  1.30976888e+00  1.65783553e+00  9.55165383e-01  1.72625628e+00  3.45449498e+01  1.36223649e+00  5.57940047e+00 
 2.50000000e-01  1.48000000e+00  2.50000000e-01  1.48148160e-12  1.30976888e+00  1.65783553e+00  9.55165383e-01  1.72625628e+00  3.45449498e+01  1.36223649e+00  5.57940047e+00 
 2.60000000e-01  1.48000000e+00  2.60000000e-01  1.48148160e-12  1.30976888e+00  1.65783553e+00  9.55165383e-01  1.72625628e+00  3.45449498e+01  1.36223649e+00  5.57940047e+00 
 2.70000000e-01  1.48000000e+00  2.70000000e-01  1.48148160e-12  1.30976888e+00  1.65783553e+00  9.55165383e-01  1.72625628e+00  3.45449498e+01  1.36223649e+00  5.57940047e+00 
 2.80000000e-01  1.48000000e+00  2.80000000e-01  1.48148160e-12  1.30976888e+00  1.65783553e+00  9.55165383e-01  1.72625628e+00  3.45449498e+01  1.36223649e+00  5.57940047e+00 
 2.90000000e-01  1.48000000e+00  2.90000000e-01  1.48148160e-12  1.30976888e+00  1.65783553e+00  9.55165383e-01  1.72625628e+00  3.45449498e+01  1.36223649e+00  5.57940047e+00 
 3.00000000e-01  1.48000000e+00  3.00000000e-01  1.48148160e-12  1.30976888e+00  1.65783553e+00  9.55165383e-01  1.72625628e+00  3.45449498e+01  1.36223649e+00  5.57940047e+00 
 3.10000000e-01  1.48000000e+00  3.10000000e-01  1.48148160e-12  1.30976888e+00  1.65783553e+00  9.55165383e-01  1.72625628e+00  3.45449498e+01  1.36223649e+00  5.57940047e+00 
 3.20000000e-01  1.48000000e+00  3.20000000e-01  1.48148160e-12  1.30976888e+00  1.65783553e+00  9.55165383e-01  1.72625628e+00  3.45449498e+01  1.36223649e+00  5.57940047e+00 
 3.30000000e-01  1.48000000e+00  3.30000000e-01  1.48148160e-12  1.30976888e+00  1.65783553e+00  9.55165383e-01  1.72625628e+00  3.45449498e+01  1.36223649e+00  5.57940047e+00 
 3.40000000e-01  1.48000000e+00  3.40000000e-01  1.48148160e-12  1.30976888e+00  1.65783553e+00  9.55165383e-01  1.72625628e+00  3.45449498e+01  1.36223649e+00  5.57940047e+00 
 3.50000000e-01  1.48000000e+00  3.50000000e-01  1.48148160e-12  1.30976888e+00  1.65783553e+00  9.55165383e-01  1.72625628e+00  3.45449498e+01  1.36223649e+00  5.57940047e+00 
 3.60000000e-01  1.48000000e+00  3.60000000e-01  1.48148160e-12  1.30976888e+00  1.65783553e+00  9.55165383e-01  1.72625628e+00  3.45449498e+01  1.36223649e+00  5.57940047e+00 
 3.70000000e-01  1.48000000e+00  3.70000000e-01  1.48148160e-12  1.30976888e+00  1.65783553e+00  9.55165383e-01  1.72625628e+00  3.45449498e+01  1.36223649e+00  5.57940047e+00 
 3.80000000e-01  1.48000000e+00  3.80000000e-01  1.48148160e-12  1.30976888e+00  1.65783553e+00  9.55165383e-01  1.72625628e+00  3.45449498e+01  1.36223649e+00  5.57940047e+00 
 3.90000000e-01  1.48000000e+00  3.90000000e-01  1.48148160e-12  1.30976888e+00  1.65783553e+00  9.55165383e-01  1.72625628e+00  3.45449498e+01  1.36223649e+00  5.57940047e+00 
 4.00000000e-01  1.48000000e+00  4.00000000e-01  1.48325796e-12  1.30976888e+00  1.65783553e+00  9.55165383e-01  1.72625628e+00  3.45449498e+01  1.36223649e+00  5.57940047e+00 
 4.10000000e-01  1.48000000e+00  4.10000000e-01  1.48503432e-12  1.30976888e+00  1.65783553e+00  9.55165383e-01  1.72625628e+00  3.45449498e+01  1.36223649e+00  5.57940047e+00 
 4.20000000e-01  1.48000000e+00  4.20000000e-01  1.48325796e-12  1.30976888e+00  1.65783553e+00  9.55165383e-01  1.72625628e+00  3.45449498e+01  1.36223649e+00  5.57940047e+00 
 4.30000000e-01  1.48000000e+00  4.30000000e-01  1.48503432e-12  1.30976888e+00  1.65783553e+00  9.55165383e-01  1.72625628e+00  3.45449498e+01  1.36223649e+00  5.57940047e+00 
 4.40000000e-01  1.48000000e+00  4.40000000e-01  1.49036339e-12  1.30976888e+00  1.65783553e+00  9.55165383e-01  1.72625628e+00  3.45449498e+01  1.36223649e+00  5.57940047e+00 
 4.50000000e-01  1.48000000e+00  4.50000000e-01  1.50635060e-12  1.30976888e+00  1.65783553e+00  9.55165383e-01  1.72625628e+00  3.45449498e+01  1.36223649e+00  5.57940047e+00 
 4.60000000e-01  1.48000000e+00  4.60000000e-01  1.54187774e-12  1.30976888e+00  1.65783553e+00  9.55165383e-01  1.72625628e+00  3.45449498e+01  1.36223649e+00  5.57940047e+00 
 4.70000000e-01  1.48000000e+00  4.70000000e-01  1.63247194e-12  1.30976888e+00  1.65783553e+00  9.55165383e-01  1.72625628e+00  3.45449498e+01  1.36223649e+00  5.57940047e+00 
 4.80000000e-01  1.48000000e+00  4.80000000e-01  1.87583282e-12  1.30976888e+00  1.65783553e+00  9.55165383e-01  1.72625628e+00  3.45449498e+01  1.36223649e+00  5.57940047e+00 
 4.90000000e-01  1.48000000e+00  4.90000000e-01  2.51709764e-12  1.30976888e+00  1.65783553e+00  9.55165383e-01  1.72625628e+00  3.45449498e+01  1.36223649e+00  5.57940047e+00 
 5.00000000e-01  1.48000000e+00  5.00000000e-01  4.19042578e-12  1.30976888e+00  1.65783553e+00  9.55165383e-01  1.72625628e+00  3.45449498e+01  1.36223649e+00  5.57940047e+00 
 5.10000000e-01  1.48000000e+00  5.10000000e-01  8.53361826e-12  1.30976888e+00  1.65783553e+00  9.55165383e-01  1.72625628e+00  3.45449498e+01  1.36223649e+00  5.57940047e+00 
 5.20000000e-01  1.48000000e+00  5.20000000e-01  1.97744043e-11  1.30976888e+00  1.65783553e+00  9.55165383e-01  1.72625628e+00  3.45449498e+01  1.36223649e+00  5.57940047e+00 
 5.30000000e-01  1.48000000e+00  5.30000000e-01  4.85922413e-11  1.30976888e+00  1.65783553e+00  9.55165383e-01  1.72625628e+00  3.45449498e+01  1.36223649e+00  5.57940047e+00 
 5.40000000e-01  1.48000000e+00  5.40000000e-01  1.21485044e-10  1.30976888e+00  1.65783553e+00  9.55165383e-01  1.72625628e+00  3.45449498e+01  1.36223649e+00  5.57940047e+00 
 5.50000000e-01  1.48000000e+00  5.50000000e-01  3.02053493e-10  1.30976888e+00  1.65783553e+00  9.55165383e-01  1.72625628e+00  3.45449498e+01  1.36223649e+00  5.57940047e+00 
 5.60000000e-01  1.48000000e+00  5.60000000e-01  7.35925099e-10  1.30976888e+00  1.65783553e+00  9.55165383e-01  1.72625628e+00  3.45449498e+01  1.36223649e+00  5.57940047e+00 
 5.70000000e-01  1.48000000e+00  5.70000000e-01  1.73514536e-09  1.30976888e+00  1.65783553e+00  9.55165383e-01  1.72625628e+00  3.45449498e+01  1.36223649e+00  5.57940047e+00 
 5.80000000e-01  1.48000000e+00  5.80000000e-01  3.91382216e-09  1.30976888e+00  1.65783553e+00  9.55165383e-01  1.72625628e+00  3.45449498e+01  1.36223649e+00  5.57940047e+00 
 5.90000000e-01  1.48000000e+00  5.90000000e-01  8.37011171e-09  1.30976888e+00  1.65783553e+00  9.55165383e-01  1.72625628e+00  3.45449498e+01  1.36223649e+00  5.57940047e+00 
 6.00000000e-01  1.48000000e+00  6.00000000e-01  1.69046555e-08  1.30976888e+00  1.65783553e+00  9.55165383e-01  1.72625628e+00  3.45449498e+01  1.36223649e+00  5.57940047e+00 
 6.10000000e-01  1.48000000e+00  6.10000000e-01  3.23215126e-08  1.30976888e+00  1.65783553e+00  9.55165383e-01  1.72625628e+00  3.45449498e+01  1.36223649e+00  5.57940047e+00 
 6.20000000e-01  1.48000000e+00  6.20000000e-01  5.89667337e-08  1.30976888e+00  1.65783553e+00  9.55165383e-01  1.72625628e+00  3.45449498e+01  1.36223649e+00  5.57940047e+00 
 6.30000000e-01  1.48000000e+00  6.30000000e-01  1.03738389e-07  1.30976888e+00  1.65783553e+00  9.55165383e-01  1.72625628e+00  3.45449498e+01  1.36223649e+00  5.57940047e+00 
 6.40000000e-01  1.48000000e+00  6.40000000e-01  1.77847856e-07  1.30976888e+00  1.65783553e+00  9.55165383e-01  1.72625628e+00  3.45449498e+01  1.36223649e+00  5.57940047e+00 
 6.50000000e-01  1.48000000e+00  6.50000000e-01  2.99725720e-07  1.30976888e+00  1.65783553e+00  9.55165383e-01  1.72625628e+00  3.45449498e+01  1.36223649e+00  5.57940047e+00 
 6.60000000e-01  1.48000000e+00  6.60000000e-01  4.99636570e-07  1.30976888e+00  1.65783553e+00  9.55165383e-01  1.72625628e+00  3.45449498e+01  1.36223649e+00  5.57940047e+00 
 6.70000000e-01  1.48000000e+00  6.70000000e-01  8.26493210e-07  1.30976888e+00  1.65783553e+00  9.55165383e-01  1.72625628e+00  3.45449498e+01  1.36223649e+00  5.57940047e+00 
 6.80000000e-01  1.48000000e+00  6.80000000e-01  1.35632133e-06  1.30976888e+00  1.65783553e+00  9.55165383e-01  1.72625628e+00  3.45449498e+01  1.36223649e+00  5.57940047e+00 
 6.90000000e-01  1.48000000e+00  6.90000000e-01  2.19899573e-06  1.30976888e+00  1.65783553e+00  9.55165383e-01  1.72625628e+00  3.45449498e+01  1.36223649e+00  5.57940047e+00 
 7.00000000e-01  1.48000000e+00  7.00000000e-01  3.49630356e-06  1.30976888e+00  1.65783553e+00  9.55165383e-01  1.72625628e+00  3.45449498e+01  1.36223649e+00  5.57940047e+00 
 7.10000000e-01  1.48000000e+00  7.10000000e-01  5.40533387e-06  1.30976888e+00  1.65783553e+00  9.55165383e-01  1.72625628e+00  3.45449498e+01  1.36223649e+00  5.57940047e+00 
 7.20000000e-01  1.48000000e+00  7.20000000e-01  8.07095694e-06  1.30976888e+00  1.65783553e+00  9.55165383e-01  1.72625628e+00  3.45449498e+01  1.36223649e+00  5.57940047e+00 
 7.30000000e-01  1.48000000e+00  7.30000000e-01  1.16017584e-05  1.30976888e+00  1.65783553e+00  9.55165383e-01  1.72625628e+00  3.45449498e+01  1.36223649e+00  5.57940047e+00 
 7.40000000e-01  1.48000000e+00  7.40000000e-01  1.60615297e-05  1.30976888e+00  1.65783553e+00  9.55165383e-01  1.72625628e+00  3.45449498e+01  1.36223649e+00  5.57940047e+00 
 7.50000000e-01  1.48000000e+00  7.50000000e-01  2.14758660e-05  1.30976888e+00  1.65783553e+00  9.55165383e-01  1.72625628e+00  3.45449498e+01  1.36223649e+00  5.57940047e+00 
 7.60000000e-01  1.48000000e+00  7.60000000e-01  2.78452547e-05  1.30976888e+00  1.65783553e+00  9.55165383e-01  1.72625628e+00  3.45449498e+01  1.36223649e+00  5.57940047e+00 
 7.70000000e-01  1.48000000e+00  7.70000000e-01  3.51571373e-05  1.30976888e+00  1.65783553e+00  9.55165383e-01  1.72625628e+00  3.45449498e+01  1.36223649e+00  5.57940047e+00 
 7.80000000e-01  1.48000000e+00  7.80000000e-01  4.33940178e-05  1.30976888e+00  1.65783553e+00  9.55165383e-01  1.72625628e+00  3.45449498e+01  1.36223649e+00  5.57940047e+00 
 7.90000000e-01  1.48000000e+00  7.90000000e-01  5.25378339e-05  1.30976888e+00  1.65783553e+00  9.55165383e-01  1.72625628e+00  3.45449498e+01  1.36223649e+00  5.57940047e+00 
 8.00000000e-01  1.48000000e+00  8.00000000e-01  6.25718228e-05  1.30976888e+00  1.65783553e+00  9.55165383e-01  1.72625628e+00  3.45449498e+01  1.36223649e+00  5.57940047e+00 
 8.10000000e-01  1.48000000e+00  8.10000000e-01  7.34810110e-05  1.30976888e+00  1.65783553e+00  9.55165383e-01  1.72625628e+00  3.45449498e+01  1.36223649e+00  5.57940047e+00 
 8.20000000e-01  1.48000000e+00  8.20000000e-01  8.52520706e-05  1.30976888e+00  1.65783553e+00  9.55165383e-01  1.72625628e+00  3.45449498e+01  1.36223649e+00  5.57940047e+00 
 8.30000000e-01  1.48000000e+00  8.30000000e-01  9.78729538e-05  1.30976888e+00  1.65783553e+00  9.55165383e-01  1.72625628e+00  3.45449498e+01  1.36223649e+00  5.57940047e+00 
 8.40000000e-01  1.48000000e+00  8.40000000e-01  1.11332500e-04  1.30976888e+00  1.65783553e+00  9.55165383e-01  1.72625628e+00  3.45449498e+01  1.36223649e+00  5.57940047e+00 
 8.50000000e-01  1.48000000e+00  8.50000000e-01  1.25620098e-04  1.30976888e+00  1.65783553e+00  9.55165383e-01  1.72625628e+00  3.45449498e+01  1.36223649e+00  5.57940047e+00 
 8.60000000e-01  1.48000000e+00  8.60000000e-01  1.40725419e-04  1.30976888e+00  1.65783553e+00  9.55165383e-01  1.72625628e+00  3.45449498e+01  1.36223649e+00  5.57940047e+00 
 8.70000000e-01  1.48000000e+00  8.70000000e-01  1.56638228e-04  1.30976888e+00  1.65783553e+00  9.55165383e-01  1.72625628e+00  3.45449498e+01  1.36223649e+00  5.57940047e+00 
 8.80000000e-01  1.48000000e+00  8.80000000e-01  1.73348244e-04  1.30976888e+00  1.65783553e+00  9.55165383e-01  1.72625628e+00  3.45449498e+01  1.36223649e+00  5.57940047e+00 
 8.90000000e-01  1.48000000e+00  8.90000000e-01  1.90845058e-04  1.30976888e+00  1.65783553e+00  9.55165383e-01  1.72625628e+00  3.45449498e+01  1.36223649e+00  5.57940047e+00 
 9.00000000e-01  1.48000000e+00  9.00000000e-01  2.09118070e-04  1.30976888e+00  1.65783553e+00  9.55165383e-01  1.72625628e+00  3.45449498e+01  1.36223649e+00  5.57940047e+00 
 9.10000000e-01  1.48000000e+00  9.10000000e-01  2.28156467e-04  1.30976888e+00  1.65783553e+00  9.55165383e-01  1.72625628e+00  3.45449498e+01  1.36223649e+00  5.57940047e+00 
 9.20000000e-01  1.48000000e+00  9.20000000e-01  2.47949196e-04  1.30976888e+00  1.65783553e+00  9.55165383e-01  1.72625628e+00  3.45449498e+01  1.36223649e+00  5.57940047e+00 
 9.30000000e-01  1.48000000e+00  9.30000000e-01  2.68484973e-04  1.30976888e+00  1.65783553e+00  9.55165383e-01  1.72625628e+00  3.45449498e+01  1.36223649e+00  5.57940047e+00 
 9.40000000e-01  1.48000000e+00  9.40000000e-01  2.89752274e-04  1.30976888e+00  1.65783553e+00  9.55165383e-01  1.72625628e+00  3.45449498e+01  1.36223649e+00  5.57940047e+00 
 9.50000000e-01  1.48000000e+00  9.50000000e-01  3.11739355e-04  1.30976888e+00  1.65783553e+00  9.55165383e-01  1.72625628e+00  3.45449498e+01  1.36223649e+00  5.57940047e+00 
 9.60000000e-01  1.48000000e+00  9.60000000e-01  3.34434253e-04  1.30976888e+00  1.65783553e+00  9.55165383e-01  1.72625628e+00  3.45449498e+01  1.36223649e+00  5.57940047e+00 
 9.70000000e-01  1.48000000e+00  9.70000000e-01  3.57824803e-04  1.30976888e+00  1.65783553e+00  9.55165383e-01  1.72625628e+00  3.45449498e+01  1.36223649e+00  5.57940047e+00 
 9.80000000e-01  1.48000000e+00  9.80000000e-01  3.81898657e-04  1.30976888e+00  1.65783553e+00  9.55165383e-01  1.72625628e+00  3.45449498e+01  1.36223649e+00  5.57940047e+00 
 9.90000000e-01  1.48000000e+00  9.90000000e-01  4.06643299e-04  1.30976888e+00  1.65783553e+00  9.55165383e-01  1.72625628e+00  3.45449498e+01  1.36223649e+00  5.57940047e+00 
 1.00000000e+00  1.48000000e+00  1.00000000e+00  4.32046061e-04  1.30976888e+00  1.65783553e+00  9.55165383e-01  1.72625628e+00  3.45449498e+01  1.36223649e+00  5.57940047e+00 
 1.01000000e+00  1.48000000e+00  1.01000000e+00  4.58094135e-04  1.30976888e+00  1.65783553e+00  9.55165383e-01  1.72625628e+00  3.45449498e+01  1.36223649e+00  5.57940047e+00 
 1.02000000e+00  1.48000000e+00  1.02000000e+00  4.84774591e-04  1.30976888e+00  1.65783553e+00  9.55165383e-01  1.72625628e+00  3.45449498e+01  1.36223649e+00  5.57940047e+00 
 1.03000000e+00  1.48000000e+00  1.03000000e+00  5.12074394e-04  1.30976888e+00  1.65783553e+00  9.55165383e-01  1.72625628e+00  3.45449498e+01  1.36223649e+00  5.57940047e+00 
 1.04000000e+00  1.48000000e+00  1.04000000e+00  5.39980416e-04  1.30976888e+00  1.65783553e+00  9.55165383e-01  1.72625628e+00  3.45449498e+01  1.36223649e+00  5.57940047e+00 
 1.05000000e+00  1.48000000e+00  1.05000000e+00  5.68479449e-04  1.30976888e+00  1.65783553e+00  9.55165383e-01  1.72625628e+00  3.45449498e+01  1.36223649e+00  5.57940047e+00 
 1.06000000e+00  1.48000000e+00  1.06000000e+00  5.97558225e-04  1.30976888e+00  1.65783553e+00  9.55165383e-01  1.72625628e+00  3.45449498e+01  1.36223649e+00  5.57940047e+00 
 1.07000000e+00  1.48000000e+00  1.07000000e+00  6.27203425e-04  1.30976888e+00  1.65783553e+00  9.55165383e-01  1.72625628e+00  3.45449498e+01  1.36223649e+00  5.57940047e+00 
 1.08000000e+00  1.48000000e+00  1.08000000e+00  6.57401695e-04  1.30976888e+00  1.65783553e+00  9.55165383e-01  1.72625628e+00  3.45449498e+01  1.36223649e+00  5.57940047e+00 
 1.09000000e+00  1.48000000e+00  1.09000000e+00  6.88139656e-04  1.30976888e+00  1.65783553e+00  9.55165383e-01  1.72625628e+00  3.45449498e+01  1.36223649e+00  5.57940047e+00 
 1.10000000e+00  1.48000000e+00  1.10000000e+00  7.19403919e-04  1.30976888e+00  1.65783553e+00  9.55165383e-01  1.72625628e+00  3.45449498e+01  1.36223649e+00  5.57940047e+00 
 1.11000000e+00  1.48000000e+00  1.11000000e+00  7.51181095e-04  1.30976888e+00  1.65783553e+00  9.55165383e-01  1.72625628e+00  3.45449498e+01  1.36223649e+00  5.57940047e+00 
 1.12000000e+00  1.48000000e+00  1.12000000e+00  7.83457810e-04  1.30976888e+00  1.65783553e+00  9.55165383e-01  1.72625628e+00  3.45449498e+01  1.36223649e+00  5.57940047e+00 
 1.13000000e+00  1.48000000e+00  1.13000000e+00  8.16220708e-04  1.30976888e+00  1.65783553e+00  9.55165383e-01  1.72625628e+00  3.45449498e+01  1.36223649e+00  5.57940047e+00 
 1.14000000e+00  1.48000000e+00  1.14000000e+00  8.49456472e-04  1.30976888e+00  1.65783553e+00  9.55165383e-01  1.72625628e+00  3.45449498e+01  1.36223649e+00  5.57940047e+00 
 1.15000000e+00  1.48000000e+00  1.15000000e+00  8.83151825e-04  1.30976888e+00  1.65783553e+00  9.55165383e-01  1.72625628e+00  3.45449498e+01  1.36223649e+00  5.57940047e+00 
 1.16000000e+00  1.48000000e+00  1.16000000e+00  9.17293545e-04  1.30976888e+00  1.65783553e+00  9.55165383e-01  1.72625628e+00  3.45449498e+01  1.36223649e+00  5.57940047e+00 
 1.17000000e+00  1.48000000e+00  1.17000000e+00  9.51868469e-04  1.30976888e+00  1.65783553e+00  9.55165383e-01  1.72625628e+00  3.45449498e+01  1.36223649e+00  5.57940047e+00 
 1.18000000e+00  1.48000000e+00  1.18000000e+00  9.86863507e-04  1.30976888e+00  1.65783553e+00  9.55165383e-01  1.72625628e+00  3.45449498e+01  1.36223649e+00  5.57940047e+00 
 1.19000000e+00  1.48000000e+00  1.19000000e+00  1.02226565e-03  1.30976888e+00  1.65783553e+00  9.55165383e-01  1.72625628e+00  3.45449498e+01  1.36223649e+00  5.57940047e+00 
 1.20000000e+00  1.48000000e+00  1.20000000e+00  1.05806196e-03  1.30976888e+00  1.65783553e+00  9.55165383e-01  1.72625628e+00  3.45449498e+01  1.36223649e+00  5.57940047e+00 
 1.21000000e+00  1.48000000e+00  1.21000000e+00  1.09423962e-03  1.30976888e+00  1.65783553e+00  9.55165383e-01  1.72625628e+00  3.45449498e+01  1.36223649e+00  5.57940047e+00 
 1.22000000e+00  1.48000000e+00  1.22000000e+00  1.13078588e-03  1.30976888e+00  1.65783553e+00  9.55165383e-01  1.72625628e+00  3.45449498e+01  1.36223649e+00  5.57940047e+00 
 1.23000000e+00  1.48000000e+00  1.23000000e+00  1.16768813e-03  1.30976888e+00  1.65783553e+00  9.55165383e-01  1.72625628e+00  3.45449498e+01  1.36223649e+00  5.57940047e+00 
 1.24000000e+00  1.48000000e+00  1.24000000e+00  1.20493384e-03  1.30976888e+00  1.65783553e+00  9.55165383e-01  1.72625628e+00  3.45449498e+01  1.36223649e+00  5.57940047e+00 
 1.25000000e+00  1.48000000e+00  1.25000000e+00  1.24251062e-03  1.30976888e+00  1.65783553e+00  9.55165383e-01  1.72625628e+00  3.45449498e+01  1.36223649e+00  5.57940047e+00 
 1.26000000e+00  1.48000000e+00  1.26000000e+00  1.28040618e-03  1.30976888e+00  1.65783553e+00  9.55165383e-01  1.72625628e+00  3.45449498e+01  1.36223649e+00  5.57940047e+00 
 1.27000000e+00  1.48000000e+00  1.27000000e+00  1.31860839e-03  1.30976888e+00  1.65783553e+00  9.55165383e-01  1.72625628e+00  3.45449498e+01  1.36223649e+00  5.57940047e+00 
 1.28000000e+00  1.48000000e+00  1.28000000e+00  1.35710522e-03  1.30976888e+00  1.65783553e+00  9.55165383e-01  1.72625628e+00  3.45449498e+01  1.36223649e+00  5.57940047e+00 
 1.29000000e+00  1.48000000e+00  1.29000000e+00  1.39588480e-03  1.30976888e+00  1.65783553e+00  9.55165383e-01  1.72625628e+00  3.45449498e+01  1.36223649e+00  5.57940047e+00 
 1.30000000e+00  1.48000000e+00  1.30000000e+00  1.43493536e-03  1.30976888e+00  1.65783553e+00  9.55165383e-01  1.72625628e+00  3.45449498e+01  1.36223649e+00  5.57940047e+00 
 1.31000000e+00  1.48000000e+00  1.31000000e+00  1.47424533e-03  1.30976888e+00  1.65783553e+00  9.55165383e-01  1.72625628e+00  3.45449498e+01  1.36223649e+00  5.57940047e+00 
 1.32000000e+00  1.48000000e+00  1.32000000e+00  1.51380323e-03  1.30976888e+00  1.65783553e+00  9.55165383e-01  1.72625628e+00  3.45449498e+01  1.36223649e+00  5.57940047e+00 
 1.33000000e+00  1.48000000e+00  1.33000000e+00  1.55359775e-03  1.30976888e+00  1.65783553e+00  9.55165383e-01  1.72625628e+00  3.45449498e+01  1.36223649e+00  5.57940047e+00 
 1.34000000e+00  1.48000000e+00  1.34000000e+00  1.59361774e-03  1.30976888e+00  1.65783553e+00  9.55165383e-01  1.72625628e+00  3.45449498e+01  1.36223649e+00  5.57940047e+00 
 1.35000000e+00  1.48000000e+00  1.35000000e+00  1.63385219e-03  1.30976888e+00  1.65783553e+00  9.55165383e-01  1.72625628e+00  3.45449498e+01  1.36223649e+00  5.57940047e+00 
 1.36000000e+00  1.48000000e+00  1.36000000e+00  1.67429024e-03  1.30976888e+00  1.65783553e+00  9.55165383e-01  1.72625628e+00  3.45449498e+01  1.36223649e+00  5.57940047e+00 
 1.37000000e+00  1.48000000e+00  1.37000000e+00  1.71492118e-03  1.30976888e+00  1.65783553e+00  9.55165383e-01  1.72625628e+00  3.45449498e+01  1.36223649e+00  5.57940047e+00 
 1.38000000e+00  1.48000000e+00  1.38000000e+00  1.75573448e-03  1.30976888e+00  1.65783553e+00  9.55165383e-01  1.72625628e+00  3.45449498e+01  1.36223649e+00  5.57940047e+00 
 1.39000000e+00  1.48000000e+00  1.39000000e+00  1.79671974e-03  1.30976888e+00  1.65783553e+00  9.55165383e-01  1.72625628e+00  3.45449498e+01  1.36223649e+00  5.57940047e+00 
 1.40000000e+00  1.48000000e+00  1.40000000e+00  1.83786673e-03  1.30976888e+00  1.65783553e+00  9.55165383e-01  1.72625628e+00  3.45449498e+01  1.36223649e+00  5.57940047e+00 
 1.41000000e+00  1.48000000e+00  1.41000000e+00  1.87916537e-03  1.30976888e+00  1.65783553e+00  9.55165383e-01  1.72625628e+00  3.45449498e+01  1.36223649e+00  5.57940047e+00 
 1.42000000e+00  1.48000000e+00  1.42000000e+00  1.92060576e-03  1.30976888e+00  1.65783553e+00  9.55165383e-01  1.72625628e+00  3.45449498e+01  1.36223649e+00  5.57940047e+00 
 1.43000000e+00  1.48000000e+00  1.43000000e+00  1.96217813e-03  1.30976888e+00  1.65783553e+00  9.55165383e-01  1.72625628e+00  3.45449498e+01  1.36223649e+00  5.57940047e+00 
 1.44000000e+00  1.48000000e+00  1.44000000e+00  2.00387288e-03  1.30976888e+00  1.65783553e+00  9.55165383e-01  1.72625628e+00  3.45449498e+01  1.36223649e+00  5.57940047e+00 
 1.45000000e+00  1.48000000e+00  1.45000000e+00  2.04568056e-03  1.30976888e+00  1.65783553e+00  9.55165383e-01  1.72625628e+00  3.45449498e+01  1.36223649e+00  5.57940047e+00 
 1.46000000e+00  1.48000000e+00  1.46000000e+00  2.08759190e-03  1.30976888e+00  1.65783553e+00  9.55165383e-01  1.72625628e+00  3.45449498e+01  1.36223649e+00  5.57940047e+00 
 1.47000000e+00  1.48000000e+00  1.47000000e+00  2.12959776e-03  1.30976888e+00  1.65783553e+00  9.55165383e-01  1.72625628e+00  3.45449498e+01  1.36223649e+00  5.57940047e+00 
 1.48000000e+00  1.48000000e+00  1.48000000e+00  2.17168916e-03  1.30976888e+00  1.65783553e+00  9.55165383e-01  1.72625628e+00  3.45449498e+01  1.36223649e+00  5.57940047e+00 
 1.49000000e+00  1.48000000e+00  1.49000000e+00  2.21385729e-03  1.30976888e+00  1.65783553e+00  9.55165383e-01  1.72625628e+00  3.45449498e+01  1.36223649e+00  5.57940047e+00 
 1.50000000e+00  1.48000000e+00  1.50000000e+00  2.25609348e-03  1.30976888e+00  1.65783553e+00  9.55165383e-01  1.72625628e+00  3.45449498e+01  1.36223649e+00  5.57940047e+00 
 1.51000000e+00  1.48000000e+00  1.51000000e+00  2.29838921e-03  1.30976888e+00  1.65783553e+00  9.55165383e-01  1.72625628e+00  3.45449498e+01  1.36223649e+00  5.57940047e+00 
 1.52000000e+00  1.48000000e+00  1.52000000e+00  2.34073613e-03  1.30976888e+00  1.65783553e+00  9.55165383e-01  1.72625628e+00  3.45449498e+01  1.36223649e+00  5.57940047e+00 
 1.53000000e+00  1.48000000e+00  1.53000000e+00  2.38312601e-03  1.30976888e+00  1.65783553e+00  9.55165383e-01  1.72625628e+00  3.45449498e+01  1.36223649e+00  5.57940047e+00 
 1.54000000e+00  1.48000000e+00  1.54000000e+00  2.42555079e-03  1.30976888e+00  1.65783553e+00  9.55165383e-01  1.72625628e+00  3.45449498e+01  1.36223649e+00  5.57940047e+00 
 1.55000000e+00  1.48000000e+00  1.55000000e+00  2.46800255e-03  1.30976888e+00  1.65783553e+00  9.55165383e-01  1.72625628e+00  3.45449498e+01  1.36223649e+00  5.57940047e+00 
 1.56000000e+00  1.48000000e+00  1.56000000e+00  2.51047352e-03  1.30976888e+00  1.65783553e+00  9.55165383e-01  1.72625628e+00  3.45449498e+01  1.36223649e+00  5.57940047e+00 
 1.57000000e+00  1.48000000e+00  1.57000000e+00  2.55295606e-03  1.30976888e+00  1.65783553e+00  9.55165383e-01  1.72625628e+00  3.45449498e+01  1.36223649e+00  5.57940047e+00 
 1.58000000e+00  1.48000000e+00  1.58000000e+00  2.59544268e-03  1.30976888e+00  1.65783553e+00  9.55165383e-01  1.72625628e+00  3.45449498e+01  1.36223649e+00  5.57940047e+00 
 1.59000000e+00  1.48000000e+00  1.59000000e+00  2.63792602e-03  1.30976888e+00  1.65783553e+00  9.55165383e-01  1.72625628e+00  3.45449498e+01  1.36223649e+00  5.57940047e+00 
 1.60000000e+00  1.48000000e+00  1.60000000e+00  2.68039887e-03  1.30976888e+00  1.65783553e+00  9.55165383e-01  1.72625628e+00  3.45449498e+01  1.36223649e+00  5.57940047e+00 
 1.61000000e+00  1.48000000e+00  1.61000000e+00  2.72285415e-03  1.30976888e+00  1.65783553e+00  9.55165383e-01  1.72625628e+00  3.45449498e+01  1.36223649e+00  5.57940047e+00 
 1.62000000e+00  1.48000000e+00  1.62000000e+00  2.76528491e-03  1.30976888e+00  1.65783553e+00  9.55165383e-01  1.72625628e+00  3.45449498e+01  1.36223649e+00  5.57940047e+00 
 1.63000000e+00  1.48000000e+00  1.63000000e+00  2.80768433e-03  1.30976888e+00  1.65783553e+00  9.55165383e-01  1.72625628e+00  3.45449498e+01  1.36223649e+00  5.57940047e+00 
 1.64000000e+00  1.48000000e+00  1.64000000e+00  2.85004573e-03  1.30976888e+00  1.65783553e+00  9.55165383e-01  1.72625628e+00  3.45449498e+01  1.36223649e+00  5.57940047e+00 
 1.65000000e+00  1.48000000e+00  1.65000000e+00  2.89236252e-03  1.30976888e+00  1.65783553e+00  9.55165383e-01  1.72625628e+00  3.45449498e+01  1.36223649e+00  5.57940047e+00 
 1.66000000e+00  1.48000000e+00  1.66000000e+00  2.93462829e-03  1.30976888e+00  1.65783553e+00  9.55165383e-01  1.72625628e+00  3.45449498e+01  1.36223649e+00  5.57940047e+00 
 1.67000000e+00  1.48000000e+00  1.67000000e+00  2.97683670e-03  1.30976888e+00  1.65783553e+00  9.55165383e-01  1.72625628e+00  3.45449498e+01  1.36223649e+00  5.57940047e+00 
 1.68000000e+00  1.48000000e+00  1.68000000e+00  3.01898157e-03  1.30976888e+00  1.65783553e+00  9.55165383e-01  1.72625628e+00  3.45449498e+01  1.36223649e+00  5.57940047e+00 
 1.69000000e+00  1.48000000e+00  1.69000000e+00  3.06105680e-03  1.30976888e+00  1.65783553e+00  9.55165383e-01  1.72625628e+00  3.45449498e+01  1.36223649e+00  5.57940047e+00 
 1.70000000e+00  1.48000000e+00  1.70000000e+00  3.10305644e-03  1.30976888e+00  1.65783553e+00  9.55165383e-01  1.72625628e+00  3.45449498e+01  1.36223649e+00  5.57940047e+00 
 1.71000000e+00  1.48000000e+00  1.71000000e+00  3.14497462e-03  1.30976888e+00  1.65783553e+00  9.55165383e-01  1.72625628e+00  3.45449498e+01  1.36223649e+00  5.57940047e+00 
 1.72000000e+00  1.48000000e+00  1.72000000e+00  3.18680561e-03  1.30976888e+00  1.65783553e+00  9.55165383e-01  1.72625628e+00  3.45449498e+01  1.36223649e+00  5.57940047e+00 
 1.73000000e+00  1.48000000e+00  1.73000000e+00  3.22854376e-03  1.30976888e+00  1.65783553e+00  9.55165383e-01  1.72625628e+00  3.45449498e+01  1.36223649e+00  5.57940047e+00 
 1.74000000e+00  1.48000000e+00  1.74000000e+00  3.27018355e-03  1.30976888e+00  1.65783553e+00  9.55165383e-01  1.72625628e+00  3.45449498e+01  1.36223649e+00  5.57940047e+00 
 1.75000000e+00  1.48000000e+00  1.75000000e+00  3.31171955e-03  1.30976888e+00  1.65783553e+00  9.55165383e-01  1.72625628e+00  3.45449498e+01  1.36223649e+00  5.57940047e+00 
 1.76000000e+00  1.48000000e+00  1.76000000e+00  3.35314643e-03  1.30976888e+00  1.65783553e+00  9.55165383e-01  1.72625628e+00  3.45449498e+01  1.36223649e+00  5.57940047e+00 
 1.77000000e+00  1.48000000e+00  1.77000000e+00  3.39445896e-03  1.30976888e+00  1.65783553e+00  9.55165383e-01  1.72625628e+00  3.45449498e+01  1.36223649e+00  5.57940047e+00 
 1.78000000e+00  1.48000000e+00  1.78000000e+00  3.43565200e-03  1.30976888e+00  1.65783553e+00  9.55165383e-01  1.72625628e+00  3.45449498e+01  1.36223649e+00  5.57940047e+00 
 1.79000000e+00  1.48000000e+00  1.79000000e+00  3.47672053e-03  1.30976888e+00  1.65783553e+00  9.55165383e-01  1.72625628e+00  3.45449498e+01  1.36223649e+00  5.57940047e+00 
 1.80000000e+00  1.48000000e+00  1.80000000e+00  3.51765960e-03  1.30976888e+00  1.65783553e+00  9.55165383e-01  1.72625628e+00  3.45449498e+01  1.36223649e+00  5.57940047e+00 
 1.81000000e+00  1.48000000e+00  1.81000000e+00  3.55846434e-03  1.30976888e+00  1.65783553e+00  9.55165383e-01  1.72625628e+00  3.45449498e+01  1.36223649e+00  5.57940047e+00 
 1.82000000e+00  1.48000000e+00  1.82000000e+00  3.59912999e-03  1.30976888e+00  1.65783553e+00  9.55165383e-01  1.72625628e+00  3.45449498e+01  1.36223649e+00  5.57940047e+00 
 1.83000000e+00  1.48000000e+00  1.83000000e+00  3.63965186e-03  1.30976888e+00  1.65783553e+00  9.55165383e-01  1.72625628e+00  3.45449498e+01  1.36223649e+00  5.57940047e+00 
 1.84000000e+00  1.48000000e+00  1.84000000e+00  3.68002535e-03  1.30976888e+00  1.65783553e+00  9.55165383e-01  1.72625628e+00  3.45449498e+01  1.36223649e+00  5.57940047e+00 
 1.85000000e+00  1.48000000e+00  1.85000000e+00  3.72024594e-03  1.30976888e+00  1.65783553e+00  9.55165383e-01  1.72625628e+00  3.45449498e+01  1.36223649e+00  5.57940047e+00 
