 0.00000000e+00  0.00000000e+00  1.48000000e+00 -9.47953913e-20  1.27975642e+00  1.68824294e+00  9.51146304e-01  1.65739352e+00  2.90739679e+01  1.35196455e+00  5.04165040e+00 
 1.00000000e-02  1.00000000e-02  1.48000000e+00  4.35729226e-05  1.27975642e+00  1.68824294e+00  9.51146304e-01  1.65739352e+00  2.90739679e+01  1.35196455e+00  5.04165040e+00 
 2.00000000e-02  2.00000000e-02  1.48000000e+00  8.66626386e-05  1.27975642e+00  1.68824294e+00  9.51146304e-01  1.65739352e+00  2.90739679e+01  1.35196455e+00  5.04165040e+00 
 3.00000000e-02  3.00000000e-02  1.48000000e+00  1.29267581e-04  1.27975642e+00  1.68824294e+00  9.51146304e-01  1.65739352e+00  2.90739679e+01  1.35196455e+00  5.04165040e+00 
 4.00000000e-02  4.00000000e-02  1.48000000e+00  1.71386172e-04  1.27975642e+00  1.68824294e+00  9.51146304e-01  1.65739352e+00  2.90739679e+01  1.35196455e+00  5.04165040e+00 
 5.00000000e-02  5.00000000e-02  1.48000000e+00  2.13016825e-04  1.27975642e+00  1.68824294e+00  9.51146304e-01  1.65739352e+00  2.90739679e+01  1.35196455e+00  5.04165040e+00 
 6.00000000e-02  6.00000000e-02  1.48000000e+00  2.54157941e-04  1.27975642e+00  1.68824294e+00  9.51146304e-01  1.65739352e+00  2.90739679e+01  1.35196455e+00  5.04165040e+00 
 7.00000000e-02  7.00000000e-02  1.48000000e+00  2.94807913e-04  1.27975642e+00  1.68824294e+00  9.51146304e-01  1.65739352e+00  2.90739679e+01  1.35196455e+00  5.04165040e+00 
 8.00000000e-02  8.00000000e-02  1.48000000e+00  3.34965125e-04  1.27975642e+00  1.68824294e+00  9.51146304e-01  1.65739352e+00  2.90739679e+01  1.35196455e+00  5.04165040e+00 
 9.00000000e-02  9.00000000e-02  1.48000000e+00  3.74627951e-04  1.27975642e+00  1.68824294e+00  9.51146304e-01  1.65739352e+00  2.90739679e+01  1.35196455e+00  5.04165040e+00 
 1.00000000e-01  1.00000000e-01  1.48000000e+00  4.13794758e-04  1.27975642e+00  1.68824294e+00  9.51146304e-01  1.65739352e+00  2.90739679e+01  1.35196455e+00  5.04165040e+00 
 1.10000000e-01  1.10000000e-01  1.48000000e+00  4.52463904e-04  1.27975642e+00  1.68824294e+00  9.51146304e-01  1.65739352e+00  2.90739679e+01  1.35196455e+00  5.04165040e+00 
 1.20000000e-01  1.20000000e-01  1.48000000e+00  4.90633742e-04  1.27975642e+00  1.68824294e+00  9.51146304e-01  1.65739352e+00  2.90739679e+01  1.35196455e+00  5.04165040e+00 
 1.30000000e-01  1.30000000e-01  1.48000000e+00  5.28302620e-04  1.27975642e+00  1.68824294e+00  9.51146304e-01  1.65739352e+00  2.90739679e+01  1.35196455e+00  5.04165040e+00 
 1.40000000e-01  1.40000000e-01  1.48000000e+00  5.65468882e-04  1.27975642e+00  1.68824294e+00  9.51146304e-01  1.65739352e+00  2.90739679e+01  1.35196455e+00  5.04165040e+00 
 1.50000000e-01  1.50000000e-01  1.48000000e+00  6.02130869e-04  1.27975642e+00  1.68824294e+00  9.51146304e-01  1.65739352e+00  2.90739679e+01  1.35196455e+00  5.04165040e+00 
 1.60000000e-01  1.60000000e-01  1.48000000e+00  6.38286925e-04  1.27975642e+00  1.68824294e+00  9.51146304e-01  1.65739352e+00  2.90739679e+01  1.35196455e+00  5.04165040e+00 
 1.70000000e-01  1.70000000e-01  1.48000000e+00  6.73935392e-04  1.27975642e+00  1.68824294e+00  9.51146304e-01  1.65739352e+00  2.90739679e+01  1.35196455e+00  5.04165040e+00 
 1.80000000e-01  1.80000000e-01  1.48000000e+00  7.09074622e-04  1.27975642e+00  1.68824294e+00  9.51146304e-01  1.65739352e+00  2.90739679e+01  1.35196455e+00  5.04165040e+00 
 1.90000000e-01  1.90000000e-01  1.48000000e+00  7.43702971e-04  1.27975642e+00  1.68824294e+00  9.51146304e-01  1.65739352e+00  2.90739679e+01  1.35196455e+00  5.04165040e+00 
 2.00000000e-01  2.00000000e-01  1.48000000e+00  7.77818811e-04  1.27975642e+00  1.68824294e+00  9.51146304e-01  1.65739352e+00  2.90739679e+01  1.35196455e+00  5.04165040e+00 
 2.10000000e-01  2.10000000e-01  1.48000000e+00  8.11420528e-04  1.27975642e+00  1.68824294e+00  9.51146304e-01  1.65739352e+00  2.90739679e+01  1.35196455e+00  5.04165040e+00 
 2.20000000e-01  2.20000000e-01  1.48000000e+00  8.44506530e-04  1.27975642e+00  1.68824294e+00  9.51146304e-01  1.65739352e+00  2.90739679e+01  1.35196455e+00  5.04165040e+00 
 2.30000000e-01  2.30000000e-01  1.48000000e+00  8.77075252e-04  1.27975642e+00  1.68824294e+00  9.51146304e-01  1.65739352e+00  2.90739679e+01  1.35196455e+00  5.04165040e+00 
 2.40000000e-01  2.40000000e-01  1.48000000e+00  9.09125162e-04  1.27975642e+00  1.68824294e+00  9.51146304e-01  1.65739352e+00  2.90739679e+01  1.35196455e+00  5.04165040e+00 
 2.50000000e-01  2.50000000e-01  1.48000000e+00  9.40654770e-04  1.27975642e+00  1.68824294e+00  9.51146304e-01  1.65739352e+00  2.90739679e+01  1.35196455e+00  5.04165040e+00 
 2.60000000e-01  2.60000000e-01  1.48000000e+00  9.71662633e-04  1.27975642e+00  1.68824294e+00  9.51146304e-01  1.65739352e+00  2.90739679e+01  1.35196455e+00  5.04165040e+00 
 2.70000000e-01  2.70000000e-01  1.48000000e+00  1.00214737e-03  1.27975642e+00  1.68824294e+00  9.51146304e-01  1.65739352e+00  2.90739679e+01  1.35196455e+00  5.04165040e+00 
 2.80000000e-01  2.80000000e-01  1.48000000e+00  1.03210765e-03  1.27975642e+00  1.68824294e+00  9.51146304e-01  1.65739352e+00  2.90739679e+01  1.35196455e+00  5.04165040e+00 
 2.90000000e-01  2.90000000e-01  1.48000000e+00  1.06154226e-03  1.27975642e+00  1.68824294e+00  9.51146304e-01  1.65739352e+00  2.90739679e+01  1.35196455e+00  5.04165040e+00 
 3.00000000e-01  3.00000000e-01  1.48000000e+00  1.09045003e-03  1.27975642e+00  1.68824294e+00  9.51146304e-01  1.65739352e+00  2.90739679e+01  1.35196455e+00  5.04165040e+00 
 3.10000000e-01  3.10000000e-01  1.48000000e+00  1.11882994e-03  1.27975642e+00  1.68824294e+00  9.51146304e-01  1.65739352e+00  2.90739679e+01  1.35196455e+00  5.04165040e+00 
 3.20000000e-01  3.20000000e-01  1.48000000e+00  1.14668106e-03  1.27975642e+00  1.68824294e+00  9.51146304e-01  1.65739352e+00  2.90739679e+01  1.35196455e+00  5.04165040e+00 
 3.30000000e-01  3.30000000e-01  1.48000000e+00  1.17400263e-03  1.27975642e+00  1.68824294e+00  9.51146304e-01  1.65739352e+00  2.90739679e+01  1.35196455e+00  5.04165040e+00 
 3.40000000e-01  3.40000000e-01  1.48000000e+00  1.20079400e-03  1.27975642e+00  1.68824294e+00  9.51146304e-01  1.65739352e+00  2.90739679e+01  1.35196455e+00  5.04165040e+00 
 3.50000000e-01  3.50000000e-01  1.48000000e+00  1.22705475e-03  1.27975642e+00  1.68824294e+00  9.51146304e-01  1.65739352e+00  2.90739679e+01  1.35196455e+00  5.04165040e+00 
 3.60000000e-01  3.60000000e-01  1.48000000e+00  1.25278462e-03  1.27975642e+00  1.68824294e+00  9.51146304e-01  1.65739352e+00  2.90739679e+01  1.35196455e+00  5.04165040e+00 
 3.70000000e-01  3.70000000e-01  1.48000000e+00  1.27798359e-03  1.27975642e+00  1.68824294e+00  9.51146304e-01  1.65739352e+00  2.90739679e+01  1.35196455e+00  5.04165040e+00 
 3.80000000e-01  3.80000000e-01  1.48000000e+00  1.30265187e-03  1.27975642e+00  1.68824294e+00  9.51146304e-01  1.65739352e+00  2.90739679e+01  1.35196455e+00  5.04165040e+00 
 3.90000000e-01  3.90000000e-01  1.48000000e+00  1.32678996e-03  1.27975642e+00  1.68824294e+00  9.51146304e-01  1.65739352e+00  2.90739679e+01  1.35196455e+00  5.04165040e+00 
 4.00000000e-01  4.00000000e-01  1.48000000e+00  1.35039863e-03  1.27975642e+00  1.68824294e+00  9.51146304e-01  1.65739352e+00  2.90739679e+01  1.35196455e+00  5.04165040e+00 
 4.10000000e-01  4.10000000e-01  1.48000000e+00  1.37347900e-03  1.27975642e+00  1.68824294e+00  9.51146304e-01  1.65739352e+00  2.90739679e+01  1.35196455e+00  5.04165040e+00 
 4.20000000e-01  4.20000000e-01  1.48000000e+00  1.39603252e-03  1.27975642e+00  1.68824294e+00  9.51146304e-01  1.65739352e+00  2.90739679e+01  1.35196455e+00  5.04165040e+00 
 4.30000000e-01  4.30000000e-01  1.48000000e+00  1.41806103e-03  1.27975642e+00  1.68824294e+00  9.51146304e-01  1.65739352e+00  2.90739679e+01  1.35196455e+00  5.04165040e+00 
 4.40000000e-01  4.40000000e-01  1.48000000e+00  1.43956678e-03  1.27975642e+00  1.68824294e+00  9.51146304e-01  1.65739352e+00  2.90739679e+01  1.35196455e+00  5.04165040e+00 
 4.50000000e-01  4.50000000e-01  1.48000000e+00  1.46055243e-03  1.27975642e+00  1.68824294e+00  9.51146304e-01  1.65739352e+00  2.90739679e+01  1.35196455e+00  5.04165040e+00 
 4.60000000e-01  4.60000000e-01  1.48000000e+00  1.48102112e-03  1.27975642e+00  1.68824294e+00  9.51146304e-01  1.65739352e+00  2.90739679e+01  1.35196455e+00  5.04165040e+00 
 4.70000000e-01  4.70000000e-01  1.48000000e+00  1.50097646e-03  1.27975642e+00  1.68824294e+00  9.51146304e-01  1.65739352e+00  2.90739679e+01  1.35196455e+00  5.04165040e+00 
 4.80000000e-01  4.80000000e-01  1.48000000e+00  1.52042256e-03  1.27975642e+00  1.68824294e+00  9.51146304e-01  1.65739352e+00  2.90739679e+01  1.35196455e+00  5.04165040e+00 
 4.90000000e-01  4.90000000e-01  1.48000000e+00  1.53936405e-03  1.27975642e+00  1.68824294e+00  9.51146304e-01  1.65739352e+00  2.90739679e+01  1.35196455e+00  5.04165040e+00 
 5.00000000e-01  5.00000000e-01  1.48000000e+00  1.55780609e-03  1.27975642e+00  1.68824294e+00  9.51146304e-01  1.65739352e+00  2.90739679e+01  1.35196455e+00  5.04165040e+00 
 5.10000000e-01  5.10000000e-01  1.48000000e+00  1.57575439e-03  1.27975642e+00  1.68824294e+00  9.51146304e-01  1.65739352e+00  2.90739679e+01  1.35196455e+00  5.04165040e+00 
 5.20000000e-01  5.20000000e-01  1.48000000e+00  1.59321519e-03  1.27975642e+00  1.68824294e+00  9.51146304e-01  1.65739352e+00  2.90739679e+01  1.35196455e+00  5.04165040e+00 
 5.30000000e-01  5.30000000e-01  1.48000000e+00  1.61019529e-03  1.27975642e+00  1.68824294e+00  9.51146304e-01  1.65739352e+00  2.90739679e+01  1.35196455e+00  5.04165040e+00 
 5.40000000e-01  5.40000000e-01  1.48000000e+00  1.62670200e-03  1.27975642e+00  1.68824294e+00  9.51146304e-01  1.65739352e+00  2.90739679e+01  1.35196455e+00  5.04165040e+00 
 5.50000000e-01  5.50000000e-01  1.48000000e+00  1.64274320e-03  1.27975642e+00  1.68824294e+00  9.51146304e-01  1.65739352e+00  2.90739679e+01  1.35196455e+00  5.04165040e+00 
 5.60000000e-01  5.60000000e-01  1.48000000e+00  1.65832723e-03  1.27975642e+00  1.68824294e+00  9.51146304e-01  1.65739352e+00  2.90739679e+01  1.35196455e+00  5.04165040e+00 
 5.70000000e-01  5.70000000e-01  1.48000000e+00  1.67346296e-03  1.27975642e+00  1.68824294e+00  9.51146304e-01  1.65739352e+00  2.90739679e+01  1.35196455e+00  5.04165040e+00 
 5.80000000e-01  5.80000000e-01  1.48000000e+00  1.68815967e-03  1.27975642e+00  1.68824294e+00  9.51146304e-01  1.65739352e+00  2.90739679e+01  1.35196455e+00  5.04165040e+00 
 5.90000000e-01  5.90000000e-01  1.48000000e+00  1.70242710e-03  1.27975642e+00  1.68824294e+00  9.51146304e-01  1.65739352e+00  2.90739679e+01  1.35196455e+00  5.04165040e+00 
 6.00000000e-01  6.00000000e-01  1.48000000e+00  1.71627534e-03  1.27975642e+00  1.68824294e+00  9.51146304e-01  1.65739352e+00  2.90739679e+01  1.35196455e+00  5.04165040e+00 
 6.10000000e-01  6.10000000e-01  1.48000000e+00  1.72971484e-03  1.27975642e+00  1.68824294e+00  9.51146304e-01  1.65739352e+00  2.90739679e+01  1.35196455e+00  5.04165040e+00 
 6.20000000e-01  6.20000000e-01  1.48000000e+00  1.74275634e-03  1.27975642e+00  1.68824294e+00  9.51146304e-01  1.65739352e+00  2.90739679e+01  1.35196455e+00  5.04165040e+00 
 6.30000000e-01  6.30000000e-01  1.48000000e+00  1.75541082e-03  1.27975642e+00  1.68824294e+00  9.51146304e-01  1.65739352e+00  2.90739679e+01  1.35196455e+00  5.04165040e+00 
 6.40000000e-01  6.40000000e-01  1.48000000e+00  1.76768945e-03  1.27975642e+00  1.68824294e+00  9.51146304e-01  1.65739352e+00  2.90739679e+01  1.35196455e+00  5.04165040e+00 
 6.50000000e-01  6.50000000e-01  1.48000000e+00  1.77960355e-03  1.27975642e+00  1.68824294e+00  9.51146304e-01  1.65739352e+00  2.90739679e+01  1.35196455e+00  5.04165040e+00 
 6.60000000e-01  6.60000000e-01  1.48000000e+00  1.79116455e-03  1.27975642e+00  1.68824294e+00  9.51146304e-01  1.65739352e+00  2.90739679e+01  1.35196455e+00  5.04165040e+00 
 6.70000000e-01  6.70000000e-01  1.48000000e+00  1.80238391e-03  1.27975642e+00  1.68824294e+00  9.51146304e-01  1.65739352e+00  2.90739679e+01  1.35196455e+00  5.04165040e+00 
 6.80000000e-01  6.80000000e-01  1.48000000e+00  1.81327307e-03  1.27975642e+00  1.68824294e+00  9.51146304e-01  1.65739352e+00  2.90739679e+01  1.35196455e+00  5.04165040e+00 
 6.90000000e-01  6.90000000e-01  1.48000000e+00  1.82384347e-03  1.27975642e+00  1.68824294e+00  9.51146304e-01  1.65739352e+00  2.90739679e+01  1.35196455e+00  5.04165040e+00 
 7.00000000e-01  7.00000000e-01  1.48000000e+00  1.83410643e-03  1.27975642e+00  1.68824294e+00  9.51146304e-01  1.65739352e+00  2.90739679e+01  1.35196455e+00  5.04165040e+00 
 7.10000000e-01  7.10000000e-01  1.48000000e+00  1.84407314e-03  1.27975642e+00  1.68824294e+00  9.51146304e-01  1.65739352e+00  2.90739679e+01  1.35196455e+00  5.04165040e+00 
 7.20000000e-01  7.20000000e-01  1.48000000e+00  1.85375464e-03  1.27975642e+00  1.68824294e+00  9.51146304e-01  1.65739352e+00  2.90739679e+01  1.35196455e+00  5.04165040e+00 
 7.30000000e-01  7.30000000e-01  1.48000000e+00  1.86316177e-03  1.27975642e+00  1.68824294e+00  9.51146304e-01  1.65739352e+00  2.90739679e+01  1.35196455e+00  5.04165040e+00 
 7.40000000e-01  7.40000000e-01  1.48000000e+00  1.87230515e-03  1.27975642e+00  1.68824294e+00  9.51146304e-01  1.65739352e+00  2.90739679e+01  1.35196455e+00  5.04165040e+00 
 7.50000000e-01  7.50000000e-01  1.48000000e+00  1.88119515e-03  1.27975642e+00  1.68824294e+00  9.51146304e-01  1.65739352e+00  2.90739679e+01  1.35196455e+00  5.04165040e+00 
 7.60000000e-01  7.60000000e-01  1.48000000e+00  1.88984188e-03  1.27975642e+00  1.68824294e+00  9.51146304e-01  1.65739352e+00  2.90739679e+01  1.35196455e+00  5.04165040e+00 
 7.70000000e-01  7.70000000e-01  1.48000000e+00  1.89825516e-03  1.27975642e+00  1.68824294e+00  9.51146304e-01  1.65739352e+00  2.90739679e+01  1.35196455e+00  5.04165040e+00 
 7.80000000e-01  7.80000000e-01  1.48000000e+00  1.90644452e-03  1.27975642e+00  1.68824294e+00  9.51146304e-01  1.65739352e+00  2.90739679e+01  1.35196455e+00  5.04165040e+00 
 7.90000000e-01  7.90000000e-01  1.48000000e+00  1.91441917e-03  1.27975642e+00  1.68824294e+00  9.51146304e-01  1.65739352e+00  2.90739679e+01  1.35196455e+00  5.04165040e+00 
 8.00000000e-01  8.00000000e-01  1.48000000e+00  1.92218804e-03  1.27975642e+00  1.68824294e+00  9.51146304e-01  1.65739352e+00  2.90739679e+01  1.35196455e+00  5.04165040e+00 
 8.10000000e-01  8.10000000e-01  1.48000000e+00  1.92975969e-03  1.27975642e+00  1.68824294e+00  9.51146304e-01  1.65739352e+00  2.90739679e+01  1.35196455e+00  5.04165040e+00 
 8.20000000e-01  8.20000000e-01  1.48000000e+00  1.93714242e-03  1.27975642e+00  1.68824294e+00  9.51146304e-01  1.65739352e+00  2.90739679e+01  1.35196455e+00  5.04165040e+00 
 8.30000000e-01  8.30000000e-01  1.48000000e+00  1.94434417e-03  1.27975642e+00  1.68824294e+00  9.51146304e-01  1.65739352e+00  2.90739679e+01  1.35196455e+00  5.04165040e+00 
 8.40000000e-01  8.40000000e-01  1.48000000e+00  1.95137259e-03  1.27975642e+00  1.68824294e+00  9.51146304e-01  1.65739352e+00  2.90739679e+01  1.35196455e+00  5.04165040e+00 
 8.50000000e-01  8.50000000e-01  1.48000000e+00  1.95823500e-03  1.27975642e+00  1.68824294e+00  9.51146304e-01  1.65739352e+00  2.90739679e+01  1.35196455e+00  5.04165040e+00 
 8.60000000e-01  8.60000000e-01  1.48000000e+00  1.96493842e-03  1.27975642e+00  1.68824294e+00  9.51146304e-01  1.65739352e+00  2.90739679e+01  1.35196455e+00  5.04165040e+00 
 8.70000000e-01  8.70000000e-01  1.48000000e+00  1.97148958e-03  1.27975642e+00  1.68824294e+00  9.51146304e-01  1.65739352e+00  2.90739679e+01  1.35196455e+00  5.04165040e+00 
 8.80000000e-01  8.80000000e-01  1.48000000e+00  1.97789490e-03  1.27975642e+00  1.68824294e+00  9.51146304e-01  1.65739352e+00  2.90739679e+01  1.35196455e+00  5.04165040e+00 
 8.90000000e-01  8.90000000e-01  1.48000000e+00  1.98416054e-03  1.27975642e+00  1.68824294e+00  9.51146304e-01  1.65739352e+00  2.90739679e+01  1.35196455e+00  5.04165040e+00 
 9.00000000e-01  9.00000000e-01  1.48000000e+00  1.99029236e-03  1.27975642e+00  1.68824294e+00  9.51146304e-01  1.65739352e+00  2.90739679e+01  1.35196455e+00  5.04165040e+00 
 9.10000000e-01  9.10000000e-01  1.48000000e+00  1.99629597e-03  1.27975642e+00  1.68824294e+00  9.51146304e-01  1.65739352e+00  2.90739679e+01  1.35196455e+00  5.04165040e+00 
 9.20000000e-01  9.20000000e-01  1.48000000e+00  2.00217672e-03  1.27975642e+00  1.68824294e+00  9.51146304e-01  1.65739352e+00  2.90739679e+01  1.35196455e+00  5.04165040e+00 
 9.30000000e-01  9.30000000e-01  1.48000000e+00  2.00793971e-03  1.27975642e+00  1.68824294e+00  9.51146304e-01  1.65739352e+00  2.90739679e+01  1.35196455e+00  5.04165040e+00 
 9.40000000e-01  9.40000000e-01  1.48000000e+00  2.01358980e-03  1.27975642e+00  1.68824294e+00  9.51146304e-01  1.65739352e+00  2.90739679e+01  1.35196455e+00  5.04165040e+00 
 9.50000000e-01  9.50000000e-01  1.48000000e+00  2.01913164e-03  1.27975642e+00  1.68824294e+00  9.51146304e-01  1.65739352e+00  2.90739679e+01  1.35196455e+00  5.04165040e+00 
 9.60000000e-01  9.60000000e-01  1.48000000e+00  2.02456965e-03  1.27975642e+00  1.68824294e+00  9.51146304e-01  1.65739352e+00  2.90739679e+01  1.35196455e+00  5.04165040e+00 
 9.70000000e-01  9.70000000e-01  1.48000000e+00  2.02990805e-03  1.27975642e+00  1.68824294e+00  9.51146304e-01  1.65739352e+00  2.90739679e+01  1.35196455e+00  5.04165040e+00 
 9.80000000e-01  9.80000000e-01  1.48000000e+00  2.03515083e-03  1.27975642e+00  1.68824294e+00  9.51146304e-01  1.65739352e+00  2.90739679e+01  1.35196455e+00  5.04165040e+00 
 9.90000000e-01  9.90000000e-01  1.48000000e+00  2.04030185e-03  1.27975642e+00  1.68824294e+00  9.51146304e-01  1.65739352e+00  2.90739679e+01  1.35196455e+00  5.04165040e+00 
 1.00000000e+00  1.00000000e+00  1.48000000e+00  2.04536473e-03  1.27975642e+00  1.68824294e+00  9.51146304e-01  1.65739352e+00  2.90739679e+01  1.35196455e+00  5.04165040e+00 
 1.01000000e+00  1.01000000e+00  1.48000000e+00  2.05034296e-03  1.27975642e+00  1.68824294e+00  9.51146304e-01  1.65739352e+00  2.90739679e+01  1.35196455e+00  5.04165040e+00 
 1.02000000e+00  1.02000000e+00  1.48000000e+00  2.05523984e-03  1.27975642e+00  1.68824294e+00  9.51146304e-01  1.65739352e+00  2.90739679e+01  1.35196455e+00  5.04165040e+00 
 1.03000000e+00  1.03000000e+00  1.48000000e+00  2.06005853e-03  1.27975642e+00  1.68824294e+00  9.51146304e-01  1.65739352e+00  2.90739679e+01  1.35196455e+00  5.04165040e+00 
 1.04000000e+00  1.04000000e+00  1.48000000e+00  2.06480203e-03  1.27975642e+00  1.68824294e+00  9.51146304e-01  1.65739352e+00  2.90739679e+01  1.35196455e+00  5.04165040e+00 
 1.05000000e+00  1.05000000e+00  1.48000000e+00  2.06947322e-03  1.27975642e+00  1.68824294e+00  9.51146304e-01  1.65739352e+00  2.90739679e+01  1.35196455e+00  5.04165040e+00 
 1.06000000e+00  1.06000000e+00  1.48000000e+00  2.07407483e-03  1.27975642e+00  1.68824294e+00  9.51146304e-01  1.65739352e+00  2.90739679e+01  1.35196455e+00  5.04165040e+00 
 1.07000000e+00  1.07000000e+00  1.48000000e+00  2.07860946e-03  1.27975642e+00  1.68824294e+00  9.51146304e-01  1.65739352e+00  2.90739679e+01  1.35196455e+00  5.04165040e+00 
 1.08000000e+00  1.08000000e+00  1.48000000e+00  2.08307960e-03  1.27975642e+00  1.68824294e+00  9.51146304e-01  1.65739352e+00  2.90739679e+01  1.35196455e+00  5.04165040e+00 
 1.09000000e+00  1.09000000e+00  1.48000000e+00  2.08748762e-03  1.27975642e+00  1.68824294e+00  9.51146304e-01  1.65739352e+00  2.90739679e+01  1.35196455e+00  5.04165040e+00 
 1.10000000e+00  1.10000000e+00  1.48000000e+00  2.09183579e-03  1.27975642e+00  1.68824294e+00  9.51146304e-01  1.65739352e+00  2.90739679e+01  1.35196455e+00  5.04165040e+00 
 1.11000000e+00  1.11000000e+00  1.48000000e+00  2.09612627e-03  1.27975642e+00  1.68824294e+00  9.51146304e-01  1.65739352e+00  2.90739679e+01  1.35196455e+00  5.04165040e+00 
 1.12000000e+00  1.12000000e+00  1.48000000e+00  2.10036111e-03  1.27975642e+00  1.68824294e+00  9.51146304e-01  1.65739352e+00  2.90739679e+01  1.35196455e+00  5.04165040e+00 
 1.13000000e+00  1.13000000e+00  1.48000000e+00  2.10454229e-03  1.27975642e+00  1.68824294e+00  9.51146304e-01  1.65739352e+00  2.90739679e+01  1.35196455e+00  5.04165040e+00 
 1.14000000e+00  1.14000000e+00  1.48000000e+00  2.10867169e-03  1.27975642e+00  1.68824294e+00  9.51146304e-01  1.65739352e+00  2.90739679e+01  1.35196455e+00  5.04165040e+00 
 1.15000000e+00  1.15000000e+00  1.48000000e+00  2.11275111e-03  1.27975642e+00  1.68824294e+00  9.51146304e-01  1.65739352e+00  2.90739679e+01  1.35196455e+00  5.04165040e+00 
 1.16000000e+00  1.16000000e+00  1.48000000e+00  2.11678226e-03  1.27975642e+00  1.68824294e+00  9.51146304e-01  1.65739352e+00  2.90739679e+01  1.35196455e+00  5.04165040e+00 
 1.17000000e+00  1.17000000e+00  1.48000000e+00  2.12076680e-03  1.27975642e+00  1.68824294e+00  9.51146304e-01  1.65739352e+00  2.90739679e+01  1.35196455e+00  5.04165040e+00 
 1.18000000e+00  1.18000000e+00  1.48000000e+00  2.12470630e-03  1.27975642e+00  1.68824294e+00  9.51146304e-01  1.65739352e+00  2.90739679e+01  1.35196455e+00  5.04165040e+00 
 1.19000000e+00  1.19000000e+00  1.48000000e+00  2.12860225e-03  1.27975642e+00  1.68824294e+00  9.51146304e-01  1.65739352e+00  2.90739679e+01  1.35196455e+00  5.04165040e+00 
 1.20000000e+00  1.20000000e+00  1.48000000e+00  2.13245610e-03  1.27975642e+00  1.68824294e+00  9.51146304e-01  1.65739352e+00  2.90739679e+01  1.35196455e+00  5.04165040e+00 
 1.21000000e+00  1.21000000e+00  1.48000000e+00  2.13626924e-03  1.27975642e+00  1.68824294e+00  9.51146304e-01  1.65739352e+00  2.90739679e+01  1.35196455e+00  5.04165040e+00 
 1.22000000e+00  1.22000000e+00  1.48000000e+00  2.14004297e-03  1.27975642e+00  1.68824294e+00  9.51146304e-01  1.65739352e+00  2.90739679e+01  1.35196455e+00  5.04165040e+00 
 1.23000000e+00  1.23000000e+00  1.48000000e+00  2.14377856e-03  1.27975642e+00  1.68824294e+00  9.51146304e-01  1.65739352e+00  2.90739679e+01  1.35196455e+00  5.04165040e+00 
 1.24000000e+00  1.24000000e+00  1.48000000e+00  2.14747723e-03  1.27975642e+00  1.68824294e+00  9.51146304e-01  1.65739352e+00  2.90739679e+01  1.35196455e+00  5.04165040e+00 
 1.25000000e+00  1.25000000e+00  1.48000000e+00  2.15114014e-03  1.27975642e+00  1.68824294e+00  9.51146304e-01  1.65739352e+00  2.90739679e+01  1.35196455e+00  5.04165040e+00 
 1.26000000e+00  1.26000000e+00  1.48000000e+00  2.15476841e-03  1.27975642e+00  1.68824294e+00  9.51146304e-01  1.65739352e+00  2.90739679e+01  1.35196455e+00  5.04165040e+00 
 1.27000000e+00  1.27000000e+00  1.48000000e+00  2.15836309e-03  1.27975642e+00  1.68824294e+00  9.51146304e-01  1.65739352e+00  2.90739679e+01  1.35196455e+00  5.04165040e+00 
 1.28000000e+00  1.28000000e+00  1.48000000e+00  2.16192523e-03  1.27975642e+00  1.68824294e+00  9.51146304e-01  1.65739352e+00  2.90739679e+01  1.35196455e+00  5.04165040e+00 
 1.29000000e+00  1.29000000e+00  1.48000000e+00  2.16545581e-03  1.27975642e+00  1.68824294e+00  9.51146304e-01  1.65739352e+00  2.90739679e+01  1.35196455e+00  5.04165040e+00 
 1.30000000e+00  1.30000000e+00  1.48000000e+00  2.16895576e-03  1.27975642e+00  1.68824294e+00  9.51146304e-01  1.65739352e+00  2.90739679e+01  1.35196455e+00  5.04165040e+00 
 1.31000000e+00  1.31000000e+00  1.48000000e+00  2.17242601e-03  1.27975642e+00  1.68824294e+00  9.51146304e-01  1.65739352e+00  2.90739679e+01  1.35196455e+00  5.04165040e+00 
 1.32000000e+00  1.32000000e+00  1.48000000e+00  2.17586743e-03  1.27975642e+00  1.68824294e+00  9.51146304e-01  1.65739352e+00  2.90739679e+01  1.35196455e+00  5.04165040e+00 
 1.33000000e+00  1.33000000e+00  1.48000000e+00  2.17928085e-03  1.27975642e+00  1.68824294e+00  9.51146304e-01  1.65739352e+00  2.90739679e+01  1.35196455e+00  5.04165040e+00 
 1.34000000e+00  1.34000000e+00  1.48000000e+00  2.18266709e-03  1.27975642e+00  1.68824294e+00  9.51146304e-01  1.65739352e+00  2.90739679e+01  1.35196455e+00  5.04165040e+00 
 1.35000000e+00  1.35000000e+00  1.48000000e+00  2.18602691e-03  1.27975642e+00  1.68824294e+00  9.51146304e-01  1.65739352e+00  2.90739679e+01  1.35196455e+00  5.04165040e+00 
 1.36000000e+00  1.36000000e+00  1.48000000e+00  2.18936108e-03  1.27975642e+00  1.68824294e+00  9.51146304e-01  1.65739352e+00  2.90739679e+01  1.35196455e+00  5.04165040e+00 
 1.37000000e+00  1.37000000e+00  1.48000000e+00  2.19267030e-03  1.27975642e+00  1.68824294e+00  9.51146304e-01  1.65739352e+00  2.90739679e+01  1.35196455e+00  5.04165040e+00 
 1.38000000e+00  1.38000000e+00  1.48000000e+00  2.19595528e-03  1.27975642e+00  1.68824294e+00  9.51146304e-01  1.65739352e+00  2.90739679e+01  1.35196455e+00  5.04165040e+00 
 1.39000000e+00  1.39000000e+00  1.48000000e+00  2.19921667e-03  1.27975642e+00  1.68824294e+00  9.51146304e-01  1.65739352e+00  2.90739679e+01  1.35196455e+00  5.04165040e+00 
 1.40000000e+00  1.40000000e+00  1.48000000e+00  2.20245513e-03  1.27975642e+00  1.68824294e+00  9.51146304e-01  1.65739352e+00  2.90739679e+01  1.35196455e+00  5.04165040e+00 
 1.41000000e+00  1.41000000e+00  1.48000000e+00  2.20567127e-03  1.27975642e+00  1.68824294e+00  9.51146304e-01  1.65739352e+00  2.90739679e+01  1.35196455e+00  5.04165040e+00 
 1.42000000e+00  1.42000000e+00  1.48000000e+00  2.20886569e-03  1.27975642e+00  1.68824294e+00  9.51146304e-01  1.65739352e+00  2.90739679e+01  1.35196455e+00  5.04165040e+00 
 1.43000000e+00  1.43000000e+00  1.48000000e+00  2.21203896e-03  1.27975642e+00  1.68824294e+00  9.51146304e-01  1.65739352e+00  2.90739679e+01  1.35196455e+00  5.04165040e+00 
 1.44000000e+00  1.44000000e+00  1.48000000e+00  2.21519165e-03  1.27975642e+00  1.68824294e+00  9.51146304e-01  1.65739352e+00  2.90739679e+01  1.35196455e+00  5.04165040e+00 
 1.45000000e+00  1.45000000e+00  1.48000000e+00  2.21832429e-03  1.27975642e+00  1.68824294e+00  9.51146304e-01  1.65739352e+00  2.90739679e+01  1.35196455e+00  5.04165040e+00 
 1.46000000e+00  1.46000000e+00  1.48000000e+00  2.22143740e-03  1.27975642e+00  1.68824294e+00  9.51146304e-01  1.65739352e+00  2.90739679e+01  1.35196455e+00  5.04165040e+00 
 1.47000000e+00  1.47000000e+00  1.48000000e+00  2.22453147e-03  1.27975642e+00  1.68824294e+00  9.51146304e-01  1.65739352e+00  2.90739679e+01  1.35196455e+00  5.04165040e+00 
 1.48000000e+00  1.48000000e+00  1.48000000e+00  2.22760699e-03  1.27975642e+00  1.68824294e+00  9.51146304e-01  1.65739352e+00  2.90739679e+01  1.35196455e+00  5.04165040e+00 
 1.49000000e+00  1.49000000e+00  1.48000000e+00  2.23066443e-03  1.27975642e+00  1.68824294e+00  9.51146304e-01  1.65739352e+00  2.90739679e+01  1.35196455e+00  5.04165040e+00 
 1.50000000e+00  1.50000000e+00  1.48000000e+00  2.23370424e-03  1.27975642e+00  1.68824294e+00  9.51146304e-01  1.65739352e+00  2.90739679e+01  1.35196455e+00  5.04165040e+00 
 1.51000000e+00  1.51000000e+00  1.48000000e+00  2.23672685e-03  1.27975642e+00  1.68824294e+00  9.51146304e-01  1.65739352e+00  2.90739679e+01  1.35196455e+00  5.04165040e+00 
 1.52000000e+00  1.52000000e+00  1.48000000e+00  2.23973269e-03  1.27975642e+00  1.68824294e+00  9.51146304e-01  1.65739352e+00  2.90739679e+01  1.35196455e+00  5.04165040e+00 
 1.53000000e+00  1.53000000e+00  1.48000000e+00  2.24272216e-03  1.27975642e+00  1.68824294e+00  9.51146304e-01  1.65739352e+00  2.90739679e+01  1.35196455e+00  5.04165040e+00 
 1.54000000e+00  1.54000000e+00  1.48000000e+00  2.24569566e-03  1.27975642e+00  1.68824294e+00  9.51146304e-01  1.65739352e+00  2.90739679e+01  1.35196455e+00  5.04165040e+00 
 1.55000000e+00  1.55000000e+00  1.48000000e+00  2.24865357e-03  1.27975642e+00  1.68824294e+00  9.51146304e-01  1.65739352e+00  2.90739679e+01  1.35196455e+00  5.04165040e+00 
 1.56000000e+00  1.56000000e+00  1.48000000e+00  2.25159626e-03  1.27975642e+00  1.68824294e+00  9.51146304e-01  1.65739352e+00  2.90739679e+01  1.35196455e+00  5.04165040e+00 
 1.57000000e+00  1.57000000e+00  1.48000000e+00  2.25452408e-03  1.27975642e+00  1.68824294e+00  9.51146304e-01  1.65739352e+00  2.90739679e+01  1.35196455e+00  5.04165040e+00 
 1.58000000e+00  1.58000000e+00  1.48000000e+00  2.25743739e-03  1.27975642e+00  1.68824294e+00  9.51146304e-01  1.65739352e+00  2.90739679e+01  1.35196455e+00  5.04165040e+00 
 1.59000000e+00  1.59000000e+00  1.48000000e+00  2.26033651e-03  1.27975642e+00  1.68824294e+00  9.51146304e-01  1.65739352e+00  2.90739679e+01  1.35196455e+00  5.04165040e+00 
 1.60000000e+00  1.60000000e+00  1.48000000e+00  2.26322178e-03  1.27975642e+00  1.68824294e+00  9.51146304e-01  1.65739352e+00  2.90739679e+01  1.35196455e+00  5.04165040e+00 
 1.61000000e+00  1.61000000e+00  1.48000000e+00  2.26609351e-03  1.27975642e+00  1.68824294e+00  9.51146304e-01  1.65739352e+00  2.90739679e+01  1.35196455e+00  5.04165040e+00 
 1.62000000e+00  1.62000000e+00  1.48000000e+00  2.26895200e-03  1.27975642e+00  1.68824294e+00  9.51146304e-01  1.65739352e+00  2.90739679e+01  1.35196455e+00  5.04165040e+00 
 1.63000000e+00  1.63000000e+00  1.48000000e+00  2.27179756e-03  1.27975642e+00  1.68824294e+00  9.51146304e-01  1.65739352e+00  2.90739679e+01  1.35196455e+00  5.04165040e+00 
 1.64000000e+00  1.64000000e+00  1.48000000e+00  2.27463046e-03  1.27975642e+00  1.68824294e+00  9.51146304e-01  1.65739352e+00  2.90739679e+01  1.35196455e+00  5.04165040e+00 
 1.65000000e+00  1.65000000e+00  1.48000000e+00  2.27745100e-03  1.27975642e+00  1.68824294e+00  9.51146304e-01  1.65739352e+00  2.90739679e+01  1.35196455e+00  5.04165040e+00 
 1.66000000e+00  1.66000000e+00  1.48000000e+00  2.28025943e-03  1.27975642e+00  1.68824294e+00  9.51146304e-01  1.65739352e+00  2.90739679e+01  1.35196455e+00  5.04165040e+00 
 1.67000000e+00  1.67000000e+00  1.48000000e+00  2.28305602e-03  1.27975642e+00  1.68824294e+00  9.51146304e-01  1.65739352e+00  2.90739679e+01  1.35196455e+00  5.04165040e+00 
 1.68000000e+00  1.68000000e+00  1.48000000e+00  2.28584103e-03  1.27975642e+00  1.68824294e+00  9.51146304e-01  1.65739352e+00  2.90739679e+01  1.35196455e+00  5.04165040e+00 
 1.69000000e+00  1.69000000e+00  1.48000000e+00  2.28861471e-03  1.27975642e+00  1.68824294e+00  9.51146304e-01  1.65739352e+00  2.90739679e+01  1.35196455e+00  5.04165040e+00 
 1.70000000e+00  1.70000000e+00  1.48000000e+00  2.29137729e-03  1.27975642e+00  1.68824294e+00  9.51146304e-01  1.65739352e+00  2.90739679e+01  1.35196455e+00  5.04165040e+00 
 1.71000000e+00  1.71000000e+00  1.48000000e+00  2.29412901e-03  1.27975642e+00  1.68824294e+00  9.51146304e-01  1.65739352e+00  2.90739679e+01  1.35196455e+00  5.04165040e+00 
 1.72000000e+00  1.72000000e+00  1.48000000e+00  2.29687010e-03  1.27975642e+00  1.68824294e+00  9.51146304e-01  1.65739352e+00  2.90739679e+01  1.35196455e+00  5.04165040e+00 
 1.73000000e+00  1.73000000e+00  1.48000000e+00  2.29960077e-03  1.27975642e+00  1.68824294e+00  9.51146304e-01  1.65739352e+00  2.90739679e+01  1.35196455e+00  5.04165040e+00 
 1.74000000e+00  1.74000000e+00  1.48000000e+00  2.30232126e-03  1.27975642e+00  1.68824294e+00  9.51146304e-01  1.65739352e+00  2.90739679e+01  1.35196455e+00  5.04165040e+00 
 1.75000000e+00  1.75000000e+00  1.48000000e+00  2.30503175e-03  1.27975642e+00  1.68824294e+00  9.51146304e-01  1.65739352e+00  2.90739679e+01  1.35196455e+00  5.04165040e+00 
 1.76000000e+00  1.76000000e+00  1.48000000e+00  2.30773247e-03  1.27975642e+00  1.68824294e+00  9.51146304e-01  1.65739352e+00  2.90739679e+01  1.35196455e+00  5.04165040e+00 
 1.77000000e+00  1.77000000e+00  1.48000000e+00  2.31042360e-03  1.27975642e+00  1.68824294e+00  9.51146304e-01  1.65739352e+00  2.90739679e+01  1.35196455e+00  5.04165040e+00 
 1.78000000e+00  1.78000000e+00  1.48000000e+00  2.31310534e-03  1.27975642e+00  1.68824294e+00  9.51146304e-01  1.65739352e+00  2.90739679e+01  1.35196455e+00  5.04165040e+00 
 1.79000000e+00  1.79000000e+00  1.48000000e+00  2.31577788e-03  1.27975642e+00  1.68824294e+00  9.51146304e-01  1.65739352e+00  2.90739679e+01  1.35196455e+00  5.04165040e+00 
 1.80000000e+00  1.80000000e+00  1.48000000e+00  2.31844140e-03  1.27975642e+00  1.68824294e+00  9.51146304e-01  1.65739352e+00  2.90739679e+01  1.35196455e+00  5.04165040e+00 
 1.81000000e+00  1.81000000e+00  1.48000000e+00  2.32109609e-03  1.27975642e+00  1.68824294e+00  9.51146304e-01  1.65739352e+00  2.90739679e+01  1.35196455e+00  5.04165040e+00 
 1.82000000e+00  1.82000000e+00  1.48000000e+00  2.32374211e-03  1.27975642e+00  1.68824294e+00  9.51146304e-01  1.65739352e+00  2.90739679e+01  1.35196455e+00  5.04165040e+00 
 1.83000000e+00  1.83000000e+00  1.48000000e+00  2.32637965e-03  1.27975642e+00  1.68824294e+00  9.51146304e-01  1.65739352e+00  2.90739679e+01  1.35196455e+00  5.04165040e+00 
 1.84000000e+00  1.84000000e+00  1.48000000e+00  2.32900886e-03  1.27975642e+00  1.68824294e+00  9.51146304e-01  1.65739352e+00  2.90739679e+01  1.35196455e+00  5.04165040e+00 
 1.85000000e+00  1.85000000e+00  1.48000000e+00  2.33162992e-03  1.27975642e+00  1.68824294e+00  9.51146304e-01  1.65739352e+00  2.90739679e+01  1.35196455e+00  5.04165040e+00 
