 0.00000000e+00  0.00000000e+00  1.48000000e+00  6.27488252e-20  1.20332225e+00  1.64113783e+00  1.04069094e+00  1.67282680e+00  3.35656492e+01  1.49818081e+00  5.57305129e+00 
 1.00000000e-02  1.00000000e-02  1.48000000e+00  4.19433207e-05  1.20332225e+00  1.64113783e+00  1.04069094e+00  1.67282680e+00  3.35656492e+01  1.49818081e+00  5.57305129e+00 
 2.00000000e-02  2.00000000e-02  1.48000000e+00  8.34398403e-05  1.20332225e+00  1.64113783e+00  1.04069094e+00  1.67282680e+00  3.35656492e+01  1.49818081e+00  5.57305129e+00 
 3.00000000e-02  3.00000000e-02  1.48000000e+00  1.24487816e-04  1.20332225e+00  1.64113783e+00  1.04069094e+00  1.67282680e+00  3.35656492e+01  1.49818081e+00  5.57305129e+00 
 4.00000000e-02  4.00000000e-02  1.48000000e+00  1.65085498e-04  1.20332225e+00  1.64113783e+00  1.04069094e+00  1.67282680e+00  3.35656492e+01  1.49818081e+00  5.57305129e+00 
 5.00000000e-02  5.00000000e-02  1.48000000e+00  2.05231130e-04  1.20332225e+00  1.64113783e+00  1.04069094e+00  1.67282680e+00  3.35656492e+01  1.49818081e+00  5.57305129e+00 
 6.00000000e-02  6.00000000e-02  1.48000000e+00  2.44922950e-04  1.20332225e+00  1.64113783e+00  1.04069094e+00  1.67282680e+00  3.35656492e+01  1.49818081e+00  5.57305129e+00 
 7.00000000e-02  7.00000000e-02  1.48000000e+00  2.84159188e-04  1.20332225e+00  1.64113783e+00  1.04069094e+00  1.67282680e+00  3.35656492e+01  1.49818081e+00  5.57305129e+00 
 8.00000000e-02  8.00000000e-02  1.48000000e+00  3.22938072e-04  1.20332225e+00  1.64113783e+00  1.04069094e+00  1.67282680e+00  3.35656492e+01  1.49818081e+00  5.57305129e+00 
 9.00000000e-02  9.00000000e-02  1.48000000e+00  3.61257825e-04  1.20332225e+00  1.64113783e+00  1.04069094e+00  1.67282680e+00  3.35656492e+01  1.49818081e+00  5.57305129e+00 
 1.00000000e-01  1.00000000e-01  1.48000000e+00  3.99116667e-04  1.20332225e+00  1.64113783e+00  1.04069094e+00  1.67282680e+00  3.35656492e+01  1.49818081e+00  5.57305129e+00 
 1.10000000e-01  1.10000000e-01  1.48000000e+00  4.36512816e-04  1.20332225e+00  1.64113783e+00  1.04069094e+00  1.67282680e+00  3.35656492e+01  1.49818081e+00  5.57305129e+00 
 1.20000000e-01  1.20000000e-01  1.48000000e+00  4.73444488e-04  1.20332225e+00  1.64113783e+00  1.04069094e+00  1.67282680e+00  3.35656492e+01  1.49818081e+00  5.57305129e+00 
 1.30000000e-01  1.30000000e-01  1.48000000e+00  5.09909902e-04  1.20332225e+00  1.64113783e+00  1.04069094e+00  1.67282680e+00  3.35656492e+01  1.49818081e+00  5.57305129e+00 
 1.40000000e-01  1.40000000e-01  1.48000000e+00  5.45907278e-04  1.20332225e+00  1.64113783e+00  1.04069094e+00  1.67282680e+00  3.35656492e+01  1.49818081e+00  5.57305129e+00 
 1.50000000e-01  1.50000000e-01  1.48000000e+00  5.81434840e-04  1.20332225e+00  1.64113783e+00  1.04069094e+00  1.67282680e+00  3.35656492e+01  1.49818081e+00  5.57305129e+00 
 1.60000000e-01  1.60000000e-01  1.48000000e+00  6.16490818e-04  1.20332225e+00  1.64113783e+00  1.04069094e+00  1.67282680e+00  3.35656492e+01  1.49818081e+00  5.57305129e+00 
 1.70000000e-01  1.70000000e-01  1.48000000e+00  6.51073453e-04  1.20332225e+00  1.64113783e+00  1.04069094e+00  1.67282680e+00  3.35656492e+01  1.49818081e+00  5.57305129e+00 
 1.80000000e-01  1.80000000e-01  1.48000000e+00  6.85180995e-04  1.20332225e+00  1.64113783e+00  1.04069094e+00  1.67282680e+00  3.35656492e+01  1.49818081e+00  5.57305129e+00 
 1.90000000e-01  1.90000000e-01  1.48000000e+00  7.18811707e-04  1.20332225e+00  1.64113783e+00  1.04069094e+00  1.67282680e+00  3.35656492e+01  1.49818081e+00  5.57305129e+00 
 2.00000000e-01  2.00000000e-01  1.48000000e+00  7.51963874e-04  1.20332225e+00  1.64113783e+00  1.04069094e+00  1.67282680e+00  3.35656492e+01  1.49818081e+00  5.57305129e+00 
 2.10000000e-01  2.10000000e-01  1.48000000e+00  7.84635800e-04  1.20332225e+00  1.64113783e+00  1.04069094e+00  1.67282680e+00  3.35656492e+01  1.49818081e+00  5.57305129e+00 
 2.20000000e-01  2.20000000e-01  1.48000000e+00  8.16825814e-04  1.20332225e+00  1.64113783e+00  1.04069094e+00  1.67282680e+00  3.35656492e+01  1.49818081e+00  5.57305129e+00 
 2.30000000e-01  2.30000000e-01  1.48000000e+00  8.48532278e-04  1.20332225e+00  1.64113783e+00  1.04069094e+00  1.67282680e+00  3.35656492e+01  1.49818081e+00  5.57305129e+00 
 2.40000000e-01  2.40000000e-01  1.48000000e+00  8.79753587e-04  1.20332225e+00  1.64113783e+00  1.04069094e+00  1.67282680e+00  3.35656492e+01  1.49818081e+00  5.57305129e+00 
 2.50000000e-01  2.50000000e-01  1.48000000e+00  9.10488181e-04  1.20332225e+00  1.64113783e+00  1.04069094e+00  1.67282680e+00  3.35656492e+01  1.49818081e+00  5.57305129e+00 
 2.60000000e-01  2.60000000e-01  1.48000000e+00  9.40734545e-04  1.20332225e+00  1.64113783e+00  1.04069094e+00  1.67282680e+00  3.35656492e+01  1.49818081e+00  5.57305129e+00 
 2.70000000e-01  2.70000000e-01  1.48000000e+00  9.70491223e-04  1.20332225e+00  1.64113783e+00  1.04069094e+00  1.67282680e+00  3.35656492e+01  1.49818081e+00  5.57305129e+00 
 2.80000000e-01  2.80000000e-01  1.48000000e+00  9.99756821e-04  1.20332225e+00  1.64113783e+00  1.04069094e+00  1.67282680e+00  3.35656492e+01  1.49818081e+00  5.57305129e+00 
 2.90000000e-01  2.90000000e-01  1.48000000e+00  1.02853002e-03  1.20332225e+00  1.64113783e+00  1.04069094e+00  1.67282680e+00  3.35656492e+01  1.49818081e+00  5.57305129e+00 
 3.00000000e-01  3.00000000e-01  1.48000000e+00  1.05680957e-03  1.20332225e+00  1.64113783e+00  1.04069094e+00  1.67282680e+00  3.35656492e+01  1.49818081e+00  5.57305129e+00 
 3.10000000e-01  3.10000000e-01  1.48000000e+00  1.08459433e-03  1.20332225e+00  1.64113783e+00  1.04069094e+00  1.67282680e+00  3.35656492e+01  1.49818081e+00  5.57305129e+00 
 3.20000000e-01  3.20000000e-01  1.48000000e+00  1.11188326e-03  1.20332225e+00  1.64113783e+00  1.04069094e+00  1.67282680e+00  3.35656492e+01  1.49818081e+00  5.57305129e+00 
 3.30000000e-01  3.30000000e-01  1.48000000e+00  1.13867543e-03  1.20332225e+00  1.64113783e+00  1.04069094e+00  1.67282680e+00  3.35656492e+01  1.49818081e+00  5.57305129e+00 
 3.40000000e-01  3.40000000e-01  1.48000000e+00  1.16497003e-03  1.20332225e+00  1.64113783e+00  1.04069094e+00  1.67282680e+00  3.35656492e+01  1.49818081e+00  5.57305129e+00 
 3.50000000e-01  3.50000000e-01  1.48000000e+00  1.19076643e-03  1.20332225e+00  1.64113783e+00  1.04069094e+00  1.67282680e+00  3.35656492e+01  1.49818081e+00  5.57305129e+00 
 3.60000000e-01  3.60000000e-01  1.48000000e+00  1.21606411e-03  1.20332225e+00  1.64113783e+00  1.04069094e+00  1.67282680e+00  3.35656492e+01  1.49818081e+00  5.57305129e+00 
 3.70000000e-01  3.70000000e-01  1.48000000e+00  1.24086277e-03  1.20332225e+00  1.64113783e+00  1.04069094e+00  1.67282680e+00  3.35656492e+01  1.49818081e+00  5.57305129e+00 
 3.80000000e-01  3.80000000e-01  1.48000000e+00  1.26516227e-03  1.20332225e+00  1.64113783e+00  1.04069094e+00  1.67282680e+00  3.35656492e+01  1.49818081e+00  5.57305129e+00 
 3.90000000e-01  3.90000000e-01  1.48000000e+00  1.28896270e-03  1.20332225e+00  1.64113783e+00  1.04069094e+00  1.67282680e+00  3.35656492e+01  1.49818081e+00  5.57305129e+00 
 4.00000000e-01  4.00000000e-01  1.48000000e+00  1.31226437e-03  1.20332225e+00  1.64113783e+00  1.04069094e+00  1.67282680e+00  3.35656492e+01  1.49818081e+00  5.57305129e+00 
 4.10000000e-01  4.10000000e-01  1.48000000e+00  1.33506785e-03  1.20332225e+00  1.64113783e+00  1.04069094e+00  1.67282680e+00  3.35656492e+01  1.49818081e+00  5.57305129e+00 
 4.20000000e-01  4.20000000e-01  1.48000000e+00  1.35737397e-03  1.20332225e+00  1.64113783e+00  1.04069094e+00  1.67282680e+00  3.35656492e+01  1.49818081e+00  5.57305129e+00 
 4.30000000e-01  4.30000000e-01  1.48000000e+00  1.37918385e-03  1.20332225e+00  1.64113783e+00  1.04069094e+00  1.67282680e+00  3.35656492e+01  1.49818081e+00  5.57305129e+00 
 4.40000000e-01  4.40000000e-01  1.48000000e+00  1.40049894e-03  1.20332225e+00  1.64113783e+00  1.04069094e+00  1.67282680e+00  3.35656492e+01  1.49818081e+00  5.57305129e+00 
 4.50000000e-01  4.50000000e-01  1.48000000e+00  1.42132098e-03  1.20332225e+00  1.64113783e+00  1.04069094e+00  1.67282680e+00  3.35656492e+01  1.49818081e+00  5.57305129e+00 
 4.60000000e-01  4.60000000e-01  1.48000000e+00  1.44165210e-03  1.20332225e+00  1.64113783e+00  1.04069094e+00  1.67282680e+00  3.35656492e+01  1.49818081e+00  5.57305129e+00 
 4.70000000e-01  4.70000000e-01  1.48000000e+00  1.46149479e-03  1.20332225e+00  1.64113783e+00  1.04069094e+00  1.67282680e+00  3.35656492e+01  1.49818081e+00  5.57305129e+00 
 4.80000000e-01  4.80000000e-01  1.48000000e+00  1.48085192e-03  1.20332225e+00  1.64113783e+00  1.04069094e+00  1.67282680e+00  3.35656492e+01  1.49818081e+00  5.57305129e+00 
 4.90000000e-01  4.90000000e-01  1.48000000e+00  1.49972677e-03  1.20332225e+00  1.64113783e+00  1.04069094e+00  1.67282680e+00  3.35656492e+01  1.49818081e+00  5.57305129e+00 
 5.00000000e-01  5.00000000e-01  1.48000000e+00  1.51812303e-03  1.20332225e+00  1.64113783e+00  1.04069094e+00  1.67282680e+00  3.35656492e+01  1.49818081e+00  5.57305129e+00 
 5.10000000e-01  5.10000000e-01  1.48000000e+00  1.53604485e-03  1.20332225e+00  1.64113783e+00  1.04069094e+00  1.67282680e+00  3.35656492e+01  1.49818081e+00  5.57305129e+00 
 5.20000000e-01  5.20000000e-01  1.48000000e+00  1.55349679e-03  1.20332225e+00  1.64113783e+00  1.04069094e+00  1.67282680e+00  3.35656492e+01  1.49818081e+00  5.57305129e+00 
 5.30000000e-01  5.30000000e-01  1.48000000e+00  1.57048387e-03  1.20332225e+00  1.64113783e+00  1.04069094e+00  1.67282680e+00  3.35656492e+01  1.49818081e+00  5.57305129e+00 
 5.40000000e-01  5.40000000e-01  1.48000000e+00  1.58701157e-03  1.20332225e+00  1.64113783e+00  1.04069094e+00  1.67282680e+00  3.35656492e+01  1.49818081e+00  5.57305129e+00 
 5.50000000e-01  5.50000000e-01  1.48000000e+00  1.60308581e-03  1.20332225e+00  1.64113783e+00  1.04069094e+00  1.67282680e+00  3.35656492e+01  1.49818081e+00  5.57305129e+00 
 5.60000000e-01  5.60000000e-01  1.48000000e+00  1.61871295e-03  1.20332225e+00  1.64113783e+00  1.04069094e+00  1.67282680e+00  3.35656492e+01  1.49818081e+00  5.57305129e+00 
 5.70000000e-01  5.70000000e-01  1.48000000e+00  1.63389981e-03  1.20332225e+00  1.64113783e+00  1.04069094e+00  1.67282680e+00  3.35656492e+01  1.49818081e+00  5.57305129e+00 
 5.80000000e-01  5.80000000e-01  1.48000000e+00  1.64865362e-03  1.20332225e+00  1.64113783e+00  1.04069094e+00  1.67282680e+00  3.35656492e+01  1.49818081e+00  5.57305129e+00 
 5.90000000e-01  5.90000000e-01  1.48000000e+00  1.66298202e-03  1.20332225e+00  1.64113783e+00  1.04069094e+00  1.67282680e+00  3.35656492e+01  1.49818081e+00  5.57305129e+00 
 6.00000000e-01  6.00000000e-01  1.48000000e+00  1.67689305e-03  1.20332225e+00  1.64113783e+00  1.04069094e+00  1.67282680e+00  3.35656492e+01  1.49818081e+00  5.57305129e+00 
 6.10000000e-01  6.10000000e-01  1.48000000e+00  1.69039509e-03  1.20332225e+00  1.64113783e+00  1.04069094e+00  1.67282680e+00  3.35656492e+01  1.49818081e+00  5.57305129e+00 
 6.20000000e-01  6.20000000e-01  1.48000000e+00  1.70349688e-03  1.20332225e+00  1.64113783e+00  1.04069094e+00  1.67282680e+00  3.35656492e+01  1.49818081e+00  5.57305129e+00 
 6.30000000e-01  6.30000000e-01  1.48000000e+00  1.71620746e-03  1.20332225e+00  1.64113783e+00  1.04069094e+00  1.67282680e+00  3.35656492e+01  1.49818081e+00  5.57305129e+00 
 6.40000000e-01  6.40000000e-01  1.48000000e+00  1.72853612e-03  1.20332225e+00  1.64113783e+00  1.04069094e+00  1.67282680e+00  3.35656492e+01  1.49818081e+00  5.57305129e+00 
 6.50000000e-01  6.50000000e-01  1.48000000e+00  1.74049243e-03  1.20332225e+00  1.64113783e+00  1.04069094e+00  1.67282680e+00  3.35656492e+01  1.49818081e+00  5.57305129e+00 
 6.60000000e-01  6.60000000e-01  1.48000000e+00  1.75208611e-03  1.20332225e+00  1.64113783e+00  1.04069094e+00  1.67282680e+00  3.35656492e+01  1.49818081e+00  5.57305129e+00 
 6.70000000e-01  6.70000000e-01  1.48000000e+00  1.76332706e-03  1.20332225e+00  1.64113783e+00  1.04069094e+00  1.67282680e+00  3.35656492e+01  1.49818081e+00  5.57305129e+00 
 6.80000000e-01  6.80000000e-01  1.48000000e+00  1.77422531e-03  1.20332225e+00  1.64113783e+00  1.04069094e+00  1.67282680e+00  3.35656492e+01  1.49818081e+00  5.57305129e+00 
 6.90000000e-01  6.90000000e-01  1.48000000e+00  1.78479097e-03  1.20332225e+00  1.64113783e+00  1.04069094e+00  1.67282680e+00  3.35656492e+01  1.49818081e+00  5.57305129e+00 
 7.00000000e-01  7.00000000e-01  1.48000000e+00  1.79503417e-03  1.20332225e+00  1.64113783e+00  1.04069094e+00  1.67282680e+00  3.35656492e+01  1.49818081e+00  5.57305129e+00 
 7.10000000e-01  7.10000000e-01  1.48000000e+00  1.80496508e-03  1.20332225e+00  1.64113783e+00  1.04069094e+00  1.67282680e+00  3.35656492e+01  1.49818081e+00  5.57305129e+00 
 7.20000000e-01  7.20000000e-01  1.48000000e+00  1.81459381e-03  1.20332225e+00  1.64113783e+00  1.04069094e+00  1.67282680e+00  3.35656492e+01  1.49818081e+00  5.57305129e+00 
 7.30000000e-01  7.30000000e-01  1.48000000e+00  1.82393044e-03  1.20332225e+00  1.64113783e+00  1.04069094e+00  1.67282680e+00  3.35656492e+01  1.49818081e+00  5.57305129e+00 
 7.40000000e-01  7.40000000e-01  1.48000000e+00  1.83298492e-03  1.20332225e+00  1.64113783e+00  1.04069094e+00  1.67282680e+00  3.35656492e+01  1.49818081e+00  5.57305129e+00 
 7.50000000e-01  7.50000000e-01  1.48000000e+00  1.84176710e-03  1.20332225e+00  1.64113783e+00  1.04069094e+00  1.67282680e+00  3.35656492e+01  1.49818081e+00  5.57305129e+00 
 7.60000000e-01  7.60000000e-01  1.48000000e+00  1.85028669e-03  1.20332225e+00  1.64113783e+00  1.04069094e+00  1.67282680e+00  3.35656492e+01  1.49818081e+00  5.57305129e+00 
 7.70000000e-01  7.70000000e-01  1.48000000e+00  1.85855320e-03  1.20332225e+00  1.64113783e+00  1.04069094e+00  1.67282680e+00  3.35656492e+01  1.49818081e+00  5.57305129e+00 
 7.80000000e-01  7.80000000e-01  1.48000000e+00  1.86657596e-03  1.20332225e+00  1.64113783e+00  1.04069094e+00  1.67282680e+00  3.35656492e+01  1.49818081e+00  5.57305129e+00 
 7.90000000e-01  7.90000000e-01  1.48000000e+00  1.87436409e-03  1.20332225e+00  1.64113783e+00  1.04069094e+00  1.67282680e+00  3.35656492e+01  1.49818081e+00  5.57305129e+00 
 8.00000000e-01  8.00000000e-01  1.48000000e+00  1.88192650e-03  1.20332225e+00  1.64113783e+00  1.04069094e+00  1.67282680e+00  3.35656492e+01  1.49818081e+00  5.57305129e+00 
 8.10000000e-01  8.10000000e-01  1.48000000e+00  1.88927182e-03  1.20332225e+00  1.64113783e+00  1.04069094e+00  1.67282680e+00  3.35656492e+01  1.49818081e+00  5.57305129e+00 
 8.20000000e-01  8.20000000e-01  1.48000000e+00  1.89640847e-03  1.20332225e+00  1.64113783e+00  1.04069094e+00  1.67282680e+00  3.35656492e+01  1.49818081e+00  5.57305129e+00 
 8.30000000e-01  8.30000000e-01  1.48000000e+00  1.90334460e-03  1.20332225e+00  1.64113783e+00  1.04069094e+00  1.67282680e+00  3.35656492e+01  1.49818081e+00  5.57305129e+00 
 8.40000000e-01  8.40000000e-01  1.48000000e+00  1.91008810e-03  1.20332225e+00  1.64113783e+00  1.04069094e+00  1.67282680e+00  3.35656492e+01  1.49818081e+00  5.57305129e+00 
 8.50000000e-01  8.50000000e-01  1.48000000e+00  1.91664658e-03  1.20332225e+00  1.64113783e+00  1.04069094e+00  1.67282680e+00  3.35656492e+01  1.49818081e+00  5.57305129e+00 
 8.60000000e-01  8.60000000e-01  1.48000000e+00  1.92302742e-03  1.20332225e+00  1.64113783e+00  1.04069094e+00  1.67282680e+00  3.35656492e+01  1.49818081e+00  5.57305129e+00 
 8.70000000e-01  8.70000000e-01  1.48000000e+00  1.92923770e-03  1.20332225e+00  1.64113783e+00  1.04069094e+00  1.67282680e+00  3.35656492e+01  1.49818081e+00  5.57305129e+00 
 8.80000000e-01  8.80000000e-01  1.48000000e+00  1.93528424e-03  1.20332225e+00  1.64113783e+00  1.04069094e+00  1.67282680e+00  3.35656492e+01  1.49818081e+00  5.57305129e+00 
 8.90000000e-01  8.90000000e-01  1.48000000e+00  1.94117361e-03  1.20332225e+00  1.64113783e+00  1.04069094e+00  1.67282680e+00  3.35656492e+01  1.49818081e+00  5.57305129e+00 
 9.00000000e-01  9.00000000e-01  1.48000000e+00  1.94691213e-03  1.20332225e+00  1.64113783e+00  1.04069094e+00  1.67282680e+00  3.35656492e+01  1.49818081e+00  5.57305129e+00 
 9.10000000e-01  9.10000000e-01  1.48000000e+00  1.95250584e-03  1.20332225e+00  1.64113783e+00  1.04069094e+00  1.67282680e+00  3.35656492e+01  1.49818081e+00  5.57305129e+00 
 9.20000000e-01  9.20000000e-01  1.48000000e+00  1.95796054e-03  1.20332225e+00  1.64113783e+00  1.04069094e+00  1.67282680e+00  3.35656492e+01  1.49818081e+00  5.57305129e+00 
 9.30000000e-01  9.30000000e-01  1.48000000e+00  1.96328182e-03  1.20332225e+00  1.64113783e+00  1.04069094e+00  1.67282680e+00  3.35656492e+01  1.49818081e+00  5.57305129e+00 
 9.40000000e-01  9.40000000e-01  1.48000000e+00  1.96847499e-03  1.20332225e+00  1.64113783e+00  1.04069094e+00  1.67282680e+00  3.35656492e+01  1.49818081e+00  5.57305129e+00 
 9.50000000e-01  9.50000000e-01  1.48000000e+00  1.97354516e-03  1.20332225e+00  1.64113783e+00  1.04069094e+00  1.67282680e+00  3.35656492e+01  1.49818081e+00  5.57305129e+00 
 9.60000000e-01  9.60000000e-01  1.48000000e+00  1.97849721e-03  1.20332225e+00  1.64113783e+00  1.04069094e+00  1.67282680e+00  3.35656492e+01  1.49818081e+00  5.57305129e+00 
 9.70000000e-01  9.70000000e-01  1.48000000e+00  1.98333582e-03  1.20332225e+00  1.64113783e+00  1.04069094e+00  1.67282680e+00  3.35656492e+01  1.49818081e+00  5.57305129e+00 
 9.80000000e-01  9.80000000e-01  1.48000000e+00  1.98806546e-03  1.20332225e+00  1.64113783e+00  1.04069094e+00  1.67282680e+00  3.35656492e+01  1.49818081e+00  5.57305129e+00 
 9.90000000e-01  9.90000000e-01  1.48000000e+00  1.99269038e-03  1.20332225e+00  1.64113783e+00  1.04069094e+00  1.67282680e+00  3.35656492e+01  1.49818081e+00  5.57305129e+00 
 1.00000000e+00  1.00000000e+00  1.48000000e+00  1.99721467e-03  1.20332225e+00  1.64113783e+00  1.04069094e+00  1.67282680e+00  3.35656492e+01  1.49818081e+00  5.57305129e+00 
 1.01000000e+00  1.01000000e+00  1.48000000e+00  2.00164224e-03  1.20332225e+00  1.64113783e+00  1.04069094e+00  1.67282680e+00  3.35656492e+01  1.49818081e+00  5.57305129e+00 
 1.02000000e+00  1.02000000e+00  1.48000000e+00  2.00597679e-03  1.20332225e+00  1.64113783e+00  1.04069094e+00  1.67282680e+00  3.35656492e+01  1.49818081e+00  5.57305129e+00 
 1.03000000e+00  1.03000000e+00  1.48000000e+00  2.01022190e-03  1.20332225e+00  1.64113783e+00  1.04069094e+00  1.67282680e+00  3.35656492e+01  1.49818081e+00  5.57305129e+00 
 1.04000000e+00  1.04000000e+00  1.48000000e+00  2.01438096e-03  1.20332225e+00  1.64113783e+00  1.04069094e+00  1.67282680e+00  3.35656492e+01  1.49818081e+00  5.57305129e+00 
 1.05000000e+00  1.05000000e+00  1.48000000e+00  2.01845721e-03  1.20332225e+00  1.64113783e+00  1.04069094e+00  1.67282680e+00  3.35656492e+01  1.49818081e+00  5.57305129e+00 
 1.06000000e+00  1.06000000e+00  1.48000000e+00  2.02245376e-03  1.20332225e+00  1.64113783e+00  1.04069094e+00  1.67282680e+00  3.35656492e+01  1.49818081e+00  5.57305129e+00 
 1.07000000e+00  1.07000000e+00  1.48000000e+00  2.02637357e-03  1.20332225e+00  1.64113783e+00  1.04069094e+00  1.67282680e+00  3.35656492e+01  1.49818081e+00  5.57305129e+00 
 1.08000000e+00  1.08000000e+00  1.48000000e+00  2.03021947e-03  1.20332225e+00  1.64113783e+00  1.04069094e+00  1.67282680e+00  3.35656492e+01  1.49818081e+00  5.57305129e+00 
 1.09000000e+00  1.09000000e+00  1.48000000e+00  2.03399416e-03  1.20332225e+00  1.64113783e+00  1.04069094e+00  1.67282680e+00  3.35656492e+01  1.49818081e+00  5.57305129e+00 
 1.10000000e+00  1.10000000e+00  1.48000000e+00  2.03770022e-03  1.20332225e+00  1.64113783e+00  1.04069094e+00  1.67282680e+00  3.35656492e+01  1.49818081e+00  5.57305129e+00 
 1.11000000e+00  1.11000000e+00  1.48000000e+00  2.04134012e-03  1.20332225e+00  1.64113783e+00  1.04069094e+00  1.67282680e+00  3.35656492e+01  1.49818081e+00  5.57305129e+00 
 1.12000000e+00  1.12000000e+00  1.48000000e+00  2.04491623e-03  1.20332225e+00  1.64113783e+00  1.04069094e+00  1.67282680e+00  3.35656492e+01  1.49818081e+00  5.57305129e+00 
 1.13000000e+00  1.13000000e+00  1.48000000e+00  2.04843079e-03  1.20332225e+00  1.64113783e+00  1.04069094e+00  1.67282680e+00  3.35656492e+01  1.49818081e+00  5.57305129e+00 
 1.14000000e+00  1.14000000e+00  1.48000000e+00  2.05188596e-03  1.20332225e+00  1.64113783e+00  1.04069094e+00  1.67282680e+00  3.35656492e+01  1.49818081e+00  5.57305129e+00 
 1.15000000e+00  1.15000000e+00  1.48000000e+00  2.05528381e-03  1.20332225e+00  1.64113783e+00  1.04069094e+00  1.67282680e+00  3.35656492e+01  1.49818081e+00  5.57305129e+00 
 1.16000000e+00  1.16000000e+00  1.48000000e+00  2.05862631e-03  1.20332225e+00  1.64113783e+00  1.04069094e+00  1.67282680e+00  3.35656492e+01  1.49818081e+00  5.57305129e+00 
 1.17000000e+00  1.17000000e+00  1.48000000e+00  2.06191534e-03  1.20332225e+00  1.64113783e+00  1.04069094e+00  1.67282680e+00  3.35656492e+01  1.49818081e+00  5.57305129e+00 
 1.18000000e+00  1.18000000e+00  1.48000000e+00  2.06515271e-03  1.20332225e+00  1.64113783e+00  1.04069094e+00  1.67282680e+00  3.35656492e+01  1.49818081e+00  5.57305129e+00 
 1.19000000e+00  1.19000000e+00  1.48000000e+00  2.06834016e-03  1.20332225e+00  1.64113783e+00  1.04069094e+00  1.67282680e+00  3.35656492e+01  1.49818081e+00  5.57305129e+00 
 1.20000000e+00  1.20000000e+00  1.48000000e+00  2.07147932e-03  1.20332225e+00  1.64113783e+00  1.04069094e+00  1.67282680e+00  3.35656492e+01  1.49818081e+00  5.57305129e+00 
 1.21000000e+00  1.21000000e+00  1.48000000e+00  2.07457180e-03  1.20332225e+00  1.64113783e+00  1.04069094e+00  1.67282680e+00  3.35656492e+01  1.49818081e+00  5.57305129e+00 
 1.22000000e+00  1.22000000e+00  1.48000000e+00  2.07761911e-03  1.20332225e+00  1.64113783e+00  1.04069094e+00  1.67282680e+00  3.35656492e+01  1.49818081e+00  5.57305129e+00 
 1.23000000e+00  1.23000000e+00  1.48000000e+00  2.08062270e-03  1.20332225e+00  1.64113783e+00  1.04069094e+00  1.67282680e+00  3.35656492e+01  1.49818081e+00  5.57305129e+00 
 1.24000000e+00  1.24000000e+00  1.48000000e+00  2.08358397e-03  1.20332225e+00  1.64113783e+00  1.04069094e+00  1.67282680e+00  3.35656492e+01  1.49818081e+00  5.57305129e+00 
 1.25000000e+00  1.25000000e+00  1.48000000e+00  2.08650426e-03  1.20332225e+00  1.64113783e+00  1.04069094e+00  1.67282680e+00  3.35656492e+01  1.49818081e+00  5.57305129e+00 
 1.26000000e+00  1.26000000e+00  1.48000000e+00  2.08938485e-03  1.20332225e+00  1.64113783e+00  1.04069094e+00  1.67282680e+00  3.35656492e+01  1.49818081e+00  5.57305129e+00 
 1.27000000e+00  1.27000000e+00  1.48000000e+00  2.09222698e-03  1.20332225e+00  1.64113783e+00  1.04069094e+00  1.67282680e+00  3.35656492e+01  1.49818081e+00  5.57305129e+00 
 1.28000000e+00  1.28000000e+00  1.48000000e+00  2.09503181e-03  1.20332225e+00  1.64113783e+00  1.04069094e+00  1.67282680e+00  3.35656492e+01  1.49818081e+00  5.57305129e+00 
 1.29000000e+00  1.29000000e+00  1.48000000e+00  2.09780050e-03  1.20332225e+00  1.64113783e+00  1.04069094e+00  1.67282680e+00  3.35656492e+01  1.49818081e+00  5.57305129e+00 
 1.30000000e+00  1.30000000e+00  1.48000000e+00  2.10053412e-03  1.20332225e+00  1.64113783e+00  1.04069094e+00  1.67282680e+00  3.35656492e+01  1.49818081e+00  5.57305129e+00 
 1.31000000e+00  1.31000000e+00  1.48000000e+00  2.10323372e-03  1.20332225e+00  1.64113783e+00  1.04069094e+00  1.67282680e+00  3.35656492e+01  1.49818081e+00  5.57305129e+00 
 1.32000000e+00  1.32000000e+00  1.48000000e+00  2.10590032e-03  1.20332225e+00  1.64113783e+00  1.04069094e+00  1.67282680e+00  3.35656492e+01  1.49818081e+00  5.57305129e+00 
 1.33000000e+00  1.33000000e+00  1.48000000e+00  2.10853486e-03  1.20332225e+00  1.64113783e+00  1.04069094e+00  1.67282680e+00  3.35656492e+01  1.49818081e+00  5.57305129e+00 
 1.34000000e+00  1.34000000e+00  1.48000000e+00  2.11113829e-03  1.20332225e+00  1.64113783e+00  1.04069094e+00  1.67282680e+00  3.35656492e+01  1.49818081e+00  5.57305129e+00 
 1.35000000e+00  1.35000000e+00  1.48000000e+00  2.11371150e-03  1.20332225e+00  1.64113783e+00  1.04069094e+00  1.67282680e+00  3.35656492e+01  1.49818081e+00  5.57305129e+00 
 1.36000000e+00  1.36000000e+00  1.48000000e+00  2.11625534e-03  1.20332225e+00  1.64113783e+00  1.04069094e+00  1.67282680e+00  3.35656492e+01  1.49818081e+00  5.57305129e+00 
 1.37000000e+00  1.37000000e+00  1.48000000e+00  2.11877065e-03  1.20332225e+00  1.64113783e+00  1.04069094e+00  1.67282680e+00  3.35656492e+01  1.49818081e+00  5.57305129e+00 
 1.38000000e+00  1.38000000e+00  1.48000000e+00  2.12125821e-03  1.20332225e+00  1.64113783e+00  1.04069094e+00  1.67282680e+00  3.35656492e+01  1.49818081e+00  5.57305129e+00 
 1.39000000e+00  1.39000000e+00  1.48000000e+00  2.12371880e-03  1.20332225e+00  1.64113783e+00  1.04069094e+00  1.67282680e+00  3.35656492e+01  1.49818081e+00  5.57305129e+00 
 1.40000000e+00  1.40000000e+00  1.48000000e+00  2.12615316e-03  1.20332225e+00  1.64113783e+00  1.04069094e+00  1.67282680e+00  3.35656492e+01  1.49818081e+00  5.57305129e+00 
 1.41000000e+00  1.41000000e+00  1.48000000e+00  2.12856199e-03  1.20332225e+00  1.64113783e+00  1.04069094e+00  1.67282680e+00  3.35656492e+01  1.49818081e+00  5.57305129e+00 
 1.42000000e+00  1.42000000e+00  1.48000000e+00  2.13094598e-03  1.20332225e+00  1.64113783e+00  1.04069094e+00  1.67282680e+00  3.35656492e+01  1.49818081e+00  5.57305129e+00 
 1.43000000e+00  1.43000000e+00  1.48000000e+00  2.13330580e-03  1.20332225e+00  1.64113783e+00  1.04069094e+00  1.67282680e+00  3.35656492e+01  1.49818081e+00  5.57305129e+00 
 1.44000000e+00  1.44000000e+00  1.48000000e+00  2.13564207e-03  1.20332225e+00  1.64113783e+00  1.04069094e+00  1.67282680e+00  3.35656492e+01  1.49818081e+00  5.57305129e+00 
 1.45000000e+00  1.45000000e+00  1.48000000e+00  2.13795542e-03  1.20332225e+00  1.64113783e+00  1.04069094e+00  1.67282680e+00  3.35656492e+01  1.49818081e+00  5.57305129e+00 
 1.46000000e+00  1.46000000e+00  1.48000000e+00  2.14024644e-03  1.20332225e+00  1.64113783e+00  1.04069094e+00  1.67282680e+00  3.35656492e+01  1.49818081e+00  5.57305129e+00 
 1.47000000e+00  1.47000000e+00  1.48000000e+00  2.14251570e-03  1.20332225e+00  1.64113783e+00  1.04069094e+00  1.67282680e+00  3.35656492e+01  1.49818081e+00  5.57305129e+00 
 1.48000000e+00  1.48000000e+00  1.48000000e+00  2.14476375e-03  1.20332225e+00  1.64113783e+00  1.04069094e+00  1.67282680e+00  3.35656492e+01  1.49818081e+00  5.57305129e+00 
 1.49000000e+00  1.49000000e+00  1.48000000e+00  2.14699113e-03  1.20332225e+00  1.64113783e+00  1.04069094e+00  1.67282680e+00  3.35656492e+01  1.49818081e+00  5.57305129e+00 
 1.50000000e+00  1.50000000e+00  1.48000000e+00  2.14919836e-03  1.20332225e+00  1.64113783e+00  1.04069094e+00  1.67282680e+00  3.35656492e+01  1.49818081e+00  5.57305129e+00 
 1.51000000e+00  1.51000000e+00  1.48000000e+00  2.15138593e-03  1.20332225e+00  1.64113783e+00  1.04069094e+00  1.67282680e+00  3.35656492e+01  1.49818081e+00  5.57305129e+00 
 1.52000000e+00  1.52000000e+00  1.48000000e+00  2.15355432e-03  1.20332225e+00  1.64113783e+00  1.04069094e+00  1.67282680e+00  3.35656492e+01  1.49818081e+00  5.57305129e+00 
 1.53000000e+00  1.53000000e+00  1.48000000e+00  2.15570400e-03  1.20332225e+00  1.64113783e+00  1.04069094e+00  1.67282680e+00  3.35656492e+01  1.49818081e+00  5.57305129e+00 
 1.54000000e+00  1.54000000e+00  1.48000000e+00  2.15783542e-03  1.20332225e+00  1.64113783e+00  1.04069094e+00  1.67282680e+00  3.35656492e+01  1.49818081e+00  5.57305129e+00 
 1.55000000e+00  1.55000000e+00  1.48000000e+00  2.15994901e-03  1.20332225e+00  1.64113783e+00  1.04069094e+00  1.67282680e+00  3.35656492e+01  1.49818081e+00  5.57305129e+00 
 1.56000000e+00  1.56000000e+00  1.48000000e+00  2.16204521e-03  1.20332225e+00  1.64113783e+00  1.04069094e+00  1.67282680e+00  3.35656492e+01  1.49818081e+00  5.57305129e+00 
 1.57000000e+00  1.57000000e+00  1.48000000e+00  2.16412441e-03  1.20332225e+00  1.64113783e+00  1.04069094e+00  1.67282680e+00  3.35656492e+01  1.49818081e+00  5.57305129e+00 
 1.58000000e+00  1.58000000e+00  1.48000000e+00  2.16618701e-03  1.20332225e+00  1.64113783e+00  1.04069094e+00  1.67282680e+00  3.35656492e+01  1.49818081e+00  5.57305129e+00 
 1.59000000e+00  1.59000000e+00  1.48000000e+00  2.16823339e-03  1.20332225e+00  1.64113783e+00  1.04069094e+00  1.67282680e+00  3.35656492e+01  1.49818081e+00  5.57305129e+00 
 1.60000000e+00  1.60000000e+00  1.48000000e+00  2.17026393e-03  1.20332225e+00  1.64113783e+00  1.04069094e+00  1.67282680e+00  3.35656492e+01  1.49818081e+00  5.57305129e+00 
 1.61000000e+00  1.61000000e+00  1.48000000e+00  2.17227898e-03  1.20332225e+00  1.64113783e+00  1.04069094e+00  1.67282680e+00  3.35656492e+01  1.49818081e+00  5.57305129e+00 
 1.62000000e+00  1.62000000e+00  1.48000000e+00  2.17427889e-03  1.20332225e+00  1.64113783e+00  1.04069094e+00  1.67282680e+00  3.35656492e+01  1.49818081e+00  5.57305129e+00 
 1.63000000e+00  1.63000000e+00  1.48000000e+00  2.17626399e-03  1.20332225e+00  1.64113783e+00  1.04069094e+00  1.67282680e+00  3.35656492e+01  1.49818081e+00  5.57305129e+00 
 1.64000000e+00  1.64000000e+00  1.48000000e+00  2.17823462e-03  1.20332225e+00  1.64113783e+00  1.04069094e+00  1.67282680e+00  3.35656492e+01  1.49818081e+00  5.57305129e+00 
 1.65000000e+00  1.65000000e+00  1.48000000e+00  2.18019109e-03  1.20332225e+00  1.64113783e+00  1.04069094e+00  1.67282680e+00  3.35656492e+01  1.49818081e+00  5.57305129e+00 
 1.66000000e+00  1.66000000e+00  1.48000000e+00  2.18213371e-03  1.20332225e+00  1.64113783e+00  1.04069094e+00  1.67282680e+00  3.35656492e+01  1.49818081e+00  5.57305129e+00 
 1.67000000e+00  1.67000000e+00  1.48000000e+00  2.18406278e-03  1.20332225e+00  1.64113783e+00  1.04069094e+00  1.67282680e+00  3.35656492e+01  1.49818081e+00  5.57305129e+00 
 1.68000000e+00  1.68000000e+00  1.48000000e+00  2.18597858e-03  1.20332225e+00  1.64113783e+00  1.04069094e+00  1.67282680e+00  3.35656492e+01  1.49818081e+00  5.57305129e+00 
 1.69000000e+00  1.69000000e+00  1.48000000e+00  2.18788141e-03  1.20332225e+00  1.64113783e+00  1.04069094e+00  1.67282680e+00  3.35656492e+01  1.49818081e+00  5.57305129e+00 
 1.70000000e+00  1.70000000e+00  1.48000000e+00  2.18977152e-03  1.20332225e+00  1.64113783e+00  1.04069094e+00  1.67282680e+00  3.35656492e+01  1.49818081e+00  5.57305129e+00 
 1.71000000e+00  1.71000000e+00  1.48000000e+00  2.19164919e-03  1.20332225e+00  1.64113783e+00  1.04069094e+00  1.67282680e+00  3.35656492e+01  1.49818081e+00  5.57305129e+00 
 1.72000000e+00  1.72000000e+00  1.48000000e+00  2.19351467e-03  1.20332225e+00  1.64113783e+00  1.04069094e+00  1.67282680e+00  3.35656492e+01  1.49818081e+00  5.57305129e+00 
 1.73000000e+00  1.73000000e+00  1.48000000e+00  2.19536822e-03  1.20332225e+00  1.64113783e+00  1.04069094e+00  1.67282680e+00  3.35656492e+01  1.49818081e+00  5.57305129e+00 
 1.74000000e+00  1.74000000e+00  1.48000000e+00  2.19721008e-03  1.20332225e+00  1.64113783e+00  1.04069094e+00  1.67282680e+00  3.35656492e+01  1.49818081e+00  5.57305129e+00 
 1.75000000e+00  1.75000000e+00  1.48000000e+00  2.19904048e-03  1.20332225e+00  1.64113783e+00  1.04069094e+00  1.67282680e+00  3.35656492e+01  1.49818081e+00  5.57305129e+00 
 1.76000000e+00  1.76000000e+00  1.48000000e+00  2.20085966e-03  1.20332225e+00  1.64113783e+00  1.04069094e+00  1.67282680e+00  3.35656492e+01  1.49818081e+00  5.57305129e+00 
 1.77000000e+00  1.77000000e+00  1.48000000e+00  2.20266784e-03  1.20332225e+00  1.64113783e+00  1.04069094e+00  1.67282680e+00  3.35656492e+01  1.49818081e+00  5.57305129e+00 
 1.78000000e+00  1.78000000e+00  1.48000000e+00  2.20446523e-03  1.20332225e+00  1.64113783e+00  1.04069094e+00  1.67282680e+00  3.35656492e+01  1.49818081e+00  5.57305129e+00 
 1.79000000e+00  1.79000000e+00  1.48000000e+00  2.20625206e-03  1.20332225e+00  1.64113783e+00  1.04069094e+00  1.67282680e+00  3.35656492e+01  1.49818081e+00  5.57305129e+00 
 1.80000000e+00  1.80000000e+00  1.48000000e+00  2.20802852e-03  1.20332225e+00  1.64113783e+00  1.04069094e+00  1.67282680e+00  3.35656492e+01  1.49818081e+00  5.57305129e+00 
 1.81000000e+00  1.81000000e+00  1.48000000e+00  2.20979482e-03  1.20332225e+00  1.64113783e+00  1.04069094e+00  1.67282680e+00  3.35656492e+01  1.49818081e+00  5.57305129e+00 
 1.82000000e+00  1.82000000e+00  1.48000000e+00  2.21155116e-03  1.20332225e+00  1.64113783e+00  1.04069094e+00  1.67282680e+00  3.35656492e+01  1.49818081e+00  5.57305129e+00 
 1.83000000e+00  1.83000000e+00  1.48000000e+00  2.21329773e-03  1.20332225e+00  1.64113783e+00  1.04069094e+00  1.67282680e+00  3.35656492e+01  1.49818081e+00  5.57305129e+00 
 1.84000000e+00  1.84000000e+00  1.48000000e+00  2.21503471e-03  1.20332225e+00  1.64113783e+00  1.04069094e+00  1.67282680e+00  3.35656492e+01  1.49818081e+00  5.57305129e+00 
 1.85000000e+00  1.85000000e+00  1.48000000e+00  2.21676229e-03  1.20332225e+00  1.64113783e+00  1.04069094e+00  1.67282680e+00  3.35656492e+01  1.49818081e+00  5.57305129e+00 
