 0.00000000e+00  1.48000000e+00  0.00000000e+00  1.48148160e-12  1.19888743e+00  1.82604317e+00  1.03376838e+00  1.79326224e+00  2.90087898e+01  1.28185876e+00  5.45407169e+00 
 1.00000000e-02  1.48000000e+00  1.00000000e-02  1.48148160e-12  1.19888743e+00  1.82604317e+00  1.03376838e+00  1.79326224e+00  2.90087898e+01  1.28185876e+00  5.45407169e+00 
 2.00000000e-02  1.48000000e+00  2.00000000e-02  1.48148160e-12  1.19888743e+00  1.82604317e+00  1.03376838e+00  1.79326224e+00  2.90087898e+01  1.28185876e+00  5.45407169e+00 
 3.00000000e-02  1.48000000e+00  3.00000000e-02  1.48148160e-12  1.19888743e+00  1.82604317e+00  1.03376838e+00  1.79326224e+00  2.90087898e+01  1.28185876e+00  5.45407169e+00 
 4.00000000e-02  1.48000000e+00  4.00000000e-02  1.48148160e-12  1.19888743e+00  1.82604317e+00  1.03376838e+00  1.79326224e+00  2.90087898e+01  1.28185876e+00  5.45407169e+00 
 5.00000000e-02  1.48000000e+00  5.00000000e-02  1.48148160e-12  1.19888743e+00  1.82604317e+00  1.03376838e+00  1.79326224e+00  2.90087898e+01  1.28185876e+00  5.45407169e+00 
 6.00000000e-02  1.48000000e+00  6.00000000e-02  1.48148160e-12  1.19888743e+00  1.82604317e+00  1.03376838e+00  1.79326224e+00  2.90087898e+01  1.28185876e+00  5.45407169e+00 
 7.00000000e-02  1.48000000e+00  7.00000000e-02  1.48148160e-12  1.19888743e+00  1.82604317e+00  1.03376838e+00  1.79326224e+00  2.90087898e+01  1.28185876e+00  5.45407169e+00 
 8.00000000e-02  1.48000000e+00  8.00000000e-02  1.48148160e-12  1.19888743e+00  1.82604317e+00  1.03376838e+00  1.79326224e+00  2.90087898e+01  1.28185876e+00  5.45407169e+00 
 9.00000000e-02  1.48000000e+00  9.00000000e-02  1.48148160e-12  1.19888743e+00  1.82604317e+00  1.03376838e+00  1.79326224e+00  2.90087898e+01  1.28185876e+00  5.45407169e+00 
 1.00000000e-01  1.48000000e+00  1.00000000e-01  1.48148160e-12  1.19888743e+00  1.82604317e+00  1.03376838e+00  1.79326224e+00  2.90087898e+01  1.28185876e+00  5.45407169e+00 
 1.10000000e-01  1.48000000e+00  1.10000000e-01  1.48148160e-12  1.19888743e+00  1.82604317e+00  1.03376838e+00  1.79326224e+00  2.90087898e+01  1.28185876e+00  5.45407169e+00 
 1.20000000e-01  1.48000000e+00  1.20000000e-01  1.48148160e-12  1.19888743e+00  1.82604317e+00  1.03376838e+00  1.79326224e+00  2.90087898e+01  1.28185876e+00  5.45407169e+00 
 1.30000000e-01  1.48000000e+00  1.30000000e-01  1.48148160e-12  1.19888743e+00  1.82604317e+00  1.03376838e+00  1.79326224e+00  2.90087898e+01  1.28185876e+00  5.45407169e+00 
 1.40000000e-01  1.48000000e+00  1.40000000e-01  1.48148160e-12  1.19888743e+00  1.82604317e+00  1.03376838e+00  1.79326224e+00  2.90087898e+01  1.28185876e+00  5.45407169e+00 
 1.50000000e-01  1.48000000e+00  1.50000000e-01  1.48148160e-12  1.19888743e+00  1.82604317e+00  1.03376838e+00  1.79326224e+00  2.90087898e+01  1.28185876e+00  5.45407169e+00 
 1.60000000e-01  1.48000000e+00  1.60000000e-01  1.48148160e-12  1.19888743e+00  1.82604317e+00  1.03376838e+00  1.79326224e+00  2.90087898e+01  1.28185876e+00  5.45407169e+00 
 1.70000000e-01  1.48000000e+00  1.70000000e-01  1.48148160e-12  1.19888743e+00  1.82604317e+00  1.03376838e+00  1.79326224e+00  2.90087898e+01  1.28185876e+00  5.45407169e+00 
 1.80000000e-01  1.48000000e+00  1.80000000e-01  1.48148160e-12  1.19888743e+00  1.82604317e+00  1.03376838e+00  1.79326224e+00  2.90087898e+01  1.28185876e+00  5.45407169e+00 
 1.90000000e-01  1.48000000e+00  1.90000000e-01  1.48148160e-12  1.19888743e+00  1.82604317e+00  1.03376838e+00  1.79326224e+00  2.90087898e+01  1.28185876e+00  5.45407169e+00 
 2.00000000e-01  1.48000000e+00  2.00000000e-01  1.48148160e-12  1.19888743e+00  1.82604317e+00  1.03376838e+00  1.79326224e+00  2.90087898e+01  1.28185876e+00  5.45407169e+00 
 2.10000000e-01  1.48000000e+00  2.10000000e-01  1.48148160e-12  1.19888743e+00  1.82604317e+00  1.03376838e+00  1.79326224e+00  2.90087898e+01  1.28185876e+00  5.45407169e+00 
 2.20000000e-01  1.48000000e+00  2.20000000e-01  1.48148160e-12  1.19888743e+00  1.82604317e+00  1.03376838e+00  1.79326224e+00  2.90087898e+01  1.28185876e+00  5.45407169e+00 
 2.30000000e-01  1.48000000e+00  2.30000000e-01  1.48148160e-12  1.19888743e+00  1.82604317e+00  1.03376838e+00  1.79326224e+00  2.90087898e+01  1.28185876e+00  5.45407169e+00 
 2.40000000e-01  1.48000000e+00  2.40000000e-01  1.48148160e-12  1.19888743e+00  1.82604317e+00  1.03376838e+00  1.79326224e+00  2.90087898e+01  1.28185876e+00  5.45407169e+00 
 2.50000000e-01  1.48000000e+00  2.50000000e-01  1.48148160e-12  1.19888743e+00  1.82604317e+00  1.03376838e+00  1.79326224e+00  2.90087898e+01  1.28185876e+00  5.45407169e+00 
 2.60000000e-01  1.48000000e+00  2.60000000e-01  1.48148160e-12  1.19888743e+00  1.82604317e+00  1.03376838e+00  1.79326224e+00  2.90087898e+01  1.28185876e+00  5.45407169e+00 
 2.70000000e-01  1.48000000e+00  2.70000000e-01  1.48148160e-12  1.19888743e+00  1.82604317e+00  1.03376838e+00  1.79326224e+00  2.90087898e+01  1.28185876e+00  5.45407169e+00 
 2.80000000e-01  1.48000000e+00  2.80000000e-01  1.48148160e-12  1.19888743e+00  1.82604317e+00  1.03376838e+00  1.79326224e+00  2.90087898e+01  1.28185876e+00  5.45407169e+00 
 2.90000000e-01  1.48000000e+00  2.90000000e-01  1.48148160e-12  1.19888743e+00  1.82604317e+00  1.03376838e+00  1.79326224e+00  2.90087898e+01  1.28185876e+00  5.45407169e+00 
 3.00000000e-01  1.48000000e+00  3.00000000e-01  1.48148160e-12  1.19888743e+00  1.82604317e+00  1.03376838e+00  1.79326224e+00  2.90087898e+01  1.28185876e+00  5.45407169e+00 
 3.10000000e-01  1.48000000e+00  3.10000000e-01  1.48148160e-12  1.19888743e+00  1.82604317e+00  1.03376838e+00  1.79326224e+00  2.90087898e+01  1.28185876e+00  5.45407169e+00 
 3.20000000e-01  1.48000000e+00  3.20000000e-01  1.48148160e-12  1.19888743e+00  1.82604317e+00  1.03376838e+00  1.79326224e+00  2.90087898e+01  1.28185876e+00  5.45407169e+00 
 3.30000000e-01  1.48000000e+00  3.30000000e-01  1.48148160e-12  1.19888743e+00  1.82604317e+00  1.03376838e+00  1.79326224e+00  2.90087898e+01  1.28185876e+00  5.45407169e+00 
 3.40000000e-01  1.48000000e+00  3.40000000e-01  1.48148160e-12  1.19888743e+00  1.82604317e+00  1.03376838e+00  1.79326224e+00  2.90087898e+01  1.28185876e+00  5.45407169e+00 
 3.50000000e-01  1.48000000e+00  3.50000000e-01  1.48325796e-12  1.19888743e+00  1.82604317e+00  1.03376838e+00  1.79326224e+00  2.90087898e+01  1.28185876e+00  5.45407169e+00 
 3.60000000e-01  1.48000000e+00  3.60000000e-01  1.48148160e-12  1.19888743e+00  1.82604317e+00  1.03376838e+00  1.79326224e+00  2.90087898e+01  1.28185876e+00  5.45407169e+00 
 3.70000000e-01  1.48000000e+00  3.70000000e-01  1.48503432e-12  1.19888743e+00  1.82604317e+00  1.03376838e+00  1.79326224e+00  2.90087898e+01  1.28185876e+00  5.45407169e+00 
 3.80000000e-01  1.48000000e+00  3.80000000e-01  1.48681067e-12  1.19888743e+00  1.82604317e+00  1.03376838e+00  1.79326224e+00  2.90087898e+01  1.28185876e+00  5.45407169e+00 
 3.90000000e-01  1.48000000e+00  3.90000000e-01  1.49213975e-12  1.19888743e+00  1.82604317e+00  1.03376838e+00  1.79326224e+00  2.90087898e+01  1.28185876e+00  5.45407169e+00 
 4.00000000e-01  1.48000000e+00  4.00000000e-01  1.50990331e-12  1.19888743e+00  1.82604317e+00  1.03376838e+00  1.79326224e+00  2.90087898e+01  1.28185876e+00  5.45407169e+00 
 4.10000000e-01  1.48000000e+00  4.10000000e-01  1.55253588e-12  1.19888743e+00  1.82604317e+00  1.03376838e+00  1.79326224e+00  2.90087898e+01  1.28185876e+00  5.45407169e+00 
 4.20000000e-01  1.48000000e+00  4.20000000e-01  1.66444636e-12  1.19888743e+00  1.82604317e+00  1.03376838e+00  1.79326224e+00  2.90087898e+01  1.28185876e+00  5.45407169e+00 
 4.30000000e-01  1.48000000e+00  4.30000000e-01  1.95932159e-12  1.19888743e+00  1.82604317e+00  1.03376838e+00  1.79326224e+00  2.90087898e+01  1.28185876e+00  5.45407169e+00 
 4.40000000e-01  1.48000000e+00  4.40000000e-01  2.72848411e-12  1.19888743e+00  1.82604317e+00  1.03376838e+00  1.79326224e+00  2.90087898e+01  1.28185876e+00  5.45407169e+00 
 4.50000000e-01  1.48000000e+00  4.50000000e-01  4.73043826e-12  1.19888743e+00  1.82604317e+00  1.03376838e+00  1.79326224e+00  2.90087898e+01  1.28185876e+00  5.45407169e+00 
 4.60000000e-01  1.48000000e+00  4.60000000e-01  9.92628202e-12  1.19888743e+00  1.82604317e+00  1.03376838e+00  1.79326224e+00  2.90087898e+01  1.28185876e+00  5.45407169e+00 
 4.70000000e-01  1.48000000e+00  4.70000000e-01  2.33395525e-11  1.19888743e+00  1.82604317e+00  1.03376838e+00  1.79326224e+00  2.90087898e+01  1.28185876e+00  5.45407169e+00 
 4.80000000e-01  1.48000000e+00  4.80000000e-01  5.76534376e-11  1.19888743e+00  1.82604317e+00  1.03376838e+00  1.79326224e+00  2.90087898e+01  1.28185876e+00  5.45407169e+00 
 4.90000000e-01  1.48000000e+00  4.90000000e-01  1.44236623e-10  1.19888743e+00  1.82604317e+00  1.03376838e+00  1.79326224e+00  2.90087898e+01  1.28185876e+00  5.45407169e+00 
 5.00000000e-01  1.48000000e+00  5.00000000e-01  3.58211238e-10  1.19888743e+00  1.82604317e+00  1.03376838e+00  1.79326224e+00  2.90087898e+01  1.28185876e+00  5.45407169e+00 
 5.10000000e-01  1.48000000e+00  5.10000000e-01  8.71111183e-10  1.19888743e+00  1.82604317e+00  1.03376838e+00  1.79326224e+00  2.90087898e+01  1.28185876e+00  5.45407169e+00 
 5.20000000e-01  1.48000000e+00  5.20000000e-01  2.04952499e-09  1.19888743e+00  1.82604317e+00  1.03376838e+00  1.79326224e+00  2.90087898e+01  1.28185876e+00  5.45407169e+00 
 5.30000000e-01  1.48000000e+00  5.30000000e-01  4.61309391e-09  1.19888743e+00  1.82604317e+00  1.03376838e+00  1.79326224e+00  2.90087898e+01  1.28185876e+00  5.45407169e+00 
 5.40000000e-01  1.48000000e+00  5.40000000e-01  9.84596582e-09  1.19888743e+00  1.82604317e+00  1.03376838e+00  1.79326224e+00  2.90087898e+01  1.28185876e+00  5.45407169e+00 
 5.50000000e-01  1.48000000e+00  5.50000000e-01  1.98504502e-08  1.19888743e+00  1.82604317e+00  1.03376838e+00  1.79326224e+00  2.90087898e+01  1.28185876e+00  5.45407169e+00 
 5.60000000e-01  1.48000000e+00  5.60000000e-01  3.78968750e-08  1.19888743e+00  1.82604317e+00  1.03376838e+00  1.79326224e+00  2.90087898e+01  1.28185876e+00  5.45407169e+00 
 5.70000000e-01  1.48000000e+00  5.70000000e-01  6.90496993e-08  1.19888743e+00  1.82604317e+00  1.03376838e+00  1.79326224e+00  2.90087898e+01  1.28185876e+00  5.45407169e+00 
 5.80000000e-01  1.48000000e+00  5.80000000e-01  1.21340166e-07  1.19888743e+00  1.82604317e+00  1.03376838e+00  1.79326224e+00  2.90087898e+01  1.28185876e+00  5.45407169e+00 
 5.90000000e-01  1.48000000e+00  5.90000000e-01  2.07808275e-07  1.19888743e+00  1.82604317e+00  1.03376838e+00  1.79326224e+00  2.90087898e+01  1.28185876e+00  5.45407169e+00 
 6.00000000e-01  1.48000000e+00  6.00000000e-01  3.49865520e-07  1.19888743e+00  1.82604317e+00  1.03376838e+00  1.79326224e+00  2.90087898e+01  1.28185876e+00  5.45407169e+00 
 6.10000000e-01  1.48000000e+00  6.10000000e-01  5.82618245e-07  1.19888743e+00  1.82604317e+00  1.03376838e+00  1.79326224e+00  2.90087898e+01  1.28185876e+00  5.45407169e+00 
 6.20000000e-01  1.48000000e+00  6.20000000e-01  9.62683195e-07  1.19888743e+00  1.82604317e+00  1.03376838e+00  1.79326224e+00  2.90087898e+01  1.28185876e+00  5.45407169e+00 
 6.30000000e-01  1.48000000e+00  6.30000000e-01  1.57778954e-06  1.19888743e+00  1.82604317e+00  1.03376838e+00  1.79326224e+00  2.90087898e+01  1.28185876e+00  5.45407169e+00 
 6.40000000e-01  1.48000000e+00  6.40000000e-01  2.55418828e-06  1.19888743e+00  1.82604317e+00  1.03376838e+00  1.79326224e+00  2.90087898e+01  1.28185876e+00  5.45407169e+00 
 6.50000000e-01  1.48000000e+00  6.50000000e-01  4.05390779e-06  1.19888743e+00  1.82604317e+00  1.03376838e+00  1.79326224e+00  2.90087898e+01  1.28185876e+00  5.45407169e+00 
 6.60000000e-01  1.48000000e+00  6.60000000e-01  6.25525581e-06  1.19888743e+00  1.82604317e+00  1.03376838e+00  1.79326224e+00  2.90087898e+01  1.28185876e+00  5.45407169e+00 
 6.70000000e-01  1.48000000e+00  6.70000000e-01  9.32128679e-06  1.19888743e+00  1.82604317e+00  1.03376838e+00  1.79326224e+00  2.90087898e+01  1.28185876e+00  5.45407169e+00 
 6.80000000e-01  1.48000000e+00  6.80000000e-01  1.33727417e-05  1.19888743e+00  1.82604317e+00  1.03376838e+00  1.79326224e+00  2.90087898e+01  1.28185876e+00  5.45407169e+00 
 6.90000000e-01  1.48000000e+00  6.90000000e-01  1.84789202e-05  1.19888743e+00  1.82604317e+00  1.03376838e+00  1.79326224e+00  2.90087898e+01  1.28185876e+00  5.45407169e+00 
 7.00000000e-01  1.48000000e+00  7.00000000e-01  2.46656026e-05  1.19888743e+00  1.82604317e+00  1.03376838e+00  1.79326224e+00  2.90087898e+01  1.28185876e+00  5.45407169e+00 
 7.10000000e-01  1.48000000e+00  7.10000000e-01  3.19301147e-05  1.19888743e+00  1.82604317e+00  1.03376838e+00  1.79326224e+00  2.90087898e+01  1.28185876e+00  5.45407169e+00 
 7.20000000e-01  1.48000000e+00  7.20000000e-01  4.02550711e-05  1.19888743e+00  1.82604317e+00  1.03376838e+00  1.79326224e+00  2.90087898e+01  1.28185876e+00  5.45407169e+00 
 7.30000000e-01  1.48000000e+00  7.30000000e-01  4.96175657e-05  1.19888743e+00  1.82604317e+00  1.03376838e+00  1.79326224e+00  2.90087898e+01  1.28185876e+00  5.45407169e+00 
 7.40000000e-01  1.48000000e+00  7.40000000e-01  5.99941091e-05  1.19888743e+00  1.82604317e+00  1.03376838e+00  1.79326224e+00  2.90087898e+01  1.28185876e+00  5.45407169e+00 
 7.50000000e-01  1.48000000e+00  7.50000000e-01  7.13627273e-05  1.19888743e+00  1.82604317e+00  1.03376838e+00  1.79326224e+00  2.90087898e+01  1.28185876e+00  5.45407169e+00 
 7.60000000e-01  1.48000000e+00  7.60000000e-01  8.37035067e-05  1.19888743e+00  1.82604317e+00  1.03376838e+00  1.79326224e+00  2.90087898e+01  1.28185876e+00  5.45407169e+00 
 7.70000000e-01  1.48000000e+00  7.70000000e-01  9.69984282e-05  1.19888743e+00  1.82604317e+00  1.03376838e+00  1.79326224e+00  2.90087898e+01  1.28185876e+00  5.45407169e+00 
 7.80000000e-01  1.48000000e+00  7.80000000e-01  1.11230952e-04  1.19888743e+00  1.82604317e+00  1.03376838e+00  1.79326224e+00  2.90087898e+01  1.28185876e+00  5.45407169e+00 
 7.90000000e-01  1.48000000e+00  7.90000000e-01  1.26385579e-04  1.19888743e+00  1.82604317e+00  1.03376838e+00  1.79326224e+00  2.90087898e+01  1.28185876e+00  5.45407169e+00 
 8.00000000e-01  1.48000000e+00  8.00000000e-01  1.42447466e-04  1.19888743e+00  1.82604317e+00  1.03376838e+00  1.79326224e+00  2.90087898e+01  1.28185876e+00  5.45407169e+00 
 8.10000000e-01  1.48000000e+00  8.10000000e-01  1.59402139e-04  1.19888743e+00  1.82604317e+00  1.03376838e+00  1.79326224e+00  2.90087898e+01  1.28185876e+00  5.45407169e+00 
 8.20000000e-01  1.48000000e+00  8.20000000e-01  1.77235279e-04  1.19888743e+00  1.82604317e+00  1.03376838e+00  1.79326224e+00  2.90087898e+01  1.28185876e+00  5.45407169e+00 
 8.30000000e-01  1.48000000e+00  8.30000000e-01  1.95932574e-04  1.19888743e+00  1.82604317e+00  1.03376838e+00  1.79326224e+00  2.90087898e+01  1.28185876e+00  5.45407169e+00 
 8.40000000e-01  1.48000000e+00  8.40000000e-01  2.15479631e-04  1.19888743e+00  1.82604317e+00  1.03376838e+00  1.79326224e+00  2.90087898e+01  1.28185876e+00  5.45407169e+00 
 8.50000000e-01  1.48000000e+00  8.50000000e-01  2.35861915e-04  1.19888743e+00  1.82604317e+00  1.03376838e+00  1.79326224e+00  2.90087898e+01  1.28185876e+00  5.45407169e+00 
 8.60000000e-01  1.48000000e+00  8.60000000e-01  2.57064725e-04  1.19888743e+00  1.82604317e+00  1.03376838e+00  1.79326224e+00  2.90087898e+01  1.28185876e+00  5.45407169e+00 
 8.70000000e-01  1.48000000e+00  8.70000000e-01  2.79073176e-04  1.19888743e+00  1.82604317e+00  1.03376838e+00  1.79326224e+00  2.90087898e+01  1.28185876e+00  5.45407169e+00 
 8.80000000e-01  1.48000000e+00  8.80000000e-01  3.01872207e-04  1.19888743e+00  1.82604317e+00  1.03376838e+00  1.79326224e+00  2.90087898e+01  1.28185876e+00  5.45407169e+00 
 8.90000000e-01  1.48000000e+00  8.90000000e-01  3.25446586e-04  1.19888743e+00  1.82604317e+00  1.03376838e+00  1.79326224e+00  2.90087898e+01  1.28185876e+00  5.45407169e+00 
 9.00000000e-01  1.48000000e+00  9.00000000e-01  3.49780927e-04  1.19888743e+00  1.82604317e+00  1.03376838e+00  1.79326224e+00  2.90087898e+01  1.28185876e+00  5.45407169e+00 
 9.10000000e-01  1.48000000e+00  9.10000000e-01  3.74859704e-04  1.19888743e+00  1.82604317e+00  1.03376838e+00  1.79326224e+00  2.90087898e+01  1.28185876e+00  5.45407169e+00 
 9.20000000e-01  1.48000000e+00  9.20000000e-01  4.00667275e-04  1.19888743e+00  1.82604317e+00  1.03376838e+00  1.79326224e+00  2.90087898e+01  1.28185876e+00  5.45407169e+00 
 9.30000000e-01  1.48000000e+00  9.30000000e-01  4.27187900e-04  1.19888743e+00  1.82604317e+00  1.03376838e+00  1.79326224e+00  2.90087898e+01  1.28185876e+00  5.45407169e+00 
 9.40000000e-01  1.48000000e+00  9.40000000e-01  4.54405759e-04  1.19888743e+00  1.82604317e+00  1.03376838e+00  1.79326224e+00  2.90087898e+01  1.28185876e+00  5.45407169e+00 
 9.50000000e-01  1.48000000e+00  9.50000000e-01  4.82304976e-04  1.19888743e+00  1.82604317e+00  1.03376838e+00  1.79326224e+00  2.90087898e+01  1.28185876e+00  5.45407169e+00 
 9.60000000e-01  1.48000000e+00  9.60000000e-01  5.10869636e-04  1.19888743e+00  1.82604317e+00  1.03376838e+00  1.79326224e+00  2.90087898e+01  1.28185876e+00  5.45407169e+00 
 9.70000000e-01  1.48000000e+00  9.70000000e-01  5.40083798e-04  1.19888743e+00  1.82604317e+00  1.03376838e+00  1.79326224e+00  2.90087898e+01  1.28185876e+00  5.45407169e+00 
 9.80000000e-01  1.48000000e+00  9.80000000e-01  5.69931524e-04  1.19888743e+00  1.82604317e+00  1.03376838e+00  1.79326224e+00  2.90087898e+01  1.28185876e+00  5.45407169e+00 
 9.90000000e-01  1.48000000e+00  9.90000000e-01  6.00396897e-04  1.19888743e+00  1.82604317e+00  1.03376838e+00  1.79326224e+00  2.90087898e+01  1.28185876e+00  5.45407169e+00 
 1.00000000e+00  1.48000000e+00  1.00000000e+00  6.31464033e-04  1.19888743e+00  1.82604317e+00  1.03376838e+00  1.79326224e+00  2.90087898e+01  1.28185876e+00  5.45407169e+00 
 1.01000000e+00  1.48000000e+00  1.01000000e+00  6.63117099e-04  1.19888743e+00  1.82604317e+00  1.03376838e+00  1.79326224e+00  2.90087898e+01  1.28185876e+00  5.45407169e+00 
 1.02000000e+00  1.48000000e+00  1.02000000e+00  6.95340326e-04  1.19888743e+00  1.82604317e+00  1.03376838e+00  1.79326224e+00  2.90087898e+01  1.28185876e+00  5.45407169e+00 
 1.03000000e+00  1.48000000e+00  1.03000000e+00  7.28118024e-04  1.19888743e+00  1.82604317e+00  1.03376838e+00  1.79326224e+00  2.90087898e+01  1.28185876e+00  5.45407169e+00 
 1.04000000e+00  1.48000000e+00  1.04000000e+00  7.61434594e-04  1.19888743e+00  1.82604317e+00  1.03376838e+00  1.79326224e+00  2.90087898e+01  1.28185876e+00  5.45407169e+00 
 1.05000000e+00  1.48000000e+00  1.05000000e+00  7.95274544e-04  1.19888743e+00  1.82604317e+00  1.03376838e+00  1.79326224e+00  2.90087898e+01  1.28185876e+00  5.45407169e+00 
 1.06000000e+00  1.48000000e+00  1.06000000e+00  8.29622495e-04  1.19888743e+00  1.82604317e+00  1.03376838e+00  1.79326224e+00  2.90087898e+01  1.28185876e+00  5.45407169e+00 
 1.07000000e+00  1.48000000e+00  1.07000000e+00  8.64463199e-04  1.19888743e+00  1.82604317e+00  1.03376838e+00  1.79326224e+00  2.90087898e+01  1.28185876e+00  5.45407169e+00 
 1.08000000e+00  1.48000000e+00  1.08000000e+00  8.99781543e-04  1.19888743e+00  1.82604317e+00  1.03376838e+00  1.79326224e+00  2.90087898e+01  1.28185876e+00  5.45407169e+00 
 1.09000000e+00  1.48000000e+00  1.09000000e+00  9.35562559e-04  1.19888743e+00  1.82604317e+00  1.03376838e+00  1.79326224e+00  2.90087898e+01  1.28185876e+00  5.45407169e+00 
 1.10000000e+00  1.48000000e+00  1.10000000e+00  9.71791436e-04  1.19888743e+00  1.82604317e+00  1.03376838e+00  1.79326224e+00  2.90087898e+01  1.28185876e+00  5.45407169e+00 
 1.11000000e+00  1.48000000e+00  1.11000000e+00  1.00845352e-03  1.19888743e+00  1.82604317e+00  1.03376838e+00  1.79326224e+00  2.90087898e+01  1.28185876e+00  5.45407169e+00 
 1.12000000e+00  1.48000000e+00  1.12000000e+00  1.04553435e-03  1.19888743e+00  1.82604317e+00  1.03376838e+00  1.79326224e+00  2.90087898e+01  1.28185876e+00  5.45407169e+00 
 1.13000000e+00  1.48000000e+00  1.13000000e+00  1.08301960e-03  1.19888743e+00  1.82604317e+00  1.03376838e+00  1.79326224e+00  2.90087898e+01  1.28185876e+00  5.45407169e+00 
 1.14000000e+00  1.48000000e+00  1.14000000e+00  1.12089516e-03  1.19888743e+00  1.82604317e+00  1.03376838e+00  1.79326224e+00  2.90087898e+01  1.28185876e+00  5.45407169e+00 
 1.15000000e+00  1.48000000e+00  1.15000000e+00  1.15914710e-03  1.19888743e+00  1.82604317e+00  1.03376838e+00  1.79326224e+00  2.90087898e+01  1.28185876e+00  5.45407169e+00 
 1.16000000e+00  1.48000000e+00  1.16000000e+00  1.19776167e-03  1.19888743e+00  1.82604317e+00  1.03376838e+00  1.79326224e+00  2.90087898e+01  1.28185876e+00  5.45407169e+00 
 1.17000000e+00  1.48000000e+00  1.17000000e+00  1.23672533e-03  1.19888743e+00  1.82604317e+00  1.03376838e+00  1.79326224e+00  2.90087898e+01  1.28185876e+00  5.45407169e+00 
 1.18000000e+00  1.48000000e+00  1.18000000e+00  1.27602474e-03  1.19888743e+00  1.82604317e+00  1.03376838e+00  1.79326224e+00  2.90087898e+01  1.28185876e+00  5.45407169e+00 
 1.19000000e+00  1.48000000e+00  1.19000000e+00  1.31564674e-03  1.19888743e+00  1.82604317e+00  1.03376838e+00  1.79326224e+00  2.90087898e+01  1.28185876e+00  5.45407169e+00 
 1.20000000e+00  1.48000000e+00  1.20000000e+00  1.35557841e-03  1.19888743e+00  1.82604317e+00  1.03376838e+00  1.79326224e+00  2.90087898e+01  1.28185876e+00  5.45407169e+00 
 1.21000000e+00  1.48000000e+00  1.21000000e+00  1.39580701e-03  1.19888743e+00  1.82604317e+00  1.03376838e+00  1.79326224e+00  2.90087898e+01  1.28185876e+00  5.45407169e+00 
 1.22000000e+00  1.48000000e+00  1.22000000e+00  1.43632001e-03  1.19888743e+00  1.82604317e+00  1.03376838e+00  1.79326224e+00  2.90087898e+01  1.28185876e+00  5.45407169e+00 
 1.23000000e+00  1.48000000e+00  1.23000000e+00  1.47710511e-03  1.19888743e+00  1.82604317e+00  1.03376838e+00  1.79326224e+00  2.90087898e+01  1.28185876e+00  5.45407169e+00 
 1.24000000e+00  1.48000000e+00  1.24000000e+00  1.51815021e-03  1.19888743e+00  1.82604317e+00  1.03376838e+00  1.79326224e+00  2.90087898e+01  1.28185876e+00  5.45407169e+00 
 1.25000000e+00  1.48000000e+00  1.25000000e+00  1.55944341e-03  1.19888743e+00  1.82604317e+00  1.03376838e+00  1.79326224e+00  2.90087898e+01  1.28185876e+00  5.45407169e+00 
 1.26000000e+00  1.48000000e+00  1.26000000e+00  1.60097304e-03  1.19888743e+00  1.82604317e+00  1.03376838e+00  1.79326224e+00  2.90087898e+01  1.28185876e+00  5.45407169e+00 
 1.27000000e+00  1.48000000e+00  1.27000000e+00  1.64272762e-03  1.19888743e+00  1.82604317e+00  1.03376838e+00  1.79326224e+00  2.90087898e+01  1.28185876e+00  5.45407169e+00 
 1.28000000e+00  1.48000000e+00  1.28000000e+00  1.68469591e-03  1.19888743e+00  1.82604317e+00  1.03376838e+00  1.79326224e+00  2.90087898e+01  1.28185876e+00  5.45407169e+00 
 1.29000000e+00  1.48000000e+00  1.29000000e+00  1.72686686e-03  1.19888743e+00  1.82604317e+00  1.03376838e+00  1.79326224e+00  2.90087898e+01  1.28185876e+00  5.45407169e+00 
 1.30000000e+00  1.48000000e+00  1.30000000e+00  1.76922963e-03  1.19888743e+00  1.82604317e+00  1.03376838e+00  1.79326224e+00  2.90087898e+01  1.28185876e+00  5.45407169e+00 
 1.31000000e+00  1.48000000e+00  1.31000000e+00  1.81177359e-03  1.19888743e+00  1.82604317e+00  1.03376838e+00  1.79326224e+00  2.90087898e+01  1.28185876e+00  5.45407169e+00 
 1.32000000e+00  1.48000000e+00  1.32000000e+00  1.85448832e-03  1.19888743e+00  1.82604317e+00  1.03376838e+00  1.79326224e+00  2.90087898e+01  1.28185876e+00  5.45407169e+00 
 1.33000000e+00  1.48000000e+00  1.33000000e+00  1.89736361e-03  1.19888743e+00  1.82604317e+00  1.03376838e+00  1.79326224e+00  2.90087898e+01  1.28185876e+00  5.45407169e+00 
 1.34000000e+00  1.48000000e+00  1.34000000e+00  1.94038944e-03  1.19888743e+00  1.82604317e+00  1.03376838e+00  1.79326224e+00  2.90087898e+01  1.28185876e+00  5.45407169e+00 
 1.35000000e+00  1.48000000e+00  1.35000000e+00  1.98355599e-03  1.19888743e+00  1.82604317e+00  1.03376838e+00  1.79326224e+00  2.90087898e+01  1.28185876e+00  5.45407169e+00 
 1.36000000e+00  1.48000000e+00  1.36000000e+00  2.02685366e-03  1.19888743e+00  1.82604317e+00  1.03376838e+00  1.79326224e+00  2.90087898e+01  1.28185876e+00  5.45407169e+00 
 1.37000000e+00  1.48000000e+00  1.37000000e+00  2.07027302e-03  1.19888743e+00  1.82604317e+00  1.03376838e+00  1.79326224e+00  2.90087898e+01  1.28185876e+00  5.45407169e+00 
 1.38000000e+00  1.48000000e+00  1.38000000e+00  2.11380486e-03  1.19888743e+00  1.82604317e+00  1.03376838e+00  1.79326224e+00  2.90087898e+01  1.28185876e+00  5.45407169e+00 
 1.39000000e+00  1.48000000e+00  1.39000000e+00  2.15744014e-03  1.19888743e+00  1.82604317e+00  1.03376838e+00  1.79326224e+00  2.90087898e+01  1.28185876e+00  5.45407169e+00 
 1.40000000e+00  1.48000000e+00  1.40000000e+00  2.20117002e-03  1.19888743e+00  1.82604317e+00  1.03376838e+00  1.79326224e+00  2.90087898e+01  1.28185876e+00  5.45407169e+00 
 1.41000000e+00  1.48000000e+00  1.41000000e+00  2.24498583e-03  1.19888743e+00  1.82604317e+00  1.03376838e+00  1.79326224e+00  2.90087898e+01  1.28185876e+00  5.45407169e+00 
 1.42000000e+00  1.48000000e+00  1.42000000e+00  2.28887912e-03  1.19888743e+00  1.82604317e+00  1.03376838e+00  1.79326224e+00  2.90087898e+01  1.28185876e+00  5.45407169e+00 
 1.43000000e+00  1.48000000e+00  1.43000000e+00  2.33284158e-03  1.19888743e+00  1.82604317e+00  1.03376838e+00  1.79326224e+00  2.90087898e+01  1.28185876e+00  5.45407169e+00 
 1.44000000e+00  1.48000000e+00  1.44000000e+00  2.37686510e-03  1.19888743e+00  1.82604317e+00  1.03376838e+00  1.79326224e+00  2.90087898e+01  1.28185876e+00  5.45407169e+00 
 1.45000000e+00  1.48000000e+00  1.45000000e+00  2.42094174e-03  1.19888743e+00  1.82604317e+00  1.03376838e+00  1.79326224e+00  2.90087898e+01  1.28185876e+00  5.45407169e+00 
 1.46000000e+00  1.48000000e+00  1.46000000e+00  2.46506373e-03  1.19888743e+00  1.82604317e+00  1.03376838e+00  1.79326224e+00  2.90087898e+01  1.28185876e+00  5.45407169e+00 
 1.47000000e+00  1.48000000e+00  1.47000000e+00  2.50922346e-03  1.19888743e+00  1.82604317e+00  1.03376838e+00  1.79326224e+00  2.90087898e+01  1.28185876e+00  5.45407169e+00 
 1.48000000e+00  1.48000000e+00  1.48000000e+00  2.55341350e-03  1.19888743e+00  1.82604317e+00  1.03376838e+00  1.79326224e+00  2.90087898e+01  1.28185876e+00  5.45407169e+00 
 1.49000000e+00  1.48000000e+00  1.49000000e+00  2.59762657e-03  1.19888743e+00  1.82604317e+00  1.03376838e+00  1.79326224e+00  2.90087898e+01  1.28185876e+00  5.45407169e+00 
 1.50000000e+00  1.48000000e+00  1.50000000e+00  2.64185555e-03  1.19888743e+00  1.82604317e+00  1.03376838e+00  1.79326224e+00  2.90087898e+01  1.28185876e+00  5.45407169e+00 
 1.51000000e+00  1.48000000e+00  1.51000000e+00  2.68609350e-03  1.19888743e+00  1.82604317e+00  1.03376838e+00  1.79326224e+00  2.90087898e+01  1.28185876e+00  5.45407169e+00 
 1.52000000e+00  1.48000000e+00  1.52000000e+00  2.73033358e-03  1.19888743e+00  1.82604317e+00  1.03376838e+00  1.79326224e+00  2.90087898e+01  1.28185876e+00  5.45407169e+00 
 1.53000000e+00  1.48000000e+00  1.53000000e+00  2.77456915e-03  1.19888743e+00  1.82604317e+00  1.03376838e+00  1.79326224e+00  2.90087898e+01  1.28185876e+00  5.45407169e+00 
 1.54000000e+00  1.48000000e+00  1.54000000e+00  2.81879368e-03  1.19888743e+00  1.82604317e+00  1.03376838e+00  1.79326224e+00  2.90087898e+01  1.28185876e+00  5.45407169e+00 
 1.55000000e+00  1.48000000e+00  1.55000000e+00  2.86300081e-03  1.19888743e+00  1.82604317e+00  1.03376838e+00  1.79326224e+00  2.90087898e+01  1.28185876e+00  5.45407169e+00 
 1.56000000e+00  1.48000000e+00  1.56000000e+00  2.90718430e-03  1.19888743e+00  1.82604317e+00  1.03376838e+00  1.79326224e+00  2.90087898e+01  1.28185876e+00  5.45407169e+00 
 1.57000000e+00  1.48000000e+00  1.57000000e+00  2.95133805e-03  1.19888743e+00  1.82604317e+00  1.03376838e+00  1.79326224e+00  2.90087898e+01  1.28185876e+00  5.45407169e+00 
 1.58000000e+00  1.48000000e+00  1.58000000e+00  2.99545610e-03  1.19888743e+00  1.82604317e+00  1.03376838e+00  1.79326224e+00  2.90087898e+01  1.28185876e+00  5.45407169e+00 
 1.59000000e+00  1.48000000e+00  1.59000000e+00  3.03953261e-03  1.19888743e+00  1.82604317e+00  1.03376838e+00  1.79326224e+00  2.90087898e+01  1.28185876e+00  5.45407169e+00 
 1.60000000e+00  1.48000000e+00  1.60000000e+00  3.08356187e-03  1.19888743e+00  1.82604317e+00  1.03376838e+00  1.79326224e+00  2.90087898e+01  1.28185876e+00  5.45407169e+00 
 1.61000000e+00  1.48000000e+00  1.61000000e+00  3.12753830e-03  1.19888743e+00  1.82604317e+00  1.03376838e+00  1.79326224e+00  2.90087898e+01  1.28185876e+00  5.45407169e+00 
 1.62000000e+00  1.48000000e+00  1.62000000e+00  3.17145642e-03  1.19888743e+00  1.82604317e+00  1.03376838e+00  1.79326224e+00  2.90087898e+01  1.28185876e+00  5.45407169e+00 
 1.63000000e+00  1.48000000e+00  1.63000000e+00  3.21531090e-03  1.19888743e+00  1.82604317e+00  1.03376838e+00  1.79326224e+00  2.90087898e+01  1.28185876e+00  5.45407169e+00 
 1.64000000e+00  1.48000000e+00  1.64000000e+00  3.25909648e-03  1.19888743e+00  1.82604317e+00  1.03376838e+00  1.79326224e+00  2.90087898e+01  1.28185876e+00  5.45407169e+00 
 1.65000000e+00  1.48000000e+00  1.65000000e+00  3.30280806e-03  1.19888743e+00  1.82604317e+00  1.03376838e+00  1.79326224e+00  2.90087898e+01  1.28185876e+00  5.45407169e+00 
 1.66000000e+00  1.48000000e+00  1.66000000e+00  3.34644061e-03  1.19888743e+00  1.82604317e+00  1.03376838e+00  1.79326224e+00  2.90087898e+01  1.28185876e+00  5.45407169e+00 
 1.67000000e+00  1.48000000e+00  1.67000000e+00  3.38998922e-03  1.19888743e+00  1.82604317e+00  1.03376838e+00  1.79326224e+00  2.90087898e+01  1.28185876e+00  5.45407169e+00 
 1.68000000e+00  1.48000000e+00  1.68000000e+00  3.43344909e-03  1.19888743e+00  1.82604317e+00  1.03376838e+00  1.79326224e+00  2.90087898e+01  1.28185876e+00  5.45407169e+00 
 1.69000000e+00  1.48000000e+00  1.69000000e+00  3.47681550e-03  1.19888743e+00  1.82604317e+00  1.03376838e+00  1.79326224e+00  2.90087898e+01  1.28185876e+00  5.45407169e+00 
 1.70000000e+00  1.48000000e+00  1.70000000e+00  3.52008384e-03  1.19888743e+00  1.82604317e+00  1.03376838e+00  1.79326224e+00  2.90087898e+01  1.28185876e+00  5.45407169e+00 
 1.71000000e+00  1.48000000e+00  1.71000000e+00  3.56324959e-03  1.19888743e+00  1.82604317e+00  1.03376838e+00  1.79326224e+00  2.90087898e+01  1.28185876e+00  5.45407169e+00 
 1.72000000e+00  1.48000000e+00  1.72000000e+00  3.60630833e-03  1.19888743e+00  1.82604317e+00  1.03376838e+00  1.79326224e+00  2.90087898e+01  1.28185876e+00  5.45407169e+00 
 1.73000000e+00  1.48000000e+00  1.73000000e+00  3.64925571e-03  1.19888743e+00  1.82604317e+00  1.03376838e+00  1.79326224e+00  2.90087898e+01  1.28185876e+00  5.45407169e+00 
 1.74000000e+00  1.48000000e+00  1.74000000e+00  3.69208748e-03  1.19888743e+00  1.82604317e+00  1.03376838e+00  1.79326224e+00  2.90087898e+01  1.28185876e+00  5.45407169e+00 
 1.75000000e+00  1.48000000e+00  1.75000000e+00  3.73479946e-03  1.19888743e+00  1.82604317e+00  1.03376838e+00  1.79326224e+00  2.90087898e+01  1.28185876e+00  5.45407169e+00 
 1.76000000e+00  1.48000000e+00  1.76000000e+00  3.77738758e-03  1.19888743e+00  1.82604317e+00  1.03376838e+00  1.79326224e+00  2.90087898e+01  1.28185876e+00  5.45407169e+00 
 1.77000000e+00  1.48000000e+00  1.77000000e+00  3.81984780e-03  1.19888743e+00  1.82604317e+00  1.03376838e+00  1.79326224e+00  2.90087898e+01  1.28185876e+00  5.45407169e+00 
 1.78000000e+00  1.48000000e+00  1.78000000e+00  3.86217621e-03  1.19888743e+00  1.82604317e+00  1.03376838e+00  1.79326224e+00  2.90087898e+01  1.28185876e+00  5.45407169e+00 
 1.79000000e+00  1.48000000e+00  1.79000000e+00  3.90436892e-03  1.19888743e+00  1.82604317e+00  1.03376838e+00  1.79326224e+00  2.90087898e+01  1.28185876e+00  5.45407169e+00 
 1.80000000e+00  1.48000000e+00  1.80000000e+00  3.94642216e-03  1.19888743e+00  1.82604317e+00  1.03376838e+00  1.79326224e+00  2.90087898e+01  1.28185876e+00  5.45407169e+00 
 1.81000000e+00  1.48000000e+00  1.81000000e+00  3.98833219e-03  1.19888743e+00  1.82604317e+00  1.03376838e+00  1.79326224e+00  2.90087898e+01  1.28185876e+00  5.45407169e+00 
 1.82000000e+00  1.48000000e+00  1.82000000e+00  4.03009536e-03  1.19888743e+00  1.82604317e+00  1.03376838e+00  1.79326224e+00  2.90087898e+01  1.28185876e+00  5.45407169e+00 
 1.83000000e+00  1.48000000e+00  1.83000000e+00  4.07170806e-03  1.19888743e+00  1.82604317e+00  1.03376838e+00  1.79326224e+00  2.90087898e+01  1.28185876e+00  5.45407169e+00 
 1.84000000e+00  1.48000000e+00  1.84000000e+00  4.11316677e-03  1.19888743e+00  1.82604317e+00  1.03376838e+00  1.79326224e+00  2.90087898e+01  1.28185876e+00  5.45407169e+00 
 1.85000000e+00  1.48000000e+00  1.85000000e+00  4.15446801e-03  1.19888743e+00  1.82604317e+00  1.03376838e+00  1.79326224e+00  2.90087898e+01  1.28185876e+00  5.45407169e+00 
