 0.00000000e+00  1.48000000e+00  0.00000000e+00  1.48148160e-12  1.20902298e+00  1.64251024e+00  8.98894374e-01  1.60206568e+00  3.09392982e+01  1.48831997e+00  5.39151645e+00 
 1.00000000e-02  1.48000000e+00  1.00000000e-02  1.48148160e-12  1.20902298e+00  1.64251024e+00  8.98894374e-01  1.60206568e+00  3.09392982e+01  1.48831997e+00  5.39151645e+00 
 2.00000000e-02  1.48000000e+00  2.00000000e-02  1.48148160e-12  1.20902298e+00  1.64251024e+00  8.98894374e-01  1.60206568e+00  3.09392982e+01  1.48831997e+00  5.39151645e+00 
 3.00000000e-02  1.48000000e+00  3.00000000e-02  1.48148160e-12  1.20902298e+00  1.64251024e+00  8.98894374e-01  1.60206568e+00  3.09392982e+01  1.48831997e+00  5.39151645e+00 
 4.00000000e-02  1.48000000e+00  4.00000000e-02  1.48148160e-12  1.20902298e+00  1.64251024e+00  8.98894374e-01  1.60206568e+00  3.09392982e+01  1.48831997e+00  5.39151645e+00 
 5.00000000e-02  1.48000000e+00  5.00000000e-02  1.48148160e-12  1.20902298e+00  1.64251024e+00  8.98894374e-01  1.60206568e+00  3.09392982e+01  1.48831997e+00  5.39151645e+00 
 6.00000000e-02  1.48000000e+00  6.00000000e-02  1.48148160e-12  1.20902298e+00  1.64251024e+00  8.98894374e-01  1.60206568e+00  3.09392982e+01  1.48831997e+00  5.39151645e+00 
 7.00000000e-02  1.48000000e+00  7.00000000e-02  1.48148160e-12  1.20902298e+00  1.64251024e+00  8.98894374e-01  1.60206568e+00  3.09392982e+01  1.48831997e+00  5.39151645e+00 
 8.00000000e-02  1.48000000e+00  8.00000000e-02  1.48148160e-12  1.20902298e+00  1.64251024e+00  8.98894374e-01  1.60206568e+00  3.09392982e+01  1.48831997e+00  5.39151645e+00 
 9.00000000e-02  1.48000000e+00  9.00000000e-02  1.48148160e-12  1.20902298e+00  1.64251024e+00  8.98894374e-01  1.60206568e+00  3.09392982e+01  1.48831997e+00  5.39151645e+00 
 1.00000000e-01  1.48000000e+00  1.00000000e-01  1.48148160e-12  1.20902298e+00  1.64251024e+00  8.98894374e-01  1.60206568e+00  3.09392982e+01  1.48831997e+00  5.39151645e+00 
 1.10000000e-01  1.48000000e+00  1.10000000e-01  1.48148160e-12  1.20902298e+00  1.64251024e+00  8.98894374e-01  1.60206568e+00  3.09392982e+01  1.48831997e+00  5.39151645e+00 
 1.20000000e-01  1.48000000e+00  1.20000000e-01  1.48148160e-12  1.20902298e+00  1.64251024e+00  8.98894374e-01  1.60206568e+00  3.09392982e+01  1.48831997e+00  5.39151645e+00 
 1.30000000e-01  1.48000000e+00  1.30000000e-01  1.48148160e-12  1.20902298e+00  1.64251024e+00  8.98894374e-01  1.60206568e+00  3.09392982e+01  1.48831997e+00  5.39151645e+00 
 1.40000000e-01  1.48000000e+00  1.40000000e-01  1.48148160e-12  1.20902298e+00  1.64251024e+00  8.98894374e-01  1.60206568e+00  3.09392982e+01  1.48831997e+00  5.39151645e+00 
 1.50000000e-01  1.48000000e+00  1.50000000e-01  1.48148160e-12  1.20902298e+00  1.64251024e+00  8.98894374e-01  1.60206568e+00  3.09392982e+01  1.48831997e+00  5.39151645e+00 
 1.60000000e-01  1.48000000e+00  1.60000000e-01  1.48148160e-12  1.20902298e+00  1.64251024e+00  8.98894374e-01  1.60206568e+00  3.09392982e+01  1.48831997e+00  5.39151645e+00 
 1.70000000e-01  1.48000000e+00  1.70000000e-01  1.48148160e-12  1.20902298e+00  1.64251024e+00  8.98894374e-01  1.60206568e+00  3.09392982e+01  1.48831997e+00  5.39151645e+00 
 1.80000000e-01  1.48000000e+00  1.80000000e-01  1.48148160e-12  1.20902298e+00  1.64251024e+00  8.98894374e-01  1.60206568e+00  3.09392982e+01  1.48831997e+00  5.39151645e+00 
 1.90000000e-01  1.48000000e+00  1.90000000e-01  1.48148160e-12  1.20902298e+00  1.64251024e+00  8.98894374e-01  1.60206568e+00  3.09392982e+01  1.48831997e+00  5.39151645e+00 
 2.00000000e-01  1.48000000e+00  2.00000000e-01  1.48148160e-12  1.20902298e+00  1.64251024e+00  8.98894374e-01  1.60206568e+00  3.09392982e+01  1.48831997e+00  5.39151645e+00 
 2.10000000e-01  1.48000000e+00  2.10000000e-01  1.48148160e-12  1.20902298e+00  1.64251024e+00  8.98894374e-01  1.60206568e+00  3.09392982e+01  1.48831997e+00  5.39151645e+00 
 2.20000000e-01  1.48000000e+00  2.20000000e-01  1.48148160e-12  1.20902298e+00  1.64251024e+00  8.98894374e-01  1.60206568e+00  3.09392982e+01  1.48831997e+00  5.39151645e+00 
 2.30000000e-01  1.48000000e+00  2.30000000e-01  1.48148160e-12  1.20902298e+00  1.64251024e+00  8.98894374e-01  1.60206568e+00  3.09392982e+01  1.48831997e+00  5.39151645e+00 
 2.40000000e-01  1.48000000e+00  2.40000000e-01  1.48148160e-12  1.20902298e+00  1.64251024e+00  8.98894374e-01  1.60206568e+00  3.09392982e+01  1.48831997e+00  5.39151645e+00 
 2.50000000e-01  1.48000000e+00  2.50000000e-01  1.48148160e-12  1.20902298e+00  1.64251024e+00  8.98894374e-01  1.60206568e+00  3.09392982e+01  1.48831997e+00  5.39151645e+00 
 2.60000000e-01  1.48000000e+00  2.60000000e-01  1.48148160e-12  1.20902298e+00  1.64251024e+00  8.98894374e-01  1.60206568e+00  3.09392982e+01  1.48831997e+00  5.39151645e+00 
 2.70000000e-01  1.48000000e+00  2.70000000e-01  1.48148160e-12  1.20902298e+00  1.64251024e+00  8.98894374e-01  1.60206568e+00  3.09392982e+01  1.48831997e+00  5.39151645e+00 
 2.80000000e-01  1.48000000e+00  2.80000000e-01  1.48148160e-12  1.20902298e+00  1.64251024e+00  8.98894374e-01  1.60206568e+00  3.09392982e+01  1.48831997e+00  5.39151645e+00 
 2.90000000e-01  1.48000000e+00  2.90000000e-01  1.48148160e-12  1.20902298e+00  1.64251024e+00  8.98894374e-01  1.60206568e+00  3.09392982e+01  1.48831997e+00  5.39151645e+00 
 3.00000000e-01  1.48000000e+00  3.00000000e-01  1.48148160e-12  1.20902298e+00  1.64251024e+00  8.98894374e-01  1.60206568e+00  3.09392982e+01  1.48831997e+00  5.39151645e+00 
 3.10000000e-01  1.48000000e+00  3.10000000e-01  1.48148160e-12  1.20902298e+00  1.64251024e+00  8.98894374e-01  1.60206568e+00  3.09392982e+01  1.48831997e+00  5.39151645e+00 
 3.20000000e-01  1.48000000e+00  3.20000000e-01  1.48148160e-12  1.20902298e+00  1.64251024e+00  8.98894374e-01  1.60206568e+00  3.09392982e+01  1.48831997e+00  5.39151645e+00 
 3.30000000e-01  1.48000000e+00  3.30000000e-01  1.48148160e-12  1.20902298e+00  1.64251024e+00  8.98894374e-01  1.60206568e+00  3.09392982e+01  1.48831997e+00  5.39151645e+00 
 3.40000000e-01  1.48000000e+00  3.40000000e-01  1.48148160e-12  1.20902298e+00  1.64251024e+00  8.98894374e-01  1.60206568e+00  3.09392982e+01  1.48831997e+00  5.39151645e+00 
 3.50000000e-01  1.48000000e+00  3.50000000e-01  1.48148160e-12  1.20902298e+00  1.64251024e+00  8.98894374e-01  1.60206568e+00  3.09392982e+01  1.48831997e+00  5.39151645e+00 
 3.60000000e-01  1.48000000e+00  3.60000000e-01  1.48148160e-12  1.20902298e+00  1.64251024e+00  8.98894374e-01  1.60206568e+00  3.09392982e+01  1.48831997e+00  5.39151645e+00 
 3.70000000e-01  1.48000000e+00  3.70000000e-01  1.48148160e-12  1.20902298e+00  1.64251024e+00  8.98894374e-01  1.60206568e+00  3.09392982e+01  1.48831997e+00  5.39151645e+00 
 3.80000000e-01  1.48000000e+00  3.80000000e-01  1.48148160e-12  1.20902298e+00  1.64251024e+00  8.98894374e-01  1.60206568e+00  3.09392982e+01  1.48831997e+00  5.39151645e+00 
 3.90000000e-01  1.48000000e+00  3.90000000e-01  1.48148160e-12  1.20902298e+00  1.64251024e+00  8.98894374e-01  1.60206568e+00  3.09392982e+01  1.48831997e+00  5.39151645e+00 
 4.00000000e-01  1.48000000e+00  4.00000000e-01  1.48325796e-12  1.20902298e+00  1.64251024e+00  8.98894374e-01  1.60206568e+00  3.09392982e+01  1.48831997e+00  5.39151645e+00 
 4.10000000e-01  1.48000000e+00  4.10000000e-01  1.48503432e-12  1.20902298e+00  1.64251024e+00  8.98894374e-01  1.60206568e+00  3.09392982e+01  1.48831997e+00  5.39151645e+00 
 4.20000000e-01  1.48000000e+00  4.20000000e-01  1.48503432e-12  1.20902298e+00  1.64251024e+00  8.98894374e-01  1.60206568e+00  3.09392982e+01  1.48831997e+00  5.39151645e+00 
 4.30000000e-01  1.48000000e+00  4.30000000e-01  1.49036339e-12  1.20902298e+00  1.64251024e+00  8.98894374e-01  1.60206568e+00  3.09392982e+01  1.48831997e+00  5.39151645e+00 
 4.40000000e-01  1.48000000e+00  4.40000000e-01  1.50102153e-12  1.20902298e+00  1.64251024e+00  8.98894374e-01  1.60206568e+00  3.09392982e+01  1.48831997e+00  5.39151645e+00 
 4.50000000e-01  1.48000000e+00  4.50000000e-01  1.53121960e-12  1.20902298e+00  1.64251024e+00  8.98894374e-01  1.60206568e+00  3.09392982e+01  1.48831997e+00  5.39151645e+00 
 4.60000000e-01  1.48000000e+00  4.60000000e-01  1.60937930e-12  1.20902298e+00  1.64251024e+00  8.98894374e-01  1.60206568e+00  3.09392982e+01  1.48831997e+00  5.39151645e+00 
 4.70000000e-01  1.48000000e+00  4.70000000e-01  1.81721305e-12  1.20902298e+00  1.64251024e+00  8.98894374e-01  1.60206568e+00  3.09392982e+01  1.48831997e+00  5.39151645e+00 
 4.80000000e-01  1.48000000e+00  4.80000000e-01  2.36610731e-12  1.20902298e+00  1.64251024e+00  8.98894374e-01  1.60206568e+00  3.09392982e+01  1.48831997e+00  5.39151645e+00 
 4.90000000e-01  1.48000000e+00  4.90000000e-01  3.80495635e-12  1.20902298e+00  1.64251024e+00  8.98894374e-01  1.60206568e+00  3.09392982e+01  1.48831997e+00  5.39151645e+00 
 5.00000000e-01  1.48000000e+00  5.00000000e-01  7.55662199e-12  1.20902298e+00  1.64251024e+00  8.98894374e-01  1.60206568e+00  3.09392982e+01  1.48831997e+00  5.39151645e+00 
 5.10000000e-01  1.48000000e+00  5.10000000e-01  1.73105974e-11  1.20902298e+00  1.64251024e+00  8.98894374e-01  1.60206568e+00  3.09392982e+01  1.48831997e+00  5.39151645e+00 
 5.20000000e-01  1.48000000e+00  5.20000000e-01  4.24371649e-11  1.20902298e+00  1.64251024e+00  8.98894374e-01  1.60206568e+00  3.09392982e+01  1.48831997e+00  5.39151645e+00 
 5.30000000e-01  1.48000000e+00  5.30000000e-01  1.06318510e-10  1.20902298e+00  1.64251024e+00  8.98894374e-01  1.60206568e+00  3.09392982e+01  1.48831997e+00  5.39151645e+00 
 5.40000000e-01  1.48000000e+00  5.40000000e-01  2.65464095e-10  1.20902298e+00  1.64251024e+00  8.98894374e-01  1.60206568e+00  3.09392982e+01  1.48831997e+00  5.39151645e+00 
 5.50000000e-01  1.48000000e+00  5.50000000e-01  6.50254961e-10  1.20902298e+00  1.64251024e+00  8.98894374e-01  1.60206568e+00  3.09392982e+01  1.48831997e+00  5.39151645e+00 
 5.60000000e-01  1.48000000e+00  5.60000000e-01  1.54249058e-09  1.20902298e+00  1.64251024e+00  8.98894374e-01  1.60206568e+00  3.09392982e+01  1.48831997e+00  5.39151645e+00 
 5.70000000e-01  1.48000000e+00  5.70000000e-01  3.50184770e-09  1.20902298e+00  1.64251024e+00  8.98894374e-01  1.60206568e+00  3.09392982e+01  1.48831997e+00  5.39151645e+00 
 5.80000000e-01  1.48000000e+00  5.80000000e-01  7.53782636e-09  1.20902298e+00  1.64251024e+00  8.98894374e-01  1.60206568e+00  3.09392982e+01  1.48831997e+00  5.39151645e+00 
 5.90000000e-01  1.48000000e+00  5.90000000e-01  1.53165622e-08  1.20902298e+00  1.64251024e+00  8.98894374e-01  1.60206568e+00  3.09392982e+01  1.48831997e+00  5.39151645e+00 
 6.00000000e-01  1.48000000e+00  6.00000000e-01  2.94414004e-08  1.20902298e+00  1.64251024e+00  8.98894374e-01  1.60206568e+00  3.09392982e+01  1.48831997e+00  5.39151645e+00 
 6.10000000e-01  1.48000000e+00  6.10000000e-01  5.39504104e-08  1.20902298e+00  1.64251024e+00  8.98894374e-01  1.60206568e+00  3.09392982e+01  1.48831997e+00  5.39151645e+00 
 6.20000000e-01  1.48000000e+00  6.20000000e-01  9.52534780e-08  1.20902298e+00  1.64251024e+00  8.98894374e-01  1.60206568e+00  3.09392982e+01  1.48831997e+00  5.39151645e+00 
 6.30000000e-01  1.48000000e+00  6.30000000e-01  1.63775434e-07  1.20902298e+00  1.64251024e+00  8.98894374e-01  1.60206568e+00  3.09392982e+01  1.48831997e+00  5.39151645e+00 
 6.40000000e-01  1.48000000e+00  6.40000000e-01  2.76678577e-07  1.20902298e+00  1.64251024e+00  8.98894374e-01  1.60206568e+00  3.09392982e+01  1.48831997e+00  5.39151645e+00 
 6.50000000e-01  1.48000000e+00  6.50000000e-01  4.62213528e-07  1.20902298e+00  1.64251024e+00  8.98894374e-01  1.60206568e+00  3.09392982e+01  1.48831997e+00  5.39151645e+00 
 6.60000000e-01  1.48000000e+00  6.60000000e-01  7.66227206e-07  1.20902298e+00  1.64251024e+00  8.98894374e-01  1.60206568e+00  3.09392982e+01  1.48831997e+00  5.39151645e+00 
 6.70000000e-01  1.48000000e+00  6.70000000e-01  1.26046885e-06  1.20902298e+00  1.64251024e+00  8.98894374e-01  1.60206568e+00  3.09392982e+01  1.48831997e+00  5.39151645e+00 
 6.80000000e-01  1.48000000e+00  6.80000000e-01  2.04970587e-06  1.20902298e+00  1.64251024e+00  8.98894374e-01  1.60206568e+00  3.09392982e+01  1.48831997e+00  5.39151645e+00 
 6.90000000e-01  1.48000000e+00  6.90000000e-01  3.27100505e-06  1.20902298e+00  1.64251024e+00  8.98894374e-01  1.60206568e+00  3.09392982e+01  1.48831997e+00  5.39151645e+00 
 7.00000000e-01  1.48000000e+00  7.00000000e-01  5.07872610e-06  1.20902298e+00  1.64251024e+00  8.98894374e-01  1.60206568e+00  3.09392982e+01  1.48831997e+00  5.39151645e+00 
 7.10000000e-01  1.48000000e+00  7.10000000e-01  7.61777957e-06  1.20902298e+00  1.64251024e+00  8.98894374e-01  1.60206568e+00  3.09392982e+01  1.48831997e+00  5.39151645e+00 
 7.20000000e-01  1.48000000e+00  7.20000000e-01  1.09988757e-05  1.20902298e+00  1.64251024e+00  8.98894374e-01  1.60206568e+00  3.09392982e+01  1.48831997e+00  5.39151645e+00 
 7.30000000e-01  1.48000000e+00  7.30000000e-01  1.52886183e-05  1.20902298e+00  1.64251024e+00  8.98894374e-01  1.60206568e+00  3.09392982e+01  1.48831997e+00  5.39151645e+00 
 7.40000000e-01  1.48000000e+00  7.40000000e-01  2.05150818e-05  1.20902298e+00  1.64251024e+00  8.98894374e-01  1.60206568e+00  3.09392982e+01  1.48831997e+00  5.39151645e+00 
 7.50000000e-01  1.48000000e+00  7.50000000e-01  2.66805745e-05  1.20902298e+00  1.64251024e+00  8.98894374e-01  1.60206568e+00  3.09392982e+01  1.48831997e+00  5.39151645e+00 
 7.60000000e-01  1.48000000e+00  7.60000000e-01  3.37737988e-05  1.20902298e+00  1.64251024e+00  8.98894374e-01  1.60206568e+00  3.09392982e+01  1.48831997e+00  5.39151645e+00 
 7.70000000e-01  1.48000000e+00  7.70000000e-01  4.17781632e-05  1.20902298e+00  1.64251024e+00  8.98894374e-01  1.60206568e+00  3.09392982e+01  1.48831997e+00  5.39151645e+00 
 7.80000000e-01  1.48000000e+00  7.80000000e-01  5.06763194e-05  1.20902298e+00  1.64251024e+00  8.98894374e-01  1.60206568e+00  3.09392982e+01  1.48831997e+00  5.39151645e+00 
 7.90000000e-01  1.48000000e+00  7.90000000e-01  6.04521266e-05  1.20902298e+00  1.64251024e+00  8.98894374e-01  1.60206568e+00  3.09392982e+01  1.48831997e+00  5.39151645e+00 
 8.00000000e-01  1.48000000e+00  8.00000000e-01  7.10911926e-05  1.20902298e+00  1.64251024e+00  8.98894374e-01  1.60206568e+00  3.09392982e+01  1.48831997e+00  5.39151645e+00 
 8.10000000e-01  1.48000000e+00  8.10000000e-01  8.25807521e-05  1.20902298e+00  1.64251024e+00  8.98894374e-01  1.60206568e+00  3.09392982e+01  1.48831997e+00  5.39151645e+00 
 8.20000000e-01  1.48000000e+00  8.20000000e-01  9.49093090e-05  1.20902298e+00  1.64251024e+00  8.98894374e-01  1.60206568e+00  3.09392982e+01  1.48831997e+00  5.39151645e+00 
 8.30000000e-01  1.48000000e+00  8.30000000e-01  1.08066246e-04  1.20902298e+00  1.64251024e+00  8.98894374e-01  1.60206568e+00  3.09392982e+01  1.48831997e+00  5.39151645e+00 
 8.40000000e-01  1.48000000e+00  8.40000000e-01  1.22041487e-04  1.20902298e+00  1.64251024e+00  8.98894374e-01  1.60206568e+00  3.09392982e+01  1.48831997e+00  5.39151645e+00 
 8.50000000e-01  1.48000000e+00  8.50000000e-01  1.36825226e-04  1.20902298e+00  1.64251024e+00  8.98894374e-01  1.60206568e+00  3.09392982e+01  1.48831997e+00  5.39151645e+00 
 8.60000000e-01  1.48000000e+00  8.60000000e-01  1.52407742e-04  1.20902298e+00  1.64251024e+00  8.98894374e-01  1.60206568e+00  3.09392982e+01  1.48831997e+00  5.39151645e+00 
 8.70000000e-01  1.48000000e+00  8.70000000e-01  1.68779256e-04  1.20902298e+00  1.64251024e+00  8.98894374e-01  1.60206568e+00  3.09392982e+01  1.48831997e+00  5.39151645e+00 
 8.80000000e-01  1.48000000e+00  8.80000000e-01  1.85929847e-04  1.20902298e+00  1.64251024e+00  8.98894374e-01  1.60206568e+00  3.09392982e+01  1.48831997e+00  5.39151645e+00 
 8.90000000e-01  1.48000000e+00  8.90000000e-01  2.03849392e-04  1.20902298e+00  1.64251024e+00  8.98894374e-01  1.60206568e+00  3.09392982e+01  1.48831997e+00  5.39151645e+00 
 9.00000000e-01  1.48000000e+00  9.00000000e-01  2.22527540e-04  1.20902298e+00  1.64251024e+00  8.98894374e-01  1.60206568e+00  3.09392982e+01  1.48831997e+00  5.39151645e+00 
 9.10000000e-01  1.48000000e+00  9.10000000e-01  2.41953691e-04  1.20902298e+00  1.64251024e+00  8.98894374e-01  1.60206568e+00  3.09392982e+01  1.48831997e+00  5.39151645e+00 
 9.20000000e-01  1.48000000e+00  9.20000000e-01  2.62116995e-04  1.20902298e+00  1.64251024e+00  8.98894374e-01  1.60206568e+00  3.09392982e+01  1.48831997e+00  5.39151645e+00 
 9.30000000e-01  1.48000000e+00  9.30000000e-01  2.83006354e-04  1.20902298e+00  1.64251024e+00  8.98894374e-01  1.60206568e+00  3.09392982e+01  1.48831997e+00  5.39151645e+00 
 9.40000000e-01  1.48000000e+00  9.40000000e-01  3.04610434e-04  1.20902298e+00  1.64251024e+00  8.98894374e-01  1.60206568e+00  3.09392982e+01  1.48831997e+00  5.39151645e+00 
 9.50000000e-01  1.48000000e+00  9.50000000e-01  3.26917672e-04  1.20902298e+00  1.64251024e+00  8.98894374e-01  1.60206568e+00  3.09392982e+01  1.48831997e+00  5.39151645e+00 
 9.60000000e-01  1.48000000e+00  9.60000000e-01  3.49916294e-04  1.20902298e+00  1.64251024e+00  8.98894374e-01  1.60206568e+00  3.09392982e+01  1.48831997e+00  5.39151645e+00 
 9.70000000e-01  1.48000000e+00  9.70000000e-01  3.73594321e-04  1.20902298e+00  1.64251024e+00  8.98894374e-01  1.60206568e+00  3.09392982e+01  1.48831997e+00  5.39151645e+00 
 9.80000000e-01  1.48000000e+00  9.80000000e-01  3.97939596e-04  1.20902298e+00  1.64251024e+00  8.98894374e-01  1.60206568e+00  3.09392982e+01  1.48831997e+00  5.39151645e+00 
 9.90000000e-01  1.48000000e+00  9.90000000e-01  4.22939799e-04  1.20902298e+00  1.64251024e+00  8.98894374e-01  1.60206568e+00  3.09392982e+01  1.48831997e+00  5.39151645e+00 
 1.00000000e+00  1.48000000e+00  1.00000000e+00  4.48582460e-04  1.20902298e+00  1.64251024e+00  8.98894374e-01  1.60206568e+00  3.09392982e+01  1.48831997e+00  5.39151645e+00 
 1.01000000e+00  1.48000000e+00  1.01000000e+00  4.74854976e-04  1.20902298e+00  1.64251024e+00  8.98894374e-01  1.60206568e+00  3.09392982e+01  1.48831997e+00  5.39151645e+00 
 1.02000000e+00  1.48000000e+00  1.02000000e+00  5.01744624e-04  1.20902298e+00  1.64251024e+00  8.98894374e-01  1.60206568e+00  3.09392982e+01  1.48831997e+00  5.39151645e+00 
 1.03000000e+00  1.48000000e+00  1.03000000e+00  5.29238579e-04  1.20902298e+00  1.64251024e+00  8.98894374e-01  1.60206568e+00  3.09392982e+01  1.48831997e+00  5.39151645e+00 
 1.04000000e+00  1.48000000e+00  1.04000000e+00  5.57323929e-04  1.20902298e+00  1.64251024e+00  8.98894374e-01  1.60206568e+00  3.09392982e+01  1.48831997e+00  5.39151645e+00 
 1.05000000e+00  1.48000000e+00  1.05000000e+00  5.85987687e-04  1.20902298e+00  1.64251024e+00  8.98894374e-01  1.60206568e+00  3.09392982e+01  1.48831997e+00  5.39151645e+00 
 1.06000000e+00  1.48000000e+00  1.06000000e+00  6.15216808e-04  1.20902298e+00  1.64251024e+00  8.98894374e-01  1.60206568e+00  3.09392982e+01  1.48831997e+00  5.39151645e+00 
 1.07000000e+00  1.48000000e+00  1.07000000e+00  6.44998202e-04  1.20902298e+00  1.64251024e+00  8.98894374e-01  1.60206568e+00  3.09392982e+01  1.48831997e+00  5.39151645e+00 
 1.08000000e+00  1.48000000e+00  1.08000000e+00  6.75318744e-04  1.20902298e+00  1.64251024e+00  8.98894374e-01  1.60206568e+00  3.09392982e+01  1.48831997e+00  5.39151645e+00 
 1.09000000e+00  1.48000000e+00  1.09000000e+00  7.06165293e-04  1.20902298e+00  1.64251024e+00  8.98894374e-01  1.60206568e+00  3.09392982e+01  1.48831997e+00  5.39151645e+00 
 1.10000000e+00  1.48000000e+00  1.10000000e+00  7.37524698e-04  1.20902298e+00  1.64251024e+00  8.98894374e-01  1.60206568e+00  3.09392982e+01  1.48831997e+00  5.39151645e+00 
 1.11000000e+00  1.48000000e+00  1.11000000e+00  7.69383813e-04  1.20902298e+00  1.64251024e+00  8.98894374e-01  1.60206568e+00  3.09392982e+01  1.48831997e+00  5.39151645e+00 
 1.12000000e+00  1.48000000e+00  1.12000000e+00  8.01729508e-04  1.20902298e+00  1.64251024e+00  8.98894374e-01  1.60206568e+00  3.09392982e+01  1.48831997e+00  5.39151645e+00 
 1.13000000e+00  1.48000000e+00  1.13000000e+00  8.34548679e-04  1.20902298e+00  1.64251024e+00  8.98894374e-01  1.60206568e+00  3.09392982e+01  1.48831997e+00  5.39151645e+00 
 1.14000000e+00  1.48000000e+00  1.14000000e+00  8.67828259e-04  1.20902298e+00  1.64251024e+00  8.98894374e-01  1.60206568e+00  3.09392982e+01  1.48831997e+00  5.39151645e+00 
 1.15000000e+00  1.48000000e+00  1.15000000e+00  9.01555228e-04  1.20902298e+00  1.64251024e+00  8.98894374e-01  1.60206568e+00  3.09392982e+01  1.48831997e+00  5.39151645e+00 
 1.16000000e+00  1.48000000e+00  1.16000000e+00  9.35716621e-04  1.20902298e+00  1.64251024e+00  8.98894374e-01  1.60206568e+00  3.09392982e+01  1.48831997e+00  5.39151645e+00 
 1.17000000e+00  1.48000000e+00  1.17000000e+00  9.70299538e-04  1.20902298e+00  1.64251024e+00  8.98894374e-01  1.60206568e+00  3.09392982e+01  1.48831997e+00  5.39151645e+00 
 1.18000000e+00  1.48000000e+00  1.18000000e+00  1.00529115e-03  1.20902298e+00  1.64251024e+00  8.98894374e-01  1.60206568e+00  3.09392982e+01  1.48831997e+00  5.39151645e+00 
 1.19000000e+00  1.48000000e+00  1.19000000e+00  1.04067872e-03  1.20902298e+00  1.64251024e+00  8.98894374e-01  1.60206568e+00  3.09392982e+01  1.48831997e+00  5.39151645e+00 
 1.20000000e+00  1.48000000e+00  1.20000000e+00  1.07644957e-03  1.20902298e+00  1.64251024e+00  8.98894374e-01  1.60206568e+00  3.09392982e+01  1.48831997e+00  5.39151645e+00 
 1.21000000e+00  1.48000000e+00  1.21000000e+00  1.11259116e-03  1.20902298e+00  1.64251024e+00  8.98894374e-01  1.60206568e+00  3.09392982e+01  1.48831997e+00  5.39151645e+00 
 1.22000000e+00  1.48000000e+00  1.22000000e+00  1.14909102e-03  1.20902298e+00  1.64251024e+00  8.98894374e-01  1.60206568e+00  3.09392982e+01  1.48831997e+00  5.39151645e+00 
 1.23000000e+00  1.48000000e+00  1.23000000e+00  1.18593680e-03  1.20902298e+00  1.64251024e+00  8.98894374e-01  1.60206568e+00  3.09392982e+01  1.48831997e+00  5.39151645e+00 
 1.24000000e+00  1.48000000e+00  1.24000000e+00  1.22311626e-03  1.20902298e+00  1.64251024e+00  8.98894374e-01  1.60206568e+00  3.09392982e+01  1.48831997e+00  5.39151645e+00 
 1.25000000e+00  1.48000000e+00  1.25000000e+00  1.26061727e-03  1.20902298e+00  1.64251024e+00  8.98894374e-01  1.60206568e+00  3.09392982e+01  1.48831997e+00  5.39151645e+00 
 1.26000000e+00  1.48000000e+00  1.26000000e+00  1.29842785e-03  1.20902298e+00  1.64251024e+00  8.98894374e-01  1.60206568e+00  3.09392982e+01  1.48831997e+00  5.39151645e+00 
 1.27000000e+00  1.48000000e+00  1.27000000e+00  1.33653613e-03  1.20902298e+00  1.64251024e+00  8.98894374e-01  1.60206568e+00  3.09392982e+01  1.48831997e+00  5.39151645e+00 
 1.28000000e+00  1.48000000e+00  1.28000000e+00  1.37493037e-03  1.20902298e+00  1.64251024e+00  8.98894374e-01  1.60206568e+00  3.09392982e+01  1.48831997e+00  5.39151645e+00 
 1.29000000e+00  1.48000000e+00  1.29000000e+00  1.41359897e-03  1.20902298e+00  1.64251024e+00  8.98894374e-01  1.60206568e+00  3.09392982e+01  1.48831997e+00  5.39151645e+00 
 1.30000000e+00  1.48000000e+00  1.30000000e+00  1.45253048e-03  1.20902298e+00  1.64251024e+00  8.98894374e-01  1.60206568e+00  3.09392982e+01  1.48831997e+00  5.39151645e+00 
 1.31000000e+00  1.48000000e+00  1.31000000e+00  1.49171357e-03  1.20902298e+00  1.64251024e+00  8.98894374e-01  1.60206568e+00  3.09392982e+01  1.48831997e+00  5.39151645e+00 
 1.32000000e+00  1.48000000e+00  1.32000000e+00  1.53113708e-03  1.20902298e+00  1.64251024e+00  8.98894374e-01  1.60206568e+00  3.09392982e+01  1.48831997e+00  5.39151645e+00 
 1.33000000e+00  1.48000000e+00  1.33000000e+00  1.57078998e-03  1.20902298e+00  1.64251024e+00  8.98894374e-01  1.60206568e+00  3.09392982e+01  1.48831997e+00  5.39151645e+00 
 1.34000000e+00  1.48000000e+00  1.34000000e+00  1.61066140e-03  1.20902298e+00  1.64251024e+00  8.98894374e-01  1.60206568e+00  3.09392982e+01  1.48831997e+00  5.39151645e+00 
 1.35000000e+00  1.48000000e+00  1.35000000e+00  1.65074062e-03  1.20902298e+00  1.64251024e+00  8.98894374e-01  1.60206568e+00  3.09392982e+01  1.48831997e+00  5.39151645e+00 
 1.36000000e+00  1.48000000e+00  1.36000000e+00  1.69101707e-03  1.20902298e+00  1.64251024e+00  8.98894374e-01  1.60206568e+00  3.09392982e+01  1.48831997e+00  5.39151645e+00 
 1.37000000e+00  1.48000000e+00  1.37000000e+00  1.73148033e-03  1.20902298e+00  1.64251024e+00  8.98894374e-01  1.60206568e+00  3.09392982e+01  1.48831997e+00  5.39151645e+00 
 1.38000000e+00  1.48000000e+00  1.38000000e+00  1.77212015e-03  1.20902298e+00  1.64251024e+00  8.98894374e-01  1.60206568e+00  3.09392982e+01  1.48831997e+00  5.39151645e+00 
 1.39000000e+00  1.48000000e+00  1.39000000e+00  1.81292643e-03  1.20902298e+00  1.64251024e+00  8.98894374e-01  1.60206568e+00  3.09392982e+01  1.48831997e+00  5.39151645e+00 
 1.40000000e+00  1.48000000e+00  1.40000000e+00  1.85388923e-03  1.20902298e+00  1.64251024e+00  8.98894374e-01  1.60206568e+00  3.09392982e+01  1.48831997e+00  5.39151645e+00 
 1.41000000e+00  1.48000000e+00  1.41000000e+00  1.89499874e-03  1.20902298e+00  1.64251024e+00  8.98894374e-01  1.60206568e+00  3.09392982e+01  1.48831997e+00  5.39151645e+00 
 1.42000000e+00  1.48000000e+00  1.42000000e+00  1.93624535e-03  1.20902298e+00  1.64251024e+00  8.98894374e-01  1.60206568e+00  3.09392982e+01  1.48831997e+00  5.39151645e+00 
 1.43000000e+00  1.48000000e+00  1.43000000e+00  1.97761959e-03  1.20902298e+00  1.64251024e+00  8.98894374e-01  1.60206568e+00  3.09392982e+01  1.48831997e+00  5.39151645e+00 
 1.44000000e+00  1.48000000e+00  1.44000000e+00  2.01911213e-03  1.20902298e+00  1.64251024e+00  8.98894374e-01  1.60206568e+00  3.09392982e+01  1.48831997e+00  5.39151645e+00 
 1.45000000e+00  1.48000000e+00  1.45000000e+00  2.06071381e-03  1.20902298e+00  1.64251024e+00  8.98894374e-01  1.60206568e+00  3.09392982e+01  1.48831997e+00  5.39151645e+00 
 1.46000000e+00  1.48000000e+00  1.46000000e+00  2.10241565e-03  1.20902298e+00  1.64251024e+00  8.98894374e-01  1.60206568e+00  3.09392982e+01  1.48831997e+00  5.39151645e+00 
 1.47000000e+00  1.48000000e+00  1.47000000e+00  2.14420877e-03  1.20902298e+00  1.64251024e+00  8.98894374e-01  1.60206568e+00  3.09392982e+01  1.48831997e+00  5.39151645e+00 
 1.48000000e+00  1.48000000e+00  1.48000000e+00  2.18608451e-03  1.20902298e+00  1.64251024e+00  8.98894374e-01  1.60206568e+00  3.09392982e+01  1.48831997e+00  5.39151645e+00 
 1.49000000e+00  1.48000000e+00  1.49000000e+00  2.22803430e-03  1.20902298e+00  1.64251024e+00  8.98894374e-01  1.60206568e+00  3.09392982e+01  1.48831997e+00  5.39151645e+00 
 1.50000000e+00  1.48000000e+00  1.50000000e+00  2.27004978e-03  1.20902298e+00  1.64251024e+00  8.98894374e-01  1.60206568e+00  3.09392982e+01  1.48831997e+00  5.39151645e+00 
 1.51000000e+00  1.48000000e+00  1.51000000e+00  2.31212269e-03  1.20902298e+00  1.64251024e+00  8.98894374e-01  1.60206568e+00  3.09392982e+01  1.48831997e+00  5.39151645e+00 
 1.52000000e+00  1.48000000e+00  1.52000000e+00  2.35424496e-03  1.20902298e+00  1.64251024e+00  8.98894374e-01  1.60206568e+00  3.09392982e+01  1.48831997e+00  5.39151645e+00 
 1.53000000e+00  1.48000000e+00  1.53000000e+00  2.39640865e-03  1.20902298e+00  1.64251024e+00  8.98894374e-01  1.60206568e+00  3.09392982e+01  1.48831997e+00  5.39151645e+00 
 1.54000000e+00  1.48000000e+00  1.54000000e+00  2.43860595e-03  1.20902298e+00  1.64251024e+00  8.98894374e-01  1.60206568e+00  3.09392982e+01  1.48831997e+00  5.39151645e+00 
 1.55000000e+00  1.48000000e+00  1.55000000e+00  2.48082923e-03  1.20902298e+00  1.64251024e+00  8.98894374e-01  1.60206568e+00  3.09392982e+01  1.48831997e+00  5.39151645e+00 
 1.56000000e+00  1.48000000e+00  1.56000000e+00  2.52307098e-03  1.20902298e+00  1.64251024e+00  8.98894374e-01  1.60206568e+00  3.09392982e+01  1.48831997e+00  5.39151645e+00 
 1.57000000e+00  1.48000000e+00  1.57000000e+00  2.56532384e-03  1.20902298e+00  1.64251024e+00  8.98894374e-01  1.60206568e+00  3.09392982e+01  1.48831997e+00  5.39151645e+00 
 1.58000000e+00  1.48000000e+00  1.58000000e+00  2.60758058e-03  1.20902298e+00  1.64251024e+00  8.98894374e-01  1.60206568e+00  3.09392982e+01  1.48831997e+00  5.39151645e+00 
 1.59000000e+00  1.48000000e+00  1.59000000e+00  2.64983412e-03  1.20902298e+00  1.64251024e+00  8.98894374e-01  1.60206568e+00  3.09392982e+01  1.48831997e+00  5.39151645e+00 
 1.60000000e+00  1.48000000e+00  1.60000000e+00  2.69207750e-03  1.20902298e+00  1.64251024e+00  8.98894374e-01  1.60206568e+00  3.09392982e+01  1.48831997e+00  5.39151645e+00 
 1.61000000e+00  1.48000000e+00  1.61000000e+00  2.73430391e-03  1.20902298e+00  1.64251024e+00  8.98894374e-01  1.60206568e+00  3.09392982e+01  1.48831997e+00  5.39151645e+00 
 1.62000000e+00  1.48000000e+00  1.62000000e+00  2.77650666e-03  1.20902298e+00  1.64251024e+00  8.98894374e-01  1.60206568e+00  3.09392982e+01  1.48831997e+00  5.39151645e+00 
 1.63000000e+00  1.48000000e+00  1.63000000e+00  2.81867919e-03  1.20902298e+00  1.64251024e+00  8.98894374e-01  1.60206568e+00  3.09392982e+01  1.48831997e+00  5.39151645e+00 
 1.64000000e+00  1.48000000e+00  1.64000000e+00  2.86081508e-03  1.20902298e+00  1.64251024e+00  8.98894374e-01  1.60206568e+00  3.09392982e+01  1.48831997e+00  5.39151645e+00 
 1.65000000e+00  1.48000000e+00  1.65000000e+00  2.90290800e-03  1.20902298e+00  1.64251024e+00  8.98894374e-01  1.60206568e+00  3.09392982e+01  1.48831997e+00  5.39151645e+00 
 1.66000000e+00  1.48000000e+00  1.66000000e+00  2.94495179e-03  1.20902298e+00  1.64251024e+00  8.98894374e-01  1.60206568e+00  3.09392982e+01  1.48831997e+00  5.39151645e+00 
 1.67000000e+00  1.48000000e+00  1.67000000e+00  2.98694038e-03  1.20902298e+00  1.64251024e+00  8.98894374e-01  1.60206568e+00  3.09392982e+01  1.48831997e+00  5.39151645e+00 
 1.68000000e+00  1.48000000e+00  1.68000000e+00  3.02886782e-03  1.20902298e+00  1.64251024e+00  8.98894374e-01  1.60206568e+00  3.09392982e+01  1.48831997e+00  5.39151645e+00 
 1.69000000e+00  1.48000000e+00  1.69000000e+00  3.07072828e-03  1.20902298e+00  1.64251024e+00  8.98894374e-01  1.60206568e+00  3.09392982e+01  1.48831997e+00  5.39151645e+00 
 1.70000000e+00  1.48000000e+00  1.70000000e+00  3.11251604e-03  1.20902298e+00  1.64251024e+00  8.98894374e-01  1.60206568e+00  3.09392982e+01  1.48831997e+00  5.39151645e+00 
 1.71000000e+00  1.48000000e+00  1.71000000e+00  3.15422549e-03  1.20902298e+00  1.64251024e+00  8.98894374e-01  1.60206568e+00  3.09392982e+01  1.48831997e+00  5.39151645e+00 
 1.72000000e+00  1.48000000e+00  1.72000000e+00  3.19585115e-03  1.20902298e+00  1.64251024e+00  8.98894374e-01  1.60206568e+00  3.09392982e+01  1.48831997e+00  5.39151645e+00 
 1.73000000e+00  1.48000000e+00  1.73000000e+00  3.23738761e-03  1.20902298e+00  1.64251024e+00  8.98894374e-01  1.60206568e+00  3.09392982e+01  1.48831997e+00  5.39151645e+00 
 1.74000000e+00  1.48000000e+00  1.74000000e+00  3.27882959e-03  1.20902298e+00  1.64251024e+00  8.98894374e-01  1.60206568e+00  3.09392982e+01  1.48831997e+00  5.39151645e+00 
 1.75000000e+00  1.48000000e+00  1.75000000e+00  3.32017190e-03  1.20902298e+00  1.64251024e+00  8.98894374e-01  1.60206568e+00  3.09392982e+01  1.48831997e+00  5.39151645e+00 
 1.76000000e+00  1.48000000e+00  1.76000000e+00  3.36140946e-03  1.20902298e+00  1.64251024e+00  8.98894374e-01  1.60206568e+00  3.09392982e+01  1.48831997e+00  5.39151645e+00 
 1.77000000e+00  1.48000000e+00  1.77000000e+00  3.40253727e-03  1.20902298e+00  1.64251024e+00  8.98894374e-01  1.60206568e+00  3.09392982e+01  1.48831997e+00  5.39151645e+00 
 1.78000000e+00  1.48000000e+00  1.78000000e+00  3.44355044e-03  1.20902298e+00  1.64251024e+00  8.98894374e-01  1.60206568e+00  3.09392982e+01  1.48831997e+00  5.39151645e+00 
 1.79000000e+00  1.48000000e+00  1.79000000e+00  3.48444417e-03  1.20902298e+00  1.64251024e+00  8.98894374e-01  1.60206568e+00  3.09392982e+01  1.48831997e+00  5.39151645e+00 
 1.80000000e+00  1.48000000e+00  1.80000000e+00  3.52521374e-03  1.20902298e+00  1.64251024e+00  8.98894374e-01  1.60206568e+00  3.09392982e+01  1.48831997e+00  5.39151645e+00 
 1.81000000e+00  1.48000000e+00  1.81000000e+00  3.56585453e-03  1.20902298e+00  1.64251024e+00  8.98894374e-01  1.60206568e+00  3.09392982e+01  1.48831997e+00  5.39151645e+00 
 1.82000000e+00  1.48000000e+00  1.82000000e+00  3.60636201e-03  1.20902298e+00  1.64251024e+00  8.98894374e-01  1.60206568e+00  3.09392982e+01  1.48831997e+00  5.39151645e+00 
 1.83000000e+00  1.48000000e+00  1.83000000e+00  3.64673170e-03  1.20902298e+00  1.64251024e+00  8.98894374e-01  1.60206568e+00  3.09392982e+01  1.48831997e+00  5.39151645e+00 
 1.84000000e+00  1.48000000e+00  1.84000000e+00  3.68695925e-03  1.20902298e+00  1.64251024e+00  8.98894374e-01  1.60206568e+00  3.09392982e+01  1.48831997e+00  5.39151645e+00 
 1.85000000e+00  1.48000000e+00  1.85000000e+00  3.72704036e-03  1.20902298e+00  1.64251024e+00  8.98894374e-01  1.60206568e+00  3.09392982e+01  1.48831997e+00  5.39151645e+00 
