 0.00000000e+00  0.00000000e+00  0.00000000e+00  1.47792889e-12  0.00000000e+00  1.29500000e+00  0.00000000e+00  5.25348000e-01 
 1.00000000e-02  1.00000000e-02  1.00000000e-02  1.47792889e-12  1.00000000e-02  1.29500000e+00  1.00000000e-02  5.25348000e-01 
 2.00000000e-02  2.00000000e-02  2.00000000e-02  1.47792889e-12  2.00000000e-02  1.29500000e+00  2.00000000e-02  5.25348000e-01 
 3.00000000e-02  3.00000000e-02  3.00000000e-02  1.47792889e-12  3.00000000e-02  1.29500000e+00  3.00000000e-02  5.25348000e-01 
 4.00000000e-02  4.00000000e-02  4.00000000e-02  1.47792889e-12  4.00000000e-02  1.29500000e+00  4.00000000e-02  5.25348000e-01 
 5.00000000e-02  5.00000000e-02  5.00000000e-02  1.47792889e-12  5.00000000e-02  1.29500000e+00  5.00000000e-02  5.25348000e-01 
 6.00000000e-02  6.00000000e-02  6.00000000e-02  1.47792889e-12  6.00000000e-02  1.29500000e+00  6.00000000e-02  5.25348000e-01 
 7.00000000e-02  7.00000000e-02  7.00000000e-02  1.47792889e-12  7.00000000e-02  1.29500000e+00  7.00000000e-02  5.25348000e-01 
 8.00000000e-02  8.00000000e-02  8.00000000e-02  1.47792889e-12  8.00000000e-02  1.29500000e+00  8.00000000e-02  5.25348000e-01 
 9.00000000e-02  9.00000000e-02  9.00000000e-02  1.47792889e-12  9.00000000e-02  1.29500000e+00  9.00000000e-02  5.25348000e-01 
 1.00000000e-01  1.00000000e-01  1.00000000e-01  1.47792889e-12  1.00000000e-01  1.29500000e+00  1.00000000e-01  5.25348000e-01 
 1.10000000e-01  1.10000000e-01  1.10000000e-01  1.47792889e-12  1.10000000e-01  1.29500000e+00  1.10000000e-01  5.25348000e-01 
 1.20000000e-01  1.20000000e-01  1.20000000e-01  1.47792889e-12  1.20000000e-01  1.29500000e+00  1.20000000e-01  5.25348000e-01 
 1.30000000e-01  1.30000000e-01  1.30000000e-01  1.47792889e-12  1.30000000e-01  1.29500000e+00  1.30000000e-01  5.25348000e-01 
 1.40000000e-01  1.40000000e-01  1.40000000e-01  1.47792889e-12  1.40000000e-01  1.29500000e+00  1.40000000e-01  5.25348000e-01 
 1.50000000e-01  1.50000000e-01  1.50000000e-01  1.47792889e-12  1.50000000e-01  1.29500000e+00  1.50000000e-01  5.25348000e-01 
 1.60000000e-01  1.60000000e-01  1.60000000e-01  1.47792889e-12  1.60000000e-01  1.29500000e+00  1.60000000e-01  5.25348000e-01 
 1.70000000e-01  1.70000000e-01  1.70000000e-01  1.47792889e-12  1.70000000e-01  1.29500000e+00  1.70000000e-01  5.25348000e-01 
 1.80000000e-01  1.80000000e-01  1.80000000e-01  1.47792889e-12  1.80000000e-01  1.29500000e+00  1.80000000e-01  5.25348000e-01 
 1.90000000e-01  1.90000000e-01  1.90000000e-01  1.47792889e-12  1.90000000e-01  1.29500000e+00  1.90000000e-01  5.25348000e-01 
 2.00000000e-01  2.00000000e-01  2.00000000e-01  1.47792889e-12  2.00000000e-01  1.29500000e+00  2.00000000e-01  5.25348000e-01 
 2.10000000e-01  2.10000000e-01  2.10000000e-01  1.47792889e-12  2.10000000e-01  1.29500000e+00  2.10000000e-01  5.25348000e-01 
 2.20000000e-01  2.20000000e-01  2.20000000e-01  1.47792889e-12  2.20000000e-01  1.29500000e+00  2.20000000e-01  5.25348000e-01 
 2.30000000e-01  2.30000000e-01  2.30000000e-01  1.47792889e-12  2.30000000e-01  1.29500000e+00  2.30000000e-01  5.25348000e-01 
 2.40000000e-01  2.40000000e-01  2.40000000e-01  1.53477231e-12  2.40000000e-01  1.29500000e+00  2.40000000e-01  5.25348000e-01 
 2.50000000e-01  2.50000000e-01  2.50000000e-01  1.53477231e-12  2.50000000e-01  1.29500000e+00  2.50000000e-01  5.25348000e-01 
 2.60000000e-01  2.60000000e-01  2.60000000e-01  1.53477231e-12  2.60000000e-01  1.29500000e+00  2.60000000e-01  5.25348000e-01 
 2.70000000e-01  2.70000000e-01  2.70000000e-01  1.59161573e-12  2.70000000e-01  1.29500000e+00  2.70000000e-01  5.25348000e-01 
 2.80000000e-01  2.80000000e-01  2.80000000e-01  1.59161573e-12  2.80000000e-01  1.29500000e+00  2.80000000e-01  5.25348000e-01 
 2.90000000e-01  2.90000000e-01  2.90000000e-01  1.93267624e-12  2.90000000e-01  1.29500000e+00  2.90000000e-01  5.25348000e-01 
 3.00000000e-01  3.00000000e-01  3.00000000e-01  2.55795385e-12  3.00000000e-01  1.29500000e+00  3.00000000e-01  5.25348000e-01 
 3.10000000e-01  3.10000000e-01  3.10000000e-01  3.97903932e-12  3.10000000e-01  1.29500000e+00  3.10000000e-01  5.25348000e-01 
 3.20000000e-01  3.20000000e-01  3.20000000e-01  7.33280103e-12  3.20000000e-01  1.29500000e+00  3.20000000e-01  5.25348000e-01 
 3.30000000e-01  3.30000000e-01  3.30000000e-01  1.48361323e-11  3.30000000e-01  1.29500000e+00  3.30000000e-01  5.25348000e-01 
 3.40000000e-01  3.40000000e-01  3.40000000e-01  3.12638804e-11  3.40000000e-01  1.29500000e+00  3.40000000e-01  5.25348000e-01 
 3.50000000e-01  3.50000000e-01  3.50000000e-01  6.50857146e-11  3.50000000e-01  1.29500000e+00  3.50000000e-01  5.25348000e-01 
 3.60000000e-01  3.60000000e-01  3.60000000e-01  1.31933575e-10  3.60000000e-01  1.29500000e+00  3.60000000e-01  5.25348000e-01 
 3.70000000e-01  3.70000000e-01  3.70000000e-01  2.56420662e-10  3.70000000e-01  1.29500000e+00  3.70000000e-01  5.25348000e-01 
 3.80000000e-01  3.80000000e-01  3.80000000e-01  4.75893103e-10  3.80000000e-01  1.29500000e+00  3.80000000e-01  5.25348000e-01 
 3.90000000e-01  3.90000000e-01  3.90000000e-01  8.46227977e-10  3.90000000e-01  1.29500000e+00  3.90000000e-01  5.25348000e-01 
 4.00000000e-01  4.00000000e-01  4.00000000e-01  1.45104195e-09  4.00000000e-01  1.29500000e+00  4.00000000e-01  5.25348000e-01 
 4.10000000e-01  4.10000000e-01  4.10000000e-01  2.41868747e-09  4.10000000e-01  1.29500000e+00  4.10000000e-01  5.25348000e-01 
 4.20000000e-01  4.20000000e-01  4.20000000e-01  3.94959443e-09  4.20000000e-01  1.29500000e+00  4.20000000e-01  5.25348000e-01 
 4.30000000e-01  4.30000000e-01  4.30000000e-01  6.35884589e-09  4.30000000e-01  1.29500000e+00  4.30000000e-01  5.25348000e-01 
 4.40000000e-01  4.40000000e-01  4.40000000e-01  1.01450155e-08  4.40000000e-01  1.29500000e+00  4.40000000e-01  5.25348000e-01 
 4.50000000e-01  4.50000000e-01  4.50000000e-01  1.60998752e-08  4.50000000e-01  1.29500000e+00  4.50000000e-01  5.25348000e-01 
 4.60000000e-01  4.60000000e-01  4.60000000e-01  2.54896690e-08  4.60000000e-01  1.29500000e+00  4.60000000e-01  5.25348000e-01 
 4.70000000e-01  4.70000000e-01  4.70000000e-01  4.03510398e-08  4.70000000e-01  1.29500000e+00  4.70000000e-01  5.25348000e-01 
 4.80000000e-01  4.80000000e-01  4.80000000e-01  6.39794280e-08  4.80000000e-01  1.29500000e+00  4.80000000e-01  5.25348000e-01 
 4.90000000e-01  4.90000000e-01  4.90000000e-01  1.01696969e-07  4.90000000e-01  1.29500000e+00  4.90000000e-01  5.25348000e-01 
 5.00000000e-01  5.00000000e-01  5.00000000e-01  1.61970434e-07  5.00000000e-01  1.29500000e+00  5.00000000e-01  5.25348000e-01 
 5.10000000e-01  5.10000000e-01  5.10000000e-01  2.57760405e-07  5.10000000e-01  1.29500000e+00  5.10000000e-01  5.25348000e-01 
 5.20000000e-01  5.20000000e-01  5.20000000e-01  4.07578398e-07  5.20000000e-01  1.29500000e+00  5.20000000e-01  5.25348000e-01 
 5.30000000e-01  5.30000000e-01  5.30000000e-01  6.35262722e-07  5.30000000e-01  1.29500000e+00  5.30000000e-01  5.25348000e-01 
 5.40000000e-01  5.40000000e-01  5.40000000e-01  9.67630569e-07  5.40000000e-01  1.29500000e+00  5.40000000e-01  5.25348000e-01 
 5.50000000e-01  5.50000000e-01  5.50000000e-01  1.43040728e-06  5.50000000e-01  1.29500000e+00  5.50000000e-01  5.25348000e-01 
 5.60000000e-01  5.60000000e-01  5.60000000e-01  2.04427187e-06  5.60000000e-01  1.29500000e+00  5.60000000e-01  5.25348000e-01 
 5.70000000e-01  5.70000000e-01  5.70000000e-01  2.82284680e-06  5.70000000e-01  1.29500000e+00  5.70000000e-01  5.25348000e-01 
 5.80000000e-01  5.80000000e-01  5.80000000e-01  3.77300643e-06  5.80000000e-01  1.29500000e+00  5.80000000e-01  5.25348000e-01 
 5.90000000e-01  5.90000000e-01  5.90000000e-01  4.89657026e-06  5.90000000e-01  1.29500000e+00  5.90000000e-01  5.25348000e-01 
 6.00000000e-01  6.00000000e-01  6.00000000e-01  6.19224619e-06  6.00000000e-01  1.29500000e+00  6.00000000e-01  5.25348000e-01 
 6.10000000e-01  6.10000000e-01  6.10000000e-01  7.65717164e-06  6.10000000e-01  1.29500000e+00  6.10000000e-01  5.25348000e-01 
 6.20000000e-01  6.20000000e-01  6.20000000e-01  9.28790519e-06  6.20000000e-01  1.29500000e+00  6.20000000e-01  5.25348000e-01 
 6.30000000e-01  6.30000000e-01  6.30000000e-01  1.10809623e-05  6.30000000e-01  1.29500000e+00  6.30000000e-01  5.25348000e-01 
 6.40000000e-01  6.40000000e-01  6.40000000e-01  1.30330560e-05  6.40000000e-01  1.29500000e+00  6.40000000e-01  5.25348000e-01 
 6.50000000e-01  6.50000000e-01  6.50000000e-01  1.51411681e-05  6.50000000e-01  1.29500000e+00  6.50000000e-01  5.25348000e-01 
 6.60000000e-01  6.60000000e-01  6.60000000e-01  1.74025398e-05  6.60000000e-01  1.29500000e+00  6.60000000e-01  5.25348000e-01 
 6.70000000e-01  6.70000000e-01  6.70000000e-01  1.98146298e-05  6.70000000e-01  1.29500000e+00  6.70000000e-01  5.25348000e-01 
 6.80000000e-01  6.80000000e-01  6.80000000e-01  2.23750644e-05  6.80000000e-01  1.29500000e+00  6.80000000e-01  5.25348000e-01 
 6.90000000e-01  6.90000000e-01  6.90000000e-01  2.50815922e-05  6.90000000e-01  1.29500000e+00  6.90000000e-01  5.25348000e-01 
 7.00000000e-01  7.00000000e-01  7.00000000e-01  2.79320466e-05  7.00000000e-01  1.29500000e+00  7.00000000e-01  5.25348000e-01 
 7.10000000e-01  7.10000000e-01  7.10000000e-01  3.09243170e-05  7.10000000e-01  1.29500000e+00  7.10000000e-01  5.25348000e-01 
 7.20000000e-01  7.20000000e-01  7.20000000e-01  3.40563279e-05  7.20000000e-01  1.29500000e+00  7.20000000e-01  5.25348000e-01 
 7.30000000e-01  7.30000000e-01  7.30000000e-01  3.73260245e-05  7.30000000e-01  1.29500000e+00  7.30000000e-01  5.25348000e-01 
 7.40000000e-01  7.40000000e-01  7.40000000e-01  4.07313629e-05  7.40000000e-01  1.29500000e+00  7.40000000e-01  5.25348000e-01 
 7.50000000e-01  7.50000000e-01  7.50000000e-01  4.42703031e-05  7.50000000e-01  1.29500000e+00  7.50000000e-01  5.25348000e-01 
 7.60000000e-01  7.60000000e-01  7.60000000e-01  4.79408066e-05  7.60000000e-01  1.29500000e+00  7.60000000e-01  5.25348000e-01 
 7.70000000e-01  7.70000000e-01  7.70000000e-01  5.17408331e-05  7.70000000e-01  1.29500000e+00  7.70000000e-01  5.25348000e-01 
 7.80000000e-01  7.80000000e-01  7.80000000e-01  5.56683414e-05  7.80000000e-01  1.29500000e+00  7.80000000e-01  5.25348000e-01 
 7.90000000e-01  7.90000000e-01  7.90000000e-01  5.97212888e-05  7.90000000e-01  1.29500000e+00  7.90000000e-01  5.25348000e-01 
 8.00000000e-01  8.00000000e-01  8.00000000e-01  6.38976319e-05  8.00000000e-01  1.29500000e+00  8.00000000e-01  5.25348000e-01 
 8.10000000e-01  8.10000000e-01  8.10000000e-01  6.81953283e-05  8.10000000e-01  1.29500000e+00  8.10000000e-01  5.25348000e-01 
 8.20000000e-01  8.20000000e-01  8.20000000e-01  7.26123374e-05  8.20000000e-01  1.29500000e+00  8.20000000e-01  5.25348000e-01 
 8.30000000e-01  8.30000000e-01  8.30000000e-01  7.71466225e-05  8.30000000e-01  1.29500000e+00  8.30000000e-01  5.25348000e-01 
 8.40000000e-01  8.40000000e-01  8.40000000e-01  8.17961517e-05  8.40000000e-01  1.29500000e+00  8.40000000e-01  5.25348000e-01 
 8.50000000e-01  8.50000000e-01  8.50000000e-01  8.65588997e-05  8.50000000e-01  1.29500000e+00  8.50000000e-01  5.25348000e-01 
 8.60000000e-01  8.60000000e-01  8.60000000e-01  9.14328491e-05  8.60000000e-01  1.29500000e+00  8.60000000e-01  5.25348000e-01 
 8.70000000e-01  8.70000000e-01  8.70000000e-01  9.64159926e-05  8.70000000e-01  1.29500000e+00  8.70000000e-01  5.25348000e-01 
 8.80000000e-01  8.80000000e-01  8.80000000e-01  1.01506333e-04  8.80000000e-01  1.29500000e+00  8.80000000e-01  5.25348000e-01 
 8.90000000e-01  8.90000000e-01  8.90000000e-01  1.06701885e-04  8.90000000e-01  1.29500000e+00  8.90000000e-01  5.25348000e-01 
 9.00000000e-01  9.00000000e-01  9.00000000e-01  1.12000678e-04  9.00000000e-01  1.29500000e+00  9.00000000e-01  5.25348000e-01 
 9.10000000e-01  9.10000000e-01  9.10000000e-01  1.17400754e-04  9.10000000e-01  1.29500000e+00  9.10000000e-01  5.25348000e-01 
 9.20000000e-01  9.20000000e-01  9.20000000e-01  1.22900172e-04  9.20000000e-01  1.29500000e+00  9.20000000e-01  5.25348000e-01 
 9.30000000e-01  9.30000000e-01  9.30000000e-01  1.28497006e-04  9.30000000e-01  1.29500000e+00  9.30000000e-01  5.25348000e-01 
 9.40000000e-01  9.40000000e-01  9.40000000e-01  1.34189348e-04  9.40000000e-01  1.29500000e+00  9.40000000e-01  5.25348000e-01 
 9.50000000e-01  9.50000000e-01  9.50000000e-01  1.39975307e-04  9.50000000e-01  1.29500000e+00  9.50000000e-01  5.25348000e-01 
 9.60000000e-01  9.60000000e-01  9.60000000e-01  1.45853013e-04  9.60000000e-01  1.29500000e+00  9.60000000e-01  5.25348000e-01 
 9.70000000e-01  9.70000000e-01  9.70000000e-01  1.51820613e-04  9.70000000e-01  1.29500000e+00  9.70000000e-01  5.25348000e-01 
 9.80000000e-01  9.80000000e-01  9.80000000e-01  1.57876273e-04  9.80000000e-01  1.29500000e+00  9.80000000e-01  5.25348000e-01 
 9.90000000e-01  9.90000000e-01  9.90000000e-01  1.64018183e-04  9.90000000e-01  1.29500000e+00  9.90000000e-01  5.25348000e-01 
 1.00000000e+00  1.00000000e+00  1.00000000e+00  1.70244552e-04  1.00000000e+00  1.29500000e+00  1.00000000e+00  5.25348000e-01 
 1.01000000e+00  1.01000000e+00  1.01000000e+00  1.76553613e-04  1.01000000e+00  1.29500000e+00  1.01000000e+00  5.25348000e-01 
 1.02000000e+00  1.02000000e+00  1.02000000e+00  1.82943618e-04  1.02000000e+00  1.29500000e+00  1.02000000e+00  5.25348000e-01 
 1.03000000e+00  1.03000000e+00  1.03000000e+00  1.89412844e-04  1.03000000e+00  1.29500000e+00  1.03000000e+00  5.25348000e-01 
 1.04000000e+00  1.04000000e+00  1.04000000e+00  1.95959588e-04  1.04000000e+00  1.29500000e+00  1.04000000e+00  5.25348000e-01 
 1.05000000e+00  1.05000000e+00  1.05000000e+00  2.02582173e-04  1.05000000e+00  1.29500000e+00  1.05000000e+00  5.25348000e-01 
 1.06000000e+00  1.06000000e+00  1.06000000e+00  2.09278940e-04  1.06000000e+00  1.29500000e+00  1.06000000e+00  5.25348000e-01 
 1.07000000e+00  1.07000000e+00  1.07000000e+00  2.16048259e-04  1.07000000e+00  1.29500000e+00  1.07000000e+00  5.25348000e-01 
 1.08000000e+00  1.08000000e+00  1.08000000e+00  2.22888518e-04  1.08000000e+00  1.29500000e+00  1.08000000e+00  5.25348000e-01 
 1.09000000e+00  1.09000000e+00  1.09000000e+00  2.29798131e-04  1.09000000e+00  1.29500000e+00  1.09000000e+00  5.25348000e-01 
 1.10000000e+00  1.10000000e+00  1.10000000e+00  2.36775536e-04  1.10000000e+00  1.29500000e+00  1.10000000e+00  5.25348000e-01 
 1.11000000e+00  1.11000000e+00  1.11000000e+00  2.43819191e-04  1.11000000e+00  1.29500000e+00  1.11000000e+00  5.25348000e-01 
 1.12000000e+00  1.12000000e+00  1.12000000e+00  2.50927581e-04  1.12000000e+00  1.29500000e+00  1.12000000e+00  5.25348000e-01 
 1.13000000e+00  1.13000000e+00  1.13000000e+00  2.58099212e-04  1.13000000e+00  1.29500000e+00  1.13000000e+00  5.25348000e-01 
 1.14000000e+00  1.14000000e+00  1.14000000e+00  2.65332613e-04  1.14000000e+00  1.29500000e+00  1.14000000e+00  5.25348000e-01 
 1.15000000e+00  1.15000000e+00  1.15000000e+00  2.72626338e-04  1.15000000e+00  1.29500000e+00  1.15000000e+00  5.25348000e-01 
 1.16000000e+00  1.16000000e+00  1.16000000e+00  2.79978960e-04  1.16000000e+00  1.29500000e+00  1.16000000e+00  5.25348000e-01 
 1.17000000e+00  1.17000000e+00  1.17000000e+00  2.87389080e-04  1.17000000e+00  1.29500000e+00  1.17000000e+00  5.25348000e-01 
 1.18000000e+00  1.18000000e+00  1.18000000e+00  2.94855316e-04  1.18000000e+00  1.29500000e+00  1.18000000e+00  5.25348000e-01 
 1.19000000e+00  1.19000000e+00  1.19000000e+00  3.02376313e-04  1.19000000e+00  1.29500000e+00  1.19000000e+00  5.25348000e-01 
 1.20000000e+00  1.20000000e+00  1.20000000e+00  3.09950735e-04  1.20000000e+00  1.29500000e+00  1.20000000e+00  5.25348000e-01 
 1.21000000e+00  1.21000000e+00  1.21000000e+00  3.17577270e-04  1.21000000e+00  1.29500000e+00  1.21000000e+00  5.25348000e-01 
 1.22000000e+00  1.22000000e+00  1.22000000e+00  3.25254627e-04  1.22000000e+00  1.29500000e+00  1.22000000e+00  5.25348000e-01 
 1.23000000e+00  1.23000000e+00  1.23000000e+00  3.32981534e-04  1.23000000e+00  1.29500000e+00  1.23000000e+00  5.25348000e-01 
 1.24000000e+00  1.24000000e+00  1.24000000e+00  3.40756745e-04  1.24000000e+00  1.29500000e+00  1.24000000e+00  5.25348000e-01 
 1.25000000e+00  1.25000000e+00  1.25000000e+00  3.48579030e-04  1.25000000e+00  1.29500000e+00  1.25000000e+00  5.25348000e-01 
 1.26000000e+00  1.26000000e+00  1.26000000e+00  3.56447183e-04  1.26000000e+00  1.29500000e+00  1.26000000e+00  5.25348000e-01 
 1.27000000e+00  1.27000000e+00  1.27000000e+00  3.64360016e-04  1.27000000e+00  1.29500000e+00  1.27000000e+00  5.25348000e-01 
 1.28000000e+00  1.28000000e+00  1.28000000e+00  3.72316362e-04  1.28000000e+00  1.29500000e+00  1.28000000e+00  5.25348000e-01 
 1.29000000e+00  1.29000000e+00  1.29000000e+00  3.80315074e-04  1.29000000e+00  1.29500000e+00  1.29000000e+00  5.25348000e-01 
 1.30000000e+00  1.30000000e+00  1.30000000e+00  3.88355023e-04  1.30000000e+00  1.29500000e+00  1.30000000e+00  5.25348000e-01 
 1.31000000e+00  1.31000000e+00  1.31000000e+00  3.96435101e-04  1.31000000e+00  1.29500000e+00  1.31000000e+00  5.25348000e-01 
 1.32000000e+00  1.32000000e+00  1.32000000e+00  4.04554217e-04  1.32000000e+00  1.29500000e+00  1.32000000e+00  5.25348000e-01 
 1.33000000e+00  1.33000000e+00  1.33000000e+00  4.12711298e-04  1.33000000e+00  1.29500000e+00  1.33000000e+00  5.25348000e-01 
 1.34000000e+00  1.34000000e+00  1.34000000e+00  4.20905291e-04  1.34000000e+00  1.29500000e+00  1.34000000e+00  5.25348000e-01 
 1.35000000e+00  1.35000000e+00  1.35000000e+00  4.29135159e-04  1.35000000e+00  1.29500000e+00  1.35000000e+00  5.25348000e-01 
 1.36000000e+00  1.36000000e+00  1.36000000e+00  4.37399882e-04  1.36000000e+00  1.29500000e+00  1.36000000e+00  5.25348000e-01 
 1.37000000e+00  1.37000000e+00  1.37000000e+00  4.45698458e-04  1.37000000e+00  1.29500000e+00  1.37000000e+00  5.25348000e-01 
 1.38000000e+00  1.38000000e+00  1.38000000e+00  4.54029901e-04  1.38000000e+00  1.29500000e+00  1.38000000e+00  5.25348000e-01 
 1.39000000e+00  1.39000000e+00  1.39000000e+00  4.62393241e-04  1.39000000e+00  1.29500000e+00  1.39000000e+00  5.25348000e-01 
 1.40000000e+00  1.40000000e+00  1.40000000e+00  4.70787526e-04  1.40000000e+00  1.29500000e+00  1.40000000e+00  5.25348000e-01 
 1.41000000e+00  1.41000000e+00  1.41000000e+00  4.79211816e-04  1.41000000e+00  1.29500000e+00  1.41000000e+00  5.25348000e-01 
 1.42000000e+00  1.42000000e+00  1.42000000e+00  4.87665188e-04  1.42000000e+00  1.29500000e+00  1.42000000e+00  5.25348000e-01 
 1.43000000e+00  1.43000000e+00  1.43000000e+00  4.96146733e-04  1.43000000e+00  1.29500000e+00  1.43000000e+00  5.25348000e-01 
 1.44000000e+00  1.44000000e+00  1.44000000e+00  5.04655560e-04  1.44000000e+00  1.29500000e+00  1.44000000e+00  5.25348000e-01 
 1.45000000e+00  1.45000000e+00  1.45000000e+00  5.13190786e-04  1.45000000e+00  1.29500000e+00  1.45000000e+00  5.25348000e-01 
 1.46000000e+00  1.46000000e+00  1.46000000e+00  5.21751546e-04  1.46000000e+00  1.29500000e+00  1.46000000e+00  5.25348000e-01 
 1.47000000e+00  1.47000000e+00  1.47000000e+00  5.30336987e-04  1.47000000e+00  1.29500000e+00  1.47000000e+00  5.25348000e-01 
 1.48000000e+00  1.48000000e+00  1.48000000e+00  5.38946269e-04  1.48000000e+00  1.29500000e+00  1.48000000e+00  5.25348000e-01 
 1.49000000e+00  1.49000000e+00  1.49000000e+00  5.47578567e-04  1.49000000e+00  1.29500000e+00  1.49000000e+00  5.25348000e-01 
 1.50000000e+00  1.50000000e+00  1.50000000e+00  5.56233063e-04  1.50000000e+00  1.29500000e+00  1.50000000e+00  5.25348000e-01 
 1.51000000e+00  1.51000000e+00  1.51000000e+00  5.64908956e-04  1.51000000e+00  1.29500000e+00  1.51000000e+00  5.25348000e-01 
 1.52000000e+00  1.52000000e+00  1.52000000e+00  5.73605454e-04  1.52000000e+00  1.29500000e+00  1.52000000e+00  5.25348000e-01 
 1.53000000e+00  1.53000000e+00  1.53000000e+00  5.82321778e-04  1.53000000e+00  1.29500000e+00  1.53000000e+00  5.25348000e-01 
 1.54000000e+00  1.54000000e+00  1.54000000e+00  5.91057157e-04  1.54000000e+00  1.29500000e+00  1.54000000e+00  5.25348000e-01 
 1.55000000e+00  1.55000000e+00  1.55000000e+00  5.99810835e-04  1.55000000e+00  1.29500000e+00  1.55000000e+00  5.25348000e-01 
 1.56000000e+00  1.56000000e+00  1.56000000e+00  6.08582062e-04  1.56000000e+00  1.29500000e+00  1.56000000e+00  5.25348000e-01 
 1.57000000e+00  1.57000000e+00  1.57000000e+00  6.17370100e-04  1.57000000e+00  1.29500000e+00  1.57000000e+00  5.25348000e-01 
 1.58000000e+00  1.58000000e+00  1.58000000e+00  6.26174221e-04  1.58000000e+00  1.29500000e+00  1.58000000e+00  5.25348000e-01 
 1.59000000e+00  1.59000000e+00  1.59000000e+00  6.34993704e-04  1.59000000e+00  1.29500000e+00  1.59000000e+00  5.25348000e-01 
 1.60000000e+00  1.60000000e+00  1.60000000e+00  6.43827840e-04  1.60000000e+00  1.29500000e+00  1.60000000e+00  5.25348000e-01 
 1.61000000e+00  1.61000000e+00  1.61000000e+00  6.52675926e-04  1.61000000e+00  1.29500000e+00  1.61000000e+00  5.25348000e-01 
 1.62000000e+00  1.62000000e+00  1.62000000e+00  6.61537268e-04  1.62000000e+00  1.29500000e+00  1.62000000e+00  5.25348000e-01 
 1.63000000e+00  1.63000000e+00  1.63000000e+00  6.70411181e-04  1.63000000e+00  1.29500000e+00  1.63000000e+00  5.25348000e-01 
 1.64000000e+00  1.64000000e+00  1.64000000e+00  6.79296987e-04  1.64000000e+00  1.29500000e+00  1.64000000e+00  5.25348000e-01 
 1.65000000e+00  1.65000000e+00  1.65000000e+00  6.88194014e-04  1.65000000e+00  1.29500000e+00  1.65000000e+00  5.25348000e-01 
 1.66000000e+00  1.66000000e+00  1.66000000e+00  6.97101599e-04  1.66000000e+00  1.29500000e+00  1.66000000e+00  5.25348000e-01 
 1.67000000e+00  1.67000000e+00  1.67000000e+00  7.06019084e-04  1.67000000e+00  1.29500000e+00  1.67000000e+00  5.25348000e-01 
 1.68000000e+00  1.68000000e+00  1.68000000e+00  7.14945820e-04  1.68000000e+00  1.29500000e+00  1.68000000e+00  5.25348000e-01 
 1.69000000e+00  1.69000000e+00  1.69000000e+00  7.23881162e-04  1.69000000e+00  1.29500000e+00  1.69000000e+00  5.25348000e-01 
 1.70000000e+00  1.70000000e+00  1.70000000e+00  7.32824470e-04  1.70000000e+00  1.29500000e+00  1.70000000e+00  5.25348000e-01 
 1.71000000e+00  1.71000000e+00  1.71000000e+00  7.41775111e-04  1.71000000e+00  1.29500000e+00  1.71000000e+00  5.25348000e-01 
 1.72000000e+00  1.72000000e+00  1.72000000e+00  7.50732459e-04  1.72000000e+00  1.29500000e+00  1.72000000e+00  5.25348000e-01 
 1.73000000e+00  1.73000000e+00  1.73000000e+00  7.59695888e-04  1.73000000e+00  1.29500000e+00  1.73000000e+00  5.25348000e-01 
 1.74000000e+00  1.74000000e+00  1.74000000e+00  7.68664782e-04  1.74000000e+00  1.29500000e+00  1.74000000e+00  5.25348000e-01 
 1.75000000e+00  1.75000000e+00  1.75000000e+00  7.77638526e-04  1.75000000e+00  1.29500000e+00  1.75000000e+00  5.25348000e-01 
 1.76000000e+00  1.76000000e+00  1.76000000e+00  7.86616510e-04  1.76000000e+00  1.29500000e+00  1.76000000e+00  5.25348000e-01 
 1.77000000e+00  1.77000000e+00  1.77000000e+00  7.95598128e-04  1.77000000e+00  1.29500000e+00  1.77000000e+00  5.25348000e-01 
 1.78000000e+00  1.78000000e+00  1.78000000e+00  8.04582778e-04  1.78000000e+00  1.29500000e+00  1.78000000e+00  5.25348000e-01 
 1.79000000e+00  1.79000000e+00  1.79000000e+00  8.13569860e-04  1.79000000e+00  1.29500000e+00  1.79000000e+00  5.25348000e-01 
 1.80000000e+00  1.80000000e+00  1.80000000e+00  8.22558780e-04  1.80000000e+00  1.29500000e+00  1.80000000e+00  5.25348000e-01 
 1.81000000e+00  1.81000000e+00  1.81000000e+00  8.31548942e-04  1.81000000e+00  1.29500000e+00  1.81000000e+00  5.25348000e-01 
 1.82000000e+00  1.82000000e+00  1.82000000e+00  8.40539757e-04  1.82000000e+00  1.29500000e+00  1.82000000e+00  5.25348000e-01 
 1.83000000e+00  1.83000000e+00  1.83000000e+00  8.49530636e-04  1.83000000e+00  1.29500000e+00  1.83000000e+00  5.25348000e-01 
 1.84000000e+00  1.84000000e+00  1.84000000e+00  8.58520993e-04  1.84000000e+00  1.29500000e+00  1.84000000e+00  5.25348000e-01 
 1.85000000e+00  1.85000000e+00  1.85000000e+00  8.67510243e-04  1.85000000e+00  1.29500000e+00  1.85000000e+00  5.25348000e-01 
