 0.00000000e+00  1.48000000e+00  0.00000000e+00  1.48148160e-12  1.39818423e+00  1.90215968e+00  9.38219902e-01  1.60396981e+00  3.47910421e+01  1.29252935e+00  5.21345597e+00 
 1.00000000e-02  1.48000000e+00  1.00000000e-02  1.48148160e-12  1.39818423e+00  1.90215968e+00  9.38219902e-01  1.60396981e+00  3.47910421e+01  1.29252935e+00  5.21345597e+00 
 2.00000000e-02  1.48000000e+00  2.00000000e-02  1.48148160e-12  1.39818423e+00  1.90215968e+00  9.38219902e-01  1.60396981e+00  3.47910421e+01  1.29252935e+00  5.21345597e+00 
 3.00000000e-02  1.48000000e+00  3.00000000e-02  1.48148160e-12  1.39818423e+00  1.90215968e+00  9.38219902e-01  1.60396981e+00  3.47910421e+01  1.29252935e+00  5.21345597e+00 
 4.00000000e-02  1.48000000e+00  4.00000000e-02  1.48148160e-12  1.39818423e+00  1.90215968e+00  9.38219902e-01  1.60396981e+00  3.47910421e+01  1.29252935e+00  5.21345597e+00 
 5.00000000e-02  1.48000000e+00  5.00000000e-02  1.48148160e-12  1.39818423e+00  1.90215968e+00  9.38219902e-01  1.60396981e+00  3.47910421e+01  1.29252935e+00  5.21345597e+00 
 6.00000000e-02  1.48000000e+00  6.00000000e-02  1.48148160e-12  1.39818423e+00  1.90215968e+00  9.38219902e-01  1.60396981e+00  3.47910421e+01  1.29252935e+00  5.21345597e+00 
 7.00000000e-02  1.48000000e+00  7.00000000e-02  1.48148160e-12  1.39818423e+00  1.90215968e+00  9.38219902e-01  1.60396981e+00  3.47910421e+01  1.29252935e+00  5.21345597e+00 
 8.00000000e-02  1.48000000e+00  8.00000000e-02  1.48148160e-12  1.39818423e+00  1.90215968e+00  9.38219902e-01  1.60396981e+00  3.47910421e+01  1.29252935e+00  5.21345597e+00 
 9.00000000e-02  1.48000000e+00  9.00000000e-02  1.48148160e-12  1.39818423e+00  1.90215968e+00  9.38219902e-01  1.60396981e+00  3.47910421e+01  1.29252935e+00  5.21345597e+00 
 1.00000000e-01  1.48000000e+00  1.00000000e-01  1.48148160e-12  1.39818423e+00  1.90215968e+00  9.38219902e-01  1.60396981e+00  3.47910421e+01  1.29252935e+00  5.21345597e+00 
 1.10000000e-01  1.48000000e+00  1.10000000e-01  1.48148160e-12  1.39818423e+00  1.90215968e+00  9.38219902e-01  1.60396981e+00  3.47910421e+01  1.29252935e+00  5.21345597e+00 
 1.20000000e-01  1.48000000e+00  1.20000000e-01  1.48148160e-12  1.39818423e+00  1.90215968e+00  9.38219902e-01  1.60396981e+00  3.47910421e+01  1.29252935e+00  5.21345597e+00 
 1.30000000e-01  1.48000000e+00  1.30000000e-01  1.48148160e-12  1.39818423e+00  1.90215968e+00  9.38219902e-01  1.60396981e+00  3.47910421e+01  1.29252935e+00  5.21345597e+00 
 1.40000000e-01  1.48000000e+00  1.40000000e-01  1.48148160e-12  1.39818423e+00  1.90215968e+00  9.38219902e-01  1.60396981e+00  3.47910421e+01  1.29252935e+00  5.21345597e+00 
 1.50000000e-01  1.48000000e+00  1.50000000e-01  1.48148160e-12  1.39818423e+00  1.90215968e+00  9.38219902e-01  1.60396981e+00  3.47910421e+01  1.29252935e+00  5.21345597e+00 
 1.60000000e-01  1.48000000e+00  1.60000000e-01  1.48148160e-12  1.39818423e+00  1.90215968e+00  9.38219902e-01  1.60396981e+00  3.47910421e+01  1.29252935e+00  5.21345597e+00 
 1.70000000e-01  1.48000000e+00  1.70000000e-01  1.48148160e-12  1.39818423e+00  1.90215968e+00  9.38219902e-01  1.60396981e+00  3.47910421e+01  1.29252935e+00  5.21345597e+00 
 1.80000000e-01  1.48000000e+00  1.80000000e-01  1.48148160e-12  1.39818423e+00  1.90215968e+00  9.38219902e-01  1.60396981e+00  3.47910421e+01  1.29252935e+00  5.21345597e+00 
 1.90000000e-01  1.48000000e+00  1.90000000e-01  1.48148160e-12  1.39818423e+00  1.90215968e+00  9.38219902e-01  1.60396981e+00  3.47910421e+01  1.29252935e+00  5.21345597e+00 
 2.00000000e-01  1.48000000e+00  2.00000000e-01  1.48148160e-12  1.39818423e+00  1.90215968e+00  9.38219902e-01  1.60396981e+00  3.47910421e+01  1.29252935e+00  5.21345597e+00 
 2.10000000e-01  1.48000000e+00  2.10000000e-01  1.48148160e-12  1.39818423e+00  1.90215968e+00  9.38219902e-01  1.60396981e+00  3.47910421e+01  1.29252935e+00  5.21345597e+00 
 2.20000000e-01  1.48000000e+00  2.20000000e-01  1.48148160e-12  1.39818423e+00  1.90215968e+00  9.38219902e-01  1.60396981e+00  3.47910421e+01  1.29252935e+00  5.21345597e+00 
 2.30000000e-01  1.48000000e+00  2.30000000e-01  1.48148160e-12  1.39818423e+00  1.90215968e+00  9.38219902e-01  1.60396981e+00  3.47910421e+01  1.29252935e+00  5.21345597e+00 
 2.40000000e-01  1.48000000e+00  2.40000000e-01  1.48148160e-12  1.39818423e+00  1.90215968e+00  9.38219902e-01  1.60396981e+00  3.47910421e+01  1.29252935e+00  5.21345597e+00 
 2.50000000e-01  1.48000000e+00  2.50000000e-01  1.48148160e-12  1.39818423e+00  1.90215968e+00  9.38219902e-01  1.60396981e+00  3.47910421e+01  1.29252935e+00  5.21345597e+00 
 2.60000000e-01  1.48000000e+00  2.60000000e-01  1.48148160e-12  1.39818423e+00  1.90215968e+00  9.38219902e-01  1.60396981e+00  3.47910421e+01  1.29252935e+00  5.21345597e+00 
 2.70000000e-01  1.48000000e+00  2.70000000e-01  1.48148160e-12  1.39818423e+00  1.90215968e+00  9.38219902e-01  1.60396981e+00  3.47910421e+01  1.29252935e+00  5.21345597e+00 
 2.80000000e-01  1.48000000e+00  2.80000000e-01  1.48148160e-12  1.39818423e+00  1.90215968e+00  9.38219902e-01  1.60396981e+00  3.47910421e+01  1.29252935e+00  5.21345597e+00 
 2.90000000e-01  1.48000000e+00  2.90000000e-01  1.48148160e-12  1.39818423e+00  1.90215968e+00  9.38219902e-01  1.60396981e+00  3.47910421e+01  1.29252935e+00  5.21345597e+00 
 3.00000000e-01  1.48000000e+00  3.00000000e-01  1.48148160e-12  1.39818423e+00  1.90215968e+00  9.38219902e-01  1.60396981e+00  3.47910421e+01  1.29252935e+00  5.21345597e+00 
 3.10000000e-01  1.48000000e+00  3.10000000e-01  1.48148160e-12  1.39818423e+00  1.90215968e+00  9.38219902e-01  1.60396981e+00  3.47910421e+01  1.29252935e+00  5.21345597e+00 
 3.20000000e-01  1.48000000e+00  3.20000000e-01  1.48148160e-12  1.39818423e+00  1.90215968e+00  9.38219902e-01  1.60396981e+00  3.47910421e+01  1.29252935e+00  5.21345597e+00 
 3.30000000e-01  1.48000000e+00  3.30000000e-01  1.48148160e-12  1.39818423e+00  1.90215968e+00  9.38219902e-01  1.60396981e+00  3.47910421e+01  1.29252935e+00  5.21345597e+00 
 3.40000000e-01  1.48000000e+00  3.40000000e-01  1.48148160e-12  1.39818423e+00  1.90215968e+00  9.38219902e-01  1.60396981e+00  3.47910421e+01  1.29252935e+00  5.21345597e+00 
 3.50000000e-01  1.48000000e+00  3.50000000e-01  1.48148160e-12  1.39818423e+00  1.90215968e+00  9.38219902e-01  1.60396981e+00  3.47910421e+01  1.29252935e+00  5.21345597e+00 
 3.60000000e-01  1.48000000e+00  3.60000000e-01  1.48148160e-12  1.39818423e+00  1.90215968e+00  9.38219902e-01  1.60396981e+00  3.47910421e+01  1.29252935e+00  5.21345597e+00 
 3.70000000e-01  1.48000000e+00  3.70000000e-01  1.48148160e-12  1.39818423e+00  1.90215968e+00  9.38219902e-01  1.60396981e+00  3.47910421e+01  1.29252935e+00  5.21345597e+00 
 3.80000000e-01  1.48000000e+00  3.80000000e-01  1.48148160e-12  1.39818423e+00  1.90215968e+00  9.38219902e-01  1.60396981e+00  3.47910421e+01  1.29252935e+00  5.21345597e+00 
 3.90000000e-01  1.48000000e+00  3.90000000e-01  1.48148160e-12  1.39818423e+00  1.90215968e+00  9.38219902e-01  1.60396981e+00  3.47910421e+01  1.29252935e+00  5.21345597e+00 
 4.00000000e-01  1.48000000e+00  4.00000000e-01  1.48148160e-12  1.39818423e+00  1.90215968e+00  9.38219902e-01  1.60396981e+00  3.47910421e+01  1.29252935e+00  5.21345597e+00 
 4.10000000e-01  1.48000000e+00  4.10000000e-01  1.48325796e-12  1.39818423e+00  1.90215968e+00  9.38219902e-01  1.60396981e+00  3.47910421e+01  1.29252935e+00  5.21345597e+00 
 4.20000000e-01  1.48000000e+00  4.20000000e-01  1.48325796e-12  1.39818423e+00  1.90215968e+00  9.38219902e-01  1.60396981e+00  3.47910421e+01  1.29252935e+00  5.21345597e+00 
 4.30000000e-01  1.48000000e+00  4.30000000e-01  1.48325796e-12  1.39818423e+00  1.90215968e+00  9.38219902e-01  1.60396981e+00  3.47910421e+01  1.29252935e+00  5.21345597e+00 
 4.40000000e-01  1.48000000e+00  4.40000000e-01  1.48503432e-12  1.39818423e+00  1.90215968e+00  9.38219902e-01  1.60396981e+00  3.47910421e+01  1.29252935e+00  5.21345597e+00 
 4.50000000e-01  1.48000000e+00  4.50000000e-01  1.48858703e-12  1.39818423e+00  1.90215968e+00  9.38219902e-01  1.60396981e+00  3.47910421e+01  1.29252935e+00  5.21345597e+00 
 4.60000000e-01  1.48000000e+00  4.60000000e-01  1.49746882e-12  1.39818423e+00  1.90215968e+00  9.38219902e-01  1.60396981e+00  3.47910421e+01  1.29252935e+00  5.21345597e+00 
 4.70000000e-01  1.48000000e+00  4.70000000e-01  1.52411417e-12  1.39818423e+00  1.90215968e+00  9.38219902e-01  1.60396981e+00  3.47910421e+01  1.29252935e+00  5.21345597e+00 
 4.80000000e-01  1.48000000e+00  4.80000000e-01  1.58983937e-12  1.39818423e+00  1.90215968e+00  9.38219902e-01  1.60396981e+00  3.47910421e+01  1.29252935e+00  5.21345597e+00 
 4.90000000e-01  1.48000000e+00  4.90000000e-01  1.76569870e-12  1.39818423e+00  1.90215968e+00  9.38219902e-01  1.60396981e+00  3.47910421e+01  1.29252935e+00  5.21345597e+00 
 5.00000000e-01  1.48000000e+00  5.00000000e-01  2.22399876e-12  1.39818423e+00  1.90215968e+00  9.38219902e-01  1.60396981e+00  3.47910421e+01  1.29252935e+00  5.21345597e+00 
 5.10000000e-01  1.48000000e+00  5.10000000e-01  3.43369777e-12  1.39818423e+00  1.90215968e+00  9.38219902e-01  1.60396981e+00  3.47910421e+01  1.29252935e+00  5.21345597e+00 
 5.20000000e-01  1.48000000e+00  5.20000000e-01  6.59383659e-12  1.39818423e+00  1.90215968e+00  9.38219902e-01  1.60396981e+00  3.47910421e+01  1.29252935e+00  5.21345597e+00 
 5.30000000e-01  1.48000000e+00  5.30000000e-01  1.48290269e-11  1.39818423e+00  1.90215968e+00  9.38219902e-01  1.60396981e+00  3.47910421e+01  1.29252935e+00  5.21345597e+00 
 5.40000000e-01  1.48000000e+00  5.40000000e-01  3.61382035e-11  1.39818423e+00  1.90215968e+00  9.38219902e-01  1.60396981e+00  3.47910421e+01  1.29252935e+00  5.21345597e+00 
 5.50000000e-01  1.48000000e+00  5.50000000e-01  9.06741349e-11  1.39818423e+00  1.90215968e+00  9.38219902e-01  1.60396981e+00  3.47910421e+01  1.29252935e+00  5.21345597e+00 
 5.60000000e-01  1.48000000e+00  5.60000000e-01  2.27950991e-10  1.39818423e+00  1.90215968e+00  9.38219902e-01  1.60396981e+00  3.47910421e+01  1.29252935e+00  5.21345597e+00 
 5.70000000e-01  1.48000000e+00  5.70000000e-01  5.64867264e-10  1.39818423e+00  1.90215968e+00  9.38219902e-01  1.60396981e+00  3.47910421e+01  1.29252935e+00  5.21345597e+00 
 5.80000000e-01  1.48000000e+00  5.80000000e-01  1.36241241e-09  1.39818423e+00  1.90215968e+00  9.38219902e-01  1.60396981e+00  3.47910421e+01  1.29252935e+00  5.21345597e+00 
 5.90000000e-01  1.48000000e+00  5.90000000e-01  3.16051008e-09  1.39818423e+00  1.90215968e+00  9.38219902e-01  1.60396981e+00  3.47910421e+01  1.29252935e+00  5.21345597e+00 
 6.00000000e-01  1.48000000e+00  6.00000000e-01  6.97739644e-09  1.39818423e+00  1.90215968e+00  9.38219902e-01  1.60396981e+00  3.47910421e+01  1.29252935e+00  5.21345597e+00 
 6.10000000e-01  1.48000000e+00  6.10000000e-01  1.45586085e-08  1.39818423e+00  1.90215968e+00  9.38219902e-01  1.60396981e+00  3.47910421e+01  1.29252935e+00  5.21345597e+00 
 6.20000000e-01  1.48000000e+00  6.20000000e-01  2.86846671e-08  1.39818423e+00  1.90215968e+00  9.38219902e-01  1.60396981e+00  3.47910421e+01  1.29252935e+00  5.21345597e+00 
 6.30000000e-01  1.48000000e+00  6.30000000e-01  5.36586722e-08  1.39818423e+00  1.90215968e+00  9.38219902e-01  1.60396981e+00  3.47910421e+01  1.29252935e+00  5.21345597e+00 
 6.40000000e-01  1.48000000e+00  6.40000000e-01  9.62262856e-08  1.39818423e+00  1.90215968e+00  9.38219902e-01  1.60396981e+00  3.47910421e+01  1.29252935e+00  5.21345597e+00 
 6.50000000e-01  1.48000000e+00  6.50000000e-01  1.67247027e-07  1.39818423e+00  1.90215968e+00  9.38219902e-01  1.60396981e+00  3.47910421e+01  1.29252935e+00  5.21345597e+00 
 6.60000000e-01  1.48000000e+00  6.60000000e-01  2.84520860e-07  1.39818423e+00  1.90215968e+00  9.38219902e-01  1.60396981e+00  3.47910421e+01  1.29252935e+00  5.21345597e+00 
 6.70000000e-01  1.48000000e+00  6.70000000e-01  4.77375952e-07  1.39818423e+00  1.90215968e+00  9.38219902e-01  1.60396981e+00  3.47910421e+01  1.29252935e+00  5.21345597e+00 
 6.80000000e-01  1.48000000e+00  6.80000000e-01  7.93779046e-07  1.39818423e+00  1.90215968e+00  9.38219902e-01  1.60396981e+00  3.47910421e+01  1.29252935e+00  5.21345597e+00 
 6.90000000e-01  1.48000000e+00  6.90000000e-01  1.31022288e-06  1.39818423e+00  1.90215968e+00  9.38219902e-01  1.60396981e+00  3.47910421e+01  1.29252935e+00  5.21345597e+00 
 7.00000000e-01  1.48000000e+00  7.00000000e-01  2.14233985e-06  1.39818423e+00  1.90215968e+00  9.38219902e-01  1.60396981e+00  3.47910421e+01  1.29252935e+00  5.21345597e+00 
 7.10000000e-01  1.48000000e+00  7.10000000e-01  3.44962701e-06  1.39818423e+00  1.90215968e+00  9.38219902e-01  1.60396981e+00  3.47910421e+01  1.29252935e+00  5.21345597e+00 
 7.20000000e-01  1.48000000e+00  7.20000000e-01  5.42459008e-06  1.39818423e+00  1.90215968e+00  9.38219902e-01  1.60396981e+00  3.47910421e+01  1.29252935e+00  5.21345597e+00 
 7.30000000e-01  1.48000000e+00  7.30000000e-01  8.26307921e-06  1.39818423e+00  1.90215968e+00  9.38219902e-01  1.60396981e+00  3.47910421e+01  1.29252935e+00  5.21345597e+00 
 7.40000000e-01  1.48000000e+00  7.40000000e-01  1.21282049e-05  1.39818423e+00  1.90215968e+00  9.38219902e-01  1.60396981e+00  3.47910421e+01  1.29252935e+00  5.21345597e+00 
 7.50000000e-01  1.48000000e+00  7.50000000e-01  1.71277310e-05  1.39818423e+00  1.90215968e+00  9.38219902e-01  1.60396981e+00  3.47910421e+01  1.29252935e+00  5.21345597e+00 
 7.60000000e-01  1.48000000e+00  7.60000000e-01  2.33135306e-05  1.39818423e+00  1.90215968e+00  9.38219902e-01  1.60396981e+00  3.47910421e+01  1.29252935e+00  5.21345597e+00 
 7.70000000e-01  1.48000000e+00  7.70000000e-01  3.06958587e-05  1.39818423e+00  1.90215968e+00  9.38219902e-01  1.60396981e+00  3.47910421e+01  1.29252935e+00  5.21345597e+00 
 7.80000000e-01  1.48000000e+00  7.80000000e-01  3.92606581e-05  1.39818423e+00  1.90215968e+00  9.38219902e-01  1.60396981e+00  3.47910421e+01  1.29252935e+00  5.21345597e+00 
 7.90000000e-01  1.48000000e+00  7.90000000e-01  4.89829212e-05  1.39818423e+00  1.90215968e+00  9.38219902e-01  1.60396981e+00  3.47910421e+01  1.29252935e+00  5.21345597e+00 
 8.00000000e-01  1.48000000e+00  8.00000000e-01  5.98346802e-05  1.39818423e+00  1.90215968e+00  9.38219902e-01  1.60396981e+00  3.47910421e+01  1.29252935e+00  5.21345597e+00 
 8.10000000e-01  1.48000000e+00  8.10000000e-01  7.17888558e-05  1.39818423e+00  1.90215968e+00  9.38219902e-01  1.60396981e+00  3.47910421e+01  1.29252935e+00  5.21345597e+00 
 8.20000000e-01  1.48000000e+00  8.20000000e-01  8.48206237e-05  1.39818423e+00  1.90215968e+00  9.38219902e-01  1.60396981e+00  3.47910421e+01  1.29252935e+00  5.21345597e+00 
 8.30000000e-01  1.48000000e+00  8.30000000e-01  9.89075390e-05  1.39818423e+00  1.90215968e+00  9.38219902e-01  1.60396981e+00  3.47910421e+01  1.29252935e+00  5.21345597e+00 
 8.40000000e-01  1.48000000e+00  8.40000000e-01  1.14029155e-04  1.39818423e+00  1.90215968e+00  9.38219902e-01  1.60396981e+00  3.47910421e+01  1.29252935e+00  5.21345597e+00 
 8.50000000e-01  1.48000000e+00  8.50000000e-01  1.30166515e-04  1.39818423e+00  1.90215968e+00  9.38219902e-01  1.60396981e+00  3.47910421e+01  1.29252935e+00  5.21345597e+00 
 8.60000000e-01  1.48000000e+00  8.60000000e-01  1.47301674e-04  1.39818423e+00  1.90215968e+00  9.38219902e-01  1.60396981e+00  3.47910421e+01  1.29252935e+00  5.21345597e+00 
 8.70000000e-01  1.48000000e+00  8.70000000e-01  1.65417319e-04  1.39818423e+00  1.90215968e+00  9.38219902e-01  1.60396981e+00  3.47910421e+01  1.29252935e+00  5.21345597e+00 
 8.80000000e-01  1.48000000e+00  8.80000000e-01  1.84496483e-04  1.39818423e+00  1.90215968e+00  9.38219902e-01  1.60396981e+00  3.47910421e+01  1.29252935e+00  5.21345597e+00 
 8.90000000e-01  1.48000000e+00  8.90000000e-01  2.04522348e-04  1.39818423e+00  1.90215968e+00  9.38219902e-01  1.60396981e+00  3.47910421e+01  1.29252935e+00  5.21345597e+00 
 9.00000000e-01  1.48000000e+00  9.00000000e-01  2.25478109e-04  1.39818423e+00  1.90215968e+00  9.38219902e-01  1.60396981e+00  3.47910421e+01  1.29252935e+00  5.21345597e+00 
 9.10000000e-01  1.48000000e+00  9.10000000e-01  2.47346893e-04  1.39818423e+00  1.90215968e+00  9.38219902e-01  1.60396981e+00  3.47910421e+01  1.29252935e+00  5.21345597e+00 
 9.20000000e-01  1.48000000e+00  9.20000000e-01  2.70111714e-04  1.39818423e+00  1.90215968e+00  9.38219902e-01  1.60396981e+00  3.47910421e+01  1.29252935e+00  5.21345597e+00 
 9.30000000e-01  1.48000000e+00  9.30000000e-01  2.93755448e-04  1.39818423e+00  1.90215968e+00  9.38219902e-01  1.60396981e+00  3.47910421e+01  1.29252935e+00  5.21345597e+00 
 9.40000000e-01  1.48000000e+00  9.40000000e-01  3.18260828e-04  1.39818423e+00  1.90215968e+00  9.38219902e-01  1.60396981e+00  3.47910421e+01  1.29252935e+00  5.21345597e+00 
 9.50000000e-01  1.48000000e+00  9.50000000e-01  3.43610449e-04  1.39818423e+00  1.90215968e+00  9.38219902e-01  1.60396981e+00  3.47910421e+01  1.29252935e+00  5.21345597e+00 
 9.60000000e-01  1.48000000e+00  9.60000000e-01  3.69786781e-04  1.39818423e+00  1.90215968e+00  9.38219902e-01  1.60396981e+00  3.47910421e+01  1.29252935e+00  5.21345597e+00 
 9.70000000e-01  1.48000000e+00  9.70000000e-01  3.96772177e-04  1.39818423e+00  1.90215968e+00  9.38219902e-01  1.60396981e+00  3.47910421e+01  1.29252935e+00  5.21345597e+00 
 9.80000000e-01  1.48000000e+00  9.80000000e-01  4.24548905e-04  1.39818423e+00  1.90215968e+00  9.38219902e-01  1.60396981e+00  3.47910421e+01  1.29252935e+00  5.21345597e+00 
 9.90000000e-01  1.48000000e+00  9.90000000e-01  4.53099168e-04  1.39818423e+00  1.90215968e+00  9.38219902e-01  1.60396981e+00  3.47910421e+01  1.29252935e+00  5.21345597e+00 
 1.00000000e+00  1.48000000e+00  1.00000000e+00  4.82405118e-04  1.39818423e+00  1.90215968e+00  9.38219902e-01  1.60396981e+00  3.47910421e+01  1.29252935e+00  5.21345597e+00 
 1.01000000e+00  1.48000000e+00  1.01000000e+00  5.12448881e-04  1.39818423e+00  1.90215968e+00  9.38219902e-01  1.60396981e+00  3.47910421e+01  1.29252935e+00  5.21345597e+00 
 1.02000000e+00  1.48000000e+00  1.02000000e+00  5.43212575e-04  1.39818423e+00  1.90215968e+00  9.38219902e-01  1.60396981e+00  3.47910421e+01  1.29252935e+00  5.21345597e+00 
 1.03000000e+00  1.48000000e+00  1.03000000e+00  5.74678330e-04  1.39818423e+00  1.90215968e+00  9.38219902e-01  1.60396981e+00  3.47910421e+01  1.29252935e+00  5.21345597e+00 
 1.04000000e+00  1.48000000e+00  1.04000000e+00  6.06828308e-04  1.39818423e+00  1.90215968e+00  9.38219902e-01  1.60396981e+00  3.47910421e+01  1.29252935e+00  5.21345597e+00 
 1.05000000e+00  1.48000000e+00  1.05000000e+00  6.39644719e-04  1.39818423e+00  1.90215968e+00  9.38219902e-01  1.60396981e+00  3.47910421e+01  1.29252935e+00  5.21345597e+00 
 1.06000000e+00  1.48000000e+00  1.06000000e+00  6.73109840e-04  1.39818423e+00  1.90215968e+00  9.38219902e-01  1.60396981e+00  3.47910421e+01  1.29252935e+00  5.21345597e+00 
 1.07000000e+00  1.48000000e+00  1.07000000e+00  7.07206029e-04  1.39818423e+00  1.90215968e+00  9.38219902e-01  1.60396981e+00  3.47910421e+01  1.29252935e+00  5.21345597e+00 
 1.08000000e+00  1.48000000e+00  1.08000000e+00  7.41915743e-04  1.39818423e+00  1.90215968e+00  9.38219902e-01  1.60396981e+00  3.47910421e+01  1.29252935e+00  5.21345597e+00 
 1.09000000e+00  1.48000000e+00  1.09000000e+00  7.77221550e-04  1.39818423e+00  1.90215968e+00  9.38219902e-01  1.60396981e+00  3.47910421e+01  1.29252935e+00  5.21345597e+00 
 1.10000000e+00  1.48000000e+00  1.10000000e+00  8.13106143e-04  1.39818423e+00  1.90215968e+00  9.38219902e-01  1.60396981e+00  3.47910421e+01  1.29252935e+00  5.21345597e+00 
 1.11000000e+00  1.48000000e+00  1.11000000e+00  8.49552352e-04  1.39818423e+00  1.90215968e+00  9.38219902e-01  1.60396981e+00  3.47910421e+01  1.29252935e+00  5.21345597e+00 
 1.12000000e+00  1.48000000e+00  1.12000000e+00  8.86543157e-04  1.39818423e+00  1.90215968e+00  9.38219902e-01  1.60396981e+00  3.47910421e+01  1.29252935e+00  5.21345597e+00 
 1.13000000e+00  1.48000000e+00  1.13000000e+00  9.24061695e-04  1.39818423e+00  1.90215968e+00  9.38219902e-01  1.60396981e+00  3.47910421e+01  1.29252935e+00  5.21345597e+00 
 1.14000000e+00  1.48000000e+00  1.14000000e+00  9.62091277e-04  1.39818423e+00  1.90215968e+00  9.38219902e-01  1.60396981e+00  3.47910421e+01  1.29252935e+00  5.21345597e+00 
 1.15000000e+00  1.48000000e+00  1.15000000e+00  1.00061539e-03  1.39818423e+00  1.90215968e+00  9.38219902e-01  1.60396981e+00  3.47910421e+01  1.29252935e+00  5.21345597e+00 
 1.16000000e+00  1.48000000e+00  1.16000000e+00  1.03961770e-03  1.39818423e+00  1.90215968e+00  9.38219902e-01  1.60396981e+00  3.47910421e+01  1.29252935e+00  5.21345597e+00 
 1.17000000e+00  1.48000000e+00  1.17000000e+00  1.07908208e-03  1.39818423e+00  1.90215968e+00  9.38219902e-01  1.60396981e+00  3.47910421e+01  1.29252935e+00  5.21345597e+00 
 1.18000000e+00  1.48000000e+00  1.18000000e+00  1.11899261e-03  1.39818423e+00  1.90215968e+00  9.38219902e-01  1.60396981e+00  3.47910421e+01  1.29252935e+00  5.21345597e+00 
 1.19000000e+00  1.48000000e+00  1.19000000e+00  1.15933354e-03  1.39818423e+00  1.90215968e+00  9.38219902e-01  1.60396981e+00  3.47910421e+01  1.29252935e+00  5.21345597e+00 
 1.20000000e+00  1.48000000e+00  1.20000000e+00  1.20008938e-03  1.39818423e+00  1.90215968e+00  9.38219902e-01  1.60396981e+00  3.47910421e+01  1.29252935e+00  5.21345597e+00 
 1.21000000e+00  1.48000000e+00  1.21000000e+00  1.24124482e-03  1.39818423e+00  1.90215968e+00  9.38219902e-01  1.60396981e+00  3.47910421e+01  1.29252935e+00  5.21345597e+00 
 1.22000000e+00  1.48000000e+00  1.22000000e+00  1.28278480e-03  1.39818423e+00  1.90215968e+00  9.38219902e-01  1.60396981e+00  3.47910421e+01  1.29252935e+00  5.21345597e+00 
 1.23000000e+00  1.48000000e+00  1.23000000e+00  1.32469446e-03  1.39818423e+00  1.90215968e+00  9.38219902e-01  1.60396981e+00  3.47910421e+01  1.29252935e+00  5.21345597e+00 
 1.24000000e+00  1.48000000e+00  1.24000000e+00  1.36695918e-03  1.39818423e+00  1.90215968e+00  9.38219902e-01  1.60396981e+00  3.47910421e+01  1.29252935e+00  5.21345597e+00 
 1.25000000e+00  1.48000000e+00  1.25000000e+00  1.40956458e-03  1.39818423e+00  1.90215968e+00  9.38219902e-01  1.60396981e+00  3.47910421e+01  1.29252935e+00  5.21345597e+00 
 1.26000000e+00  1.48000000e+00  1.26000000e+00  1.45249650e-03  1.39818423e+00  1.90215968e+00  9.38219902e-01  1.60396981e+00  3.47910421e+01  1.29252935e+00  5.21345597e+00 
 1.27000000e+00  1.48000000e+00  1.27000000e+00  1.49574100e-03  1.39818423e+00  1.90215968e+00  9.38219902e-01  1.60396981e+00  3.47910421e+01  1.29252935e+00  5.21345597e+00 
 1.28000000e+00  1.48000000e+00  1.28000000e+00  1.53928441e-03  1.39818423e+00  1.90215968e+00  9.38219902e-01  1.60396981e+00  3.47910421e+01  1.29252935e+00  5.21345597e+00 
 1.29000000e+00  1.48000000e+00  1.29000000e+00  1.58311328e-03  1.39818423e+00  1.90215968e+00  9.38219902e-01  1.60396981e+00  3.47910421e+01  1.29252935e+00  5.21345597e+00 
 1.30000000e+00  1.48000000e+00  1.30000000e+00  1.62721438e-03  1.39818423e+00  1.90215968e+00  9.38219902e-01  1.60396981e+00  3.47910421e+01  1.29252935e+00  5.21345597e+00 
 1.31000000e+00  1.48000000e+00  1.31000000e+00  1.67157474e-03  1.39818423e+00  1.90215968e+00  9.38219902e-01  1.60396981e+00  3.47910421e+01  1.29252935e+00  5.21345597e+00 
 1.32000000e+00  1.48000000e+00  1.32000000e+00  1.71618162e-03  1.39818423e+00  1.90215968e+00  9.38219902e-01  1.60396981e+00  3.47910421e+01  1.29252935e+00  5.21345597e+00 
 1.33000000e+00  1.48000000e+00  1.33000000e+00  1.76102251e-03  1.39818423e+00  1.90215968e+00  9.38219902e-01  1.60396981e+00  3.47910421e+01  1.29252935e+00  5.21345597e+00 
 1.34000000e+00  1.48000000e+00  1.34000000e+00  1.80608513e-03  1.39818423e+00  1.90215968e+00  9.38219902e-01  1.60396981e+00  3.47910421e+01  1.29252935e+00  5.21345597e+00 
 1.35000000e+00  1.48000000e+00  1.35000000e+00  1.85135745e-03  1.39818423e+00  1.90215968e+00  9.38219902e-01  1.60396981e+00  3.47910421e+01  1.29252935e+00  5.21345597e+00 
 1.36000000e+00  1.48000000e+00  1.36000000e+00  1.89682766e-03  1.39818423e+00  1.90215968e+00  9.38219902e-01  1.60396981e+00  3.47910421e+01  1.29252935e+00  5.21345597e+00 
 1.37000000e+00  1.48000000e+00  1.37000000e+00  1.94248418e-03  1.39818423e+00  1.90215968e+00  9.38219902e-01  1.60396981e+00  3.47910421e+01  1.29252935e+00  5.21345597e+00 
 1.38000000e+00  1.48000000e+00  1.38000000e+00  1.98831565e-03  1.39818423e+00  1.90215968e+00  9.38219902e-01  1.60396981e+00  3.47910421e+01  1.29252935e+00  5.21345597e+00 
 1.39000000e+00  1.48000000e+00  1.39000000e+00  2.03431097e-03  1.39818423e+00  1.90215968e+00  9.38219902e-01  1.60396981e+00  3.47910421e+01  1.29252935e+00  5.21345597e+00 
 1.40000000e+00  1.48000000e+00  1.40000000e+00  2.08045922e-03  1.39818423e+00  1.90215968e+00  9.38219902e-01  1.60396981e+00  3.47910421e+01  1.29252935e+00  5.21345597e+00 
 1.41000000e+00  1.48000000e+00  1.41000000e+00  2.12674973e-03  1.39818423e+00  1.90215968e+00  9.38219902e-01  1.60396981e+00  3.47910421e+01  1.29252935e+00  5.21345597e+00 
 1.42000000e+00  1.48000000e+00  1.42000000e+00  2.17317203e-03  1.39818423e+00  1.90215968e+00  9.38219902e-01  1.60396981e+00  3.47910421e+01  1.29252935e+00  5.21345597e+00 
 1.43000000e+00  1.48000000e+00  1.43000000e+00  2.21971588e-03  1.39818423e+00  1.90215968e+00  9.38219902e-01  1.60396981e+00  3.47910421e+01  1.29252935e+00  5.21345597e+00 
 1.44000000e+00  1.48000000e+00  1.44000000e+00  2.26637125e-03  1.39818423e+00  1.90215968e+00  9.38219902e-01  1.60396981e+00  3.47910421e+01  1.29252935e+00  5.21345597e+00 
 1.45000000e+00  1.48000000e+00  1.45000000e+00  2.31312831e-03  1.39818423e+00  1.90215968e+00  9.38219902e-01  1.60396981e+00  3.47910421e+01  1.29252935e+00  5.21345597e+00 
 1.46000000e+00  1.48000000e+00  1.46000000e+00  2.35997745e-03  1.39818423e+00  1.90215968e+00  9.38219902e-01  1.60396981e+00  3.47910421e+01  1.29252935e+00  5.21345597e+00 
 1.47000000e+00  1.48000000e+00  1.47000000e+00  2.40690926e-03  1.39818423e+00  1.90215968e+00  9.38219902e-01  1.60396981e+00  3.47910421e+01  1.29252935e+00  5.21345597e+00 
 1.48000000e+00  1.48000000e+00  1.48000000e+00  2.45391452e-03  1.39818423e+00  1.90215968e+00  9.38219902e-01  1.60396981e+00  3.47910421e+01  1.29252935e+00  5.21345597e+00 
 1.49000000e+00  1.48000000e+00  1.49000000e+00  2.50098421e-03  1.39818423e+00  1.90215968e+00  9.38219902e-01  1.60396981e+00  3.47910421e+01  1.29252935e+00  5.21345597e+00 
 1.50000000e+00  1.48000000e+00  1.50000000e+00  2.54810952e-03  1.39818423e+00  1.90215968e+00  9.38219902e-01  1.60396981e+00  3.47910421e+01  1.29252935e+00  5.21345597e+00 
 1.51000000e+00  1.48000000e+00  1.51000000e+00  2.59528180e-03  1.39818423e+00  1.90215968e+00  9.38219902e-01  1.60396981e+00  3.47910421e+01  1.29252935e+00  5.21345597e+00 
 1.52000000e+00  1.48000000e+00  1.52000000e+00  2.64249262e-03  1.39818423e+00  1.90215968e+00  9.38219902e-01  1.60396981e+00  3.47910421e+01  1.29252935e+00  5.21345597e+00 
 1.53000000e+00  1.48000000e+00  1.53000000e+00  2.68973370e-03  1.39818423e+00  1.90215968e+00  9.38219902e-01  1.60396981e+00  3.47910421e+01  1.29252935e+00  5.21345597e+00 
 1.54000000e+00  1.48000000e+00  1.54000000e+00  2.73699697e-03  1.39818423e+00  1.90215968e+00  9.38219902e-01  1.60396981e+00  3.47910421e+01  1.29252935e+00  5.21345597e+00 
 1.55000000e+00  1.48000000e+00  1.55000000e+00  2.78427450e-03  1.39818423e+00  1.90215968e+00  9.38219902e-01  1.60396981e+00  3.47910421e+01  1.29252935e+00  5.21345597e+00 
 1.56000000e+00  1.48000000e+00  1.56000000e+00  2.83155857e-03  1.39818423e+00  1.90215968e+00  9.38219902e-01  1.60396981e+00  3.47910421e+01  1.29252935e+00  5.21345597e+00 
 1.57000000e+00  1.48000000e+00  1.57000000e+00  2.87884161e-03  1.39818423e+00  1.90215968e+00  9.38219902e-01  1.60396981e+00  3.47910421e+01  1.29252935e+00  5.21345597e+00 
 1.58000000e+00  1.48000000e+00  1.58000000e+00  2.92611620e-03  1.39818423e+00  1.90215968e+00  9.38219902e-01  1.60396981e+00  3.47910421e+01  1.29252935e+00  5.21345597e+00 
 1.59000000e+00  1.48000000e+00  1.59000000e+00  2.97337510e-03  1.39818423e+00  1.90215968e+00  9.38219902e-01  1.60396981e+00  3.47910421e+01  1.29252935e+00  5.21345597e+00 
 1.60000000e+00  1.48000000e+00  1.60000000e+00  3.02061123e-03  1.39818423e+00  1.90215968e+00  9.38219902e-01  1.60396981e+00  3.47910421e+01  1.29252935e+00  5.21345597e+00 
 1.61000000e+00  1.48000000e+00  1.61000000e+00  3.06781766e-03  1.39818423e+00  1.90215968e+00  9.38219902e-01  1.60396981e+00  3.47910421e+01  1.29252935e+00  5.21345597e+00 
 1.62000000e+00  1.48000000e+00  1.62000000e+00  3.11498759e-03  1.39818423e+00  1.90215968e+00  9.38219902e-01  1.60396981e+00  3.47910421e+01  1.29252935e+00  5.21345597e+00 
 1.63000000e+00  1.48000000e+00  1.63000000e+00  3.16211440e-03  1.39818423e+00  1.90215968e+00  9.38219902e-01  1.60396981e+00  3.47910421e+01  1.29252935e+00  5.21345597e+00 
 1.64000000e+00  1.48000000e+00  1.64000000e+00  3.20919159e-03  1.39818423e+00  1.90215968e+00  9.38219902e-01  1.60396981e+00  3.47910421e+01  1.29252935e+00  5.21345597e+00 
 1.65000000e+00  1.48000000e+00  1.65000000e+00  3.25621281e-03  1.39818423e+00  1.90215968e+00  9.38219902e-01  1.60396981e+00  3.47910421e+01  1.29252935e+00  5.21345597e+00 
 1.66000000e+00  1.48000000e+00  1.66000000e+00  3.30317183e-03  1.39818423e+00  1.90215968e+00  9.38219902e-01  1.60396981e+00  3.47910421e+01  1.29252935e+00  5.21345597e+00 
 1.67000000e+00  1.48000000e+00  1.67000000e+00  3.35006258e-03  1.39818423e+00  1.90215968e+00  9.38219902e-01  1.60396981e+00  3.47910421e+01  1.29252935e+00  5.21345597e+00 
 1.68000000e+00  1.48000000e+00  1.68000000e+00  3.39687909e-03  1.39818423e+00  1.90215968e+00  9.38219902e-01  1.60396981e+00  3.47910421e+01  1.29252935e+00  5.21345597e+00 
 1.69000000e+00  1.48000000e+00  1.69000000e+00  3.44361554e-03  1.39818423e+00  1.90215968e+00  9.38219902e-01  1.60396981e+00  3.47910421e+01  1.29252935e+00  5.21345597e+00 
 1.70000000e+00  1.48000000e+00  1.70000000e+00  3.49026621e-03  1.39818423e+00  1.90215968e+00  9.38219902e-01  1.60396981e+00  3.47910421e+01  1.29252935e+00  5.21345597e+00 
 1.71000000e+00  1.48000000e+00  1.71000000e+00  3.53682552e-03  1.39818423e+00  1.90215968e+00  9.38219902e-01  1.60396981e+00  3.47910421e+01  1.29252935e+00  5.21345597e+00 
 1.72000000e+00  1.48000000e+00  1.72000000e+00  3.58328799e-03  1.39818423e+00  1.90215968e+00  9.38219902e-01  1.60396981e+00  3.47910421e+01  1.29252935e+00  5.21345597e+00 
 1.73000000e+00  1.48000000e+00  1.73000000e+00  3.62964826e-03  1.39818423e+00  1.90215968e+00  9.38219902e-01  1.60396981e+00  3.47910421e+01  1.29252935e+00  5.21345597e+00 
 1.74000000e+00  1.48000000e+00  1.74000000e+00  3.67590108e-03  1.39818423e+00  1.90215968e+00  9.38219902e-01  1.60396981e+00  3.47910421e+01  1.29252935e+00  5.21345597e+00 
 1.75000000e+00  1.48000000e+00  1.75000000e+00  3.72204131e-03  1.39818423e+00  1.90215968e+00  9.38219902e-01  1.60396981e+00  3.47910421e+01  1.29252935e+00  5.21345597e+00 
 1.76000000e+00  1.48000000e+00  1.76000000e+00  3.76806389e-03  1.39818423e+00  1.90215968e+00  9.38219902e-01  1.60396981e+00  3.47910421e+01  1.29252935e+00  5.21345597e+00 
 1.77000000e+00  1.48000000e+00  1.77000000e+00  3.81396388e-03  1.39818423e+00  1.90215968e+00  9.38219902e-01  1.60396981e+00  3.47910421e+01  1.29252935e+00  5.21345597e+00 
 1.78000000e+00  1.48000000e+00  1.78000000e+00  3.85973645e-03  1.39818423e+00  1.90215968e+00  9.38219902e-01  1.60396981e+00  3.47910421e+01  1.29252935e+00  5.21345597e+00 
 1.79000000e+00  1.48000000e+00  1.79000000e+00  3.90537682e-03  1.39818423e+00  1.90215968e+00  9.38219902e-01  1.60396981e+00  3.47910421e+01  1.29252935e+00  5.21345597e+00 
 1.80000000e+00  1.48000000e+00  1.80000000e+00  3.95088035e-03  1.39818423e+00  1.90215968e+00  9.38219902e-01  1.60396981e+00  3.47910421e+01  1.29252935e+00  5.21345597e+00 
 1.81000000e+00  1.48000000e+00  1.81000000e+00  3.99624246e-03  1.39818423e+00  1.90215968e+00  9.38219902e-01  1.60396981e+00  3.47910421e+01  1.29252935e+00  5.21345597e+00 
 1.82000000e+00  1.48000000e+00  1.82000000e+00  4.04145866e-03  1.39818423e+00  1.90215968e+00  9.38219902e-01  1.60396981e+00  3.47910421e+01  1.29252935e+00  5.21345597e+00 
 1.83000000e+00  1.48000000e+00  1.83000000e+00  4.08652455e-03  1.39818423e+00  1.90215968e+00  9.38219902e-01  1.60396981e+00  3.47910421e+01  1.29252935e+00  5.21345597e+00 
 1.84000000e+00  1.48000000e+00  1.84000000e+00  4.13143579e-03  1.39818423e+00  1.90215968e+00  9.38219902e-01  1.60396981e+00  3.47910421e+01  1.29252935e+00  5.21345597e+00 
 1.85000000e+00  1.48000000e+00  1.85000000e+00  4.17618813e-03  1.39818423e+00  1.90215968e+00  9.38219902e-01  1.60396981e+00  3.47910421e+01  1.29252935e+00  5.21345597e+00 
