 0.00000000e+00  1.48000000e+00  0.00000000e+00  1.48148160e-12  1.27832055e+00  1.60459841e+00  1.01549357e+00  1.63422783e+00  3.12008495e+01  1.32427656e+00  5.68638357e+00 
 1.00000000e-02  1.48000000e+00  1.00000000e-02  1.48148160e-12  1.27832055e+00  1.60459841e+00  1.01549357e+00  1.63422783e+00  3.12008495e+01  1.32427656e+00  5.68638357e+00 
 2.00000000e-02  1.48000000e+00  2.00000000e-02  1.48148160e-12  1.27832055e+00  1.60459841e+00  1.01549357e+00  1.63422783e+00  3.12008495e+01  1.32427656e+00  5.68638357e+00 
 3.00000000e-02  1.48000000e+00  3.00000000e-02  1.48148160e-12  1.27832055e+00  1.60459841e+00  1.01549357e+00  1.63422783e+00  3.12008495e+01  1.32427656e+00  5.68638357e+00 
 4.00000000e-02  1.48000000e+00  4.00000000e-02  1.48148160e-12  1.27832055e+00  1.60459841e+00  1.01549357e+00  1.63422783e+00  3.12008495e+01  1.32427656e+00  5.68638357e+00 
 5.00000000e-02  1.48000000e+00  5.00000000e-02  1.48148160e-12  1.27832055e+00  1.60459841e+00  1.01549357e+00  1.63422783e+00  3.12008495e+01  1.32427656e+00  5.68638357e+00 
 6.00000000e-02  1.48000000e+00  6.00000000e-02  1.48148160e-12  1.27832055e+00  1.60459841e+00  1.01549357e+00  1.63422783e+00  3.12008495e+01  1.32427656e+00  5.68638357e+00 
 7.00000000e-02  1.48000000e+00  7.00000000e-02  1.48148160e-12  1.27832055e+00  1.60459841e+00  1.01549357e+00  1.63422783e+00  3.12008495e+01  1.32427656e+00  5.68638357e+00 
 8.00000000e-02  1.48000000e+00  8.00000000e-02  1.48148160e-12  1.27832055e+00  1.60459841e+00  1.01549357e+00  1.63422783e+00  3.12008495e+01  1.32427656e+00  5.68638357e+00 
 9.00000000e-02  1.48000000e+00  9.00000000e-02  1.48148160e-12  1.27832055e+00  1.60459841e+00  1.01549357e+00  1.63422783e+00  3.12008495e+01  1.32427656e+00  5.68638357e+00 
 1.00000000e-01  1.48000000e+00  1.00000000e-01  1.48148160e-12  1.27832055e+00  1.60459841e+00  1.01549357e+00  1.63422783e+00  3.12008495e+01  1.32427656e+00  5.68638357e+00 
 1.10000000e-01  1.48000000e+00  1.10000000e-01  1.48148160e-12  1.27832055e+00  1.60459841e+00  1.01549357e+00  1.63422783e+00  3.12008495e+01  1.32427656e+00  5.68638357e+00 
 1.20000000e-01  1.48000000e+00  1.20000000e-01  1.48148160e-12  1.27832055e+00  1.60459841e+00  1.01549357e+00  1.63422783e+00  3.12008495e+01  1.32427656e+00  5.68638357e+00 
 1.30000000e-01  1.48000000e+00  1.30000000e-01  1.48148160e-12  1.27832055e+00  1.60459841e+00  1.01549357e+00  1.63422783e+00  3.12008495e+01  1.32427656e+00  5.68638357e+00 
 1.40000000e-01  1.48000000e+00  1.40000000e-01  1.48148160e-12  1.27832055e+00  1.60459841e+00  1.01549357e+00  1.63422783e+00  3.12008495e+01  1.32427656e+00  5.68638357e+00 
 1.50000000e-01  1.48000000e+00  1.50000000e-01  1.48148160e-12  1.27832055e+00  1.60459841e+00  1.01549357e+00  1.63422783e+00  3.12008495e+01  1.32427656e+00  5.68638357e+00 
 1.60000000e-01  1.48000000e+00  1.60000000e-01  1.48148160e-12  1.27832055e+00  1.60459841e+00  1.01549357e+00  1.63422783e+00  3.12008495e+01  1.32427656e+00  5.68638357e+00 
 1.70000000e-01  1.48000000e+00  1.70000000e-01  1.48148160e-12  1.27832055e+00  1.60459841e+00  1.01549357e+00  1.63422783e+00  3.12008495e+01  1.32427656e+00  5.68638357e+00 
 1.80000000e-01  1.48000000e+00  1.80000000e-01  1.48148160e-12  1.27832055e+00  1.60459841e+00  1.01549357e+00  1.63422783e+00  3.12008495e+01  1.32427656e+00  5.68638357e+00 
 1.90000000e-01  1.48000000e+00  1.90000000e-01  1.48148160e-12  1.27832055e+00  1.60459841e+00  1.01549357e+00  1.63422783e+00  3.12008495e+01  1.32427656e+00  5.68638357e+00 
 2.00000000e-01  1.48000000e+00  2.00000000e-01  1.48148160e-12  1.27832055e+00  1.60459841e+00  1.01549357e+00  1.63422783e+00  3.12008495e+01  1.32427656e+00  5.68638357e+00 
 2.10000000e-01  1.48000000e+00  2.10000000e-01  1.48148160e-12  1.27832055e+00  1.60459841e+00  1.01549357e+00  1.63422783e+00  3.12008495e+01  1.32427656e+00  5.68638357e+00 
 2.20000000e-01  1.48000000e+00  2.20000000e-01  1.48148160e-12  1.27832055e+00  1.60459841e+00  1.01549357e+00  1.63422783e+00  3.12008495e+01  1.32427656e+00  5.68638357e+00 
 2.30000000e-01  1.48000000e+00  2.30000000e-01  1.48148160e-12  1.27832055e+00  1.60459841e+00  1.01549357e+00  1.63422783e+00  3.12008495e+01  1.32427656e+00  5.68638357e+00 
 2.40000000e-01  1.48000000e+00  2.40000000e-01  1.48148160e-12  1.27832055e+00  1.60459841e+00  1.01549357e+00  1.63422783e+00  3.12008495e+01  1.32427656e+00  5.68638357e+00 
 2.50000000e-01  1.48000000e+00  2.50000000e-01  1.48148160e-12  1.27832055e+00  1.60459841e+00  1.01549357e+00  1.63422783e+00  3.12008495e+01  1.32427656e+00  5.68638357e+00 
 2.60000000e-01  1.48000000e+00  2.60000000e-01  1.48148160e-12  1.27832055e+00  1.60459841e+00  1.01549357e+00  1.63422783e+00  3.12008495e+01  1.32427656e+00  5.68638357e+00 
 2.70000000e-01  1.48000000e+00  2.70000000e-01  1.48148160e-12  1.27832055e+00  1.60459841e+00  1.01549357e+00  1.63422783e+00  3.12008495e+01  1.32427656e+00  5.68638357e+00 
 2.80000000e-01  1.48000000e+00  2.80000000e-01  1.48148160e-12  1.27832055e+00  1.60459841e+00  1.01549357e+00  1.63422783e+00  3.12008495e+01  1.32427656e+00  5.68638357e+00 
 2.90000000e-01  1.48000000e+00  2.90000000e-01  1.48148160e-12  1.27832055e+00  1.60459841e+00  1.01549357e+00  1.63422783e+00  3.12008495e+01  1.32427656e+00  5.68638357e+00 
 3.00000000e-01  1.48000000e+00  3.00000000e-01  1.48148160e-12  1.27832055e+00  1.60459841e+00  1.01549357e+00  1.63422783e+00  3.12008495e+01  1.32427656e+00  5.68638357e+00 
 3.10000000e-01  1.48000000e+00  3.10000000e-01  1.48148160e-12  1.27832055e+00  1.60459841e+00  1.01549357e+00  1.63422783e+00  3.12008495e+01  1.32427656e+00  5.68638357e+00 
 3.20000000e-01  1.48000000e+00  3.20000000e-01  1.48148160e-12  1.27832055e+00  1.60459841e+00  1.01549357e+00  1.63422783e+00  3.12008495e+01  1.32427656e+00  5.68638357e+00 
 3.30000000e-01  1.48000000e+00  3.30000000e-01  1.48148160e-12  1.27832055e+00  1.60459841e+00  1.01549357e+00  1.63422783e+00  3.12008495e+01  1.32427656e+00  5.68638357e+00 
 3.40000000e-01  1.48000000e+00  3.40000000e-01  1.48148160e-12  1.27832055e+00  1.60459841e+00  1.01549357e+00  1.63422783e+00  3.12008495e+01  1.32427656e+00  5.68638357e+00 
 3.50000000e-01  1.48000000e+00  3.50000000e-01  1.48148160e-12  1.27832055e+00  1.60459841e+00  1.01549357e+00  1.63422783e+00  3.12008495e+01  1.32427656e+00  5.68638357e+00 
 3.60000000e-01  1.48000000e+00  3.60000000e-01  1.48148160e-12  1.27832055e+00  1.60459841e+00  1.01549357e+00  1.63422783e+00  3.12008495e+01  1.32427656e+00  5.68638357e+00 
 3.70000000e-01  1.48000000e+00  3.70000000e-01  1.48148160e-12  1.27832055e+00  1.60459841e+00  1.01549357e+00  1.63422783e+00  3.12008495e+01  1.32427656e+00  5.68638357e+00 
 3.80000000e-01  1.48000000e+00  3.80000000e-01  1.48148160e-12  1.27832055e+00  1.60459841e+00  1.01549357e+00  1.63422783e+00  3.12008495e+01  1.32427656e+00  5.68638357e+00 
 3.90000000e-01  1.48000000e+00  3.90000000e-01  1.48325796e-12  1.27832055e+00  1.60459841e+00  1.01549357e+00  1.63422783e+00  3.12008495e+01  1.32427656e+00  5.68638357e+00 
 4.00000000e-01  1.48000000e+00  4.00000000e-01  1.48325796e-12  1.27832055e+00  1.60459841e+00  1.01549357e+00  1.63422783e+00  3.12008495e+01  1.32427656e+00  5.68638357e+00 
 4.10000000e-01  1.48000000e+00  4.10000000e-01  1.48503432e-12  1.27832055e+00  1.60459841e+00  1.01549357e+00  1.63422783e+00  3.12008495e+01  1.32427656e+00  5.68638357e+00 
 4.20000000e-01  1.48000000e+00  4.20000000e-01  1.48858703e-12  1.27832055e+00  1.60459841e+00  1.01549357e+00  1.63422783e+00  3.12008495e+01  1.32427656e+00  5.68638357e+00 
 4.30000000e-01  1.48000000e+00  4.30000000e-01  1.49746882e-12  1.27832055e+00  1.60459841e+00  1.01549357e+00  1.63422783e+00  3.12008495e+01  1.32427656e+00  5.68638357e+00 
 4.40000000e-01  1.48000000e+00  4.40000000e-01  1.52056145e-12  1.27832055e+00  1.60459841e+00  1.01549357e+00  1.63422783e+00  3.12008495e+01  1.32427656e+00  5.68638357e+00 
 4.50000000e-01  1.48000000e+00  4.50000000e-01  1.58451030e-12  1.27832055e+00  1.60459841e+00  1.01549357e+00  1.63422783e+00  3.12008495e+01  1.32427656e+00  5.68638357e+00 
 4.60000000e-01  1.48000000e+00  4.60000000e-01  1.74971149e-12  1.27832055e+00  1.60459841e+00  1.01549357e+00  1.63422783e+00  3.12008495e+01  1.32427656e+00  5.68638357e+00 
 4.70000000e-01  1.48000000e+00  4.70000000e-01  2.18491891e-12  1.27832055e+00  1.60459841e+00  1.01549357e+00  1.63422783e+00  3.12008495e+01  1.32427656e+00  5.68638357e+00 
 4.80000000e-01  1.48000000e+00  4.80000000e-01  3.32356365e-12  1.27832055e+00  1.60459841e+00  1.01549357e+00  1.63422783e+00  3.12008495e+01  1.32427656e+00  5.68638357e+00 
 4.90000000e-01  1.48000000e+00  4.90000000e-01  6.29540864e-12  1.27832055e+00  1.60459841e+00  1.01549357e+00  1.63422783e+00  3.12008495e+01  1.32427656e+00  5.68638357e+00 
 5.00000000e-01  1.48000000e+00  5.00000000e-01  1.40243372e-11  1.27832055e+00  1.60459841e+00  1.01549357e+00  1.63422783e+00  3.12008495e+01  1.32427656e+00  5.68638357e+00 
 5.10000000e-01  1.48000000e+00  5.10000000e-01  3.39532846e-11  1.27832055e+00  1.60459841e+00  1.01549357e+00  1.63422783e+00  3.12008495e+01  1.32427656e+00  5.68638357e+00 
 5.20000000e-01  1.48000000e+00  5.20000000e-01  8.47393267e-11  1.27832055e+00  1.60459841e+00  1.01549357e+00  1.63422783e+00  3.12008495e+01  1.32427656e+00  5.68638357e+00 
 5.30000000e-01  1.48000000e+00  5.30000000e-01  2.11763052e-10  1.27832055e+00  1.60459841e+00  1.01549357e+00  1.63422783e+00  3.12008495e+01  1.32427656e+00  5.68638357e+00 
 5.40000000e-01  1.48000000e+00  5.40000000e-01  5.20813614e-10  1.27832055e+00  1.60459841e+00  1.01549357e+00  1.63422783e+00  3.12008495e+01  1.32427656e+00  5.68638357e+00 
 5.50000000e-01  1.48000000e+00  5.50000000e-01  1.24388500e-09  1.27832055e+00  1.60459841e+00  1.01549357e+00  1.63422783e+00  3.12008495e+01  1.32427656e+00  5.68638357e+00 
 5.60000000e-01  1.48000000e+00  5.60000000e-01  2.85033686e-09  1.27832055e+00  1.60459841e+00  1.01549357e+00  1.63422783e+00  3.12008495e+01  1.32427656e+00  5.68638357e+00 
 5.70000000e-01  1.48000000e+00  5.70000000e-01  6.20383034e-09  1.27832055e+00  1.60459841e+00  1.01549357e+00  1.63422783e+00  3.12008495e+01  1.32427656e+00  5.68638357e+00 
 5.80000000e-01  1.48000000e+00  5.80000000e-01  1.27533557e-08  1.27832055e+00  1.60459841e+00  1.01549357e+00  1.63422783e+00  3.12008495e+01  1.32427656e+00  5.68638357e+00 
 5.90000000e-01  1.48000000e+00  5.90000000e-01  2.47795526e-08  1.27832055e+00  1.60459841e+00  1.01549357e+00  1.63422783e+00  3.12008495e+01  1.32427656e+00  5.68638357e+00 
 6.00000000e-01  1.48000000e+00  6.00000000e-01  4.58114293e-08  1.27832055e+00  1.60459841e+00  1.01549357e+00  1.63422783e+00  3.12008495e+01  1.32427656e+00  5.68638357e+00 
 6.10000000e-01  1.48000000e+00  6.10000000e-01  8.14154237e-08  1.27832055e+00  1.60459841e+00  1.01549357e+00  1.63422783e+00  3.12008495e+01  1.32427656e+00  5.68638357e+00 
 6.20000000e-01  1.48000000e+00  6.20000000e-01  1.40601587e-07  1.27832055e+00  1.60459841e+00  1.01549357e+00  1.63422783e+00  3.12008495e+01  1.32427656e+00  5.68638357e+00 
 6.30000000e-01  1.48000000e+00  6.30000000e-01  2.38173849e-07  1.27832055e+00  1.60459841e+00  1.01549357e+00  1.63422783e+00  3.12008495e+01  1.32427656e+00  5.68638357e+00 
 6.40000000e-01  1.48000000e+00  6.40000000e-01  3.98514276e-07  1.27832055e+00  1.60459841e+00  1.01549357e+00  1.63422783e+00  3.12008495e+01  1.32427656e+00  5.68638357e+00 
 6.50000000e-01  1.48000000e+00  6.50000000e-01  6.61346412e-07  1.27832055e+00  1.60459841e+00  1.01549357e+00  1.63422783e+00  3.12008495e+01  1.32427656e+00  5.68638357e+00 
 6.60000000e-01  1.48000000e+00  6.60000000e-01  1.08941626e-06  1.27832055e+00  1.60459841e+00  1.01549357e+00  1.63422783e+00  3.12008495e+01  1.32427656e+00  5.68638357e+00 
 6.70000000e-01  1.48000000e+00  6.70000000e-01  1.77590209e-06  1.27832055e+00  1.60459841e+00  1.01549357e+00  1.63422783e+00  3.12008495e+01  1.32427656e+00  5.68638357e+00 
 6.80000000e-01  1.48000000e+00  6.80000000e-01  2.84585695e-06  1.27832055e+00  1.60459841e+00  1.01549357e+00  1.63422783e+00  3.12008495e+01  1.32427656e+00  5.68638357e+00 
 6.90000000e-01  1.48000000e+00  6.90000000e-01  4.44489643e-06  1.27832055e+00  1.60459841e+00  1.01549357e+00  1.63422783e+00  3.12008495e+01  1.32427656e+00  5.68638357e+00 
 7.00000000e-01  1.48000000e+00  7.00000000e-01  6.71521658e-06  1.27832055e+00  1.60459841e+00  1.01549357e+00  1.63422783e+00  3.12008495e+01  1.32427656e+00  5.68638357e+00 
 7.10000000e-01  1.48000000e+00  7.10000000e-01  9.77038173e-06  1.27832055e+00  1.60459841e+00  1.01549357e+00  1.63422783e+00  3.12008495e+01  1.32427656e+00  5.68638357e+00 
 7.20000000e-01  1.48000000e+00  7.20000000e-01  1.36824963e-05  1.27832055e+00  1.60459841e+00  1.01549357e+00  1.63422783e+00  3.12008495e+01  1.32427656e+00  5.68638357e+00 
 7.30000000e-01  1.48000000e+00  7.30000000e-01  1.84849685e-05  1.27832055e+00  1.60459841e+00  1.01549357e+00  1.63422783e+00  3.12008495e+01  1.32427656e+00  5.68638357e+00 
 7.40000000e-01  1.48000000e+00  7.40000000e-01  2.41839726e-05  1.27832055e+00  1.60459841e+00  1.01549357e+00  1.63422783e+00  3.12008495e+01  1.32427656e+00  5.68638357e+00 
 7.50000000e-01  1.48000000e+00  7.50000000e-01  3.07705495e-05  1.27832055e+00  1.60459841e+00  1.01549357e+00  1.63422783e+00  3.12008495e+01  1.32427656e+00  5.68638357e+00 
 7.60000000e-01  1.48000000e+00  7.60000000e-01  3.82293578e-05  1.27832055e+00  1.60459841e+00  1.01549357e+00  1.63422783e+00  3.12008495e+01  1.32427656e+00  5.68638357e+00 
 7.70000000e-01  1.48000000e+00  7.70000000e-01  4.65436693e-05  1.27832055e+00  1.60459841e+00  1.01549357e+00  1.63422783e+00  3.12008495e+01  1.32427656e+00  5.68638357e+00 
 7.80000000e-01  1.48000000e+00  7.80000000e-01  5.56976588e-05  1.27832055e+00  1.60459841e+00  1.01549357e+00  1.63422783e+00  3.12008495e+01  1.32427656e+00  5.68638357e+00 
 7.90000000e-01  1.48000000e+00  7.90000000e-01  6.56771337e-05  1.27832055e+00  1.60459841e+00  1.01549357e+00  1.63422783e+00  3.12008495e+01  1.32427656e+00  5.68638357e+00 
 8.00000000e-01  1.48000000e+00  8.00000000e-01  7.64695103e-05  1.27832055e+00  1.60459841e+00  1.01549357e+00  1.63422783e+00  3.12008495e+01  1.32427656e+00  5.68638357e+00 
 8.10000000e-01  1.48000000e+00  8.10000000e-01  8.80635003e-05  1.27832055e+00  1.60459841e+00  1.01549357e+00  1.63422783e+00  3.12008495e+01  1.32427656e+00  5.68638357e+00 
 8.20000000e-01  1.48000000e+00  8.20000000e-01  1.00448736e-04  1.27832055e+00  1.60459841e+00  1.01549357e+00  1.63422783e+00  3.12008495e+01  1.32427656e+00  5.68638357e+00 
 8.30000000e-01  1.48000000e+00  8.30000000e-01  1.13615435e-04  1.27832055e+00  1.60459841e+00  1.01549357e+00  1.63422783e+00  3.12008495e+01  1.32427656e+00  5.68638357e+00 
 8.40000000e-01  1.48000000e+00  8.40000000e-01  1.27554128e-04  1.27832055e+00  1.60459841e+00  1.01549357e+00  1.63422783e+00  3.12008495e+01  1.32427656e+00  5.68638357e+00 
 8.50000000e-01  1.48000000e+00  8.50000000e-01  1.42255466e-04  1.27832055e+00  1.60459841e+00  1.01549357e+00  1.63422783e+00  3.12008495e+01  1.32427656e+00  5.68638357e+00 
 8.60000000e-01  1.48000000e+00  8.60000000e-01  1.57710075e-04  1.27832055e+00  1.60459841e+00  1.01549357e+00  1.63422783e+00  3.12008495e+01  1.32427656e+00  5.68638357e+00 
 8.70000000e-01  1.48000000e+00  8.70000000e-01  1.73908467e-04  1.27832055e+00  1.60459841e+00  1.01549357e+00  1.63422783e+00  3.12008495e+01  1.32427656e+00  5.68638357e+00 
 8.80000000e-01  1.48000000e+00  8.80000000e-01  1.90840978e-04  1.27832055e+00  1.60459841e+00  1.01549357e+00  1.63422783e+00  3.12008495e+01  1.32427656e+00  5.68638357e+00 
 8.90000000e-01  1.48000000e+00  8.90000000e-01  2.08497734e-04  1.27832055e+00  1.60459841e+00  1.01549357e+00  1.63422783e+00  3.12008495e+01  1.32427656e+00  5.68638357e+00 
 9.00000000e-01  1.48000000e+00  9.00000000e-01  2.26868633e-04  1.27832055e+00  1.60459841e+00  1.01549357e+00  1.63422783e+00  3.12008495e+01  1.32427656e+00  5.68638357e+00 
 9.10000000e-01  1.48000000e+00  9.10000000e-01  2.45943340e-04  1.27832055e+00  1.60459841e+00  1.01549357e+00  1.63422783e+00  3.12008495e+01  1.32427656e+00  5.68638357e+00 
 9.20000000e-01  1.48000000e+00  9.20000000e-01  2.65711287e-04  1.27832055e+00  1.60459841e+00  1.01549357e+00  1.63422783e+00  3.12008495e+01  1.32427656e+00  5.68638357e+00 
 9.30000000e-01  1.48000000e+00  9.30000000e-01  2.86161682e-04  1.27832055e+00  1.60459841e+00  1.01549357e+00  1.63422783e+00  3.12008495e+01  1.32427656e+00  5.68638357e+00 
 9.40000000e-01  1.48000000e+00  9.40000000e-01  3.07283521e-04  1.27832055e+00  1.60459841e+00  1.01549357e+00  1.63422783e+00  3.12008495e+01  1.32427656e+00  5.68638357e+00 
 9.50000000e-01  1.48000000e+00  9.50000000e-01  3.29065594e-04  1.27832055e+00  1.60459841e+00  1.01549357e+00  1.63422783e+00  3.12008495e+01  1.32427656e+00  5.68638357e+00 
 9.60000000e-01  1.48000000e+00  9.60000000e-01  3.51496507e-04  1.27832055e+00  1.60459841e+00  1.01549357e+00  1.63422783e+00  3.12008495e+01  1.32427656e+00  5.68638357e+00 
 9.70000000e-01  1.48000000e+00  9.70000000e-01  3.74564685e-04  1.27832055e+00  1.60459841e+00  1.01549357e+00  1.63422783e+00  3.12008495e+01  1.32427656e+00  5.68638357e+00 
 9.80000000e-01  1.48000000e+00  9.80000000e-01  3.98258400e-04  1.27832055e+00  1.60459841e+00  1.01549357e+00  1.63422783e+00  3.12008495e+01  1.32427656e+00  5.68638357e+00 
 9.90000000e-01  1.48000000e+00  9.90000000e-01  4.22565781e-04  1.27832055e+00  1.60459841e+00  1.01549357e+00  1.63422783e+00  3.12008495e+01  1.32427656e+00  5.68638357e+00 
 1.00000000e+00  1.48000000e+00  1.00000000e+00  4.47474831e-04  1.27832055e+00  1.60459841e+00  1.01549357e+00  1.63422783e+00  3.12008495e+01  1.32427656e+00  5.68638357e+00 
 1.01000000e+00  1.48000000e+00  1.01000000e+00  4.72973439e-04  1.27832055e+00  1.60459841e+00  1.01549357e+00  1.63422783e+00  3.12008495e+01  1.32427656e+00  5.68638357e+00 
 1.02000000e+00  1.48000000e+00  1.02000000e+00  4.99049395e-04  1.27832055e+00  1.60459841e+00  1.01549357e+00  1.63422783e+00  3.12008495e+01  1.32427656e+00  5.68638357e+00 
 1.03000000e+00  1.48000000e+00  1.03000000e+00  5.25690405e-04  1.27832055e+00  1.60459841e+00  1.01549357e+00  1.63422783e+00  3.12008495e+01  1.32427656e+00  5.68638357e+00 
 1.04000000e+00  1.48000000e+00  1.04000000e+00  5.52884103e-04  1.27832055e+00  1.60459841e+00  1.01549357e+00  1.63422783e+00  3.12008495e+01  1.32427656e+00  5.68638357e+00 
 1.05000000e+00  1.48000000e+00  1.05000000e+00  5.80618066e-04  1.27832055e+00  1.60459841e+00  1.01549357e+00  1.63422783e+00  3.12008495e+01  1.32427656e+00  5.68638357e+00 
 1.06000000e+00  1.48000000e+00  1.06000000e+00  6.08879825e-04  1.27832055e+00  1.60459841e+00  1.01549357e+00  1.63422783e+00  3.12008495e+01  1.32427656e+00  5.68638357e+00 
 1.07000000e+00  1.48000000e+00  1.07000000e+00  6.37656880e-04  1.27832055e+00  1.60459841e+00  1.01549357e+00  1.63422783e+00  3.12008495e+01  1.32427656e+00  5.68638357e+00 
 1.08000000e+00  1.48000000e+00  1.08000000e+00  6.66936711e-04  1.27832055e+00  1.60459841e+00  1.01549357e+00  1.63422783e+00  3.12008495e+01  1.32427656e+00  5.68638357e+00 
 1.09000000e+00  1.48000000e+00  1.09000000e+00  6.96706787e-04  1.27832055e+00  1.60459841e+00  1.01549357e+00  1.63422783e+00  3.12008495e+01  1.32427656e+00  5.68638357e+00 
 1.10000000e+00  1.48000000e+00  1.10000000e+00  7.26954580e-04  1.27832055e+00  1.60459841e+00  1.01549357e+00  1.63422783e+00  3.12008495e+01  1.32427656e+00  5.68638357e+00 
 1.11000000e+00  1.48000000e+00  1.11000000e+00  7.57667577e-04  1.27832055e+00  1.60459841e+00  1.01549357e+00  1.63422783e+00  3.12008495e+01  1.32427656e+00  5.68638357e+00 
 1.12000000e+00  1.48000000e+00  1.12000000e+00  7.88833286e-04  1.27832055e+00  1.60459841e+00  1.01549357e+00  1.63422783e+00  3.12008495e+01  1.32427656e+00  5.68638357e+00 
 1.13000000e+00  1.48000000e+00  1.13000000e+00  8.20439248e-04  1.27832055e+00  1.60459841e+00  1.01549357e+00  1.63422783e+00  3.12008495e+01  1.32427656e+00  5.68638357e+00 
 1.14000000e+00  1.48000000e+00  1.14000000e+00  8.52473047e-04  1.27832055e+00  1.60459841e+00  1.01549357e+00  1.63422783e+00  3.12008495e+01  1.32427656e+00  5.68638357e+00 
 1.15000000e+00  1.48000000e+00  1.15000000e+00  8.84922317e-04  1.27832055e+00  1.60459841e+00  1.01549357e+00  1.63422783e+00  3.12008495e+01  1.32427656e+00  5.68638357e+00 
 1.16000000e+00  1.48000000e+00  1.16000000e+00  9.17774753e-04  1.27832055e+00  1.60459841e+00  1.01549357e+00  1.63422783e+00  3.12008495e+01  1.32427656e+00  5.68638357e+00 
 1.17000000e+00  1.48000000e+00  1.17000000e+00  9.51018114e-04  1.27832055e+00  1.60459841e+00  1.01549357e+00  1.63422783e+00  3.12008495e+01  1.32427656e+00  5.68638357e+00 
 1.18000000e+00  1.48000000e+00  1.18000000e+00  9.84640238e-04  1.27832055e+00  1.60459841e+00  1.01549357e+00  1.63422783e+00  3.12008495e+01  1.32427656e+00  5.68638357e+00 
 1.19000000e+00  1.48000000e+00  1.19000000e+00  1.01862904e-03  1.27832055e+00  1.60459841e+00  1.01549357e+00  1.63422783e+00  3.12008495e+01  1.32427656e+00  5.68638357e+00 
 1.20000000e+00  1.48000000e+00  1.20000000e+00  1.05297253e-03  1.27832055e+00  1.60459841e+00  1.01549357e+00  1.63422783e+00  3.12008495e+01  1.32427656e+00  5.68638357e+00 
 1.21000000e+00  1.48000000e+00  1.21000000e+00  1.08765881e-03  1.27832055e+00  1.60459841e+00  1.01549357e+00  1.63422783e+00  3.12008495e+01  1.32427656e+00  5.68638357e+00 
 1.22000000e+00  1.48000000e+00  1.22000000e+00  1.12267607e-03  1.27832055e+00  1.60459841e+00  1.01549357e+00  1.63422783e+00  3.12008495e+01  1.32427656e+00  5.68638357e+00 
 1.23000000e+00  1.48000000e+00  1.23000000e+00  1.15801263e-03  1.27832055e+00  1.60459841e+00  1.01549357e+00  1.63422783e+00  3.12008495e+01  1.32427656e+00  5.68638357e+00 
 1.24000000e+00  1.48000000e+00  1.24000000e+00  1.19365690e-03  1.27832055e+00  1.60459841e+00  1.01549357e+00  1.63422783e+00  3.12008495e+01  1.32427656e+00  5.68638357e+00 
 1.25000000e+00  1.48000000e+00  1.25000000e+00  1.22959743e-03  1.27832055e+00  1.60459841e+00  1.01549357e+00  1.63422783e+00  3.12008495e+01  1.32427656e+00  5.68638357e+00 
 1.26000000e+00  1.48000000e+00  1.26000000e+00  1.26582285e-03  1.27832055e+00  1.60459841e+00  1.01549357e+00  1.63422783e+00  3.12008495e+01  1.32427656e+00  5.68638357e+00 
 1.27000000e+00  1.48000000e+00  1.27000000e+00  1.30232195e-03  1.27832055e+00  1.60459841e+00  1.01549357e+00  1.63422783e+00  3.12008495e+01  1.32427656e+00  5.68638357e+00 
 1.28000000e+00  1.48000000e+00  1.28000000e+00  1.33908364e-03  1.27832055e+00  1.60459841e+00  1.01549357e+00  1.63422783e+00  3.12008495e+01  1.32427656e+00  5.68638357e+00 
 1.29000000e+00  1.48000000e+00  1.29000000e+00  1.37609695e-03  1.27832055e+00  1.60459841e+00  1.01549357e+00  1.63422783e+00  3.12008495e+01  1.32427656e+00  5.68638357e+00 
 1.30000000e+00  1.48000000e+00  1.30000000e+00  1.41335104e-03  1.27832055e+00  1.60459841e+00  1.01549357e+00  1.63422783e+00  3.12008495e+01  1.32427656e+00  5.68638357e+00 
 1.31000000e+00  1.48000000e+00  1.31000000e+00  1.45083524e-03  1.27832055e+00  1.60459841e+00  1.01549357e+00  1.63422783e+00  3.12008495e+01  1.32427656e+00  5.68638357e+00 
 1.32000000e+00  1.48000000e+00  1.32000000e+00  1.48853898e-03  1.27832055e+00  1.60459841e+00  1.01549357e+00  1.63422783e+00  3.12008495e+01  1.32427656e+00  5.68638357e+00 
 1.33000000e+00  1.48000000e+00  1.33000000e+00  1.52645184e-03  1.27832055e+00  1.60459841e+00  1.01549357e+00  1.63422783e+00  3.12008495e+01  1.32427656e+00  5.68638357e+00 
 1.34000000e+00  1.48000000e+00  1.34000000e+00  1.56456356e-03  1.27832055e+00  1.60459841e+00  1.01549357e+00  1.63422783e+00  3.12008495e+01  1.32427656e+00  5.68638357e+00 
 1.35000000e+00  1.48000000e+00  1.35000000e+00  1.60286401e-03  1.27832055e+00  1.60459841e+00  1.01549357e+00  1.63422783e+00  3.12008495e+01  1.32427656e+00  5.68638357e+00 
 1.36000000e+00  1.48000000e+00  1.36000000e+00  1.64134320e-03  1.27832055e+00  1.60459841e+00  1.01549357e+00  1.63422783e+00  3.12008495e+01  1.32427656e+00  5.68638357e+00 
 1.37000000e+00  1.48000000e+00  1.37000000e+00  1.67999130e-03  1.27832055e+00  1.60459841e+00  1.01549357e+00  1.63422783e+00  3.12008495e+01  1.32427656e+00  5.68638357e+00 
 1.38000000e+00  1.48000000e+00  1.38000000e+00  1.71879863e-03  1.27832055e+00  1.60459841e+00  1.01549357e+00  1.63422783e+00  3.12008495e+01  1.32427656e+00  5.68638357e+00 
 1.39000000e+00  1.48000000e+00  1.39000000e+00  1.75775563e-03  1.27832055e+00  1.60459841e+00  1.01549357e+00  1.63422783e+00  3.12008495e+01  1.32427656e+00  5.68638357e+00 
 1.40000000e+00  1.48000000e+00  1.40000000e+00  1.79685292e-03  1.27832055e+00  1.60459841e+00  1.01549357e+00  1.63422783e+00  3.12008495e+01  1.32427656e+00  5.68638357e+00 
 1.41000000e+00  1.48000000e+00  1.41000000e+00  1.83608125e-03  1.27832055e+00  1.60459841e+00  1.01549357e+00  1.63422783e+00  3.12008495e+01  1.32427656e+00  5.68638357e+00 
 1.42000000e+00  1.48000000e+00  1.42000000e+00  1.87543153e-03  1.27832055e+00  1.60459841e+00  1.01549357e+00  1.63422783e+00  3.12008495e+01  1.32427656e+00  5.68638357e+00 
 1.43000000e+00  1.48000000e+00  1.43000000e+00  1.91489481e-03  1.27832055e+00  1.60459841e+00  1.01549357e+00  1.63422783e+00  3.12008495e+01  1.32427656e+00  5.68638357e+00 
 1.44000000e+00  1.48000000e+00  1.44000000e+00  1.95446228e-03  1.27832055e+00  1.60459841e+00  1.01549357e+00  1.63422783e+00  3.12008495e+01  1.32427656e+00  5.68638357e+00 
 1.45000000e+00  1.48000000e+00  1.45000000e+00  1.99412529e-03  1.27832055e+00  1.60459841e+00  1.01549357e+00  1.63422783e+00  3.12008495e+01  1.32427656e+00  5.68638357e+00 
 1.46000000e+00  1.48000000e+00  1.46000000e+00  2.03387534e-03  1.27832055e+00  1.60459841e+00  1.01549357e+00  1.63422783e+00  3.12008495e+01  1.32427656e+00  5.68638357e+00 
 1.47000000e+00  1.48000000e+00  1.47000000e+00  2.07370407e-03  1.27832055e+00  1.60459841e+00  1.01549357e+00  1.63422783e+00  3.12008495e+01  1.32427656e+00  5.68638357e+00 
 1.48000000e+00  1.48000000e+00  1.48000000e+00  2.11360326e-03  1.27832055e+00  1.60459841e+00  1.01549357e+00  1.63422783e+00  3.12008495e+01  1.32427656e+00  5.68638357e+00 
 1.49000000e+00  1.48000000e+00  1.49000000e+00  2.15356484e-03  1.27832055e+00  1.60459841e+00  1.01549357e+00  1.63422783e+00  3.12008495e+01  1.32427656e+00  5.68638357e+00 
 1.50000000e+00  1.48000000e+00  1.50000000e+00  2.19358087e-03  1.27832055e+00  1.60459841e+00  1.01549357e+00  1.63422783e+00  3.12008495e+01  1.32427656e+00  5.68638357e+00 
 1.51000000e+00  1.48000000e+00  1.51000000e+00  2.23364357e-03  1.27832055e+00  1.60459841e+00  1.01549357e+00  1.63422783e+00  3.12008495e+01  1.32427656e+00  5.68638357e+00 
 1.52000000e+00  1.48000000e+00  1.52000000e+00  2.27374529e-03  1.27832055e+00  1.60459841e+00  1.01549357e+00  1.63422783e+00  3.12008495e+01  1.32427656e+00  5.68638357e+00 
 1.53000000e+00  1.48000000e+00  1.53000000e+00  2.31387852e-03  1.27832055e+00  1.60459841e+00  1.01549357e+00  1.63422783e+00  3.12008495e+01  1.32427656e+00  5.68638357e+00 
 1.54000000e+00  1.48000000e+00  1.54000000e+00  2.35403589e-03  1.27832055e+00  1.60459841e+00  1.01549357e+00  1.63422783e+00  3.12008495e+01  1.32427656e+00  5.68638357e+00 
 1.55000000e+00  1.48000000e+00  1.55000000e+00  2.39421016e-03  1.27832055e+00  1.60459841e+00  1.01549357e+00  1.63422783e+00  3.12008495e+01  1.32427656e+00  5.68638357e+00 
 1.56000000e+00  1.48000000e+00  1.56000000e+00  2.43439423e-03  1.27832055e+00  1.60459841e+00  1.01549357e+00  1.63422783e+00  3.12008495e+01  1.32427656e+00  5.68638357e+00 
 1.57000000e+00  1.48000000e+00  1.57000000e+00  2.47458111e-03  1.27832055e+00  1.60459841e+00  1.01549357e+00  1.63422783e+00  3.12008495e+01  1.32427656e+00  5.68638357e+00 
 1.58000000e+00  1.48000000e+00  1.58000000e+00  2.51476398e-03  1.27832055e+00  1.60459841e+00  1.01549357e+00  1.63422783e+00  3.12008495e+01  1.32427656e+00  5.68638357e+00 
 1.59000000e+00  1.48000000e+00  1.59000000e+00  2.55493611e-03  1.27832055e+00  1.60459841e+00  1.01549357e+00  1.63422783e+00  3.12008495e+01  1.32427656e+00  5.68638357e+00 
 1.60000000e+00  1.48000000e+00  1.60000000e+00  2.59509093e-03  1.27832055e+00  1.60459841e+00  1.01549357e+00  1.63422783e+00  3.12008495e+01  1.32427656e+00  5.68638357e+00 
 1.61000000e+00  1.48000000e+00  1.61000000e+00  2.63522195e-03  1.27832055e+00  1.60459841e+00  1.01549357e+00  1.63422783e+00  3.12008495e+01  1.32427656e+00  5.68638357e+00 
 1.62000000e+00  1.48000000e+00  1.62000000e+00  2.67532284e-03  1.27832055e+00  1.60459841e+00  1.01549357e+00  1.63422783e+00  3.12008495e+01  1.32427656e+00  5.68638357e+00 
 1.63000000e+00  1.48000000e+00  1.63000000e+00  2.71538739e-03  1.27832055e+00  1.60459841e+00  1.01549357e+00  1.63422783e+00  3.12008495e+01  1.32427656e+00  5.68638357e+00 
 1.64000000e+00  1.48000000e+00  1.64000000e+00  2.75540948e-03  1.27832055e+00  1.60459841e+00  1.01549357e+00  1.63422783e+00  3.12008495e+01  1.32427656e+00  5.68638357e+00 
 1.65000000e+00  1.48000000e+00  1.65000000e+00  2.79538313e-03  1.27832055e+00  1.60459841e+00  1.01549357e+00  1.63422783e+00  3.12008495e+01  1.32427656e+00  5.68638357e+00 
 1.66000000e+00  1.48000000e+00  1.66000000e+00  2.83530246e-03  1.27832055e+00  1.60459841e+00  1.01549357e+00  1.63422783e+00  3.12008495e+01  1.32427656e+00  5.68638357e+00 
 1.67000000e+00  1.48000000e+00  1.67000000e+00  2.87516172e-03  1.27832055e+00  1.60459841e+00  1.01549357e+00  1.63422783e+00  3.12008495e+01  1.32427656e+00  5.68638357e+00 
 1.68000000e+00  1.48000000e+00  1.68000000e+00  2.91495524e-03  1.27832055e+00  1.60459841e+00  1.01549357e+00  1.63422783e+00  3.12008495e+01  1.32427656e+00  5.68638357e+00 
 1.69000000e+00  1.48000000e+00  1.69000000e+00  2.95467749e-03  1.27832055e+00  1.60459841e+00  1.01549357e+00  1.63422783e+00  3.12008495e+01  1.32427656e+00  5.68638357e+00 
 1.70000000e+00  1.48000000e+00  1.70000000e+00  2.99432301e-03  1.27832055e+00  1.60459841e+00  1.01549357e+00  1.63422783e+00  3.12008495e+01  1.32427656e+00  5.68638357e+00 
 1.71000000e+00  1.48000000e+00  1.71000000e+00  3.03388649e-03  1.27832055e+00  1.60459841e+00  1.01549357e+00  1.63422783e+00  3.12008495e+01  1.32427656e+00  5.68638357e+00 
 1.72000000e+00  1.48000000e+00  1.72000000e+00  3.07336267e-03  1.27832055e+00  1.60459841e+00  1.01549357e+00  1.63422783e+00  3.12008495e+01  1.32427656e+00  5.68638357e+00 
 1.73000000e+00  1.48000000e+00  1.73000000e+00  3.11274642e-03  1.27832055e+00  1.60459841e+00  1.01549357e+00  1.63422783e+00  3.12008495e+01  1.32427656e+00  5.68638357e+00 
 1.74000000e+00  1.48000000e+00  1.74000000e+00  3.15203270e-03  1.27832055e+00  1.60459841e+00  1.01549357e+00  1.63422783e+00  3.12008495e+01  1.32427656e+00  5.68638357e+00 
 1.75000000e+00  1.48000000e+00  1.75000000e+00  3.19121656e-03  1.27832055e+00  1.60459841e+00  1.01549357e+00  1.63422783e+00  3.12008495e+01  1.32427656e+00  5.68638357e+00 
 1.76000000e+00  1.48000000e+00  1.76000000e+00  3.23029314e-03  1.27832055e+00  1.60459841e+00  1.01549357e+00  1.63422783e+00  3.12008495e+01  1.32427656e+00  5.68638357e+00 
 1.77000000e+00  1.48000000e+00  1.77000000e+00  3.26925769e-03  1.27832055e+00  1.60459841e+00  1.01549357e+00  1.63422783e+00  3.12008495e+01  1.32427656e+00  5.68638357e+00 
 1.78000000e+00  1.48000000e+00  1.78000000e+00  3.30810551e-03  1.27832055e+00  1.60459841e+00  1.01549357e+00  1.63422783e+00  3.12008495e+01  1.32427656e+00  5.68638357e+00 
 1.79000000e+00  1.48000000e+00  1.79000000e+00  3.34683203e-03  1.27832055e+00  1.60459841e+00  1.01549357e+00  1.63422783e+00  3.12008495e+01  1.32427656e+00  5.68638357e+00 
 1.80000000e+00  1.48000000e+00  1.80000000e+00  3.38543273e-03  1.27832055e+00  1.60459841e+00  1.01549357e+00  1.63422783e+00  3.12008495e+01  1.32427656e+00  5.68638357e+00 
 1.81000000e+00  1.48000000e+00  1.81000000e+00  3.42390319e-03  1.27832055e+00  1.60459841e+00  1.01549357e+00  1.63422783e+00  3.12008495e+01  1.32427656e+00  5.68638357e+00 
 1.82000000e+00  1.48000000e+00  1.82000000e+00  3.46223905e-03  1.27832055e+00  1.60459841e+00  1.01549357e+00  1.63422783e+00  3.12008495e+01  1.32427656e+00  5.68638357e+00 
 1.83000000e+00  1.48000000e+00  1.83000000e+00  3.50043606e-03  1.27832055e+00  1.60459841e+00  1.01549357e+00  1.63422783e+00  3.12008495e+01  1.32427656e+00  5.68638357e+00 
 1.84000000e+00  1.48000000e+00  1.84000000e+00  3.53849001e-03  1.27832055e+00  1.60459841e+00  1.01549357e+00  1.63422783e+00  3.12008495e+01  1.32427656e+00  5.68638357e+00 
 1.85000000e+00  1.48000000e+00  1.85000000e+00  3.57639679e-03  1.27832055e+00  1.60459841e+00  1.01549357e+00  1.63422783e+00  3.12008495e+01  1.32427656e+00  5.68638357e+00 
