 0.00000000e+00  0.00000000e+00  1.48000000e+00 -6.00214069e-20  1.22329236e+00  1.73777259e+00  9.22314351e-01  1.77175634e+00  3.17385732e+01  1.28662691e+00  5.64612189e+00 
 1.00000000e-02  1.00000000e-02  1.48000000e+00  4.60530041e-05  1.22329236e+00  1.73777259e+00  9.22314351e-01  1.77175634e+00  3.17385732e+01  1.28662691e+00  5.64612189e+00 
 2.00000000e-02  2.00000000e-02  1.48000000e+00  9.16222914e-05  1.22329236e+00  1.73777259e+00  9.22314351e-01  1.77175634e+00  3.17385732e+01  1.28662691e+00  5.64612189e+00 
 3.00000000e-02  3.00000000e-02  1.48000000e+00  1.36706134e-04  1.22329236e+00  1.73777259e+00  9.22314351e-01  1.77175634e+00  3.17385732e+01  1.28662691e+00  5.64612189e+00 
 4.00000000e-02  4.00000000e-02  1.48000000e+00  1.81302793e-04  1.22329236e+00  1.73777259e+00  9.22314351e-01  1.77175634e+00  3.17385732e+01  1.28662691e+00  5.64612189e+00 
 5.00000000e-02  5.00000000e-02  1.48000000e+00  2.25410526e-04  1.22329236e+00  1.73777259e+00  9.22314351e-01  1.77175634e+00  3.17385732e+01  1.28662691e+00  5.64612189e+00 
 6.00000000e-02  6.00000000e-02  1.48000000e+00  2.69027576e-04  1.22329236e+00  1.73777259e+00  9.22314351e-01  1.77175634e+00  3.17385732e+01  1.28662691e+00  5.64612189e+00 
 7.00000000e-02  7.00000000e-02  1.48000000e+00  3.12152184e-04  1.22329236e+00  1.73777259e+00  9.22314351e-01  1.77175634e+00  3.17385732e+01  1.28662691e+00  5.64612189e+00 
 8.00000000e-02  8.00000000e-02  1.48000000e+00  3.54782582e-04  1.22329236e+00  1.73777259e+00  9.22314351e-01  1.77175634e+00  3.17385732e+01  1.28662691e+00  5.64612189e+00 
 9.00000000e-02  9.00000000e-02  1.48000000e+00  3.96916994e-04  1.22329236e+00  1.73777259e+00  9.22314351e-01  1.77175634e+00  3.17385732e+01  1.28662691e+00  5.64612189e+00 
 1.00000000e-01  1.00000000e-01  1.48000000e+00  4.38553643e-04  1.22329236e+00  1.73777259e+00  9.22314351e-01  1.77175634e+00  3.17385732e+01  1.28662691e+00  5.64612189e+00 
 1.10000000e-01  1.10000000e-01  1.48000000e+00  4.79690744e-04  1.22329236e+00  1.73777259e+00  9.22314351e-01  1.77175634e+00  3.17385732e+01  1.28662691e+00  5.64612189e+00 
 1.20000000e-01  1.20000000e-01  1.48000000e+00  5.20326511e-04  1.22329236e+00  1.73777259e+00  9.22314351e-01  1.77175634e+00  3.17385732e+01  1.28662691e+00  5.64612189e+00 
 1.30000000e-01  1.30000000e-01  1.48000000e+00  5.60459157e-04  1.22329236e+00  1.73777259e+00  9.22314351e-01  1.77175634e+00  3.17385732e+01  1.28662691e+00  5.64612189e+00 
 1.40000000e-01  1.40000000e-01  1.48000000e+00  6.00086895e-04  1.22329236e+00  1.73777259e+00  9.22314351e-01  1.77175634e+00  3.17385732e+01  1.28662691e+00  5.64612189e+00 
 1.50000000e-01  1.50000000e-01  1.48000000e+00  6.39207941e-04  1.22329236e+00  1.73777259e+00  9.22314351e-01  1.77175634e+00  3.17385732e+01  1.28662691e+00  5.64612189e+00 
 1.60000000e-01  1.60000000e-01  1.48000000e+00  6.77820515e-04  1.22329236e+00  1.73777259e+00  9.22314351e-01  1.77175634e+00  3.17385732e+01  1.28662691e+00  5.64612189e+00 
 1.70000000e-01  1.70000000e-01  1.48000000e+00  7.15922845e-04  1.22329236e+00  1.73777259e+00  9.22314351e-01  1.77175634e+00  3.17385732e+01  1.28662691e+00  5.64612189e+00 
 1.80000000e-01  1.80000000e-01  1.48000000e+00  7.53513171e-04  1.22329236e+00  1.73777259e+00  9.22314351e-01  1.77175634e+00  3.17385732e+01  1.28662691e+00  5.64612189e+00 
 1.90000000e-01  1.90000000e-01  1.48000000e+00  7.90589744e-04  1.22329236e+00  1.73777259e+00  9.22314351e-01  1.77175634e+00  3.17385732e+01  1.28662691e+00  5.64612189e+00 
 2.00000000e-01  2.00000000e-01  1.48000000e+00  8.27150836e-04  1.22329236e+00  1.73777259e+00  9.22314351e-01  1.77175634e+00  3.17385732e+01  1.28662691e+00  5.64612189e+00 
 2.10000000e-01  2.10000000e-01  1.48000000e+00  8.63194740e-04  1.22329236e+00  1.73777259e+00  9.22314351e-01  1.77175634e+00  3.17385732e+01  1.28662691e+00  5.64612189e+00 
 2.20000000e-01  2.20000000e-01  1.48000000e+00  8.98719777e-04  1.22329236e+00  1.73777259e+00  9.22314351e-01  1.77175634e+00  3.17385732e+01  1.28662691e+00  5.64612189e+00 
 2.30000000e-01  2.30000000e-01  1.48000000e+00  9.33724302e-04  1.22329236e+00  1.73777259e+00  9.22314351e-01  1.77175634e+00  3.17385732e+01  1.28662691e+00  5.64612189e+00 
 2.40000000e-01  2.40000000e-01  1.48000000e+00  9.68206708e-04  1.22329236e+00  1.73777259e+00  9.22314351e-01  1.77175634e+00  3.17385732e+01  1.28662691e+00  5.64612189e+00 
 2.50000000e-01  2.50000000e-01  1.48000000e+00  1.00216544e-03  1.22329236e+00  1.73777259e+00  9.22314351e-01  1.77175634e+00  3.17385732e+01  1.28662691e+00  5.64612189e+00 
 2.60000000e-01  2.60000000e-01  1.48000000e+00  1.03559898e-03  1.22329236e+00  1.73777259e+00  9.22314351e-01  1.77175634e+00  3.17385732e+01  1.28662691e+00  5.64612189e+00 
 2.70000000e-01  2.70000000e-01  1.48000000e+00  1.06850590e-03  1.22329236e+00  1.73777259e+00  9.22314351e-01  1.77175634e+00  3.17385732e+01  1.28662691e+00  5.64612189e+00 
 2.80000000e-01  2.80000000e-01  1.48000000e+00  1.10088482e-03  1.22329236e+00  1.73777259e+00  9.22314351e-01  1.77175634e+00  3.17385732e+01  1.28662691e+00  5.64612189e+00 
 2.90000000e-01  2.90000000e-01  1.48000000e+00  1.13273446e-03  1.22329236e+00  1.73777259e+00  9.22314351e-01  1.77175634e+00  3.17385732e+01  1.28662691e+00  5.64612189e+00 
 3.00000000e-01  3.00000000e-01  1.48000000e+00  1.16405362e-03  1.22329236e+00  1.73777259e+00  9.22314351e-01  1.77175634e+00  3.17385732e+01  1.28662691e+00  5.64612189e+00 
 3.10000000e-01  3.10000000e-01  1.48000000e+00  1.19484123e-03  1.22329236e+00  1.73777259e+00  9.22314351e-01  1.77175634e+00  3.17385732e+01  1.28662691e+00  5.64612189e+00 
 3.20000000e-01  3.20000000e-01  1.48000000e+00  1.22509632e-03  1.22329236e+00  1.73777259e+00  9.22314351e-01  1.77175634e+00  3.17385732e+01  1.28662691e+00  5.64612189e+00 
 3.30000000e-01  3.30000000e-01  1.48000000e+00  1.25481805e-03  1.22329236e+00  1.73777259e+00  9.22314351e-01  1.77175634e+00  3.17385732e+01  1.28662691e+00  5.64612189e+00 
 3.40000000e-01  3.40000000e-01  1.48000000e+00  1.28400576e-03  1.22329236e+00  1.73777259e+00  9.22314351e-01  1.77175634e+00  3.17385732e+01  1.28662691e+00  5.64612189e+00 
 3.50000000e-01  3.50000000e-01  1.48000000e+00  1.31265893e-03  1.22329236e+00  1.73777259e+00  9.22314351e-01  1.77175634e+00  3.17385732e+01  1.28662691e+00  5.64612189e+00 
 3.60000000e-01  3.60000000e-01  1.48000000e+00  1.34077724e-03  1.22329236e+00  1.73777259e+00  9.22314351e-01  1.77175634e+00  3.17385732e+01  1.28662691e+00  5.64612189e+00 
 3.70000000e-01  3.70000000e-01  1.48000000e+00  1.36836059e-03  1.22329236e+00  1.73777259e+00  9.22314351e-01  1.77175634e+00  3.17385732e+01  1.28662691e+00  5.64612189e+00 
 3.80000000e-01  3.80000000e-01  1.48000000e+00  1.39540907e-03  1.22329236e+00  1.73777259e+00  9.22314351e-01  1.77175634e+00  3.17385732e+01  1.28662691e+00  5.64612189e+00 
 3.90000000e-01  3.90000000e-01  1.48000000e+00  1.42192304e-03  1.22329236e+00  1.73777259e+00  9.22314351e-01  1.77175634e+00  3.17385732e+01  1.28662691e+00  5.64612189e+00 
 4.00000000e-01  4.00000000e-01  1.48000000e+00  1.44790314e-03  1.22329236e+00  1.73777259e+00  9.22314351e-01  1.77175634e+00  3.17385732e+01  1.28662691e+00  5.64612189e+00 
 4.10000000e-01  4.10000000e-01  1.48000000e+00  1.47335027e-03  1.22329236e+00  1.73777259e+00  9.22314351e-01  1.77175634e+00  3.17385732e+01  1.28662691e+00  5.64612189e+00 
 4.20000000e-01  4.20000000e-01  1.48000000e+00  1.49826567e-03  1.22329236e+00  1.73777259e+00  9.22314351e-01  1.77175634e+00  3.17385732e+01  1.28662691e+00  5.64612189e+00 
 4.30000000e-01  4.30000000e-01  1.48000000e+00  1.52265089e-03  1.22329236e+00  1.73777259e+00  9.22314351e-01  1.77175634e+00  3.17385732e+01  1.28662691e+00  5.64612189e+00 
 4.40000000e-01  4.40000000e-01  1.48000000e+00  1.54650787e-03  1.22329236e+00  1.73777259e+00  9.22314351e-01  1.77175634e+00  3.17385732e+01  1.28662691e+00  5.64612189e+00 
 4.50000000e-01  4.50000000e-01  1.48000000e+00  1.56983889e-03  1.22329236e+00  1.73777259e+00  9.22314351e-01  1.77175634e+00  3.17385732e+01  1.28662691e+00  5.64612189e+00 
 4.60000000e-01  4.60000000e-01  1.48000000e+00  1.59264666e-03  1.22329236e+00  1.73777259e+00  9.22314351e-01  1.77175634e+00  3.17385732e+01  1.28662691e+00  5.64612189e+00 
 4.70000000e-01  4.70000000e-01  1.48000000e+00  1.61493430e-03  1.22329236e+00  1.73777259e+00  9.22314351e-01  1.77175634e+00  3.17385732e+01  1.28662691e+00  5.64612189e+00 
 4.80000000e-01  4.80000000e-01  1.48000000e+00  1.63670537e-03  1.22329236e+00  1.73777259e+00  9.22314351e-01  1.77175634e+00  3.17385732e+01  1.28662691e+00  5.64612189e+00 
 4.90000000e-01  4.90000000e-01  1.48000000e+00  1.65796386e-03  1.22329236e+00  1.73777259e+00  9.22314351e-01  1.77175634e+00  3.17385732e+01  1.28662691e+00  5.64612189e+00 
 5.00000000e-01  5.00000000e-01  1.48000000e+00  1.67871425e-03  1.22329236e+00  1.73777259e+00  9.22314351e-01  1.77175634e+00  3.17385732e+01  1.28662691e+00  5.64612189e+00 
 5.10000000e-01  5.10000000e-01  1.48000000e+00  1.69896149e-03  1.22329236e+00  1.73777259e+00  9.22314351e-01  1.77175634e+00  3.17385732e+01  1.28662691e+00  5.64612189e+00 
 5.20000000e-01  5.20000000e-01  1.48000000e+00  1.71871099e-03  1.22329236e+00  1.73777259e+00  9.22314351e-01  1.77175634e+00  3.17385732e+01  1.28662691e+00  5.64612189e+00 
 5.30000000e-01  5.30000000e-01  1.48000000e+00  1.73796867e-03  1.22329236e+00  1.73777259e+00  9.22314351e-01  1.77175634e+00  3.17385732e+01  1.28662691e+00  5.64612189e+00 
 5.40000000e-01  5.40000000e-01  1.48000000e+00  1.75674090e-03  1.22329236e+00  1.73777259e+00  9.22314351e-01  1.77175634e+00  3.17385732e+01  1.28662691e+00  5.64612189e+00 
 5.50000000e-01  5.50000000e-01  1.48000000e+00  1.77503456e-03  1.22329236e+00  1.73777259e+00  9.22314351e-01  1.77175634e+00  3.17385732e+01  1.28662691e+00  5.64612189e+00 
 5.60000000e-01  5.60000000e-01  1.48000000e+00  1.79285696e-03  1.22329236e+00  1.73777259e+00  9.22314351e-01  1.77175634e+00  3.17385732e+01  1.28662691e+00  5.64612189e+00 
 5.70000000e-01  5.70000000e-01  1.48000000e+00  1.81021588e-03  1.22329236e+00  1.73777259e+00  9.22314351e-01  1.77175634e+00  3.17385732e+01  1.28662691e+00  5.64612189e+00 
 5.80000000e-01  5.80000000e-01  1.48000000e+00  1.82711953e-03  1.22329236e+00  1.73777259e+00  9.22314351e-01  1.77175634e+00  3.17385732e+01  1.28662691e+00  5.64612189e+00 
 5.90000000e-01  5.90000000e-01  1.48000000e+00  1.84357653e-03  1.22329236e+00  1.73777259e+00  9.22314351e-01  1.77175634e+00  3.17385732e+01  1.28662691e+00  5.64612189e+00 
 6.00000000e-01  6.00000000e-01  1.48000000e+00  1.85959585e-03  1.22329236e+00  1.73777259e+00  9.22314351e-01  1.77175634e+00  3.17385732e+01  1.28662691e+00  5.64612189e+00 
 6.10000000e-01  6.10000000e-01  1.48000000e+00  1.87518686e-03  1.22329236e+00  1.73777259e+00  9.22314351e-01  1.77175634e+00  3.17385732e+01  1.28662691e+00  5.64612189e+00 
 6.20000000e-01  6.20000000e-01  1.48000000e+00  1.89035920e-03  1.22329236e+00  1.73777259e+00  9.22314351e-01  1.77175634e+00  3.17385732e+01  1.28662691e+00  5.64612189e+00 
 6.30000000e-01  6.30000000e-01  1.48000000e+00  1.90512282e-03  1.22329236e+00  1.73777259e+00  9.22314351e-01  1.77175634e+00  3.17385732e+01  1.28662691e+00  5.64612189e+00 
 6.40000000e-01  6.40000000e-01  1.48000000e+00  1.91948791e-03  1.22329236e+00  1.73777259e+00  9.22314351e-01  1.77175634e+00  3.17385732e+01  1.28662691e+00  5.64612189e+00 
 6.50000000e-01  6.50000000e-01  1.48000000e+00  1.93346485e-03  1.22329236e+00  1.73777259e+00  9.22314351e-01  1.77175634e+00  3.17385732e+01  1.28662691e+00  5.64612189e+00 
 6.60000000e-01  6.60000000e-01  1.48000000e+00  1.94706418e-03  1.22329236e+00  1.73777259e+00  9.22314351e-01  1.77175634e+00  3.17385732e+01  1.28662691e+00  5.64612189e+00 
 6.70000000e-01  6.70000000e-01  1.48000000e+00  1.96029657e-03  1.22329236e+00  1.73777259e+00  9.22314351e-01  1.77175634e+00  3.17385732e+01  1.28662691e+00  5.64612189e+00 
 6.80000000e-01  6.80000000e-01  1.48000000e+00  1.97317278e-03  1.22329236e+00  1.73777259e+00  9.22314351e-01  1.77175634e+00  3.17385732e+01  1.28662691e+00  5.64612189e+00 
 6.90000000e-01  6.90000000e-01  1.48000000e+00  1.98570357e-03  1.22329236e+00  1.73777259e+00  9.22314351e-01  1.77175634e+00  3.17385732e+01  1.28662691e+00  5.64612189e+00 
 7.00000000e-01  7.00000000e-01  1.48000000e+00  1.99789975e-03  1.22329236e+00  1.73777259e+00  9.22314351e-01  1.77175634e+00  3.17385732e+01  1.28662691e+00  5.64612189e+00 
 7.10000000e-01  7.10000000e-01  1.48000000e+00  2.00977207e-03  1.22329236e+00  1.73777259e+00  9.22314351e-01  1.77175634e+00  3.17385732e+01  1.28662691e+00  5.64612189e+00 
 7.20000000e-01  7.20000000e-01  1.48000000e+00  2.02133120e-03  1.22329236e+00  1.73777259e+00  9.22314351e-01  1.77175634e+00  3.17385732e+01  1.28662691e+00  5.64612189e+00 
 7.30000000e-01  7.30000000e-01  1.48000000e+00  2.03258773e-03  1.22329236e+00  1.73777259e+00  9.22314351e-01  1.77175634e+00  3.17385732e+01  1.28662691e+00  5.64612189e+00 
 7.40000000e-01  7.40000000e-01  1.48000000e+00  2.04355209e-03  1.22329236e+00  1.73777259e+00  9.22314351e-01  1.77175634e+00  3.17385732e+01  1.28662691e+00  5.64612189e+00 
 7.50000000e-01  7.50000000e-01  1.48000000e+00  2.05423459e-03  1.22329236e+00  1.73777259e+00  9.22314351e-01  1.77175634e+00  3.17385732e+01  1.28662691e+00  5.64612189e+00 
 7.60000000e-01  7.60000000e-01  1.48000000e+00  2.06464533e-03  1.22329236e+00  1.73777259e+00  9.22314351e-01  1.77175634e+00  3.17385732e+01  1.28662691e+00  5.64612189e+00 
 7.70000000e-01  7.70000000e-01  1.48000000e+00  2.07479419e-03  1.22329236e+00  1.73777259e+00  9.22314351e-01  1.77175634e+00  3.17385732e+01  1.28662691e+00  5.64612189e+00 
 7.80000000e-01  7.80000000e-01  1.48000000e+00  2.08469087e-03  1.22329236e+00  1.73777259e+00  9.22314351e-01  1.77175634e+00  3.17385732e+01  1.28662691e+00  5.64612189e+00 
 7.90000000e-01  7.90000000e-01  1.48000000e+00  2.09434480e-03  1.22329236e+00  1.73777259e+00  9.22314351e-01  1.77175634e+00  3.17385732e+01  1.28662691e+00  5.64612189e+00 
 8.00000000e-01  8.00000000e-01  1.48000000e+00  2.10376517e-03  1.22329236e+00  1.73777259e+00  9.22314351e-01  1.77175634e+00  3.17385732e+01  1.28662691e+00  5.64612189e+00 
 8.10000000e-01  8.10000000e-01  1.48000000e+00  2.11296090e-03  1.22329236e+00  1.73777259e+00  9.22314351e-01  1.77175634e+00  3.17385732e+01  1.28662691e+00  5.64612189e+00 
 8.20000000e-01  8.20000000e-01  1.48000000e+00  2.12194067e-03  1.22329236e+00  1.73777259e+00  9.22314351e-01  1.77175634e+00  3.17385732e+01  1.28662691e+00  5.64612189e+00 
 8.30000000e-01  8.30000000e-01  1.48000000e+00  2.13071284e-03  1.22329236e+00  1.73777259e+00  9.22314351e-01  1.77175634e+00  3.17385732e+01  1.28662691e+00  5.64612189e+00 
 8.40000000e-01  8.40000000e-01  1.48000000e+00  2.13928554e-03  1.22329236e+00  1.73777259e+00  9.22314351e-01  1.77175634e+00  3.17385732e+01  1.28662691e+00  5.64612189e+00 
 8.50000000e-01  8.50000000e-01  1.48000000e+00  2.14766659e-03  1.22329236e+00  1.73777259e+00  9.22314351e-01  1.77175634e+00  3.17385732e+01  1.28662691e+00  5.64612189e+00 
 8.60000000e-01  8.60000000e-01  1.48000000e+00  2.15586354e-03  1.22329236e+00  1.73777259e+00  9.22314351e-01  1.77175634e+00  3.17385732e+01  1.28662691e+00  5.64612189e+00 
 8.70000000e-01  8.70000000e-01  1.48000000e+00  2.16388367e-03  1.22329236e+00  1.73777259e+00  9.22314351e-01  1.77175634e+00  3.17385732e+01  1.28662691e+00  5.64612189e+00 
 8.80000000e-01  8.80000000e-01  1.48000000e+00  2.17173397e-03  1.22329236e+00  1.73777259e+00  9.22314351e-01  1.77175634e+00  3.17385732e+01  1.28662691e+00  5.64612189e+00 
 8.90000000e-01  8.90000000e-01  1.48000000e+00  2.17942119e-03  1.22329236e+00  1.73777259e+00  9.22314351e-01  1.77175634e+00  3.17385732e+01  1.28662691e+00  5.64612189e+00 
 9.00000000e-01  9.00000000e-01  1.48000000e+00  2.18695177e-03  1.22329236e+00  1.73777259e+00  9.22314351e-01  1.77175634e+00  3.17385732e+01  1.28662691e+00  5.64612189e+00 
 9.10000000e-01  9.10000000e-01  1.48000000e+00  2.19433193e-03  1.22329236e+00  1.73777259e+00  9.22314351e-01  1.77175634e+00  3.17385732e+01  1.28662691e+00  5.64612189e+00 
 9.20000000e-01  9.20000000e-01  1.48000000e+00  2.20156762e-03  1.22329236e+00  1.73777259e+00  9.22314351e-01  1.77175634e+00  3.17385732e+01  1.28662691e+00  5.64612189e+00 
 9.30000000e-01  9.30000000e-01  1.48000000e+00  2.20866455e-03  1.22329236e+00  1.73777259e+00  9.22314351e-01  1.77175634e+00  3.17385732e+01  1.28662691e+00  5.64612189e+00 
 9.40000000e-01  9.40000000e-01  1.48000000e+00  2.21562817e-03  1.22329236e+00  1.73777259e+00  9.22314351e-01  1.77175634e+00  3.17385732e+01  1.28662691e+00  5.64612189e+00 
 9.50000000e-01  9.50000000e-01  1.48000000e+00  2.22246374e-03  1.22329236e+00  1.73777259e+00  9.22314351e-01  1.77175634e+00  3.17385732e+01  1.28662691e+00  5.64612189e+00 
 9.60000000e-01  9.60000000e-01  1.48000000e+00  2.22917625e-03  1.22329236e+00  1.73777259e+00  9.22314351e-01  1.77175634e+00  3.17385732e+01  1.28662691e+00  5.64612189e+00 
 9.70000000e-01  9.70000000e-01  1.48000000e+00  2.23577051e-03  1.22329236e+00  1.73777259e+00  9.22314351e-01  1.77175634e+00  3.17385732e+01  1.28662691e+00  5.64612189e+00 
 9.80000000e-01  9.80000000e-01  1.48000000e+00  2.24225111e-03  1.22329236e+00  1.73777259e+00  9.22314351e-01  1.77175634e+00  3.17385732e+01  1.28662691e+00  5.64612189e+00 
 9.90000000e-01  9.90000000e-01  1.48000000e+00  2.24862243e-03  1.22329236e+00  1.73777259e+00  9.22314351e-01  1.77175634e+00  3.17385732e+01  1.28662691e+00  5.64612189e+00 
 1.00000000e+00  1.00000000e+00  1.48000000e+00  2.25488867e-03  1.22329236e+00  1.73777259e+00  9.22314351e-01  1.77175634e+00  3.17385732e+01  1.28662691e+00  5.64612189e+00 
 1.01000000e+00  1.01000000e+00  1.48000000e+00  2.26105384e-03  1.22329236e+00  1.73777259e+00  9.22314351e-01  1.77175634e+00  3.17385732e+01  1.28662691e+00  5.64612189e+00 
 1.02000000e+00  1.02000000e+00  1.48000000e+00  2.26712178e-03  1.22329236e+00  1.73777259e+00  9.22314351e-01  1.77175634e+00  3.17385732e+01  1.28662691e+00  5.64612189e+00 
 1.03000000e+00  1.03000000e+00  1.48000000e+00  2.27309615e-03  1.22329236e+00  1.73777259e+00  9.22314351e-01  1.77175634e+00  3.17385732e+01  1.28662691e+00  5.64612189e+00 
 1.04000000e+00  1.04000000e+00  1.48000000e+00  2.27898048e-03  1.22329236e+00  1.73777259e+00  9.22314351e-01  1.77175634e+00  3.17385732e+01  1.28662691e+00  5.64612189e+00 
 1.05000000e+00  1.05000000e+00  1.48000000e+00  2.28477809e-03  1.22329236e+00  1.73777259e+00  9.22314351e-01  1.77175634e+00  3.17385732e+01  1.28662691e+00  5.64612189e+00 
 1.06000000e+00  1.06000000e+00  1.48000000e+00  2.29049220e-03  1.22329236e+00  1.73777259e+00  9.22314351e-01  1.77175634e+00  3.17385732e+01  1.28662691e+00  5.64612189e+00 
 1.07000000e+00  1.07000000e+00  1.48000000e+00  2.29612588e-03  1.22329236e+00  1.73777259e+00  9.22314351e-01  1.77175634e+00  3.17385732e+01  1.28662691e+00  5.64612189e+00 
 1.08000000e+00  1.08000000e+00  1.48000000e+00  2.30168205e-03  1.22329236e+00  1.73777259e+00  9.22314351e-01  1.77175634e+00  3.17385732e+01  1.28662691e+00  5.64612189e+00 
 1.09000000e+00  1.09000000e+00  1.48000000e+00  2.30716350e-03  1.22329236e+00  1.73777259e+00  9.22314351e-01  1.77175634e+00  3.17385732e+01  1.28662691e+00  5.64612189e+00 
 1.10000000e+00  1.10000000e+00  1.48000000e+00  2.31257293e-03  1.22329236e+00  1.73777259e+00  9.22314351e-01  1.77175634e+00  3.17385732e+01  1.28662691e+00  5.64612189e+00 
 1.11000000e+00  1.11000000e+00  1.48000000e+00  2.31791289e-03  1.22329236e+00  1.73777259e+00  9.22314351e-01  1.77175634e+00  3.17385732e+01  1.28662691e+00  5.64612189e+00 
 1.12000000e+00  1.12000000e+00  1.48000000e+00  2.32318583e-03  1.22329236e+00  1.73777259e+00  9.22314351e-01  1.77175634e+00  3.17385732e+01  1.28662691e+00  5.64612189e+00 
 1.13000000e+00  1.13000000e+00  1.48000000e+00  2.32839409e-03  1.22329236e+00  1.73777259e+00  9.22314351e-01  1.77175634e+00  3.17385732e+01  1.28662691e+00  5.64612189e+00 
 1.14000000e+00  1.14000000e+00  1.48000000e+00  2.33353993e-03  1.22329236e+00  1.73777259e+00  9.22314351e-01  1.77175634e+00  3.17385732e+01  1.28662691e+00  5.64612189e+00 
 1.15000000e+00  1.15000000e+00  1.48000000e+00  2.33862548e-03  1.22329236e+00  1.73777259e+00  9.22314351e-01  1.77175634e+00  3.17385732e+01  1.28662691e+00  5.64612189e+00 
 1.16000000e+00  1.16000000e+00  1.48000000e+00  2.34365281e-03  1.22329236e+00  1.73777259e+00  9.22314351e-01  1.77175634e+00  3.17385732e+01  1.28662691e+00  5.64612189e+00 
 1.17000000e+00  1.17000000e+00  1.48000000e+00  2.34862387e-03  1.22329236e+00  1.73777259e+00  9.22314351e-01  1.77175634e+00  3.17385732e+01  1.28662691e+00  5.64612189e+00 
 1.18000000e+00  1.18000000e+00  1.48000000e+00  2.35354057e-03  1.22329236e+00  1.73777259e+00  9.22314351e-01  1.77175634e+00  3.17385732e+01  1.28662691e+00  5.64612189e+00 
 1.19000000e+00  1.19000000e+00  1.48000000e+00  2.35840470e-03  1.22329236e+00  1.73777259e+00  9.22314351e-01  1.77175634e+00  3.17385732e+01  1.28662691e+00  5.64612189e+00 
 1.20000000e+00  1.20000000e+00  1.48000000e+00  2.36321800e-03  1.22329236e+00  1.73777259e+00  9.22314351e-01  1.77175634e+00  3.17385732e+01  1.28662691e+00  5.64612189e+00 
 1.21000000e+00  1.21000000e+00  1.48000000e+00  2.36798213e-03  1.22329236e+00  1.73777259e+00  9.22314351e-01  1.77175634e+00  3.17385732e+01  1.28662691e+00  5.64612189e+00 
 1.22000000e+00  1.22000000e+00  1.48000000e+00  2.37269867e-03  1.22329236e+00  1.73777259e+00  9.22314351e-01  1.77175634e+00  3.17385732e+01  1.28662691e+00  5.64612189e+00 
 1.23000000e+00  1.23000000e+00  1.48000000e+00  2.37736916e-03  1.22329236e+00  1.73777259e+00  9.22314351e-01  1.77175634e+00  3.17385732e+01  1.28662691e+00  5.64612189e+00 
 1.24000000e+00  1.24000000e+00  1.48000000e+00  2.38199505e-03  1.22329236e+00  1.73777259e+00  9.22314351e-01  1.77175634e+00  3.17385732e+01  1.28662691e+00  5.64612189e+00 
 1.25000000e+00  1.25000000e+00  1.48000000e+00  2.38657776e-03  1.22329236e+00  1.73777259e+00  9.22314351e-01  1.77175634e+00  3.17385732e+01  1.28662691e+00  5.64612189e+00 
 1.26000000e+00  1.26000000e+00  1.48000000e+00  2.39111863e-03  1.22329236e+00  1.73777259e+00  9.22314351e-01  1.77175634e+00  3.17385732e+01  1.28662691e+00  5.64612189e+00 
 1.27000000e+00  1.27000000e+00  1.48000000e+00  2.39561896e-03  1.22329236e+00  1.73777259e+00  9.22314351e-01  1.77175634e+00  3.17385732e+01  1.28662691e+00  5.64612189e+00 
 1.28000000e+00  1.28000000e+00  1.48000000e+00  2.40007998e-03  1.22329236e+00  1.73777259e+00  9.22314351e-01  1.77175634e+00  3.17385732e+01  1.28662691e+00  5.64612189e+00 
 1.29000000e+00  1.29000000e+00  1.48000000e+00  2.40450290e-03  1.22329236e+00  1.73777259e+00  9.22314351e-01  1.77175634e+00  3.17385732e+01  1.28662691e+00  5.64612189e+00 
 1.30000000e+00  1.30000000e+00  1.48000000e+00  2.40888886e-03  1.22329236e+00  1.73777259e+00  9.22314351e-01  1.77175634e+00  3.17385732e+01  1.28662691e+00  5.64612189e+00 
 1.31000000e+00  1.31000000e+00  1.48000000e+00  2.41323897e-03  1.22329236e+00  1.73777259e+00  9.22314351e-01  1.77175634e+00  3.17385732e+01  1.28662691e+00  5.64612189e+00 
 1.32000000e+00  1.32000000e+00  1.48000000e+00  2.41755429e-03  1.22329236e+00  1.73777259e+00  9.22314351e-01  1.77175634e+00  3.17385732e+01  1.28662691e+00  5.64612189e+00 
 1.33000000e+00  1.33000000e+00  1.48000000e+00  2.42183583e-03  1.22329236e+00  1.73777259e+00  9.22314351e-01  1.77175634e+00  3.17385732e+01  1.28662691e+00  5.64612189e+00 
 1.34000000e+00  1.34000000e+00  1.48000000e+00  2.42608458e-03  1.22329236e+00  1.73777259e+00  9.22314351e-01  1.77175634e+00  3.17385732e+01  1.28662691e+00  5.64612189e+00 
 1.35000000e+00  1.35000000e+00  1.48000000e+00  2.43030149e-03  1.22329236e+00  1.73777259e+00  9.22314351e-01  1.77175634e+00  3.17385732e+01  1.28662691e+00  5.64612189e+00 
 1.36000000e+00  1.36000000e+00  1.48000000e+00  2.43448746e-03  1.22329236e+00  1.73777259e+00  9.22314351e-01  1.77175634e+00  3.17385732e+01  1.28662691e+00  5.64612189e+00 
 1.37000000e+00  1.37000000e+00  1.48000000e+00  2.43864337e-03  1.22329236e+00  1.73777259e+00  9.22314351e-01  1.77175634e+00  3.17385732e+01  1.28662691e+00  5.64612189e+00 
 1.38000000e+00  1.38000000e+00  1.48000000e+00  2.44277007e-03  1.22329236e+00  1.73777259e+00  9.22314351e-01  1.77175634e+00  3.17385732e+01  1.28662691e+00  5.64612189e+00 
 1.39000000e+00  1.39000000e+00  1.48000000e+00  2.44686836e-03  1.22329236e+00  1.73777259e+00  9.22314351e-01  1.77175634e+00  3.17385732e+01  1.28662691e+00  5.64612189e+00 
 1.40000000e+00  1.40000000e+00  1.48000000e+00  2.45093903e-03  1.22329236e+00  1.73777259e+00  9.22314351e-01  1.77175634e+00  3.17385732e+01  1.28662691e+00  5.64612189e+00 
 1.41000000e+00  1.41000000e+00  1.48000000e+00  2.45498283e-03  1.22329236e+00  1.73777259e+00  9.22314351e-01  1.77175634e+00  3.17385732e+01  1.28662691e+00  5.64612189e+00 
 1.42000000e+00  1.42000000e+00  1.48000000e+00  2.45900050e-03  1.22329236e+00  1.73777259e+00  9.22314351e-01  1.77175634e+00  3.17385732e+01  1.28662691e+00  5.64612189e+00 
 1.43000000e+00  1.43000000e+00  1.48000000e+00  2.46299274e-03  1.22329236e+00  1.73777259e+00  9.22314351e-01  1.77175634e+00  3.17385732e+01  1.28662691e+00  5.64612189e+00 
 1.44000000e+00  1.44000000e+00  1.48000000e+00  2.46696022e-03  1.22329236e+00  1.73777259e+00  9.22314351e-01  1.77175634e+00  3.17385732e+01  1.28662691e+00  5.64612189e+00 
 1.45000000e+00  1.45000000e+00  1.48000000e+00  2.47090359e-03  1.22329236e+00  1.73777259e+00  9.22314351e-01  1.77175634e+00  3.17385732e+01  1.28662691e+00  5.64612189e+00 
 1.46000000e+00  1.46000000e+00  1.48000000e+00  2.47482350e-03  1.22329236e+00  1.73777259e+00  9.22314351e-01  1.77175634e+00  3.17385732e+01  1.28662691e+00  5.64612189e+00 
 1.47000000e+00  1.47000000e+00  1.48000000e+00  2.47872054e-03  1.22329236e+00  1.73777259e+00  9.22314351e-01  1.77175634e+00  3.17385732e+01  1.28662691e+00  5.64612189e+00 
 1.48000000e+00  1.48000000e+00  1.48000000e+00  2.48259531e-03  1.22329236e+00  1.73777259e+00  9.22314351e-01  1.77175634e+00  3.17385732e+01  1.28662691e+00  5.64612189e+00 
 1.49000000e+00  1.49000000e+00  1.48000000e+00  2.48644838e-03  1.22329236e+00  1.73777259e+00  9.22314351e-01  1.77175634e+00  3.17385732e+01  1.28662691e+00  5.64612189e+00 
 1.50000000e+00  1.50000000e+00  1.48000000e+00  2.49028030e-03  1.22329236e+00  1.73777259e+00  9.22314351e-01  1.77175634e+00  3.17385732e+01  1.28662691e+00  5.64612189e+00 
 1.51000000e+00  1.51000000e+00  1.48000000e+00  2.49409159e-03  1.22329236e+00  1.73777259e+00  9.22314351e-01  1.77175634e+00  3.17385732e+01  1.28662691e+00  5.64612189e+00 
 1.52000000e+00  1.52000000e+00  1.48000000e+00  2.49788278e-03  1.22329236e+00  1.73777259e+00  9.22314351e-01  1.77175634e+00  3.17385732e+01  1.28662691e+00  5.64612189e+00 
 1.53000000e+00  1.53000000e+00  1.48000000e+00  2.50165435e-03  1.22329236e+00  1.73777259e+00  9.22314351e-01  1.77175634e+00  3.17385732e+01  1.28662691e+00  5.64612189e+00 
 1.54000000e+00  1.54000000e+00  1.48000000e+00  2.50540680e-03  1.22329236e+00  1.73777259e+00  9.22314351e-01  1.77175634e+00  3.17385732e+01  1.28662691e+00  5.64612189e+00 
 1.55000000e+00  1.55000000e+00  1.48000000e+00  2.50914058e-03  1.22329236e+00  1.73777259e+00  9.22314351e-01  1.77175634e+00  3.17385732e+01  1.28662691e+00  5.64612189e+00 
 1.56000000e+00  1.56000000e+00  1.48000000e+00  2.51285615e-03  1.22329236e+00  1.73777259e+00  9.22314351e-01  1.77175634e+00  3.17385732e+01  1.28662691e+00  5.64612189e+00 
 1.57000000e+00  1.57000000e+00  1.48000000e+00  2.51655395e-03  1.22329236e+00  1.73777259e+00  9.22314351e-01  1.77175634e+00  3.17385732e+01  1.28662691e+00  5.64612189e+00 
 1.58000000e+00  1.58000000e+00  1.48000000e+00  2.52023439e-03  1.22329236e+00  1.73777259e+00  9.22314351e-01  1.77175634e+00  3.17385732e+01  1.28662691e+00  5.64612189e+00 
 1.59000000e+00  1.59000000e+00  1.48000000e+00  2.52389788e-03  1.22329236e+00  1.73777259e+00  9.22314351e-01  1.77175634e+00  3.17385732e+01  1.28662691e+00  5.64612189e+00 
 1.60000000e+00  1.60000000e+00  1.48000000e+00  2.52754482e-03  1.22329236e+00  1.73777259e+00  9.22314351e-01  1.77175634e+00  3.17385732e+01  1.28662691e+00  5.64612189e+00 
 1.61000000e+00  1.61000000e+00  1.48000000e+00  2.53117560e-03  1.22329236e+00  1.73777259e+00  9.22314351e-01  1.77175634e+00  3.17385732e+01  1.28662691e+00  5.64612189e+00 
 1.62000000e+00  1.62000000e+00  1.48000000e+00  2.53479059e-03  1.22329236e+00  1.73777259e+00  9.22314351e-01  1.77175634e+00  3.17385732e+01  1.28662691e+00  5.64612189e+00 
 1.63000000e+00  1.63000000e+00  1.48000000e+00  2.53839014e-03  1.22329236e+00  1.73777259e+00  9.22314351e-01  1.77175634e+00  3.17385732e+01  1.28662691e+00  5.64612189e+00 
 1.64000000e+00  1.64000000e+00  1.48000000e+00  2.54197462e-03  1.22329236e+00  1.73777259e+00  9.22314351e-01  1.77175634e+00  3.17385732e+01  1.28662691e+00  5.64612189e+00 
 1.65000000e+00  1.65000000e+00  1.48000000e+00  2.54554435e-03  1.22329236e+00  1.73777259e+00  9.22314351e-01  1.77175634e+00  3.17385732e+01  1.28662691e+00  5.64612189e+00 
 1.66000000e+00  1.66000000e+00  1.48000000e+00  2.54909967e-03  1.22329236e+00  1.73777259e+00  9.22314351e-01  1.77175634e+00  3.17385732e+01  1.28662691e+00  5.64612189e+00 
 1.67000000e+00  1.67000000e+00  1.48000000e+00  2.55264090e-03  1.22329236e+00  1.73777259e+00  9.22314351e-01  1.77175634e+00  3.17385732e+01  1.28662691e+00  5.64612189e+00 
 1.68000000e+00  1.68000000e+00  1.48000000e+00  2.55616835e-03  1.22329236e+00  1.73777259e+00  9.22314351e-01  1.77175634e+00  3.17385732e+01  1.28662691e+00  5.64612189e+00 
 1.69000000e+00  1.69000000e+00  1.48000000e+00  2.55968231e-03  1.22329236e+00  1.73777259e+00  9.22314351e-01  1.77175634e+00  3.17385732e+01  1.28662691e+00  5.64612189e+00 
 1.70000000e+00  1.70000000e+00  1.48000000e+00  2.56318310e-03  1.22329236e+00  1.73777259e+00  9.22314351e-01  1.77175634e+00  3.17385732e+01  1.28662691e+00  5.64612189e+00 
 1.71000000e+00  1.71000000e+00  1.48000000e+00  2.56667098e-03  1.22329236e+00  1.73777259e+00  9.22314351e-01  1.77175634e+00  3.17385732e+01  1.28662691e+00  5.64612189e+00 
 1.72000000e+00  1.72000000e+00  1.48000000e+00  2.57014623e-03  1.22329236e+00  1.73777259e+00  9.22314351e-01  1.77175634e+00  3.17385732e+01  1.28662691e+00  5.64612189e+00 
 1.73000000e+00  1.73000000e+00  1.48000000e+00  2.57360913e-03  1.22329236e+00  1.73777259e+00  9.22314351e-01  1.77175634e+00  3.17385732e+01  1.28662691e+00  5.64612189e+00 
 1.74000000e+00  1.74000000e+00  1.48000000e+00  2.57705993e-03  1.22329236e+00  1.73777259e+00  9.22314351e-01  1.77175634e+00  3.17385732e+01  1.28662691e+00  5.64612189e+00 
 1.75000000e+00  1.75000000e+00  1.48000000e+00  2.58049889e-03  1.22329236e+00  1.73777259e+00  9.22314351e-01  1.77175634e+00  3.17385732e+01  1.28662691e+00  5.64612189e+00 
 1.76000000e+00  1.76000000e+00  1.48000000e+00  2.58392626e-03  1.22329236e+00  1.73777259e+00  9.22314351e-01  1.77175634e+00  3.17385732e+01  1.28662691e+00  5.64612189e+00 
 1.77000000e+00  1.77000000e+00  1.48000000e+00  2.58734228e-03  1.22329236e+00  1.73777259e+00  9.22314351e-01  1.77175634e+00  3.17385732e+01  1.28662691e+00  5.64612189e+00 
 1.78000000e+00  1.78000000e+00  1.48000000e+00  2.59074718e-03  1.22329236e+00  1.73777259e+00  9.22314351e-01  1.77175634e+00  3.17385732e+01  1.28662691e+00  5.64612189e+00 
 1.79000000e+00  1.79000000e+00  1.48000000e+00  2.59414119e-03  1.22329236e+00  1.73777259e+00  9.22314351e-01  1.77175634e+00  3.17385732e+01  1.28662691e+00  5.64612189e+00 
 1.80000000e+00  1.80000000e+00  1.48000000e+00  2.59752453e-03  1.22329236e+00  1.73777259e+00  9.22314351e-01  1.77175634e+00  3.17385732e+01  1.28662691e+00  5.64612189e+00 
 1.81000000e+00  1.81000000e+00  1.48000000e+00  2.60089742e-03  1.22329236e+00  1.73777259e+00  9.22314351e-01  1.77175634e+00  3.17385732e+01  1.28662691e+00  5.64612189e+00 
 1.82000000e+00  1.82000000e+00  1.48000000e+00  2.60426007e-03  1.22329236e+00  1.73777259e+00  9.22314351e-01  1.77175634e+00  3.17385732e+01  1.28662691e+00  5.64612189e+00 
 1.83000000e+00  1.83000000e+00  1.48000000e+00  2.60761269e-03  1.22329236e+00  1.73777259e+00  9.22314351e-01  1.77175634e+00  3.17385732e+01  1.28662691e+00  5.64612189e+00 
 1.84000000e+00  1.84000000e+00  1.48000000e+00  2.61095548e-03  1.22329236e+00  1.73777259e+00  9.22314351e-01  1.77175634e+00  3.17385732e+01  1.28662691e+00  5.64612189e+00 
 1.85000000e+00  1.85000000e+00  1.48000000e+00  2.61428864e-03  1.22329236e+00  1.73777259e+00  9.22314351e-01  1.77175634e+00  3.17385732e+01  1.28662691e+00  5.64612189e+00 
