 0.00000000e+00  0.00000000e+00  1.48000000e+00 -2.99035447e-32  1.26081314e+00  1.89568307e+00  8.87131248e-01  1.83273529e+00  2.97119722e+01  1.34172381e+00  5.30371388e+00 
 1.00000000e-02  1.00000000e-02  1.48000000e+00  5.06701928e-05  1.26081314e+00  1.89568307e+00  8.87131248e-01  1.83273529e+00  2.97119722e+01  1.34172381e+00  5.30371388e+00 
 2.00000000e-02  2.00000000e-02  1.48000000e+00  1.00786999e-04  1.26081314e+00  1.89568307e+00  8.87131248e-01  1.83273529e+00  2.97119722e+01  1.34172381e+00  5.30371388e+00 
 3.00000000e-02  3.00000000e-02  1.48000000e+00  1.50348191e-04  1.26081314e+00  1.89568307e+00  8.87131248e-01  1.83273529e+00  2.97119722e+01  1.34172381e+00  5.30371388e+00 
 4.00000000e-02  4.00000000e-02  1.48000000e+00  1.99351524e-04  1.26081314e+00  1.89568307e+00  8.87131248e-01  1.83273529e+00  2.97119722e+01  1.34172381e+00  5.30371388e+00 
 5.00000000e-02  5.00000000e-02  1.48000000e+00  2.47794733e-04  1.26081314e+00  1.89568307e+00  8.87131248e-01  1.83273529e+00  2.97119722e+01  1.34172381e+00  5.30371388e+00 
 6.00000000e-02  6.00000000e-02  1.48000000e+00  2.95675533e-04  1.26081314e+00  1.89568307e+00  8.87131248e-01  1.83273529e+00  2.97119722e+01  1.34172381e+00  5.30371388e+00 
 7.00000000e-02  7.00000000e-02  1.48000000e+00  3.42991621e-04  1.26081314e+00  1.89568307e+00  8.87131248e-01  1.83273529e+00  2.97119722e+01  1.34172381e+00  5.30371388e+00 
 8.00000000e-02  8.00000000e-02  1.48000000e+00  3.89740672e-04  1.26081314e+00  1.89568307e+00  8.87131248e-01  1.83273529e+00  2.97119722e+01  1.34172381e+00  5.30371388e+00 
 9.00000000e-02  9.00000000e-02  1.48000000e+00  4.35920346e-04  1.26081314e+00  1.89568307e+00  8.87131248e-01  1.83273529e+00  2.97119722e+01  1.34172381e+00  5.30371388e+00 
 1.00000000e-01  1.00000000e-01  1.48000000e+00  4.81528283e-04  1.26081314e+00  1.89568307e+00  8.87131248e-01  1.83273529e+00  2.97119722e+01  1.34172381e+00  5.30371388e+00 
 1.10000000e-01  1.10000000e-01  1.48000000e+00  5.26562106e-04  1.26081314e+00  1.89568307e+00  8.87131248e-01  1.83273529e+00  2.97119722e+01  1.34172381e+00  5.30371388e+00 
 1.20000000e-01  1.20000000e-01  1.48000000e+00  5.71019421e-04  1.26081314e+00  1.89568307e+00  8.87131248e-01  1.83273529e+00  2.97119722e+01  1.34172381e+00  5.30371388e+00 
 1.30000000e-01  1.30000000e-01  1.48000000e+00  6.14897821e-04  1.26081314e+00  1.89568307e+00  8.87131248e-01  1.83273529e+00  2.97119722e+01  1.34172381e+00  5.30371388e+00 
 1.40000000e-01  1.40000000e-01  1.48000000e+00  6.58194885e-04  1.26081314e+00  1.89568307e+00  8.87131248e-01  1.83273529e+00  2.97119722e+01  1.34172381e+00  5.30371388e+00 
 1.50000000e-01  1.50000000e-01  1.48000000e+00  7.00908181e-04  1.26081314e+00  1.89568307e+00  8.87131248e-01  1.83273529e+00  2.97119722e+01  1.34172381e+00  5.30371388e+00 
 1.60000000e-01  1.60000000e-01  1.48000000e+00  7.43035271e-04  1.26081314e+00  1.89568307e+00  8.87131248e-01  1.83273529e+00  2.97119722e+01  1.34172381e+00  5.30371388e+00 
 1.70000000e-01  1.70000000e-01  1.48000000e+00  7.84573709e-04  1.26081314e+00  1.89568307e+00  8.87131248e-01  1.83273529e+00  2.97119722e+01  1.34172381e+00  5.30371388e+00 
 1.80000000e-01  1.80000000e-01  1.48000000e+00  8.25521052e-04  1.26081314e+00  1.89568307e+00  8.87131248e-01  1.83273529e+00  2.97119722e+01  1.34172381e+00  5.30371388e+00 
 1.90000000e-01  1.90000000e-01  1.48000000e+00  8.65874856e-04  1.26081314e+00  1.89568307e+00  8.87131248e-01  1.83273529e+00  2.97119722e+01  1.34172381e+00  5.30371388e+00 
 2.00000000e-01  2.00000000e-01  1.48000000e+00  9.05632690e-04  1.26081314e+00  1.89568307e+00  8.87131248e-01  1.83273529e+00  2.97119722e+01  1.34172381e+00  5.30371388e+00 
 2.10000000e-01  2.10000000e-01  1.48000000e+00  9.44792136e-04  1.26081314e+00  1.89568307e+00  8.87131248e-01  1.83273529e+00  2.97119722e+01  1.34172381e+00  5.30371388e+00 
 2.20000000e-01  2.20000000e-01  1.48000000e+00  9.83350797e-04  1.26081314e+00  1.89568307e+00  8.87131248e-01  1.83273529e+00  2.97119722e+01  1.34172381e+00  5.30371388e+00 
 2.30000000e-01  2.30000000e-01  1.48000000e+00  1.02130631e-03  1.26081314e+00  1.89568307e+00  8.87131248e-01  1.83273529e+00  2.97119722e+01  1.34172381e+00  5.30371388e+00 
 2.40000000e-01  2.40000000e-01  1.48000000e+00  1.05865634e-03  1.26081314e+00  1.89568307e+00  8.87131248e-01  1.83273529e+00  2.97119722e+01  1.34172381e+00  5.30371388e+00 
 2.50000000e-01  2.50000000e-01  1.48000000e+00  1.09539862e-03  1.26081314e+00  1.89568307e+00  8.87131248e-01  1.83273529e+00  2.97119722e+01  1.34172381e+00  5.30371388e+00 
 2.60000000e-01  2.60000000e-01  1.48000000e+00  1.13153093e-03  1.26081314e+00  1.89568307e+00  8.87131248e-01  1.83273529e+00  2.97119722e+01  1.34172381e+00  5.30371388e+00 
 2.70000000e-01  2.70000000e-01  1.48000000e+00  1.16705114e-03  1.26081314e+00  1.89568307e+00  8.87131248e-01  1.83273529e+00  2.97119722e+01  1.34172381e+00  5.30371388e+00 
 2.80000000e-01  2.80000000e-01  1.48000000e+00  1.20195718e-03  1.26081314e+00  1.89568307e+00  8.87131248e-01  1.83273529e+00  2.97119722e+01  1.34172381e+00  5.30371388e+00 
 2.90000000e-01  2.90000000e-01  1.48000000e+00  1.23624712e-03  1.26081314e+00  1.89568307e+00  8.87131248e-01  1.83273529e+00  2.97119722e+01  1.34172381e+00  5.30371388e+00 
 3.00000000e-01  3.00000000e-01  1.48000000e+00  1.26991915e-03  1.26081314e+00  1.89568307e+00  8.87131248e-01  1.83273529e+00  2.97119722e+01  1.34172381e+00  5.30371388e+00 
 3.10000000e-01  3.10000000e-01  1.48000000e+00  1.30297158e-03  1.26081314e+00  1.89568307e+00  8.87131248e-01  1.83273529e+00  2.97119722e+01  1.34172381e+00  5.30371388e+00 
 3.20000000e-01  3.20000000e-01  1.48000000e+00  1.33540291e-03  1.26081314e+00  1.89568307e+00  8.87131248e-01  1.83273529e+00  2.97119722e+01  1.34172381e+00  5.30371388e+00 
 3.30000000e-01  3.30000000e-01  1.48000000e+00  1.36721183e-03  1.26081314e+00  1.89568307e+00  8.87131248e-01  1.83273529e+00  2.97119722e+01  1.34172381e+00  5.30371388e+00 
 3.40000000e-01  3.40000000e-01  1.48000000e+00  1.39839724e-03  1.26081314e+00  1.89568307e+00  8.87131248e-01  1.83273529e+00  2.97119722e+01  1.34172381e+00  5.30371388e+00 
 3.50000000e-01  3.50000000e-01  1.48000000e+00  1.42895829e-03  1.26081314e+00  1.89568307e+00  8.87131248e-01  1.83273529e+00  2.97119722e+01  1.34172381e+00  5.30371388e+00 
 3.60000000e-01  3.60000000e-01  1.48000000e+00  1.45889441e-03  1.26081314e+00  1.89568307e+00  8.87131248e-01  1.83273529e+00  2.97119722e+01  1.34172381e+00  5.30371388e+00 
 3.70000000e-01  3.70000000e-01  1.48000000e+00  1.48820533e-03  1.26081314e+00  1.89568307e+00  8.87131248e-01  1.83273529e+00  2.97119722e+01  1.34172381e+00  5.30371388e+00 
 3.80000000e-01  3.80000000e-01  1.48000000e+00  1.51689112e-03  1.26081314e+00  1.89568307e+00  8.87131248e-01  1.83273529e+00  2.97119722e+01  1.34172381e+00  5.30371388e+00 
 3.90000000e-01  3.90000000e-01  1.48000000e+00  1.54495222e-03  1.26081314e+00  1.89568307e+00  8.87131248e-01  1.83273529e+00  2.97119722e+01  1.34172381e+00  5.30371388e+00 
 4.00000000e-01  4.00000000e-01  1.48000000e+00  1.57238950e-03  1.26081314e+00  1.89568307e+00  8.87131248e-01  1.83273529e+00  2.97119722e+01  1.34172381e+00  5.30371388e+00 
 4.10000000e-01  4.10000000e-01  1.48000000e+00  1.59920423e-03  1.26081314e+00  1.89568307e+00  8.87131248e-01  1.83273529e+00  2.97119722e+01  1.34172381e+00  5.30371388e+00 
 4.20000000e-01  4.20000000e-01  1.48000000e+00  1.62539821e-03  1.26081314e+00  1.89568307e+00  8.87131248e-01  1.83273529e+00  2.97119722e+01  1.34172381e+00  5.30371388e+00 
 4.30000000e-01  4.30000000e-01  1.48000000e+00  1.65097371e-03  1.26081314e+00  1.89568307e+00  8.87131248e-01  1.83273529e+00  2.97119722e+01  1.34172381e+00  5.30371388e+00 
 4.40000000e-01  4.40000000e-01  1.48000000e+00  1.67593357e-03  1.26081314e+00  1.89568307e+00  8.87131248e-01  1.83273529e+00  2.97119722e+01  1.34172381e+00  5.30371388e+00 
 4.50000000e-01  4.50000000e-01  1.48000000e+00  1.70028119e-03  1.26081314e+00  1.89568307e+00  8.87131248e-01  1.83273529e+00  2.97119722e+01  1.34172381e+00  5.30371388e+00 
 4.60000000e-01  4.60000000e-01  1.48000000e+00  1.72402060e-03  1.26081314e+00  1.89568307e+00  8.87131248e-01  1.83273529e+00  2.97119722e+01  1.34172381e+00  5.30371388e+00 
 4.70000000e-01  4.70000000e-01  1.48000000e+00  1.74715642e-03  1.26081314e+00  1.89568307e+00  8.87131248e-01  1.83273529e+00  2.97119722e+01  1.34172381e+00  5.30371388e+00 
 4.80000000e-01  4.80000000e-01  1.48000000e+00  1.76969395e-03  1.26081314e+00  1.89568307e+00  8.87131248e-01  1.83273529e+00  2.97119722e+01  1.34172381e+00  5.30371388e+00 
 4.90000000e-01  4.90000000e-01  1.48000000e+00  1.79163913e-03  1.26081314e+00  1.89568307e+00  8.87131248e-01  1.83273529e+00  2.97119722e+01  1.34172381e+00  5.30371388e+00 
 5.00000000e-01  5.00000000e-01  1.48000000e+00  1.81299859e-03  1.26081314e+00  1.89568307e+00  8.87131248e-01  1.83273529e+00  2.97119722e+01  1.34172381e+00  5.30371388e+00 
 5.10000000e-01  5.10000000e-01  1.48000000e+00  1.83377963e-03  1.26081314e+00  1.89568307e+00  8.87131248e-01  1.83273529e+00  2.97119722e+01  1.34172381e+00  5.30371388e+00 
 5.20000000e-01  5.20000000e-01  1.48000000e+00  1.85399021e-03  1.26081314e+00  1.89568307e+00  8.87131248e-01  1.83273529e+00  2.97119722e+01  1.34172381e+00  5.30371388e+00 
 5.30000000e-01  5.30000000e-01  1.48000000e+00  1.87363896e-03  1.26081314e+00  1.89568307e+00  8.87131248e-01  1.83273529e+00  2.97119722e+01  1.34172381e+00  5.30371388e+00 
 5.40000000e-01  5.40000000e-01  1.48000000e+00  1.89273515e-03  1.26081314e+00  1.89568307e+00  8.87131248e-01  1.83273529e+00  2.97119722e+01  1.34172381e+00  5.30371388e+00 
 5.50000000e-01  5.50000000e-01  1.48000000e+00  1.91128867e-03  1.26081314e+00  1.89568307e+00  8.87131248e-01  1.83273529e+00  2.97119722e+01  1.34172381e+00  5.30371388e+00 
 5.60000000e-01  5.60000000e-01  1.48000000e+00  1.92930999e-03  1.26081314e+00  1.89568307e+00  8.87131248e-01  1.83273529e+00  2.97119722e+01  1.34172381e+00  5.30371388e+00 
 5.70000000e-01  5.70000000e-01  1.48000000e+00  1.94681014e-03  1.26081314e+00  1.89568307e+00  8.87131248e-01  1.83273529e+00  2.97119722e+01  1.34172381e+00  5.30371388e+00 
 5.80000000e-01  5.80000000e-01  1.48000000e+00  1.96380063e-03  1.26081314e+00  1.89568307e+00  8.87131248e-01  1.83273529e+00  2.97119722e+01  1.34172381e+00  5.30371388e+00 
 5.90000000e-01  5.90000000e-01  1.48000000e+00  1.98029345e-03  1.26081314e+00  1.89568307e+00  8.87131248e-01  1.83273529e+00  2.97119722e+01  1.34172381e+00  5.30371388e+00 
 6.00000000e-01  6.00000000e-01  1.48000000e+00  1.99630098e-03  1.26081314e+00  1.89568307e+00  8.87131248e-01  1.83273529e+00  2.97119722e+01  1.34172381e+00  5.30371388e+00 
 6.10000000e-01  6.10000000e-01  1.48000000e+00  2.01183593e-03  1.26081314e+00  1.89568307e+00  8.87131248e-01  1.83273529e+00  2.97119722e+01  1.34172381e+00  5.30371388e+00 
 6.20000000e-01  6.20000000e-01  1.48000000e+00  2.02691131e-03  1.26081314e+00  1.89568307e+00  8.87131248e-01  1.83273529e+00  2.97119722e+01  1.34172381e+00  5.30371388e+00 
 6.30000000e-01  6.30000000e-01  1.48000000e+00  2.04154037e-03  1.26081314e+00  1.89568307e+00  8.87131248e-01  1.83273529e+00  2.97119722e+01  1.34172381e+00  5.30371388e+00 
 6.40000000e-01  6.40000000e-01  1.48000000e+00  2.05573650e-03  1.26081314e+00  1.89568307e+00  8.87131248e-01  1.83273529e+00  2.97119722e+01  1.34172381e+00  5.30371388e+00 
 6.50000000e-01  6.50000000e-01  1.48000000e+00  2.06951319e-03  1.26081314e+00  1.89568307e+00  8.87131248e-01  1.83273529e+00  2.97119722e+01  1.34172381e+00  5.30371388e+00 
 6.60000000e-01  6.60000000e-01  1.48000000e+00  2.08288401e-03  1.26081314e+00  1.89568307e+00  8.87131248e-01  1.83273529e+00  2.97119722e+01  1.34172381e+00  5.30371388e+00 
 6.70000000e-01  6.70000000e-01  1.48000000e+00  2.09586249e-03  1.26081314e+00  1.89568307e+00  8.87131248e-01  1.83273529e+00  2.97119722e+01  1.34172381e+00  5.30371388e+00 
 6.80000000e-01  6.80000000e-01  1.48000000e+00  2.10846211e-03  1.26081314e+00  1.89568307e+00  8.87131248e-01  1.83273529e+00  2.97119722e+01  1.34172381e+00  5.30371388e+00 
 6.90000000e-01  6.90000000e-01  1.48000000e+00  2.12069624e-03  1.26081314e+00  1.89568307e+00  8.87131248e-01  1.83273529e+00  2.97119722e+01  1.34172381e+00  5.30371388e+00 
 7.00000000e-01  7.00000000e-01  1.48000000e+00  2.13257809e-03  1.26081314e+00  1.89568307e+00  8.87131248e-01  1.83273529e+00  2.97119722e+01  1.34172381e+00  5.30371388e+00 
 7.10000000e-01  7.10000000e-01  1.48000000e+00  2.14412069e-03  1.26081314e+00  1.89568307e+00  8.87131248e-01  1.83273529e+00  2.97119722e+01  1.34172381e+00  5.30371388e+00 
 7.20000000e-01  7.20000000e-01  1.48000000e+00  2.15533680e-03  1.26081314e+00  1.89568307e+00  8.87131248e-01  1.83273529e+00  2.97119722e+01  1.34172381e+00  5.30371388e+00 
 7.30000000e-01  7.30000000e-01  1.48000000e+00  2.16623896e-03  1.26081314e+00  1.89568307e+00  8.87131248e-01  1.83273529e+00  2.97119722e+01  1.34172381e+00  5.30371388e+00 
 7.40000000e-01  7.40000000e-01  1.48000000e+00  2.17683939e-03  1.26081314e+00  1.89568307e+00  8.87131248e-01  1.83273529e+00  2.97119722e+01  1.34172381e+00  5.30371388e+00 
 7.50000000e-01  7.50000000e-01  1.48000000e+00  2.18714999e-03  1.26081314e+00  1.89568307e+00  8.87131248e-01  1.83273529e+00  2.97119722e+01  1.34172381e+00  5.30371388e+00 
 7.60000000e-01  7.60000000e-01  1.48000000e+00  2.19718236e-03  1.26081314e+00  1.89568307e+00  8.87131248e-01  1.83273529e+00  2.97119722e+01  1.34172381e+00  5.30371388e+00 
 7.70000000e-01  7.70000000e-01  1.48000000e+00  2.20694771e-03  1.26081314e+00  1.89568307e+00  8.87131248e-01  1.83273529e+00  2.97119722e+01  1.34172381e+00  5.30371388e+00 
 7.80000000e-01  7.80000000e-01  1.48000000e+00  2.21645693e-03  1.26081314e+00  1.89568307e+00  8.87131248e-01  1.83273529e+00  2.97119722e+01  1.34172381e+00  5.30371388e+00 
 7.90000000e-01  7.90000000e-01  1.48000000e+00  2.22572051e-03  1.26081314e+00  1.89568307e+00  8.87131248e-01  1.83273529e+00  2.97119722e+01  1.34172381e+00  5.30371388e+00 
 8.00000000e-01  8.00000000e-01  1.48000000e+00  2.23474859e-03  1.26081314e+00  1.89568307e+00  8.87131248e-01  1.83273529e+00  2.97119722e+01  1.34172381e+00  5.30371388e+00 
 8.10000000e-01  8.10000000e-01  1.48000000e+00  2.24355093e-03  1.26081314e+00  1.89568307e+00  8.87131248e-01  1.83273529e+00  2.97119722e+01  1.34172381e+00  5.30371388e+00 
 8.20000000e-01  8.20000000e-01  1.48000000e+00  2.25213693e-03  1.26081314e+00  1.89568307e+00  8.87131248e-01  1.83273529e+00  2.97119722e+01  1.34172381e+00  5.30371388e+00 
 8.30000000e-01  8.30000000e-01  1.48000000e+00  2.26051561e-03  1.26081314e+00  1.89568307e+00  8.87131248e-01  1.83273529e+00  2.97119722e+01  1.34172381e+00  5.30371388e+00 
 8.40000000e-01  8.40000000e-01  1.48000000e+00  2.26869562e-03  1.26081314e+00  1.89568307e+00  8.87131248e-01  1.83273529e+00  2.97119722e+01  1.34172381e+00  5.30371388e+00 
 8.50000000e-01  8.50000000e-01  1.48000000e+00  2.27668526e-03  1.26081314e+00  1.89568307e+00  8.87131248e-01  1.83273529e+00  2.97119722e+01  1.34172381e+00  5.30371388e+00 
 8.60000000e-01  8.60000000e-01  1.48000000e+00  2.28449249e-03  1.26081314e+00  1.89568307e+00  8.87131248e-01  1.83273529e+00  2.97119722e+01  1.34172381e+00  5.30371388e+00 
 8.70000000e-01  8.70000000e-01  1.48000000e+00  2.29212492e-03  1.26081314e+00  1.89568307e+00  8.87131248e-01  1.83273529e+00  2.97119722e+01  1.34172381e+00  5.30371388e+00 
 8.80000000e-01  8.80000000e-01  1.48000000e+00  2.29958982e-03  1.26081314e+00  1.89568307e+00  8.87131248e-01  1.83273529e+00  2.97119722e+01  1.34172381e+00  5.30371388e+00 
 8.90000000e-01  8.90000000e-01  1.48000000e+00  2.30689416e-03  1.26081314e+00  1.89568307e+00  8.87131248e-01  1.83273529e+00  2.97119722e+01  1.34172381e+00  5.30371388e+00 
 9.00000000e-01  9.00000000e-01  1.48000000e+00  2.31404457e-03  1.26081314e+00  1.89568307e+00  8.87131248e-01  1.83273529e+00  2.97119722e+01  1.34172381e+00  5.30371388e+00 
 9.10000000e-01  9.10000000e-01  1.48000000e+00  2.32104741e-03  1.26081314e+00  1.89568307e+00  8.87131248e-01  1.83273529e+00  2.97119722e+01  1.34172381e+00  5.30371388e+00 
 9.20000000e-01  9.20000000e-01  1.48000000e+00  2.32790873e-03  1.26081314e+00  1.89568307e+00  8.87131248e-01  1.83273529e+00  2.97119722e+01  1.34172381e+00  5.30371388e+00 
 9.30000000e-01  9.30000000e-01  1.48000000e+00  2.33463431e-03  1.26081314e+00  1.89568307e+00  8.87131248e-01  1.83273529e+00  2.97119722e+01  1.34172381e+00  5.30371388e+00 
 9.40000000e-01  9.40000000e-01  1.48000000e+00  2.34122967e-03  1.26081314e+00  1.89568307e+00  8.87131248e-01  1.83273529e+00  2.97119722e+01  1.34172381e+00  5.30371388e+00 
 9.50000000e-01  9.50000000e-01  1.48000000e+00  2.34770008e-03  1.26081314e+00  1.89568307e+00  8.87131248e-01  1.83273529e+00  2.97119722e+01  1.34172381e+00  5.30371388e+00 
 9.60000000e-01  9.60000000e-01  1.48000000e+00  2.35405054e-03  1.26081314e+00  1.89568307e+00  8.87131248e-01  1.83273529e+00  2.97119722e+01  1.34172381e+00  5.30371388e+00 
 9.70000000e-01  9.70000000e-01  1.48000000e+00  2.36028583e-03  1.26081314e+00  1.89568307e+00  8.87131248e-01  1.83273529e+00  2.97119722e+01  1.34172381e+00  5.30371388e+00 
 9.80000000e-01  9.80000000e-01  1.48000000e+00  2.36641053e-03  1.26081314e+00  1.89568307e+00  8.87131248e-01  1.83273529e+00  2.97119722e+01  1.34172381e+00  5.30371388e+00 
 9.90000000e-01  9.90000000e-01  1.48000000e+00  2.37242898e-03  1.26081314e+00  1.89568307e+00  8.87131248e-01  1.83273529e+00  2.97119722e+01  1.34172381e+00  5.30371388e+00 
 1.00000000e+00  1.00000000e+00  1.48000000e+00  2.37834532e-03  1.26081314e+00  1.89568307e+00  8.87131248e-01  1.83273529e+00  2.97119722e+01  1.34172381e+00  5.30371388e+00 
 1.01000000e+00  1.01000000e+00  1.48000000e+00  2.38416351e-03  1.26081314e+00  1.89568307e+00  8.87131248e-01  1.83273529e+00  2.97119722e+01  1.34172381e+00  5.30371388e+00 
 1.02000000e+00  1.02000000e+00  1.48000000e+00  2.38988733e-03  1.26081314e+00  1.89568307e+00  8.87131248e-01  1.83273529e+00  2.97119722e+01  1.34172381e+00  5.30371388e+00 
 1.03000000e+00  1.03000000e+00  1.48000000e+00  2.39552036e-03  1.26081314e+00  1.89568307e+00  8.87131248e-01  1.83273529e+00  2.97119722e+01  1.34172381e+00  5.30371388e+00 
 1.04000000e+00  1.04000000e+00  1.48000000e+00  2.40106604e-03  1.26081314e+00  1.89568307e+00  8.87131248e-01  1.83273529e+00  2.97119722e+01  1.34172381e+00  5.30371388e+00 
 1.05000000e+00  1.05000000e+00  1.48000000e+00  2.40652764e-03  1.26081314e+00  1.89568307e+00  8.87131248e-01  1.83273529e+00  2.97119722e+01  1.34172381e+00  5.30371388e+00 
 1.06000000e+00  1.06000000e+00  1.48000000e+00  2.41190829e-03  1.26081314e+00  1.89568307e+00  8.87131248e-01  1.83273529e+00  2.97119722e+01  1.34172381e+00  5.30371388e+00 
 1.07000000e+00  1.07000000e+00  1.48000000e+00  2.41721096e-03  1.26081314e+00  1.89568307e+00  8.87131248e-01  1.83273529e+00  2.97119722e+01  1.34172381e+00  5.30371388e+00 
 1.08000000e+00  1.08000000e+00  1.48000000e+00  2.42243850e-03  1.26081314e+00  1.89568307e+00  8.87131248e-01  1.83273529e+00  2.97119722e+01  1.34172381e+00  5.30371388e+00 
 1.09000000e+00  1.09000000e+00  1.48000000e+00  2.42759362e-03  1.26081314e+00  1.89568307e+00  8.87131248e-01  1.83273529e+00  2.97119722e+01  1.34172381e+00  5.30371388e+00 
 1.10000000e+00  1.10000000e+00  1.48000000e+00  2.43267893e-03  1.26081314e+00  1.89568307e+00  8.87131248e-01  1.83273529e+00  2.97119722e+01  1.34172381e+00  5.30371388e+00 
 1.11000000e+00  1.11000000e+00  1.48000000e+00  2.43769689e-03  1.26081314e+00  1.89568307e+00  8.87131248e-01  1.83273529e+00  2.97119722e+01  1.34172381e+00  5.30371388e+00 
 1.12000000e+00  1.12000000e+00  1.48000000e+00  2.44264989e-03  1.26081314e+00  1.89568307e+00  8.87131248e-01  1.83273529e+00  2.97119722e+01  1.34172381e+00  5.30371388e+00 
 1.13000000e+00  1.13000000e+00  1.48000000e+00  2.44754017e-03  1.26081314e+00  1.89568307e+00  8.87131248e-01  1.83273529e+00  2.97119722e+01  1.34172381e+00  5.30371388e+00 
 1.14000000e+00  1.14000000e+00  1.48000000e+00  2.45236991e-03  1.26081314e+00  1.89568307e+00  8.87131248e-01  1.83273529e+00  2.97119722e+01  1.34172381e+00  5.30371388e+00 
 1.15000000e+00  1.15000000e+00  1.48000000e+00  2.45714117e-03  1.26081314e+00  1.89568307e+00  8.87131248e-01  1.83273529e+00  2.97119722e+01  1.34172381e+00  5.30371388e+00 
 1.16000000e+00  1.16000000e+00  1.48000000e+00  2.46185594e-03  1.26081314e+00  1.89568307e+00  8.87131248e-01  1.83273529e+00  2.97119722e+01  1.34172381e+00  5.30371388e+00 
 1.17000000e+00  1.17000000e+00  1.48000000e+00  2.46651611e-03  1.26081314e+00  1.89568307e+00  8.87131248e-01  1.83273529e+00  2.97119722e+01  1.34172381e+00  5.30371388e+00 
 1.18000000e+00  1.18000000e+00  1.48000000e+00  2.47112349e-03  1.26081314e+00  1.89568307e+00  8.87131248e-01  1.83273529e+00  2.97119722e+01  1.34172381e+00  5.30371388e+00 
 1.19000000e+00  1.19000000e+00  1.48000000e+00  2.47567982e-03  1.26081314e+00  1.89568307e+00  8.87131248e-01  1.83273529e+00  2.97119722e+01  1.34172381e+00  5.30371388e+00 
 1.20000000e+00  1.20000000e+00  1.48000000e+00  2.48018676e-03  1.26081314e+00  1.89568307e+00  8.87131248e-01  1.83273529e+00  2.97119722e+01  1.34172381e+00  5.30371388e+00 
 1.21000000e+00  1.21000000e+00  1.48000000e+00  2.48464591e-03  1.26081314e+00  1.89568307e+00  8.87131248e-01  1.83273529e+00  2.97119722e+01  1.34172381e+00  5.30371388e+00 
 1.22000000e+00  1.22000000e+00  1.48000000e+00  2.48905880e-03  1.26081314e+00  1.89568307e+00  8.87131248e-01  1.83273529e+00  2.97119722e+01  1.34172381e+00  5.30371388e+00 
 1.23000000e+00  1.23000000e+00  1.48000000e+00  2.49342689e-03  1.26081314e+00  1.89568307e+00  8.87131248e-01  1.83273529e+00  2.97119722e+01  1.34172381e+00  5.30371388e+00 
 1.24000000e+00  1.24000000e+00  1.48000000e+00  2.49775158e-03  1.26081314e+00  1.89568307e+00  8.87131248e-01  1.83273529e+00  2.97119722e+01  1.34172381e+00  5.30371388e+00 
 1.25000000e+00  1.25000000e+00  1.48000000e+00  2.50203422e-03  1.26081314e+00  1.89568307e+00  8.87131248e-01  1.83273529e+00  2.97119722e+01  1.34172381e+00  5.30371388e+00 
 1.26000000e+00  1.26000000e+00  1.48000000e+00  2.50627611e-03  1.26081314e+00  1.89568307e+00  8.87131248e-01  1.83273529e+00  2.97119722e+01  1.34172381e+00  5.30371388e+00 
 1.27000000e+00  1.27000000e+00  1.48000000e+00  2.51047848e-03  1.26081314e+00  1.89568307e+00  8.87131248e-01  1.83273529e+00  2.97119722e+01  1.34172381e+00  5.30371388e+00 
 1.28000000e+00  1.28000000e+00  1.48000000e+00  2.51464254e-03  1.26081314e+00  1.89568307e+00  8.87131248e-01  1.83273529e+00  2.97119722e+01  1.34172381e+00  5.30371388e+00 
 1.29000000e+00  1.29000000e+00  1.48000000e+00  2.51876942e-03  1.26081314e+00  1.89568307e+00  8.87131248e-01  1.83273529e+00  2.97119722e+01  1.34172381e+00  5.30371388e+00 
 1.30000000e+00  1.30000000e+00  1.48000000e+00  2.52286022e-03  1.26081314e+00  1.89568307e+00  8.87131248e-01  1.83273529e+00  2.97119722e+01  1.34172381e+00  5.30371388e+00 
 1.31000000e+00  1.31000000e+00  1.48000000e+00  2.52691601e-03  1.26081314e+00  1.89568307e+00  8.87131248e-01  1.83273529e+00  2.97119722e+01  1.34172381e+00  5.30371388e+00 
 1.32000000e+00  1.32000000e+00  1.48000000e+00  2.53093780e-03  1.26081314e+00  1.89568307e+00  8.87131248e-01  1.83273529e+00  2.97119722e+01  1.34172381e+00  5.30371388e+00 
 1.33000000e+00  1.33000000e+00  1.48000000e+00  2.53492658e-03  1.26081314e+00  1.89568307e+00  8.87131248e-01  1.83273529e+00  2.97119722e+01  1.34172381e+00  5.30371388e+00 
 1.34000000e+00  1.34000000e+00  1.48000000e+00  2.53888327e-03  1.26081314e+00  1.89568307e+00  8.87131248e-01  1.83273529e+00  2.97119722e+01  1.34172381e+00  5.30371388e+00 
 1.35000000e+00  1.35000000e+00  1.48000000e+00  2.54280879e-03  1.26081314e+00  1.89568307e+00  8.87131248e-01  1.83273529e+00  2.97119722e+01  1.34172381e+00  5.30371388e+00 
 1.36000000e+00  1.36000000e+00  1.48000000e+00  2.54670401e-03  1.26081314e+00  1.89568307e+00  8.87131248e-01  1.83273529e+00  2.97119722e+01  1.34172381e+00  5.30371388e+00 
 1.37000000e+00  1.37000000e+00  1.48000000e+00  2.55056978e-03  1.26081314e+00  1.89568307e+00  8.87131248e-01  1.83273529e+00  2.97119722e+01  1.34172381e+00  5.30371388e+00 
 1.38000000e+00  1.38000000e+00  1.48000000e+00  2.55440689e-03  1.26081314e+00  1.89568307e+00  8.87131248e-01  1.83273529e+00  2.97119722e+01  1.34172381e+00  5.30371388e+00 
 1.39000000e+00  1.39000000e+00  1.48000000e+00  2.55821613e-03  1.26081314e+00  1.89568307e+00  8.87131248e-01  1.83273529e+00  2.97119722e+01  1.34172381e+00  5.30371388e+00 
 1.40000000e+00  1.40000000e+00  1.48000000e+00  2.56199826e-03  1.26081314e+00  1.89568307e+00  8.87131248e-01  1.83273529e+00  2.97119722e+01  1.34172381e+00  5.30371388e+00 
 1.41000000e+00  1.41000000e+00  1.48000000e+00  2.56575400e-03  1.26081314e+00  1.89568307e+00  8.87131248e-01  1.83273529e+00  2.97119722e+01  1.34172381e+00  5.30371388e+00 
 1.42000000e+00  1.42000000e+00  1.48000000e+00  2.56948404e-03  1.26081314e+00  1.89568307e+00  8.87131248e-01  1.83273529e+00  2.97119722e+01  1.34172381e+00  5.30371388e+00 
 1.43000000e+00  1.43000000e+00  1.48000000e+00  2.57318907e-03  1.26081314e+00  1.89568307e+00  8.87131248e-01  1.83273529e+00  2.97119722e+01  1.34172381e+00  5.30371388e+00 
 1.44000000e+00  1.44000000e+00  1.48000000e+00  2.57686973e-03  1.26081314e+00  1.89568307e+00  8.87131248e-01  1.83273529e+00  2.97119722e+01  1.34172381e+00  5.30371388e+00 
 1.45000000e+00  1.45000000e+00  1.48000000e+00  2.58052666e-03  1.26081314e+00  1.89568307e+00  8.87131248e-01  1.83273529e+00  2.97119722e+01  1.34172381e+00  5.30371388e+00 
 1.46000000e+00  1.46000000e+00  1.48000000e+00  2.58416046e-03  1.26081314e+00  1.89568307e+00  8.87131248e-01  1.83273529e+00  2.97119722e+01  1.34172381e+00  5.30371388e+00 
 1.47000000e+00  1.47000000e+00  1.48000000e+00  2.58777171e-03  1.26081314e+00  1.89568307e+00  8.87131248e-01  1.83273529e+00  2.97119722e+01  1.34172381e+00  5.30371388e+00 
 1.48000000e+00  1.48000000e+00  1.48000000e+00  2.59136099e-03  1.26081314e+00  1.89568307e+00  8.87131248e-01  1.83273529e+00  2.97119722e+01  1.34172381e+00  5.30371388e+00 
 1.49000000e+00  1.49000000e+00  1.48000000e+00  2.59492884e-03  1.26081314e+00  1.89568307e+00  8.87131248e-01  1.83273529e+00  2.97119722e+01  1.34172381e+00  5.30371388e+00 
 1.50000000e+00  1.50000000e+00  1.48000000e+00  2.59847579e-03  1.26081314e+00  1.89568307e+00  8.87131248e-01  1.83273529e+00  2.97119722e+01  1.34172381e+00  5.30371388e+00 
 1.51000000e+00  1.51000000e+00  1.48000000e+00  2.60200235e-03  1.26081314e+00  1.89568307e+00  8.87131248e-01  1.83273529e+00  2.97119722e+01  1.34172381e+00  5.30371388e+00 
 1.52000000e+00  1.52000000e+00  1.48000000e+00  2.60550902e-03  1.26081314e+00  1.89568307e+00  8.87131248e-01  1.83273529e+00  2.97119722e+01  1.34172381e+00  5.30371388e+00 
 1.53000000e+00  1.53000000e+00  1.48000000e+00  2.60899628e-03  1.26081314e+00  1.89568307e+00  8.87131248e-01  1.83273529e+00  2.97119722e+01  1.34172381e+00  5.30371388e+00 
 1.54000000e+00  1.54000000e+00  1.48000000e+00  2.61246460e-03  1.26081314e+00  1.89568307e+00  8.87131248e-01  1.83273529e+00  2.97119722e+01  1.34172381e+00  5.30371388e+00 
 1.55000000e+00  1.55000000e+00  1.48000000e+00  2.61591441e-03  1.26081314e+00  1.89568307e+00  8.87131248e-01  1.83273529e+00  2.97119722e+01  1.34172381e+00  5.30371388e+00 
 1.56000000e+00  1.56000000e+00  1.48000000e+00  2.61934616e-03  1.26081314e+00  1.89568307e+00  8.87131248e-01  1.83273529e+00  2.97119722e+01  1.34172381e+00  5.30371388e+00 
 1.57000000e+00  1.57000000e+00  1.48000000e+00  2.62276027e-03  1.26081314e+00  1.89568307e+00  8.87131248e-01  1.83273529e+00  2.97119722e+01  1.34172381e+00  5.30371388e+00 
 1.58000000e+00  1.58000000e+00  1.48000000e+00  2.62615714e-03  1.26081314e+00  1.89568307e+00  8.87131248e-01  1.83273529e+00  2.97119722e+01  1.34172381e+00  5.30371388e+00 
 1.59000000e+00  1.59000000e+00  1.48000000e+00  2.62953718e-03  1.26081314e+00  1.89568307e+00  8.87131248e-01  1.83273529e+00  2.97119722e+01  1.34172381e+00  5.30371388e+00 
 1.60000000e+00  1.60000000e+00  1.48000000e+00  2.63290076e-03  1.26081314e+00  1.89568307e+00  8.87131248e-01  1.83273529e+00  2.97119722e+01  1.34172381e+00  5.30371388e+00 
 1.61000000e+00  1.61000000e+00  1.48000000e+00  2.63624825e-03  1.26081314e+00  1.89568307e+00  8.87131248e-01  1.83273529e+00  2.97119722e+01  1.34172381e+00  5.30371388e+00 
 1.62000000e+00  1.62000000e+00  1.48000000e+00  2.63958002e-03  1.26081314e+00  1.89568307e+00  8.87131248e-01  1.83273529e+00  2.97119722e+01  1.34172381e+00  5.30371388e+00 
 1.63000000e+00  1.63000000e+00  1.48000000e+00  2.64289641e-03  1.26081314e+00  1.89568307e+00  8.87131248e-01  1.83273529e+00  2.97119722e+01  1.34172381e+00  5.30371388e+00 
 1.64000000e+00  1.64000000e+00  1.48000000e+00  2.64619777e-03  1.26081314e+00  1.89568307e+00  8.87131248e-01  1.83273529e+00  2.97119722e+01  1.34172381e+00  5.30371388e+00 
 1.65000000e+00  1.65000000e+00  1.48000000e+00  2.64948443e-03  1.26081314e+00  1.89568307e+00  8.87131248e-01  1.83273529e+00  2.97119722e+01  1.34172381e+00  5.30371388e+00 
 1.66000000e+00  1.66000000e+00  1.48000000e+00  2.65275670e-03  1.26081314e+00  1.89568307e+00  8.87131248e-01  1.83273529e+00  2.97119722e+01  1.34172381e+00  5.30371388e+00 
 1.67000000e+00  1.67000000e+00  1.48000000e+00  2.65601489e-03  1.26081314e+00  1.89568307e+00  8.87131248e-01  1.83273529e+00  2.97119722e+01  1.34172381e+00  5.30371388e+00 
 1.68000000e+00  1.68000000e+00  1.48000000e+00  2.65925930e-03  1.26081314e+00  1.89568307e+00  8.87131248e-01  1.83273529e+00  2.97119722e+01  1.34172381e+00  5.30371388e+00 
 1.69000000e+00  1.69000000e+00  1.48000000e+00  2.66249024e-03  1.26081314e+00  1.89568307e+00  8.87131248e-01  1.83273529e+00  2.97119722e+01  1.34172381e+00  5.30371388e+00 
 1.70000000e+00  1.70000000e+00  1.48000000e+00  2.66570798e-03  1.26081314e+00  1.89568307e+00  8.87131248e-01  1.83273529e+00  2.97119722e+01  1.34172381e+00  5.30371388e+00 
 1.71000000e+00  1.71000000e+00  1.48000000e+00  2.66891280e-03  1.26081314e+00  1.89568307e+00  8.87131248e-01  1.83273529e+00  2.97119722e+01  1.34172381e+00  5.30371388e+00 
 1.72000000e+00  1.72000000e+00  1.48000000e+00  2.67210497e-03  1.26081314e+00  1.89568307e+00  8.87131248e-01  1.83273529e+00  2.97119722e+01  1.34172381e+00  5.30371388e+00 
 1.73000000e+00  1.73000000e+00  1.48000000e+00  2.67528475e-03  1.26081314e+00  1.89568307e+00  8.87131248e-01  1.83273529e+00  2.97119722e+01  1.34172381e+00  5.30371388e+00 
 1.74000000e+00  1.74000000e+00  1.48000000e+00  2.67845240e-03  1.26081314e+00  1.89568307e+00  8.87131248e-01  1.83273529e+00  2.97119722e+01  1.34172381e+00  5.30371388e+00 
 1.75000000e+00  1.75000000e+00  1.48000000e+00  2.68160816e-03  1.26081314e+00  1.89568307e+00  8.87131248e-01  1.83273529e+00  2.97119722e+01  1.34172381e+00  5.30371388e+00 
 1.76000000e+00  1.76000000e+00  1.48000000e+00  2.68475228e-03  1.26081314e+00  1.89568307e+00  8.87131248e-01  1.83273529e+00  2.97119722e+01  1.34172381e+00  5.30371388e+00 
 1.77000000e+00  1.77000000e+00  1.48000000e+00  2.68788499e-03  1.26081314e+00  1.89568307e+00  8.87131248e-01  1.83273529e+00  2.97119722e+01  1.34172381e+00  5.30371388e+00 
 1.78000000e+00  1.78000000e+00  1.48000000e+00  2.69100652e-03  1.26081314e+00  1.89568307e+00  8.87131248e-01  1.83273529e+00  2.97119722e+01  1.34172381e+00  5.30371388e+00 
 1.79000000e+00  1.79000000e+00  1.48000000e+00  2.69411710e-03  1.26081314e+00  1.89568307e+00  8.87131248e-01  1.83273529e+00  2.97119722e+01  1.34172381e+00  5.30371388e+00 
 1.80000000e+00  1.80000000e+00  1.48000000e+00  2.69721694e-03  1.26081314e+00  1.89568307e+00  8.87131248e-01  1.83273529e+00  2.97119722e+01  1.34172381e+00  5.30371388e+00 
 1.81000000e+00  1.81000000e+00  1.48000000e+00  2.70030626e-03  1.26081314e+00  1.89568307e+00  8.87131248e-01  1.83273529e+00  2.97119722e+01  1.34172381e+00  5.30371388e+00 
 1.82000000e+00  1.82000000e+00  1.48000000e+00  2.70338527e-03  1.26081314e+00  1.89568307e+00  8.87131248e-01  1.83273529e+00  2.97119722e+01  1.34172381e+00  5.30371388e+00 
 1.83000000e+00  1.83000000e+00  1.48000000e+00  2.70645417e-03  1.26081314e+00  1.89568307e+00  8.87131248e-01  1.83273529e+00  2.97119722e+01  1.34172381e+00  5.30371388e+00 
 1.84000000e+00  1.84000000e+00  1.48000000e+00  2.70951316e-03  1.26081314e+00  1.89568307e+00  8.87131248e-01  1.83273529e+00  2.97119722e+01  1.34172381e+00  5.30371388e+00 
 1.85000000e+00  1.85000000e+00  1.48000000e+00  2.71256243e-03  1.26081314e+00  1.89568307e+00  8.87131248e-01  1.83273529e+00  2.97119722e+01  1.34172381e+00  5.30371388e+00 
