 v-sweep         run_num         v(gate)         i(vds)          out_vth0        out_u0          out_rdsw        out_nfactor     out_vsat        out_eta0       
 0.00000000e+00  9.67200000e+03  1.85000000e+00 -3.53130762e-43  3.41382913e-01  5.25650333e-02  9.87916551e+01  4.04646251e+00  9.68021202e+04 -1.84380375e-01 
 1.00000000e-02  9.67200000e+03  1.85000000e+00 -3.63824569e-05  3.41382913e-01  5.25650333e-02  9.87916551e+01  4.04646251e+00  9.68021202e+04 -1.84380375e-01 
 2.00000000e-02  9.67200000e+03  1.85000000e+00 -7.20394590e-05  3.41382913e-01  5.25650333e-02  9.87916551e+01  4.04646251e+00  9.68021202e+04 -1.84380375e-01 
 3.00000000e-02  9.67200000e+03  1.85000000e+00 -1.06970580e-04  3.41382913e-01  5.25650333e-02  9.87916551e+01  4.04646251e+00  9.68021202e+04 -1.84380375e-01 
 4.00000000e-02  9.67200000e+03  1.85000000e+00 -1.41174529e-04  3.41382913e-01  5.25650333e-02  9.87916551e+01  4.04646251e+00  9.68021202e+04 -1.84380375e-01 
 5.00000000e-02  9.67200000e+03  1.85000000e+00 -1.74649011e-04  3.41382913e-01  5.25650333e-02  9.87916551e+01  4.04646251e+00  9.68021202e+04 -1.84380375e-01 
 6.00000000e-02  9.67200000e+03  1.85000000e+00 -2.07390583e-04  3.41382913e-01  5.25650333e-02  9.87916551e+01  4.04646251e+00  9.68021202e+04 -1.84380375e-01 
 7.00000000e-02  9.67200000e+03  1.85000000e+00 -2.39394513e-04  3.41382913e-01  5.25650333e-02  9.87916551e+01  4.04646251e+00  9.68021202e+04 -1.84380375e-01 
 8.00000000e-02  9.67200000e+03  1.85000000e+00 -2.70654642e-04  3.41382913e-01  5.25650333e-02  9.87916551e+01  4.04646251e+00  9.68021202e+04 -1.84380375e-01 
 9.00000000e-02  9.67200000e+03  1.85000000e+00 -3.01163255e-04  3.41382913e-01  5.25650333e-02  9.87916551e+01  4.04646251e+00  9.68021202e+04 -1.84380375e-01 
 1.00000000e-01  9.67200000e+03  1.85000000e+00 -3.30910969e-04  3.41382913e-01  5.25650333e-02  9.87916551e+01  4.04646251e+00  9.68021202e+04 -1.84380375e-01 
 1.10000000e-01  9.67200000e+03  1.85000000e+00 -3.59886642e-04  3.41382913e-01  5.25650333e-02  9.87916551e+01  4.04646251e+00  9.68021202e+04 -1.84380375e-01 
 1.20000000e-01  9.67200000e+03  1.85000000e+00 -3.88077330e-04  3.41382913e-01  5.25650333e-02  9.87916551e+01  4.04646251e+00  9.68021202e+04 -1.84380375e-01 
 1.30000000e-01  9.67200000e+03  1.85000000e+00 -4.15468289e-04  3.41382913e-01  5.25650333e-02  9.87916551e+01  4.04646251e+00  9.68021202e+04 -1.84380375e-01 
 1.40000000e-01  9.67200000e+03  1.85000000e+00 -4.42043059e-04  3.41382913e-01  5.25650333e-02  9.87916551e+01  4.04646251e+00  9.68021202e+04 -1.84380375e-01 
 1.50000000e-01  9.67200000e+03  1.85000000e+00 -4.67783653e-04  3.41382913e-01  5.25650333e-02  9.87916551e+01  4.04646251e+00  9.68021202e+04 -1.84380375e-01 
 1.60000000e-01  9.67200000e+03  1.85000000e+00 -4.92670858e-04  3.41382913e-01  5.25650333e-02  9.87916551e+01  4.04646251e+00  9.68021202e+04 -1.84380375e-01 
 1.70000000e-01  9.67200000e+03  1.85000000e+00 -5.16684695e-04  3.41382913e-01  5.25650333e-02  9.87916551e+01  4.04646251e+00  9.68021202e+04 -1.84380375e-01 
 1.80000000e-01  9.67200000e+03  1.85000000e+00 -5.39805035e-04  3.41382913e-01  5.25650333e-02  9.87916551e+01  4.04646251e+00  9.68021202e+04 -1.84380375e-01 
 1.90000000e-01  9.67200000e+03  1.85000000e+00 -5.62012392e-04  3.41382913e-01  5.25650333e-02  9.87916551e+01  4.04646251e+00  9.68021202e+04 -1.84380375e-01 
 2.00000000e-01  9.67200000e+03  1.85000000e+00 -5.83288875e-04  3.41382913e-01  5.25650333e-02  9.87916551e+01  4.04646251e+00  9.68021202e+04 -1.84380375e-01 
 2.10000000e-01  9.67200000e+03  1.85000000e+00 -6.03619259e-04  3.41382913e-01  5.25650333e-02  9.87916551e+01  4.04646251e+00  9.68021202e+04 -1.84380375e-01 
 2.20000000e-01  9.67200000e+03  1.85000000e+00 -6.22992127e-04  3.41382913e-01  5.25650333e-02  9.87916551e+01  4.04646251e+00  9.68021202e+04 -1.84380375e-01 
 2.30000000e-01  9.67200000e+03  1.85000000e+00 -6.41400984e-04  3.41382913e-01  5.25650333e-02  9.87916551e+01  4.04646251e+00  9.68021202e+04 -1.84380375e-01 
 2.40000000e-01  9.67200000e+03  1.85000000e+00 -6.58845245e-04  3.41382913e-01  5.25650333e-02  9.87916551e+01  4.04646251e+00  9.68021202e+04 -1.84380375e-01 
 2.50000000e-01  9.67200000e+03  1.85000000e+00 -6.75330999e-04  3.41382913e-01  5.25650333e-02  9.87916551e+01  4.04646251e+00  9.68021202e+04 -1.84380375e-01 
 2.60000000e-01  9.67200000e+03  1.85000000e+00 -6.90871434e-04  3.41382913e-01  5.25650333e-02  9.87916551e+01  4.04646251e+00  9.68021202e+04 -1.84380375e-01 
 2.70000000e-01  9.67200000e+03  1.85000000e+00 -7.05486891e-04  3.41382913e-01  5.25650333e-02  9.87916551e+01  4.04646251e+00  9.68021202e+04 -1.84380375e-01 
 2.80000000e-01  9.67200000e+03  1.85000000e+00 -7.19204516e-04  3.41382913e-01  5.25650333e-02  9.87916551e+01  4.04646251e+00  9.68021202e+04 -1.84380375e-01 
 2.90000000e-01  9.67200000e+03  1.85000000e+00 -7.32057548e-04  3.41382913e-01  5.25650333e-02  9.87916551e+01  4.04646251e+00  9.68021202e+04 -1.84380375e-01 
 3.00000000e-01  9.67200000e+03  1.85000000e+00 -7.44084328e-04  3.41382913e-01  5.25650333e-02  9.87916551e+01  4.04646251e+00  9.68021202e+04 -1.84380375e-01 
 3.10000000e-01  9.67200000e+03  1.85000000e+00 -7.55327121e-04  3.41382913e-01  5.25650333e-02  9.87916551e+01  4.04646251e+00  9.68021202e+04 -1.84380375e-01 
 3.20000000e-01  9.67200000e+03  1.85000000e+00 -7.65830870e-04  3.41382913e-01  5.25650333e-02  9.87916551e+01  4.04646251e+00  9.68021202e+04 -1.84380375e-01 
 3.30000000e-01  9.67200000e+03  1.85000000e+00 -7.75641982e-04  3.41382913e-01  5.25650333e-02  9.87916551e+01  4.04646251e+00  9.68021202e+04 -1.84380375e-01 
 3.40000000e-01  9.67200000e+03  1.85000000e+00 -7.84807219e-04  3.41382913e-01  5.25650333e-02  9.87916551e+01  4.04646251e+00  9.68021202e+04 -1.84380375e-01 
 3.50000000e-01  9.67200000e+03  1.85000000e+00 -7.93372756e-04  3.41382913e-01  5.25650333e-02  9.87916551e+01  4.04646251e+00  9.68021202e+04 -1.84380375e-01 
 3.60000000e-01  9.67200000e+03  1.85000000e+00 -8.01383417e-04  3.41382913e-01  5.25650333e-02  9.87916551e+01  4.04646251e+00  9.68021202e+04 -1.84380375e-01 
 3.70000000e-01  9.67200000e+03  1.85000000e+00 -8.08882112e-04  3.41382913e-01  5.25650333e-02  9.87916551e+01  4.04646251e+00  9.68021202e+04 -1.84380375e-01 
 3.80000000e-01  9.67200000e+03  1.85000000e+00 -8.15909439e-04  3.41382913e-01  5.25650333e-02  9.87916551e+01  4.04646251e+00  9.68021202e+04 -1.84380375e-01 
 3.90000000e-01  9.67200000e+03  1.85000000e+00 -8.22503440e-04  3.41382913e-01  5.25650333e-02  9.87916551e+01  4.04646251e+00  9.68021202e+04 -1.84380375e-01 
 4.00000000e-01  9.67200000e+03  1.85000000e+00 -8.28699492e-04  3.41382913e-01  5.25650333e-02  9.87916551e+01  4.04646251e+00  9.68021202e+04 -1.84380375e-01 
 4.10000000e-01  9.67200000e+03  1.85000000e+00 -8.34530279e-04  3.41382913e-01  5.25650333e-02  9.87916551e+01  4.04646251e+00  9.68021202e+04 -1.84380375e-01 
 4.20000000e-01  9.67200000e+03  1.85000000e+00 -8.40025855e-04  3.41382913e-01  5.25650333e-02  9.87916551e+01  4.04646251e+00  9.68021202e+04 -1.84380375e-01 
 4.30000000e-01  9.67200000e+03  1.85000000e+00 -8.45213743e-04  3.41382913e-01  5.25650333e-02  9.87916551e+01  4.04646251e+00  9.68021202e+04 -1.84380375e-01 
 4.40000000e-01  9.67200000e+03  1.85000000e+00 -8.50119077e-04  3.41382913e-01  5.25650333e-02  9.87916551e+01  4.04646251e+00  9.68021202e+04 -1.84380375e-01 
 4.50000000e-01  9.67200000e+03  1.85000000e+00 -8.54764759e-04  3.41382913e-01  5.25650333e-02  9.87916551e+01  4.04646251e+00  9.68021202e+04 -1.84380375e-01 
 4.60000000e-01  9.67200000e+03  1.85000000e+00 -8.59171625e-04  3.41382913e-01  5.25650333e-02  9.87916551e+01  4.04646251e+00  9.68021202e+04 -1.84380375e-01 
 4.70000000e-01  9.67200000e+03  1.85000000e+00 -8.63358615e-04  3.41382913e-01  5.25650333e-02  9.87916551e+01  4.04646251e+00  9.68021202e+04 -1.84380375e-01 
 4.80000000e-01  9.67200000e+03  1.85000000e+00 -8.67342933e-04  3.41382913e-01  5.25650333e-02  9.87916551e+01  4.04646251e+00  9.68021202e+04 -1.84380375e-01 
 4.90000000e-01  9.67200000e+03  1.85000000e+00 -8.71140208e-04  3.41382913e-01  5.25650333e-02  9.87916551e+01  4.04646251e+00  9.68021202e+04 -1.84380375e-01 
 5.00000000e-01  9.67200000e+03  1.85000000e+00 -8.74764639e-04  3.41382913e-01  5.25650333e-02  9.87916551e+01  4.04646251e+00  9.68021202e+04 -1.84380375e-01 
 5.10000000e-01  9.67200000e+03  1.85000000e+00 -8.78229132e-04  3.41382913e-01  5.25650333e-02  9.87916551e+01  4.04646251e+00  9.68021202e+04 -1.84380375e-01 
 5.20000000e-01  9.67200000e+03  1.85000000e+00 -8.81545426e-04  3.41382913e-01  5.25650333e-02  9.87916551e+01  4.04646251e+00  9.68021202e+04 -1.84380375e-01 
 5.30000000e-01  9.67200000e+03  1.85000000e+00 -8.84724205e-04  3.41382913e-01  5.25650333e-02  9.87916551e+01  4.04646251e+00  9.68021202e+04 -1.84380375e-01 
 5.40000000e-01  9.67200000e+03  1.85000000e+00 -8.87775203e-04  3.41382913e-01  5.25650333e-02  9.87916551e+01  4.04646251e+00  9.68021202e+04 -1.84380375e-01 
 5.50000000e-01  9.67200000e+03  1.85000000e+00 -8.90707300e-04  3.41382913e-01  5.25650333e-02  9.87916551e+01  4.04646251e+00  9.68021202e+04 -1.84380375e-01 
 5.60000000e-01  9.67200000e+03  1.85000000e+00 -8.93528603e-04  3.41382913e-01  5.25650333e-02  9.87916551e+01  4.04646251e+00  9.68021202e+04 -1.84380375e-01 
 5.70000000e-01  9.67200000e+03  1.85000000e+00 -8.96246525e-04  3.41382913e-01  5.25650333e-02  9.87916551e+01  4.04646251e+00  9.68021202e+04 -1.84380375e-01 
 5.80000000e-01  9.67200000e+03  1.85000000e+00 -8.98867850e-04  3.41382913e-01  5.25650333e-02  9.87916551e+01  4.04646251e+00  9.68021202e+04 -1.84380375e-01 
 5.90000000e-01  9.67200000e+03  1.85000000e+00 -9.01398796e-04  3.41382913e-01  5.25650333e-02  9.87916551e+01  4.04646251e+00  9.68021202e+04 -1.84380375e-01 
 6.00000000e-01  9.67200000e+03  1.85000000e+00 -9.03845070e-04  3.41382913e-01  5.25650333e-02  9.87916551e+01  4.04646251e+00  9.68021202e+04 -1.84380375e-01 
 6.10000000e-01  9.67200000e+03  1.85000000e+00 -9.06211916e-04  3.41382913e-01  5.25650333e-02  9.87916551e+01  4.04646251e+00  9.68021202e+04 -1.84380375e-01 
 6.20000000e-01  9.67200000e+03  1.85000000e+00 -9.08504160e-04  3.41382913e-01  5.25650333e-02  9.87916551e+01  4.04646251e+00  9.68021202e+04 -1.84380375e-01 
 6.30000000e-01  9.67200000e+03  1.85000000e+00 -9.10726248e-04  3.41382913e-01  5.25650333e-02  9.87916551e+01  4.04646251e+00  9.68021202e+04 -1.84380375e-01 
 6.40000000e-01  9.67200000e+03  1.85000000e+00 -9.12882281e-04  3.41382913e-01  5.25650333e-02  9.87916551e+01  4.04646251e+00  9.68021202e+04 -1.84380375e-01 
 6.50000000e-01  9.67200000e+03  1.85000000e+00 -9.14976049e-04  3.41382913e-01  5.25650333e-02  9.87916551e+01  4.04646251e+00  9.68021202e+04 -1.84380375e-01 
 6.60000000e-01  9.67200000e+03  1.85000000e+00 -9.17011057e-04  3.41382913e-01  5.25650333e-02  9.87916551e+01  4.04646251e+00  9.68021202e+04 -1.84380375e-01 
 6.70000000e-01  9.67200000e+03  1.85000000e+00 -9.18990551e-04  3.41382913e-01  5.25650333e-02  9.87916551e+01  4.04646251e+00  9.68021202e+04 -1.84380375e-01 
 6.80000000e-01  9.67200000e+03  1.85000000e+00 -9.20917542e-04  3.41382913e-01  5.25650333e-02  9.87916551e+01  4.04646251e+00  9.68021202e+04 -1.84380375e-01 
 6.90000000e-01  9.67200000e+03  1.85000000e+00 -9.22794823e-04  3.41382913e-01  5.25650333e-02  9.87916551e+01  4.04646251e+00  9.68021202e+04 -1.84380375e-01 
 7.00000000e-01  9.67200000e+03  1.85000000e+00 -9.24624995e-04  3.41382913e-01  5.25650333e-02  9.87916551e+01  4.04646251e+00  9.68021202e+04 -1.84380375e-01 
 7.10000000e-01  9.67200000e+03  1.85000000e+00 -9.26410474e-04  3.41382913e-01  5.25650333e-02  9.87916551e+01  4.04646251e+00  9.68021202e+04 -1.84380375e-01 
 7.20000000e-01  9.67200000e+03  1.85000000e+00 -9.28153514e-04  3.41382913e-01  5.25650333e-02  9.87916551e+01  4.04646251e+00  9.68021202e+04 -1.84380375e-01 
 7.30000000e-01  9.67200000e+03  1.85000000e+00 -9.29856217e-04  3.41382913e-01  5.25650333e-02  9.87916551e+01  4.04646251e+00  9.68021202e+04 -1.84380375e-01 
 7.40000000e-01  9.67200000e+03  1.85000000e+00 -9.31520545e-04  3.41382913e-01  5.25650333e-02  9.87916551e+01  4.04646251e+00  9.68021202e+04 -1.84380375e-01 
 7.50000000e-01  9.67200000e+03  1.85000000e+00 -9.33148335e-04  3.41382913e-01  5.25650333e-02  9.87916551e+01  4.04646251e+00  9.68021202e+04 -1.84380375e-01 
 7.60000000e-01  9.67200000e+03  1.85000000e+00 -9.34741302e-04  3.41382913e-01  5.25650333e-02  9.87916551e+01  4.04646251e+00  9.68021202e+04 -1.84380375e-01 
 7.70000000e-01  9.67200000e+03  1.85000000e+00 -9.36301058e-04  3.41382913e-01  5.25650333e-02  9.87916551e+01  4.04646251e+00  9.68021202e+04 -1.84380375e-01 
 7.80000000e-01  9.67200000e+03  1.85000000e+00 -9.37829110e-04  3.41382913e-01  5.25650333e-02  9.87916551e+01  4.04646251e+00  9.68021202e+04 -1.84380375e-01 
 7.90000000e-01  9.67200000e+03  1.85000000e+00 -9.39326876e-04  3.41382913e-01  5.25650333e-02  9.87916551e+01  4.04646251e+00  9.68021202e+04 -1.84380375e-01 
 8.00000000e-01  9.67200000e+03  1.85000000e+00 -9.40795686e-04  3.41382913e-01  5.25650333e-02  9.87916551e+01  4.04646251e+00  9.68021202e+04 -1.84380375e-01 
 8.10000000e-01  9.67200000e+03  1.85000000e+00 -9.42236793e-04  3.41382913e-01  5.25650333e-02  9.87916551e+01  4.04646251e+00  9.68021202e+04 -1.84380375e-01 
 8.20000000e-01  9.67200000e+03  1.85000000e+00 -9.43651376e-04  3.41382913e-01  5.25650333e-02  9.87916551e+01  4.04646251e+00  9.68021202e+04 -1.84380375e-01 
 8.30000000e-01  9.67200000e+03  1.85000000e+00 -9.45040546e-04  3.41382913e-01  5.25650333e-02  9.87916551e+01  4.04646251e+00  9.68021202e+04 -1.84380375e-01 
 8.40000000e-01  9.67200000e+03  1.85000000e+00 -9.46405350e-04  3.41382913e-01  5.25650333e-02  9.87916551e+01  4.04646251e+00  9.68021202e+04 -1.84380375e-01 
 8.50000000e-01  9.67200000e+03  1.85000000e+00 -9.47746777e-04  3.41382913e-01  5.25650333e-02  9.87916551e+01  4.04646251e+00  9.68021202e+04 -1.84380375e-01 
 8.60000000e-01  9.67200000e+03  1.85000000e+00 -9.49065762e-04  3.41382913e-01  5.25650333e-02  9.87916551e+01  4.04646251e+00  9.68021202e+04 -1.84380375e-01 
 8.70000000e-01  9.67200000e+03  1.85000000e+00 -9.50363187e-04  3.41382913e-01  5.25650333e-02  9.87916551e+01  4.04646251e+00  9.68021202e+04 -1.84380375e-01 
 8.80000000e-01  9.67200000e+03  1.85000000e+00 -9.51639890e-04  3.41382913e-01  5.25650333e-02  9.87916551e+01  4.04646251e+00  9.68021202e+04 -1.84380375e-01 
 8.90000000e-01  9.67200000e+03  1.85000000e+00 -9.52896660e-04  3.41382913e-01  5.25650333e-02  9.87916551e+01  4.04646251e+00  9.68021202e+04 -1.84380375e-01 
 9.00000000e-01  9.67200000e+03  1.85000000e+00 -9.54134250e-04  3.41382913e-01  5.25650333e-02  9.87916551e+01  4.04646251e+00  9.68021202e+04 -1.84380375e-01 
 9.10000000e-01  9.67200000e+03  1.85000000e+00 -9.55353369e-04  3.41382913e-01  5.25650333e-02  9.87916551e+01  4.04646251e+00  9.68021202e+04 -1.84380375e-01 
 9.20000000e-01  9.67200000e+03  1.85000000e+00 -9.56554695e-04  3.41382913e-01  5.25650333e-02  9.87916551e+01  4.04646251e+00  9.68021202e+04 -1.84380375e-01 
 9.30000000e-01  9.67200000e+03  1.85000000e+00 -9.57738867e-04  3.41382913e-01  5.25650333e-02  9.87916551e+01  4.04646251e+00  9.68021202e+04 -1.84380375e-01 
 9.40000000e-01  9.67200000e+03  1.85000000e+00 -9.58906496e-04  3.41382913e-01  5.25650333e-02  9.87916551e+01  4.04646251e+00  9.68021202e+04 -1.84380375e-01 
 9.50000000e-01  9.67200000e+03  1.85000000e+00 -9.60058161e-04  3.41382913e-01  5.25650333e-02  9.87916551e+01  4.04646251e+00  9.68021202e+04 -1.84380375e-01 
 9.60000000e-01  9.67200000e+03  1.85000000e+00 -9.61194415e-04  3.41382913e-01  5.25650333e-02  9.87916551e+01  4.04646251e+00  9.68021202e+04 -1.84380375e-01 
 9.70000000e-01  9.67200000e+03  1.85000000e+00 -9.62315783e-04  3.41382913e-01  5.25650333e-02  9.87916551e+01  4.04646251e+00  9.68021202e+04 -1.84380375e-01 
 9.80000000e-01  9.67200000e+03  1.85000000e+00 -9.63422766e-04  3.41382913e-01  5.25650333e-02  9.87916551e+01  4.04646251e+00  9.68021202e+04 -1.84380375e-01 
 9.90000000e-01  9.67200000e+03  1.85000000e+00 -9.64515841e-04  3.41382913e-01  5.25650333e-02  9.87916551e+01  4.04646251e+00  9.68021202e+04 -1.84380375e-01 
 1.00000000e+00  9.67200000e+03  1.85000000e+00 -9.65595464e-04  3.41382913e-01  5.25650333e-02  9.87916551e+01  4.04646251e+00  9.68021202e+04 -1.84380375e-01 
 1.01000000e+00  9.67200000e+03  1.85000000e+00 -9.66662070e-04  3.41382913e-01  5.25650333e-02  9.87916551e+01  4.04646251e+00  9.68021202e+04 -1.84380375e-01 
 1.02000000e+00  9.67200000e+03  1.85000000e+00 -9.67716075e-04  3.41382913e-01  5.25650333e-02  9.87916551e+01  4.04646251e+00  9.68021202e+04 -1.84380375e-01 
 1.03000000e+00  9.67200000e+03  1.85000000e+00 -9.68757876e-04  3.41382913e-01  5.25650333e-02  9.87916551e+01  4.04646251e+00  9.68021202e+04 -1.84380375e-01 
 1.04000000e+00  9.67200000e+03  1.85000000e+00 -9.69787852e-04  3.41382913e-01  5.25650333e-02  9.87916551e+01  4.04646251e+00  9.68021202e+04 -1.84380375e-01 
 1.05000000e+00  9.67200000e+03  1.85000000e+00 -9.70806368e-04  3.41382913e-01  5.25650333e-02  9.87916551e+01  4.04646251e+00  9.68021202e+04 -1.84380375e-01 
 1.06000000e+00  9.67200000e+03  1.85000000e+00 -9.71813770e-04  3.41382913e-01  5.25650333e-02  9.87916551e+01  4.04646251e+00  9.68021202e+04 -1.84380375e-01 
 1.07000000e+00  9.67200000e+03  1.85000000e+00 -9.72810393e-04  3.41382913e-01  5.25650333e-02  9.87916551e+01  4.04646251e+00  9.68021202e+04 -1.84380375e-01 
 1.08000000e+00  9.67200000e+03  1.85000000e+00 -9.73796554e-04  3.41382913e-01  5.25650333e-02  9.87916551e+01  4.04646251e+00  9.68021202e+04 -1.84380375e-01 
 1.09000000e+00  9.67200000e+03  1.85000000e+00 -9.74772562e-04  3.41382913e-01  5.25650333e-02  9.87916551e+01  4.04646251e+00  9.68021202e+04 -1.84380375e-01 
 1.10000000e+00  9.67200000e+03  1.85000000e+00 -9.75738708e-04  3.41382913e-01  5.25650333e-02  9.87916551e+01  4.04646251e+00  9.68021202e+04 -1.84380375e-01 
 1.11000000e+00  9.67200000e+03  1.85000000e+00 -9.76695276e-04  3.41382913e-01  5.25650333e-02  9.87916551e+01  4.04646251e+00  9.68021202e+04 -1.84380375e-01 
 1.12000000e+00  9.67200000e+03  1.85000000e+00 -9.77642536e-04  3.41382913e-01  5.25650333e-02  9.87916551e+01  4.04646251e+00  9.68021202e+04 -1.84380375e-01 
 1.13000000e+00  9.67200000e+03  1.85000000e+00 -9.78580747e-04  3.41382913e-01  5.25650333e-02  9.87916551e+01  4.04646251e+00  9.68021202e+04 -1.84380375e-01 
 1.14000000e+00  9.67200000e+03  1.85000000e+00 -9.79510159e-04  3.41382913e-01  5.25650333e-02  9.87916551e+01  4.04646251e+00  9.68021202e+04 -1.84380375e-01 
 1.15000000e+00  9.67200000e+03  1.85000000e+00 -9.80431013e-04  3.41382913e-01  5.25650333e-02  9.87916551e+01  4.04646251e+00  9.68021202e+04 -1.84380375e-01 
 1.16000000e+00  9.67200000e+03  1.85000000e+00 -9.81343540e-04  3.41382913e-01  5.25650333e-02  9.87916551e+01  4.04646251e+00  9.68021202e+04 -1.84380375e-01 
 1.17000000e+00  9.67200000e+03  1.85000000e+00 -9.82247962e-04  3.41382913e-01  5.25650333e-02  9.87916551e+01  4.04646251e+00  9.68021202e+04 -1.84380375e-01 
 1.18000000e+00  9.67200000e+03  1.85000000e+00 -9.83144492e-04  3.41382913e-01  5.25650333e-02  9.87916551e+01  4.04646251e+00  9.68021202e+04 -1.84380375e-01 
 1.19000000e+00  9.67200000e+03  1.85000000e+00 -9.84033338e-04  3.41382913e-01  5.25650333e-02  9.87916551e+01  4.04646251e+00  9.68021202e+04 -1.84380375e-01 
 1.20000000e+00  9.67200000e+03  1.85000000e+00 -9.84914696e-04  3.41382913e-01  5.25650333e-02  9.87916551e+01  4.04646251e+00  9.68021202e+04 -1.84380375e-01 
 1.21000000e+00  9.67200000e+03  1.85000000e+00 -9.85788760e-04  3.41382913e-01  5.25650333e-02  9.87916551e+01  4.04646251e+00  9.68021202e+04 -1.84380375e-01 
 1.22000000e+00  9.67200000e+03  1.85000000e+00 -9.86655713e-04  3.41382913e-01  5.25650333e-02  9.87916551e+01  4.04646251e+00  9.68021202e+04 -1.84380375e-01 
 1.23000000e+00  9.67200000e+03  1.85000000e+00 -9.87515733e-04  3.41382913e-01  5.25650333e-02  9.87916551e+01  4.04646251e+00  9.68021202e+04 -1.84380375e-01 
 1.24000000e+00  9.67200000e+03  1.85000000e+00 -9.88368992e-04  3.41382913e-01  5.25650333e-02  9.87916551e+01  4.04646251e+00  9.68021202e+04 -1.84380375e-01 
 1.25000000e+00  9.67200000e+03  1.85000000e+00 -9.89215656e-04  3.41382913e-01  5.25650333e-02  9.87916551e+01  4.04646251e+00  9.68021202e+04 -1.84380375e-01 
 1.26000000e+00  9.67200000e+03  1.85000000e+00 -9.90055884e-04  3.41382913e-01  5.25650333e-02  9.87916551e+01  4.04646251e+00  9.68021202e+04 -1.84380375e-01 
 1.27000000e+00  9.67200000e+03  1.85000000e+00 -9.90889832e-04  3.41382913e-01  5.25650333e-02  9.87916551e+01  4.04646251e+00  9.68021202e+04 -1.84380375e-01 
 1.28000000e+00  9.67200000e+03  1.85000000e+00 -9.91717648e-04  3.41382913e-01  5.25650333e-02  9.87916551e+01  4.04646251e+00  9.68021202e+04 -1.84380375e-01 
 1.29000000e+00  9.67200000e+03  1.85000000e+00 -9.92539477e-04  3.41382913e-01  5.25650333e-02  9.87916551e+01  4.04646251e+00  9.68021202e+04 -1.84380375e-01 
 1.30000000e+00  9.67200000e+03  1.85000000e+00 -9.93355459e-04  3.41382913e-01  5.25650333e-02  9.87916551e+01  4.04646251e+00  9.68021202e+04 -1.84380375e-01 
 1.31000000e+00  9.67200000e+03  1.85000000e+00 -9.94165728e-04  3.41382913e-01  5.25650333e-02  9.87916551e+01  4.04646251e+00  9.68021202e+04 -1.84380375e-01 
 1.32000000e+00  9.67200000e+03  1.85000000e+00 -9.94970416e-04  3.41382913e-01  5.25650333e-02  9.87916551e+01  4.04646251e+00  9.68021202e+04 -1.84380375e-01 
 1.33000000e+00  9.67200000e+03  1.85000000e+00 -9.95769648e-04  3.41382913e-01  5.25650333e-02  9.87916551e+01  4.04646251e+00  9.68021202e+04 -1.84380375e-01 
 1.34000000e+00  9.67200000e+03  1.85000000e+00 -9.96563547e-04  3.41382913e-01  5.25650333e-02  9.87916551e+01  4.04646251e+00  9.68021202e+04 -1.84380375e-01 
 1.35000000e+00  9.67200000e+03  1.85000000e+00 -9.97352232e-04  3.41382913e-01  5.25650333e-02  9.87916551e+01  4.04646251e+00  9.68021202e+04 -1.84380375e-01 
 1.36000000e+00  9.67200000e+03  1.85000000e+00 -9.98135818e-04  3.41382913e-01  5.25650333e-02  9.87916551e+01  4.04646251e+00  9.68021202e+04 -1.84380375e-01 
 1.37000000e+00  9.67200000e+03  1.85000000e+00 -9.98914416e-04  3.41382913e-01  5.25650333e-02  9.87916551e+01  4.04646251e+00  9.68021202e+04 -1.84380375e-01 
 1.38000000e+00  9.67200000e+03  1.85000000e+00 -9.99688134e-04  3.41382913e-01  5.25650333e-02  9.87916551e+01  4.04646251e+00  9.68021202e+04 -1.84380375e-01 
 1.39000000e+00  9.67200000e+03  1.85000000e+00 -1.00045708e-03  3.41382913e-01  5.25650333e-02  9.87916551e+01  4.04646251e+00  9.68021202e+04 -1.84380375e-01 
 1.40000000e+00  9.67200000e+03  1.85000000e+00 -1.00122135e-03  3.41382913e-01  5.25650333e-02  9.87916551e+01  4.04646251e+00  9.68021202e+04 -1.84380375e-01 
 1.41000000e+00  9.67200000e+03  1.85000000e+00 -1.00198104e-03  3.41382913e-01  5.25650333e-02  9.87916551e+01  4.04646251e+00  9.68021202e+04 -1.84380375e-01 
 1.42000000e+00  9.67200000e+03  1.85000000e+00 -1.00273626e-03  3.41382913e-01  5.25650333e-02  9.87916551e+01  4.04646251e+00  9.68021202e+04 -1.84380375e-01 
 1.43000000e+00  9.67200000e+03  1.85000000e+00 -1.00348709e-03  3.41382913e-01  5.25650333e-02  9.87916551e+01  4.04646251e+00  9.68021202e+04 -1.84380375e-01 
 1.44000000e+00  9.67200000e+03  1.85000000e+00 -1.00423363e-03  3.41382913e-01  5.25650333e-02  9.87916551e+01  4.04646251e+00  9.68021202e+04 -1.84380375e-01 
 1.45000000e+00  9.67200000e+03  1.85000000e+00 -1.00497596e-03  3.41382913e-01  5.25650333e-02  9.87916551e+01  4.04646251e+00  9.68021202e+04 -1.84380375e-01 
 1.46000000e+00  9.67200000e+03  1.85000000e+00 -1.00571416e-03  3.41382913e-01  5.25650333e-02  9.87916551e+01  4.04646251e+00  9.68021202e+04 -1.84380375e-01 
 1.47000000e+00  9.67200000e+03  1.85000000e+00 -1.00644834e-03  3.41382913e-01  5.25650333e-02  9.87916551e+01  4.04646251e+00  9.68021202e+04 -1.84380375e-01 
 1.48000000e+00  9.67200000e+03  1.85000000e+00 -1.00717855e-03  3.41382913e-01  5.25650333e-02  9.87916551e+01  4.04646251e+00  9.68021202e+04 -1.84380375e-01 
 1.49000000e+00  9.67200000e+03  1.85000000e+00 -1.00790489e-03  3.41382913e-01  5.25650333e-02  9.87916551e+01  4.04646251e+00  9.68021202e+04 -1.84380375e-01 
 1.50000000e+00  9.67200000e+03  1.85000000e+00 -1.00862743e-03  3.41382913e-01  5.25650333e-02  9.87916551e+01  4.04646251e+00  9.68021202e+04 -1.84380375e-01 
 1.51000000e+00  9.67200000e+03  1.85000000e+00 -1.00934625e-03  3.41382913e-01  5.25650333e-02  9.87916551e+01  4.04646251e+00  9.68021202e+04 -1.84380375e-01 
 1.52000000e+00  9.67200000e+03  1.85000000e+00 -1.01006142e-03  3.41382913e-01  5.25650333e-02  9.87916551e+01  4.04646251e+00  9.68021202e+04 -1.84380375e-01 
 1.53000000e+00  9.67200000e+03  1.85000000e+00 -1.01077301e-03  3.41382913e-01  5.25650333e-02  9.87916551e+01  4.04646251e+00  9.68021202e+04 -1.84380375e-01 
 1.54000000e+00  9.67200000e+03  1.85000000e+00 -1.01148110e-03  3.41382913e-01  5.25650333e-02  9.87916551e+01  4.04646251e+00  9.68021202e+04 -1.84380375e-01 
 1.55000000e+00  9.67200000e+03  1.85000000e+00 -1.01218576e-03  3.41382913e-01  5.25650333e-02  9.87916551e+01  4.04646251e+00  9.68021202e+04 -1.84380375e-01 
 1.56000000e+00  9.67200000e+03  1.85000000e+00 -1.01288705e-03  3.41382913e-01  5.25650333e-02  9.87916551e+01  4.04646251e+00  9.68021202e+04 -1.84380375e-01 
 1.57000000e+00  9.67200000e+03  1.85000000e+00 -1.01358504e-03  3.41382913e-01  5.25650333e-02  9.87916551e+01  4.04646251e+00  9.68021202e+04 -1.84380375e-01 
 1.58000000e+00  9.67200000e+03  1.85000000e+00 -1.01427979e-03  3.41382913e-01  5.25650333e-02  9.87916551e+01  4.04646251e+00  9.68021202e+04 -1.84380375e-01 
 1.59000000e+00  9.67200000e+03  1.85000000e+00 -1.01497139e-03  3.41382913e-01  5.25650333e-02  9.87916551e+01  4.04646251e+00  9.68021202e+04 -1.84380375e-01 
 1.60000000e+00  9.67200000e+03  1.85000000e+00 -1.01565988e-03  3.41382913e-01  5.25650333e-02  9.87916551e+01  4.04646251e+00  9.68021202e+04 -1.84380375e-01 
 1.61000000e+00  9.67200000e+03  1.85000000e+00 -1.01634534e-03  3.41382913e-01  5.25650333e-02  9.87916551e+01  4.04646251e+00  9.68021202e+04 -1.84380375e-01 
 1.62000000e+00  9.67200000e+03  1.85000000e+00 -1.01702782e-03  3.41382913e-01  5.25650333e-02  9.87916551e+01  4.04646251e+00  9.68021202e+04 -1.84380375e-01 
 1.63000000e+00  9.67200000e+03  1.85000000e+00 -1.01770741e-03  3.41382913e-01  5.25650333e-02  9.87916551e+01  4.04646251e+00  9.68021202e+04 -1.84380375e-01 
 1.64000000e+00  9.67200000e+03  1.85000000e+00 -1.01838415e-03  3.41382913e-01  5.25650333e-02  9.87916551e+01  4.04646251e+00  9.68021202e+04 -1.84380375e-01 
 1.65000000e+00  9.67200000e+03  1.85000000e+00 -1.01905811e-03  3.41382913e-01  5.25650333e-02  9.87916551e+01  4.04646251e+00  9.68021202e+04 -1.84380375e-01 
 1.66000000e+00  9.67200000e+03  1.85000000e+00 -1.01972936e-03  3.41382913e-01  5.25650333e-02  9.87916551e+01  4.04646251e+00  9.68021202e+04 -1.84380375e-01 
 1.67000000e+00  9.67200000e+03  1.85000000e+00 -1.02039796e-03  3.41382913e-01  5.25650333e-02  9.87916551e+01  4.04646251e+00  9.68021202e+04 -1.84380375e-01 
 1.68000000e+00  9.67200000e+03  1.85000000e+00 -1.02106399e-03  3.41382913e-01  5.25650333e-02  9.87916551e+01  4.04646251e+00  9.68021202e+04 -1.84380375e-01 
 1.69000000e+00  9.67200000e+03  1.85000000e+00 -1.02172750e-03  3.41382913e-01  5.25650333e-02  9.87916551e+01  4.04646251e+00  9.68021202e+04 -1.84380375e-01 
 1.70000000e+00  9.67200000e+03  1.85000000e+00 -1.02238857e-03  3.41382913e-01  5.25650333e-02  9.87916551e+01  4.04646251e+00  9.68021202e+04 -1.84380375e-01 
 1.71000000e+00  9.67200000e+03  1.85000000e+00 -1.02304727e-03  3.41382913e-01  5.25650333e-02  9.87916551e+01  4.04646251e+00  9.68021202e+04 -1.84380375e-01 
 1.72000000e+00  9.67200000e+03  1.85000000e+00 -1.02370366e-03  3.41382913e-01  5.25650333e-02  9.87916551e+01  4.04646251e+00  9.68021202e+04 -1.84380375e-01 
 1.73000000e+00  9.67200000e+03  1.85000000e+00 -1.02435783e-03  3.41382913e-01  5.25650333e-02  9.87916551e+01  4.04646251e+00  9.68021202e+04 -1.84380375e-01 
 1.74000000e+00  9.67200000e+03  1.85000000e+00 -1.02500984e-03  3.41382913e-01  5.25650333e-02  9.87916551e+01  4.04646251e+00  9.68021202e+04 -1.84380375e-01 
 1.75000000e+00  9.67200000e+03  1.85000000e+00 -1.02565978e-03  3.41382913e-01  5.25650333e-02  9.87916551e+01  4.04646251e+00  9.68021202e+04 -1.84380375e-01 
 1.76000000e+00  9.67200000e+03  1.85000000e+00 -1.02630773e-03  3.41382913e-01  5.25650333e-02  9.87916551e+01  4.04646251e+00  9.68021202e+04 -1.84380375e-01 
 1.77000000e+00  9.67200000e+03  1.85000000e+00 -1.02695378e-03  3.41382913e-01  5.25650333e-02  9.87916551e+01  4.04646251e+00  9.68021202e+04 -1.84380375e-01 
 1.78000000e+00  9.67200000e+03  1.85000000e+00 -1.02759801e-03  3.41382913e-01  5.25650333e-02  9.87916551e+01  4.04646251e+00  9.68021202e+04 -1.84380375e-01 
 1.79000000e+00  9.67200000e+03  1.85000000e+00 -1.02824051e-03  3.41382913e-01  5.25650333e-02  9.87916551e+01  4.04646251e+00  9.68021202e+04 -1.84380375e-01 
 1.80000000e+00  9.67200000e+03  1.85000000e+00 -1.02888139e-03  3.41382913e-01  5.25650333e-02  9.87916551e+01  4.04646251e+00  9.68021202e+04 -1.84380375e-01 
 1.81000000e+00  9.67200000e+03  1.85000000e+00 -1.02952074e-03  3.41382913e-01  5.25650333e-02  9.87916551e+01  4.04646251e+00  9.68021202e+04 -1.84380375e-01 
 1.82000000e+00  9.67200000e+03  1.85000000e+00 -1.03015867e-03  3.41382913e-01  5.25650333e-02  9.87916551e+01  4.04646251e+00  9.68021202e+04 -1.84380375e-01 
 1.83000000e+00  9.67200000e+03  1.85000000e+00 -1.03079529e-03  3.41382913e-01  5.25650333e-02  9.87916551e+01  4.04646251e+00  9.68021202e+04 -1.84380375e-01 
 1.84000000e+00  9.67200000e+03  1.85000000e+00 -1.03143073e-03  3.41382913e-01  5.25650333e-02  9.87916551e+01  4.04646251e+00  9.68021202e+04 -1.84380375e-01 
 1.85000000e+00  9.67200000e+03  1.85000000e+00 -1.03206511e-03  3.41382913e-01  5.25650333e-02  9.87916551e+01  4.04646251e+00  9.68021202e+04 -1.84380375e-01 
