 v-sweep         run_num         v(gate)         i(vds)          out_vth0        out_u0          out_rdsw        out_nfactor     out_vsat        out_eta0       
 0.00000000e+00  9.32700000e+03  1.85000000e+00  4.32843548e-43  3.67495058e-01  5.93052143e-02  1.01482638e+02  6.00842854e+00  1.09615433e+05 -1.90423408e-01 
 1.00000000e-02  9.32700000e+03  1.85000000e+00 -4.09270534e-05  3.67495058e-01  5.93052143e-02  1.01482638e+02  6.00842854e+00  1.09615433e+05 -1.90423408e-01 
 2.00000000e-02  9.32700000e+03  1.85000000e+00 -8.09819170e-05  3.67495058e-01  5.93052143e-02  1.01482638e+02  6.00842854e+00  1.09615433e+05 -1.90423408e-01 
 3.00000000e-02  9.32700000e+03  1.85000000e+00 -1.20146995e-04  3.67495058e-01  5.93052143e-02  1.01482638e+02  6.00842854e+00  1.09615433e+05 -1.90423408e-01 
 4.00000000e-02  9.32700000e+03  1.85000000e+00 -1.58405971e-04  3.67495058e-01  5.93052143e-02  1.01482638e+02  6.00842854e+00  1.09615433e+05 -1.90423408e-01 
 5.00000000e-02  9.32700000e+03  1.85000000e+00 -1.95743142e-04  3.67495058e-01  5.93052143e-02  1.01482638e+02  6.00842854e+00  1.09615433e+05 -1.90423408e-01 
 6.00000000e-02  9.32700000e+03  1.85000000e+00 -2.32142925e-04  3.67495058e-01  5.93052143e-02  1.01482638e+02  6.00842854e+00  1.09615433e+05 -1.90423408e-01 
 7.00000000e-02  9.32700000e+03  1.85000000e+00 -2.67589490e-04  3.67495058e-01  5.93052143e-02  1.01482638e+02  6.00842854e+00  1.09615433e+05 -1.90423408e-01 
 8.00000000e-02  9.32700000e+03  1.85000000e+00 -3.02066512e-04  3.67495058e-01  5.93052143e-02  1.01482638e+02  6.00842854e+00  1.09615433e+05 -1.90423408e-01 
 9.00000000e-02  9.32700000e+03  1.85000000e+00 -3.35557039e-04  3.67495058e-01  5.93052143e-02  1.01482638e+02  6.00842854e+00  1.09615433e+05 -1.90423408e-01 
 1.00000000e-01  9.32700000e+03  1.85000000e+00 -3.68043466e-04  3.67495058e-01  5.93052143e-02  1.01482638e+02  6.00842854e+00  1.09615433e+05 -1.90423408e-01 
 1.10000000e-01  9.32700000e+03  1.85000000e+00 -3.99507636e-04  3.67495058e-01  5.93052143e-02  1.01482638e+02  6.00842854e+00  1.09615433e+05 -1.90423408e-01 
 1.20000000e-01  9.32700000e+03  1.85000000e+00 -4.29931064e-04  3.67495058e-01  5.93052143e-02  1.01482638e+02  6.00842854e+00  1.09615433e+05 -1.90423408e-01 
 1.30000000e-01  9.32700000e+03  1.85000000e+00 -4.59295302e-04  3.67495058e-01  5.93052143e-02  1.01482638e+02  6.00842854e+00  1.09615433e+05 -1.90423408e-01 
 1.40000000e-01  9.32700000e+03  1.85000000e+00 -4.87582446e-04  3.67495058e-01  5.93052143e-02  1.01482638e+02  6.00842854e+00  1.09615433e+05 -1.90423408e-01 
 1.50000000e-01  9.32700000e+03  1.85000000e+00 -5.14775783e-04  3.67495058e-01  5.93052143e-02  1.01482638e+02  6.00842854e+00  1.09615433e+05 -1.90423408e-01 
 1.60000000e-01  9.32700000e+03  1.85000000e+00 -5.40860558e-04  3.67495058e-01  5.93052143e-02  1.01482638e+02  6.00842854e+00  1.09615433e+05 -1.90423408e-01 
 1.70000000e-01  9.32700000e+03  1.85000000e+00 -5.65824845e-04  3.67495058e-01  5.93052143e-02  1.01482638e+02  6.00842854e+00  1.09615433e+05 -1.90423408e-01 
 1.80000000e-01  9.32700000e+03  1.85000000e+00 -5.89660458e-04  3.67495058e-01  5.93052143e-02  1.01482638e+02  6.00842854e+00  1.09615433e+05 -1.90423408e-01 
 1.90000000e-01  9.32700000e+03  1.85000000e+00 -6.12363860e-04  3.67495058e-01  5.93052143e-02  1.01482638e+02  6.00842854e+00  1.09615433e+05 -1.90423408e-01 
 2.00000000e-01  9.32700000e+03  1.85000000e+00 -6.33936981e-04  3.67495058e-01  5.93052143e-02  1.01482638e+02  6.00842854e+00  1.09615433e+05 -1.90423408e-01 
 2.10000000e-01  9.32700000e+03  1.85000000e+00 -6.54387875e-04  3.67495058e-01  5.93052143e-02  1.01482638e+02  6.00842854e+00  1.09615433e+05 -1.90423408e-01 
 2.20000000e-01  9.32700000e+03  1.85000000e+00 -6.73731144e-04  3.67495058e-01  5.93052143e-02  1.01482638e+02  6.00842854e+00  1.09615433e+05 -1.90423408e-01 
 2.30000000e-01  9.32700000e+03  1.85000000e+00 -6.91988087e-04  3.67495058e-01  5.93052143e-02  1.01482638e+02  6.00842854e+00  1.09615433e+05 -1.90423408e-01 
 2.40000000e-01  9.32700000e+03  1.85000000e+00 -7.09186525e-04  3.67495058e-01  5.93052143e-02  1.01482638e+02  6.00842854e+00  1.09615433e+05 -1.90423408e-01 
 2.50000000e-01  9.32700000e+03  1.85000000e+00 -7.25360338e-04  3.67495058e-01  5.93052143e-02  1.01482638e+02  6.00842854e+00  1.09615433e+05 -1.90423408e-01 
 2.60000000e-01  9.32700000e+03  1.85000000e+00 -7.40548733e-04  3.67495058e-01  5.93052143e-02  1.01482638e+02  6.00842854e+00  1.09615433e+05 -1.90423408e-01 
 2.70000000e-01  9.32700000e+03  1.85000000e+00 -7.54795314e-04  3.67495058e-01  5.93052143e-02  1.01482638e+02  6.00842854e+00  1.09615433e+05 -1.90423408e-01 
 2.80000000e-01  9.32700000e+03  1.85000000e+00 -7.68147025e-04  3.67495058e-01  5.93052143e-02  1.01482638e+02  6.00842854e+00  1.09615433e+05 -1.90423408e-01 
 2.90000000e-01  9.32700000e+03  1.85000000e+00 -7.80653061e-04  3.67495058e-01  5.93052143e-02  1.01482638e+02  6.00842854e+00  1.09615433e+05 -1.90423408e-01 
 3.00000000e-01  9.32700000e+03  1.85000000e+00 -7.92363801e-04  3.67495058e-01  5.93052143e-02  1.01482638e+02  6.00842854e+00  1.09615433e+05 -1.90423408e-01 
 3.10000000e-01  9.32700000e+03  1.85000000e+00 -8.03329838e-04  3.67495058e-01  5.93052143e-02  1.01482638e+02  6.00842854e+00  1.09615433e+05 -1.90423408e-01 
 3.20000000e-01  9.32700000e+03  1.85000000e+00 -8.13601133e-04  3.67495058e-01  5.93052143e-02  1.01482638e+02  6.00842854e+00  1.09615433e+05 -1.90423408e-01 
 3.30000000e-01  9.32700000e+03  1.85000000e+00 -8.23226323e-04  3.67495058e-01  5.93052143e-02  1.01482638e+02  6.00842854e+00  1.09615433e+05 -1.90423408e-01 
 3.40000000e-01  9.32700000e+03  1.85000000e+00 -8.32252181e-04  3.67495058e-01  5.93052143e-02  1.01482638e+02  6.00842854e+00  1.09615433e+05 -1.90423408e-01 
 3.50000000e-01  9.32700000e+03  1.85000000e+00 -8.40723228e-04  3.67495058e-01  5.93052143e-02  1.01482638e+02  6.00842854e+00  1.09615433e+05 -1.90423408e-01 
 3.60000000e-01  9.32700000e+03  1.85000000e+00 -8.48681474e-04  3.67495058e-01  5.93052143e-02  1.01482638e+02  6.00842854e+00  1.09615433e+05 -1.90423408e-01 
 3.70000000e-01  9.32700000e+03  1.85000000e+00 -8.56166272e-04  3.67495058e-01  5.93052143e-02  1.01482638e+02  6.00842854e+00  1.09615433e+05 -1.90423408e-01 
 3.80000000e-01  9.32700000e+03  1.85000000e+00 -8.63214272e-04  3.67495058e-01  5.93052143e-02  1.01482638e+02  6.00842854e+00  1.09615433e+05 -1.90423408e-01 
 3.90000000e-01  9.32700000e+03  1.85000000e+00 -8.69859434e-04  3.67495058e-01  5.93052143e-02  1.01482638e+02  6.00842854e+00  1.09615433e+05 -1.90423408e-01 
 4.00000000e-01  9.32700000e+03  1.85000000e+00 -8.76133107e-04  3.67495058e-01  5.93052143e-02  1.01482638e+02  6.00842854e+00  1.09615433e+05 -1.90423408e-01 
 4.10000000e-01  9.32700000e+03  1.85000000e+00 -8.82064135e-04  3.67495058e-01  5.93052143e-02  1.01482638e+02  6.00842854e+00  1.09615433e+05 -1.90423408e-01 
 4.20000000e-01  9.32700000e+03  1.85000000e+00 -8.87678998e-04  3.67495058e-01  5.93052143e-02  1.01482638e+02  6.00842854e+00  1.09615433e+05 -1.90423408e-01 
 4.30000000e-01  9.32700000e+03  1.85000000e+00 -8.93001956e-04  3.67495058e-01  5.93052143e-02  1.01482638e+02  6.00842854e+00  1.09615433e+05 -1.90423408e-01 
 4.40000000e-01  9.32700000e+03  1.85000000e+00 -8.98055212e-04  3.67495058e-01  5.93052143e-02  1.01482638e+02  6.00842854e+00  1.09615433e+05 -1.90423408e-01 
 4.50000000e-01  9.32700000e+03  1.85000000e+00 -9.02859063e-04  3.67495058e-01  5.93052143e-02  1.01482638e+02  6.00842854e+00  1.09615433e+05 -1.90423408e-01 
 4.60000000e-01  9.32700000e+03  1.85000000e+00 -9.07432061e-04  3.67495058e-01  5.93052143e-02  1.01482638e+02  6.00842854e+00  1.09615433e+05 -1.90423408e-01 
 4.70000000e-01  9.32700000e+03  1.85000000e+00 -9.11791154e-04  3.67495058e-01  5.93052143e-02  1.01482638e+02  6.00842854e+00  1.09615433e+05 -1.90423408e-01 
 4.80000000e-01  9.32700000e+03  1.85000000e+00 -9.15951828e-04  3.67495058e-01  5.93052143e-02  1.01482638e+02  6.00842854e+00  1.09615433e+05 -1.90423408e-01 
 4.90000000e-01  9.32700000e+03  1.85000000e+00 -9.19928237e-04  3.67495058e-01  5.93052143e-02  1.01482638e+02  6.00842854e+00  1.09615433e+05 -1.90423408e-01 
 5.00000000e-01  9.32700000e+03  1.85000000e+00 -9.23733326e-04  3.67495058e-01  5.93052143e-02  1.01482638e+02  6.00842854e+00  1.09615433e+05 -1.90423408e-01 
 5.10000000e-01  9.32700000e+03  1.85000000e+00 -9.27378937e-04  3.67495058e-01  5.93052143e-02  1.01482638e+02  6.00842854e+00  1.09615433e+05 -1.90423408e-01 
 5.20000000e-01  9.32700000e+03  1.85000000e+00 -9.30875916e-04  3.67495058e-01  5.93052143e-02  1.01482638e+02  6.00842854e+00  1.09615433e+05 -1.90423408e-01 
 5.30000000e-01  9.32700000e+03  1.85000000e+00 -9.34234200e-04  3.67495058e-01  5.93052143e-02  1.01482638e+02  6.00842854e+00  1.09615433e+05 -1.90423408e-01 
 5.40000000e-01  9.32700000e+03  1.85000000e+00 -9.37462908e-04  3.67495058e-01  5.93052143e-02  1.01482638e+02  6.00842854e+00  1.09615433e+05 -1.90423408e-01 
 5.50000000e-01  9.32700000e+03  1.85000000e+00 -9.40570411e-04  3.67495058e-01  5.93052143e-02  1.01482638e+02  6.00842854e+00  1.09615433e+05 -1.90423408e-01 
 5.60000000e-01  9.32700000e+03  1.85000000e+00 -9.43564403e-04  3.67495058e-01  5.93052143e-02  1.01482638e+02  6.00842854e+00  1.09615433e+05 -1.90423408e-01 
 5.70000000e-01  9.32700000e+03  1.85000000e+00 -9.46451964e-04  3.67495058e-01  5.93052143e-02  1.01482638e+02  6.00842854e+00  1.09615433e+05 -1.90423408e-01 
 5.80000000e-01  9.32700000e+03  1.85000000e+00 -9.49239618e-04  3.67495058e-01  5.93052143e-02  1.01482638e+02  6.00842854e+00  1.09615433e+05 -1.90423408e-01 
 5.90000000e-01  9.32700000e+03  1.85000000e+00 -9.51933379e-04  3.67495058e-01  5.93052143e-02  1.01482638e+02  6.00842854e+00  1.09615433e+05 -1.90423408e-01 
 6.00000000e-01  9.32700000e+03  1.85000000e+00 -9.54538801e-04  3.67495058e-01  5.93052143e-02  1.01482638e+02  6.00842854e+00  1.09615433e+05 -1.90423408e-01 
 6.10000000e-01  9.32700000e+03  1.85000000e+00 -9.57061017e-04  3.67495058e-01  5.93052143e-02  1.01482638e+02  6.00842854e+00  1.09615433e+05 -1.90423408e-01 
 6.20000000e-01  9.32700000e+03  1.85000000e+00 -9.59504777e-04  3.67495058e-01  5.93052143e-02  1.01482638e+02  6.00842854e+00  1.09615433e+05 -1.90423408e-01 
 6.30000000e-01  9.32700000e+03  1.85000000e+00 -9.61874482e-04  3.67495058e-01  5.93052143e-02  1.01482638e+02  6.00842854e+00  1.09615433e+05 -1.90423408e-01 
 6.40000000e-01  9.32700000e+03  1.85000000e+00 -9.64174213e-04  3.67495058e-01  5.93052143e-02  1.01482638e+02  6.00842854e+00  1.09615433e+05 -1.90423408e-01 
 6.50000000e-01  9.32700000e+03  1.85000000e+00 -9.66407761e-04  3.67495058e-01  5.93052143e-02  1.01482638e+02  6.00842854e+00  1.09615433e+05 -1.90423408e-01 
 6.60000000e-01  9.32700000e+03  1.85000000e+00 -9.68578648e-04  3.67495058e-01  5.93052143e-02  1.01482638e+02  6.00842854e+00  1.09615433e+05 -1.90423408e-01 
 6.70000000e-01  9.32700000e+03  1.85000000e+00 -9.70690153e-04  3.67495058e-01  5.93052143e-02  1.01482638e+02  6.00842854e+00  1.09615433e+05 -1.90423408e-01 
 6.80000000e-01  9.32700000e+03  1.85000000e+00 -9.72745331e-04  3.67495058e-01  5.93052143e-02  1.01482638e+02  6.00842854e+00  1.09615433e+05 -1.90423408e-01 
 6.90000000e-01  9.32700000e+03  1.85000000e+00 -9.74747029e-04  3.67495058e-01  5.93052143e-02  1.01482638e+02  6.00842854e+00  1.09615433e+05 -1.90423408e-01 
 7.00000000e-01  9.32700000e+03  1.85000000e+00 -9.76697906e-04  3.67495058e-01  5.93052143e-02  1.01482638e+02  6.00842854e+00  1.09615433e+05 -1.90423408e-01 
 7.10000000e-01  9.32700000e+03  1.85000000e+00 -9.78600447e-04  3.67495058e-01  5.93052143e-02  1.01482638e+02  6.00842854e+00  1.09615433e+05 -1.90423408e-01 
 7.20000000e-01  9.32700000e+03  1.85000000e+00 -9.80456978e-04  3.67495058e-01  5.93052143e-02  1.01482638e+02  6.00842854e+00  1.09615433e+05 -1.90423408e-01 
 7.30000000e-01  9.32700000e+03  1.85000000e+00 -9.82269675e-04  3.67495058e-01  5.93052143e-02  1.01482638e+02  6.00842854e+00  1.09615433e+05 -1.90423408e-01 
 7.40000000e-01  9.32700000e+03  1.85000000e+00 -9.84040578e-04  3.67495058e-01  5.93052143e-02  1.01482638e+02  6.00842854e+00  1.09615433e+05 -1.90423408e-01 
 7.50000000e-01  9.32700000e+03  1.85000000e+00 -9.85771602e-04  3.67495058e-01  5.93052143e-02  1.01482638e+02  6.00842854e+00  1.09615433e+05 -1.90423408e-01 
 7.60000000e-01  9.32700000e+03  1.85000000e+00 -9.87464544e-04  3.67495058e-01  5.93052143e-02  1.01482638e+02  6.00842854e+00  1.09615433e+05 -1.90423408e-01 
 7.70000000e-01  9.32700000e+03  1.85000000e+00 -9.89121094e-04  3.67495058e-01  5.93052143e-02  1.01482638e+02  6.00842854e+00  1.09615433e+05 -1.90423408e-01 
 7.80000000e-01  9.32700000e+03  1.85000000e+00 -9.90742842e-04  3.67495058e-01  5.93052143e-02  1.01482638e+02  6.00842854e+00  1.09615433e+05 -1.90423408e-01 
 7.90000000e-01  9.32700000e+03  1.85000000e+00 -9.92331285e-04  3.67495058e-01  5.93052143e-02  1.01482638e+02  6.00842854e+00  1.09615433e+05 -1.90423408e-01 
 8.00000000e-01  9.32700000e+03  1.85000000e+00 -9.93887833e-04  3.67495058e-01  5.93052143e-02  1.01482638e+02  6.00842854e+00  1.09615433e+05 -1.90423408e-01 
 8.10000000e-01  9.32700000e+03  1.85000000e+00 -9.95413818e-04  3.67495058e-01  5.93052143e-02  1.01482638e+02  6.00842854e+00  1.09615433e+05 -1.90423408e-01 
 8.20000000e-01  9.32700000e+03  1.85000000e+00 -9.96910494e-04  3.67495058e-01  5.93052143e-02  1.01482638e+02  6.00842854e+00  1.09615433e+05 -1.90423408e-01 
 8.30000000e-01  9.32700000e+03  1.85000000e+00 -9.98379050e-04  3.67495058e-01  5.93052143e-02  1.01482638e+02  6.00842854e+00  1.09615433e+05 -1.90423408e-01 
 8.40000000e-01  9.32700000e+03  1.85000000e+00 -9.99820606e-04  3.67495058e-01  5.93052143e-02  1.01482638e+02  6.00842854e+00  1.09615433e+05 -1.90423408e-01 
 8.50000000e-01  9.32700000e+03  1.85000000e+00 -1.00123623e-03  3.67495058e-01  5.93052143e-02  1.01482638e+02  6.00842854e+00  1.09615433e+05 -1.90423408e-01 
 8.60000000e-01  9.32700000e+03  1.85000000e+00 -1.00262691e-03  3.67495058e-01  5.93052143e-02  1.01482638e+02  6.00842854e+00  1.09615433e+05 -1.90423408e-01 
 8.70000000e-01  9.32700000e+03  1.85000000e+00 -1.00399362e-03  3.67495058e-01  5.93052143e-02  1.01482638e+02  6.00842854e+00  1.09615433e+05 -1.90423408e-01 
 8.80000000e-01  9.32700000e+03  1.85000000e+00 -1.00533725e-03  3.67495058e-01  5.93052143e-02  1.01482638e+02  6.00842854e+00  1.09615433e+05 -1.90423408e-01 
 8.90000000e-01  9.32700000e+03  1.85000000e+00 -1.00665866e-03  3.67495058e-01  5.93052143e-02  1.01482638e+02  6.00842854e+00  1.09615433e+05 -1.90423408e-01 
 9.00000000e-01  9.32700000e+03  1.85000000e+00 -1.00795867e-03  3.67495058e-01  5.93052143e-02  1.01482638e+02  6.00842854e+00  1.09615433e+05 -1.90423408e-01 
 9.10000000e-01  9.32700000e+03  1.85000000e+00 -1.00923805e-03  3.67495058e-01  5.93052143e-02  1.01482638e+02  6.00842854e+00  1.09615433e+05 -1.90423408e-01 
 9.20000000e-01  9.32700000e+03  1.85000000e+00 -1.01049753e-03  3.67495058e-01  5.93052143e-02  1.01482638e+02  6.00842854e+00  1.09615433e+05 -1.90423408e-01 
 9.30000000e-01  9.32700000e+03  1.85000000e+00 -1.01173782e-03  3.67495058e-01  5.93052143e-02  1.01482638e+02  6.00842854e+00  1.09615433e+05 -1.90423408e-01 
 9.40000000e-01  9.32700000e+03  1.85000000e+00 -1.01295958e-03  3.67495058e-01  5.93052143e-02  1.01482638e+02  6.00842854e+00  1.09615433e+05 -1.90423408e-01 
 9.50000000e-01  9.32700000e+03  1.85000000e+00 -1.01416344e-03  3.67495058e-01  5.93052143e-02  1.01482638e+02  6.00842854e+00  1.09615433e+05 -1.90423408e-01 
 9.60000000e-01  9.32700000e+03  1.85000000e+00 -1.01535001e-03  3.67495058e-01  5.93052143e-02  1.01482638e+02  6.00842854e+00  1.09615433e+05 -1.90423408e-01 
 9.70000000e-01  9.32700000e+03  1.85000000e+00 -1.01651988e-03  3.67495058e-01  5.93052143e-02  1.01482638e+02  6.00842854e+00  1.09615433e+05 -1.90423408e-01 
 9.80000000e-01  9.32700000e+03  1.85000000e+00 -1.01767358e-03  3.67495058e-01  5.93052143e-02  1.01482638e+02  6.00842854e+00  1.09615433e+05 -1.90423408e-01 
 9.90000000e-01  9.32700000e+03  1.85000000e+00 -1.01881165e-03  3.67495058e-01  5.93052143e-02  1.01482638e+02  6.00842854e+00  1.09615433e+05 -1.90423408e-01 
 1.00000000e+00  9.32700000e+03  1.85000000e+00 -1.01993458e-03  3.67495058e-01  5.93052143e-02  1.01482638e+02  6.00842854e+00  1.09615433e+05 -1.90423408e-01 
 1.01000000e+00  9.32700000e+03  1.85000000e+00 -1.02104287e-03  3.67495058e-01  5.93052143e-02  1.01482638e+02  6.00842854e+00  1.09615433e+05 -1.90423408e-01 
 1.02000000e+00  9.32700000e+03  1.85000000e+00 -1.02213696e-03  3.67495058e-01  5.93052143e-02  1.01482638e+02  6.00842854e+00  1.09615433e+05 -1.90423408e-01 
 1.03000000e+00  9.32700000e+03  1.85000000e+00 -1.02321730e-03  3.67495058e-01  5.93052143e-02  1.01482638e+02  6.00842854e+00  1.09615433e+05 -1.90423408e-01 
 1.04000000e+00  9.32700000e+03  1.85000000e+00 -1.02428431e-03  3.67495058e-01  5.93052143e-02  1.01482638e+02  6.00842854e+00  1.09615433e+05 -1.90423408e-01 
 1.05000000e+00  9.32700000e+03  1.85000000e+00 -1.02533839e-03  3.67495058e-01  5.93052143e-02  1.01482638e+02  6.00842854e+00  1.09615433e+05 -1.90423408e-01 
 1.06000000e+00  9.32700000e+03  1.85000000e+00 -1.02637992e-03  3.67495058e-01  5.93052143e-02  1.01482638e+02  6.00842854e+00  1.09615433e+05 -1.90423408e-01 
 1.07000000e+00  9.32700000e+03  1.85000000e+00 -1.02740929e-03  3.67495058e-01  5.93052143e-02  1.01482638e+02  6.00842854e+00  1.09615433e+05 -1.90423408e-01 
 1.08000000e+00  9.32700000e+03  1.85000000e+00 -1.02842685e-03  3.67495058e-01  5.93052143e-02  1.01482638e+02  6.00842854e+00  1.09615433e+05 -1.90423408e-01 
 1.09000000e+00  9.32700000e+03  1.85000000e+00 -1.02943293e-03  3.67495058e-01  5.93052143e-02  1.01482638e+02  6.00842854e+00  1.09615433e+05 -1.90423408e-01 
 1.10000000e+00  9.32700000e+03  1.85000000e+00 -1.03042786e-03  3.67495058e-01  5.93052143e-02  1.01482638e+02  6.00842854e+00  1.09615433e+05 -1.90423408e-01 
 1.11000000e+00  9.32700000e+03  1.85000000e+00 -1.03141196e-03  3.67495058e-01  5.93052143e-02  1.01482638e+02  6.00842854e+00  1.09615433e+05 -1.90423408e-01 
 1.12000000e+00  9.32700000e+03  1.85000000e+00 -1.03238553e-03  3.67495058e-01  5.93052143e-02  1.01482638e+02  6.00842854e+00  1.09615433e+05 -1.90423408e-01 
 1.13000000e+00  9.32700000e+03  1.85000000e+00 -1.03334886e-03  3.67495058e-01  5.93052143e-02  1.01482638e+02  6.00842854e+00  1.09615433e+05 -1.90423408e-01 
 1.14000000e+00  9.32700000e+03  1.85000000e+00 -1.03430224e-03  3.67495058e-01  5.93052143e-02  1.01482638e+02  6.00842854e+00  1.09615433e+05 -1.90423408e-01 
 1.15000000e+00  9.32700000e+03  1.85000000e+00 -1.03524592e-03  3.67495058e-01  5.93052143e-02  1.01482638e+02  6.00842854e+00  1.09615433e+05 -1.90423408e-01 
 1.16000000e+00  9.32700000e+03  1.85000000e+00 -1.03618018e-03  3.67495058e-01  5.93052143e-02  1.01482638e+02  6.00842854e+00  1.09615433e+05 -1.90423408e-01 
 1.17000000e+00  9.32700000e+03  1.85000000e+00 -1.03710525e-03  3.67495058e-01  5.93052143e-02  1.01482638e+02  6.00842854e+00  1.09615433e+05 -1.90423408e-01 
 1.18000000e+00  9.32700000e+03  1.85000000e+00 -1.03802138e-03  3.67495058e-01  5.93052143e-02  1.01482638e+02  6.00842854e+00  1.09615433e+05 -1.90423408e-01 
 1.19000000e+00  9.32700000e+03  1.85000000e+00 -1.03892881e-03  3.67495058e-01  5.93052143e-02  1.01482638e+02  6.00842854e+00  1.09615433e+05 -1.90423408e-01 
 1.20000000e+00  9.32700000e+03  1.85000000e+00 -1.03982774e-03  3.67495058e-01  5.93052143e-02  1.01482638e+02  6.00842854e+00  1.09615433e+05 -1.90423408e-01 
 1.21000000e+00  9.32700000e+03  1.85000000e+00 -1.04071841e-03  3.67495058e-01  5.93052143e-02  1.01482638e+02  6.00842854e+00  1.09615433e+05 -1.90423408e-01 
 1.22000000e+00  9.32700000e+03  1.85000000e+00 -1.04160101e-03  3.67495058e-01  5.93052143e-02  1.01482638e+02  6.00842854e+00  1.09615433e+05 -1.90423408e-01 
 1.23000000e+00  9.32700000e+03  1.85000000e+00 -1.04247575e-03  3.67495058e-01  5.93052143e-02  1.01482638e+02  6.00842854e+00  1.09615433e+05 -1.90423408e-01 
 1.24000000e+00  9.32700000e+03  1.85000000e+00 -1.04334282e-03  3.67495058e-01  5.93052143e-02  1.01482638e+02  6.00842854e+00  1.09615433e+05 -1.90423408e-01 
 1.25000000e+00  9.32700000e+03  1.85000000e+00 -1.04420241e-03  3.67495058e-01  5.93052143e-02  1.01482638e+02  6.00842854e+00  1.09615433e+05 -1.90423408e-01 
 1.26000000e+00  9.32700000e+03  1.85000000e+00 -1.04505469e-03  3.67495058e-01  5.93052143e-02  1.01482638e+02  6.00842854e+00  1.09615433e+05 -1.90423408e-01 
 1.27000000e+00  9.32700000e+03  1.85000000e+00 -1.04589985e-03  3.67495058e-01  5.93052143e-02  1.01482638e+02  6.00842854e+00  1.09615433e+05 -1.90423408e-01 
 1.28000000e+00  9.32700000e+03  1.85000000e+00 -1.04673805e-03  3.67495058e-01  5.93052143e-02  1.01482638e+02  6.00842854e+00  1.09615433e+05 -1.90423408e-01 
 1.29000000e+00  9.32700000e+03  1.85000000e+00 -1.04756946e-03  3.67495058e-01  5.93052143e-02  1.01482638e+02  6.00842854e+00  1.09615433e+05 -1.90423408e-01 
 1.30000000e+00  9.32700000e+03  1.85000000e+00 -1.04839423e-03  3.67495058e-01  5.93052143e-02  1.01482638e+02  6.00842854e+00  1.09615433e+05 -1.90423408e-01 
 1.31000000e+00  9.32700000e+03  1.85000000e+00 -1.04921251e-03  3.67495058e-01  5.93052143e-02  1.01482638e+02  6.00842854e+00  1.09615433e+05 -1.90423408e-01 
 1.32000000e+00  9.32700000e+03  1.85000000e+00 -1.05002446e-03  3.67495058e-01  5.93052143e-02  1.01482638e+02  6.00842854e+00  1.09615433e+05 -1.90423408e-01 
 1.33000000e+00  9.32700000e+03  1.85000000e+00 -1.05083021e-03  3.67495058e-01  5.93052143e-02  1.01482638e+02  6.00842854e+00  1.09615433e+05 -1.90423408e-01 
 1.34000000e+00  9.32700000e+03  1.85000000e+00 -1.05162991e-03  3.67495058e-01  5.93052143e-02  1.01482638e+02  6.00842854e+00  1.09615433e+05 -1.90423408e-01 
 1.35000000e+00  9.32700000e+03  1.85000000e+00 -1.05242369e-03  3.67495058e-01  5.93052143e-02  1.01482638e+02  6.00842854e+00  1.09615433e+05 -1.90423408e-01 
 1.36000000e+00  9.32700000e+03  1.85000000e+00 -1.05321167e-03  3.67495058e-01  5.93052143e-02  1.01482638e+02  6.00842854e+00  1.09615433e+05 -1.90423408e-01 
 1.37000000e+00  9.32700000e+03  1.85000000e+00 -1.05399400e-03  3.67495058e-01  5.93052143e-02  1.01482638e+02  6.00842854e+00  1.09615433e+05 -1.90423408e-01 
 1.38000000e+00  9.32700000e+03  1.85000000e+00 -1.05477078e-03  3.67495058e-01  5.93052143e-02  1.01482638e+02  6.00842854e+00  1.09615433e+05 -1.90423408e-01 
 1.39000000e+00  9.32700000e+03  1.85000000e+00 -1.05554215e-03  3.67495058e-01  5.93052143e-02  1.01482638e+02  6.00842854e+00  1.09615433e+05 -1.90423408e-01 
 1.40000000e+00  9.32700000e+03  1.85000000e+00 -1.05630820e-03  3.67495058e-01  5.93052143e-02  1.01482638e+02  6.00842854e+00  1.09615433e+05 -1.90423408e-01 
 1.41000000e+00  9.32700000e+03  1.85000000e+00 -1.05706907e-03  3.67495058e-01  5.93052143e-02  1.01482638e+02  6.00842854e+00  1.09615433e+05 -1.90423408e-01 
 1.42000000e+00  9.32700000e+03  1.85000000e+00 -1.05782484e-03  3.67495058e-01  5.93052143e-02  1.01482638e+02  6.00842854e+00  1.09615433e+05 -1.90423408e-01 
 1.43000000e+00  9.32700000e+03  1.85000000e+00 -1.05857564e-03  3.67495058e-01  5.93052143e-02  1.01482638e+02  6.00842854e+00  1.09615433e+05 -1.90423408e-01 
 1.44000000e+00  9.32700000e+03  1.85000000e+00 -1.05932157e-03  3.67495058e-01  5.93052143e-02  1.01482638e+02  6.00842854e+00  1.09615433e+05 -1.90423408e-01 
 1.45000000e+00  9.32700000e+03  1.85000000e+00 -1.06006272e-03  3.67495058e-01  5.93052143e-02  1.01482638e+02  6.00842854e+00  1.09615433e+05 -1.90423408e-01 
 1.46000000e+00  9.32700000e+03  1.85000000e+00 -1.06079920e-03  3.67495058e-01  5.93052143e-02  1.01482638e+02  6.00842854e+00  1.09615433e+05 -1.90423408e-01 
 1.47000000e+00  9.32700000e+03  1.85000000e+00 -1.06153109e-03  3.67495058e-01  5.93052143e-02  1.01482638e+02  6.00842854e+00  1.09615433e+05 -1.90423408e-01 
 1.48000000e+00  9.32700000e+03  1.85000000e+00 -1.06225850e-03  3.67495058e-01  5.93052143e-02  1.01482638e+02  6.00842854e+00  1.09615433e+05 -1.90423408e-01 
 1.49000000e+00  9.32700000e+03  1.85000000e+00 -1.06298151e-03  3.67495058e-01  5.93052143e-02  1.01482638e+02  6.00842854e+00  1.09615433e+05 -1.90423408e-01 
 1.50000000e+00  9.32700000e+03  1.85000000e+00 -1.06370021e-03  3.67495058e-01  5.93052143e-02  1.01482638e+02  6.00842854e+00  1.09615433e+05 -1.90423408e-01 
 1.51000000e+00  9.32700000e+03  1.85000000e+00 -1.06441469e-03  3.67495058e-01  5.93052143e-02  1.01482638e+02  6.00842854e+00  1.09615433e+05 -1.90423408e-01 
 1.52000000e+00  9.32700000e+03  1.85000000e+00 -1.06512504e-03  3.67495058e-01  5.93052143e-02  1.01482638e+02  6.00842854e+00  1.09615433e+05 -1.90423408e-01 
 1.53000000e+00  9.32700000e+03  1.85000000e+00 -1.06583134e-03  3.67495058e-01  5.93052143e-02  1.01482638e+02  6.00842854e+00  1.09615433e+05 -1.90423408e-01 
 1.54000000e+00  9.32700000e+03  1.85000000e+00 -1.06653367e-03  3.67495058e-01  5.93052143e-02  1.01482638e+02  6.00842854e+00  1.09615433e+05 -1.90423408e-01 
 1.55000000e+00  9.32700000e+03  1.85000000e+00 -1.06723211e-03  3.67495058e-01  5.93052143e-02  1.01482638e+02  6.00842854e+00  1.09615433e+05 -1.90423408e-01 
 1.56000000e+00  9.32700000e+03  1.85000000e+00 -1.06792674e-03  3.67495058e-01  5.93052143e-02  1.01482638e+02  6.00842854e+00  1.09615433e+05 -1.90423408e-01 
 1.57000000e+00  9.32700000e+03  1.85000000e+00 -1.06861765e-03  3.67495058e-01  5.93052143e-02  1.01482638e+02  6.00842854e+00  1.09615433e+05 -1.90423408e-01 
 1.58000000e+00  9.32700000e+03  1.85000000e+00 -1.06930490e-03  3.67495058e-01  5.93052143e-02  1.01482638e+02  6.00842854e+00  1.09615433e+05 -1.90423408e-01 
 1.59000000e+00  9.32700000e+03  1.85000000e+00 -1.06998858e-03  3.67495058e-01  5.93052143e-02  1.01482638e+02  6.00842854e+00  1.09615433e+05 -1.90423408e-01 
 1.60000000e+00  9.32700000e+03  1.85000000e+00 -1.07066877e-03  3.67495058e-01  5.93052143e-02  1.01482638e+02  6.00842854e+00  1.09615433e+05 -1.90423408e-01 
 1.61000000e+00  9.32700000e+03  1.85000000e+00 -1.07134553e-03  3.67495058e-01  5.93052143e-02  1.01482638e+02  6.00842854e+00  1.09615433e+05 -1.90423408e-01 
 1.62000000e+00  9.32700000e+03  1.85000000e+00 -1.07201895e-03  3.67495058e-01  5.93052143e-02  1.01482638e+02  6.00842854e+00  1.09615433e+05 -1.90423408e-01 
 1.63000000e+00  9.32700000e+03  1.85000000e+00 -1.07268910e-03  3.67495058e-01  5.93052143e-02  1.01482638e+02  6.00842854e+00  1.09615433e+05 -1.90423408e-01 
 1.64000000e+00  9.32700000e+03  1.85000000e+00 -1.07335607e-03  3.67495058e-01  5.93052143e-02  1.01482638e+02  6.00842854e+00  1.09615433e+05 -1.90423408e-01 
 1.65000000e+00  9.32700000e+03  1.85000000e+00 -1.07401992e-03  3.67495058e-01  5.93052143e-02  1.01482638e+02  6.00842854e+00  1.09615433e+05 -1.90423408e-01 
 1.66000000e+00  9.32700000e+03  1.85000000e+00 -1.07468073e-03  3.67495058e-01  5.93052143e-02  1.01482638e+02  6.00842854e+00  1.09615433e+05 -1.90423408e-01 
 1.67000000e+00  9.32700000e+03  1.85000000e+00 -1.07533859e-03  3.67495058e-01  5.93052143e-02  1.01482638e+02  6.00842854e+00  1.09615433e+05 -1.90423408e-01 
 1.68000000e+00  9.32700000e+03  1.85000000e+00 -1.07599357e-03  3.67495058e-01  5.93052143e-02  1.01482638e+02  6.00842854e+00  1.09615433e+05 -1.90423408e-01 
 1.69000000e+00  9.32700000e+03  1.85000000e+00 -1.07664576e-03  3.67495058e-01  5.93052143e-02  1.01482638e+02  6.00842854e+00  1.09615433e+05 -1.90423408e-01 
 1.70000000e+00  9.32700000e+03  1.85000000e+00 -1.07729524e-03  3.67495058e-01  5.93052143e-02  1.01482638e+02  6.00842854e+00  1.09615433e+05 -1.90423408e-01 
 1.71000000e+00  9.32700000e+03  1.85000000e+00 -1.07794209e-03  3.67495058e-01  5.93052143e-02  1.01482638e+02  6.00842854e+00  1.09615433e+05 -1.90423408e-01 
 1.72000000e+00  9.32700000e+03  1.85000000e+00 -1.07858640e-03  3.67495058e-01  5.93052143e-02  1.01482638e+02  6.00842854e+00  1.09615433e+05 -1.90423408e-01 
 1.73000000e+00  9.32700000e+03  1.85000000e+00 -1.07922828e-03  3.67495058e-01  5.93052143e-02  1.01482638e+02  6.00842854e+00  1.09615433e+05 -1.90423408e-01 
 1.74000000e+00  9.32700000e+03  1.85000000e+00 -1.07986779e-03  3.67495058e-01  5.93052143e-02  1.01482638e+02  6.00842854e+00  1.09615433e+05 -1.90423408e-01 
 1.75000000e+00  9.32700000e+03  1.85000000e+00 -1.08050506e-03  3.67495058e-01  5.93052143e-02  1.01482638e+02  6.00842854e+00  1.09615433e+05 -1.90423408e-01 
 1.76000000e+00  9.32700000e+03  1.85000000e+00 -1.08114017e-03  3.67495058e-01  5.93052143e-02  1.01482638e+02  6.00842854e+00  1.09615433e+05 -1.90423408e-01 
 1.77000000e+00  9.32700000e+03  1.85000000e+00 -1.08177324e-03  3.67495058e-01  5.93052143e-02  1.01482638e+02  6.00842854e+00  1.09615433e+05 -1.90423408e-01 
 1.78000000e+00  9.32700000e+03  1.85000000e+00 -1.08240437e-03  3.67495058e-01  5.93052143e-02  1.01482638e+02  6.00842854e+00  1.09615433e+05 -1.90423408e-01 
 1.79000000e+00  9.32700000e+03  1.85000000e+00 -1.08303368e-03  3.67495058e-01  5.93052143e-02  1.01482638e+02  6.00842854e+00  1.09615433e+05 -1.90423408e-01 
 1.80000000e+00  9.32700000e+03  1.85000000e+00 -1.08366129e-03  3.67495058e-01  5.93052143e-02  1.01482638e+02  6.00842854e+00  1.09615433e+05 -1.90423408e-01 
 1.81000000e+00  9.32700000e+03  1.85000000e+00 -1.08428733e-03  3.67495058e-01  5.93052143e-02  1.01482638e+02  6.00842854e+00  1.09615433e+05 -1.90423408e-01 
 1.82000000e+00  9.32700000e+03  1.85000000e+00 -1.08491193e-03  3.67495058e-01  5.93052143e-02  1.01482638e+02  6.00842854e+00  1.09615433e+05 -1.90423408e-01 
 1.83000000e+00  9.32700000e+03  1.85000000e+00 -1.08553523e-03  3.67495058e-01  5.93052143e-02  1.01482638e+02  6.00842854e+00  1.09615433e+05 -1.90423408e-01 
 1.84000000e+00  9.32700000e+03  1.85000000e+00 -1.08615739e-03  3.67495058e-01  5.93052143e-02  1.01482638e+02  6.00842854e+00  1.09615433e+05 -1.90423408e-01 
 1.85000000e+00  9.32700000e+03  1.85000000e+00 -1.08677856e-03  3.67495058e-01  5.93052143e-02  1.01482638e+02  6.00842854e+00  1.09615433e+05 -1.90423408e-01 
