 v-sweep         run_num         v(gate)         i(vds)          out_vth0        out_u0          out_rdsw        out_nfactor     out_vsat        out_eta0       
 0.00000000e+00  4.64400000e+03  1.85000000e+00 -3.08330262e-43  3.62649220e-01  5.80543855e-02  1.00983251e+02  5.64433096e+00  1.07237565e+05 -1.89301955e-01 
 1.00000000e-02  4.64400000e+03  1.85000000e+00 -4.02174568e-05  3.62649220e-01  5.80543855e-02  1.00983251e+02  5.64433096e+00  1.07237565e+05 -1.89301955e-01 
 2.00000000e-02  4.64400000e+03  1.85000000e+00 -7.95863585e-05  3.62649220e-01  5.80543855e-02  1.00983251e+02  5.64433096e+00  1.07237565e+05 -1.89301955e-01 
 3.00000000e-02  4.64400000e+03  1.85000000e+00 -1.18093075e-04  3.62649220e-01  5.80543855e-02  1.00983251e+02  5.64433096e+00  1.07237565e+05 -1.89301955e-01 
 4.00000000e-02  4.64400000e+03  1.85000000e+00 -1.55724546e-04  3.62649220e-01  5.80543855e-02  1.00983251e+02  5.64433096e+00  1.07237565e+05 -1.89301955e-01 
 5.00000000e-02  4.64400000e+03  1.85000000e+00 -1.92467794e-04  3.62649220e-01  5.80543855e-02  1.00983251e+02  5.64433096e+00  1.07237565e+05 -1.89301955e-01 
 6.00000000e-02  4.64400000e+03  1.85000000e+00 -2.28309540e-04  3.62649220e-01  5.80543855e-02  1.00983251e+02  5.64433096e+00  1.07237565e+05 -1.89301955e-01 
 7.00000000e-02  4.64400000e+03  1.85000000e+00 -2.63235905e-04  3.62649220e-01  5.80543855e-02  1.00983251e+02  5.64433096e+00  1.07237565e+05 -1.89301955e-01 
 8.00000000e-02  4.64400000e+03  1.85000000e+00 -2.97232206e-04  3.62649220e-01  5.80543855e-02  1.00983251e+02  5.64433096e+00  1.07237565e+05 -1.89301955e-01 
 9.00000000e-02  4.64400000e+03  1.85000000e+00 -3.30282823e-04  3.62649220e-01  5.80543855e-02  1.00983251e+02  5.64433096e+00  1.07237565e+05 -1.89301955e-01 
 1.00000000e-01  4.64400000e+03  1.85000000e+00 -3.62371170e-04  3.62649220e-01  5.80543855e-02  1.00983251e+02  5.64433096e+00  1.07237565e+05 -1.89301955e-01 
 1.10000000e-01  4.64400000e+03  1.85000000e+00 -3.93479758e-04  3.62649220e-01  5.80543855e-02  1.00983251e+02  5.64433096e+00  1.07237565e+05 -1.89301955e-01 
 1.20000000e-01  4.64400000e+03  1.85000000e+00 -4.23590373e-04  3.62649220e-01  5.80543855e-02  1.00983251e+02  5.64433096e+00  1.07237565e+05 -1.89301955e-01 
 1.30000000e-01  4.64400000e+03  1.85000000e+00 -4.52684389e-04  3.62649220e-01  5.80543855e-02  1.00983251e+02  5.64433096e+00  1.07237565e+05 -1.89301955e-01 
 1.40000000e-01  4.64400000e+03  1.85000000e+00 -4.80743214e-04  3.62649220e-01  5.80543855e-02  1.00983251e+02  5.64433096e+00  1.07237565e+05 -1.89301955e-01 
 1.50000000e-01  4.64400000e+03  1.85000000e+00 -5.07748878e-04  3.62649220e-01  5.80543855e-02  1.00983251e+02  5.64433096e+00  1.07237565e+05 -1.89301955e-01 
 1.60000000e-01  4.64400000e+03  1.85000000e+00 -5.33684766e-04  3.62649220e-01  5.80543855e-02  1.00983251e+02  5.64433096e+00  1.07237565e+05 -1.89301955e-01 
 1.70000000e-01  4.64400000e+03  1.85000000e+00 -5.58536471e-04  3.62649220e-01  5.80543855e-02  1.00983251e+02  5.64433096e+00  1.07237565e+05 -1.89301955e-01 
 1.80000000e-01  4.64400000e+03  1.85000000e+00 -5.82292722e-04  3.62649220e-01  5.80543855e-02  1.00983251e+02  5.64433096e+00  1.07237565e+05 -1.89301955e-01 
 1.90000000e-01  4.64400000e+03  1.85000000e+00 -6.04946352e-04  3.62649220e-01  5.80543855e-02  1.00983251e+02  5.64433096e+00  1.07237565e+05 -1.89301955e-01 
 2.00000000e-01  4.64400000e+03  1.85000000e+00 -6.26495214e-04  3.62649220e-01  5.80543855e-02  1.00983251e+02  5.64433096e+00  1.07237565e+05 -1.89301955e-01 
 2.10000000e-01  4.64400000e+03  1.85000000e+00 -6.46942987e-04  3.62649220e-01  5.80543855e-02  1.00983251e+02  5.64433096e+00  1.07237565e+05 -1.89301955e-01 
 2.20000000e-01  4.64400000e+03  1.85000000e+00 -6.66299770e-04  3.62649220e-01  5.80543855e-02  1.00983251e+02  5.64433096e+00  1.07237565e+05 -1.89301955e-01 
 2.30000000e-01  4.64400000e+03  1.85000000e+00 -6.84582409e-04  3.62649220e-01  5.80543855e-02  1.00983251e+02  5.64433096e+00  1.07237565e+05 -1.89301955e-01 
 2.40000000e-01  4.64400000e+03  1.85000000e+00 -7.01814514e-04  3.62649220e-01  5.80543855e-02  1.00983251e+02  5.64433096e+00  1.07237565e+05 -1.89301955e-01 
 2.50000000e-01  4.64400000e+03  1.85000000e+00 -7.18026147e-04  3.62649220e-01  5.80543855e-02  1.00983251e+02  5.64433096e+00  1.07237565e+05 -1.89301955e-01 
 2.60000000e-01  4.64400000e+03  1.85000000e+00 -7.33253211e-04  3.62649220e-01  5.80543855e-02  1.00983251e+02  5.64433096e+00  1.07237565e+05 -1.89301955e-01 
 2.70000000e-01  4.64400000e+03  1.85000000e+00 -7.47536594e-04  3.62649220e-01  5.80543855e-02  1.00983251e+02  5.64433096e+00  1.07237565e+05 -1.89301955e-01 
 2.80000000e-01  4.64400000e+03  1.85000000e+00 -7.60921137e-04  3.62649220e-01  5.80543855e-02  1.00983251e+02  5.64433096e+00  1.07237565e+05 -1.89301955e-01 
 2.90000000e-01  4.64400000e+03  1.85000000e+00 -7.73454524e-04  3.62649220e-01  5.80543855e-02  1.00983251e+02  5.64433096e+00  1.07237565e+05 -1.89301955e-01 
 3.00000000e-01  4.64400000e+03  1.85000000e+00 -7.85186166e-04  3.62649220e-01  5.80543855e-02  1.00983251e+02  5.64433096e+00  1.07237565e+05 -1.89301955e-01 
 3.10000000e-01  4.64400000e+03  1.85000000e+00 -7.96166155e-04  3.62649220e-01  5.80543855e-02  1.00983251e+02  5.64433096e+00  1.07237565e+05 -1.89301955e-01 
 3.20000000e-01  4.64400000e+03  1.85000000e+00 -8.06444331e-04  3.62649220e-01  5.80543855e-02  1.00983251e+02  5.64433096e+00  1.07237565e+05 -1.89301955e-01 
 3.30000000e-01  4.64400000e+03  1.85000000e+00 -8.16069504e-04  3.62649220e-01  5.80543855e-02  1.00983251e+02  5.64433096e+00  1.07237565e+05 -1.89301955e-01 
 3.40000000e-01  4.64400000e+03  1.85000000e+00 -8.25088835e-04  3.62649220e-01  5.80543855e-02  1.00983251e+02  5.64433096e+00  1.07237565e+05 -1.89301955e-01 
 3.50000000e-01  4.64400000e+03  1.85000000e+00 -8.33547373e-04  3.62649220e-01  5.80543855e-02  1.00983251e+02  5.64433096e+00  1.07237565e+05 -1.89301955e-01 
 3.60000000e-01  4.64400000e+03  1.85000000e+00 -8.41487739e-04  3.62649220e-01  5.80543855e-02  1.00983251e+02  5.64433096e+00  1.07237565e+05 -1.89301955e-01 
 3.70000000e-01  4.64400000e+03  1.85000000e+00 -8.48949939e-04  3.62649220e-01  5.80543855e-02  1.00983251e+02  5.64433096e+00  1.07237565e+05 -1.89301955e-01 
 3.80000000e-01  4.64400000e+03  1.85000000e+00 -8.55971274e-04  3.62649220e-01  5.80543855e-02  1.00983251e+02  5.64433096e+00  1.07237565e+05 -1.89301955e-01 
 3.90000000e-01  4.64400000e+03  1.85000000e+00 -8.62586335e-04  3.62649220e-01  5.80543855e-02  1.00983251e+02  5.64433096e+00  1.07237565e+05 -1.89301955e-01 
 4.00000000e-01  4.64400000e+03  1.85000000e+00 -8.68827062e-04  3.62649220e-01  5.80543855e-02  1.00983251e+02  5.64433096e+00  1.07237565e+05 -1.89301955e-01 
 4.10000000e-01  4.64400000e+03  1.85000000e+00 -8.74722846e-04  3.62649220e-01  5.80543855e-02  1.00983251e+02  5.64433096e+00  1.07237565e+05 -1.89301955e-01 
 4.20000000e-01  4.64400000e+03  1.85000000e+00 -8.80300657e-04  3.62649220e-01  5.80543855e-02  1.00983251e+02  5.64433096e+00  1.07237565e+05 -1.89301955e-01 
 4.30000000e-01  4.64400000e+03  1.85000000e+00 -8.85585194e-04  3.62649220e-01  5.80543855e-02  1.00983251e+02  5.64433096e+00  1.07237565e+05 -1.89301955e-01 
 4.40000000e-01  4.64400000e+03  1.85000000e+00 -8.90599043e-04  3.62649220e-01  5.80543855e-02  1.00983251e+02  5.64433096e+00  1.07237565e+05 -1.89301955e-01 
 4.50000000e-01  4.64400000e+03  1.85000000e+00 -8.95362839e-04  3.62649220e-01  5.80543855e-02  1.00983251e+02  5.64433096e+00  1.07237565e+05 -1.89301955e-01 
 4.60000000e-01  4.64400000e+03  1.85000000e+00 -8.99895420e-04  3.62649220e-01  5.80543855e-02  1.00983251e+02  5.64433096e+00  1.07237565e+05 -1.89301955e-01 
 4.70000000e-01  4.64400000e+03  1.85000000e+00 -9.04213981e-04  3.62649220e-01  5.80543855e-02  1.00983251e+02  5.64433096e+00  1.07237565e+05 -1.89301955e-01 
 4.80000000e-01  4.64400000e+03  1.85000000e+00 -9.08334216e-04  3.62649220e-01  5.80543855e-02  1.00983251e+02  5.64433096e+00  1.07237565e+05 -1.89301955e-01 
 4.90000000e-01  4.64400000e+03  1.85000000e+00 -9.12270455e-04  3.62649220e-01  5.80543855e-02  1.00983251e+02  5.64433096e+00  1.07237565e+05 -1.89301955e-01 
 5.00000000e-01  4.64400000e+03  1.85000000e+00 -9.16035787e-04  3.62649220e-01  5.80543855e-02  1.00983251e+02  5.64433096e+00  1.07237565e+05 -1.89301955e-01 
 5.10000000e-01  4.64400000e+03  1.85000000e+00 -9.19642174e-04  3.62649220e-01  5.80543855e-02  1.00983251e+02  5.64433096e+00  1.07237565e+05 -1.89301955e-01 
 5.20000000e-01  4.64400000e+03  1.85000000e+00 -9.23100559e-04  3.62649220e-01  5.80543855e-02  1.00983251e+02  5.64433096e+00  1.07237565e+05 -1.89301955e-01 
 5.30000000e-01  4.64400000e+03  1.85000000e+00 -9.26420958e-04  3.62649220e-01  5.80543855e-02  1.00983251e+02  5.64433096e+00  1.07237565e+05 -1.89301955e-01 
 5.40000000e-01  4.64400000e+03  1.85000000e+00 -9.29612550e-04  3.62649220e-01  5.80543855e-02  1.00983251e+02  5.64433096e+00  1.07237565e+05 -1.89301955e-01 
 5.50000000e-01  4.64400000e+03  1.85000000e+00 -9.32683754e-04  3.62649220e-01  5.80543855e-02  1.00983251e+02  5.64433096e+00  1.07237565e+05 -1.89301955e-01 
 5.60000000e-01  4.64400000e+03  1.85000000e+00 -9.35642299e-04  3.62649220e-01  5.80543855e-02  1.00983251e+02  5.64433096e+00  1.07237565e+05 -1.89301955e-01 
 5.70000000e-01  4.64400000e+03  1.85000000e+00 -9.38495292e-04  3.62649220e-01  5.80543855e-02  1.00983251e+02  5.64433096e+00  1.07237565e+05 -1.89301955e-01 
 5.80000000e-01  4.64400000e+03  1.85000000e+00 -9.41249270e-04  3.62649220e-01  5.80543855e-02  1.00983251e+02  5.64433096e+00  1.07237565e+05 -1.89301955e-01 
 5.90000000e-01  4.64400000e+03  1.85000000e+00 -9.43910260e-04  3.62649220e-01  5.80543855e-02  1.00983251e+02  5.64433096e+00  1.07237565e+05 -1.89301955e-01 
 6.00000000e-01  4.64400000e+03  1.85000000e+00 -9.46483817e-04  3.62649220e-01  5.80543855e-02  1.00983251e+02  5.64433096e+00  1.07237565e+05 -1.89301955e-01 
 6.10000000e-01  4.64400000e+03  1.85000000e+00 -9.48975074e-04  3.62649220e-01  5.80543855e-02  1.00983251e+02  5.64433096e+00  1.07237565e+05 -1.89301955e-01 
 6.20000000e-01  4.64400000e+03  1.85000000e+00 -9.51388775e-04  3.62649220e-01  5.80543855e-02  1.00983251e+02  5.64433096e+00  1.07237565e+05 -1.89301955e-01 
 6.30000000e-01  4.64400000e+03  1.85000000e+00 -9.53729313e-04  3.62649220e-01  5.80543855e-02  1.00983251e+02  5.64433096e+00  1.07237565e+05 -1.89301955e-01 
 6.40000000e-01  4.64400000e+03  1.85000000e+00 -9.56000756e-04  3.62649220e-01  5.80543855e-02  1.00983251e+02  5.64433096e+00  1.07237565e+05 -1.89301955e-01 
 6.50000000e-01  4.64400000e+03  1.85000000e+00 -9.58206881e-04  3.62649220e-01  5.80543855e-02  1.00983251e+02  5.64433096e+00  1.07237565e+05 -1.89301955e-01 
 6.60000000e-01  4.64400000e+03  1.85000000e+00 -9.60351197e-04  3.62649220e-01  5.80543855e-02  1.00983251e+02  5.64433096e+00  1.07237565e+05 -1.89301955e-01 
 6.70000000e-01  4.64400000e+03  1.85000000e+00 -9.62436963e-04  3.62649220e-01  5.80543855e-02  1.00983251e+02  5.64433096e+00  1.07237565e+05 -1.89301955e-01 
 6.80000000e-01  4.64400000e+03  1.85000000e+00 -9.64467217e-04  3.62649220e-01  5.80543855e-02  1.00983251e+02  5.64433096e+00  1.07237565e+05 -1.89301955e-01 
 6.90000000e-01  4.64400000e+03  1.85000000e+00 -9.66444789e-04  3.62649220e-01  5.80543855e-02  1.00983251e+02  5.64433096e+00  1.07237565e+05 -1.89301955e-01 
 7.00000000e-01  4.64400000e+03  1.85000000e+00 -9.68372317e-04  3.62649220e-01  5.80543855e-02  1.00983251e+02  5.64433096e+00  1.07237565e+05 -1.89301955e-01 
 7.10000000e-01  4.64400000e+03  1.85000000e+00 -9.70252269e-04  3.62649220e-01  5.80543855e-02  1.00983251e+02  5.64433096e+00  1.07237565e+05 -1.89301955e-01 
 7.20000000e-01  4.64400000e+03  1.85000000e+00 -9.72086948e-04  3.62649220e-01  5.80543855e-02  1.00983251e+02  5.64433096e+00  1.07237565e+05 -1.89301955e-01 
 7.30000000e-01  4.64400000e+03  1.85000000e+00 -9.73878512e-04  3.62649220e-01  5.80543855e-02  1.00983251e+02  5.64433096e+00  1.07237565e+05 -1.89301955e-01 
 7.40000000e-01  4.64400000e+03  1.85000000e+00 -9.75628982e-04  3.62649220e-01  5.80543855e-02  1.00983251e+02  5.64433096e+00  1.07237565e+05 -1.89301955e-01 
 7.50000000e-01  4.64400000e+03  1.85000000e+00 -9.77340252e-04  3.62649220e-01  5.80543855e-02  1.00983251e+02  5.64433096e+00  1.07237565e+05 -1.89301955e-01 
 7.60000000e-01  4.64400000e+03  1.85000000e+00 -9.79014102e-04  3.62649220e-01  5.80543855e-02  1.00983251e+02  5.64433096e+00  1.07237565e+05 -1.89301955e-01 
 7.70000000e-01  4.64400000e+03  1.85000000e+00 -9.80652202e-04  3.62649220e-01  5.80543855e-02  1.00983251e+02  5.64433096e+00  1.07237565e+05 -1.89301955e-01 
 7.80000000e-01  4.64400000e+03  1.85000000e+00 -9.82256124e-04  3.62649220e-01  5.80543855e-02  1.00983251e+02  5.64433096e+00  1.07237565e+05 -1.89301955e-01 
 7.90000000e-01  4.64400000e+03  1.85000000e+00 -9.83827346e-04  3.62649220e-01  5.80543855e-02  1.00983251e+02  5.64433096e+00  1.07237565e+05 -1.89301955e-01 
 8.00000000e-01  4.64400000e+03  1.85000000e+00 -9.85367261e-04  3.62649220e-01  5.80543855e-02  1.00983251e+02  5.64433096e+00  1.07237565e+05 -1.89301955e-01 
 8.10000000e-01  4.64400000e+03  1.85000000e+00 -9.86877183e-04  3.62649220e-01  5.80543855e-02  1.00983251e+02  5.64433096e+00  1.07237565e+05 -1.89301955e-01 
 8.20000000e-01  4.64400000e+03  1.85000000e+00 -9.88358351e-04  3.62649220e-01  5.80543855e-02  1.00983251e+02  5.64433096e+00  1.07237565e+05 -1.89301955e-01 
 8.30000000e-01  4.64400000e+03  1.85000000e+00 -9.89811936e-04  3.62649220e-01  5.80543855e-02  1.00983251e+02  5.64433096e+00  1.07237565e+05 -1.89301955e-01 
 8.40000000e-01  4.64400000e+03  1.85000000e+00 -9.91239043e-04  3.62649220e-01  5.80543855e-02  1.00983251e+02  5.64433096e+00  1.07237565e+05 -1.89301955e-01 
 8.50000000e-01  4.64400000e+03  1.85000000e+00 -9.92640718e-04  3.62649220e-01  5.80543855e-02  1.00983251e+02  5.64433096e+00  1.07237565e+05 -1.89301955e-01 
 8.60000000e-01  4.64400000e+03  1.85000000e+00 -9.94017953e-04  3.62649220e-01  5.80543855e-02  1.00983251e+02  5.64433096e+00  1.07237565e+05 -1.89301955e-01 
 8.70000000e-01  4.64400000e+03  1.85000000e+00 -9.95371685e-04  3.62649220e-01  5.80543855e-02  1.00983251e+02  5.64433096e+00  1.07237565e+05 -1.89301955e-01 
 8.80000000e-01  4.64400000e+03  1.85000000e+00 -9.96702803e-04  3.62649220e-01  5.80543855e-02  1.00983251e+02  5.64433096e+00  1.07237565e+05 -1.89301955e-01 
 8.90000000e-01  4.64400000e+03  1.85000000e+00 -9.98012152e-04  3.62649220e-01  5.80543855e-02  1.00983251e+02  5.64433096e+00  1.07237565e+05 -1.89301955e-01 
 9.00000000e-01  4.64400000e+03  1.85000000e+00 -9.99300533e-04  3.62649220e-01  5.80543855e-02  1.00983251e+02  5.64433096e+00  1.07237565e+05 -1.89301955e-01 
 9.10000000e-01  4.64400000e+03  1.85000000e+00 -1.00056870e-03  3.62649220e-01  5.80543855e-02  1.00983251e+02  5.64433096e+00  1.07237565e+05 -1.89301955e-01 
 9.20000000e-01  4.64400000e+03  1.85000000e+00 -1.00181739e-03  3.62649220e-01  5.80543855e-02  1.00983251e+02  5.64433096e+00  1.07237565e+05 -1.89301955e-01 
 9.30000000e-01  4.64400000e+03  1.85000000e+00 -1.00304728e-03  3.62649220e-01  5.80543855e-02  1.00983251e+02  5.64433096e+00  1.07237565e+05 -1.89301955e-01 
 9.40000000e-01  4.64400000e+03  1.85000000e+00 -1.00425903e-03  3.62649220e-01  5.80543855e-02  1.00983251e+02  5.64433096e+00  1.07237565e+05 -1.89301955e-01 
 9.50000000e-01  4.64400000e+03  1.85000000e+00 -1.00545327e-03  3.62649220e-01  5.80543855e-02  1.00983251e+02  5.64433096e+00  1.07237565e+05 -1.89301955e-01 
 9.60000000e-01  4.64400000e+03  1.85000000e+00 -1.00663057e-03  3.62649220e-01  5.80543855e-02  1.00983251e+02  5.64433096e+00  1.07237565e+05 -1.89301955e-01 
 9.70000000e-01  4.64400000e+03  1.85000000e+00 -1.00779153e-03  3.62649220e-01  5.80543855e-02  1.00983251e+02  5.64433096e+00  1.07237565e+05 -1.89301955e-01 
 9.80000000e-01  4.64400000e+03  1.85000000e+00 -1.00893666e-03  3.62649220e-01  5.80543855e-02  1.00983251e+02  5.64433096e+00  1.07237565e+05 -1.89301955e-01 
 9.90000000e-01  4.64400000e+03  1.85000000e+00 -1.01006650e-03  3.62649220e-01  5.80543855e-02  1.00983251e+02  5.64433096e+00  1.07237565e+05 -1.89301955e-01 
 1.00000000e+00  4.64400000e+03  1.85000000e+00 -1.01118153e-03  3.62649220e-01  5.80543855e-02  1.00983251e+02  5.64433096e+00  1.07237565e+05 -1.89301955e-01 
 1.01000000e+00  4.64400000e+03  1.85000000e+00 -1.01228223e-03  3.62649220e-01  5.80543855e-02  1.00983251e+02  5.64433096e+00  1.07237565e+05 -1.89301955e-01 
 1.02000000e+00  4.64400000e+03  1.85000000e+00 -1.01336904e-03  3.62649220e-01  5.80543855e-02  1.00983251e+02  5.64433096e+00  1.07237565e+05 -1.89301955e-01 
 1.03000000e+00  4.64400000e+03  1.85000000e+00 -1.01444240e-03  3.62649220e-01  5.80543855e-02  1.00983251e+02  5.64433096e+00  1.07237565e+05 -1.89301955e-01 
 1.04000000e+00  4.64400000e+03  1.85000000e+00 -1.01550272e-03  3.62649220e-01  5.80543855e-02  1.00983251e+02  5.64433096e+00  1.07237565e+05 -1.89301955e-01 
 1.05000000e+00  4.64400000e+03  1.85000000e+00 -1.01655040e-03  3.62649220e-01  5.80543855e-02  1.00983251e+02  5.64433096e+00  1.07237565e+05 -1.89301955e-01 
 1.06000000e+00  4.64400000e+03  1.85000000e+00 -1.01758581e-03  3.62649220e-01  5.80543855e-02  1.00983251e+02  5.64433096e+00  1.07237565e+05 -1.89301955e-01 
 1.07000000e+00  4.64400000e+03  1.85000000e+00 -1.01860932e-03  3.62649220e-01  5.80543855e-02  1.00983251e+02  5.64433096e+00  1.07237565e+05 -1.89301955e-01 
 1.08000000e+00  4.64400000e+03  1.85000000e+00 -1.01962127e-03  3.62649220e-01  5.80543855e-02  1.00983251e+02  5.64433096e+00  1.07237565e+05 -1.89301955e-01 
 1.09000000e+00  4.64400000e+03  1.85000000e+00 -1.02062201e-03  3.62649220e-01  5.80543855e-02  1.00983251e+02  5.64433096e+00  1.07237565e+05 -1.89301955e-01 
 1.10000000e+00  4.64400000e+03  1.85000000e+00 -1.02161184e-03  3.62649220e-01  5.80543855e-02  1.00983251e+02  5.64433096e+00  1.07237565e+05 -1.89301955e-01 
 1.11000000e+00  4.64400000e+03  1.85000000e+00 -1.02259109e-03  3.62649220e-01  5.80543855e-02  1.00983251e+02  5.64433096e+00  1.07237565e+05 -1.89301955e-01 
 1.12000000e+00  4.64400000e+03  1.85000000e+00 -1.02356004e-03  3.62649220e-01  5.80543855e-02  1.00983251e+02  5.64433096e+00  1.07237565e+05 -1.89301955e-01 
 1.13000000e+00  4.64400000e+03  1.85000000e+00 -1.02451899e-03  3.62649220e-01  5.80543855e-02  1.00983251e+02  5.64433096e+00  1.07237565e+05 -1.89301955e-01 
 1.14000000e+00  4.64400000e+03  1.85000000e+00 -1.02546820e-03  3.62649220e-01  5.80543855e-02  1.00983251e+02  5.64433096e+00  1.07237565e+05 -1.89301955e-01 
 1.15000000e+00  4.64400000e+03  1.85000000e+00 -1.02640793e-03  3.62649220e-01  5.80543855e-02  1.00983251e+02  5.64433096e+00  1.07237565e+05 -1.89301955e-01 
 1.16000000e+00  4.64400000e+03  1.85000000e+00 -1.02733845e-03  3.62649220e-01  5.80543855e-02  1.00983251e+02  5.64433096e+00  1.07237565e+05 -1.89301955e-01 
 1.17000000e+00  4.64400000e+03  1.85000000e+00 -1.02825999e-03  3.62649220e-01  5.80543855e-02  1.00983251e+02  5.64433096e+00  1.07237565e+05 -1.89301955e-01 
 1.18000000e+00  4.64400000e+03  1.85000000e+00 -1.02917280e-03  3.62649220e-01  5.80543855e-02  1.00983251e+02  5.64433096e+00  1.07237565e+05 -1.89301955e-01 
 1.19000000e+00  4.64400000e+03  1.85000000e+00 -1.03007709e-03  3.62649220e-01  5.80543855e-02  1.00983251e+02  5.64433096e+00  1.07237565e+05 -1.89301955e-01 
 1.20000000e+00  4.64400000e+03  1.85000000e+00 -1.03097308e-03  3.62649220e-01  5.80543855e-02  1.00983251e+02  5.64433096e+00  1.07237565e+05 -1.89301955e-01 
 1.21000000e+00  4.64400000e+03  1.85000000e+00 -1.03186100e-03  3.62649220e-01  5.80543855e-02  1.00983251e+02  5.64433096e+00  1.07237565e+05 -1.89301955e-01 
 1.22000000e+00  4.64400000e+03  1.85000000e+00 -1.03274103e-03  3.62649220e-01  5.80543855e-02  1.00983251e+02  5.64433096e+00  1.07237565e+05 -1.89301955e-01 
 1.23000000e+00  4.64400000e+03  1.85000000e+00 -1.03361338e-03  3.62649220e-01  5.80543855e-02  1.00983251e+02  5.64433096e+00  1.07237565e+05 -1.89301955e-01 
 1.24000000e+00  4.64400000e+03  1.85000000e+00 -1.03447823e-03  3.62649220e-01  5.80543855e-02  1.00983251e+02  5.64433096e+00  1.07237565e+05 -1.89301955e-01 
 1.25000000e+00  4.64400000e+03  1.85000000e+00 -1.03533577e-03  3.62649220e-01  5.80543855e-02  1.00983251e+02  5.64433096e+00  1.07237565e+05 -1.89301955e-01 
 1.26000000e+00  4.64400000e+03  1.85000000e+00 -1.03618618e-03  3.62649220e-01  5.80543855e-02  1.00983251e+02  5.64433096e+00  1.07237565e+05 -1.89301955e-01 
 1.27000000e+00  4.64400000e+03  1.85000000e+00 -1.03702962e-03  3.62649220e-01  5.80543855e-02  1.00983251e+02  5.64433096e+00  1.07237565e+05 -1.89301955e-01 
 1.28000000e+00  4.64400000e+03  1.85000000e+00 -1.03786626e-03  3.62649220e-01  5.80543855e-02  1.00983251e+02  5.64433096e+00  1.07237565e+05 -1.89301955e-01 
 1.29000000e+00  4.64400000e+03  1.85000000e+00 -1.03869626e-03  3.62649220e-01  5.80543855e-02  1.00983251e+02  5.64433096e+00  1.07237565e+05 -1.89301955e-01 
 1.30000000e+00  4.64400000e+03  1.85000000e+00 -1.03951978e-03  3.62649220e-01  5.80543855e-02  1.00983251e+02  5.64433096e+00  1.07237565e+05 -1.89301955e-01 
 1.31000000e+00  4.64400000e+03  1.85000000e+00 -1.04033695e-03  3.62649220e-01  5.80543855e-02  1.00983251e+02  5.64433096e+00  1.07237565e+05 -1.89301955e-01 
 1.32000000e+00  4.64400000e+03  1.85000000e+00 -1.04114794e-03  3.62649220e-01  5.80543855e-02  1.00983251e+02  5.64433096e+00  1.07237565e+05 -1.89301955e-01 
 1.33000000e+00  4.64400000e+03  1.85000000e+00 -1.04195287e-03  3.62649220e-01  5.80543855e-02  1.00983251e+02  5.64433096e+00  1.07237565e+05 -1.89301955e-01 
 1.34000000e+00  4.64400000e+03  1.85000000e+00 -1.04275189e-03  3.62649220e-01  5.80543855e-02  1.00983251e+02  5.64433096e+00  1.07237565e+05 -1.89301955e-01 
 1.35000000e+00  4.64400000e+03  1.85000000e+00 -1.04354512e-03  3.62649220e-01  5.80543855e-02  1.00983251e+02  5.64433096e+00  1.07237565e+05 -1.89301955e-01 
 1.36000000e+00  4.64400000e+03  1.85000000e+00 -1.04433269e-03  3.62649220e-01  5.80543855e-02  1.00983251e+02  5.64433096e+00  1.07237565e+05 -1.89301955e-01 
 1.37000000e+00  4.64400000e+03  1.85000000e+00 -1.04511473e-03  3.62649220e-01  5.80543855e-02  1.00983251e+02  5.64433096e+00  1.07237565e+05 -1.89301955e-01 
 1.38000000e+00  4.64400000e+03  1.85000000e+00 -1.04589135e-03  3.62649220e-01  5.80543855e-02  1.00983251e+02  5.64433096e+00  1.07237565e+05 -1.89301955e-01 
 1.39000000e+00  4.64400000e+03  1.85000000e+00 -1.04666268e-03  3.62649220e-01  5.80543855e-02  1.00983251e+02  5.64433096e+00  1.07237565e+05 -1.89301955e-01 
 1.40000000e+00  4.64400000e+03  1.85000000e+00 -1.04742882e-03  3.62649220e-01  5.80543855e-02  1.00983251e+02  5.64433096e+00  1.07237565e+05 -1.89301955e-01 
 1.41000000e+00  4.64400000e+03  1.85000000e+00 -1.04818988e-03  3.62649220e-01  5.80543855e-02  1.00983251e+02  5.64433096e+00  1.07237565e+05 -1.89301955e-01 
 1.42000000e+00  4.64400000e+03  1.85000000e+00 -1.04894598e-03  3.62649220e-01  5.80543855e-02  1.00983251e+02  5.64433096e+00  1.07237565e+05 -1.89301955e-01 
 1.43000000e+00  4.64400000e+03  1.85000000e+00 -1.04969721e-03  3.62649220e-01  5.80543855e-02  1.00983251e+02  5.64433096e+00  1.07237565e+05 -1.89301955e-01 
 1.44000000e+00  4.64400000e+03  1.85000000e+00 -1.05044368e-03  3.62649220e-01  5.80543855e-02  1.00983251e+02  5.64433096e+00  1.07237565e+05 -1.89301955e-01 
 1.45000000e+00  4.64400000e+03  1.85000000e+00 -1.05118548e-03  3.62649220e-01  5.80543855e-02  1.00983251e+02  5.64433096e+00  1.07237565e+05 -1.89301955e-01 
 1.46000000e+00  4.64400000e+03  1.85000000e+00 -1.05192271e-03  3.62649220e-01  5.80543855e-02  1.00983251e+02  5.64433096e+00  1.07237565e+05 -1.89301955e-01 
 1.47000000e+00  4.64400000e+03  1.85000000e+00 -1.05265547e-03  3.62649220e-01  5.80543855e-02  1.00983251e+02  5.64433096e+00  1.07237565e+05 -1.89301955e-01 
 1.48000000e+00  4.64400000e+03  1.85000000e+00 -1.05338384e-03  3.62649220e-01  5.80543855e-02  1.00983251e+02  5.64433096e+00  1.07237565e+05 -1.89301955e-01 
 1.49000000e+00  4.64400000e+03  1.85000000e+00 -1.05410791e-03  3.62649220e-01  5.80543855e-02  1.00983251e+02  5.64433096e+00  1.07237565e+05 -1.89301955e-01 
 1.50000000e+00  4.64400000e+03  1.85000000e+00 -1.05482777e-03  3.62649220e-01  5.80543855e-02  1.00983251e+02  5.64433096e+00  1.07237565e+05 -1.89301955e-01 
 1.51000000e+00  4.64400000e+03  1.85000000e+00 -1.05554350e-03  3.62649220e-01  5.80543855e-02  1.00983251e+02  5.64433096e+00  1.07237565e+05 -1.89301955e-01 
 1.52000000e+00  4.64400000e+03  1.85000000e+00 -1.05625520e-03  3.62649220e-01  5.80543855e-02  1.00983251e+02  5.64433096e+00  1.07237565e+05 -1.89301955e-01 
 1.53000000e+00  4.64400000e+03  1.85000000e+00 -1.05696293e-03  3.62649220e-01  5.80543855e-02  1.00983251e+02  5.64433096e+00  1.07237565e+05 -1.89301955e-01 
 1.54000000e+00  4.64400000e+03  1.85000000e+00 -1.05766678e-03  3.62649220e-01  5.80543855e-02  1.00983251e+02  5.64433096e+00  1.07237565e+05 -1.89301955e-01 
 1.55000000e+00  4.64400000e+03  1.85000000e+00 -1.05836684e-03  3.62649220e-01  5.80543855e-02  1.00983251e+02  5.64433096e+00  1.07237565e+05 -1.89301955e-01 
 1.56000000e+00  4.64400000e+03  1.85000000e+00 -1.05906317e-03  3.62649220e-01  5.80543855e-02  1.00983251e+02  5.64433096e+00  1.07237565e+05 -1.89301955e-01 
 1.57000000e+00  4.64400000e+03  1.85000000e+00 -1.05975585e-03  3.62649220e-01  5.80543855e-02  1.00983251e+02  5.64433096e+00  1.07237565e+05 -1.89301955e-01 
 1.58000000e+00  4.64400000e+03  1.85000000e+00 -1.06044496e-03  3.62649220e-01  5.80543855e-02  1.00983251e+02  5.64433096e+00  1.07237565e+05 -1.89301955e-01 
 1.59000000e+00  4.64400000e+03  1.85000000e+00 -1.06113058e-03  3.62649220e-01  5.80543855e-02  1.00983251e+02  5.64433096e+00  1.07237565e+05 -1.89301955e-01 
 1.60000000e+00  4.64400000e+03  1.85000000e+00 -1.06181278e-03  3.62649220e-01  5.80543855e-02  1.00983251e+02  5.64433096e+00  1.07237565e+05 -1.89301955e-01 
 1.61000000e+00  4.64400000e+03  1.85000000e+00 -1.06249163e-03  3.62649220e-01  5.80543855e-02  1.00983251e+02  5.64433096e+00  1.07237565e+05 -1.89301955e-01 
 1.62000000e+00  4.64400000e+03  1.85000000e+00 -1.06316720e-03  3.62649220e-01  5.80543855e-02  1.00983251e+02  5.64433096e+00  1.07237565e+05 -1.89301955e-01 
 1.63000000e+00  4.64400000e+03  1.85000000e+00 -1.06383958e-03  3.62649220e-01  5.80543855e-02  1.00983251e+02  5.64433096e+00  1.07237565e+05 -1.89301955e-01 
 1.64000000e+00  4.64400000e+03  1.85000000e+00 -1.06450884e-03  3.62649220e-01  5.80543855e-02  1.00983251e+02  5.64433096e+00  1.07237565e+05 -1.89301955e-01 
 1.65000000e+00  4.64400000e+03  1.85000000e+00 -1.06517505e-03  3.62649220e-01  5.80543855e-02  1.00983251e+02  5.64433096e+00  1.07237565e+05 -1.89301955e-01 
 1.66000000e+00  4.64400000e+03  1.85000000e+00 -1.06583829e-03  3.62649220e-01  5.80543855e-02  1.00983251e+02  5.64433096e+00  1.07237565e+05 -1.89301955e-01 
 1.67000000e+00  4.64400000e+03  1.85000000e+00 -1.06649863e-03  3.62649220e-01  5.80543855e-02  1.00983251e+02  5.64433096e+00  1.07237565e+05 -1.89301955e-01 
 1.68000000e+00  4.64400000e+03  1.85000000e+00 -1.06715615e-03  3.62649220e-01  5.80543855e-02  1.00983251e+02  5.64433096e+00  1.07237565e+05 -1.89301955e-01 
 1.69000000e+00  4.64400000e+03  1.85000000e+00 -1.06781093e-03  3.62649220e-01  5.80543855e-02  1.00983251e+02  5.64433096e+00  1.07237565e+05 -1.89301955e-01 
 1.70000000e+00  4.64400000e+03  1.85000000e+00 -1.06846305e-03  3.62649220e-01  5.80543855e-02  1.00983251e+02  5.64433096e+00  1.07237565e+05 -1.89301955e-01 
 1.71000000e+00  4.64400000e+03  1.85000000e+00 -1.06911261e-03  3.62649220e-01  5.80543855e-02  1.00983251e+02  5.64433096e+00  1.07237565e+05 -1.89301955e-01 
 1.72000000e+00  4.64400000e+03  1.85000000e+00 -1.06975967e-03  3.62649220e-01  5.80543855e-02  1.00983251e+02  5.64433096e+00  1.07237565e+05 -1.89301955e-01 
 1.73000000e+00  4.64400000e+03  1.85000000e+00 -1.07040432e-03  3.62649220e-01  5.80543855e-02  1.00983251e+02  5.64433096e+00  1.07237565e+05 -1.89301955e-01 
 1.74000000e+00  4.64400000e+03  1.85000000e+00 -1.07104667e-03  3.62649220e-01  5.80543855e-02  1.00983251e+02  5.64433096e+00  1.07237565e+05 -1.89301955e-01 
 1.75000000e+00  4.64400000e+03  1.85000000e+00 -1.07168680e-03  3.62649220e-01  5.80543855e-02  1.00983251e+02  5.64433096e+00  1.07237565e+05 -1.89301955e-01 
 1.76000000e+00  4.64400000e+03  1.85000000e+00 -1.07232482e-03  3.62649220e-01  5.80543855e-02  1.00983251e+02  5.64433096e+00  1.07237565e+05 -1.89301955e-01 
 1.77000000e+00  4.64400000e+03  1.85000000e+00 -1.07296082e-03  3.62649220e-01  5.80543855e-02  1.00983251e+02  5.64433096e+00  1.07237565e+05 -1.89301955e-01 
 1.78000000e+00  4.64400000e+03  1.85000000e+00 -1.07359490e-03  3.62649220e-01  5.80543855e-02  1.00983251e+02  5.64433096e+00  1.07237565e+05 -1.89301955e-01 
 1.79000000e+00  4.64400000e+03  1.85000000e+00 -1.07422720e-03  3.62649220e-01  5.80543855e-02  1.00983251e+02  5.64433096e+00  1.07237565e+05 -1.89301955e-01 
 1.80000000e+00  4.64400000e+03  1.85000000e+00 -1.07485781e-03  3.62649220e-01  5.80543855e-02  1.00983251e+02  5.64433096e+00  1.07237565e+05 -1.89301955e-01 
 1.81000000e+00  4.64400000e+03  1.85000000e+00 -1.07548686e-03  3.62649220e-01  5.80543855e-02  1.00983251e+02  5.64433096e+00  1.07237565e+05 -1.89301955e-01 
 1.82000000e+00  4.64400000e+03  1.85000000e+00 -1.07611448e-03  3.62649220e-01  5.80543855e-02  1.00983251e+02  5.64433096e+00  1.07237565e+05 -1.89301955e-01 
 1.83000000e+00  4.64400000e+03  1.85000000e+00 -1.07674082e-03  3.62649220e-01  5.80543855e-02  1.00983251e+02  5.64433096e+00  1.07237565e+05 -1.89301955e-01 
 1.84000000e+00  4.64400000e+03  1.85000000e+00 -1.07736600e-03  3.62649220e-01  5.80543855e-02  1.00983251e+02  5.64433096e+00  1.07237565e+05 -1.89301955e-01 
 1.85000000e+00  4.64400000e+03  1.85000000e+00 -1.07799019e-03  3.62649220e-01  5.80543855e-02  1.00983251e+02  5.64433096e+00  1.07237565e+05 -1.89301955e-01 
