 v-sweep         run_num         v(gate)         i(vds)          out_vth0        out_u0          out_rdsw        out_nfactor     out_vsat        out_eta0       
 0.00000000e+00  7.52300000e+03  1.85000000e+00  3.83142303e-43  3.38192167e-01  5.17414237e-02  9.84628331e+01  3.80672208e+00  9.52364106e+04 -1.83641953e-01 
 1.00000000e-02  7.52300000e+03  1.85000000e+00 -3.56927632e-05  3.38192167e-01  5.17414237e-02  9.84628331e+01  3.80672208e+00  9.52364106e+04 -1.83641953e-01 
 2.00000000e-02  7.52300000e+03  1.85000000e+00 -7.06813957e-05  3.38192167e-01  5.17414237e-02  9.84628331e+01  3.80672208e+00  9.52364106e+04 -1.83641953e-01 
 3.00000000e-02  7.52300000e+03  1.85000000e+00 -1.04966791e-04  3.38192167e-01  5.17414237e-02  9.84628331e+01  3.80672208e+00  9.52364106e+04 -1.83641953e-01 
 4.00000000e-02  7.52300000e+03  1.85000000e+00 -1.38548950e-04  3.38192167e-01  5.17414237e-02  9.84628331e+01  3.80672208e+00  9.52364106e+04 -1.83641953e-01 
 5.00000000e-02  7.52300000e+03  1.85000000e+00 -1.71426854e-04  3.38192167e-01  5.17414237e-02  9.84628331e+01  3.80672208e+00  9.52364106e+04 -1.83641953e-01 
 6.00000000e-02  7.52300000e+03  1.85000000e+00 -2.03598343e-04  3.38192167e-01  5.17414237e-02  9.84628331e+01  3.80672208e+00  9.52364106e+04 -1.83641953e-01 
 7.00000000e-02  7.52300000e+03  1.85000000e+00 -2.35059978e-04  3.38192167e-01  5.17414237e-02  9.84628331e+01  3.80672208e+00  9.52364106e+04 -1.83641953e-01 
 8.00000000e-02  7.52300000e+03  1.85000000e+00 -2.65806913e-04  3.38192167e-01  5.17414237e-02  9.84628331e+01  3.80672208e+00  9.52364106e+04 -1.83641953e-01 
 9.00000000e-02  7.52300000e+03  1.85000000e+00 -2.95832767e-04  3.38192167e-01  5.17414237e-02  9.84628331e+01  3.80672208e+00  9.52364106e+04 -1.83641953e-01 
 1.00000000e-01  7.52300000e+03  1.85000000e+00 -3.25129497e-04  3.38192167e-01  5.17414237e-02  9.84628331e+01  3.80672208e+00  9.52364106e+04 -1.83641953e-01 
 1.10000000e-01  7.52300000e+03  1.85000000e+00 -3.53687299e-04  3.38192167e-01  5.17414237e-02  9.84628331e+01  3.80672208e+00  9.52364106e+04 -1.83641953e-01 
 1.20000000e-01  7.52300000e+03  1.85000000e+00 -3.81494528e-04  3.38192167e-01  5.17414237e-02  9.84628331e+01  3.80672208e+00  9.52364106e+04 -1.83641953e-01 
 1.30000000e-01  7.52300000e+03  1.85000000e+00 -4.08537670e-04  3.38192167e-01  5.17414237e-02  9.84628331e+01  3.80672208e+00  9.52364106e+04 -1.83641953e-01 
 1.40000000e-01  7.52300000e+03  1.85000000e+00 -4.34801370e-04  3.38192167e-01  5.17414237e-02  9.84628331e+01  3.80672208e+00  9.52364106e+04 -1.83641953e-01 
 1.50000000e-01  7.52300000e+03  1.85000000e+00 -4.60268543e-04  3.38192167e-01  5.17414237e-02  9.84628331e+01  3.80672208e+00  9.52364106e+04 -1.83641953e-01 
 1.60000000e-01  7.52300000e+03  1.85000000e+00 -4.84920607e-04  3.38192167e-01  5.17414237e-02  9.84628331e+01  3.80672208e+00  9.52364106e+04 -1.83641953e-01 
 1.70000000e-01  7.52300000e+03  1.85000000e+00 -5.08737838e-04  3.38192167e-01  5.17414237e-02  9.84628331e+01  3.80672208e+00  9.52364106e+04 -1.83641953e-01 
 1.80000000e-01  7.52300000e+03  1.85000000e+00 -5.31699891e-04  3.38192167e-01  5.17414237e-02  9.84628331e+01  3.80672208e+00  9.52364106e+04 -1.83641953e-01 
 1.90000000e-01  7.52300000e+03  1.85000000e+00 -5.53786496e-04  3.38192167e-01  5.17414237e-02  9.84628331e+01  3.80672208e+00  9.52364106e+04 -1.83641953e-01 
 2.00000000e-01  7.52300000e+03  1.85000000e+00 -5.74978324e-04  3.38192167e-01  5.17414237e-02  9.84628331e+01  3.80672208e+00  9.52364106e+04 -1.83641953e-01 
 2.10000000e-01  7.52300000e+03  1.85000000e+00 -5.95258014e-04  3.38192167e-01  5.17414237e-02  9.84628331e+01  3.80672208e+00  9.52364106e+04 -1.83641953e-01 
 2.20000000e-01  7.52300000e+03  1.85000000e+00 -6.14611301e-04  3.38192167e-01  5.17414237e-02  9.84628331e+01  3.80672208e+00  9.52364106e+04 -1.83641953e-01 
 2.30000000e-01  7.52300000e+03  1.85000000e+00 -6.33028187e-04  3.38192167e-01  5.17414237e-02  9.84628331e+01  3.80672208e+00  9.52364106e+04 -1.83641953e-01 
 2.40000000e-01  7.52300000e+03  1.85000000e+00 -6.50504039e-04  3.38192167e-01  5.17414237e-02  9.84628331e+01  3.80672208e+00  9.52364106e+04 -1.83641953e-01 
 2.50000000e-01  7.52300000e+03  1.85000000e+00 -6.67040516e-04  3.38192167e-01  5.17414237e-02  9.84628331e+01  3.80672208e+00  9.52364106e+04 -1.83641953e-01 
 2.60000000e-01  7.52300000e+03  1.85000000e+00 -6.82646213e-04  3.38192167e-01  5.17414237e-02  9.84628331e+01  3.80672208e+00  9.52364106e+04 -1.83641953e-01 
 2.70000000e-01  7.52300000e+03  1.85000000e+00 -6.97336940e-04  3.38192167e-01  5.17414237e-02  9.84628331e+01  3.80672208e+00  9.52364106e+04 -1.83641953e-01 
 2.80000000e-01  7.52300000e+03  1.85000000e+00 -7.11135590e-04  3.38192167e-01  5.17414237e-02  9.84628331e+01  3.80672208e+00  9.52364106e+04 -1.83641953e-01 
 2.90000000e-01  7.52300000e+03  1.85000000e+00 -7.24071615e-04  3.38192167e-01  5.17414237e-02  9.84628331e+01  3.80672208e+00  9.52364106e+04 -1.83641953e-01 
 3.00000000e-01  7.52300000e+03  1.85000000e+00 -7.36180153e-04  3.38192167e-01  5.17414237e-02  9.84628331e+01  3.80672208e+00  9.52364106e+04 -1.83641953e-01 
 3.10000000e-01  7.52300000e+03  1.85000000e+00 -7.47500926e-04  3.38192167e-01  5.17414237e-02  9.84628331e+01  3.80672208e+00  9.52364106e+04 -1.83641953e-01 
 3.20000000e-01  7.52300000e+03  1.85000000e+00 -7.58076992e-04  3.38192167e-01  5.17414237e-02  9.84628331e+01  3.80672208e+00  9.52364106e+04 -1.83641953e-01 
 3.30000000e-01  7.52300000e+03  1.85000000e+00 -7.67953490e-04  3.38192167e-01  5.17414237e-02  9.84628331e+01  3.80672208e+00  9.52364106e+04 -1.83641953e-01 
 3.40000000e-01  7.52300000e+03  1.85000000e+00 -7.77176452e-04  3.38192167e-01  5.17414237e-02  9.84628331e+01  3.80672208e+00  9.52364106e+04 -1.83641953e-01 
 3.50000000e-01  7.52300000e+03  1.85000000e+00 -7.85791771e-04  3.38192167e-01  5.17414237e-02  9.84628331e+01  3.80672208e+00  9.52364106e+04 -1.83641953e-01 
 3.60000000e-01  7.52300000e+03  1.85000000e+00 -7.93844334e-04  3.38192167e-01  5.17414237e-02  9.84628331e+01  3.80672208e+00  9.52364106e+04 -1.83641953e-01 
 3.70000000e-01  7.52300000e+03  1.85000000e+00 -8.01377365e-04  3.38192167e-01  5.17414237e-02  9.84628331e+01  3.80672208e+00  9.52364106e+04 -1.83641953e-01 
 3.80000000e-01  7.52300000e+03  1.85000000e+00 -8.08431948e-04  3.38192167e-01  5.17414237e-02  9.84628331e+01  3.80672208e+00  9.52364106e+04 -1.83641953e-01 
 3.90000000e-01  7.52300000e+03  1.85000000e+00 -8.15046715e-04  3.38192167e-01  5.17414237e-02  9.84628331e+01  3.80672208e+00  9.52364106e+04 -1.83641953e-01 
 4.00000000e-01  7.52300000e+03  1.85000000e+00 -8.21257680e-04  3.38192167e-01  5.17414237e-02  9.84628331e+01  3.80672208e+00  9.52364106e+04 -1.83641953e-01 
 4.10000000e-01  7.52300000e+03  1.85000000e+00 -8.27098179e-04  3.38192167e-01  5.17414237e-02  9.84628331e+01  3.80672208e+00  9.52364106e+04 -1.83641953e-01 
 4.20000000e-01  7.52300000e+03  1.85000000e+00 -8.32598900e-04  3.38192167e-01  5.17414237e-02  9.84628331e+01  3.80672208e+00  9.52364106e+04 -1.83641953e-01 
 4.30000000e-01  7.52300000e+03  1.85000000e+00 -8.37787968e-04  3.38192167e-01  5.17414237e-02  9.84628331e+01  3.80672208e+00  9.52364106e+04 -1.83641953e-01 
 4.40000000e-01  7.52300000e+03  1.85000000e+00 -8.42691072e-04  3.38192167e-01  5.17414237e-02  9.84628331e+01  3.80672208e+00  9.52364106e+04 -1.83641953e-01 
 4.50000000e-01  7.52300000e+03  1.85000000e+00 -8.47331621e-04  3.38192167e-01  5.17414237e-02  9.84628331e+01  3.80672208e+00  9.52364106e+04 -1.83641953e-01 
 4.60000000e-01  7.52300000e+03  1.85000000e+00 -8.51730903e-04  3.38192167e-01  5.17414237e-02  9.84628331e+01  3.80672208e+00  9.52364106e+04 -1.83641953e-01 
 4.70000000e-01  7.52300000e+03  1.85000000e+00 -8.55908262e-04  3.38192167e-01  5.17414237e-02  9.84628331e+01  3.80672208e+00  9.52364106e+04 -1.83641953e-01 
 4.80000000e-01  7.52300000e+03  1.85000000e+00 -8.59881259e-04  3.38192167e-01  5.17414237e-02  9.84628331e+01  3.80672208e+00  9.52364106e+04 -1.83641953e-01 
 4.90000000e-01  7.52300000e+03  1.85000000e+00 -8.63665831e-04  3.38192167e-01  5.17414237e-02  9.84628331e+01  3.80672208e+00  9.52364106e+04 -1.83641953e-01 
 5.00000000e-01  7.52300000e+03  1.85000000e+00 -8.67276449e-04  3.38192167e-01  5.17414237e-02  9.84628331e+01  3.80672208e+00  9.52364106e+04 -1.83641953e-01 
 5.10000000e-01  7.52300000e+03  1.85000000e+00 -8.70726251e-04  3.38192167e-01  5.17414237e-02  9.84628331e+01  3.80672208e+00  9.52364106e+04 -1.83641953e-01 
 5.20000000e-01  7.52300000e+03  1.85000000e+00 -8.74027175e-04  3.38192167e-01  5.17414237e-02  9.84628331e+01  3.80672208e+00  9.52364106e+04 -1.83641953e-01 
 5.30000000e-01  7.52300000e+03  1.85000000e+00 -8.77190079e-04  3.38192167e-01  5.17414237e-02  9.84628331e+01  3.80672208e+00  9.52364106e+04 -1.83641953e-01 
 5.40000000e-01  7.52300000e+03  1.85000000e+00 -8.80224844e-04  3.38192167e-01  5.17414237e-02  9.84628331e+01  3.80672208e+00  9.52364106e+04 -1.83641953e-01 
 5.50000000e-01  7.52300000e+03  1.85000000e+00 -8.83140473e-04  3.38192167e-01  5.17414237e-02  9.84628331e+01  3.80672208e+00  9.52364106e+04 -1.83641953e-01 
 5.60000000e-01  7.52300000e+03  1.85000000e+00 -8.85945180e-04  3.38192167e-01  5.17414237e-02  9.84628331e+01  3.80672208e+00  9.52364106e+04 -1.83641953e-01 
 5.70000000e-01  7.52300000e+03  1.85000000e+00 -8.88646465e-04  3.38192167e-01  5.17414237e-02  9.84628331e+01  3.80672208e+00  9.52364106e+04 -1.83641953e-01 
 5.80000000e-01  7.52300000e+03  1.85000000e+00 -8.91251189e-04  3.38192167e-01  5.17414237e-02  9.84628331e+01  3.80672208e+00  9.52364106e+04 -1.83641953e-01 
 5.90000000e-01  7.52300000e+03  1.85000000e+00 -8.93765633e-04  3.38192167e-01  5.17414237e-02  9.84628331e+01  3.80672208e+00  9.52364106e+04 -1.83641953e-01 
 6.00000000e-01  7.52300000e+03  1.85000000e+00 -8.96195555e-04  3.38192167e-01  5.17414237e-02  9.84628331e+01  3.80672208e+00  9.52364106e+04 -1.83641953e-01 
 6.10000000e-01  7.52300000e+03  1.85000000e+00 -8.98546242e-04  3.38192167e-01  5.17414237e-02  9.84628331e+01  3.80672208e+00  9.52364106e+04 -1.83641953e-01 
 6.20000000e-01  7.52300000e+03  1.85000000e+00 -9.00822555e-04  3.38192167e-01  5.17414237e-02  9.84628331e+01  3.80672208e+00  9.52364106e+04 -1.83641953e-01 
 6.30000000e-01  7.52300000e+03  1.85000000e+00 -9.03028969e-04  3.38192167e-01  5.17414237e-02  9.84628331e+01  3.80672208e+00  9.52364106e+04 -1.83641953e-01 
 6.40000000e-01  7.52300000e+03  1.85000000e+00 -9.05169609e-04  3.38192167e-01  5.17414237e-02  9.84628331e+01  3.80672208e+00  9.52364106e+04 -1.83641953e-01 
 6.50000000e-01  7.52300000e+03  1.85000000e+00 -9.07248281e-04  3.38192167e-01  5.17414237e-02  9.84628331e+01  3.80672208e+00  9.52364106e+04 -1.83641953e-01 
 6.60000000e-01  7.52300000e+03  1.85000000e+00 -9.09268506e-04  3.38192167e-01  5.17414237e-02  9.84628331e+01  3.80672208e+00  9.52364106e+04 -1.83641953e-01 
 6.70000000e-01  7.52300000e+03  1.85000000e+00 -9.11233540e-04  3.38192167e-01  5.17414237e-02  9.84628331e+01  3.80672208e+00  9.52364106e+04 -1.83641953e-01 
 6.80000000e-01  7.52300000e+03  1.85000000e+00 -9.13146400e-04  3.38192167e-01  5.17414237e-02  9.84628331e+01  3.80672208e+00  9.52364106e+04 -1.83641953e-01 
 6.90000000e-01  7.52300000e+03  1.85000000e+00 -9.15009887e-04  3.38192167e-01  5.17414237e-02  9.84628331e+01  3.80672208e+00  9.52364106e+04 -1.83641953e-01 
 7.00000000e-01  7.52300000e+03  1.85000000e+00 -9.16826601e-04  3.38192167e-01  5.17414237e-02  9.84628331e+01  3.80672208e+00  9.52364106e+04 -1.83641953e-01 
 7.10000000e-01  7.52300000e+03  1.85000000e+00 -9.18598963e-04  3.38192167e-01  5.17414237e-02  9.84628331e+01  3.80672208e+00  9.52364106e+04 -1.83641953e-01 
 7.20000000e-01  7.52300000e+03  1.85000000e+00 -9.20329224e-04  3.38192167e-01  5.17414237e-02  9.84628331e+01  3.80672208e+00  9.52364106e+04 -1.83641953e-01 
 7.30000000e-01  7.52300000e+03  1.85000000e+00 -9.22019486e-04  3.38192167e-01  5.17414237e-02  9.84628331e+01  3.80672208e+00  9.52364106e+04 -1.83641953e-01 
 7.40000000e-01  7.52300000e+03  1.85000000e+00 -9.23671708e-04  3.38192167e-01  5.17414237e-02  9.84628331e+01  3.80672208e+00  9.52364106e+04 -1.83641953e-01 
 7.50000000e-01  7.52300000e+03  1.85000000e+00 -9.25287722e-04  3.38192167e-01  5.17414237e-02  9.84628331e+01  3.80672208e+00  9.52364106e+04 -1.83641953e-01 
 7.60000000e-01  7.52300000e+03  1.85000000e+00 -9.26869242e-04  3.38192167e-01  5.17414237e-02  9.84628331e+01  3.80672208e+00  9.52364106e+04 -1.83641953e-01 
 7.70000000e-01  7.52300000e+03  1.85000000e+00 -9.28417872e-04  3.38192167e-01  5.17414237e-02  9.84628331e+01  3.80672208e+00  9.52364106e+04 -1.83641953e-01 
 7.80000000e-01  7.52300000e+03  1.85000000e+00 -9.29935116e-04  3.38192167e-01  5.17414237e-02  9.84628331e+01  3.80672208e+00  9.52364106e+04 -1.83641953e-01 
 7.90000000e-01  7.52300000e+03  1.85000000e+00 -9.31422384e-04  3.38192167e-01  5.17414237e-02  9.84628331e+01  3.80672208e+00  9.52364106e+04 -1.83641953e-01 
 8.00000000e-01  7.52300000e+03  1.85000000e+00 -9.32881003e-04  3.38192167e-01  5.17414237e-02  9.84628331e+01  3.80672208e+00  9.52364106e+04 -1.83641953e-01 
 8.10000000e-01  7.52300000e+03  1.85000000e+00 -9.34312219e-04  3.38192167e-01  5.17414237e-02  9.84628331e+01  3.80672208e+00  9.52364106e+04 -1.83641953e-01 
 8.20000000e-01  7.52300000e+03  1.85000000e+00 -9.35717203e-04  3.38192167e-01  5.17414237e-02  9.84628331e+01  3.80672208e+00  9.52364106e+04 -1.83641953e-01 
 8.30000000e-01  7.52300000e+03  1.85000000e+00 -9.37097061e-04  3.38192167e-01  5.17414237e-02  9.84628331e+01  3.80672208e+00  9.52364106e+04 -1.83641953e-01 
 8.40000000e-01  7.52300000e+03  1.85000000e+00 -9.38452835e-04  3.38192167e-01  5.17414237e-02  9.84628331e+01  3.80672208e+00  9.52364106e+04 -1.83641953e-01 
 8.50000000e-01  7.52300000e+03  1.85000000e+00 -9.39785505e-04  3.38192167e-01  5.17414237e-02  9.84628331e+01  3.80672208e+00  9.52364106e+04 -1.83641953e-01 
 8.60000000e-01  7.52300000e+03  1.85000000e+00 -9.41096002e-04  3.38192167e-01  5.17414237e-02  9.84628331e+01  3.80672208e+00  9.52364106e+04 -1.83641953e-01 
 8.70000000e-01  7.52300000e+03  1.85000000e+00 -9.42385200e-04  3.38192167e-01  5.17414237e-02  9.84628331e+01  3.80672208e+00  9.52364106e+04 -1.83641953e-01 
 8.80000000e-01  7.52300000e+03  1.85000000e+00 -9.43653931e-04  3.38192167e-01  5.17414237e-02  9.84628331e+01  3.80672208e+00  9.52364106e+04 -1.83641953e-01 
 8.90000000e-01  7.52300000e+03  1.85000000e+00 -9.44902979e-04  3.38192167e-01  5.17414237e-02  9.84628331e+01  3.80672208e+00  9.52364106e+04 -1.83641953e-01 
 9.00000000e-01  7.52300000e+03  1.85000000e+00 -9.46133089e-04  3.38192167e-01  5.17414237e-02  9.84628331e+01  3.80672208e+00  9.52364106e+04 -1.83641953e-01 
 9.10000000e-01  7.52300000e+03  1.85000000e+00 -9.47344966e-04  3.38192167e-01  5.17414237e-02  9.84628331e+01  3.80672208e+00  9.52364106e+04 -1.83641953e-01 
 9.20000000e-01  7.52300000e+03  1.85000000e+00 -9.48539279e-04  3.38192167e-01  5.17414237e-02  9.84628331e+01  3.80672208e+00  9.52364106e+04 -1.83641953e-01 
 9.30000000e-01  7.52300000e+03  1.85000000e+00 -9.49716665e-04  3.38192167e-01  5.17414237e-02  9.84628331e+01  3.80672208e+00  9.52364106e+04 -1.83641953e-01 
 9.40000000e-01  7.52300000e+03  1.85000000e+00 -9.50877727e-04  3.38192167e-01  5.17414237e-02  9.84628331e+01  3.80672208e+00  9.52364106e+04 -1.83641953e-01 
 9.50000000e-01  7.52300000e+03  1.85000000e+00 -9.52023039e-04  3.38192167e-01  5.17414237e-02  9.84628331e+01  3.80672208e+00  9.52364106e+04 -1.83641953e-01 
 9.60000000e-01  7.52300000e+03  1.85000000e+00 -9.53153148e-04  3.38192167e-01  5.17414237e-02  9.84628331e+01  3.80672208e+00  9.52364106e+04 -1.83641953e-01 
 9.70000000e-01  7.52300000e+03  1.85000000e+00 -9.54268575e-04  3.38192167e-01  5.17414237e-02  9.84628331e+01  3.80672208e+00  9.52364106e+04 -1.83641953e-01 
 9.80000000e-01  7.52300000e+03  1.85000000e+00 -9.55369814e-04  3.38192167e-01  5.17414237e-02  9.84628331e+01  3.80672208e+00  9.52364106e+04 -1.83641953e-01 
 9.90000000e-01  7.52300000e+03  1.85000000e+00 -9.56457339e-04  3.38192167e-01  5.17414237e-02  9.84628331e+01  3.80672208e+00  9.52364106e+04 -1.83641953e-01 
 1.00000000e+00  7.52300000e+03  1.85000000e+00 -9.57531601e-04  3.38192167e-01  5.17414237e-02  9.84628331e+01  3.80672208e+00  9.52364106e+04 -1.83641953e-01 
 1.01000000e+00  7.52300000e+03  1.85000000e+00 -9.58593028e-04  3.38192167e-01  5.17414237e-02  9.84628331e+01  3.80672208e+00  9.52364106e+04 -1.83641953e-01 
 1.02000000e+00  7.52300000e+03  1.85000000e+00 -9.59642034e-04  3.38192167e-01  5.17414237e-02  9.84628331e+01  3.80672208e+00  9.52364106e+04 -1.83641953e-01 
 1.03000000e+00  7.52300000e+03  1.85000000e+00 -9.60679009e-04  3.38192167e-01  5.17414237e-02  9.84628331e+01  3.80672208e+00  9.52364106e+04 -1.83641953e-01 
 1.04000000e+00  7.52300000e+03  1.85000000e+00 -9.61704330e-04  3.38192167e-01  5.17414237e-02  9.84628331e+01  3.80672208e+00  9.52364106e+04 -1.83641953e-01 
 1.05000000e+00  7.52300000e+03  1.85000000e+00 -9.62718355e-04  3.38192167e-01  5.17414237e-02  9.84628331e+01  3.80672208e+00  9.52364106e+04 -1.83641953e-01 
 1.06000000e+00  7.52300000e+03  1.85000000e+00 -9.63721429e-04  3.38192167e-01  5.17414237e-02  9.84628331e+01  3.80672208e+00  9.52364106e+04 -1.83641953e-01 
 1.07000000e+00  7.52300000e+03  1.85000000e+00 -9.64713880e-04  3.38192167e-01  5.17414237e-02  9.84628331e+01  3.80672208e+00  9.52364106e+04 -1.83641953e-01 
 1.08000000e+00  7.52300000e+03  1.85000000e+00 -9.65696024e-04  3.38192167e-01  5.17414237e-02  9.84628331e+01  3.80672208e+00  9.52364106e+04 -1.83641953e-01 
 1.09000000e+00  7.52300000e+03  1.85000000e+00 -9.66668164e-04  3.38192167e-01  5.17414237e-02  9.84628331e+01  3.80672208e+00  9.52364106e+04 -1.83641953e-01 
 1.10000000e+00  7.52300000e+03  1.85000000e+00 -9.67630588e-04  3.38192167e-01  5.17414237e-02  9.84628331e+01  3.80672208e+00  9.52364106e+04 -1.83641953e-01 
 1.11000000e+00  7.52300000e+03  1.85000000e+00 -9.68583577e-04  3.38192167e-01  5.17414237e-02  9.84628331e+01  3.80672208e+00  9.52364106e+04 -1.83641953e-01 
 1.12000000e+00  7.52300000e+03  1.85000000e+00 -9.69527396e-04  3.38192167e-01  5.17414237e-02  9.84628331e+01  3.80672208e+00  9.52364106e+04 -1.83641953e-01 
 1.13000000e+00  7.52300000e+03  1.85000000e+00 -9.70462303e-04  3.38192167e-01  5.17414237e-02  9.84628331e+01  3.80672208e+00  9.52364106e+04 -1.83641953e-01 
 1.14000000e+00  7.52300000e+03  1.85000000e+00 -9.71388543e-04  3.38192167e-01  5.17414237e-02  9.84628331e+01  3.80672208e+00  9.52364106e+04 -1.83641953e-01 
 1.15000000e+00  7.52300000e+03  1.85000000e+00 -9.72306354e-04  3.38192167e-01  5.17414237e-02  9.84628331e+01  3.80672208e+00  9.52364106e+04 -1.83641953e-01 
 1.16000000e+00  7.52300000e+03  1.85000000e+00 -9.73215964e-04  3.38192167e-01  5.17414237e-02  9.84628331e+01  3.80672208e+00  9.52364106e+04 -1.83641953e-01 
 1.17000000e+00  7.52300000e+03  1.85000000e+00 -9.74117591e-04  3.38192167e-01  5.17414237e-02  9.84628331e+01  3.80672208e+00  9.52364106e+04 -1.83641953e-01 
 1.18000000e+00  7.52300000e+03  1.85000000e+00 -9.75011448e-04  3.38192167e-01  5.17414237e-02  9.84628331e+01  3.80672208e+00  9.52364106e+04 -1.83641953e-01 
 1.19000000e+00  7.52300000e+03  1.85000000e+00 -9.75897738e-04  3.38192167e-01  5.17414237e-02  9.84628331e+01  3.80672208e+00  9.52364106e+04 -1.83641953e-01 
 1.20000000e+00  7.52300000e+03  1.85000000e+00 -9.76776655e-04  3.38192167e-01  5.17414237e-02  9.84628331e+01  3.80672208e+00  9.52364106e+04 -1.83641953e-01 
 1.21000000e+00  7.52300000e+03  1.85000000e+00 -9.77648389e-04  3.38192167e-01  5.17414237e-02  9.84628331e+01  3.80672208e+00  9.52364106e+04 -1.83641953e-01 
 1.22000000e+00  7.52300000e+03  1.85000000e+00 -9.78513122e-04  3.38192167e-01  5.17414237e-02  9.84628331e+01  3.80672208e+00  9.52364106e+04 -1.83641953e-01 
 1.23000000e+00  7.52300000e+03  1.85000000e+00 -9.79371029e-04  3.38192167e-01  5.17414237e-02  9.84628331e+01  3.80672208e+00  9.52364106e+04 -1.83641953e-01 
 1.24000000e+00  7.52300000e+03  1.85000000e+00 -9.80222279e-04  3.38192167e-01  5.17414237e-02  9.84628331e+01  3.80672208e+00  9.52364106e+04 -1.83641953e-01 
 1.25000000e+00  7.52300000e+03  1.85000000e+00 -9.81067036e-04  3.38192167e-01  5.17414237e-02  9.84628331e+01  3.80672208e+00  9.52364106e+04 -1.83641953e-01 
 1.26000000e+00  7.52300000e+03  1.85000000e+00 -9.81905458e-04  3.38192167e-01  5.17414237e-02  9.84628331e+01  3.80672208e+00  9.52364106e+04 -1.83641953e-01 
 1.27000000e+00  7.52300000e+03  1.85000000e+00 -9.82737696e-04  3.38192167e-01  5.17414237e-02  9.84628331e+01  3.80672208e+00  9.52364106e+04 -1.83641953e-01 
 1.28000000e+00  7.52300000e+03  1.85000000e+00 -9.83563899e-04  3.38192167e-01  5.17414237e-02  9.84628331e+01  3.80672208e+00  9.52364106e+04 -1.83641953e-01 
 1.29000000e+00  7.52300000e+03  1.85000000e+00 -9.84384207e-04  3.38192167e-01  5.17414237e-02  9.84628331e+01  3.80672208e+00  9.52364106e+04 -1.83641953e-01 
 1.30000000e+00  7.52300000e+03  1.85000000e+00 -9.85198760e-04  3.38192167e-01  5.17414237e-02  9.84628331e+01  3.80672208e+00  9.52364106e+04 -1.83641953e-01 
 1.31000000e+00  7.52300000e+03  1.85000000e+00 -9.86007689e-04  3.38192167e-01  5.17414237e-02  9.84628331e+01  3.80672208e+00  9.52364106e+04 -1.83641953e-01 
 1.32000000e+00  7.52300000e+03  1.85000000e+00 -9.86811123e-04  3.38192167e-01  5.17414237e-02  9.84628331e+01  3.80672208e+00  9.52364106e+04 -1.83641953e-01 
 1.33000000e+00  7.52300000e+03  1.85000000e+00 -9.87609188e-04  3.38192167e-01  5.17414237e-02  9.84628331e+01  3.80672208e+00  9.52364106e+04 -1.83641953e-01 
 1.34000000e+00  7.52300000e+03  1.85000000e+00 -9.88402004e-04  3.38192167e-01  5.17414237e-02  9.84628331e+01  3.80672208e+00  9.52364106e+04 -1.83641953e-01 
 1.35000000e+00  7.52300000e+03  1.85000000e+00 -9.89189687e-04  3.38192167e-01  5.17414237e-02  9.84628331e+01  3.80672208e+00  9.52364106e+04 -1.83641953e-01 
 1.36000000e+00  7.52300000e+03  1.85000000e+00 -9.89972350e-04  3.38192167e-01  5.17414237e-02  9.84628331e+01  3.80672208e+00  9.52364106e+04 -1.83641953e-01 
 1.37000000e+00  7.52300000e+03  1.85000000e+00 -9.90750105e-04  3.38192167e-01  5.17414237e-02  9.84628331e+01  3.80672208e+00  9.52364106e+04 -1.83641953e-01 
 1.38000000e+00  7.52300000e+03  1.85000000e+00 -9.91523056e-04  3.38192167e-01  5.17414237e-02  9.84628331e+01  3.80672208e+00  9.52364106e+04 -1.83641953e-01 
 1.39000000e+00  7.52300000e+03  1.85000000e+00 -9.92291307e-04  3.38192167e-01  5.17414237e-02  9.84628331e+01  3.80672208e+00  9.52364106e+04 -1.83641953e-01 
 1.40000000e+00  7.52300000e+03  1.85000000e+00 -9.93054958e-04  3.38192167e-01  5.17414237e-02  9.84628331e+01  3.80672208e+00  9.52364106e+04 -1.83641953e-01 
 1.41000000e+00  7.52300000e+03  1.85000000e+00 -9.93814106e-04  3.38192167e-01  5.17414237e-02  9.84628331e+01  3.80672208e+00  9.52364106e+04 -1.83641953e-01 
 1.42000000e+00  7.52300000e+03  1.85000000e+00 -9.94568847e-04  3.38192167e-01  5.17414237e-02  9.84628331e+01  3.80672208e+00  9.52364106e+04 -1.83641953e-01 
 1.43000000e+00  7.52300000e+03  1.85000000e+00 -9.95319270e-04  3.38192167e-01  5.17414237e-02  9.84628331e+01  3.80672208e+00  9.52364106e+04 -1.83641953e-01 
 1.44000000e+00  7.52300000e+03  1.85000000e+00 -9.96065467e-04  3.38192167e-01  5.17414237e-02  9.84628331e+01  3.80672208e+00  9.52364106e+04 -1.83641953e-01 
 1.45000000e+00  7.52300000e+03  1.85000000e+00 -9.96807522e-04  3.38192167e-01  5.17414237e-02  9.84628331e+01  3.80672208e+00  9.52364106e+04 -1.83641953e-01 
 1.46000000e+00  7.52300000e+03  1.85000000e+00 -9.97545522e-04  3.38192167e-01  5.17414237e-02  9.84628331e+01  3.80672208e+00  9.52364106e+04 -1.83641953e-01 
 1.47000000e+00  7.52300000e+03  1.85000000e+00 -9.98279547e-04  3.38192167e-01  5.17414237e-02  9.84628331e+01  3.80672208e+00  9.52364106e+04 -1.83641953e-01 
 1.48000000e+00  7.52300000e+03  1.85000000e+00 -9.99009679e-04  3.38192167e-01  5.17414237e-02  9.84628331e+01  3.80672208e+00  9.52364106e+04 -1.83641953e-01 
 1.49000000e+00  7.52300000e+03  1.85000000e+00 -9.99735995e-04  3.38192167e-01  5.17414237e-02  9.84628331e+01  3.80672208e+00  9.52364106e+04 -1.83641953e-01 
 1.50000000e+00  7.52300000e+03  1.85000000e+00 -1.00045857e-03  3.38192167e-01  5.17414237e-02  9.84628331e+01  3.80672208e+00  9.52364106e+04 -1.83641953e-01 
 1.51000000e+00  7.52300000e+03  1.85000000e+00 -1.00117748e-03  3.38192167e-01  5.17414237e-02  9.84628331e+01  3.80672208e+00  9.52364106e+04 -1.83641953e-01 
 1.52000000e+00  7.52300000e+03  1.85000000e+00 -1.00189280e-03  3.38192167e-01  5.17414237e-02  9.84628331e+01  3.80672208e+00  9.52364106e+04 -1.83641953e-01 
 1.53000000e+00  7.52300000e+03  1.85000000e+00 -1.00260460e-03  3.38192167e-01  5.17414237e-02  9.84628331e+01  3.80672208e+00  9.52364106e+04 -1.83641953e-01 
 1.54000000e+00  7.52300000e+03  1.85000000e+00 -1.00331295e-03  3.38192167e-01  5.17414237e-02  9.84628331e+01  3.80672208e+00  9.52364106e+04 -1.83641953e-01 
 1.55000000e+00  7.52300000e+03  1.85000000e+00 -1.00401792e-03  3.38192167e-01  5.17414237e-02  9.84628331e+01  3.80672208e+00  9.52364106e+04 -1.83641953e-01 
 1.56000000e+00  7.52300000e+03  1.85000000e+00 -1.00471957e-03  3.38192167e-01  5.17414237e-02  9.84628331e+01  3.80672208e+00  9.52364106e+04 -1.83641953e-01 
 1.57000000e+00  7.52300000e+03  1.85000000e+00 -1.00541797e-03  3.38192167e-01  5.17414237e-02  9.84628331e+01  3.80672208e+00  9.52364106e+04 -1.83641953e-01 
 1.58000000e+00  7.52300000e+03  1.85000000e+00 -1.00611319e-03  3.38192167e-01  5.17414237e-02  9.84628331e+01  3.80672208e+00  9.52364106e+04 -1.83641953e-01 
 1.59000000e+00  7.52300000e+03  1.85000000e+00 -1.00680529e-03  3.38192167e-01  5.17414237e-02  9.84628331e+01  3.80672208e+00  9.52364106e+04 -1.83641953e-01 
 1.60000000e+00  7.52300000e+03  1.85000000e+00 -1.00749434e-03  3.38192167e-01  5.17414237e-02  9.84628331e+01  3.80672208e+00  9.52364106e+04 -1.83641953e-01 
 1.61000000e+00  7.52300000e+03  1.85000000e+00 -1.00818040e-03  3.38192167e-01  5.17414237e-02  9.84628331e+01  3.80672208e+00  9.52364106e+04 -1.83641953e-01 
 1.62000000e+00  7.52300000e+03  1.85000000e+00 -1.00886353e-03  3.38192167e-01  5.17414237e-02  9.84628331e+01  3.80672208e+00  9.52364106e+04 -1.83641953e-01 
 1.63000000e+00  7.52300000e+03  1.85000000e+00 -1.00954380e-03  3.38192167e-01  5.17414237e-02  9.84628331e+01  3.80672208e+00  9.52364106e+04 -1.83641953e-01 
 1.64000000e+00  7.52300000e+03  1.85000000e+00 -1.01022126e-03  3.38192167e-01  5.17414237e-02  9.84628331e+01  3.80672208e+00  9.52364106e+04 -1.83641953e-01 
 1.65000000e+00  7.52300000e+03  1.85000000e+00 -1.01089599e-03  3.38192167e-01  5.17414237e-02  9.84628331e+01  3.80672208e+00  9.52364106e+04 -1.83641953e-01 
 1.66000000e+00  7.52300000e+03  1.85000000e+00 -1.01156804e-03  3.38192167e-01  5.17414237e-02  9.84628331e+01  3.80672208e+00  9.52364106e+04 -1.83641953e-01 
 1.67000000e+00  7.52300000e+03  1.85000000e+00 -1.01223748e-03  3.38192167e-01  5.17414237e-02  9.84628331e+01  3.80672208e+00  9.52364106e+04 -1.83641953e-01 
 1.68000000e+00  7.52300000e+03  1.85000000e+00 -1.01290438e-03  3.38192167e-01  5.17414237e-02  9.84628331e+01  3.80672208e+00  9.52364106e+04 -1.83641953e-01 
 1.69000000e+00  7.52300000e+03  1.85000000e+00 -1.01356879e-03  3.38192167e-01  5.17414237e-02  9.84628331e+01  3.80672208e+00  9.52364106e+04 -1.83641953e-01 
 1.70000000e+00  7.52300000e+03  1.85000000e+00 -1.01423079e-03  3.38192167e-01  5.17414237e-02  9.84628331e+01  3.80672208e+00  9.52364106e+04 -1.83641953e-01 
 1.71000000e+00  7.52300000e+03  1.85000000e+00 -1.01489044e-03  3.38192167e-01  5.17414237e-02  9.84628331e+01  3.80672208e+00  9.52364106e+04 -1.83641953e-01 
 1.72000000e+00  7.52300000e+03  1.85000000e+00 -1.01554782e-03  3.38192167e-01  5.17414237e-02  9.84628331e+01  3.80672208e+00  9.52364106e+04 -1.83641953e-01 
 1.73000000e+00  7.52300000e+03  1.85000000e+00 -1.01620299e-03  3.38192167e-01  5.17414237e-02  9.84628331e+01  3.80672208e+00  9.52364106e+04 -1.83641953e-01 
 1.74000000e+00  7.52300000e+03  1.85000000e+00 -1.01685604e-03  3.38192167e-01  5.17414237e-02  9.84628331e+01  3.80672208e+00  9.52364106e+04 -1.83641953e-01 
 1.75000000e+00  7.52300000e+03  1.85000000e+00 -1.01750702e-03  3.38192167e-01  5.17414237e-02  9.84628331e+01  3.80672208e+00  9.52364106e+04 -1.83641953e-01 
 1.76000000e+00  7.52300000e+03  1.85000000e+00 -1.01815604e-03  3.38192167e-01  5.17414237e-02  9.84628331e+01  3.80672208e+00  9.52364106e+04 -1.83641953e-01 
 1.77000000e+00  7.52300000e+03  1.85000000e+00 -1.01880316e-03  3.38192167e-01  5.17414237e-02  9.84628331e+01  3.80672208e+00  9.52364106e+04 -1.83641953e-01 
 1.78000000e+00  7.52300000e+03  1.85000000e+00 -1.01944847e-03  3.38192167e-01  5.17414237e-02  9.84628331e+01  3.80672208e+00  9.52364106e+04 -1.83641953e-01 
 1.79000000e+00  7.52300000e+03  1.85000000e+00 -1.02009206e-03  3.38192167e-01  5.17414237e-02  9.84628331e+01  3.80672208e+00  9.52364106e+04 -1.83641953e-01 
 1.80000000e+00  7.52300000e+03  1.85000000e+00 -1.02073404e-03  3.38192167e-01  5.17414237e-02  9.84628331e+01  3.80672208e+00  9.52364106e+04 -1.83641953e-01 
 1.81000000e+00  7.52300000e+03  1.85000000e+00 -1.02137448e-03  3.38192167e-01  5.17414237e-02  9.84628331e+01  3.80672208e+00  9.52364106e+04 -1.83641953e-01 
 1.82000000e+00  7.52300000e+03  1.85000000e+00 -1.02201350e-03  3.38192167e-01  5.17414237e-02  9.84628331e+01  3.80672208e+00  9.52364106e+04 -1.83641953e-01 
 1.83000000e+00  7.52300000e+03  1.85000000e+00 -1.02265121e-03  3.38192167e-01  5.17414237e-02  9.84628331e+01  3.80672208e+00  9.52364106e+04 -1.83641953e-01 
 1.84000000e+00  7.52300000e+03  1.85000000e+00 -1.02328773e-03  3.38192167e-01  5.17414237e-02  9.84628331e+01  3.80672208e+00  9.52364106e+04 -1.83641953e-01 
 1.85000000e+00  7.52300000e+03  1.85000000e+00 -1.02392316e-03  3.38192167e-01  5.17414237e-02  9.84628331e+01  3.80672208e+00  9.52364106e+04 -1.83641953e-01 
