 v-sweep         run_num         v(gate)         i(vds)          out_vth0        out_u0          out_rdsw        out_nfactor     out_vsat        out_eta0       
 0.00000000e+00  6.43100000e+03  1.85000000e+00  3.93696983e-43  3.67906559e-01  5.94114328e-02  1.01525045e+02  6.03934717e+00  1.09817358e+05 -1.90518641e-01 
 1.00000000e-02  6.43100000e+03  1.85000000e+00 -4.09848290e-05  3.67906559e-01  5.94114328e-02  1.01525045e+02  6.03934717e+00  1.09817358e+05 -1.90518641e-01 
 2.00000000e-02  6.43100000e+03  1.85000000e+00 -8.10955311e-05  3.67906559e-01  5.94114328e-02  1.01525045e+02  6.03934717e+00  1.09817358e+05 -1.90518641e-01 
 3.00000000e-02  6.43100000e+03  1.85000000e+00 -1.20314160e-04  3.67906559e-01  5.94114328e-02  1.01525045e+02  6.03934717e+00  1.09817358e+05 -1.90518641e-01 
 4.00000000e-02  6.43100000e+03  1.85000000e+00 -1.58624115e-04  3.67906559e-01  5.94114328e-02  1.01525045e+02  6.03934717e+00  1.09817358e+05 -1.90518641e-01 
 5.00000000e-02  6.43100000e+03  1.85000000e+00 -1.96009462e-04  3.67906559e-01  5.94114328e-02  1.01525045e+02  6.03934717e+00  1.09817358e+05 -1.90518641e-01 
 6.00000000e-02  6.43100000e+03  1.85000000e+00 -2.32454424e-04  3.67906559e-01  5.94114328e-02  1.01525045e+02  6.03934717e+00  1.09817358e+05 -1.90518641e-01 
 7.00000000e-02  6.43100000e+03  1.85000000e+00 -2.67943010e-04  3.67906559e-01  5.94114328e-02  1.01525045e+02  6.03934717e+00  1.09817358e+05 -1.90518641e-01 
 8.00000000e-02  6.43100000e+03  1.85000000e+00 -3.02458765e-04  3.67906559e-01  5.94114328e-02  1.01525045e+02  6.03934717e+00  1.09817358e+05 -1.90518641e-01 
 9.00000000e-02  6.43100000e+03  1.85000000e+00 -3.35984632e-04  3.67906559e-01  5.94114328e-02  1.01525045e+02  6.03934717e+00  1.09817358e+05 -1.90518641e-01 
 1.00000000e-01  6.43100000e+03  1.85000000e+00 -3.68502933e-04  3.67906559e-01  5.94114328e-02  1.01525045e+02  6.03934717e+00  1.09817358e+05 -1.90518641e-01 
 1.10000000e-01  6.43100000e+03  1.85000000e+00 -3.99995467e-04  3.67906559e-01  5.94114328e-02  1.01525045e+02  6.03934717e+00  1.09817358e+05 -1.90518641e-01 
 1.20000000e-01  6.43100000e+03  1.85000000e+00 -4.30443741e-04  3.67906559e-01  5.94114328e-02  1.01525045e+02  6.03934717e+00  1.09817358e+05 -1.90518641e-01 
 1.30000000e-01  6.43100000e+03  1.85000000e+00 -4.59829340e-04  3.67906559e-01  5.94114328e-02  1.01525045e+02  6.03934717e+00  1.09817358e+05 -1.90518641e-01 
 1.40000000e-01  6.43100000e+03  1.85000000e+00 -4.88134435e-04  3.67906559e-01  5.94114328e-02  1.01525045e+02  6.03934717e+00  1.09817358e+05 -1.90518641e-01 
 1.50000000e-01  6.43100000e+03  1.85000000e+00 -5.15342434e-04  3.67906559e-01  5.94114328e-02  1.01525045e+02  6.03934717e+00  1.09817358e+05 -1.90518641e-01 
 1.60000000e-01  6.43100000e+03  1.85000000e+00 -5.41438756e-04  3.67906559e-01  5.94114328e-02  1.01525045e+02  6.03934717e+00  1.09817358e+05 -1.90518641e-01 
 1.70000000e-01  6.43100000e+03  1.85000000e+00 -5.66411696e-04  3.67906559e-01  5.94114328e-02  1.01525045e+02  6.03934717e+00  1.09817358e+05 -1.90518641e-01 
 1.80000000e-01  6.43100000e+03  1.85000000e+00 -5.90253339e-04  3.67906559e-01  5.94114328e-02  1.01525045e+02  6.03934717e+00  1.09817358e+05 -1.90518641e-01 
 1.90000000e-01  6.43100000e+03  1.85000000e+00 -6.12960459e-04  3.67906559e-01  5.94114328e-02  1.01525045e+02  6.03934717e+00  1.09817358e+05 -1.90518641e-01 
 2.00000000e-01  6.43100000e+03  1.85000000e+00 -6.34535328e-04  3.67906559e-01  5.94114328e-02  1.01525045e+02  6.03934717e+00  1.09817358e+05 -1.90518641e-01 
 2.10000000e-01  6.43100000e+03  1.85000000e+00 -6.54986362e-04  3.67906559e-01  5.94114328e-02  1.01525045e+02  6.03934717e+00  1.09817358e+05 -1.90518641e-01 
 2.20000000e-01  6.43100000e+03  1.85000000e+00 -6.74328533e-04  3.67906559e-01  5.94114328e-02  1.01525045e+02  6.03934717e+00  1.09817358e+05 -1.90518641e-01 
 2.30000000e-01  6.43100000e+03  1.85000000e+00 -6.92583495e-04  3.67906559e-01  5.94114328e-02  1.01525045e+02  6.03934717e+00  1.09817358e+05 -1.90518641e-01 
 2.40000000e-01  6.43100000e+03  1.85000000e+00 -7.09779404e-04  3.67906559e-01  5.94114328e-02  1.01525045e+02  6.03934717e+00  1.09817358e+05 -1.90518641e-01 
 2.50000000e-01  6.43100000e+03  1.85000000e+00 -7.25950438e-04  3.67906559e-01  5.94114328e-02  1.01525045e+02  6.03934717e+00  1.09817358e+05 -1.90518641e-01 
 2.60000000e-01  6.43100000e+03  1.85000000e+00 -7.41136059e-04  3.67906559e-01  5.94114328e-02  1.01525045e+02  6.03934717e+00  1.09817358e+05 -1.90518641e-01 
 2.70000000e-01  6.43100000e+03  1.85000000e+00 -7.55380073e-04  3.67906559e-01  5.94114328e-02  1.01525045e+02  6.03934717e+00  1.09817358e+05 -1.90518641e-01 
 2.80000000e-01  6.43100000e+03  1.85000000e+00 -7.68729583e-04  3.67906559e-01  5.94114328e-02  1.01525045e+02  6.03934717e+00  1.09817358e+05 -1.90518641e-01 
 2.90000000e-01  6.43100000e+03  1.85000000e+00 -7.81233890e-04  3.67906559e-01  5.94114328e-02  1.01525045e+02  6.03934717e+00  1.09817358e+05 -1.90518641e-01 
 3.00000000e-01  6.43100000e+03  1.85000000e+00 -7.92943440e-04  3.67906559e-01  5.94114328e-02  1.01525045e+02  6.03934717e+00  1.09817358e+05 -1.90518641e-01 
 3.10000000e-01  6.43100000e+03  1.85000000e+00 -8.03908858e-04  3.67906559e-01  5.94114328e-02  1.01525045e+02  6.03934717e+00  1.09817358e+05 -1.90518641e-01 
 3.20000000e-01  6.43100000e+03  1.85000000e+00 -8.14180105e-04  3.67906559e-01  5.94114328e-02  1.01525045e+02  6.03934717e+00  1.09817358e+05 -1.90518641e-01 
 3.30000000e-01  6.43100000e+03  1.85000000e+00 -8.23805798e-04  3.67906559e-01  5.94114328e-02  1.01525045e+02  6.03934717e+00  1.09817358e+05 -1.90518641e-01 
 3.40000000e-01  6.43100000e+03  1.85000000e+00 -8.32832674e-04  3.67906559e-01  5.94114328e-02  1.01525045e+02  6.03934717e+00  1.09817358e+05 -1.90518641e-01 
 3.50000000e-01  6.43100000e+03  1.85000000e+00 -8.41305208e-04  3.67906559e-01  5.94114328e-02  1.01525045e+02  6.03934717e+00  1.09817358e+05 -1.90518641e-01 
 3.60000000e-01  6.43100000e+03  1.85000000e+00 -8.49265358e-04  3.67906559e-01  5.94114328e-02  1.01525045e+02  6.03934717e+00  1.09817358e+05 -1.90518641e-01 
 3.70000000e-01  6.43100000e+03  1.85000000e+00 -8.56752424e-04  3.67906559e-01  5.94114328e-02  1.01525045e+02  6.03934717e+00  1.09817358e+05 -1.90518641e-01 
 3.80000000e-01  6.43100000e+03  1.85000000e+00 -8.63803002e-04  3.67906559e-01  5.94114328e-02  1.01525045e+02  6.03934717e+00  1.09817358e+05 -1.90518641e-01 
 3.90000000e-01  6.43100000e+03  1.85000000e+00 -8.70451001e-04  3.67906559e-01  5.94114328e-02  1.01525045e+02  6.03934717e+00  1.09817358e+05 -1.90518641e-01 
 4.00000000e-01  6.43100000e+03  1.85000000e+00 -8.76727723e-04  3.67906559e-01  5.94114328e-02  1.01525045e+02  6.03934717e+00  1.09817358e+05 -1.90518641e-01 
 4.10000000e-01  6.43100000e+03  1.85000000e+00 -8.82661968e-04  3.67906559e-01  5.94114328e-02  1.01525045e+02  6.03934717e+00  1.09817358e+05 -1.90518641e-01 
 4.20000000e-01  6.43100000e+03  1.85000000e+00 -8.88280176e-04  3.67906559e-01  5.94114328e-02  1.01525045e+02  6.03934717e+00  1.09817358e+05 -1.90518641e-01 
 4.30000000e-01  6.43100000e+03  1.85000000e+00 -8.93606574e-04  3.67906559e-01  5.94114328e-02  1.01525045e+02  6.03934717e+00  1.09817358e+05 -1.90518641e-01 
 4.40000000e-01  6.43100000e+03  1.85000000e+00 -8.98663334e-04  3.67906559e-01  5.94114328e-02  1.01525045e+02  6.03934717e+00  1.09817358e+05 -1.90518641e-01 
 4.50000000e-01  6.43100000e+03  1.85000000e+00 -9.03470728e-04  3.67906559e-01  5.94114328e-02  1.01525045e+02  6.03934717e+00  1.09817358e+05 -1.90518641e-01 
 4.60000000e-01  6.43100000e+03  1.85000000e+00 -9.08047283e-04  3.67906559e-01  5.94114328e-02  1.01525045e+02  6.03934717e+00  1.09817358e+05 -1.90518641e-01 
 4.70000000e-01  6.43100000e+03  1.85000000e+00 -9.12409928e-04  3.67906559e-01  5.94114328e-02  1.01525045e+02  6.03934717e+00  1.09817358e+05 -1.90518641e-01 
 4.80000000e-01  6.43100000e+03  1.85000000e+00 -9.16574135e-04  3.67906559e-01  5.94114328e-02  1.01525045e+02  6.03934717e+00  1.09817358e+05 -1.90518641e-01 
 4.90000000e-01  6.43100000e+03  1.85000000e+00 -9.20554043e-04  3.67906559e-01  5.94114328e-02  1.01525045e+02  6.03934717e+00  1.09817358e+05 -1.90518641e-01 
 5.00000000e-01  6.43100000e+03  1.85000000e+00 -9.24362586e-04  3.67906559e-01  5.94114328e-02  1.01525045e+02  6.03934717e+00  1.09817358e+05 -1.90518641e-01 
 5.10000000e-01  6.43100000e+03  1.85000000e+00 -9.28011598e-04  3.67906559e-01  5.94114328e-02  1.01525045e+02  6.03934717e+00  1.09817358e+05 -1.90518641e-01 
 5.20000000e-01  6.43100000e+03  1.85000000e+00 -9.31511916e-04  3.67906559e-01  5.94114328e-02  1.01525045e+02  6.03934717e+00  1.09817358e+05 -1.90518641e-01 
 5.30000000e-01  6.43100000e+03  1.85000000e+00 -9.34873473e-04  3.67906559e-01  5.94114328e-02  1.01525045e+02  6.03934717e+00  1.09817358e+05 -1.90518641e-01 
 5.40000000e-01  6.43100000e+03  1.85000000e+00 -9.38105382e-04  3.67906559e-01  5.94114328e-02  1.01525045e+02  6.03934717e+00  1.09817358e+05 -1.90518641e-01 
 5.50000000e-01  6.43100000e+03  1.85000000e+00 -9.41216011e-04  3.67906559e-01  5.94114328e-02  1.01525045e+02  6.03934717e+00  1.09817358e+05 -1.90518641e-01 
 5.60000000e-01  6.43100000e+03  1.85000000e+00 -9.44213052e-04  3.67906559e-01  5.94114328e-02  1.01525045e+02  6.03934717e+00  1.09817358e+05 -1.90518641e-01 
 5.70000000e-01  6.43100000e+03  1.85000000e+00 -9.47103583e-04  3.67906559e-01  5.94114328e-02  1.01525045e+02  6.03934717e+00  1.09817358e+05 -1.90518641e-01 
 5.80000000e-01  6.43100000e+03  1.85000000e+00 -9.49894128e-04  3.67906559e-01  5.94114328e-02  1.01525045e+02  6.03934717e+00  1.09817358e+05 -1.90518641e-01 
 5.90000000e-01  6.43100000e+03  1.85000000e+00 -9.52590699e-04  3.67906559e-01  5.94114328e-02  1.01525045e+02  6.03934717e+00  1.09817358e+05 -1.90518641e-01 
 6.00000000e-01  6.43100000e+03  1.85000000e+00 -9.55198851e-04  3.67906559e-01  5.94114328e-02  1.01525045e+02  6.03934717e+00  1.09817358e+05 -1.90518641e-01 
 6.10000000e-01  6.43100000e+03  1.85000000e+00 -9.57723717e-04  3.67906559e-01  5.94114328e-02  1.01525045e+02  6.03934717e+00  1.09817358e+05 -1.90518641e-01 
 6.20000000e-01  6.43100000e+03  1.85000000e+00 -9.60170048e-04  3.67906559e-01  5.94114328e-02  1.01525045e+02  6.03934717e+00  1.09817358e+05 -1.90518641e-01 
 6.30000000e-01  6.43100000e+03  1.85000000e+00 -9.62542246e-04  3.67906559e-01  5.94114328e-02  1.01525045e+02  6.03934717e+00  1.09817358e+05 -1.90518641e-01 
 6.40000000e-01  6.43100000e+03  1.85000000e+00 -9.64844393e-04  3.67906559e-01  5.94114328e-02  1.01525045e+02  6.03934717e+00  1.09817358e+05 -1.90518641e-01 
 6.50000000e-01  6.43100000e+03  1.85000000e+00 -9.67080282e-04  3.67906559e-01  5.94114328e-02  1.01525045e+02  6.03934717e+00  1.09817358e+05 -1.90518641e-01 
 6.60000000e-01  6.43100000e+03  1.85000000e+00 -9.69253436e-04  3.67906559e-01  5.94114328e-02  1.01525045e+02  6.03934717e+00  1.09817358e+05 -1.90518641e-01 
 6.70000000e-01  6.43100000e+03  1.85000000e+00 -9.71367136e-04  3.67906559e-01  5.94114328e-02  1.01525045e+02  6.03934717e+00  1.09817358e+05 -1.90518641e-01 
 6.80000000e-01  6.43100000e+03  1.85000000e+00 -9.73424437e-04  3.67906559e-01  5.94114328e-02  1.01525045e+02  6.03934717e+00  1.09817358e+05 -1.90518641e-01 
 6.90000000e-01  6.43100000e+03  1.85000000e+00 -9.75428190e-04  3.67906559e-01  5.94114328e-02  1.01525045e+02  6.03934717e+00  1.09817358e+05 -1.90518641e-01 
 7.00000000e-01  6.43100000e+03  1.85000000e+00 -9.77381054e-04  3.67906559e-01  5.94114328e-02  1.01525045e+02  6.03934717e+00  1.09817358e+05 -1.90518641e-01 
 7.10000000e-01  6.43100000e+03  1.85000000e+00 -9.79285518e-04  3.67906559e-01  5.94114328e-02  1.01525045e+02  6.03934717e+00  1.09817358e+05 -1.90518641e-01 
 7.20000000e-01  6.43100000e+03  1.85000000e+00 -9.81143906e-04  3.67906559e-01  5.94114328e-02  1.01525045e+02  6.03934717e+00  1.09817358e+05 -1.90518641e-01 
 7.30000000e-01  6.43100000e+03  1.85000000e+00 -9.82958399e-04  3.67906559e-01  5.94114328e-02  1.01525045e+02  6.03934717e+00  1.09817358e+05 -1.90518641e-01 
 7.40000000e-01  6.43100000e+03  1.85000000e+00 -9.84731038e-04  3.67906559e-01  5.94114328e-02  1.01525045e+02  6.03934717e+00  1.09817358e+05 -1.90518641e-01 
 7.50000000e-01  6.43100000e+03  1.85000000e+00 -9.86463738e-04  3.67906559e-01  5.94114328e-02  1.01525045e+02  6.03934717e+00  1.09817358e+05 -1.90518641e-01 
 7.60000000e-01  6.43100000e+03  1.85000000e+00 -9.88158300e-04  3.67906559e-01  5.94114328e-02  1.01525045e+02  6.03934717e+00  1.09817358e+05 -1.90518641e-01 
 7.70000000e-01  6.43100000e+03  1.85000000e+00 -9.89816415e-04  3.67906559e-01  5.94114328e-02  1.01525045e+02  6.03934717e+00  1.09817358e+05 -1.90518641e-01 
 7.80000000e-01  6.43100000e+03  1.85000000e+00 -9.91439674e-04  3.67906559e-01  5.94114328e-02  1.01525045e+02  6.03934717e+00  1.09817358e+05 -1.90518641e-01 
 7.90000000e-01  6.43100000e+03  1.85000000e+00 -9.93029576e-04  3.67906559e-01  5.94114328e-02  1.01525045e+02  6.03934717e+00  1.09817358e+05 -1.90518641e-01 
 8.00000000e-01  6.43100000e+03  1.85000000e+00 -9.94587533e-04  3.67906559e-01  5.94114328e-02  1.01525045e+02  6.03934717e+00  1.09817358e+05 -1.90518641e-01 
 8.10000000e-01  6.43100000e+03  1.85000000e+00 -9.96114877e-04  3.67906559e-01  5.94114328e-02  1.01525045e+02  6.03934717e+00  1.09817358e+05 -1.90518641e-01 
 8.20000000e-01  6.43100000e+03  1.85000000e+00 -9.97612865e-04  3.67906559e-01  5.94114328e-02  1.01525045e+02  6.03934717e+00  1.09817358e+05 -1.90518641e-01 
 8.30000000e-01  6.43100000e+03  1.85000000e+00 -9.99082686e-04  3.67906559e-01  5.94114328e-02  1.01525045e+02  6.03934717e+00  1.09817358e+05 -1.90518641e-01 
 8.40000000e-01  6.43100000e+03  1.85000000e+00 -1.00052546e-03  3.67906559e-01  5.94114328e-02  1.01525045e+02  6.03934717e+00  1.09817358e+05 -1.90518641e-01 
 8.50000000e-01  6.43100000e+03  1.85000000e+00 -1.00194226e-03  3.67906559e-01  5.94114328e-02  1.01525045e+02  6.03934717e+00  1.09817358e+05 -1.90518641e-01 
 8.60000000e-01  6.43100000e+03  1.85000000e+00 -1.00333408e-03  3.67906559e-01  5.94114328e-02  1.01525045e+02  6.03934717e+00  1.09817358e+05 -1.90518641e-01 
 8.70000000e-01  6.43100000e+03  1.85000000e+00 -1.00470188e-03  3.67906559e-01  5.94114328e-02  1.01525045e+02  6.03934717e+00  1.09817358e+05 -1.90518641e-01 
 8.80000000e-01  6.43100000e+03  1.85000000e+00 -1.00604657e-03  3.67906559e-01  5.94114328e-02  1.01525045e+02  6.03934717e+00  1.09817358e+05 -1.90518641e-01 
 8.90000000e-01  6.43100000e+03  1.85000000e+00 -1.00736900e-03  3.67906559e-01  5.94114328e-02  1.01525045e+02  6.03934717e+00  1.09817358e+05 -1.90518641e-01 
 9.00000000e-01  6.43100000e+03  1.85000000e+00 -1.00866999e-03  3.67906559e-01  5.94114328e-02  1.01525045e+02  6.03934717e+00  1.09817358e+05 -1.90518641e-01 
 9.10000000e-01  6.43100000e+03  1.85000000e+00 -1.00995031e-03  3.67906559e-01  5.94114328e-02  1.01525045e+02  6.03934717e+00  1.09817358e+05 -1.90518641e-01 
 9.20000000e-01  6.43100000e+03  1.85000000e+00 -1.01121070e-03  3.67906559e-01  5.94114328e-02  1.01525045e+02  6.03934717e+00  1.09817358e+05 -1.90518641e-01 
 9.30000000e-01  6.43100000e+03  1.85000000e+00 -1.01245186e-03  3.67906559e-01  5.94114328e-02  1.01525045e+02  6.03934717e+00  1.09817358e+05 -1.90518641e-01 
 9.40000000e-01  6.43100000e+03  1.85000000e+00 -1.01367445e-03  3.67906559e-01  5.94114328e-02  1.01525045e+02  6.03934717e+00  1.09817358e+05 -1.90518641e-01 
 9.50000000e-01  6.43100000e+03  1.85000000e+00 -1.01487912e-03  3.67906559e-01  5.94114328e-02  1.01525045e+02  6.03934717e+00  1.09817358e+05 -1.90518641e-01 
 9.60000000e-01  6.43100000e+03  1.85000000e+00 -1.01606647e-03  3.67906559e-01  5.94114328e-02  1.01525045e+02  6.03934717e+00  1.09817358e+05 -1.90518641e-01 
 9.70000000e-01  6.43100000e+03  1.85000000e+00 -1.01723708e-03  3.67906559e-01  5.94114328e-02  1.01525045e+02  6.03934717e+00  1.09817358e+05 -1.90518641e-01 
 9.80000000e-01  6.43100000e+03  1.85000000e+00 -1.01839150e-03  3.67906559e-01  5.94114328e-02  1.01525045e+02  6.03934717e+00  1.09817358e+05 -1.90518641e-01 
 9.90000000e-01  6.43100000e+03  1.85000000e+00 -1.01953026e-03  3.67906559e-01  5.94114328e-02  1.01525045e+02  6.03934717e+00  1.09817358e+05 -1.90518641e-01 
 1.00000000e+00  6.43100000e+03  1.85000000e+00 -1.02065385e-03  3.67906559e-01  5.94114328e-02  1.01525045e+02  6.03934717e+00  1.09817358e+05 -1.90518641e-01 
 1.01000000e+00  6.43100000e+03  1.85000000e+00 -1.02176277e-03  3.67906559e-01  5.94114328e-02  1.01525045e+02  6.03934717e+00  1.09817358e+05 -1.90518641e-01 
 1.02000000e+00  6.43100000e+03  1.85000000e+00 -1.02285747e-03  3.67906559e-01  5.94114328e-02  1.01525045e+02  6.03934717e+00  1.09817358e+05 -1.90518641e-01 
 1.03000000e+00  6.43100000e+03  1.85000000e+00 -1.02393839e-03  3.67906559e-01  5.94114328e-02  1.01525045e+02  6.03934717e+00  1.09817358e+05 -1.90518641e-01 
 1.04000000e+00  6.43100000e+03  1.85000000e+00 -1.02500595e-03  3.67906559e-01  5.94114328e-02  1.01525045e+02  6.03934717e+00  1.09817358e+05 -1.90518641e-01 
 1.05000000e+00  6.43100000e+03  1.85000000e+00 -1.02606056e-03  3.67906559e-01  5.94114328e-02  1.01525045e+02  6.03934717e+00  1.09817358e+05 -1.90518641e-01 
 1.06000000e+00  6.43100000e+03  1.85000000e+00 -1.02710261e-03  3.67906559e-01  5.94114328e-02  1.01525045e+02  6.03934717e+00  1.09817358e+05 -1.90518641e-01 
 1.07000000e+00  6.43100000e+03  1.85000000e+00 -1.02813246e-03  3.67906559e-01  5.94114328e-02  1.01525045e+02  6.03934717e+00  1.09817358e+05 -1.90518641e-01 
 1.08000000e+00  6.43100000e+03  1.85000000e+00 -1.02915048e-03  3.67906559e-01  5.94114328e-02  1.01525045e+02  6.03934717e+00  1.09817358e+05 -1.90518641e-01 
 1.09000000e+00  6.43100000e+03  1.85000000e+00 -1.03015700e-03  3.67906559e-01  5.94114328e-02  1.01525045e+02  6.03934717e+00  1.09817358e+05 -1.90518641e-01 
 1.10000000e+00  6.43100000e+03  1.85000000e+00 -1.03115235e-03  3.67906559e-01  5.94114328e-02  1.01525045e+02  6.03934717e+00  1.09817358e+05 -1.90518641e-01 
 1.11000000e+00  6.43100000e+03  1.85000000e+00 -1.03213685e-03  3.67906559e-01  5.94114328e-02  1.01525045e+02  6.03934717e+00  1.09817358e+05 -1.90518641e-01 
 1.12000000e+00  6.43100000e+03  1.85000000e+00 -1.03311080e-03  3.67906559e-01  5.94114328e-02  1.01525045e+02  6.03934717e+00  1.09817358e+05 -1.90518641e-01 
 1.13000000e+00  6.43100000e+03  1.85000000e+00 -1.03407449e-03  3.67906559e-01  5.94114328e-02  1.01525045e+02  6.03934717e+00  1.09817358e+05 -1.90518641e-01 
 1.14000000e+00  6.43100000e+03  1.85000000e+00 -1.03502821e-03  3.67906559e-01  5.94114328e-02  1.01525045e+02  6.03934717e+00  1.09817358e+05 -1.90518641e-01 
 1.15000000e+00  6.43100000e+03  1.85000000e+00 -1.03597222e-03  3.67906559e-01  5.94114328e-02  1.01525045e+02  6.03934717e+00  1.09817358e+05 -1.90518641e-01 
 1.16000000e+00  6.43100000e+03  1.85000000e+00 -1.03690677e-03  3.67906559e-01  5.94114328e-02  1.01525045e+02  6.03934717e+00  1.09817358e+05 -1.90518641e-01 
 1.17000000e+00  6.43100000e+03  1.85000000e+00 -1.03783213e-03  3.67906559e-01  5.94114328e-02  1.01525045e+02  6.03934717e+00  1.09817358e+05 -1.90518641e-01 
 1.18000000e+00  6.43100000e+03  1.85000000e+00 -1.03874853e-03  3.67906559e-01  5.94114328e-02  1.01525045e+02  6.03934717e+00  1.09817358e+05 -1.90518641e-01 
 1.19000000e+00  6.43100000e+03  1.85000000e+00 -1.03965621e-03  3.67906559e-01  5.94114328e-02  1.01525045e+02  6.03934717e+00  1.09817358e+05 -1.90518641e-01 
 1.20000000e+00  6.43100000e+03  1.85000000e+00 -1.04055538e-03  3.67906559e-01  5.94114328e-02  1.01525045e+02  6.03934717e+00  1.09817358e+05 -1.90518641e-01 
 1.21000000e+00  6.43100000e+03  1.85000000e+00 -1.04144626e-03  3.67906559e-01  5.94114328e-02  1.01525045e+02  6.03934717e+00  1.09817358e+05 -1.90518641e-01 
 1.22000000e+00  6.43100000e+03  1.85000000e+00 -1.04232907e-03  3.67906559e-01  5.94114328e-02  1.01525045e+02  6.03934717e+00  1.09817358e+05 -1.90518641e-01 
 1.23000000e+00  6.43100000e+03  1.85000000e+00 -1.04320400e-03  3.67906559e-01  5.94114328e-02  1.01525045e+02  6.03934717e+00  1.09817358e+05 -1.90518641e-01 
 1.24000000e+00  6.43100000e+03  1.85000000e+00 -1.04407124e-03  3.67906559e-01  5.94114328e-02  1.01525045e+02  6.03934717e+00  1.09817358e+05 -1.90518641e-01 
 1.25000000e+00  6.43100000e+03  1.85000000e+00 -1.04493099e-03  3.67906559e-01  5.94114328e-02  1.01525045e+02  6.03934717e+00  1.09817358e+05 -1.90518641e-01 
 1.26000000e+00  6.43100000e+03  1.85000000e+00 -1.04578342e-03  3.67906559e-01  5.94114328e-02  1.01525045e+02  6.03934717e+00  1.09817358e+05 -1.90518641e-01 
 1.27000000e+00  6.43100000e+03  1.85000000e+00 -1.04662871e-03  3.67906559e-01  5.94114328e-02  1.01525045e+02  6.03934717e+00  1.09817358e+05 -1.90518641e-01 
 1.28000000e+00  6.43100000e+03  1.85000000e+00 -1.04746702e-03  3.67906559e-01  5.94114328e-02  1.01525045e+02  6.03934717e+00  1.09817358e+05 -1.90518641e-01 
 1.29000000e+00  6.43100000e+03  1.85000000e+00 -1.04829853e-03  3.67906559e-01  5.94114328e-02  1.01525045e+02  6.03934717e+00  1.09817358e+05 -1.90518641e-01 
 1.30000000e+00  6.43100000e+03  1.85000000e+00 -1.04912339e-03  3.67906559e-01  5.94114328e-02  1.01525045e+02  6.03934717e+00  1.09817358e+05 -1.90518641e-01 
 1.31000000e+00  6.43100000e+03  1.85000000e+00 -1.04994176e-03  3.67906559e-01  5.94114328e-02  1.01525045e+02  6.03934717e+00  1.09817358e+05 -1.90518641e-01 
 1.32000000e+00  6.43100000e+03  1.85000000e+00 -1.05075377e-03  3.67906559e-01  5.94114328e-02  1.01525045e+02  6.03934717e+00  1.09817358e+05 -1.90518641e-01 
 1.33000000e+00  6.43100000e+03  1.85000000e+00 -1.05155958e-03  3.67906559e-01  5.94114328e-02  1.01525045e+02  6.03934717e+00  1.09817358e+05 -1.90518641e-01 
 1.34000000e+00  6.43100000e+03  1.85000000e+00 -1.05235932e-03  3.67906559e-01  5.94114328e-02  1.01525045e+02  6.03934717e+00  1.09817358e+05 -1.90518641e-01 
 1.35000000e+00  6.43100000e+03  1.85000000e+00 -1.05315313e-03  3.67906559e-01  5.94114328e-02  1.01525045e+02  6.03934717e+00  1.09817358e+05 -1.90518641e-01 
 1.36000000e+00  6.43100000e+03  1.85000000e+00 -1.05394113e-03  3.67906559e-01  5.94114328e-02  1.01525045e+02  6.03934717e+00  1.09817358e+05 -1.90518641e-01 
 1.37000000e+00  6.43100000e+03  1.85000000e+00 -1.05472347e-03  3.67906559e-01  5.94114328e-02  1.01525045e+02  6.03934717e+00  1.09817358e+05 -1.90518641e-01 
 1.38000000e+00  6.43100000e+03  1.85000000e+00 -1.05550025e-03  3.67906559e-01  5.94114328e-02  1.01525045e+02  6.03934717e+00  1.09817358e+05 -1.90518641e-01 
 1.39000000e+00  6.43100000e+03  1.85000000e+00 -1.05627160e-03  3.67906559e-01  5.94114328e-02  1.01525045e+02  6.03934717e+00  1.09817358e+05 -1.90518641e-01 
 1.40000000e+00  6.43100000e+03  1.85000000e+00 -1.05703763e-03  3.67906559e-01  5.94114328e-02  1.01525045e+02  6.03934717e+00  1.09817358e+05 -1.90518641e-01 
 1.41000000e+00  6.43100000e+03  1.85000000e+00 -1.05779846e-03  3.67906559e-01  5.94114328e-02  1.01525045e+02  6.03934717e+00  1.09817358e+05 -1.90518641e-01 
 1.42000000e+00  6.43100000e+03  1.85000000e+00 -1.05855420e-03  3.67906559e-01  5.94114328e-02  1.01525045e+02  6.03934717e+00  1.09817358e+05 -1.90518641e-01 
 1.43000000e+00  6.43100000e+03  1.85000000e+00 -1.05930494e-03  3.67906559e-01  5.94114328e-02  1.01525045e+02  6.03934717e+00  1.09817358e+05 -1.90518641e-01 
 1.44000000e+00  6.43100000e+03  1.85000000e+00 -1.06005081e-03  3.67906559e-01  5.94114328e-02  1.01525045e+02  6.03934717e+00  1.09817358e+05 -1.90518641e-01 
 1.45000000e+00  6.43100000e+03  1.85000000e+00 -1.06079189e-03  3.67906559e-01  5.94114328e-02  1.01525045e+02  6.03934717e+00  1.09817358e+05 -1.90518641e-01 
 1.46000000e+00  6.43100000e+03  1.85000000e+00 -1.06152828e-03  3.67906559e-01  5.94114328e-02  1.01525045e+02  6.03934717e+00  1.09817358e+05 -1.90518641e-01 
 1.47000000e+00  6.43100000e+03  1.85000000e+00 -1.06226008e-03  3.67906559e-01  5.94114328e-02  1.01525045e+02  6.03934717e+00  1.09817358e+05 -1.90518641e-01 
 1.48000000e+00  6.43100000e+03  1.85000000e+00 -1.06298739e-03  3.67906559e-01  5.94114328e-02  1.01525045e+02  6.03934717e+00  1.09817358e+05 -1.90518641e-01 
 1.49000000e+00  6.43100000e+03  1.85000000e+00 -1.06371030e-03  3.67906559e-01  5.94114328e-02  1.01525045e+02  6.03934717e+00  1.09817358e+05 -1.90518641e-01 
 1.50000000e+00  6.43100000e+03  1.85000000e+00 -1.06442888e-03  3.67906559e-01  5.94114328e-02  1.01525045e+02  6.03934717e+00  1.09817358e+05 -1.90518641e-01 
 1.51000000e+00  6.43100000e+03  1.85000000e+00 -1.06514324e-03  3.67906559e-01  5.94114328e-02  1.01525045e+02  6.03934717e+00  1.09817358e+05 -1.90518641e-01 
 1.52000000e+00  6.43100000e+03  1.85000000e+00 -1.06585346e-03  3.67906559e-01  5.94114328e-02  1.01525045e+02  6.03934717e+00  1.09817358e+05 -1.90518641e-01 
 1.53000000e+00  6.43100000e+03  1.85000000e+00 -1.06655962e-03  3.67906559e-01  5.94114328e-02  1.01525045e+02  6.03934717e+00  1.09817358e+05 -1.90518641e-01 
 1.54000000e+00  6.43100000e+03  1.85000000e+00 -1.06726180e-03  3.67906559e-01  5.94114328e-02  1.01525045e+02  6.03934717e+00  1.09817358e+05 -1.90518641e-01 
 1.55000000e+00  6.43100000e+03  1.85000000e+00 -1.06796009e-03  3.67906559e-01  5.94114328e-02  1.01525045e+02  6.03934717e+00  1.09817358e+05 -1.90518641e-01 
 1.56000000e+00  6.43100000e+03  1.85000000e+00 -1.06865456e-03  3.67906559e-01  5.94114328e-02  1.01525045e+02  6.03934717e+00  1.09817358e+05 -1.90518641e-01 
 1.57000000e+00  6.43100000e+03  1.85000000e+00 -1.06934530e-03  3.67906559e-01  5.94114328e-02  1.01525045e+02  6.03934717e+00  1.09817358e+05 -1.90518641e-01 
 1.58000000e+00  6.43100000e+03  1.85000000e+00 -1.07003238e-03  3.67906559e-01  5.94114328e-02  1.01525045e+02  6.03934717e+00  1.09817358e+05 -1.90518641e-01 
 1.59000000e+00  6.43100000e+03  1.85000000e+00 -1.07071588e-03  3.67906559e-01  5.94114328e-02  1.01525045e+02  6.03934717e+00  1.09817358e+05 -1.90518641e-01 
 1.60000000e+00  6.43100000e+03  1.85000000e+00 -1.07139588e-03  3.67906559e-01  5.94114328e-02  1.01525045e+02  6.03934717e+00  1.09817358e+05 -1.90518641e-01 
 1.61000000e+00  6.43100000e+03  1.85000000e+00 -1.07207245e-03  3.67906559e-01  5.94114328e-02  1.01525045e+02  6.03934717e+00  1.09817358e+05 -1.90518641e-01 
 1.62000000e+00  6.43100000e+03  1.85000000e+00 -1.07274567e-03  3.67906559e-01  5.94114328e-02  1.01525045e+02  6.03934717e+00  1.09817358e+05 -1.90518641e-01 
 1.63000000e+00  6.43100000e+03  1.85000000e+00 -1.07341561e-03  3.67906559e-01  5.94114328e-02  1.01525045e+02  6.03934717e+00  1.09817358e+05 -1.90518641e-01 
 1.64000000e+00  6.43100000e+03  1.85000000e+00 -1.07408236e-03  3.67906559e-01  5.94114328e-02  1.01525045e+02  6.03934717e+00  1.09817358e+05 -1.90518641e-01 
 1.65000000e+00  6.43100000e+03  1.85000000e+00 -1.07474599e-03  3.67906559e-01  5.94114328e-02  1.01525045e+02  6.03934717e+00  1.09817358e+05 -1.90518641e-01 
 1.66000000e+00  6.43100000e+03  1.85000000e+00 -1.07540659e-03  3.67906559e-01  5.94114328e-02  1.01525045e+02  6.03934717e+00  1.09817358e+05 -1.90518641e-01 
 1.67000000e+00  6.43100000e+03  1.85000000e+00 -1.07606422e-03  3.67906559e-01  5.94114328e-02  1.01525045e+02  6.03934717e+00  1.09817358e+05 -1.90518641e-01 
 1.68000000e+00  6.43100000e+03  1.85000000e+00 -1.07671896e-03  3.67906559e-01  5.94114328e-02  1.01525045e+02  6.03934717e+00  1.09817358e+05 -1.90518641e-01 
 1.69000000e+00  6.43100000e+03  1.85000000e+00 -1.07737091e-03  3.67906559e-01  5.94114328e-02  1.01525045e+02  6.03934717e+00  1.09817358e+05 -1.90518641e-01 
 1.70000000e+00  6.43100000e+03  1.85000000e+00 -1.07802015e-03  3.67906559e-01  5.94114328e-02  1.01525045e+02  6.03934717e+00  1.09817358e+05 -1.90518641e-01 
 1.71000000e+00  6.43100000e+03  1.85000000e+00 -1.07866676e-03  3.67906559e-01  5.94114328e-02  1.01525045e+02  6.03934717e+00  1.09817358e+05 -1.90518641e-01 
 1.72000000e+00  6.43100000e+03  1.85000000e+00 -1.07931082e-03  3.67906559e-01  5.94114328e-02  1.01525045e+02  6.03934717e+00  1.09817358e+05 -1.90518641e-01 
 1.73000000e+00  6.43100000e+03  1.85000000e+00 -1.07995244e-03  3.67906559e-01  5.94114328e-02  1.01525045e+02  6.03934717e+00  1.09817358e+05 -1.90518641e-01 
 1.74000000e+00  6.43100000e+03  1.85000000e+00 -1.08059170e-03  3.67906559e-01  5.94114328e-02  1.01525045e+02  6.03934717e+00  1.09817358e+05 -1.90518641e-01 
 1.75000000e+00  6.43100000e+03  1.85000000e+00 -1.08122870e-03  3.67906559e-01  5.94114328e-02  1.01525045e+02  6.03934717e+00  1.09817358e+05 -1.90518641e-01 
 1.76000000e+00  6.43100000e+03  1.85000000e+00 -1.08186355e-03  3.67906559e-01  5.94114328e-02  1.01525045e+02  6.03934717e+00  1.09817358e+05 -1.90518641e-01 
 1.77000000e+00  6.43100000e+03  1.85000000e+00 -1.08249635e-03  3.67906559e-01  5.94114328e-02  1.01525045e+02  6.03934717e+00  1.09817358e+05 -1.90518641e-01 
 1.78000000e+00  6.43100000e+03  1.85000000e+00 -1.08312721e-03  3.67906559e-01  5.94114328e-02  1.01525045e+02  6.03934717e+00  1.09817358e+05 -1.90518641e-01 
 1.79000000e+00  6.43100000e+03  1.85000000e+00 -1.08375625e-03  3.67906559e-01  5.94114328e-02  1.01525045e+02  6.03934717e+00  1.09817358e+05 -1.90518641e-01 
 1.80000000e+00  6.43100000e+03  1.85000000e+00 -1.08438359e-03  3.67906559e-01  5.94114328e-02  1.01525045e+02  6.03934717e+00  1.09817358e+05 -1.90518641e-01 
 1.81000000e+00  6.43100000e+03  1.85000000e+00 -1.08500935e-03  3.67906559e-01  5.94114328e-02  1.01525045e+02  6.03934717e+00  1.09817358e+05 -1.90518641e-01 
 1.82000000e+00  6.43100000e+03  1.85000000e+00 -1.08563368e-03  3.67906559e-01  5.94114328e-02  1.01525045e+02  6.03934717e+00  1.09817358e+05 -1.90518641e-01 
 1.83000000e+00  6.43100000e+03  1.85000000e+00 -1.08625671e-03  3.67906559e-01  5.94114328e-02  1.01525045e+02  6.03934717e+00  1.09817358e+05 -1.90518641e-01 
 1.84000000e+00  6.43100000e+03  1.85000000e+00 -1.08687859e-03  3.67906559e-01  5.94114328e-02  1.01525045e+02  6.03934717e+00  1.09817358e+05 -1.90518641e-01 
 1.85000000e+00  6.43100000e+03  1.85000000e+00 -1.08749948e-03  3.67906559e-01  5.94114328e-02  1.01525045e+02  6.03934717e+00  1.09817358e+05 -1.90518641e-01 
