 v-sweep         run_num         v(gate)         i(vds)          out_vth0        out_u0          out_rdsw        out_nfactor     out_vsat        out_eta0       
 0.00000000e+00  3.91700000e+03  1.85000000e+00  1.62974676e-43  3.26566671e-01  4.87406000e-02  9.72647694e+01  2.93322709e+00  8.95317426e+04 -1.80951509e-01 
 1.00000000e-02  3.91700000e+03  1.85000000e+00 -3.28873618e-05  3.26566671e-01  4.87406000e-02  9.72647694e+01  2.93322709e+00  8.95317426e+04 -1.80951509e-01 
 2.00000000e-02  3.91700000e+03  1.85000000e+00 -6.51547654e-05  3.26566671e-01  4.87406000e-02  9.72647694e+01  2.93322709e+00  8.95317426e+04 -1.80951509e-01 
 3.00000000e-02  3.91700000e+03  1.85000000e+00 -9.68064082e-05  3.26566671e-01  4.87406000e-02  9.72647694e+01  2.93322709e+00  8.95317426e+04 -1.80951509e-01 
 4.00000000e-02  3.91700000e+03  1.85000000e+00 -1.27845716e-04  3.26566671e-01  4.87406000e-02  9.72647694e+01  2.93322709e+00  8.95317426e+04 -1.80951509e-01 
 5.00000000e-02  3.91700000e+03  1.85000000e+00 -1.58275264e-04  3.26566671e-01  4.87406000e-02  9.72647694e+01  2.93322709e+00  8.95317426e+04 -1.80951509e-01 
 6.00000000e-02  3.91700000e+03  1.85000000e+00 -1.88096689e-04  3.26566671e-01  4.87406000e-02  9.72647694e+01  2.93322709e+00  8.95317426e+04 -1.80951509e-01 
 7.00000000e-02  3.91700000e+03  1.85000000e+00 -2.17310595e-04  3.26566671e-01  4.87406000e-02  9.72647694e+01  2.93322709e+00  8.95317426e+04 -1.80951509e-01 
 8.00000000e-02  3.91700000e+03  1.85000000e+00 -2.45916441e-04  3.26566671e-01  4.87406000e-02  9.72647694e+01  2.93322709e+00  8.95317426e+04 -1.80951509e-01 
 9.00000000e-02  3.91700000e+03  1.85000000e+00 -2.73912427e-04  3.26566671e-01  4.87406000e-02  9.72647694e+01  2.93322709e+00  8.95317426e+04 -1.80951509e-01 
 1.00000000e-01  3.91700000e+03  1.85000000e+00 -3.01295365e-04  3.26566671e-01  4.87406000e-02  9.72647694e+01  2.93322709e+00  8.95317426e+04 -1.80951509e-01 
 1.10000000e-01  3.91700000e+03  1.85000000e+00 -3.28060555e-04  3.26566671e-01  4.87406000e-02  9.72647694e+01  2.93322709e+00  8.95317426e+04 -1.80951509e-01 
 1.20000000e-01  3.91700000e+03  1.85000000e+00 -3.54201646e-04  3.26566671e-01  4.87406000e-02  9.72647694e+01  2.93322709e+00  8.95317426e+04 -1.80951509e-01 
 1.30000000e-01  3.91700000e+03  1.85000000e+00 -3.79710512e-04  3.26566671e-01  4.87406000e-02  9.72647694e+01  2.93322709e+00  8.95317426e+04 -1.80951509e-01 
 1.40000000e-01  3.91700000e+03  1.85000000e+00 -4.04577141e-04  3.26566671e-01  4.87406000e-02  9.72647694e+01  2.93322709e+00  8.95317426e+04 -1.80951509e-01 
 1.50000000e-01  3.91700000e+03  1.85000000e+00 -4.28789549e-04  3.26566671e-01  4.87406000e-02  9.72647694e+01  2.93322709e+00  8.95317426e+04 -1.80951509e-01 
 1.60000000e-01  3.91700000e+03  1.85000000e+00 -4.52333747e-04  3.26566671e-01  4.87406000e-02  9.72647694e+01  2.93322709e+00  8.95317426e+04 -1.80951509e-01 
 1.70000000e-01  3.91700000e+03  1.85000000e+00 -4.75193770e-04  3.26566671e-01  4.87406000e-02  9.72647694e+01  2.93322709e+00  8.95317426e+04 -1.80951509e-01 
 1.80000000e-01  3.91700000e+03  1.85000000e+00 -4.97351808e-04  3.26566671e-01  4.87406000e-02  9.72647694e+01  2.93322709e+00  8.95317426e+04 -1.80951509e-01 
 1.90000000e-01  3.91700000e+03  1.85000000e+00 -5.18788460e-04  3.26566671e-01  4.87406000e-02  9.72647694e+01  2.93322709e+00  8.95317426e+04 -1.80951509e-01 
 2.00000000e-01  3.91700000e+03  1.85000000e+00 -5.39483148e-04  3.26566671e-01  4.87406000e-02  9.72647694e+01  2.93322709e+00  8.95317426e+04 -1.80951509e-01 
 2.10000000e-01  3.91700000e+03  1.85000000e+00 -5.59414713e-04  3.26566671e-01  4.87406000e-02  9.72647694e+01  2.93322709e+00  8.95317426e+04 -1.80951509e-01 
 2.20000000e-01  3.91700000e+03  1.85000000e+00 -5.78562215e-04  3.26566671e-01  4.87406000e-02  9.72647694e+01  2.93322709e+00  8.95317426e+04 -1.80951509e-01 
 2.30000000e-01  3.91700000e+03  1.85000000e+00 -5.96905916e-04  3.26566671e-01  4.87406000e-02  9.72647694e+01  2.93322709e+00  8.95317426e+04 -1.80951509e-01 
 2.40000000e-01  3.91700000e+03  1.85000000e+00 -6.14428434e-04  3.26566671e-01  4.87406000e-02  9.72647694e+01  2.93322709e+00  8.95317426e+04 -1.80951509e-01 
 2.50000000e-01  3.91700000e+03  1.85000000e+00 -6.31115985e-04  3.26566671e-01  4.87406000e-02  9.72647694e+01  2.93322709e+00  8.95317426e+04 -1.80951509e-01 
 2.60000000e-01  3.91700000e+03  1.85000000e+00 -6.46959612e-04  3.26566671e-01  4.87406000e-02  9.72647694e+01  2.93322709e+00  8.95317426e+04 -1.80951509e-01 
 2.70000000e-01  3.91700000e+03  1.85000000e+00 -6.61956293e-04  3.26566671e-01  4.87406000e-02  9.72647694e+01  2.93322709e+00  8.95317426e+04 -1.80951509e-01 
 2.80000000e-01  3.91700000e+03  1.85000000e+00 -6.76109776e-04  3.26566671e-01  4.87406000e-02  9.72647694e+01  2.93322709e+00  8.95317426e+04 -1.80951509e-01 
 2.90000000e-01  3.91700000e+03  1.85000000e+00 -6.89431048e-04  3.26566671e-01  4.87406000e-02  9.72647694e+01  2.93322709e+00  8.95317426e+04 -1.80951509e-01 
 3.00000000e-01  3.91700000e+03  1.85000000e+00 -7.01938355e-04  3.26566671e-01  4.87406000e-02  9.72647694e+01  2.93322709e+00  8.95317426e+04 -1.80951509e-01 
 3.10000000e-01  3.91700000e+03  1.85000000e+00 -7.13656787e-04  3.26566671e-01  4.87406000e-02  9.72647694e+01  2.93322709e+00  8.95317426e+04 -1.80951509e-01 
 3.20000000e-01  3.91700000e+03  1.85000000e+00 -7.24617450e-04  3.26566671e-01  4.87406000e-02  9.72647694e+01  2.93322709e+00  8.95317426e+04 -1.80951509e-01 
 3.30000000e-01  3.91700000e+03  1.85000000e+00 -7.34856359e-04  3.26566671e-01  4.87406000e-02  9.72647694e+01  2.93322709e+00  8.95317426e+04 -1.80951509e-01 
 3.40000000e-01  3.91700000e+03  1.85000000e+00 -7.44413152e-04  3.26566671e-01  4.87406000e-02  9.72647694e+01  2.93322709e+00  8.95317426e+04 -1.80951509e-01 
 3.50000000e-01  3.91700000e+03  1.85000000e+00 -7.53329778e-04  3.26566671e-01  4.87406000e-02  9.72647694e+01  2.93322709e+00  8.95317426e+04 -1.80951509e-01 
 3.60000000e-01  3.91700000e+03  1.85000000e+00 -7.61649253e-04  3.26566671e-01  4.87406000e-02  9.72647694e+01  2.93322709e+00  8.95317426e+04 -1.80951509e-01 
 3.70000000e-01  3.91700000e+03  1.85000000e+00 -7.69414567e-04  3.26566671e-01  4.87406000e-02  9.72647694e+01  2.93322709e+00  8.95317426e+04 -1.80951509e-01 
 3.80000000e-01  3.91700000e+03  1.85000000e+00 -7.76667795e-04  3.26566671e-01  4.87406000e-02  9.72647694e+01  2.93322709e+00  8.95317426e+04 -1.80951509e-01 
 3.90000000e-01  3.91700000e+03  1.85000000e+00 -7.83449407e-04  3.26566671e-01  4.87406000e-02  9.72647694e+01  2.93322709e+00  8.95317426e+04 -1.80951509e-01 
 4.00000000e-01  3.91700000e+03  1.85000000e+00 -7.89797789e-04  3.26566671e-01  4.87406000e-02  9.72647694e+01  2.93322709e+00  8.95317426e+04 -1.80951509e-01 
 4.10000000e-01  3.91700000e+03  1.85000000e+00 -7.95748937e-04  3.26566671e-01  4.87406000e-02  9.72647694e+01  2.93322709e+00  8.95317426e+04 -1.80951509e-01 
 4.20000000e-01  3.91700000e+03  1.85000000e+00 -8.01336294e-04  3.26566671e-01  4.87406000e-02  9.72647694e+01  2.93322709e+00  8.95317426e+04 -1.80951509e-01 
 4.30000000e-01  3.91700000e+03  1.85000000e+00 -8.06590710e-04  3.26566671e-01  4.87406000e-02  9.72647694e+01  2.93322709e+00  8.95317426e+04 -1.80951509e-01 
 4.40000000e-01  3.91700000e+03  1.85000000e+00 -8.11540474e-04  3.26566671e-01  4.87406000e-02  9.72647694e+01  2.93322709e+00  8.95317426e+04 -1.80951509e-01 
 4.50000000e-01  3.91700000e+03  1.85000000e+00 -8.16211419e-04  3.26566671e-01  4.87406000e-02  9.72647694e+01  2.93322709e+00  8.95317426e+04 -1.80951509e-01 
 4.60000000e-01  3.91700000e+03  1.85000000e+00 -8.20627053e-04  3.26566671e-01  4.87406000e-02  9.72647694e+01  2.93322709e+00  8.95317426e+04 -1.80951509e-01 
 4.70000000e-01  3.91700000e+03  1.85000000e+00 -8.24808719e-04  3.26566671e-01  4.87406000e-02  9.72647694e+01  2.93322709e+00  8.95317426e+04 -1.80951509e-01 
 4.80000000e-01  3.91700000e+03  1.85000000e+00 -8.28775766e-04  3.26566671e-01  4.87406000e-02  9.72647694e+01  2.93322709e+00  8.95317426e+04 -1.80951509e-01 
 4.90000000e-01  3.91700000e+03  1.85000000e+00 -8.32545710e-04  3.26566671e-01  4.87406000e-02  9.72647694e+01  2.93322709e+00  8.95317426e+04 -1.80951509e-01 
 5.00000000e-01  3.91700000e+03  1.85000000e+00 -8.36134410e-04  3.26566671e-01  4.87406000e-02  9.72647694e+01  2.93322709e+00  8.95317426e+04 -1.80951509e-01 
 5.10000000e-01  3.91700000e+03  1.85000000e+00 -8.39556216e-04  3.26566671e-01  4.87406000e-02  9.72647694e+01  2.93322709e+00  8.95317426e+04 -1.80951509e-01 
 5.20000000e-01  3.91700000e+03  1.85000000e+00 -8.42824120e-04  3.26566671e-01  4.87406000e-02  9.72647694e+01  2.93322709e+00  8.95317426e+04 -1.80951509e-01 
 5.30000000e-01  3.91700000e+03  1.85000000e+00 -8.45949892e-04  3.26566671e-01  4.87406000e-02  9.72647694e+01  2.93322709e+00  8.95317426e+04 -1.80951509e-01 
 5.40000000e-01  3.91700000e+03  1.85000000e+00 -8.48944200e-04  3.26566671e-01  4.87406000e-02  9.72647694e+01  2.93322709e+00  8.95317426e+04 -1.80951509e-01 
 5.50000000e-01  3.91700000e+03  1.85000000e+00 -8.51816725e-04  3.26566671e-01  4.87406000e-02  9.72647694e+01  2.93322709e+00  8.95317426e+04 -1.80951509e-01 
 5.60000000e-01  3.91700000e+03  1.85000000e+00 -8.54576262e-04  3.26566671e-01  4.87406000e-02  9.72647694e+01  2.93322709e+00  8.95317426e+04 -1.80951509e-01 
 5.70000000e-01  3.91700000e+03  1.85000000e+00 -8.57230810e-04  3.26566671e-01  4.87406000e-02  9.72647694e+01  2.93322709e+00  8.95317426e+04 -1.80951509e-01 
 5.80000000e-01  3.91700000e+03  1.85000000e+00 -8.59787654e-04  3.26566671e-01  4.87406000e-02  9.72647694e+01  2.93322709e+00  8.95317426e+04 -1.80951509e-01 
 5.90000000e-01  3.91700000e+03  1.85000000e+00 -8.62253437e-04  3.26566671e-01  4.87406000e-02  9.72647694e+01  2.93322709e+00  8.95317426e+04 -1.80951509e-01 
 6.00000000e-01  3.91700000e+03  1.85000000e+00 -8.64634225e-04  3.26566671e-01  4.87406000e-02  9.72647694e+01  2.93322709e+00  8.95317426e+04 -1.80951509e-01 
 6.10000000e-01  3.91700000e+03  1.85000000e+00 -8.66935566e-04  3.26566671e-01  4.87406000e-02  9.72647694e+01  2.93322709e+00  8.95317426e+04 -1.80951509e-01 
 6.20000000e-01  3.91700000e+03  1.85000000e+00 -8.69162543e-04  3.26566671e-01  4.87406000e-02  9.72647694e+01  2.93322709e+00  8.95317426e+04 -1.80951509e-01 
 6.30000000e-01  3.91700000e+03  1.85000000e+00 -8.71319813e-04  3.26566671e-01  4.87406000e-02  9.72647694e+01  2.93322709e+00  8.95317426e+04 -1.80951509e-01 
 6.40000000e-01  3.91700000e+03  1.85000000e+00 -8.73411659e-04  3.26566671e-01  4.87406000e-02  9.72647694e+01  2.93322709e+00  8.95317426e+04 -1.80951509e-01 
 6.50000000e-01  3.91700000e+03  1.85000000e+00 -8.75442018e-04  3.26566671e-01  4.87406000e-02  9.72647694e+01  2.93322709e+00  8.95317426e+04 -1.80951509e-01 
 6.60000000e-01  3.91700000e+03  1.85000000e+00 -8.77414516e-04  3.26566671e-01  4.87406000e-02  9.72647694e+01  2.93322709e+00  8.95317426e+04 -1.80951509e-01 
 6.70000000e-01  3.91700000e+03  1.85000000e+00 -8.79332498e-04  3.26566671e-01  4.87406000e-02  9.72647694e+01  2.93322709e+00  8.95317426e+04 -1.80951509e-01 
 6.80000000e-01  3.91700000e+03  1.85000000e+00 -8.81199055e-04  3.26566671e-01  4.87406000e-02  9.72647694e+01  2.93322709e+00  8.95317426e+04 -1.80951509e-01 
 6.90000000e-01  3.91700000e+03  1.85000000e+00 -8.83017045e-04  3.26566671e-01  4.87406000e-02  9.72647694e+01  2.93322709e+00  8.95317426e+04 -1.80951509e-01 
 7.00000000e-01  3.91700000e+03  1.85000000e+00 -8.84789116e-04  3.26566671e-01  4.87406000e-02  9.72647694e+01  2.93322709e+00  8.95317426e+04 -1.80951509e-01 
 7.10000000e-01  3.91700000e+03  1.85000000e+00 -8.86517723e-04  3.26566671e-01  4.87406000e-02  9.72647694e+01  2.93322709e+00  8.95317426e+04 -1.80951509e-01 
 7.20000000e-01  3.91700000e+03  1.85000000e+00 -8.88205147e-04  3.26566671e-01  4.87406000e-02  9.72647694e+01  2.93322709e+00  8.95317426e+04 -1.80951509e-01 
 7.30000000e-01  3.91700000e+03  1.85000000e+00 -8.89853509e-04  3.26566671e-01  4.87406000e-02  9.72647694e+01  2.93322709e+00  8.95317426e+04 -1.80951509e-01 
 7.40000000e-01  3.91700000e+03  1.85000000e+00 -8.91464781e-04  3.26566671e-01  4.87406000e-02  9.72647694e+01  2.93322709e+00  8.95317426e+04 -1.80951509e-01 
 7.50000000e-01  3.91700000e+03  1.85000000e+00 -8.93040804e-04  3.26566671e-01  4.87406000e-02  9.72647694e+01  2.93322709e+00  8.95317426e+04 -1.80951509e-01 
 7.60000000e-01  3.91700000e+03  1.85000000e+00 -8.94583296e-04  3.26566671e-01  4.87406000e-02  9.72647694e+01  2.93322709e+00  8.95317426e+04 -1.80951509e-01 
 7.70000000e-01  3.91700000e+03  1.85000000e+00 -8.96093859e-04  3.26566671e-01  4.87406000e-02  9.72647694e+01  2.93322709e+00  8.95317426e+04 -1.80951509e-01 
 7.80000000e-01  3.91700000e+03  1.85000000e+00 -8.97573996e-04  3.26566671e-01  4.87406000e-02  9.72647694e+01  2.93322709e+00  8.95317426e+04 -1.80951509e-01 
 7.90000000e-01  3.91700000e+03  1.85000000e+00 -8.99025110e-04  3.26566671e-01  4.87406000e-02  9.72647694e+01  2.93322709e+00  8.95317426e+04 -1.80951509e-01 
 8.00000000e-01  3.91700000e+03  1.85000000e+00 -9.00448519e-04  3.26566671e-01  4.87406000e-02  9.72647694e+01  2.93322709e+00  8.95317426e+04 -1.80951509e-01 
 8.10000000e-01  3.91700000e+03  1.85000000e+00 -9.01845458e-04  3.26566671e-01  4.87406000e-02  9.72647694e+01  2.93322709e+00  8.95317426e+04 -1.80951509e-01 
 8.20000000e-01  3.91700000e+03  1.85000000e+00 -9.03217089e-04  3.26566671e-01  4.87406000e-02  9.72647694e+01  2.93322709e+00  8.95317426e+04 -1.80951509e-01 
 8.30000000e-01  3.91700000e+03  1.85000000e+00 -9.04564502e-04  3.26566671e-01  4.87406000e-02  9.72647694e+01  2.93322709e+00  8.95317426e+04 -1.80951509e-01 
 8.40000000e-01  3.91700000e+03  1.85000000e+00 -9.05888725e-04  3.26566671e-01  4.87406000e-02  9.72647694e+01  2.93322709e+00  8.95317426e+04 -1.80951509e-01 
 8.50000000e-01  3.91700000e+03  1.85000000e+00 -9.07190725e-04  3.26566671e-01  4.87406000e-02  9.72647694e+01  2.93322709e+00  8.95317426e+04 -1.80951509e-01 
 8.60000000e-01  3.91700000e+03  1.85000000e+00 -9.08471414e-04  3.26566671e-01  4.87406000e-02  9.72647694e+01  2.93322709e+00  8.95317426e+04 -1.80951509e-01 
 8.70000000e-01  3.91700000e+03  1.85000000e+00 -9.09731653e-04  3.26566671e-01  4.87406000e-02  9.72647694e+01  2.93322709e+00  8.95317426e+04 -1.80951509e-01 
 8.80000000e-01  3.91700000e+03  1.85000000e+00 -9.10972256e-04  3.26566671e-01  4.87406000e-02  9.72647694e+01  2.93322709e+00  8.95317426e+04 -1.80951509e-01 
 8.90000000e-01  3.91700000e+03  1.85000000e+00 -9.12193990e-04  3.26566671e-01  4.87406000e-02  9.72647694e+01  2.93322709e+00  8.95317426e+04 -1.80951509e-01 
 9.00000000e-01  3.91700000e+03  1.85000000e+00 -9.13397584e-04  3.26566671e-01  4.87406000e-02  9.72647694e+01  2.93322709e+00  8.95317426e+04 -1.80951509e-01 
 9.10000000e-01  3.91700000e+03  1.85000000e+00 -9.14583726e-04  3.26566671e-01  4.87406000e-02  9.72647694e+01  2.93322709e+00  8.95317426e+04 -1.80951509e-01 
 9.20000000e-01  3.91700000e+03  1.85000000e+00 -9.15753068e-04  3.26566671e-01  4.87406000e-02  9.72647694e+01  2.93322709e+00  8.95317426e+04 -1.80951509e-01 
 9.30000000e-01  3.91700000e+03  1.85000000e+00 -9.16906230e-04  3.26566671e-01  4.87406000e-02  9.72647694e+01  2.93322709e+00  8.95317426e+04 -1.80951509e-01 
 9.40000000e-01  3.91700000e+03  1.85000000e+00 -9.18043798e-04  3.26566671e-01  4.87406000e-02  9.72647694e+01  2.93322709e+00  8.95317426e+04 -1.80951509e-01 
 9.50000000e-01  3.91700000e+03  1.85000000e+00 -9.19166330e-04  3.26566671e-01  4.87406000e-02  9.72647694e+01  2.93322709e+00  8.95317426e+04 -1.80951509e-01 
 9.60000000e-01  3.91700000e+03  1.85000000e+00 -9.20274358e-04  3.26566671e-01  4.87406000e-02  9.72647694e+01  2.93322709e+00  8.95317426e+04 -1.80951509e-01 
 9.70000000e-01  3.91700000e+03  1.85000000e+00 -9.21368384e-04  3.26566671e-01  4.87406000e-02  9.72647694e+01  2.93322709e+00  8.95317426e+04 -1.80951509e-01 
 9.80000000e-01  3.91700000e+03  1.85000000e+00 -9.22448889e-04  3.26566671e-01  4.87406000e-02  9.72647694e+01  2.93322709e+00  8.95317426e+04 -1.80951509e-01 
 9.90000000e-01  3.91700000e+03  1.85000000e+00 -9.23516330e-04  3.26566671e-01  4.87406000e-02  9.72647694e+01  2.93322709e+00  8.95317426e+04 -1.80951509e-01 
 1.00000000e+00  3.91700000e+03  1.85000000e+00 -9.24571143e-04  3.26566671e-01  4.87406000e-02  9.72647694e+01  2.93322709e+00  8.95317426e+04 -1.80951509e-01 
 1.01000000e+00  3.91700000e+03  1.85000000e+00 -9.25613742e-04  3.26566671e-01  4.87406000e-02  9.72647694e+01  2.93322709e+00  8.95317426e+04 -1.80951509e-01 
 1.02000000e+00  3.91700000e+03  1.85000000e+00 -9.26644525e-04  3.26566671e-01  4.87406000e-02  9.72647694e+01  2.93322709e+00  8.95317426e+04 -1.80951509e-01 
 1.03000000e+00  3.91700000e+03  1.85000000e+00 -9.27663869e-04  3.26566671e-01  4.87406000e-02  9.72647694e+01  2.93322709e+00  8.95317426e+04 -1.80951509e-01 
 1.04000000e+00  3.91700000e+03  1.85000000e+00 -9.28672136e-04  3.26566671e-01  4.87406000e-02  9.72647694e+01  2.93322709e+00  8.95317426e+04 -1.80951509e-01 
 1.05000000e+00  3.91700000e+03  1.85000000e+00 -9.29669672e-04  3.26566671e-01  4.87406000e-02  9.72647694e+01  2.93322709e+00  8.95317426e+04 -1.80951509e-01 
 1.06000000e+00  3.91700000e+03  1.85000000e+00 -9.30656807e-04  3.26566671e-01  4.87406000e-02  9.72647694e+01  2.93322709e+00  8.95317426e+04 -1.80951509e-01 
 1.07000000e+00  3.91700000e+03  1.85000000e+00 -9.31633857e-04  3.26566671e-01  4.87406000e-02  9.72647694e+01  2.93322709e+00  8.95317426e+04 -1.80951509e-01 
 1.08000000e+00  3.91700000e+03  1.85000000e+00 -9.32601126e-04  3.26566671e-01  4.87406000e-02  9.72647694e+01  2.93322709e+00  8.95317426e+04 -1.80951509e-01 
 1.09000000e+00  3.91700000e+03  1.85000000e+00 -9.33558902e-04  3.26566671e-01  4.87406000e-02  9.72647694e+01  2.93322709e+00  8.95317426e+04 -1.80951509e-01 
 1.10000000e+00  3.91700000e+03  1.85000000e+00 -9.34507465e-04  3.26566671e-01  4.87406000e-02  9.72647694e+01  2.93322709e+00  8.95317426e+04 -1.80951509e-01 
 1.11000000e+00  3.91700000e+03  1.85000000e+00 -9.35447080e-04  3.26566671e-01  4.87406000e-02  9.72647694e+01  2.93322709e+00  8.95317426e+04 -1.80951509e-01 
 1.12000000e+00  3.91700000e+03  1.85000000e+00 -9.36378004e-04  3.26566671e-01  4.87406000e-02  9.72647694e+01  2.93322709e+00  8.95317426e+04 -1.80951509e-01 
 1.13000000e+00  3.91700000e+03  1.85000000e+00 -9.37300483e-04  3.26566671e-01  4.87406000e-02  9.72647694e+01  2.93322709e+00  8.95317426e+04 -1.80951509e-01 
 1.14000000e+00  3.91700000e+03  1.85000000e+00 -9.38214750e-04  3.26566671e-01  4.87406000e-02  9.72647694e+01  2.93322709e+00  8.95317426e+04 -1.80951509e-01 
 1.15000000e+00  3.91700000e+03  1.85000000e+00 -9.39121034e-04  3.26566671e-01  4.87406000e-02  9.72647694e+01  2.93322709e+00  8.95317426e+04 -1.80951509e-01 
 1.16000000e+00  3.91700000e+03  1.85000000e+00 -9.40019552e-04  3.26566671e-01  4.87406000e-02  9.72647694e+01  2.93322709e+00  8.95317426e+04 -1.80951509e-01 
 1.17000000e+00  3.91700000e+03  1.85000000e+00 -9.40910514e-04  3.26566671e-01  4.87406000e-02  9.72647694e+01  2.93322709e+00  8.95317426e+04 -1.80951509e-01 
 1.18000000e+00  3.91700000e+03  1.85000000e+00 -9.41794120e-04  3.26566671e-01  4.87406000e-02  9.72647694e+01  2.93322709e+00  8.95317426e+04 -1.80951509e-01 
 1.19000000e+00  3.91700000e+03  1.85000000e+00 -9.42670565e-04  3.26566671e-01  4.87406000e-02  9.72647694e+01  2.93322709e+00  8.95317426e+04 -1.80951509e-01 
 1.20000000e+00  3.91700000e+03  1.85000000e+00 -9.43540035e-04  3.26566671e-01  4.87406000e-02  9.72647694e+01  2.93322709e+00  8.95317426e+04 -1.80951509e-01 
 1.21000000e+00  3.91700000e+03  1.85000000e+00 -9.44402709e-04  3.26566671e-01  4.87406000e-02  9.72647694e+01  2.93322709e+00  8.95317426e+04 -1.80951509e-01 
 1.22000000e+00  3.91700000e+03  1.85000000e+00 -9.45258763e-04  3.26566671e-01  4.87406000e-02  9.72647694e+01  2.93322709e+00  8.95317426e+04 -1.80951509e-01 
 1.23000000e+00  3.91700000e+03  1.85000000e+00 -9.46108361e-04  3.26566671e-01  4.87406000e-02  9.72647694e+01  2.93322709e+00  8.95317426e+04 -1.80951509e-01 
 1.24000000e+00  3.91700000e+03  1.85000000e+00 -9.46951666e-04  3.26566671e-01  4.87406000e-02  9.72647694e+01  2.93322709e+00  8.95317426e+04 -1.80951509e-01 
 1.25000000e+00  3.91700000e+03  1.85000000e+00 -9.47788832e-04  3.26566671e-01  4.87406000e-02  9.72647694e+01  2.93322709e+00  8.95317426e+04 -1.80951509e-01 
 1.26000000e+00  3.91700000e+03  1.85000000e+00 -9.48620010e-04  3.26566671e-01  4.87406000e-02  9.72647694e+01  2.93322709e+00  8.95317426e+04 -1.80951509e-01 
 1.27000000e+00  3.91700000e+03  1.85000000e+00 -9.49445345e-04  3.26566671e-01  4.87406000e-02  9.72647694e+01  2.93322709e+00  8.95317426e+04 -1.80951509e-01 
 1.28000000e+00  3.91700000e+03  1.85000000e+00 -9.50264975e-04  3.26566671e-01  4.87406000e-02  9.72647694e+01  2.93322709e+00  8.95317426e+04 -1.80951509e-01 
 1.29000000e+00  3.91700000e+03  1.85000000e+00 -9.51079037e-04  3.26566671e-01  4.87406000e-02  9.72647694e+01  2.93322709e+00  8.95317426e+04 -1.80951509e-01 
 1.30000000e+00  3.91700000e+03  1.85000000e+00 -9.51887662e-04  3.26566671e-01  4.87406000e-02  9.72647694e+01  2.93322709e+00  8.95317426e+04 -1.80951509e-01 
 1.31000000e+00  3.91700000e+03  1.85000000e+00 -9.52690974e-04  3.26566671e-01  4.87406000e-02  9.72647694e+01  2.93322709e+00  8.95317426e+04 -1.80951509e-01 
 1.32000000e+00  3.91700000e+03  1.85000000e+00 -9.53489096e-04  3.26566671e-01  4.87406000e-02  9.72647694e+01  2.93322709e+00  8.95317426e+04 -1.80951509e-01 
 1.33000000e+00  3.91700000e+03  1.85000000e+00 -9.54282148e-04  3.26566671e-01  4.87406000e-02  9.72647694e+01  2.93322709e+00  8.95317426e+04 -1.80951509e-01 
 1.34000000e+00  3.91700000e+03  1.85000000e+00 -9.55070241e-04  3.26566671e-01  4.87406000e-02  9.72647694e+01  2.93322709e+00  8.95317426e+04 -1.80951509e-01 
 1.35000000e+00  3.91700000e+03  1.85000000e+00 -9.55853489e-04  3.26566671e-01  4.87406000e-02  9.72647694e+01  2.93322709e+00  8.95317426e+04 -1.80951509e-01 
 1.36000000e+00  3.91700000e+03  1.85000000e+00 -9.56631997e-04  3.26566671e-01  4.87406000e-02  9.72647694e+01  2.93322709e+00  8.95317426e+04 -1.80951509e-01 
 1.37000000e+00  3.91700000e+03  1.85000000e+00 -9.57405870e-04  3.26566671e-01  4.87406000e-02  9.72647694e+01  2.93322709e+00  8.95317426e+04 -1.80951509e-01 
 1.38000000e+00  3.91700000e+03  1.85000000e+00 -9.58175208e-04  3.26566671e-01  4.87406000e-02  9.72647694e+01  2.93322709e+00  8.95317426e+04 -1.80951509e-01 
 1.39000000e+00  3.91700000e+03  1.85000000e+00 -9.58940109e-04  3.26566671e-01  4.87406000e-02  9.72647694e+01  2.93322709e+00  8.95317426e+04 -1.80951509e-01 
 1.40000000e+00  3.91700000e+03  1.85000000e+00 -9.59700668e-04  3.26566671e-01  4.87406000e-02  9.72647694e+01  2.93322709e+00  8.95317426e+04 -1.80951509e-01 
 1.41000000e+00  3.91700000e+03  1.85000000e+00 -9.60456976e-04  3.26566671e-01  4.87406000e-02  9.72647694e+01  2.93322709e+00  8.95317426e+04 -1.80951509e-01 
 1.42000000e+00  3.91700000e+03  1.85000000e+00 -9.61209123e-04  3.26566671e-01  4.87406000e-02  9.72647694e+01  2.93322709e+00  8.95317426e+04 -1.80951509e-01 
 1.43000000e+00  3.91700000e+03  1.85000000e+00 -9.61957196e-04  3.26566671e-01  4.87406000e-02  9.72647694e+01  2.93322709e+00  8.95317426e+04 -1.80951509e-01 
 1.44000000e+00  3.91700000e+03  1.85000000e+00 -9.62701278e-04  3.26566671e-01  4.87406000e-02  9.72647694e+01  2.93322709e+00  8.95317426e+04 -1.80951509e-01 
 1.45000000e+00  3.91700000e+03  1.85000000e+00 -9.63441451e-04  3.26566671e-01  4.87406000e-02  9.72647694e+01  2.93322709e+00  8.95317426e+04 -1.80951509e-01 
 1.46000000e+00  3.91700000e+03  1.85000000e+00 -9.64177796e-04  3.26566671e-01  4.87406000e-02  9.72647694e+01  2.93322709e+00  8.95317426e+04 -1.80951509e-01 
 1.47000000e+00  3.91700000e+03  1.85000000e+00 -9.64910389e-04  3.26566671e-01  4.87406000e-02  9.72647694e+01  2.93322709e+00  8.95317426e+04 -1.80951509e-01 
 1.48000000e+00  3.91700000e+03  1.85000000e+00 -9.65639306e-04  3.26566671e-01  4.87406000e-02  9.72647694e+01  2.93322709e+00  8.95317426e+04 -1.80951509e-01 
 1.49000000e+00  3.91700000e+03  1.85000000e+00 -9.66364620e-04  3.26566671e-01  4.87406000e-02  9.72647694e+01  2.93322709e+00  8.95317426e+04 -1.80951509e-01 
 1.50000000e+00  3.91700000e+03  1.85000000e+00 -9.67086404e-04  3.26566671e-01  4.87406000e-02  9.72647694e+01  2.93322709e+00  8.95317426e+04 -1.80951509e-01 
 1.51000000e+00  3.91700000e+03  1.85000000e+00 -9.67804726e-04  3.26566671e-01  4.87406000e-02  9.72647694e+01  2.93322709e+00  8.95317426e+04 -1.80951509e-01 
 1.52000000e+00  3.91700000e+03  1.85000000e+00 -9.68519656e-04  3.26566671e-01  4.87406000e-02  9.72647694e+01  2.93322709e+00  8.95317426e+04 -1.80951509e-01 
 1.53000000e+00  3.91700000e+03  1.85000000e+00 -9.69231260e-04  3.26566671e-01  4.87406000e-02  9.72647694e+01  2.93322709e+00  8.95317426e+04 -1.80951509e-01 
 1.54000000e+00  3.91700000e+03  1.85000000e+00 -9.69939603e-04  3.26566671e-01  4.87406000e-02  9.72647694e+01  2.93322709e+00  8.95317426e+04 -1.80951509e-01 
 1.55000000e+00  3.91700000e+03  1.85000000e+00 -9.70644750e-04  3.26566671e-01  4.87406000e-02  9.72647694e+01  2.93322709e+00  8.95317426e+04 -1.80951509e-01 
 1.56000000e+00  3.91700000e+03  1.85000000e+00 -9.71346763e-04  3.26566671e-01  4.87406000e-02  9.72647694e+01  2.93322709e+00  8.95317426e+04 -1.80951509e-01 
 1.57000000e+00  3.91700000e+03  1.85000000e+00 -9.72045704e-04  3.26566671e-01  4.87406000e-02  9.72647694e+01  2.93322709e+00  8.95317426e+04 -1.80951509e-01 
 1.58000000e+00  3.91700000e+03  1.85000000e+00 -9.72741634e-04  3.26566671e-01  4.87406000e-02  9.72647694e+01  2.93322709e+00  8.95317426e+04 -1.80951509e-01 
 1.59000000e+00  3.91700000e+03  1.85000000e+00 -9.73434613e-04  3.26566671e-01  4.87406000e-02  9.72647694e+01  2.93322709e+00  8.95317426e+04 -1.80951509e-01 
 1.60000000e+00  3.91700000e+03  1.85000000e+00 -9.74124699e-04  3.26566671e-01  4.87406000e-02  9.72647694e+01  2.93322709e+00  8.95317426e+04 -1.80951509e-01 
 1.61000000e+00  3.91700000e+03  1.85000000e+00 -9.74811952e-04  3.26566671e-01  4.87406000e-02  9.72647694e+01  2.93322709e+00  8.95317426e+04 -1.80951509e-01 
 1.62000000e+00  3.91700000e+03  1.85000000e+00 -9.75496430e-04  3.26566671e-01  4.87406000e-02  9.72647694e+01  2.93322709e+00  8.95317426e+04 -1.80951509e-01 
 1.63000000e+00  3.91700000e+03  1.85000000e+00 -9.76178189e-04  3.26566671e-01  4.87406000e-02  9.72647694e+01  2.93322709e+00  8.95317426e+04 -1.80951509e-01 
 1.64000000e+00  3.91700000e+03  1.85000000e+00 -9.76857287e-04  3.26566671e-01  4.87406000e-02  9.72647694e+01  2.93322709e+00  8.95317426e+04 -1.80951509e-01 
 1.65000000e+00  3.91700000e+03  1.85000000e+00 -9.77533783e-04  3.26566671e-01  4.87406000e-02  9.72647694e+01  2.93322709e+00  8.95317426e+04 -1.80951509e-01 
 1.66000000e+00  3.91700000e+03  1.85000000e+00 -9.78207732e-04  3.26566671e-01  4.87406000e-02  9.72647694e+01  2.93322709e+00  8.95317426e+04 -1.80951509e-01 
 1.67000000e+00  3.91700000e+03  1.85000000e+00 -9.78879194e-04  3.26566671e-01  4.87406000e-02  9.72647694e+01  2.93322709e+00  8.95317426e+04 -1.80951509e-01 
 1.68000000e+00  3.91700000e+03  1.85000000e+00 -9.79548225e-04  3.26566671e-01  4.87406000e-02  9.72647694e+01  2.93322709e+00  8.95317426e+04 -1.80951509e-01 
 1.69000000e+00  3.91700000e+03  1.85000000e+00 -9.80214885e-04  3.26566671e-01  4.87406000e-02  9.72647694e+01  2.93322709e+00  8.95317426e+04 -1.80951509e-01 
 1.70000000e+00  3.91700000e+03  1.85000000e+00 -9.80879234e-04  3.26566671e-01  4.87406000e-02  9.72647694e+01  2.93322709e+00  8.95317426e+04 -1.80951509e-01 
 1.71000000e+00  3.91700000e+03  1.85000000e+00 -9.81541331e-04  3.26566671e-01  4.87406000e-02  9.72647694e+01  2.93322709e+00  8.95317426e+04 -1.80951509e-01 
 1.72000000e+00  3.91700000e+03  1.85000000e+00 -9.82201239e-04  3.26566671e-01  4.87406000e-02  9.72647694e+01  2.93322709e+00  8.95317426e+04 -1.80951509e-01 
 1.73000000e+00  3.91700000e+03  1.85000000e+00 -9.82859021e-04  3.26566671e-01  4.87406000e-02  9.72647694e+01  2.93322709e+00  8.95317426e+04 -1.80951509e-01 
 1.74000000e+00  3.91700000e+03  1.85000000e+00 -9.83514741e-04  3.26566671e-01  4.87406000e-02  9.72647694e+01  2.93322709e+00  8.95317426e+04 -1.80951509e-01 
 1.75000000e+00  3.91700000e+03  1.85000000e+00 -9.84168468e-04  3.26566671e-01  4.87406000e-02  9.72647694e+01  2.93322709e+00  8.95317426e+04 -1.80951509e-01 
 1.76000000e+00  3.91700000e+03  1.85000000e+00 -9.84820269e-04  3.26566671e-01  4.87406000e-02  9.72647694e+01  2.93322709e+00  8.95317426e+04 -1.80951509e-01 
 1.77000000e+00  3.91700000e+03  1.85000000e+00 -9.85470216e-04  3.26566671e-01  4.87406000e-02  9.72647694e+01  2.93322709e+00  8.95317426e+04 -1.80951509e-01 
 1.78000000e+00  3.91700000e+03  1.85000000e+00 -9.86118384e-04  3.26566671e-01  4.87406000e-02  9.72647694e+01  2.93322709e+00  8.95317426e+04 -1.80951509e-01 
 1.79000000e+00  3.91700000e+03  1.85000000e+00 -9.86764851e-04  3.26566671e-01  4.87406000e-02  9.72647694e+01  2.93322709e+00  8.95317426e+04 -1.80951509e-01 
 1.80000000e+00  3.91700000e+03  1.85000000e+00 -9.87409697e-04  3.26566671e-01  4.87406000e-02  9.72647694e+01  2.93322709e+00  8.95317426e+04 -1.80951509e-01 
 1.81000000e+00  3.91700000e+03  1.85000000e+00 -9.88053008e-04  3.26566671e-01  4.87406000e-02  9.72647694e+01  2.93322709e+00  8.95317426e+04 -1.80951509e-01 
 1.82000000e+00  3.91700000e+03  1.85000000e+00 -9.88694872e-04  3.26566671e-01  4.87406000e-02  9.72647694e+01  2.93322709e+00  8.95317426e+04 -1.80951509e-01 
 1.83000000e+00  3.91700000e+03  1.85000000e+00 -9.89335383e-04  3.26566671e-01  4.87406000e-02  9.72647694e+01  2.93322709e+00  8.95317426e+04 -1.80951509e-01 
 1.84000000e+00  3.91700000e+03  1.85000000e+00 -9.89974639e-04  3.26566671e-01  4.87406000e-02  9.72647694e+01  2.93322709e+00  8.95317426e+04 -1.80951509e-01 
 1.85000000e+00  3.91700000e+03  1.85000000e+00 -9.90612744e-04  3.26566671e-01  4.87406000e-02  9.72647694e+01  2.93322709e+00  8.95317426e+04 -1.80951509e-01 
