 v-sweep         run_num         v(gate)         i(vds)          out_vth0        out_u0          out_rdsw        out_nfactor     out_vsat        out_eta0       
 0.00000000e+00  1.09400000e+03  1.85000000e+00 -1.34607493e-43  3.91540682e-01  6.55119762e-02  1.03960657e+02  7.81512424e+00  1.21414698e+05 -1.95988195e-01 
 1.00000000e-02  1.09400000e+03  1.85000000e+00 -4.37180848e-05  3.91540682e-01  6.55119762e-02  1.03960657e+02  7.81512424e+00  1.21414698e+05 -1.95988195e-01 
 2.00000000e-02  1.09400000e+03  1.85000000e+00 -8.64683002e-05  3.91540682e-01  6.55119762e-02  1.03960657e+02  7.81512424e+00  1.21414698e+05 -1.95988195e-01 
 3.00000000e-02  1.09400000e+03  1.85000000e+00 -1.28209748e-04  3.91540682e-01  6.55119762e-02  1.03960657e+02  7.81512424e+00  1.21414698e+05 -1.95988195e-01 
 4.00000000e-02  1.09400000e+03  1.85000000e+00 -1.68908722e-04  3.91540682e-01  6.55119762e-02  1.03960657e+02  7.81512424e+00  1.21414698e+05 -1.95988195e-01 
 5.00000000e-02  1.09400000e+03  1.85000000e+00 -2.08536320e-04  3.91540682e-01  6.55119762e-02  1.03960657e+02  7.81512424e+00  1.21414698e+05 -1.95988195e-01 
 6.00000000e-02  1.09400000e+03  1.85000000e+00 -2.47066893e-04  3.91540682e-01  6.55119762e-02  1.03960657e+02  7.81512424e+00  1.21414698e+05 -1.95988195e-01 
 7.00000000e-02  1.09400000e+03  1.85000000e+00 -2.84477062e-04  3.91540682e-01  6.55119762e-02  1.03960657e+02  7.81512424e+00  1.21414698e+05 -1.95988195e-01 
 8.00000000e-02  1.09400000e+03  1.85000000e+00 -3.20745120e-04  3.91540682e-01  6.55119762e-02  1.03960657e+02  7.81512424e+00  1.21414698e+05 -1.95988195e-01 
 9.00000000e-02  1.09400000e+03  1.85000000e+00 -3.55850746e-04  3.91540682e-01  6.55119762e-02  1.03960657e+02  7.81512424e+00  1.21414698e+05 -1.95988195e-01 
 1.00000000e-01  1.09400000e+03  1.85000000e+00 -3.89774954e-04  3.91540682e-01  6.55119762e-02  1.03960657e+02  7.81512424e+00  1.21414698e+05 -1.95988195e-01 
 1.10000000e-01  1.09400000e+03  1.85000000e+00 -4.22500249e-04  3.91540682e-01  6.55119762e-02  1.03960657e+02  7.81512424e+00  1.21414698e+05 -1.95988195e-01 
 1.20000000e-01  1.09400000e+03  1.85000000e+00 -4.54010961e-04  3.91540682e-01  6.55119762e-02  1.03960657e+02  7.81512424e+00  1.21414698e+05 -1.95988195e-01 
 1.30000000e-01  1.09400000e+03  1.85000000e+00 -4.84293716e-04  3.91540682e-01  6.55119762e-02  1.03960657e+02  7.81512424e+00  1.21414698e+05 -1.95988195e-01 
 1.40000000e-01  1.09400000e+03  1.85000000e+00 -5.13338035e-04  3.91540682e-01  6.55119762e-02  1.03960657e+02  7.81512424e+00  1.21414698e+05 -1.95988195e-01 
 1.50000000e-01  1.09400000e+03  1.85000000e+00 -5.41136989e-04  3.91540682e-01  6.55119762e-02  1.03960657e+02  7.81512424e+00  1.21414698e+05 -1.95988195e-01 
 1.60000000e-01  1.09400000e+03  1.85000000e+00 -5.67687896e-04  3.91540682e-01  6.55119762e-02  1.03960657e+02  7.81512424e+00  1.21414698e+05 -1.95988195e-01 
 1.70000000e-01  1.09400000e+03  1.85000000e+00 -5.92992978e-04  3.91540682e-01  6.55119762e-02  1.03960657e+02  7.81512424e+00  1.21414698e+05 -1.95988195e-01 
 1.80000000e-01  1.09400000e+03  1.85000000e+00 -6.17059930e-04  3.91540682e-01  6.55119762e-02  1.03960657e+02  7.81512424e+00  1.21414698e+05 -1.95988195e-01 
 1.90000000e-01  1.09400000e+03  1.85000000e+00 -6.39902345e-04  3.91540682e-01  6.55119762e-02  1.03960657e+02  7.81512424e+00  1.21414698e+05 -1.95988195e-01 
 2.00000000e-01  1.09400000e+03  1.85000000e+00 -6.61539942e-04  3.91540682e-01  6.55119762e-02  1.03960657e+02  7.81512424e+00  1.21414698e+05 -1.95988195e-01 
 2.10000000e-01  1.09400000e+03  1.85000000e+00 -6.81998560e-04  3.91540682e-01  6.55119762e-02  1.03960657e+02  7.81512424e+00  1.21414698e+05 -1.95988195e-01 
 2.20000000e-01  1.09400000e+03  1.85000000e+00 -7.01309922e-04  3.91540682e-01  6.55119762e-02  1.03960657e+02  7.81512424e+00  1.21414698e+05 -1.95988195e-01 
 2.30000000e-01  1.09400000e+03  1.85000000e+00 -7.19511154e-04  3.91540682e-01  6.55119762e-02  1.03960657e+02  7.81512424e+00  1.21414698e+05 -1.95988195e-01 
 2.40000000e-01  1.09400000e+03  1.85000000e+00 -7.36644116e-04  3.91540682e-01  6.55119762e-02  1.03960657e+02  7.81512424e+00  1.21414698e+05 -1.95988195e-01 
 2.50000000e-01  1.09400000e+03  1.85000000e+00 -7.52754577e-04  3.91540682e-01  6.55119762e-02  1.03960657e+02  7.81512424e+00  1.21414698e+05 -1.95988195e-01 
 2.60000000e-01  1.09400000e+03  1.85000000e+00 -7.67891289e-04  3.91540682e-01  6.55119762e-02  1.03960657e+02  7.81512424e+00  1.21414698e+05 -1.95988195e-01 
 2.70000000e-01  1.09400000e+03  1.85000000e+00 -7.82105045e-04  3.91540682e-01  6.55119762e-02  1.03960657e+02  7.81512424e+00  1.21414698e+05 -1.95988195e-01 
 2.80000000e-01  1.09400000e+03  1.85000000e+00 -7.95447738e-04  3.91540682e-01  6.55119762e-02  1.03960657e+02  7.81512424e+00  1.21414698e+05 -1.95988195e-01 
 2.90000000e-01  1.09400000e+03  1.85000000e+00 -8.07971505e-04  3.91540682e-01  6.55119762e-02  1.03960657e+02  7.81512424e+00  1.21414698e+05 -1.95988195e-01 
 3.00000000e-01  1.09400000e+03  1.85000000e+00 -8.19727962e-04  3.91540682e-01  6.55119762e-02  1.03960657e+02  7.81512424e+00  1.21414698e+05 -1.95988195e-01 
 3.10000000e-01  1.09400000e+03  1.85000000e+00 -8.30767561e-04  3.91540682e-01  6.55119762e-02  1.03960657e+02  7.81512424e+00  1.21414698e+05 -1.95988195e-01 
 3.20000000e-01  1.09400000e+03  1.85000000e+00 -8.41139071e-04  3.91540682e-01  6.55119762e-02  1.03960657e+02  7.81512424e+00  1.21414698e+05 -1.95988195e-01 
 3.30000000e-01  1.09400000e+03  1.85000000e+00 -8.50889194e-04  3.91540682e-01  6.55119762e-02  1.03960657e+02  7.81512424e+00  1.21414698e+05 -1.95988195e-01 
 3.40000000e-01  1.09400000e+03  1.85000000e+00 -8.60062283e-04  3.91540682e-01  6.55119762e-02  1.03960657e+02  7.81512424e+00  1.21414698e+05 -1.95988195e-01 
 3.50000000e-01  1.09400000e+03  1.85000000e+00 -8.68700173e-04  3.91540682e-01  6.55119762e-02  1.03960657e+02  7.81512424e+00  1.21414698e+05 -1.95988195e-01 
 3.60000000e-01  1.09400000e+03  1.85000000e+00 -8.76842094e-04  3.91540682e-01  6.55119762e-02  1.03960657e+02  7.81512424e+00  1.21414698e+05 -1.95988195e-01 
 3.70000000e-01  1.09400000e+03  1.85000000e+00 -8.84524654e-04  3.91540682e-01  6.55119762e-02  1.03960657e+02  7.81512424e+00  1.21414698e+05 -1.95988195e-01 
 3.80000000e-01  1.09400000e+03  1.85000000e+00 -8.91781873e-04  3.91540682e-01  6.55119762e-02  1.03960657e+02  7.81512424e+00  1.21414698e+05 -1.95988195e-01 
 3.90000000e-01  1.09400000e+03  1.85000000e+00 -8.98645269e-04  3.91540682e-01  6.55119762e-02  1.03960657e+02  7.81512424e+00  1.21414698e+05 -1.95988195e-01 
 4.00000000e-01  1.09400000e+03  1.85000000e+00 -9.05143957e-04  3.91540682e-01  6.55119762e-02  1.03960657e+02  7.81512424e+00  1.21414698e+05 -1.95988195e-01 
 4.10000000e-01  1.09400000e+03  1.85000000e+00 -9.11304783e-04  3.91540682e-01  6.55119762e-02  1.03960657e+02  7.81512424e+00  1.21414698e+05 -1.95988195e-01 
 4.20000000e-01  1.09400000e+03  1.85000000e+00 -9.17152458e-04  3.91540682e-01  6.55119762e-02  1.03960657e+02  7.81512424e+00  1.21414698e+05 -1.95988195e-01 
 4.30000000e-01  1.09400000e+03  1.85000000e+00 -9.22709702e-04  3.91540682e-01  6.55119762e-02  1.03960657e+02  7.81512424e+00  1.21414698e+05 -1.95988195e-01 
 4.40000000e-01  1.09400000e+03  1.85000000e+00 -9.27997386e-04  3.91540682e-01  6.55119762e-02  1.03960657e+02  7.81512424e+00  1.21414698e+05 -1.95988195e-01 
 4.50000000e-01  1.09400000e+03  1.85000000e+00 -9.33034675e-04  3.91540682e-01  6.55119762e-02  1.03960657e+02  7.81512424e+00  1.21414698e+05 -1.95988195e-01 
 4.60000000e-01  1.09400000e+03  1.85000000e+00 -9.37839165e-04  3.91540682e-01  6.55119762e-02  1.03960657e+02  7.81512424e+00  1.21414698e+05 -1.95988195e-01 
 4.70000000e-01  1.09400000e+03  1.85000000e+00 -9.42427006e-04  3.91540682e-01  6.55119762e-02  1.03960657e+02  7.81512424e+00  1.21414698e+05 -1.95988195e-01 
 4.80000000e-01  1.09400000e+03  1.85000000e+00 -9.46813029e-04  3.91540682e-01  6.55119762e-02  1.03960657e+02  7.81512424e+00  1.21414698e+05 -1.95988195e-01 
 4.90000000e-01  1.09400000e+03  1.85000000e+00 -9.51010855e-04  3.91540682e-01  6.55119762e-02  1.03960657e+02  7.81512424e+00  1.21414698e+05 -1.95988195e-01 
 5.00000000e-01  1.09400000e+03  1.85000000e+00 -9.55033002e-04  3.91540682e-01  6.55119762e-02  1.03960657e+02  7.81512424e+00  1.21414698e+05 -1.95988195e-01 
 5.10000000e-01  1.09400000e+03  1.85000000e+00 -9.58890982e-04  3.91540682e-01  6.55119762e-02  1.03960657e+02  7.81512424e+00  1.21414698e+05 -1.95988195e-01 
 5.20000000e-01  1.09400000e+03  1.85000000e+00 -9.62595383e-04  3.91540682e-01  6.55119762e-02  1.03960657e+02  7.81512424e+00  1.21414698e+05 -1.95988195e-01 
 5.30000000e-01  1.09400000e+03  1.85000000e+00 -9.66155960e-04  3.91540682e-01  6.55119762e-02  1.03960657e+02  7.81512424e+00  1.21414698e+05 -1.95988195e-01 
 5.40000000e-01  1.09400000e+03  1.85000000e+00 -9.69581701e-04  3.91540682e-01  6.55119762e-02  1.03960657e+02  7.81512424e+00  1.21414698e+05 -1.95988195e-01 
 5.50000000e-01  1.09400000e+03  1.85000000e+00 -9.72880898e-04  3.91540682e-01  6.55119762e-02  1.03960657e+02  7.81512424e+00  1.21414698e+05 -1.95988195e-01 
 5.60000000e-01  1.09400000e+03  1.85000000e+00 -9.76061205e-04  3.91540682e-01  6.55119762e-02  1.03960657e+02  7.81512424e+00  1.21414698e+05 -1.95988195e-01 
 5.70000000e-01  1.09400000e+03  1.85000000e+00 -9.79129698e-04  3.91540682e-01  6.55119762e-02  1.03960657e+02  7.81512424e+00  1.21414698e+05 -1.95988195e-01 
 5.80000000e-01  1.09400000e+03  1.85000000e+00 -9.82092922e-04  3.91540682e-01  6.55119762e-02  1.03960657e+02  7.81512424e+00  1.21414698e+05 -1.95988195e-01 
 5.90000000e-01  1.09400000e+03  1.85000000e+00 -9.84956936e-04  3.91540682e-01  6.55119762e-02  1.03960657e+02  7.81512424e+00  1.21414698e+05 -1.95988195e-01 
 6.00000000e-01  1.09400000e+03  1.85000000e+00 -9.87727360e-04  3.91540682e-01  6.55119762e-02  1.03960657e+02  7.81512424e+00  1.21414698e+05 -1.95988195e-01 
 6.10000000e-01  1.09400000e+03  1.85000000e+00 -9.90409406e-04  3.91540682e-01  6.55119762e-02  1.03960657e+02  7.81512424e+00  1.21414698e+05 -1.95988195e-01 
 6.20000000e-01  1.09400000e+03  1.85000000e+00 -9.93007915e-04  3.91540682e-01  6.55119762e-02  1.03960657e+02  7.81512424e+00  1.21414698e+05 -1.95988195e-01 
 6.30000000e-01  1.09400000e+03  1.85000000e+00 -9.95527388e-04  3.91540682e-01  6.55119762e-02  1.03960657e+02  7.81512424e+00  1.21414698e+05 -1.95988195e-01 
 6.40000000e-01  1.09400000e+03  1.85000000e+00 -9.97972016e-04  3.91540682e-01  6.55119762e-02  1.03960657e+02  7.81512424e+00  1.21414698e+05 -1.95988195e-01 
 6.50000000e-01  1.09400000e+03  1.85000000e+00 -1.00034570e-03  3.91540682e-01  6.55119762e-02  1.03960657e+02  7.81512424e+00  1.21414698e+05 -1.95988195e-01 
 6.60000000e-01  1.09400000e+03  1.85000000e+00 -1.00265208e-03  3.91540682e-01  6.55119762e-02  1.03960657e+02  7.81512424e+00  1.21414698e+05 -1.95988195e-01 
 6.70000000e-01  1.09400000e+03  1.85000000e+00 -1.00489456e-03  3.91540682e-01  6.55119762e-02  1.03960657e+02  7.81512424e+00  1.21414698e+05 -1.95988195e-01 
 6.80000000e-01  1.09400000e+03  1.85000000e+00 -1.00707630e-03  3.91540682e-01  6.55119762e-02  1.03960657e+02  7.81512424e+00  1.21414698e+05 -1.95988195e-01 
 6.90000000e-01  1.09400000e+03  1.85000000e+00 -1.00920029e-03  3.91540682e-01  6.55119762e-02  1.03960657e+02  7.81512424e+00  1.21414698e+05 -1.95988195e-01 
 7.00000000e-01  1.09400000e+03  1.85000000e+00 -1.01126929e-03  3.91540682e-01  6.55119762e-02  1.03960657e+02  7.81512424e+00  1.21414698e+05 -1.95988195e-01 
 7.10000000e-01  1.09400000e+03  1.85000000e+00 -1.01328591e-03  3.91540682e-01  6.55119762e-02  1.03960657e+02  7.81512424e+00  1.21414698e+05 -1.95988195e-01 
 7.20000000e-01  1.09400000e+03  1.85000000e+00 -1.01525260e-03  3.91540682e-01  6.55119762e-02  1.03960657e+02  7.81512424e+00  1.21414698e+05 -1.95988195e-01 
 7.30000000e-01  1.09400000e+03  1.85000000e+00 -1.01717165e-03  3.91540682e-01  6.55119762e-02  1.03960657e+02  7.81512424e+00  1.21414698e+05 -1.95988195e-01 
 7.40000000e-01  1.09400000e+03  1.85000000e+00 -1.01904521e-03  3.91540682e-01  6.55119762e-02  1.03960657e+02  7.81512424e+00  1.21414698e+05 -1.95988195e-01 
 7.50000000e-01  1.09400000e+03  1.85000000e+00 -1.02087531e-03  3.91540682e-01  6.55119762e-02  1.03960657e+02  7.81512424e+00  1.21414698e+05 -1.95988195e-01 
 7.60000000e-01  1.09400000e+03  1.85000000e+00 -1.02266385e-03  3.91540682e-01  6.55119762e-02  1.03960657e+02  7.81512424e+00  1.21414698e+05 -1.95988195e-01 
 7.70000000e-01  1.09400000e+03  1.85000000e+00 -1.02441263e-03  3.91540682e-01  6.55119762e-02  1.03960657e+02  7.81512424e+00  1.21414698e+05 -1.95988195e-01 
 7.80000000e-01  1.09400000e+03  1.85000000e+00 -1.02612335e-03  3.91540682e-01  6.55119762e-02  1.03960657e+02  7.81512424e+00  1.21414698e+05 -1.95988195e-01 
 7.90000000e-01  1.09400000e+03  1.85000000e+00 -1.02779759e-03  3.91540682e-01  6.55119762e-02  1.03960657e+02  7.81512424e+00  1.21414698e+05 -1.95988195e-01 
 8.00000000e-01  1.09400000e+03  1.85000000e+00 -1.02943688e-03  3.91540682e-01  6.55119762e-02  1.03960657e+02  7.81512424e+00  1.21414698e+05 -1.95988195e-01 
 8.10000000e-01  1.09400000e+03  1.85000000e+00 -1.03104263e-03  3.91540682e-01  6.55119762e-02  1.03960657e+02  7.81512424e+00  1.21414698e+05 -1.95988195e-01 
 8.20000000e-01  1.09400000e+03  1.85000000e+00 -1.03261619e-03  3.91540682e-01  6.55119762e-02  1.03960657e+02  7.81512424e+00  1.21414698e+05 -1.95988195e-01 
 8.30000000e-01  1.09400000e+03  1.85000000e+00 -1.03415883e-03  3.91540682e-01  6.55119762e-02  1.03960657e+02  7.81512424e+00  1.21414698e+05 -1.95988195e-01 
 8.40000000e-01  1.09400000e+03  1.85000000e+00 -1.03567178e-03  3.91540682e-01  6.55119762e-02  1.03960657e+02  7.81512424e+00  1.21414698e+05 -1.95988195e-01 
 8.50000000e-01  1.09400000e+03  1.85000000e+00 -1.03715616e-03  3.91540682e-01  6.55119762e-02  1.03960657e+02  7.81512424e+00  1.21414698e+05 -1.95988195e-01 
 8.60000000e-01  1.09400000e+03  1.85000000e+00 -1.03861307e-03  3.91540682e-01  6.55119762e-02  1.03960657e+02  7.81512424e+00  1.21414698e+05 -1.95988195e-01 
 8.70000000e-01  1.09400000e+03  1.85000000e+00 -1.04004353e-03  3.91540682e-01  6.55119762e-02  1.03960657e+02  7.81512424e+00  1.21414698e+05 -1.95988195e-01 
 8.80000000e-01  1.09400000e+03  1.85000000e+00 -1.04144852e-03  3.91540682e-01  6.55119762e-02  1.03960657e+02  7.81512424e+00  1.21414698e+05 -1.95988195e-01 
 8.90000000e-01  1.09400000e+03  1.85000000e+00 -1.04282898e-03  3.91540682e-01  6.55119762e-02  1.03960657e+02  7.81512424e+00  1.21414698e+05 -1.95988195e-01 
 9.00000000e-01  1.09400000e+03  1.85000000e+00 -1.04418578e-03  3.91540682e-01  6.55119762e-02  1.03960657e+02  7.81512424e+00  1.21414698e+05 -1.95988195e-01 
 9.10000000e-01  1.09400000e+03  1.85000000e+00 -1.04551977e-03  3.91540682e-01  6.55119762e-02  1.03960657e+02  7.81512424e+00  1.21414698e+05 -1.95988195e-01 
 9.20000000e-01  1.09400000e+03  1.85000000e+00 -1.04683175e-03  3.91540682e-01  6.55119762e-02  1.03960657e+02  7.81512424e+00  1.21414698e+05 -1.95988195e-01 
 9.30000000e-01  1.09400000e+03  1.85000000e+00 -1.04812248e-03  3.91540682e-01  6.55119762e-02  1.03960657e+02  7.81512424e+00  1.21414698e+05 -1.95988195e-01 
 9.40000000e-01  1.09400000e+03  1.85000000e+00 -1.04939268e-03  3.91540682e-01  6.55119762e-02  1.03960657e+02  7.81512424e+00  1.21414698e+05 -1.95988195e-01 
 9.50000000e-01  1.09400000e+03  1.85000000e+00 -1.05064306e-03  3.91540682e-01  6.55119762e-02  1.03960657e+02  7.81512424e+00  1.21414698e+05 -1.95988195e-01 
 9.60000000e-01  1.09400000e+03  1.85000000e+00 -1.05187427e-03  3.91540682e-01  6.55119762e-02  1.03960657e+02  7.81512424e+00  1.21414698e+05 -1.95988195e-01 
 9.70000000e-01  1.09400000e+03  1.85000000e+00 -1.05308694e-03  3.91540682e-01  6.55119762e-02  1.03960657e+02  7.81512424e+00  1.21414698e+05 -1.95988195e-01 
 9.80000000e-01  1.09400000e+03  1.85000000e+00 -1.05428168e-03  3.91540682e-01  6.55119762e-02  1.03960657e+02  7.81512424e+00  1.21414698e+05 -1.95988195e-01 
 9.90000000e-01  1.09400000e+03  1.85000000e+00 -1.05545907e-03  3.91540682e-01  6.55119762e-02  1.03960657e+02  7.81512424e+00  1.21414698e+05 -1.95988195e-01 
 1.00000000e+00  1.09400000e+03  1.85000000e+00 -1.05661964e-03  3.91540682e-01  6.55119762e-02  1.03960657e+02  7.81512424e+00  1.21414698e+05 -1.95988195e-01 
 1.01000000e+00  1.09400000e+03  1.85000000e+00 -1.05776394e-03  3.91540682e-01  6.55119762e-02  1.03960657e+02  7.81512424e+00  1.21414698e+05 -1.95988195e-01 
 1.02000000e+00  1.09400000e+03  1.85000000e+00 -1.05889247e-03  3.91540682e-01  6.55119762e-02  1.03960657e+02  7.81512424e+00  1.21414698e+05 -1.95988195e-01 
 1.03000000e+00  1.09400000e+03  1.85000000e+00 -1.06000571e-03  3.91540682e-01  6.55119762e-02  1.03960657e+02  7.81512424e+00  1.21414698e+05 -1.95988195e-01 
 1.04000000e+00  1.09400000e+03  1.85000000e+00 -1.06110413e-03  3.91540682e-01  6.55119762e-02  1.03960657e+02  7.81512424e+00  1.21414698e+05 -1.95988195e-01 
 1.05000000e+00  1.09400000e+03  1.85000000e+00 -1.06218816e-03  3.91540682e-01  6.55119762e-02  1.03960657e+02  7.81512424e+00  1.21414698e+05 -1.95988195e-01 
 1.06000000e+00  1.09400000e+03  1.85000000e+00 -1.06325824e-03  3.91540682e-01  6.55119762e-02  1.03960657e+02  7.81512424e+00  1.21414698e+05 -1.95988195e-01 
 1.07000000e+00  1.09400000e+03  1.85000000e+00 -1.06431478e-03  3.91540682e-01  6.55119762e-02  1.03960657e+02  7.81512424e+00  1.21414698e+05 -1.95988195e-01 
 1.08000000e+00  1.09400000e+03  1.85000000e+00 -1.06535816e-03  3.91540682e-01  6.55119762e-02  1.03960657e+02  7.81512424e+00  1.21414698e+05 -1.95988195e-01 
 1.09000000e+00  1.09400000e+03  1.85000000e+00 -1.06638876e-03  3.91540682e-01  6.55119762e-02  1.03960657e+02  7.81512424e+00  1.21414698e+05 -1.95988195e-01 
 1.10000000e+00  1.09400000e+03  1.85000000e+00 -1.06740695e-03  3.91540682e-01  6.55119762e-02  1.03960657e+02  7.81512424e+00  1.21414698e+05 -1.95988195e-01 
 1.11000000e+00  1.09400000e+03  1.85000000e+00 -1.06841308e-03  3.91540682e-01  6.55119762e-02  1.03960657e+02  7.81512424e+00  1.21414698e+05 -1.95988195e-01 
 1.12000000e+00  1.09400000e+03  1.85000000e+00 -1.06940747e-03  3.91540682e-01  6.55119762e-02  1.03960657e+02  7.81512424e+00  1.21414698e+05 -1.95988195e-01 
 1.13000000e+00  1.09400000e+03  1.85000000e+00 -1.07039045e-03  3.91540682e-01  6.55119762e-02  1.03960657e+02  7.81512424e+00  1.21414698e+05 -1.95988195e-01 
 1.14000000e+00  1.09400000e+03  1.85000000e+00 -1.07136234e-03  3.91540682e-01  6.55119762e-02  1.03960657e+02  7.81512424e+00  1.21414698e+05 -1.95988195e-01 
 1.15000000e+00  1.09400000e+03  1.85000000e+00 -1.07232342e-03  3.91540682e-01  6.55119762e-02  1.03960657e+02  7.81512424e+00  1.21414698e+05 -1.95988195e-01 
 1.16000000e+00  1.09400000e+03  1.85000000e+00 -1.07327398e-03  3.91540682e-01  6.55119762e-02  1.03960657e+02  7.81512424e+00  1.21414698e+05 -1.95988195e-01 
 1.17000000e+00  1.09400000e+03  1.85000000e+00 -1.07421431e-03  3.91540682e-01  6.55119762e-02  1.03960657e+02  7.81512424e+00  1.21414698e+05 -1.95988195e-01 
 1.18000000e+00  1.09400000e+03  1.85000000e+00 -1.07514467e-03  3.91540682e-01  6.55119762e-02  1.03960657e+02  7.81512424e+00  1.21414698e+05 -1.95988195e-01 
 1.19000000e+00  1.09400000e+03  1.85000000e+00 -1.07606531e-03  3.91540682e-01  6.55119762e-02  1.03960657e+02  7.81512424e+00  1.21414698e+05 -1.95988195e-01 
 1.20000000e+00  1.09400000e+03  1.85000000e+00 -1.07697649e-03  3.91540682e-01  6.55119762e-02  1.03960657e+02  7.81512424e+00  1.21414698e+05 -1.95988195e-01 
 1.21000000e+00  1.09400000e+03  1.85000000e+00 -1.07787844e-03  3.91540682e-01  6.55119762e-02  1.03960657e+02  7.81512424e+00  1.21414698e+05 -1.95988195e-01 
 1.22000000e+00  1.09400000e+03  1.85000000e+00 -1.07877140e-03  3.91540682e-01  6.55119762e-02  1.03960657e+02  7.81512424e+00  1.21414698e+05 -1.95988195e-01 
 1.23000000e+00  1.09400000e+03  1.85000000e+00 -1.07965558e-03  3.91540682e-01  6.55119762e-02  1.03960657e+02  7.81512424e+00  1.21414698e+05 -1.95988195e-01 
 1.24000000e+00  1.09400000e+03  1.85000000e+00 -1.08053121e-03  3.91540682e-01  6.55119762e-02  1.03960657e+02  7.81512424e+00  1.21414698e+05 -1.95988195e-01 
 1.25000000e+00  1.09400000e+03  1.85000000e+00 -1.08139848e-03  3.91540682e-01  6.55119762e-02  1.03960657e+02  7.81512424e+00  1.21414698e+05 -1.95988195e-01 
 1.26000000e+00  1.09400000e+03  1.85000000e+00 -1.08225761e-03  3.91540682e-01  6.55119762e-02  1.03960657e+02  7.81512424e+00  1.21414698e+05 -1.95988195e-01 
 1.27000000e+00  1.09400000e+03  1.85000000e+00 -1.08310878e-03  3.91540682e-01  6.55119762e-02  1.03960657e+02  7.81512424e+00  1.21414698e+05 -1.95988195e-01 
 1.28000000e+00  1.09400000e+03  1.85000000e+00 -1.08395219e-03  3.91540682e-01  6.55119762e-02  1.03960657e+02  7.81512424e+00  1.21414698e+05 -1.95988195e-01 
 1.29000000e+00  1.09400000e+03  1.85000000e+00 -1.08478801e-03  3.91540682e-01  6.55119762e-02  1.03960657e+02  7.81512424e+00  1.21414698e+05 -1.95988195e-01 
 1.30000000e+00  1.09400000e+03  1.85000000e+00 -1.08561643e-03  3.91540682e-01  6.55119762e-02  1.03960657e+02  7.81512424e+00  1.21414698e+05 -1.95988195e-01 
 1.31000000e+00  1.09400000e+03  1.85000000e+00 -1.08643761e-03  3.91540682e-01  6.55119762e-02  1.03960657e+02  7.81512424e+00  1.21414698e+05 -1.95988195e-01 
 1.32000000e+00  1.09400000e+03  1.85000000e+00 -1.08725171e-03  3.91540682e-01  6.55119762e-02  1.03960657e+02  7.81512424e+00  1.21414698e+05 -1.95988195e-01 
 1.33000000e+00  1.09400000e+03  1.85000000e+00 -1.08805890e-03  3.91540682e-01  6.55119762e-02  1.03960657e+02  7.81512424e+00  1.21414698e+05 -1.95988195e-01 
 1.34000000e+00  1.09400000e+03  1.85000000e+00 -1.08885934e-03  3.91540682e-01  6.55119762e-02  1.03960657e+02  7.81512424e+00  1.21414698e+05 -1.95988195e-01 
 1.35000000e+00  1.09400000e+03  1.85000000e+00 -1.08965317e-03  3.91540682e-01  6.55119762e-02  1.03960657e+02  7.81512424e+00  1.21414698e+05 -1.95988195e-01 
 1.36000000e+00  1.09400000e+03  1.85000000e+00 -1.09044053e-03  3.91540682e-01  6.55119762e-02  1.03960657e+02  7.81512424e+00  1.21414698e+05 -1.95988195e-01 
 1.37000000e+00  1.09400000e+03  1.85000000e+00 -1.09122157e-03  3.91540682e-01  6.55119762e-02  1.03960657e+02  7.81512424e+00  1.21414698e+05 -1.95988195e-01 
 1.38000000e+00  1.09400000e+03  1.85000000e+00 -1.09199643e-03  3.91540682e-01  6.55119762e-02  1.03960657e+02  7.81512424e+00  1.21414698e+05 -1.95988195e-01 
 1.39000000e+00  1.09400000e+03  1.85000000e+00 -1.09276524e-03  3.91540682e-01  6.55119762e-02  1.03960657e+02  7.81512424e+00  1.21414698e+05 -1.95988195e-01 
 1.40000000e+00  1.09400000e+03  1.85000000e+00 -1.09352813e-03  3.91540682e-01  6.55119762e-02  1.03960657e+02  7.81512424e+00  1.21414698e+05 -1.95988195e-01 
 1.41000000e+00  1.09400000e+03  1.85000000e+00 -1.09428523e-03  3.91540682e-01  6.55119762e-02  1.03960657e+02  7.81512424e+00  1.21414698e+05 -1.95988195e-01 
 1.42000000e+00  1.09400000e+03  1.85000000e+00 -1.09503665e-03  3.91540682e-01  6.55119762e-02  1.03960657e+02  7.81512424e+00  1.21414698e+05 -1.95988195e-01 
 1.43000000e+00  1.09400000e+03  1.85000000e+00 -1.09578251e-03  3.91540682e-01  6.55119762e-02  1.03960657e+02  7.81512424e+00  1.21414698e+05 -1.95988195e-01 
 1.44000000e+00  1.09400000e+03  1.85000000e+00 -1.09652294e-03  3.91540682e-01  6.55119762e-02  1.03960657e+02  7.81512424e+00  1.21414698e+05 -1.95988195e-01 
 1.45000000e+00  1.09400000e+03  1.85000000e+00 -1.09725804e-03  3.91540682e-01  6.55119762e-02  1.03960657e+02  7.81512424e+00  1.21414698e+05 -1.95988195e-01 
 1.46000000e+00  1.09400000e+03  1.85000000e+00 -1.09798792e-03  3.91540682e-01  6.55119762e-02  1.03960657e+02  7.81512424e+00  1.21414698e+05 -1.95988195e-01 
 1.47000000e+00  1.09400000e+03  1.85000000e+00 -1.09871270e-03  3.91540682e-01  6.55119762e-02  1.03960657e+02  7.81512424e+00  1.21414698e+05 -1.95988195e-01 
 1.48000000e+00  1.09400000e+03  1.85000000e+00 -1.09943247e-03  3.91540682e-01  6.55119762e-02  1.03960657e+02  7.81512424e+00  1.21414698e+05 -1.95988195e-01 
 1.49000000e+00  1.09400000e+03  1.85000000e+00 -1.10014734e-03  3.91540682e-01  6.55119762e-02  1.03960657e+02  7.81512424e+00  1.21414698e+05 -1.95988195e-01 
 1.50000000e+00  1.09400000e+03  1.85000000e+00 -1.10085741e-03  3.91540682e-01  6.55119762e-02  1.03960657e+02  7.81512424e+00  1.21414698e+05 -1.95988195e-01 
 1.51000000e+00  1.09400000e+03  1.85000000e+00 -1.10156278e-03  3.91540682e-01  6.55119762e-02  1.03960657e+02  7.81512424e+00  1.21414698e+05 -1.95988195e-01 
 1.52000000e+00  1.09400000e+03  1.85000000e+00 -1.10226354e-03  3.91540682e-01  6.55119762e-02  1.03960657e+02  7.81512424e+00  1.21414698e+05 -1.95988195e-01 
 1.53000000e+00  1.09400000e+03  1.85000000e+00 -1.10295978e-03  3.91540682e-01  6.55119762e-02  1.03960657e+02  7.81512424e+00  1.21414698e+05 -1.95988195e-01 
 1.54000000e+00  1.09400000e+03  1.85000000e+00 -1.10365161e-03  3.91540682e-01  6.55119762e-02  1.03960657e+02  7.81512424e+00  1.21414698e+05 -1.95988195e-01 
 1.55000000e+00  1.09400000e+03  1.85000000e+00 -1.10433911e-03  3.91540682e-01  6.55119762e-02  1.03960657e+02  7.81512424e+00  1.21414698e+05 -1.95988195e-01 
 1.56000000e+00  1.09400000e+03  1.85000000e+00 -1.10502237e-03  3.91540682e-01  6.55119762e-02  1.03960657e+02  7.81512424e+00  1.21414698e+05 -1.95988195e-01 
 1.57000000e+00  1.09400000e+03  1.85000000e+00 -1.10570148e-03  3.91540682e-01  6.55119762e-02  1.03960657e+02  7.81512424e+00  1.21414698e+05 -1.95988195e-01 
 1.58000000e+00  1.09400000e+03  1.85000000e+00 -1.10637652e-03  3.91540682e-01  6.55119762e-02  1.03960657e+02  7.81512424e+00  1.21414698e+05 -1.95988195e-01 
 1.59000000e+00  1.09400000e+03  1.85000000e+00 -1.10704760e-03  3.91540682e-01  6.55119762e-02  1.03960657e+02  7.81512424e+00  1.21414698e+05 -1.95988195e-01 
 1.60000000e+00  1.09400000e+03  1.85000000e+00 -1.10771479e-03  3.91540682e-01  6.55119762e-02  1.03960657e+02  7.81512424e+00  1.21414698e+05 -1.95988195e-01 
 1.61000000e+00  1.09400000e+03  1.85000000e+00 -1.10837818e-03  3.91540682e-01  6.55119762e-02  1.03960657e+02  7.81512424e+00  1.21414698e+05 -1.95988195e-01 
 1.62000000e+00  1.09400000e+03  1.85000000e+00 -1.10903786e-03  3.91540682e-01  6.55119762e-02  1.03960657e+02  7.81512424e+00  1.21414698e+05 -1.95988195e-01 
 1.63000000e+00  1.09400000e+03  1.85000000e+00 -1.10969391e-03  3.91540682e-01  6.55119762e-02  1.03960657e+02  7.81512424e+00  1.21414698e+05 -1.95988195e-01 
 1.64000000e+00  1.09400000e+03  1.85000000e+00 -1.11034643e-03  3.91540682e-01  6.55119762e-02  1.03960657e+02  7.81512424e+00  1.21414698e+05 -1.95988195e-01 
 1.65000000e+00  1.09400000e+03  1.85000000e+00 -1.11099549e-03  3.91540682e-01  6.55119762e-02  1.03960657e+02  7.81512424e+00  1.21414698e+05 -1.95988195e-01 
 1.66000000e+00  1.09400000e+03  1.85000000e+00 -1.11164120e-03  3.91540682e-01  6.55119762e-02  1.03960657e+02  7.81512424e+00  1.21414698e+05 -1.95988195e-01 
 1.67000000e+00  1.09400000e+03  1.85000000e+00 -1.11228364e-03  3.91540682e-01  6.55119762e-02  1.03960657e+02  7.81512424e+00  1.21414698e+05 -1.95988195e-01 
 1.68000000e+00  1.09400000e+03  1.85000000e+00 -1.11292290e-03  3.91540682e-01  6.55119762e-02  1.03960657e+02  7.81512424e+00  1.21414698e+05 -1.95988195e-01 
 1.69000000e+00  1.09400000e+03  1.85000000e+00 -1.11355907e-03  3.91540682e-01  6.55119762e-02  1.03960657e+02  7.81512424e+00  1.21414698e+05 -1.95988195e-01 
 1.70000000e+00  1.09400000e+03  1.85000000e+00 -1.11419226e-03  3.91540682e-01  6.55119762e-02  1.03960657e+02  7.81512424e+00  1.21414698e+05 -1.95988195e-01 
 1.71000000e+00  1.09400000e+03  1.85000000e+00 -1.11482255e-03  3.91540682e-01  6.55119762e-02  1.03960657e+02  7.81512424e+00  1.21414698e+05 -1.95988195e-01 
 1.72000000e+00  1.09400000e+03  1.85000000e+00 -1.11545006e-03  3.91540682e-01  6.55119762e-02  1.03960657e+02  7.81512424e+00  1.21414698e+05 -1.95988195e-01 
 1.73000000e+00  1.09400000e+03  1.85000000e+00 -1.11607489e-03  3.91540682e-01  6.55119762e-02  1.03960657e+02  7.81512424e+00  1.21414698e+05 -1.95988195e-01 
 1.74000000e+00  1.09400000e+03  1.85000000e+00 -1.11669714e-03  3.91540682e-01  6.55119762e-02  1.03960657e+02  7.81512424e+00  1.21414698e+05 -1.95988195e-01 
 1.75000000e+00  1.09400000e+03  1.85000000e+00 -1.11731692e-03  3.91540682e-01  6.55119762e-02  1.03960657e+02  7.81512424e+00  1.21414698e+05 -1.95988195e-01 
 1.76000000e+00  1.09400000e+03  1.85000000e+00 -1.11793437e-03  3.91540682e-01  6.55119762e-02  1.03960657e+02  7.81512424e+00  1.21414698e+05 -1.95988195e-01 
 1.77000000e+00  1.09400000e+03  1.85000000e+00 -1.11854958e-03  3.91540682e-01  6.55119762e-02  1.03960657e+02  7.81512424e+00  1.21414698e+05 -1.95988195e-01 
 1.78000000e+00  1.09400000e+03  1.85000000e+00 -1.11916270e-03  3.91540682e-01  6.55119762e-02  1.03960657e+02  7.81512424e+00  1.21414698e+05 -1.95988195e-01 
 1.79000000e+00  1.09400000e+03  1.85000000e+00 -1.11977385e-03  3.91540682e-01  6.55119762e-02  1.03960657e+02  7.81512424e+00  1.21414698e+05 -1.95988195e-01 
 1.80000000e+00  1.09400000e+03  1.85000000e+00 -1.12038318e-03  3.91540682e-01  6.55119762e-02  1.03960657e+02  7.81512424e+00  1.21414698e+05 -1.95988195e-01 
 1.81000000e+00  1.09400000e+03  1.85000000e+00 -1.12099083e-03  3.91540682e-01  6.55119762e-02  1.03960657e+02  7.81512424e+00  1.21414698e+05 -1.95988195e-01 
 1.82000000e+00  1.09400000e+03  1.85000000e+00 -1.12159696e-03  3.91540682e-01  6.55119762e-02  1.03960657e+02  7.81512424e+00  1.21414698e+05 -1.95988195e-01 
 1.83000000e+00  1.09400000e+03  1.85000000e+00 -1.12220172e-03  3.91540682e-01  6.55119762e-02  1.03960657e+02  7.81512424e+00  1.21414698e+05 -1.95988195e-01 
 1.84000000e+00  1.09400000e+03  1.85000000e+00 -1.12280529e-03  3.91540682e-01  6.55119762e-02  1.03960657e+02  7.81512424e+00  1.21414698e+05 -1.95988195e-01 
 1.85000000e+00  1.09400000e+03  1.85000000e+00 -1.12340785e-03  3.91540682e-01  6.55119762e-02  1.03960657e+02  7.81512424e+00  1.21414698e+05 -1.95988195e-01 
