 v-sweep         run_num         v(gate)         i(vds)          out_vth0        out_u0          out_rdsw        out_nfactor     out_vsat        out_eta0       
 0.00000000e+00  4.44000000e+03  1.85000000e+00 -3.38991022e-43  4.00901255e-01  6.79281683e-02  1.04925309e+02  8.51844166e+00  1.26007962e+05 -1.98154476e-01 
 1.00000000e-02  4.44000000e+03  1.85000000e+00 -4.45242743e-05  4.00901255e-01  6.79281683e-02  1.04925309e+02  8.51844166e+00  1.26007962e+05 -1.98154476e-01 
 2.00000000e-02  4.44000000e+03  1.85000000e+00 -8.80521867e-05  4.00901255e-01  6.79281683e-02  1.04925309e+02  8.51844166e+00  1.26007962e+05 -1.98154476e-01 
 3.00000000e-02  4.44000000e+03  1.85000000e+00 -1.30532746e-04  4.00901255e-01  6.79281683e-02  1.04925309e+02  8.51844166e+00  1.26007962e+05 -1.98154476e-01 
 4.00000000e-02  4.44000000e+03  1.85000000e+00 -1.71925486e-04  4.00901255e-01  6.79281683e-02  1.04925309e+02  8.51844166e+00  1.26007962e+05 -1.98154476e-01 
 5.00000000e-02  4.44000000e+03  1.85000000e+00 -2.12196936e-04  4.00901255e-01  6.79281683e-02  1.04925309e+02  8.51844166e+00  1.26007962e+05 -1.98154476e-01 
 6.00000000e-02  4.44000000e+03  1.85000000e+00 -2.51318431e-04  4.00901255e-01  6.79281683e-02  1.04925309e+02  8.51844166e+00  1.26007962e+05 -1.98154476e-01 
 7.00000000e-02  4.44000000e+03  1.85000000e+00 -2.89264759e-04  4.00901255e-01  6.79281683e-02  1.04925309e+02  8.51844166e+00  1.26007962e+05 -1.98154476e-01 
 8.00000000e-02  4.44000000e+03  1.85000000e+00 -3.26013364e-04  4.00901255e-01  6.79281683e-02  1.04925309e+02  8.51844166e+00  1.26007962e+05 -1.98154476e-01 
 9.00000000e-02  4.44000000e+03  1.85000000e+00 -3.61543944e-04  4.00901255e-01  6.79281683e-02  1.04925309e+02  8.51844166e+00  1.26007962e+05 -1.98154476e-01 
 1.00000000e-01  4.44000000e+03  1.85000000e+00 -3.95838348e-04  4.00901255e-01  6.79281683e-02  1.04925309e+02  8.51844166e+00  1.26007962e+05 -1.98154476e-01 
 1.10000000e-01  4.44000000e+03  1.85000000e+00 -4.28880701e-04  4.00901255e-01  6.79281683e-02  1.04925309e+02  8.51844166e+00  1.26007962e+05 -1.98154476e-01 
 1.20000000e-01  4.44000000e+03  1.85000000e+00 -4.60657720e-04  4.00901255e-01  6.79281683e-02  1.04925309e+02  8.51844166e+00  1.26007962e+05 -1.98154476e-01 
 1.30000000e-01  4.44000000e+03  1.85000000e+00 -4.91159164e-04  4.00901255e-01  6.79281683e-02  1.04925309e+02  8.51844166e+00  1.26007962e+05 -1.98154476e-01 
 1.40000000e-01  4.44000000e+03  1.85000000e+00 -5.20378377e-04  4.00901255e-01  6.79281683e-02  1.04925309e+02  8.51844166e+00  1.26007962e+05 -1.98154476e-01 
 1.50000000e-01  4.44000000e+03  1.85000000e+00 -5.48312876e-04  4.00901255e-01  6.79281683e-02  1.04925309e+02  8.51844166e+00  1.26007962e+05 -1.98154476e-01 
 1.60000000e-01  4.44000000e+03  1.85000000e+00 -5.74964937e-04  4.00901255e-01  6.79281683e-02  1.04925309e+02  8.51844166e+00  1.26007962e+05 -1.98154476e-01 
 1.70000000e-01  4.44000000e+03  1.85000000e+00 -6.00342107e-04  4.00901255e-01  6.79281683e-02  1.04925309e+02  8.51844166e+00  1.26007962e+05 -1.98154476e-01 
 1.80000000e-01  4.44000000e+03  1.85000000e+00 -6.24457603e-04  4.00901255e-01  6.79281683e-02  1.04925309e+02  8.51844166e+00  1.26007962e+05 -1.98154476e-01 
 1.90000000e-01  4.44000000e+03  1.85000000e+00 -6.47330547e-04  4.00901255e-01  6.79281683e-02  1.04925309e+02  8.51844166e+00  1.26007962e+05 -1.98154476e-01 
 2.00000000e-01  4.44000000e+03  1.85000000e+00 -6.68985997e-04  4.00901255e-01  6.79281683e-02  1.04925309e+02  8.51844166e+00  1.26007962e+05 -1.98154476e-01 
 2.10000000e-01  4.44000000e+03  1.85000000e+00 -6.89454766e-04  4.00901255e-01  6.79281683e-02  1.04925309e+02  8.51844166e+00  1.26007962e+05 -1.98154476e-01 
 2.20000000e-01  4.44000000e+03  1.85000000e+00 -7.08773022e-04  4.00901255e-01  6.79281683e-02  1.04925309e+02  8.51844166e+00  1.26007962e+05 -1.98154476e-01 
 2.30000000e-01  4.44000000e+03  1.85000000e+00 -7.26981703e-04  4.00901255e-01  6.79281683e-02  1.04925309e+02  8.51844166e+00  1.26007962e+05 -1.98154476e-01 
 2.40000000e-01  4.44000000e+03  1.85000000e+00 -7.44125773e-04  4.00901255e-01  6.79281683e-02  1.04925309e+02  8.51844166e+00  1.26007962e+05 -1.98154476e-01 
 2.50000000e-01  4.44000000e+03  1.85000000e+00 -7.60253377e-04  4.00901255e-01  6.79281683e-02  1.04925309e+02  8.51844166e+00  1.26007962e+05 -1.98154476e-01 
 2.60000000e-01  4.44000000e+03  1.85000000e+00 -7.75414946e-04  4.00901255e-01  6.79281683e-02  1.04925309e+02  8.51844166e+00  1.26007962e+05 -1.98154476e-01 
 2.70000000e-01  4.44000000e+03  1.85000000e+00 -7.89662301e-04  4.00901255e-01  6.79281683e-02  1.04925309e+02  8.51844166e+00  1.26007962e+05 -1.98154476e-01 
 2.80000000e-01  4.44000000e+03  1.85000000e+00 -8.03047808e-04  4.00901255e-01  6.79281683e-02  1.04925309e+02  8.51844166e+00  1.26007962e+05 -1.98154476e-01 
 2.90000000e-01  4.44000000e+03  1.85000000e+00 -8.15623610e-04  4.00901255e-01  6.79281683e-02  1.04925309e+02  8.51844166e+00  1.26007962e+05 -1.98154476e-01 
 3.00000000e-01  4.44000000e+03  1.85000000e+00 -8.27440964e-04  4.00901255e-01  6.79281683e-02  1.04925309e+02  8.51844166e+00  1.26007962e+05 -1.98154476e-01 
 3.10000000e-01  4.44000000e+03  1.85000000e+00 -8.38549695e-04  4.00901255e-01  6.79281683e-02  1.04925309e+02  8.51844166e+00  1.26007962e+05 -1.98154476e-01 
 3.20000000e-01  4.44000000e+03  1.85000000e+00 -8.48997766e-04  4.00901255e-01  6.79281683e-02  1.04925309e+02  8.51844166e+00  1.26007962e+05 -1.98154476e-01 
 3.30000000e-01  4.44000000e+03  1.85000000e+00 -8.58830960e-04  4.00901255e-01  6.79281683e-02  1.04925309e+02  8.51844166e+00  1.26007962e+05 -1.98154476e-01 
 3.40000000e-01  4.44000000e+03  1.85000000e+00 -8.68092666e-04  4.00901255e-01  6.79281683e-02  1.04925309e+02  8.51844166e+00  1.26007962e+05 -1.98154476e-01 
 3.50000000e-01  4.44000000e+03  1.85000000e+00 -8.76823756e-04  4.00901255e-01  6.79281683e-02  1.04925309e+02  8.51844166e+00  1.26007962e+05 -1.98154476e-01 
 3.60000000e-01  4.44000000e+03  1.85000000e+00 -8.85062524e-04  4.00901255e-01  6.79281683e-02  1.04925309e+02  8.51844166e+00  1.26007962e+05 -1.98154476e-01 
 3.70000000e-01  4.44000000e+03  1.85000000e+00 -8.92844700e-04  4.00901255e-01  6.79281683e-02  1.04925309e+02  8.51844166e+00  1.26007962e+05 -1.98154476e-01 
 3.80000000e-01  4.44000000e+03  1.85000000e+00 -9.00203501e-04  4.00901255e-01  6.79281683e-02  1.04925309e+02  8.51844166e+00  1.26007962e+05 -1.98154476e-01 
 3.90000000e-01  4.44000000e+03  1.85000000e+00 -9.07169714e-04  4.00901255e-01  6.79281683e-02  1.04925309e+02  8.51844166e+00  1.26007962e+05 -1.98154476e-01 
 4.00000000e-01  4.44000000e+03  1.85000000e+00 -9.13771811e-04  4.00901255e-01  6.79281683e-02  1.04925309e+02  8.51844166e+00  1.26007962e+05 -1.98154476e-01 
 4.10000000e-01  4.44000000e+03  1.85000000e+00 -9.20036071e-04  4.00901255e-01  6.79281683e-02  1.04925309e+02  8.51844166e+00  1.26007962e+05 -1.98154476e-01 
 4.20000000e-01  4.44000000e+03  1.85000000e+00 -9.25986717e-04  4.00901255e-01  6.79281683e-02  1.04925309e+02  8.51844166e+00  1.26007962e+05 -1.98154476e-01 
 4.30000000e-01  4.44000000e+03  1.85000000e+00 -9.31646052e-04  4.00901255e-01  6.79281683e-02  1.04925309e+02  8.51844166e+00  1.26007962e+05 -1.98154476e-01 
 4.40000000e-01  4.44000000e+03  1.85000000e+00 -9.37034597e-04  4.00901255e-01  6.79281683e-02  1.04925309e+02  8.51844166e+00  1.26007962e+05 -1.98154476e-01 
 4.50000000e-01  4.44000000e+03  1.85000000e+00 -9.42171227e-04  4.00901255e-01  6.79281683e-02  1.04925309e+02  8.51844166e+00  1.26007962e+05 -1.98154476e-01 
 4.60000000e-01  4.44000000e+03  1.85000000e+00 -9.47073298e-04  4.00901255e-01  6.79281683e-02  1.04925309e+02  8.51844166e+00  1.26007962e+05 -1.98154476e-01 
 4.70000000e-01  4.44000000e+03  1.85000000e+00 -9.51756771e-04  4.00901255e-01  6.79281683e-02  1.04925309e+02  8.51844166e+00  1.26007962e+05 -1.98154476e-01 
 4.80000000e-01  4.44000000e+03  1.85000000e+00 -9.56236325e-04  4.00901255e-01  6.79281683e-02  1.04925309e+02  8.51844166e+00  1.26007962e+05 -1.98154476e-01 
 4.90000000e-01  4.44000000e+03  1.85000000e+00 -9.60525466e-04  4.00901255e-01  6.79281683e-02  1.04925309e+02  8.51844166e+00  1.26007962e+05 -1.98154476e-01 
 5.00000000e-01  4.44000000e+03  1.85000000e+00 -9.64636628e-04  4.00901255e-01  6.79281683e-02  1.04925309e+02  8.51844166e+00  1.26007962e+05 -1.98154476e-01 
 5.10000000e-01  4.44000000e+03  1.85000000e+00 -9.68581261e-04  4.00901255e-01  6.79281683e-02  1.04925309e+02  8.51844166e+00  1.26007962e+05 -1.98154476e-01 
 5.20000000e-01  4.44000000e+03  1.85000000e+00 -9.72369921e-04  4.00901255e-01  6.79281683e-02  1.04925309e+02  8.51844166e+00  1.26007962e+05 -1.98154476e-01 
 5.30000000e-01  4.44000000e+03  1.85000000e+00 -9.76012342e-04  4.00901255e-01  6.79281683e-02  1.04925309e+02  8.51844166e+00  1.26007962e+05 -1.98154476e-01 
 5.40000000e-01  4.44000000e+03  1.85000000e+00 -9.79517509e-04  4.00901255e-01  6.79281683e-02  1.04925309e+02  8.51844166e+00  1.26007962e+05 -1.98154476e-01 
 5.50000000e-01  4.44000000e+03  1.85000000e+00 -9.82893724e-04  4.00901255e-01  6.79281683e-02  1.04925309e+02  8.51844166e+00  1.26007962e+05 -1.98154476e-01 
 5.60000000e-01  4.44000000e+03  1.85000000e+00 -9.86148663e-04  4.00901255e-01  6.79281683e-02  1.04925309e+02  8.51844166e+00  1.26007962e+05 -1.98154476e-01 
 5.70000000e-01  4.44000000e+03  1.85000000e+00 -9.89289431e-04  4.00901255e-01  6.79281683e-02  1.04925309e+02  8.51844166e+00  1.26007962e+05 -1.98154476e-01 
 5.80000000e-01  4.44000000e+03  1.85000000e+00 -9.92322608e-04  4.00901255e-01  6.79281683e-02  1.04925309e+02  8.51844166e+00  1.26007962e+05 -1.98154476e-01 
 5.90000000e-01  4.44000000e+03  1.85000000e+00 -9.95254298e-04  4.00901255e-01  6.79281683e-02  1.04925309e+02  8.51844166e+00  1.26007962e+05 -1.98154476e-01 
 6.00000000e-01  4.44000000e+03  1.85000000e+00 -9.98090164e-04  4.00901255e-01  6.79281683e-02  1.04925309e+02  8.51844166e+00  1.26007962e+05 -1.98154476e-01 
 6.10000000e-01  4.44000000e+03  1.85000000e+00 -1.00083547e-03  4.00901255e-01  6.79281683e-02  1.04925309e+02  8.51844166e+00  1.26007962e+05 -1.98154476e-01 
 6.20000000e-01  4.44000000e+03  1.85000000e+00 -1.00349510e-03  4.00901255e-01  6.79281683e-02  1.04925309e+02  8.51844166e+00  1.26007962e+05 -1.98154476e-01 
 6.30000000e-01  4.44000000e+03  1.85000000e+00 -1.00607363e-03  4.00901255e-01  6.79281683e-02  1.04925309e+02  8.51844166e+00  1.26007962e+05 -1.98154476e-01 
 6.40000000e-01  4.44000000e+03  1.85000000e+00 -1.00857528e-03  4.00901255e-01  6.79281683e-02  1.04925309e+02  8.51844166e+00  1.26007962e+05 -1.98154476e-01 
 6.50000000e-01  4.44000000e+03  1.85000000e+00 -1.01100403e-03  4.00901255e-01  6.79281683e-02  1.04925309e+02  8.51844166e+00  1.26007962e+05 -1.98154476e-01 
 6.60000000e-01  4.44000000e+03  1.85000000e+00 -1.01336356e-03  4.00901255e-01  6.79281683e-02  1.04925309e+02  8.51844166e+00  1.26007962e+05 -1.98154476e-01 
 6.70000000e-01  4.44000000e+03  1.85000000e+00 -1.01565733e-03  4.00901255e-01  6.79281683e-02  1.04925309e+02  8.51844166e+00  1.26007962e+05 -1.98154476e-01 
 6.80000000e-01  4.44000000e+03  1.85000000e+00 -1.01788856e-03  4.00901255e-01  6.79281683e-02  1.04925309e+02  8.51844166e+00  1.26007962e+05 -1.98154476e-01 
 6.90000000e-01  4.44000000e+03  1.85000000e+00 -1.02006029e-03  4.00901255e-01  6.79281683e-02  1.04925309e+02  8.51844166e+00  1.26007962e+05 -1.98154476e-01 
 7.00000000e-01  4.44000000e+03  1.85000000e+00 -1.02217534e-03  4.00901255e-01  6.79281683e-02  1.04925309e+02  8.51844166e+00  1.26007962e+05 -1.98154476e-01 
 7.10000000e-01  4.44000000e+03  1.85000000e+00 -1.02423636e-03  4.00901255e-01  6.79281683e-02  1.04925309e+02  8.51844166e+00  1.26007962e+05 -1.98154476e-01 
 7.20000000e-01  4.44000000e+03  1.85000000e+00 -1.02624586e-03  4.00901255e-01  6.79281683e-02  1.04925309e+02  8.51844166e+00  1.26007962e+05 -1.98154476e-01 
 7.30000000e-01  4.44000000e+03  1.85000000e+00 -1.02820618e-03  4.00901255e-01  6.79281683e-02  1.04925309e+02  8.51844166e+00  1.26007962e+05 -1.98154476e-01 
 7.40000000e-01  4.44000000e+03  1.85000000e+00 -1.03011952e-03  4.00901255e-01  6.79281683e-02  1.04925309e+02  8.51844166e+00  1.26007962e+05 -1.98154476e-01 
 7.50000000e-01  4.44000000e+03  1.85000000e+00 -1.03198795e-03  4.00901255e-01  6.79281683e-02  1.04925309e+02  8.51844166e+00  1.26007962e+05 -1.98154476e-01 
 7.60000000e-01  4.44000000e+03  1.85000000e+00 -1.03381342e-03  4.00901255e-01  6.79281683e-02  1.04925309e+02  8.51844166e+00  1.26007962e+05 -1.98154476e-01 
 7.70000000e-01  4.44000000e+03  1.85000000e+00 -1.03559778e-03  4.00901255e-01  6.79281683e-02  1.04925309e+02  8.51844166e+00  1.26007962e+05 -1.98154476e-01 
 7.80000000e-01  4.44000000e+03  1.85000000e+00 -1.03734275e-03  4.00901255e-01  6.79281683e-02  1.04925309e+02  8.51844166e+00  1.26007962e+05 -1.98154476e-01 
 7.90000000e-01  4.44000000e+03  1.85000000e+00 -1.03904999e-03  4.00901255e-01  6.79281683e-02  1.04925309e+02  8.51844166e+00  1.26007962e+05 -1.98154476e-01 
 8.00000000e-01  4.44000000e+03  1.85000000e+00 -1.04072103e-03  4.00901255e-01  6.79281683e-02  1.04925309e+02  8.51844166e+00  1.26007962e+05 -1.98154476e-01 
 8.10000000e-01  4.44000000e+03  1.85000000e+00 -1.04235735e-03  4.00901255e-01  6.79281683e-02  1.04925309e+02  8.51844166e+00  1.26007962e+05 -1.98154476e-01 
 8.20000000e-01  4.44000000e+03  1.85000000e+00 -1.04396032e-03  4.00901255e-01  6.79281683e-02  1.04925309e+02  8.51844166e+00  1.26007962e+05 -1.98154476e-01 
 8.30000000e-01  4.44000000e+03  1.85000000e+00 -1.04553126e-03  4.00901255e-01  6.79281683e-02  1.04925309e+02  8.51844166e+00  1.26007962e+05 -1.98154476e-01 
 8.40000000e-01  4.44000000e+03  1.85000000e+00 -1.04707142e-03  4.00901255e-01  6.79281683e-02  1.04925309e+02  8.51844166e+00  1.26007962e+05 -1.98154476e-01 
 8.50000000e-01  4.44000000e+03  1.85000000e+00 -1.04858196e-03  4.00901255e-01  6.79281683e-02  1.04925309e+02  8.51844166e+00  1.26007962e+05 -1.98154476e-01 
 8.60000000e-01  4.44000000e+03  1.85000000e+00 -1.05006401e-03  4.00901255e-01  6.79281683e-02  1.04925309e+02  8.51844166e+00  1.26007962e+05 -1.98154476e-01 
 8.70000000e-01  4.44000000e+03  1.85000000e+00 -1.05151862e-03  4.00901255e-01  6.79281683e-02  1.04925309e+02  8.51844166e+00  1.26007962e+05 -1.98154476e-01 
 8.80000000e-01  4.44000000e+03  1.85000000e+00 -1.05294682e-03  4.00901255e-01  6.79281683e-02  1.04925309e+02  8.51844166e+00  1.26007962e+05 -1.98154476e-01 
 8.90000000e-01  4.44000000e+03  1.85000000e+00 -1.05434955e-03  4.00901255e-01  6.79281683e-02  1.04925309e+02  8.51844166e+00  1.26007962e+05 -1.98154476e-01 
 9.00000000e-01  4.44000000e+03  1.85000000e+00 -1.05572773e-03  4.00901255e-01  6.79281683e-02  1.04925309e+02  8.51844166e+00  1.26007962e+05 -1.98154476e-01 
 9.10000000e-01  4.44000000e+03  1.85000000e+00 -1.05708223e-03  4.00901255e-01  6.79281683e-02  1.04925309e+02  8.51844166e+00  1.26007962e+05 -1.98154476e-01 
 9.20000000e-01  4.44000000e+03  1.85000000e+00 -1.05841387e-03  4.00901255e-01  6.79281683e-02  1.04925309e+02  8.51844166e+00  1.26007962e+05 -1.98154476e-01 
 9.30000000e-01  4.44000000e+03  1.85000000e+00 -1.05972344e-03  4.00901255e-01  6.79281683e-02  1.04925309e+02  8.51844166e+00  1.26007962e+05 -1.98154476e-01 
 9.40000000e-01  4.44000000e+03  1.85000000e+00 -1.06101170e-03  4.00901255e-01  6.79281683e-02  1.04925309e+02  8.51844166e+00  1.26007962e+05 -1.98154476e-01 
 9.50000000e-01  4.44000000e+03  1.85000000e+00 -1.06227935e-03  4.00901255e-01  6.79281683e-02  1.04925309e+02  8.51844166e+00  1.26007962e+05 -1.98154476e-01 
 9.60000000e-01  4.44000000e+03  1.85000000e+00 -1.06352709e-03  4.00901255e-01  6.79281683e-02  1.04925309e+02  8.51844166e+00  1.26007962e+05 -1.98154476e-01 
 9.70000000e-01  4.44000000e+03  1.85000000e+00 -1.06475556e-03  4.00901255e-01  6.79281683e-02  1.04925309e+02  8.51844166e+00  1.26007962e+05 -1.98154476e-01 
 9.80000000e-01  4.44000000e+03  1.85000000e+00 -1.06596539e-03  4.00901255e-01  6.79281683e-02  1.04925309e+02  8.51844166e+00  1.26007962e+05 -1.98154476e-01 
 9.90000000e-01  4.44000000e+03  1.85000000e+00 -1.06715718e-03  4.00901255e-01  6.79281683e-02  1.04925309e+02  8.51844166e+00  1.26007962e+05 -1.98154476e-01 
 1.00000000e+00  4.44000000e+03  1.85000000e+00 -1.06833150e-03  4.00901255e-01  6.79281683e-02  1.04925309e+02  8.51844166e+00  1.26007962e+05 -1.98154476e-01 
 1.01000000e+00  4.44000000e+03  1.85000000e+00 -1.06948890e-03  4.00901255e-01  6.79281683e-02  1.04925309e+02  8.51844166e+00  1.26007962e+05 -1.98154476e-01 
 1.02000000e+00  4.44000000e+03  1.85000000e+00 -1.07062989e-03  4.00901255e-01  6.79281683e-02  1.04925309e+02  8.51844166e+00  1.26007962e+05 -1.98154476e-01 
 1.03000000e+00  4.44000000e+03  1.85000000e+00 -1.07175499e-03  4.00901255e-01  6.79281683e-02  1.04925309e+02  8.51844166e+00  1.26007962e+05 -1.98154476e-01 
 1.04000000e+00  4.44000000e+03  1.85000000e+00 -1.07286466e-03  4.00901255e-01  6.79281683e-02  1.04925309e+02  8.51844166e+00  1.26007962e+05 -1.98154476e-01 
 1.05000000e+00  4.44000000e+03  1.85000000e+00 -1.07395938e-03  4.00901255e-01  6.79281683e-02  1.04925309e+02  8.51844166e+00  1.26007962e+05 -1.98154476e-01 
 1.06000000e+00  4.44000000e+03  1.85000000e+00 -1.07503958e-03  4.00901255e-01  6.79281683e-02  1.04925309e+02  8.51844166e+00  1.26007962e+05 -1.98154476e-01 
 1.07000000e+00  4.44000000e+03  1.85000000e+00 -1.07610568e-03  4.00901255e-01  6.79281683e-02  1.04925309e+02  8.51844166e+00  1.26007962e+05 -1.98154476e-01 
 1.08000000e+00  4.44000000e+03  1.85000000e+00 -1.07715810e-03  4.00901255e-01  6.79281683e-02  1.04925309e+02  8.51844166e+00  1.26007962e+05 -1.98154476e-01 
 1.09000000e+00  4.44000000e+03  1.85000000e+00 -1.07819723e-03  4.00901255e-01  6.79281683e-02  1.04925309e+02  8.51844166e+00  1.26007962e+05 -1.98154476e-01 
 1.10000000e+00  4.44000000e+03  1.85000000e+00 -1.07922344e-03  4.00901255e-01  6.79281683e-02  1.04925309e+02  8.51844166e+00  1.26007962e+05 -1.98154476e-01 
 1.11000000e+00  4.44000000e+03  1.85000000e+00 -1.08023709e-03  4.00901255e-01  6.79281683e-02  1.04925309e+02  8.51844166e+00  1.26007962e+05 -1.98154476e-01 
 1.12000000e+00  4.44000000e+03  1.85000000e+00 -1.08123853e-03  4.00901255e-01  6.79281683e-02  1.04925309e+02  8.51844166e+00  1.26007962e+05 -1.98154476e-01 
 1.13000000e+00  4.44000000e+03  1.85000000e+00 -1.08222809e-03  4.00901255e-01  6.79281683e-02  1.04925309e+02  8.51844166e+00  1.26007962e+05 -1.98154476e-01 
 1.14000000e+00  4.44000000e+03  1.85000000e+00 -1.08320610e-03  4.00901255e-01  6.79281683e-02  1.04925309e+02  8.51844166e+00  1.26007962e+05 -1.98154476e-01 
 1.15000000e+00  4.44000000e+03  1.85000000e+00 -1.08417287e-03  4.00901255e-01  6.79281683e-02  1.04925309e+02  8.51844166e+00  1.26007962e+05 -1.98154476e-01 
 1.16000000e+00  4.44000000e+03  1.85000000e+00 -1.08512869e-03  4.00901255e-01  6.79281683e-02  1.04925309e+02  8.51844166e+00  1.26007962e+05 -1.98154476e-01 
 1.17000000e+00  4.44000000e+03  1.85000000e+00 -1.08607386e-03  4.00901255e-01  6.79281683e-02  1.04925309e+02  8.51844166e+00  1.26007962e+05 -1.98154476e-01 
 1.18000000e+00  4.44000000e+03  1.85000000e+00 -1.08700864e-03  4.00901255e-01  6.79281683e-02  1.04925309e+02  8.51844166e+00  1.26007962e+05 -1.98154476e-01 
 1.19000000e+00  4.44000000e+03  1.85000000e+00 -1.08793331e-03  4.00901255e-01  6.79281683e-02  1.04925309e+02  8.51844166e+00  1.26007962e+05 -1.98154476e-01 
 1.20000000e+00  4.44000000e+03  1.85000000e+00 -1.08884813e-03  4.00901255e-01  6.79281683e-02  1.04925309e+02  8.51844166e+00  1.26007962e+05 -1.98154476e-01 
 1.21000000e+00  4.44000000e+03  1.85000000e+00 -1.08975334e-03  4.00901255e-01  6.79281683e-02  1.04925309e+02  8.51844166e+00  1.26007962e+05 -1.98154476e-01 
 1.22000000e+00  4.44000000e+03  1.85000000e+00 -1.09064918e-03  4.00901255e-01  6.79281683e-02  1.04925309e+02  8.51844166e+00  1.26007962e+05 -1.98154476e-01 
 1.23000000e+00  4.44000000e+03  1.85000000e+00 -1.09153589e-03  4.00901255e-01  6.79281683e-02  1.04925309e+02  8.51844166e+00  1.26007962e+05 -1.98154476e-01 
 1.24000000e+00  4.44000000e+03  1.85000000e+00 -1.09241369e-03  4.00901255e-01  6.79281683e-02  1.04925309e+02  8.51844166e+00  1.26007962e+05 -1.98154476e-01 
 1.25000000e+00  4.44000000e+03  1.85000000e+00 -1.09328279e-03  4.00901255e-01  6.79281683e-02  1.04925309e+02  8.51844166e+00  1.26007962e+05 -1.98154476e-01 
 1.26000000e+00  4.44000000e+03  1.85000000e+00 -1.09414341e-03  4.00901255e-01  6.79281683e-02  1.04925309e+02  8.51844166e+00  1.26007962e+05 -1.98154476e-01 
 1.27000000e+00  4.44000000e+03  1.85000000e+00 -1.09499575e-03  4.00901255e-01  6.79281683e-02  1.04925309e+02  8.51844166e+00  1.26007962e+05 -1.98154476e-01 
 1.28000000e+00  4.44000000e+03  1.85000000e+00 -1.09584000e-03  4.00901255e-01  6.79281683e-02  1.04925309e+02  8.51844166e+00  1.26007962e+05 -1.98154476e-01 
 1.29000000e+00  4.44000000e+03  1.85000000e+00 -1.09667635e-03  4.00901255e-01  6.79281683e-02  1.04925309e+02  8.51844166e+00  1.26007962e+05 -1.98154476e-01 
 1.30000000e+00  4.44000000e+03  1.85000000e+00 -1.09750499e-03  4.00901255e-01  6.79281683e-02  1.04925309e+02  8.51844166e+00  1.26007962e+05 -1.98154476e-01 
 1.31000000e+00  4.44000000e+03  1.85000000e+00 -1.09832609e-03  4.00901255e-01  6.79281683e-02  1.04925309e+02  8.51844166e+00  1.26007962e+05 -1.98154476e-01 
 1.32000000e+00  4.44000000e+03  1.85000000e+00 -1.09913982e-03  4.00901255e-01  6.79281683e-02  1.04925309e+02  8.51844166e+00  1.26007962e+05 -1.98154476e-01 
 1.33000000e+00  4.44000000e+03  1.85000000e+00 -1.09994636e-03  4.00901255e-01  6.79281683e-02  1.04925309e+02  8.51844166e+00  1.26007962e+05 -1.98154476e-01 
 1.34000000e+00  4.44000000e+03  1.85000000e+00 -1.10074586e-03  4.00901255e-01  6.79281683e-02  1.04925309e+02  8.51844166e+00  1.26007962e+05 -1.98154476e-01 
 1.35000000e+00  4.44000000e+03  1.85000000e+00 -1.10153848e-03  4.00901255e-01  6.79281683e-02  1.04925309e+02  8.51844166e+00  1.26007962e+05 -1.98154476e-01 
 1.36000000e+00  4.44000000e+03  1.85000000e+00 -1.10232437e-03  4.00901255e-01  6.79281683e-02  1.04925309e+02  8.51844166e+00  1.26007962e+05 -1.98154476e-01 
 1.37000000e+00  4.44000000e+03  1.85000000e+00 -1.10310368e-03  4.00901255e-01  6.79281683e-02  1.04925309e+02  8.51844166e+00  1.26007962e+05 -1.98154476e-01 
 1.38000000e+00  4.44000000e+03  1.85000000e+00 -1.10387655e-03  4.00901255e-01  6.79281683e-02  1.04925309e+02  8.51844166e+00  1.26007962e+05 -1.98154476e-01 
 1.39000000e+00  4.44000000e+03  1.85000000e+00 -1.10464312e-03  4.00901255e-01  6.79281683e-02  1.04925309e+02  8.51844166e+00  1.26007962e+05 -1.98154476e-01 
 1.40000000e+00  4.44000000e+03  1.85000000e+00 -1.10540353e-03  4.00901255e-01  6.79281683e-02  1.04925309e+02  8.51844166e+00  1.26007962e+05 -1.98154476e-01 
 1.41000000e+00  4.44000000e+03  1.85000000e+00 -1.10615790e-03  4.00901255e-01  6.79281683e-02  1.04925309e+02  8.51844166e+00  1.26007962e+05 -1.98154476e-01 
 1.42000000e+00  4.44000000e+03  1.85000000e+00 -1.10690636e-03  4.00901255e-01  6.79281683e-02  1.04925309e+02  8.51844166e+00  1.26007962e+05 -1.98154476e-01 
 1.43000000e+00  4.44000000e+03  1.85000000e+00 -1.10764904e-03  4.00901255e-01  6.79281683e-02  1.04925309e+02  8.51844166e+00  1.26007962e+05 -1.98154476e-01 
 1.44000000e+00  4.44000000e+03  1.85000000e+00 -1.10838606e-03  4.00901255e-01  6.79281683e-02  1.04925309e+02  8.51844166e+00  1.26007962e+05 -1.98154476e-01 
 1.45000000e+00  4.44000000e+03  1.85000000e+00 -1.10911753e-03  4.00901255e-01  6.79281683e-02  1.04925309e+02  8.51844166e+00  1.26007962e+05 -1.98154476e-01 
 1.46000000e+00  4.44000000e+03  1.85000000e+00 -1.10984357e-03  4.00901255e-01  6.79281683e-02  1.04925309e+02  8.51844166e+00  1.26007962e+05 -1.98154476e-01 
 1.47000000e+00  4.44000000e+03  1.85000000e+00 -1.11056429e-03  4.00901255e-01  6.79281683e-02  1.04925309e+02  8.51844166e+00  1.26007962e+05 -1.98154476e-01 
 1.48000000e+00  4.44000000e+03  1.85000000e+00 -1.11127981e-03  4.00901255e-01  6.79281683e-02  1.04925309e+02  8.51844166e+00  1.26007962e+05 -1.98154476e-01 
 1.49000000e+00  4.44000000e+03  1.85000000e+00 -1.11199022e-03  4.00901255e-01  6.79281683e-02  1.04925309e+02  8.51844166e+00  1.26007962e+05 -1.98154476e-01 
 1.50000000e+00  4.44000000e+03  1.85000000e+00 -1.11269563e-03  4.00901255e-01  6.79281683e-02  1.04925309e+02  8.51844166e+00  1.26007962e+05 -1.98154476e-01 
 1.51000000e+00  4.44000000e+03  1.85000000e+00 -1.11339615e-03  4.00901255e-01  6.79281683e-02  1.04925309e+02  8.51844166e+00  1.26007962e+05 -1.98154476e-01 
 1.52000000e+00  4.44000000e+03  1.85000000e+00 -1.11409187e-03  4.00901255e-01  6.79281683e-02  1.04925309e+02  8.51844166e+00  1.26007962e+05 -1.98154476e-01 
 1.53000000e+00  4.44000000e+03  1.85000000e+00 -1.11478290e-03  4.00901255e-01  6.79281683e-02  1.04925309e+02  8.51844166e+00  1.26007962e+05 -1.98154476e-01 
 1.54000000e+00  4.44000000e+03  1.85000000e+00 -1.11546933e-03  4.00901255e-01  6.79281683e-02  1.04925309e+02  8.51844166e+00  1.26007962e+05 -1.98154476e-01 
 1.55000000e+00  4.44000000e+03  1.85000000e+00 -1.11615125e-03  4.00901255e-01  6.79281683e-02  1.04925309e+02  8.51844166e+00  1.26007962e+05 -1.98154476e-01 
 1.56000000e+00  4.44000000e+03  1.85000000e+00 -1.11682876e-03  4.00901255e-01  6.79281683e-02  1.04925309e+02  8.51844166e+00  1.26007962e+05 -1.98154476e-01 
 1.57000000e+00  4.44000000e+03  1.85000000e+00 -1.11750195e-03  4.00901255e-01  6.79281683e-02  1.04925309e+02  8.51844166e+00  1.26007962e+05 -1.98154476e-01 
 1.58000000e+00  4.44000000e+03  1.85000000e+00 -1.11817093e-03  4.00901255e-01  6.79281683e-02  1.04925309e+02  8.51844166e+00  1.26007962e+05 -1.98154476e-01 
 1.59000000e+00  4.44000000e+03  1.85000000e+00 -1.11883576e-03  4.00901255e-01  6.79281683e-02  1.04925309e+02  8.51844166e+00  1.26007962e+05 -1.98154476e-01 
 1.60000000e+00  4.44000000e+03  1.85000000e+00 -1.11949656e-03  4.00901255e-01  6.79281683e-02  1.04925309e+02  8.51844166e+00  1.26007962e+05 -1.98154476e-01 
 1.61000000e+00  4.44000000e+03  1.85000000e+00 -1.12015340e-03  4.00901255e-01  6.79281683e-02  1.04925309e+02  8.51844166e+00  1.26007962e+05 -1.98154476e-01 
 1.62000000e+00  4.44000000e+03  1.85000000e+00 -1.12080639e-03  4.00901255e-01  6.79281683e-02  1.04925309e+02  8.51844166e+00  1.26007962e+05 -1.98154476e-01 
 1.63000000e+00  4.44000000e+03  1.85000000e+00 -1.12145560e-03  4.00901255e-01  6.79281683e-02  1.04925309e+02  8.51844166e+00  1.26007962e+05 -1.98154476e-01 
 1.64000000e+00  4.44000000e+03  1.85000000e+00 -1.12210114e-03  4.00901255e-01  6.79281683e-02  1.04925309e+02  8.51844166e+00  1.26007962e+05 -1.98154476e-01 
 1.65000000e+00  4.44000000e+03  1.85000000e+00 -1.12274309e-03  4.00901255e-01  6.79281683e-02  1.04925309e+02  8.51844166e+00  1.26007962e+05 -1.98154476e-01 
 1.66000000e+00  4.44000000e+03  1.85000000e+00 -1.12338155e-03  4.00901255e-01  6.79281683e-02  1.04925309e+02  8.51844166e+00  1.26007962e+05 -1.98154476e-01 
 1.67000000e+00  4.44000000e+03  1.85000000e+00 -1.12401661e-03  4.00901255e-01  6.79281683e-02  1.04925309e+02  8.51844166e+00  1.26007962e+05 -1.98154476e-01 
 1.68000000e+00  4.44000000e+03  1.85000000e+00 -1.12464837e-03  4.00901255e-01  6.79281683e-02  1.04925309e+02  8.51844166e+00  1.26007962e+05 -1.98154476e-01 
 1.69000000e+00  4.44000000e+03  1.85000000e+00 -1.12527693e-03  4.00901255e-01  6.79281683e-02  1.04925309e+02  8.51844166e+00  1.26007962e+05 -1.98154476e-01 
 1.70000000e+00  4.44000000e+03  1.85000000e+00 -1.12590239e-03  4.00901255e-01  6.79281683e-02  1.04925309e+02  8.51844166e+00  1.26007962e+05 -1.98154476e-01 
 1.71000000e+00  4.44000000e+03  1.85000000e+00 -1.12652485e-03  4.00901255e-01  6.79281683e-02  1.04925309e+02  8.51844166e+00  1.26007962e+05 -1.98154476e-01 
 1.72000000e+00  4.44000000e+03  1.85000000e+00 -1.12714441e-03  4.00901255e-01  6.79281683e-02  1.04925309e+02  8.51844166e+00  1.26007962e+05 -1.98154476e-01 
 1.73000000e+00  4.44000000e+03  1.85000000e+00 -1.12776119e-03  4.00901255e-01  6.79281683e-02  1.04925309e+02  8.51844166e+00  1.26007962e+05 -1.98154476e-01 
 1.74000000e+00  4.44000000e+03  1.85000000e+00 -1.12837530e-03  4.00901255e-01  6.79281683e-02  1.04925309e+02  8.51844166e+00  1.26007962e+05 -1.98154476e-01 
 1.75000000e+00  4.44000000e+03  1.85000000e+00 -1.12898685e-03  4.00901255e-01  6.79281683e-02  1.04925309e+02  8.51844166e+00  1.26007962e+05 -1.98154476e-01 
 1.76000000e+00  4.44000000e+03  1.85000000e+00 -1.12959597e-03  4.00901255e-01  6.79281683e-02  1.04925309e+02  8.51844166e+00  1.26007962e+05 -1.98154476e-01 
 1.77000000e+00  4.44000000e+03  1.85000000e+00 -1.13020279e-03  4.00901255e-01  6.79281683e-02  1.04925309e+02  8.51844166e+00  1.26007962e+05 -1.98154476e-01 
 1.78000000e+00  4.44000000e+03  1.85000000e+00 -1.13080744e-03  4.00901255e-01  6.79281683e-02  1.04925309e+02  8.51844166e+00  1.26007962e+05 -1.98154476e-01 
 1.79000000e+00  4.44000000e+03  1.85000000e+00 -1.13141006e-03  4.00901255e-01  6.79281683e-02  1.04925309e+02  8.51844166e+00  1.26007962e+05 -1.98154476e-01 
 1.80000000e+00  4.44000000e+03  1.85000000e+00 -1.13201079e-03  4.00901255e-01  6.79281683e-02  1.04925309e+02  8.51844166e+00  1.26007962e+05 -1.98154476e-01 
 1.81000000e+00  4.44000000e+03  1.85000000e+00 -1.13260978e-03  4.00901255e-01  6.79281683e-02  1.04925309e+02  8.51844166e+00  1.26007962e+05 -1.98154476e-01 
 1.82000000e+00  4.44000000e+03  1.85000000e+00 -1.13320720e-03  4.00901255e-01  6.79281683e-02  1.04925309e+02  8.51844166e+00  1.26007962e+05 -1.98154476e-01 
 1.83000000e+00  4.44000000e+03  1.85000000e+00 -1.13380322e-03  4.00901255e-01  6.79281683e-02  1.04925309e+02  8.51844166e+00  1.26007962e+05 -1.98154476e-01 
 1.84000000e+00  4.44000000e+03  1.85000000e+00 -1.13439801e-03  4.00901255e-01  6.79281683e-02  1.04925309e+02  8.51844166e+00  1.26007962e+05 -1.98154476e-01 
 1.85000000e+00  4.44000000e+03  1.85000000e+00 -1.13499177e-03  4.00901255e-01  6.79281683e-02  1.04925309e+02  8.51844166e+00  1.26007962e+05 -1.98154476e-01 
