 v-sweep         run_num         v(gate)         i(vds)          out_vth0        out_u0          out_rdsw        out_nfactor     out_vsat        out_eta0       
 0.00000000e+00  2.56400000e+03  1.85000000e+00  2.47099134e-43  3.90669727e-01  6.52871614e-02  1.03870900e+02  7.74968400e+00  1.20987318e+05 -1.95786633e-01 
 1.00000000e-02  2.56400000e+03  1.85000000e+00 -4.36358783e-05  3.90669727e-01  6.52871614e-02  1.03870900e+02  7.74968400e+00  1.20987318e+05 -1.95786633e-01 
 2.00000000e-02  2.56400000e+03  1.85000000e+00 -8.63067669e-05  3.90669727e-01  6.52871614e-02  1.03870900e+02  7.74968400e+00  1.20987318e+05 -1.95786633e-01 
 3.00000000e-02  2.56400000e+03  1.85000000e+00 -1.27972687e-04  3.90669727e-01  6.52871614e-02  1.03870900e+02  7.74968400e+00  1.20987318e+05 -1.95786633e-01 
 4.00000000e-02  2.56400000e+03  1.85000000e+00 -1.68600570e-04  3.90669727e-01  6.52871614e-02  1.03870900e+02  7.74968400e+00  1.20987318e+05 -1.95786633e-01 
 5.00000000e-02  2.56400000e+03  1.85000000e+00 -2.08161960e-04  3.90669727e-01  6.52871614e-02  1.03870900e+02  7.74968400e+00  1.20987318e+05 -1.95786633e-01 
 6.00000000e-02  2.56400000e+03  1.85000000e+00 -2.46631518e-04  3.90669727e-01  6.52871614e-02  1.03870900e+02  7.74968400e+00  1.20987318e+05 -1.95786633e-01 
 7.00000000e-02  2.56400000e+03  1.85000000e+00 -2.83986065e-04  3.90669727e-01  6.52871614e-02  1.03870900e+02  7.74968400e+00  1.20987318e+05 -1.95786633e-01 
 8.00000000e-02  2.56400000e+03  1.85000000e+00 -3.20204008e-04  3.90669727e-01  6.52871614e-02  1.03870900e+02  7.74968400e+00  1.20987318e+05 -1.95786633e-01 
 9.00000000e-02  2.56400000e+03  1.85000000e+00 -3.55265058e-04  3.90669727e-01  6.52871614e-02  1.03870900e+02  7.74968400e+00  1.20987318e+05 -1.95786633e-01 
 1.00000000e-01  2.56400000e+03  1.85000000e+00 -3.89150183e-04  3.90669727e-01  6.52871614e-02  1.03870900e+02  7.74968400e+00  1.20987318e+05 -1.95786633e-01 
 1.10000000e-01  2.56400000e+03  1.85000000e+00 -4.21841770e-04  3.90669727e-01  6.52871614e-02  1.03870900e+02  7.74968400e+00  1.20987318e+05 -1.95786633e-01 
 1.20000000e-01  2.56400000e+03  1.85000000e+00 -4.53323951e-04  3.90669727e-01  6.52871614e-02  1.03870900e+02  7.74968400e+00  1.20987318e+05 -1.95786633e-01 
 1.30000000e-01  2.56400000e+03  1.85000000e+00 -4.83583086e-04  3.90669727e-01  6.52871614e-02  1.03870900e+02  7.74968400e+00  1.20987318e+05 -1.95786633e-01 
 1.40000000e-01  2.56400000e+03  1.85000000e+00 -5.12608349e-04  3.90669727e-01  6.52871614e-02  1.03870900e+02  7.74968400e+00  1.20987318e+05 -1.95786633e-01 
 1.50000000e-01  2.56400000e+03  1.85000000e+00 -5.40392405e-04  3.90669727e-01  6.52871614e-02  1.03870900e+02  7.74968400e+00  1.20987318e+05 -1.95786633e-01 
 1.60000000e-01  2.56400000e+03  1.85000000e+00 -5.66932106e-04  3.90669727e-01  6.52871614e-02  1.03870900e+02  7.74968400e+00  1.20987318e+05 -1.95786633e-01 
 1.70000000e-01  2.56400000e+03  1.85000000e+00 -5.92229159e-04  3.90669727e-01  6.52871614e-02  1.03870900e+02  7.74968400e+00  1.20987318e+05 -1.95786633e-01 
 1.80000000e-01  2.56400000e+03  1.85000000e+00 -6.16290719e-04  3.90669727e-01  6.52871614e-02  1.03870900e+02  7.74968400e+00  1.20987318e+05 -1.95786633e-01 
 1.90000000e-01  2.56400000e+03  1.85000000e+00 -6.39129826e-04  3.90669727e-01  6.52871614e-02  1.03870900e+02  7.74968400e+00  1.20987318e+05 -1.95786633e-01 
 2.00000000e-01  2.56400000e+03  1.85000000e+00 -6.60765655e-04  3.90669727e-01  6.52871614e-02  1.03870900e+02  7.74968400e+00  1.20987318e+05 -1.95786633e-01 
 2.10000000e-01  2.56400000e+03  1.85000000e+00 -6.81223529e-04  3.90669727e-01  6.52871614e-02  1.03870900e+02  7.74968400e+00  1.20987318e+05 -1.95786633e-01 
 2.20000000e-01  2.56400000e+03  1.85000000e+00 -7.00534701e-04  3.90669727e-01  6.52871614e-02  1.03870900e+02  7.74968400e+00  1.20987318e+05 -1.95786633e-01 
 2.30000000e-01  2.56400000e+03  1.85000000e+00 -7.18735887e-04  3.90669727e-01  6.52871614e-02  1.03870900e+02  7.74968400e+00  1.20987318e+05 -1.95786633e-01 
 2.40000000e-01  2.56400000e+03  1.85000000e+00 -7.35868604e-04  3.90669727e-01  6.52871614e-02  1.03870900e+02  7.74968400e+00  1.20987318e+05 -1.95786633e-01 
 2.50000000e-01  2.56400000e+03  1.85000000e+00 -7.51978348e-04  3.90669727e-01  6.52871614e-02  1.03870900e+02  7.74968400e+00  1.20987318e+05 -1.95786633e-01 
 2.60000000e-01  2.56400000e+03  1.85000000e+00 -7.67113675e-04  3.90669727e-01  6.52871614e-02  1.03870900e+02  7.74968400e+00  1.20987318e+05 -1.95786633e-01 
 2.70000000e-01  2.56400000e+03  1.85000000e+00 -7.81325244e-04  3.90669727e-01  6.52871614e-02  1.03870900e+02  7.74968400e+00  1.20987318e+05 -1.95786633e-01 
 2.80000000e-01  2.56400000e+03  1.85000000e+00 -7.94664877e-04  3.90669727e-01  6.52871614e-02  1.03870900e+02  7.74968400e+00  1.20987318e+05 -1.95786633e-01 
 2.90000000e-01  2.56400000e+03  1.85000000e+00 -8.07184689e-04  3.90669727e-01  6.52871614e-02  1.03870900e+02  7.74968400e+00  1.20987318e+05 -1.95786633e-01 
 3.00000000e-01  2.56400000e+03  1.85000000e+00 -8.18936315e-04  3.90669727e-01  6.52871614e-02  1.03870900e+02  7.74968400e+00  1.20987318e+05 -1.95786633e-01 
 3.10000000e-01  2.56400000e+03  1.85000000e+00 -8.29970254e-04  3.90669727e-01  6.52871614e-02  1.03870900e+02  7.74968400e+00  1.20987318e+05 -1.95786633e-01 
 3.20000000e-01  2.56400000e+03  1.85000000e+00 -8.40335347e-04  3.90669727e-01  6.52871614e-02  1.03870900e+02  7.74968400e+00  1.20987318e+05 -1.95786633e-01 
 3.30000000e-01  2.56400000e+03  1.85000000e+00 -8.50078379e-04  3.90669727e-01  6.52871614e-02  1.03870900e+02  7.74968400e+00  1.20987318e+05 -1.95786633e-01 
 3.40000000e-01  2.56400000e+03  1.85000000e+00 -8.59243794e-04  3.90669727e-01  6.52871614e-02  1.03870900e+02  7.74968400e+00  1.20987318e+05 -1.95786633e-01 
 3.50000000e-01  2.56400000e+03  1.85000000e+00 -8.67873520e-04  3.90669727e-01  6.52871614e-02  1.03870900e+02  7.74968400e+00  1.20987318e+05 -1.95786633e-01 
 3.60000000e-01  2.56400000e+03  1.85000000e+00 -8.76006879e-04  3.90669727e-01  6.52871614e-02  1.03870900e+02  7.74968400e+00  1.20987318e+05 -1.95786633e-01 
 3.70000000e-01  2.56400000e+03  1.85000000e+00 -8.83680562e-04  3.90669727e-01  6.52871614e-02  1.03870900e+02  7.74968400e+00  1.20987318e+05 -1.95786633e-01 
 3.80000000e-01  2.56400000e+03  1.85000000e+00 -8.90928673e-04  3.90669727e-01  6.52871614e-02  1.03870900e+02  7.74968400e+00  1.20987318e+05 -1.95786633e-01 
 3.90000000e-01  2.56400000e+03  1.85000000e+00 -8.97782800e-04  3.90669727e-01  6.52871614e-02  1.03870900e+02  7.74968400e+00  1.20987318e+05 -1.95786633e-01 
 4.00000000e-01  2.56400000e+03  1.85000000e+00 -9.04272125e-04  3.90669727e-01  6.52871614e-02  1.03870900e+02  7.74968400e+00  1.20987318e+05 -1.95786633e-01 
 4.10000000e-01  2.56400000e+03  1.85000000e+00 -9.10423549e-04  3.90669727e-01  6.52871614e-02  1.03870900e+02  7.74968400e+00  1.20987318e+05 -1.95786633e-01 
 4.20000000e-01  2.56400000e+03  1.85000000e+00 -9.16261835e-04  3.90669727e-01  6.52871614e-02  1.03870900e+02  7.74968400e+00  1.20987318e+05 -1.95786633e-01 
 4.30000000e-01  2.56400000e+03  1.85000000e+00 -9.21809742e-04  3.90669727e-01  6.52871614e-02  1.03870900e+02  7.74968400e+00  1.20987318e+05 -1.95786633e-01 
 4.40000000e-01  2.56400000e+03  1.85000000e+00 -9.27088180e-04  3.90669727e-01  6.52871614e-02  1.03870900e+02  7.74968400e+00  1.20987318e+05 -1.95786633e-01 
 4.50000000e-01  2.56400000e+03  1.85000000e+00 -9.32116345e-04  3.90669727e-01  6.52871614e-02  1.03870900e+02  7.74968400e+00  1.20987318e+05 -1.95786633e-01 
 4.60000000e-01  2.56400000e+03  1.85000000e+00 -9.36911854e-04  3.90669727e-01  6.52871614e-02  1.03870900e+02  7.74968400e+00  1.20987318e+05 -1.95786633e-01 
 4.70000000e-01  2.56400000e+03  1.85000000e+00 -9.41490881e-04  3.90669727e-01  6.52871614e-02  1.03870900e+02  7.74968400e+00  1.20987318e+05 -1.95786633e-01 
 4.80000000e-01  2.56400000e+03  1.85000000e+00 -9.45868271e-04  3.90669727e-01  6.52871614e-02  1.03870900e+02  7.74968400e+00  1.20987318e+05 -1.95786633e-01 
 4.90000000e-01  2.56400000e+03  1.85000000e+00 -9.50057658e-04  3.90669727e-01  6.52871614e-02  1.03870900e+02  7.74968400e+00  1.20987318e+05 -1.95786633e-01 
 5.00000000e-01  2.56400000e+03  1.85000000e+00 -9.54071570e-04  3.90669727e-01  6.52871614e-02  1.03870900e+02  7.74968400e+00  1.20987318e+05 -1.95786633e-01 
 5.10000000e-01  2.56400000e+03  1.85000000e+00 -9.57921523e-04  3.90669727e-01  6.52871614e-02  1.03870900e+02  7.74968400e+00  1.20987318e+05 -1.95786633e-01 
 5.20000000e-01  2.56400000e+03  1.85000000e+00 -9.61618115e-04  3.90669727e-01  6.52871614e-02  1.03870900e+02  7.74968400e+00  1.20987318e+05 -1.95786633e-01 
 5.30000000e-01  2.56400000e+03  1.85000000e+00 -9.65171099e-04  3.90669727e-01  6.52871614e-02  1.03870900e+02  7.74968400e+00  1.20987318e+05 -1.95786633e-01 
 5.40000000e-01  2.56400000e+03  1.85000000e+00 -9.68589466e-04  3.90669727e-01  6.52871614e-02  1.03870900e+02  7.74968400e+00  1.20987318e+05 -1.95786633e-01 
 5.50000000e-01  2.56400000e+03  1.85000000e+00 -9.71881507e-04  3.90669727e-01  6.52871614e-02  1.03870900e+02  7.74968400e+00  1.20987318e+05 -1.95786633e-01 
 5.60000000e-01  2.56400000e+03  1.85000000e+00 -9.75054876e-04  3.90669727e-01  6.52871614e-02  1.03870900e+02  7.74968400e+00  1.20987318e+05 -1.95786633e-01 
 5.70000000e-01  2.56400000e+03  1.85000000e+00 -9.78116646e-04  3.90669727e-01  6.52871614e-02  1.03870900e+02  7.74968400e+00  1.20987318e+05 -1.95786633e-01 
 5.80000000e-01  2.56400000e+03  1.85000000e+00 -9.81073358e-04  3.90669727e-01  6.52871614e-02  1.03870900e+02  7.74968400e+00  1.20987318e+05 -1.95786633e-01 
 5.90000000e-01  2.56400000e+03  1.85000000e+00 -9.83931071e-04  3.90669727e-01  6.52871614e-02  1.03870900e+02  7.74968400e+00  1.20987318e+05 -1.95786633e-01 
 6.00000000e-01  2.56400000e+03  1.85000000e+00 -9.86695398e-04  3.90669727e-01  6.52871614e-02  1.03870900e+02  7.74968400e+00  1.20987318e+05 -1.95786633e-01 
 6.10000000e-01  2.56400000e+03  1.85000000e+00 -9.89371547e-04  3.90669727e-01  6.52871614e-02  1.03870900e+02  7.74968400e+00  1.20987318e+05 -1.95786633e-01 
 6.20000000e-01  2.56400000e+03  1.85000000e+00 -9.91964355e-04  3.90669727e-01  6.52871614e-02  1.03870900e+02  7.74968400e+00  1.20987318e+05 -1.95786633e-01 
 6.30000000e-01  2.56400000e+03  1.85000000e+00 -9.94478319e-04  3.90669727e-01  6.52871614e-02  1.03870900e+02  7.74968400e+00  1.20987318e+05 -1.95786633e-01 
 6.40000000e-01  2.56400000e+03  1.85000000e+00 -9.96917624e-04  3.90669727e-01  6.52871614e-02  1.03870900e+02  7.74968400e+00  1.20987318e+05 -1.95786633e-01 
 6.50000000e-01  2.56400000e+03  1.85000000e+00 -9.99286167e-04  3.90669727e-01  6.52871614e-02  1.03870900e+02  7.74968400e+00  1.20987318e+05 -1.95786633e-01 
 6.60000000e-01  2.56400000e+03  1.85000000e+00 -1.00158758e-03  3.90669727e-01  6.52871614e-02  1.03870900e+02  7.74968400e+00  1.20987318e+05 -1.95786633e-01 
 6.70000000e-01  2.56400000e+03  1.85000000e+00 -1.00382527e-03  3.90669727e-01  6.52871614e-02  1.03870900e+02  7.74968400e+00  1.20987318e+05 -1.95786633e-01 
 6.80000000e-01  2.56400000e+03  1.85000000e+00 -1.00600238e-03  3.90669727e-01  6.52871614e-02  1.03870900e+02  7.74968400e+00  1.20987318e+05 -1.95786633e-01 
 6.90000000e-01  2.56400000e+03  1.85000000e+00 -1.00812190e-03  3.90669727e-01  6.52871614e-02  1.03870900e+02  7.74968400e+00  1.20987318e+05 -1.95786633e-01 
 7.00000000e-01  2.56400000e+03  1.85000000e+00 -1.01018660e-03  3.90669727e-01  6.52871614e-02  1.03870900e+02  7.74968400e+00  1.20987318e+05 -1.95786633e-01 
 7.10000000e-01  2.56400000e+03  1.85000000e+00 -1.01219906e-03  3.90669727e-01  6.52871614e-02  1.03870900e+02  7.74968400e+00  1.20987318e+05 -1.95786633e-01 
 7.20000000e-01  2.56400000e+03  1.85000000e+00 -1.01416174e-03  3.90669727e-01  6.52871614e-02  1.03870900e+02  7.74968400e+00  1.20987318e+05 -1.95786633e-01 
 7.30000000e-01  2.56400000e+03  1.85000000e+00 -1.01607692e-03  3.90669727e-01  6.52871614e-02  1.03870900e+02  7.74968400e+00  1.20987318e+05 -1.95786633e-01 
 7.40000000e-01  2.56400000e+03  1.85000000e+00 -1.01794675e-03  3.90669727e-01  6.52871614e-02  1.03870900e+02  7.74968400e+00  1.20987318e+05 -1.95786633e-01 
 7.50000000e-01  2.56400000e+03  1.85000000e+00 -1.01977325e-03  3.90669727e-01  6.52871614e-02  1.03870900e+02  7.74968400e+00  1.20987318e+05 -1.95786633e-01 
 7.60000000e-01  2.56400000e+03  1.85000000e+00 -1.02155833e-03  3.90669727e-01  6.52871614e-02  1.03870900e+02  7.74968400e+00  1.20987318e+05 -1.95786633e-01 
 7.70000000e-01  2.56400000e+03  1.85000000e+00 -1.02330377e-03  3.90669727e-01  6.52871614e-02  1.03870900e+02  7.74968400e+00  1.20987318e+05 -1.95786633e-01 
 7.80000000e-01  2.56400000e+03  1.85000000e+00 -1.02501127e-03  3.90669727e-01  6.52871614e-02  1.03870900e+02  7.74968400e+00  1.20987318e+05 -1.95786633e-01 
 7.90000000e-01  2.56400000e+03  1.85000000e+00 -1.02668241e-03  3.90669727e-01  6.52871614e-02  1.03870900e+02  7.74968400e+00  1.20987318e+05 -1.95786633e-01 
 8.00000000e-01  2.56400000e+03  1.85000000e+00 -1.02831871e-03  3.90669727e-01  6.52871614e-02  1.03870900e+02  7.74968400e+00  1.20987318e+05 -1.95786633e-01 
 8.10000000e-01  2.56400000e+03  1.85000000e+00 -1.02992158e-03  3.90669727e-01  6.52871614e-02  1.03870900e+02  7.74968400e+00  1.20987318e+05 -1.95786633e-01 
 8.20000000e-01  2.56400000e+03  1.85000000e+00 -1.03149237e-03  3.90669727e-01  6.52871614e-02  1.03870900e+02  7.74968400e+00  1.20987318e+05 -1.95786633e-01 
 8.30000000e-01  2.56400000e+03  1.85000000e+00 -1.03303236e-03  3.90669727e-01  6.52871614e-02  1.03870900e+02  7.74968400e+00  1.20987318e+05 -1.95786633e-01 
 8.40000000e-01  2.56400000e+03  1.85000000e+00 -1.03454273e-03  3.90669727e-01  6.52871614e-02  1.03870900e+02  7.74968400e+00  1.20987318e+05 -1.95786633e-01 
 8.50000000e-01  2.56400000e+03  1.85000000e+00 -1.03602465e-03  3.90669727e-01  6.52871614e-02  1.03870900e+02  7.74968400e+00  1.20987318e+05 -1.95786633e-01 
 8.60000000e-01  2.56400000e+03  1.85000000e+00 -1.03747918e-03  3.90669727e-01  6.52871614e-02  1.03870900e+02  7.74968400e+00  1.20987318e+05 -1.95786633e-01 
 8.70000000e-01  2.56400000e+03  1.85000000e+00 -1.03890736e-03  3.90669727e-01  6.52871614e-02  1.03870900e+02  7.74968400e+00  1.20987318e+05 -1.95786633e-01 
 8.80000000e-01  2.56400000e+03  1.85000000e+00 -1.04031016e-03  3.90669727e-01  6.52871614e-02  1.03870900e+02  7.74968400e+00  1.20987318e+05 -1.95786633e-01 
 8.90000000e-01  2.56400000e+03  1.85000000e+00 -1.04168851e-03  3.90669727e-01  6.52871614e-02  1.03870900e+02  7.74968400e+00  1.20987318e+05 -1.95786633e-01 
 9.00000000e-01  2.56400000e+03  1.85000000e+00 -1.04304329e-03  3.90669727e-01  6.52871614e-02  1.03870900e+02  7.74968400e+00  1.20987318e+05 -1.95786633e-01 
 9.10000000e-01  2.56400000e+03  1.85000000e+00 -1.04437533e-03  3.90669727e-01  6.52871614e-02  1.03870900e+02  7.74968400e+00  1.20987318e+05 -1.95786633e-01 
 9.20000000e-01  2.56400000e+03  1.85000000e+00 -1.04568545e-03  3.90669727e-01  6.52871614e-02  1.03870900e+02  7.74968400e+00  1.20987318e+05 -1.95786633e-01 
 9.30000000e-01  2.56400000e+03  1.85000000e+00 -1.04697439e-03  3.90669727e-01  6.52871614e-02  1.03870900e+02  7.74968400e+00  1.20987318e+05 -1.95786633e-01 
 9.40000000e-01  2.56400000e+03  1.85000000e+00 -1.04824288e-03  3.90669727e-01  6.52871614e-02  1.03870900e+02  7.74968400e+00  1.20987318e+05 -1.95786633e-01 
 9.50000000e-01  2.56400000e+03  1.85000000e+00 -1.04949161e-03  3.90669727e-01  6.52871614e-02  1.03870900e+02  7.74968400e+00  1.20987318e+05 -1.95786633e-01 
 9.60000000e-01  2.56400000e+03  1.85000000e+00 -1.05072124e-03  3.90669727e-01  6.52871614e-02  1.03870900e+02  7.74968400e+00  1.20987318e+05 -1.95786633e-01 
 9.70000000e-01  2.56400000e+03  1.85000000e+00 -1.05193241e-03  3.90669727e-01  6.52871614e-02  1.03870900e+02  7.74968400e+00  1.20987318e+05 -1.95786633e-01 
 9.80000000e-01  2.56400000e+03  1.85000000e+00 -1.05312570e-03  3.90669727e-01  6.52871614e-02  1.03870900e+02  7.74968400e+00  1.20987318e+05 -1.95786633e-01 
 9.90000000e-01  2.56400000e+03  1.85000000e+00 -1.05430171e-03  3.90669727e-01  6.52871614e-02  1.03870900e+02  7.74968400e+00  1.20987318e+05 -1.95786633e-01 
 1.00000000e+00  2.56400000e+03  1.85000000e+00 -1.05546097e-03  3.90669727e-01  6.52871614e-02  1.03870900e+02  7.74968400e+00  1.20987318e+05 -1.95786633e-01 
 1.01000000e+00  2.56400000e+03  1.85000000e+00 -1.05660401e-03  3.90669727e-01  6.52871614e-02  1.03870900e+02  7.74968400e+00  1.20987318e+05 -1.95786633e-01 
 1.02000000e+00  2.56400000e+03  1.85000000e+00 -1.05773135e-03  3.90669727e-01  6.52871614e-02  1.03870900e+02  7.74968400e+00  1.20987318e+05 -1.95786633e-01 
 1.03000000e+00  2.56400000e+03  1.85000000e+00 -1.05884344e-03  3.90669727e-01  6.52871614e-02  1.03870900e+02  7.74968400e+00  1.20987318e+05 -1.95786633e-01 
 1.04000000e+00  2.56400000e+03  1.85000000e+00 -1.05994077e-03  3.90669727e-01  6.52871614e-02  1.03870900e+02  7.74968400e+00  1.20987318e+05 -1.95786633e-01 
 1.05000000e+00  2.56400000e+03  1.85000000e+00 -1.06102377e-03  3.90669727e-01  6.52871614e-02  1.03870900e+02  7.74968400e+00  1.20987318e+05 -1.95786633e-01 
 1.06000000e+00  2.56400000e+03  1.85000000e+00 -1.06209287e-03  3.90669727e-01  6.52871614e-02  1.03870900e+02  7.74968400e+00  1.20987318e+05 -1.95786633e-01 
 1.07000000e+00  2.56400000e+03  1.85000000e+00 -1.06314848e-03  3.90669727e-01  6.52871614e-02  1.03870900e+02  7.74968400e+00  1.20987318e+05 -1.95786633e-01 
 1.08000000e+00  2.56400000e+03  1.85000000e+00 -1.06419098e-03  3.90669727e-01  6.52871614e-02  1.03870900e+02  7.74968400e+00  1.20987318e+05 -1.95786633e-01 
 1.09000000e+00  2.56400000e+03  1.85000000e+00 -1.06522075e-03  3.90669727e-01  6.52871614e-02  1.03870900e+02  7.74968400e+00  1.20987318e+05 -1.95786633e-01 
 1.10000000e+00  2.56400000e+03  1.85000000e+00 -1.06623815e-03  3.90669727e-01  6.52871614e-02  1.03870900e+02  7.74968400e+00  1.20987318e+05 -1.95786633e-01 
 1.11000000e+00  2.56400000e+03  1.85000000e+00 -1.06724354e-03  3.90669727e-01  6.52871614e-02  1.03870900e+02  7.74968400e+00  1.20987318e+05 -1.95786633e-01 
 1.12000000e+00  2.56400000e+03  1.85000000e+00 -1.06823723e-03  3.90669727e-01  6.52871614e-02  1.03870900e+02  7.74968400e+00  1.20987318e+05 -1.95786633e-01 
 1.13000000e+00  2.56400000e+03  1.85000000e+00 -1.06921956e-03  3.90669727e-01  6.52871614e-02  1.03870900e+02  7.74968400e+00  1.20987318e+05 -1.95786633e-01 
 1.14000000e+00  2.56400000e+03  1.85000000e+00 -1.07019083e-03  3.90669727e-01  6.52871614e-02  1.03870900e+02  7.74968400e+00  1.20987318e+05 -1.95786633e-01 
 1.15000000e+00  2.56400000e+03  1.85000000e+00 -1.07115134e-03  3.90669727e-01  6.52871614e-02  1.03870900e+02  7.74968400e+00  1.20987318e+05 -1.95786633e-01 
 1.16000000e+00  2.56400000e+03  1.85000000e+00 -1.07210138e-03  3.90669727e-01  6.52871614e-02  1.03870900e+02  7.74968400e+00  1.20987318e+05 -1.95786633e-01 
 1.17000000e+00  2.56400000e+03  1.85000000e+00 -1.07304122e-03  3.90669727e-01  6.52871614e-02  1.03870900e+02  7.74968400e+00  1.20987318e+05 -1.95786633e-01 
 1.18000000e+00  2.56400000e+03  1.85000000e+00 -1.07397112e-03  3.90669727e-01  6.52871614e-02  1.03870900e+02  7.74968400e+00  1.20987318e+05 -1.95786633e-01 
 1.19000000e+00  2.56400000e+03  1.85000000e+00 -1.07489135e-03  3.90669727e-01  6.52871614e-02  1.03870900e+02  7.74968400e+00  1.20987318e+05 -1.95786633e-01 
 1.20000000e+00  2.56400000e+03  1.85000000e+00 -1.07580215e-03  3.90669727e-01  6.52871614e-02  1.03870900e+02  7.74968400e+00  1.20987318e+05 -1.95786633e-01 
 1.21000000e+00  2.56400000e+03  1.85000000e+00 -1.07670375e-03  3.90669727e-01  6.52871614e-02  1.03870900e+02  7.74968400e+00  1.20987318e+05 -1.95786633e-01 
 1.22000000e+00  2.56400000e+03  1.85000000e+00 -1.07759640e-03  3.90669727e-01  6.52871614e-02  1.03870900e+02  7.74968400e+00  1.20987318e+05 -1.95786633e-01 
 1.23000000e+00  2.56400000e+03  1.85000000e+00 -1.07848031e-03  3.90669727e-01  6.52871614e-02  1.03870900e+02  7.74968400e+00  1.20987318e+05 -1.95786633e-01 
 1.24000000e+00  2.56400000e+03  1.85000000e+00 -1.07935569e-03  3.90669727e-01  6.52871614e-02  1.03870900e+02  7.74968400e+00  1.20987318e+05 -1.95786633e-01 
 1.25000000e+00  2.56400000e+03  1.85000000e+00 -1.08022275e-03  3.90669727e-01  6.52871614e-02  1.03870900e+02  7.74968400e+00  1.20987318e+05 -1.95786633e-01 
 1.26000000e+00  2.56400000e+03  1.85000000e+00 -1.08108170e-03  3.90669727e-01  6.52871614e-02  1.03870900e+02  7.74968400e+00  1.20987318e+05 -1.95786633e-01 
 1.27000000e+00  2.56400000e+03  1.85000000e+00 -1.08193272e-03  3.90669727e-01  6.52871614e-02  1.03870900e+02  7.74968400e+00  1.20987318e+05 -1.95786633e-01 
 1.28000000e+00  2.56400000e+03  1.85000000e+00 -1.08277601e-03  3.90669727e-01  6.52871614e-02  1.03870900e+02  7.74968400e+00  1.20987318e+05 -1.95786633e-01 
 1.29000000e+00  2.56400000e+03  1.85000000e+00 -1.08361174e-03  3.90669727e-01  6.52871614e-02  1.03870900e+02  7.74968400e+00  1.20987318e+05 -1.95786633e-01 
 1.30000000e+00  2.56400000e+03  1.85000000e+00 -1.08444009e-03  3.90669727e-01  6.52871614e-02  1.03870900e+02  7.74968400e+00  1.20987318e+05 -1.95786633e-01 
 1.31000000e+00  2.56400000e+03  1.85000000e+00 -1.08526123e-03  3.90669727e-01  6.52871614e-02  1.03870900e+02  7.74968400e+00  1.20987318e+05 -1.95786633e-01 
 1.32000000e+00  2.56400000e+03  1.85000000e+00 -1.08607533e-03  3.90669727e-01  6.52871614e-02  1.03870900e+02  7.74968400e+00  1.20987318e+05 -1.95786633e-01 
 1.33000000e+00  2.56400000e+03  1.85000000e+00 -1.08688254e-03  3.90669727e-01  6.52871614e-02  1.03870900e+02  7.74968400e+00  1.20987318e+05 -1.95786633e-01 
 1.34000000e+00  2.56400000e+03  1.85000000e+00 -1.08768302e-03  3.90669727e-01  6.52871614e-02  1.03870900e+02  7.74968400e+00  1.20987318e+05 -1.95786633e-01 
 1.35000000e+00  2.56400000e+03  1.85000000e+00 -1.08847691e-03  3.90669727e-01  6.52871614e-02  1.03870900e+02  7.74968400e+00  1.20987318e+05 -1.95786633e-01 
 1.36000000e+00  2.56400000e+03  1.85000000e+00 -1.08926437e-03  3.90669727e-01  6.52871614e-02  1.03870900e+02  7.74968400e+00  1.20987318e+05 -1.95786633e-01 
 1.37000000e+00  2.56400000e+03  1.85000000e+00 -1.09004553e-03  3.90669727e-01  6.52871614e-02  1.03870900e+02  7.74968400e+00  1.20987318e+05 -1.95786633e-01 
 1.38000000e+00  2.56400000e+03  1.85000000e+00 -1.09082053e-03  3.90669727e-01  6.52871614e-02  1.03870900e+02  7.74968400e+00  1.20987318e+05 -1.95786633e-01 
 1.39000000e+00  2.56400000e+03  1.85000000e+00 -1.09158951e-03  3.90669727e-01  6.52871614e-02  1.03870900e+02  7.74968400e+00  1.20987318e+05 -1.95786633e-01 
 1.40000000e+00  2.56400000e+03  1.85000000e+00 -1.09235258e-03  3.90669727e-01  6.52871614e-02  1.03870900e+02  7.74968400e+00  1.20987318e+05 -1.95786633e-01 
 1.41000000e+00  2.56400000e+03  1.85000000e+00 -1.09310989e-03  3.90669727e-01  6.52871614e-02  1.03870900e+02  7.74968400e+00  1.20987318e+05 -1.95786633e-01 
 1.42000000e+00  2.56400000e+03  1.85000000e+00 -1.09386154e-03  3.90669727e-01  6.52871614e-02  1.03870900e+02  7.74968400e+00  1.20987318e+05 -1.95786633e-01 
 1.43000000e+00  2.56400000e+03  1.85000000e+00 -1.09460765e-03  3.90669727e-01  6.52871614e-02  1.03870900e+02  7.74968400e+00  1.20987318e+05 -1.95786633e-01 
 1.44000000e+00  2.56400000e+03  1.85000000e+00 -1.09534835e-03  3.90669727e-01  6.52871614e-02  1.03870900e+02  7.74968400e+00  1.20987318e+05 -1.95786633e-01 
 1.45000000e+00  2.56400000e+03  1.85000000e+00 -1.09608375e-03  3.90669727e-01  6.52871614e-02  1.03870900e+02  7.74968400e+00  1.20987318e+05 -1.95786633e-01 
 1.46000000e+00  2.56400000e+03  1.85000000e+00 -1.09681395e-03  3.90669727e-01  6.52871614e-02  1.03870900e+02  7.74968400e+00  1.20987318e+05 -1.95786633e-01 
 1.47000000e+00  2.56400000e+03  1.85000000e+00 -1.09753906e-03  3.90669727e-01  6.52871614e-02  1.03870900e+02  7.74968400e+00  1.20987318e+05 -1.95786633e-01 
 1.48000000e+00  2.56400000e+03  1.85000000e+00 -1.09825918e-03  3.90669727e-01  6.52871614e-02  1.03870900e+02  7.74968400e+00  1.20987318e+05 -1.95786633e-01 
 1.49000000e+00  2.56400000e+03  1.85000000e+00 -1.09897442e-03  3.90669727e-01  6.52871614e-02  1.03870900e+02  7.74968400e+00  1.20987318e+05 -1.95786633e-01 
 1.50000000e+00  2.56400000e+03  1.85000000e+00 -1.09968488e-03  3.90669727e-01  6.52871614e-02  1.03870900e+02  7.74968400e+00  1.20987318e+05 -1.95786633e-01 
 1.51000000e+00  2.56400000e+03  1.85000000e+00 -1.10039065e-03  3.90669727e-01  6.52871614e-02  1.03870900e+02  7.74968400e+00  1.20987318e+05 -1.95786633e-01 
 1.52000000e+00  2.56400000e+03  1.85000000e+00 -1.10109183e-03  3.90669727e-01  6.52871614e-02  1.03870900e+02  7.74968400e+00  1.20987318e+05 -1.95786633e-01 
 1.53000000e+00  2.56400000e+03  1.85000000e+00 -1.10178852e-03  3.90669727e-01  6.52871614e-02  1.03870900e+02  7.74968400e+00  1.20987318e+05 -1.95786633e-01 
 1.54000000e+00  2.56400000e+03  1.85000000e+00 -1.10248080e-03  3.90669727e-01  6.52871614e-02  1.03870900e+02  7.74968400e+00  1.20987318e+05 -1.95786633e-01 
 1.55000000e+00  2.56400000e+03  1.85000000e+00 -1.10316878e-03  3.90669727e-01  6.52871614e-02  1.03870900e+02  7.74968400e+00  1.20987318e+05 -1.95786633e-01 
 1.56000000e+00  2.56400000e+03  1.85000000e+00 -1.10385252e-03  3.90669727e-01  6.52871614e-02  1.03870900e+02  7.74968400e+00  1.20987318e+05 -1.95786633e-01 
 1.57000000e+00  2.56400000e+03  1.85000000e+00 -1.10453214e-03  3.90669727e-01  6.52871614e-02  1.03870900e+02  7.74968400e+00  1.20987318e+05 -1.95786633e-01 
 1.58000000e+00  2.56400000e+03  1.85000000e+00 -1.10520771e-03  3.90669727e-01  6.52871614e-02  1.03870900e+02  7.74968400e+00  1.20987318e+05 -1.95786633e-01 
 1.59000000e+00  2.56400000e+03  1.85000000e+00 -1.10587932e-03  3.90669727e-01  6.52871614e-02  1.03870900e+02  7.74968400e+00  1.20987318e+05 -1.95786633e-01 
 1.60000000e+00  2.56400000e+03  1.85000000e+00 -1.10654706e-03  3.90669727e-01  6.52871614e-02  1.03870900e+02  7.74968400e+00  1.20987318e+05 -1.95786633e-01 
 1.61000000e+00  2.56400000e+03  1.85000000e+00 -1.10721101e-03  3.90669727e-01  6.52871614e-02  1.03870900e+02  7.74968400e+00  1.20987318e+05 -1.95786633e-01 
 1.62000000e+00  2.56400000e+03  1.85000000e+00 -1.10787127e-03  3.90669727e-01  6.52871614e-02  1.03870900e+02  7.74968400e+00  1.20987318e+05 -1.95786633e-01 
 1.63000000e+00  2.56400000e+03  1.85000000e+00 -1.10852791e-03  3.90669727e-01  6.52871614e-02  1.03870900e+02  7.74968400e+00  1.20987318e+05 -1.95786633e-01 
 1.64000000e+00  2.56400000e+03  1.85000000e+00 -1.10918103e-03  3.90669727e-01  6.52871614e-02  1.03870900e+02  7.74968400e+00  1.20987318e+05 -1.95786633e-01 
 1.65000000e+00  2.56400000e+03  1.85000000e+00 -1.10983071e-03  3.90669727e-01  6.52871614e-02  1.03870900e+02  7.74968400e+00  1.20987318e+05 -1.95786633e-01 
 1.66000000e+00  2.56400000e+03  1.85000000e+00 -1.11047705e-03  3.90669727e-01  6.52871614e-02  1.03870900e+02  7.74968400e+00  1.20987318e+05 -1.95786633e-01 
 1.67000000e+00  2.56400000e+03  1.85000000e+00 -1.11112013e-03  3.90669727e-01  6.52871614e-02  1.03870900e+02  7.74968400e+00  1.20987318e+05 -1.95786633e-01 
 1.68000000e+00  2.56400000e+03  1.85000000e+00 -1.11176003e-03  3.90669727e-01  6.52871614e-02  1.03870900e+02  7.74968400e+00  1.20987318e+05 -1.95786633e-01 
 1.69000000e+00  2.56400000e+03  1.85000000e+00 -1.11239687e-03  3.90669727e-01  6.52871614e-02  1.03870900e+02  7.74968400e+00  1.20987318e+05 -1.95786633e-01 
 1.70000000e+00  2.56400000e+03  1.85000000e+00 -1.11303073e-03  3.90669727e-01  6.52871614e-02  1.03870900e+02  7.74968400e+00  1.20987318e+05 -1.95786633e-01 
 1.71000000e+00  2.56400000e+03  1.85000000e+00 -1.11366171e-03  3.90669727e-01  6.52871614e-02  1.03870900e+02  7.74968400e+00  1.20987318e+05 -1.95786633e-01 
 1.72000000e+00  2.56400000e+03  1.85000000e+00 -1.11428991e-03  3.90669727e-01  6.52871614e-02  1.03870900e+02  7.74968400e+00  1.20987318e+05 -1.95786633e-01 
 1.73000000e+00  2.56400000e+03  1.85000000e+00 -1.11491544e-03  3.90669727e-01  6.52871614e-02  1.03870900e+02  7.74968400e+00  1.20987318e+05 -1.95786633e-01 
 1.74000000e+00  2.56400000e+03  1.85000000e+00 -1.11553840e-03  3.90669727e-01  6.52871614e-02  1.03870900e+02  7.74968400e+00  1.20987318e+05 -1.95786633e-01 
 1.75000000e+00  2.56400000e+03  1.85000000e+00 -1.11615890e-03  3.90669727e-01  6.52871614e-02  1.03870900e+02  7.74968400e+00  1.20987318e+05 -1.95786633e-01 
 1.76000000e+00  2.56400000e+03  1.85000000e+00 -1.11677707e-03  3.90669727e-01  6.52871614e-02  1.03870900e+02  7.74968400e+00  1.20987318e+05 -1.95786633e-01 
 1.77000000e+00  2.56400000e+03  1.85000000e+00 -1.11739302e-03  3.90669727e-01  6.52871614e-02  1.03870900e+02  7.74968400e+00  1.20987318e+05 -1.95786633e-01 
 1.78000000e+00  2.56400000e+03  1.85000000e+00 -1.11800688e-03  3.90669727e-01  6.52871614e-02  1.03870900e+02  7.74968400e+00  1.20987318e+05 -1.95786633e-01 
 1.79000000e+00  2.56400000e+03  1.85000000e+00 -1.11861878e-03  3.90669727e-01  6.52871614e-02  1.03870900e+02  7.74968400e+00  1.20987318e+05 -1.95786633e-01 
 1.80000000e+00  2.56400000e+03  1.85000000e+00 -1.11922886e-03  3.90669727e-01  6.52871614e-02  1.03870900e+02  7.74968400e+00  1.20987318e+05 -1.95786633e-01 
 1.81000000e+00  2.56400000e+03  1.85000000e+00 -1.11983726e-03  3.90669727e-01  6.52871614e-02  1.03870900e+02  7.74968400e+00  1.20987318e+05 -1.95786633e-01 
 1.82000000e+00  2.56400000e+03  1.85000000e+00 -1.12044415e-03  3.90669727e-01  6.52871614e-02  1.03870900e+02  7.74968400e+00  1.20987318e+05 -1.95786633e-01 
 1.83000000e+00  2.56400000e+03  1.85000000e+00 -1.12104967e-03  3.90669727e-01  6.52871614e-02  1.03870900e+02  7.74968400e+00  1.20987318e+05 -1.95786633e-01 
 1.84000000e+00  2.56400000e+03  1.85000000e+00 -1.12165401e-03  3.90669727e-01  6.52871614e-02  1.03870900e+02  7.74968400e+00  1.20987318e+05 -1.95786633e-01 
 1.85000000e+00  2.56400000e+03  1.85000000e+00 -1.12225734e-03  3.90669727e-01  6.52871614e-02  1.03870900e+02  7.74968400e+00  1.20987318e+05 -1.95786633e-01 
