 v-sweep         run_num         v(gate)         i(vds)          out_vth0        out_u0          out_rdsw        out_nfactor     out_vsat        out_eta0       
 0.00000000e+00  3.92800000e+03  1.85000000e+00 -3.07687814e-43  4.00482337e-01  6.78200355e-02  1.04882138e+02  8.48696582e+00  1.25802398e+05 -1.98057528e-01 
 1.00000000e-02  3.92800000e+03  1.85000000e+00 -4.44910351e-05  4.00482337e-01  6.78200355e-02  1.04882138e+02  8.48696582e+00  1.25802398e+05 -1.98057528e-01 
 2.00000000e-02  3.92800000e+03  1.85000000e+00 -8.79868890e-05  4.00482337e-01  6.78200355e-02  1.04882138e+02  8.48696582e+00  1.25802398e+05 -1.98057528e-01 
 3.00000000e-02  3.92800000e+03  1.85000000e+00 -1.30437029e-04  4.00482337e-01  6.78200355e-02  1.04882138e+02  8.48696582e+00  1.25802398e+05 -1.98057528e-01 
 4.00000000e-02  3.92800000e+03  1.85000000e+00 -1.71801286e-04  4.00482337e-01  6.78200355e-02  1.04882138e+02  8.48696582e+00  1.25802398e+05 -1.98057528e-01 
 5.00000000e-02  3.92800000e+03  1.85000000e+00 -2.12046383e-04  4.00482337e-01  6.78200355e-02  1.04882138e+02  8.48696582e+00  1.25802398e+05 -1.98057528e-01 
 6.00000000e-02  3.92800000e+03  1.85000000e+00 -2.51143780e-04  4.00482337e-01  6.78200355e-02  1.04882138e+02  8.48696582e+00  1.25802398e+05 -1.98057528e-01 
 7.00000000e-02  3.92800000e+03  1.85000000e+00 -2.89068333e-04  4.00482337e-01  6.78200355e-02  1.04882138e+02  8.48696582e+00  1.25802398e+05 -1.98057528e-01 
 8.00000000e-02  3.92800000e+03  1.85000000e+00 -3.25797511e-04  4.00482337e-01  6.78200355e-02  1.04882138e+02  8.48696582e+00  1.25802398e+05 -1.98057528e-01 
 9.00000000e-02  3.92800000e+03  1.85000000e+00 -3.61310998e-04  4.00482337e-01  6.78200355e-02  1.04882138e+02  8.48696582e+00  1.25802398e+05 -1.98057528e-01 
 1.00000000e-01  3.92800000e+03  1.85000000e+00 -3.95590591e-04  4.00482337e-01  6.78200355e-02  1.04882138e+02  8.48696582e+00  1.25802398e+05 -1.98057528e-01 
 1.10000000e-01  3.92800000e+03  1.85000000e+00 -4.28620333e-04  4.00482337e-01  6.78200355e-02  1.04882138e+02  8.48696582e+00  1.25802398e+05 -1.98057528e-01 
 1.20000000e-01  3.92800000e+03  1.85000000e+00 -4.60386825e-04  4.00482337e-01  6.78200355e-02  1.04882138e+02  8.48696582e+00  1.25802398e+05 -1.98057528e-01 
 1.30000000e-01  3.92800000e+03  1.85000000e+00 -4.90879678e-04  4.00482337e-01  6.78200355e-02  1.04882138e+02  8.48696582e+00  1.25802398e+05 -1.98057528e-01 
 1.40000000e-01  3.92800000e+03  1.85000000e+00 -5.20092060e-04  4.00482337e-01  6.78200355e-02  1.04882138e+02  8.48696582e+00  1.25802398e+05 -1.98057528e-01 
 1.50000000e-01  3.92800000e+03  1.85000000e+00 -5.48021291e-04  4.00482337e-01  6.78200355e-02  1.04882138e+02  8.48696582e+00  1.25802398e+05 -1.98057528e-01 
 1.60000000e-01  3.92800000e+03  1.85000000e+00 -5.74669429e-04  4.00482337e-01  6.78200355e-02  1.04882138e+02  8.48696582e+00  1.25802398e+05 -1.98057528e-01 
 1.70000000e-01  3.92800000e+03  1.85000000e+00 -6.00043790e-04  4.00482337e-01  6.78200355e-02  1.04882138e+02  8.48696582e+00  1.25802398e+05 -1.98057528e-01 
 1.80000000e-01  3.92800000e+03  1.85000000e+00 -6.24157358e-04  4.00482337e-01  6.78200355e-02  1.04882138e+02  8.48696582e+00  1.25802398e+05 -1.98057528e-01 
 1.90000000e-01  3.92800000e+03  1.85000000e+00 -6.47029024e-04  4.00482337e-01  6.78200355e-02  1.04882138e+02  8.48696582e+00  1.25802398e+05 -1.98057528e-01 
 2.00000000e-01  3.92800000e+03  1.85000000e+00 -6.68683626e-04  4.00482337e-01  6.78200355e-02  1.04882138e+02  8.48696582e+00  1.25802398e+05 -1.98057528e-01 
 2.10000000e-01  3.92800000e+03  1.85000000e+00 -6.89151777e-04  4.00482337e-01  6.78200355e-02  1.04882138e+02  8.48696582e+00  1.25802398e+05 -1.98057528e-01 
 2.20000000e-01  3.92800000e+03  1.85000000e+00 -7.08469468e-04  4.00482337e-01  6.78200355e-02  1.04882138e+02  8.48696582e+00  1.25802398e+05 -1.98057528e-01 
 2.30000000e-01  3.92800000e+03  1.85000000e+00 -7.26677490e-04  4.00482337e-01  6.78200355e-02  1.04882138e+02  8.48696582e+00  1.25802398e+05 -1.98057528e-01 
 2.40000000e-01  3.92800000e+03  1.85000000e+00 -7.43820688e-04  4.00482337e-01  6.78200355e-02  1.04882138e+02  8.48696582e+00  1.25802398e+05 -1.98057528e-01 
 2.50000000e-01  3.92800000e+03  1.85000000e+00 -7.59947120e-04  4.00482337e-01  6.78200355e-02  1.04882138e+02  8.48696582e+00  1.25802398e+05 -1.98057528e-01 
 2.60000000e-01  3.92800000e+03  1.85000000e+00 -7.75107158e-04  4.00482337e-01  6.78200355e-02  1.04882138e+02  8.48696582e+00  1.25802398e+05 -1.98057528e-01 
 2.70000000e-01  3.92800000e+03  1.85000000e+00 -7.89352591e-04  4.00482337e-01  6.78200355e-02  1.04882138e+02  8.48696582e+00  1.25802398e+05 -1.98057528e-01 
 2.80000000e-01  3.92800000e+03  1.85000000e+00 -8.02735774e-04  4.00482337e-01  6.78200355e-02  1.04882138e+02  8.48696582e+00  1.25802398e+05 -1.98057528e-01 
 2.90000000e-01  3.92800000e+03  1.85000000e+00 -8.15308858e-04  4.00482337e-01  6.78200355e-02  1.04882138e+02  8.48696582e+00  1.25802398e+05 -1.98057528e-01 
 3.00000000e-01  3.92800000e+03  1.85000000e+00 -8.27123120e-04  4.00482337e-01  6.78200355e-02  1.04882138e+02  8.48696582e+00  1.25802398e+05 -1.98057528e-01 
 3.10000000e-01  3.92800000e+03  1.85000000e+00 -8.38228417e-04  4.00482337e-01  6.78200355e-02  1.04882138e+02  8.48696582e+00  1.25802398e+05 -1.98057528e-01 
 3.20000000e-01  3.92800000e+03  1.85000000e+00 -8.48672750e-04  4.00482337e-01  6.78200355e-02  1.04882138e+02  8.48696582e+00  1.25802398e+05 -1.98057528e-01 
 3.30000000e-01  3.92800000e+03  1.85000000e+00 -8.58501942e-04  4.00482337e-01  6.78200355e-02  1.04882138e+02  8.48696582e+00  1.25802398e+05 -1.98057528e-01 
 3.40000000e-01  3.92800000e+03  1.85000000e+00 -8.67759427e-04  4.00482337e-01  6.78200355e-02  1.04882138e+02  8.48696582e+00  1.25802398e+05 -1.98057528e-01 
 3.50000000e-01  3.92800000e+03  1.85000000e+00 -8.76486115e-04  4.00482337e-01  6.78200355e-02  1.04882138e+02  8.48696582e+00  1.25802398e+05 -1.98057528e-01 
 3.60000000e-01  3.92800000e+03  1.85000000e+00 -8.84720344e-04  4.00482337e-01  6.78200355e-02  1.04882138e+02  8.48696582e+00  1.25802398e+05 -1.98057528e-01 
 3.70000000e-01  3.92800000e+03  1.85000000e+00 -8.92497879e-04  4.00482337e-01  6.78200355e-02  1.04882138e+02  8.48696582e+00  1.25802398e+05 -1.98057528e-01 
 3.80000000e-01  3.92800000e+03  1.85000000e+00 -8.99851972e-04  4.00482337e-01  6.78200355e-02  1.04882138e+02  8.48696582e+00  1.25802398e+05 -1.98057528e-01 
 3.90000000e-01  3.92800000e+03  1.85000000e+00 -9.06813440e-04  4.00482337e-01  6.78200355e-02  1.04882138e+02  8.48696582e+00  1.25802398e+05 -1.98057528e-01 
 4.00000000e-01  3.92800000e+03  1.85000000e+00 -9.13410781e-04  4.00482337e-01  6.78200355e-02  1.04882138e+02  8.48696582e+00  1.25802398e+05 -1.98057528e-01 
 4.10000000e-01  3.92800000e+03  1.85000000e+00 -9.19670299e-04  4.00482337e-01  6.78200355e-02  1.04882138e+02  8.48696582e+00  1.25802398e+05 -1.98057528e-01 
 4.20000000e-01  3.92800000e+03  1.85000000e+00 -9.25616237e-04  4.00482337e-01  6.78200355e-02  1.04882138e+02  8.48696582e+00  1.25802398e+05 -1.98057528e-01 
 4.30000000e-01  3.92800000e+03  1.85000000e+00 -9.31270914e-04  4.00482337e-01  6.78200355e-02  1.04882138e+02  8.48696582e+00  1.25802398e+05 -1.98057528e-01 
 4.40000000e-01  3.92800000e+03  1.85000000e+00 -9.36654867e-04  4.00482337e-01  6.78200355e-02  1.04882138e+02  8.48696582e+00  1.25802398e+05 -1.98057528e-01 
 4.50000000e-01  3.92800000e+03  1.85000000e+00 -9.41786982e-04  4.00482337e-01  6.78200355e-02  1.04882138e+02  8.48696582e+00  1.25802398e+05 -1.98057528e-01 
 4.60000000e-01  3.92800000e+03  1.85000000e+00 -9.46684624e-04  4.00482337e-01  6.78200355e-02  1.04882138e+02  8.48696582e+00  1.25802398e+05 -1.98057528e-01 
 4.70000000e-01  3.92800000e+03  1.85000000e+00 -9.51363762e-04  4.00482337e-01  6.78200355e-02  1.04882138e+02  8.48696582e+00  1.25802398e+05 -1.98057528e-01 
 4.80000000e-01  3.92800000e+03  1.85000000e+00 -9.55839080e-04  4.00482337e-01  6.78200355e-02  1.04882138e+02  8.48696582e+00  1.25802398e+05 -1.98057528e-01 
 4.90000000e-01  3.92800000e+03  1.85000000e+00 -9.60124091e-04  4.00482337e-01  6.78200355e-02  1.04882138e+02  8.48696582e+00  1.25802398e+05 -1.98057528e-01 
 5.00000000e-01  3.92800000e+03  1.85000000e+00 -9.64231229e-04  4.00482337e-01  6.78200355e-02  1.04882138e+02  8.48696582e+00  1.25802398e+05 -1.98057528e-01 
 5.10000000e-01  3.92800000e+03  1.85000000e+00 -9.68171949e-04  4.00482337e-01  6.78200355e-02  1.04882138e+02  8.48696582e+00  1.25802398e+05 -1.98057528e-01 
 5.20000000e-01  3.92800000e+03  1.85000000e+00 -9.71956806e-04  4.00482337e-01  6.78200355e-02  1.04882138e+02  8.48696582e+00  1.25802398e+05 -1.98057528e-01 
 5.30000000e-01  3.92800000e+03  1.85000000e+00 -9.75595535e-04  4.00482337e-01  6.78200355e-02  1.04882138e+02  8.48696582e+00  1.25802398e+05 -1.98057528e-01 
 5.40000000e-01  3.92800000e+03  1.85000000e+00 -9.79097121e-04  4.00482337e-01  6.78200355e-02  1.04882138e+02  8.48696582e+00  1.25802398e+05 -1.98057528e-01 
 5.50000000e-01  3.92800000e+03  1.85000000e+00 -9.82469865e-04  4.00482337e-01  6.78200355e-02  1.04882138e+02  8.48696582e+00  1.25802398e+05 -1.98057528e-01 
 5.60000000e-01  3.92800000e+03  1.85000000e+00 -9.85721443e-04  4.00482337e-01  6.78200355e-02  1.04882138e+02  8.48696582e+00  1.25802398e+05 -1.98057528e-01 
 5.70000000e-01  3.92800000e+03  1.85000000e+00 -9.88858956e-04  4.00482337e-01  6.78200355e-02  1.04882138e+02  8.48696582e+00  1.25802398e+05 -1.98057528e-01 
 5.80000000e-01  3.92800000e+03  1.85000000e+00 -9.91888985e-04  4.00482337e-01  6.78200355e-02  1.04882138e+02  8.48696582e+00  1.25802398e+05 -1.98057528e-01 
 5.90000000e-01  3.92800000e+03  1.85000000e+00 -9.94817629e-04  4.00482337e-01  6.78200355e-02  1.04882138e+02  8.48696582e+00  1.25802398e+05 -1.98057528e-01 
 6.00000000e-01  3.92800000e+03  1.85000000e+00 -9.97650552e-04  4.00482337e-01  6.78200355e-02  1.04882138e+02  8.48696582e+00  1.25802398e+05 -1.98057528e-01 
 6.10000000e-01  3.92800000e+03  1.85000000e+00 -1.00039301e-03  4.00482337e-01  6.78200355e-02  1.04882138e+02  8.48696582e+00  1.25802398e+05 -1.98057528e-01 
 6.20000000e-01  3.92800000e+03  1.85000000e+00 -1.00304990e-03  4.00482337e-01  6.78200355e-02  1.04882138e+02  8.48696582e+00  1.25802398e+05 -1.98057528e-01 
 6.30000000e-01  3.92800000e+03  1.85000000e+00 -1.00562577e-03  4.00482337e-01  6.78200355e-02  1.04882138e+02  8.48696582e+00  1.25802398e+05 -1.98057528e-01 
 6.40000000e-01  3.92800000e+03  1.85000000e+00 -1.00812486e-03  4.00482337e-01  6.78200355e-02  1.04882138e+02  8.48696582e+00  1.25802398e+05 -1.98057528e-01 
 6.50000000e-01  3.92800000e+03  1.85000000e+00 -1.01055113e-03  4.00482337e-01  6.78200355e-02  1.04882138e+02  8.48696582e+00  1.25802398e+05 -1.98057528e-01 
 6.60000000e-01  3.92800000e+03  1.85000000e+00 -1.01290827e-03  4.00482337e-01  6.78200355e-02  1.04882138e+02  8.48696582e+00  1.25802398e+05 -1.98057528e-01 
 6.70000000e-01  3.92800000e+03  1.85000000e+00 -1.01519974e-03  4.00482337e-01  6.78200355e-02  1.04882138e+02  8.48696582e+00  1.25802398e+05 -1.98057528e-01 
 6.80000000e-01  3.92800000e+03  1.85000000e+00 -1.01742875e-03  4.00482337e-01  6.78200355e-02  1.04882138e+02  8.48696582e+00  1.25802398e+05 -1.98057528e-01 
 6.90000000e-01  3.92800000e+03  1.85000000e+00 -1.01959833e-03  4.00482337e-01  6.78200355e-02  1.04882138e+02  8.48696582e+00  1.25802398e+05 -1.98057528e-01 
 7.00000000e-01  3.92800000e+03  1.85000000e+00 -1.02171131e-03  4.00482337e-01  6.78200355e-02  1.04882138e+02  8.48696582e+00  1.25802398e+05 -1.98057528e-01 
 7.10000000e-01  3.92800000e+03  1.85000000e+00 -1.02377035e-03  4.00482337e-01  6.78200355e-02  1.04882138e+02  8.48696582e+00  1.25802398e+05 -1.98057528e-01 
 7.20000000e-01  3.92800000e+03  1.85000000e+00 -1.02577792e-03  4.00482337e-01  6.78200355e-02  1.04882138e+02  8.48696582e+00  1.25802398e+05 -1.98057528e-01 
 7.30000000e-01  3.92800000e+03  1.85000000e+00 -1.02773639e-03  4.00482337e-01  6.78200355e-02  1.04882138e+02  8.48696582e+00  1.25802398e+05 -1.98057528e-01 
 7.40000000e-01  3.92800000e+03  1.85000000e+00 -1.02964794e-03  4.00482337e-01  6.78200355e-02  1.04882138e+02  8.48696582e+00  1.25802398e+05 -1.98057528e-01 
 7.50000000e-01  3.92800000e+03  1.85000000e+00 -1.03151465e-03  4.00482337e-01  6.78200355e-02  1.04882138e+02  8.48696582e+00  1.25802398e+05 -1.98057528e-01 
 7.60000000e-01  3.92800000e+03  1.85000000e+00 -1.03333846e-03  4.00482337e-01  6.78200355e-02  1.04882138e+02  8.48696582e+00  1.25802398e+05 -1.98057528e-01 
 7.70000000e-01  3.92800000e+03  1.85000000e+00 -1.03512123e-03  4.00482337e-01  6.78200355e-02  1.04882138e+02  8.48696582e+00  1.25802398e+05 -1.98057528e-01 
 7.80000000e-01  3.92800000e+03  1.85000000e+00 -1.03686467e-03  4.00482337e-01  6.78200355e-02  1.04882138e+02  8.48696582e+00  1.25802398e+05 -1.98057528e-01 
 7.90000000e-01  3.92800000e+03  1.85000000e+00 -1.03857042e-03  4.00482337e-01  6.78200355e-02  1.04882138e+02  8.48696582e+00  1.25802398e+05 -1.98057528e-01 
 8.00000000e-01  3.92800000e+03  1.85000000e+00 -1.04024004e-03  4.00482337e-01  6.78200355e-02  1.04882138e+02  8.48696582e+00  1.25802398e+05 -1.98057528e-01 
 8.10000000e-01  3.92800000e+03  1.85000000e+00 -1.04187499e-03  4.00482337e-01  6.78200355e-02  1.04882138e+02  8.48696582e+00  1.25802398e+05 -1.98057528e-01 
 8.20000000e-01  3.92800000e+03  1.85000000e+00 -1.04347664e-03  4.00482337e-01  6.78200355e-02  1.04882138e+02  8.48696582e+00  1.25802398e+05 -1.98057528e-01 
 8.30000000e-01  3.92800000e+03  1.85000000e+00 -1.04504631e-03  4.00482337e-01  6.78200355e-02  1.04882138e+02  8.48696582e+00  1.25802398e+05 -1.98057528e-01 
 8.40000000e-01  3.92800000e+03  1.85000000e+00 -1.04658524e-03  4.00482337e-01  6.78200355e-02  1.04882138e+02  8.48696582e+00  1.25802398e+05 -1.98057528e-01 
 8.50000000e-01  3.92800000e+03  1.85000000e+00 -1.04809461e-03  4.00482337e-01  6.78200355e-02  1.04882138e+02  8.48696582e+00  1.25802398e+05 -1.98057528e-01 
 8.60000000e-01  3.92800000e+03  1.85000000e+00 -1.04957554e-03  4.00482337e-01  6.78200355e-02  1.04882138e+02  8.48696582e+00  1.25802398e+05 -1.98057528e-01 
 8.70000000e-01  3.92800000e+03  1.85000000e+00 -1.05102907e-03  4.00482337e-01  6.78200355e-02  1.04882138e+02  8.48696582e+00  1.25802398e+05 -1.98057528e-01 
 8.80000000e-01  3.92800000e+03  1.85000000e+00 -1.05245623e-03  4.00482337e-01  6.78200355e-02  1.04882138e+02  8.48696582e+00  1.25802398e+05 -1.98057528e-01 
 8.90000000e-01  3.92800000e+03  1.85000000e+00 -1.05385796e-03  4.00482337e-01  6.78200355e-02  1.04882138e+02  8.48696582e+00  1.25802398e+05 -1.98057528e-01 
 9.00000000e-01  3.92800000e+03  1.85000000e+00 -1.05523519e-03  4.00482337e-01  6.78200355e-02  1.04882138e+02  8.48696582e+00  1.25802398e+05 -1.98057528e-01 
 9.10000000e-01  3.92800000e+03  1.85000000e+00 -1.05658876e-03  4.00482337e-01  6.78200355e-02  1.04882138e+02  8.48696582e+00  1.25802398e+05 -1.98057528e-01 
 9.20000000e-01  3.92800000e+03  1.85000000e+00 -1.05791952e-03  4.00482337e-01  6.78200355e-02  1.04882138e+02  8.48696582e+00  1.25802398e+05 -1.98057528e-01 
 9.30000000e-01  3.92800000e+03  1.85000000e+00 -1.05922825e-03  4.00482337e-01  6.78200355e-02  1.04882138e+02  8.48696582e+00  1.25802398e+05 -1.98057528e-01 
 9.40000000e-01  3.92800000e+03  1.85000000e+00 -1.06051570e-03  4.00482337e-01  6.78200355e-02  1.04882138e+02  8.48696582e+00  1.25802398e+05 -1.98057528e-01 
 9.50000000e-01  3.92800000e+03  1.85000000e+00 -1.06178258e-03  4.00482337e-01  6.78200355e-02  1.04882138e+02  8.48696582e+00  1.25802398e+05 -1.98057528e-01 
 9.60000000e-01  3.92800000e+03  1.85000000e+00 -1.06302957e-03  4.00482337e-01  6.78200355e-02  1.04882138e+02  8.48696582e+00  1.25802398e+05 -1.98057528e-01 
 9.70000000e-01  3.92800000e+03  1.85000000e+00 -1.06425734e-03  4.00482337e-01  6.78200355e-02  1.04882138e+02  8.48696582e+00  1.25802398e+05 -1.98057528e-01 
 9.80000000e-01  3.92800000e+03  1.85000000e+00 -1.06546650e-03  4.00482337e-01  6.78200355e-02  1.04882138e+02  8.48696582e+00  1.25802398e+05 -1.98057528e-01 
 9.90000000e-01  3.92800000e+03  1.85000000e+00 -1.06665764e-03  4.00482337e-01  6.78200355e-02  1.04882138e+02  8.48696582e+00  1.25802398e+05 -1.98057528e-01 
 1.00000000e+00  3.92800000e+03  1.85000000e+00 -1.06783135e-03  4.00482337e-01  6.78200355e-02  1.04882138e+02  8.48696582e+00  1.25802398e+05 -1.98057528e-01 
 1.01000000e+00  3.92800000e+03  1.85000000e+00 -1.06898816e-03  4.00482337e-01  6.78200355e-02  1.04882138e+02  8.48696582e+00  1.25802398e+05 -1.98057528e-01 
 1.02000000e+00  3.92800000e+03  1.85000000e+00 -1.07012860e-03  4.00482337e-01  6.78200355e-02  1.04882138e+02  8.48696582e+00  1.25802398e+05 -1.98057528e-01 
 1.03000000e+00  3.92800000e+03  1.85000000e+00 -1.07125316e-03  4.00482337e-01  6.78200355e-02  1.04882138e+02  8.48696582e+00  1.25802398e+05 -1.98057528e-01 
 1.04000000e+00  3.92800000e+03  1.85000000e+00 -1.07236234e-03  4.00482337e-01  6.78200355e-02  1.04882138e+02  8.48696582e+00  1.25802398e+05 -1.98057528e-01 
 1.05000000e+00  3.92800000e+03  1.85000000e+00 -1.07345657e-03  4.00482337e-01  6.78200355e-02  1.04882138e+02  8.48696582e+00  1.25802398e+05 -1.98057528e-01 
 1.06000000e+00  3.92800000e+03  1.85000000e+00 -1.07453632e-03  4.00482337e-01  6.78200355e-02  1.04882138e+02  8.48696582e+00  1.25802398e+05 -1.98057528e-01 
 1.07000000e+00  3.92800000e+03  1.85000000e+00 -1.07560200e-03  4.00482337e-01  6.78200355e-02  1.04882138e+02  8.48696582e+00  1.25802398e+05 -1.98057528e-01 
 1.08000000e+00  3.92800000e+03  1.85000000e+00 -1.07665402e-03  4.00482337e-01  6.78200355e-02  1.04882138e+02  8.48696582e+00  1.25802398e+05 -1.98057528e-01 
 1.09000000e+00  3.92800000e+03  1.85000000e+00 -1.07769276e-03  4.00482337e-01  6.78200355e-02  1.04882138e+02  8.48696582e+00  1.25802398e+05 -1.98057528e-01 
 1.10000000e+00  3.92800000e+03  1.85000000e+00 -1.07871861e-03  4.00482337e-01  6.78200355e-02  1.04882138e+02  8.48696582e+00  1.25802398e+05 -1.98057528e-01 
 1.11000000e+00  3.92800000e+03  1.85000000e+00 -1.07973193e-03  4.00482337e-01  6.78200355e-02  1.04882138e+02  8.48696582e+00  1.25802398e+05 -1.98057528e-01 
 1.12000000e+00  3.92800000e+03  1.85000000e+00 -1.08073306e-03  4.00482337e-01  6.78200355e-02  1.04882138e+02  8.48696582e+00  1.25802398e+05 -1.98057528e-01 
 1.13000000e+00  3.92800000e+03  1.85000000e+00 -1.08172233e-03  4.00482337e-01  6.78200355e-02  1.04882138e+02  8.48696582e+00  1.25802398e+05 -1.98057528e-01 
 1.14000000e+00  3.92800000e+03  1.85000000e+00 -1.08270007e-03  4.00482337e-01  6.78200355e-02  1.04882138e+02  8.48696582e+00  1.25802398e+05 -1.98057528e-01 
 1.15000000e+00  3.92800000e+03  1.85000000e+00 -1.08366658e-03  4.00482337e-01  6.78200355e-02  1.04882138e+02  8.48696582e+00  1.25802398e+05 -1.98057528e-01 
 1.16000000e+00  3.92800000e+03  1.85000000e+00 -1.08462217e-03  4.00482337e-01  6.78200355e-02  1.04882138e+02  8.48696582e+00  1.25802398e+05 -1.98057528e-01 
 1.17000000e+00  3.92800000e+03  1.85000000e+00 -1.08556712e-03  4.00482337e-01  6.78200355e-02  1.04882138e+02  8.48696582e+00  1.25802398e+05 -1.98057528e-01 
 1.18000000e+00  3.92800000e+03  1.85000000e+00 -1.08650171e-03  4.00482337e-01  6.78200355e-02  1.04882138e+02  8.48696582e+00  1.25802398e+05 -1.98057528e-01 
 1.19000000e+00  3.92800000e+03  1.85000000e+00 -1.08742620e-03  4.00482337e-01  6.78200355e-02  1.04882138e+02  8.48696582e+00  1.25802398e+05 -1.98057528e-01 
 1.20000000e+00  3.92800000e+03  1.85000000e+00 -1.08834086e-03  4.00482337e-01  6.78200355e-02  1.04882138e+02  8.48696582e+00  1.25802398e+05 -1.98057528e-01 
 1.21000000e+00  3.92800000e+03  1.85000000e+00 -1.08924593e-03  4.00482337e-01  6.78200355e-02  1.04882138e+02  8.48696582e+00  1.25802398e+05 -1.98057528e-01 
 1.22000000e+00  3.92800000e+03  1.85000000e+00 -1.09014164e-03  4.00482337e-01  6.78200355e-02  1.04882138e+02  8.48696582e+00  1.25802398e+05 -1.98057528e-01 
 1.23000000e+00  3.92800000e+03  1.85000000e+00 -1.09102824e-03  4.00482337e-01  6.78200355e-02  1.04882138e+02  8.48696582e+00  1.25802398e+05 -1.98057528e-01 
 1.24000000e+00  3.92800000e+03  1.85000000e+00 -1.09190594e-03  4.00482337e-01  6.78200355e-02  1.04882138e+02  8.48696582e+00  1.25802398e+05 -1.98057528e-01 
 1.25000000e+00  3.92800000e+03  1.85000000e+00 -1.09277497e-03  4.00482337e-01  6.78200355e-02  1.04882138e+02  8.48696582e+00  1.25802398e+05 -1.98057528e-01 
 1.26000000e+00  3.92800000e+03  1.85000000e+00 -1.09363552e-03  4.00482337e-01  6.78200355e-02  1.04882138e+02  8.48696582e+00  1.25802398e+05 -1.98057528e-01 
 1.27000000e+00  3.92800000e+03  1.85000000e+00 -1.09448781e-03  4.00482337e-01  6.78200355e-02  1.04882138e+02  8.48696582e+00  1.25802398e+05 -1.98057528e-01 
 1.28000000e+00  3.92800000e+03  1.85000000e+00 -1.09533203e-03  4.00482337e-01  6.78200355e-02  1.04882138e+02  8.48696582e+00  1.25802398e+05 -1.98057528e-01 
 1.29000000e+00  3.92800000e+03  1.85000000e+00 -1.09616836e-03  4.00482337e-01  6.78200355e-02  1.04882138e+02  8.48696582e+00  1.25802398e+05 -1.98057528e-01 
 1.30000000e+00  3.92800000e+03  1.85000000e+00 -1.09699699e-03  4.00482337e-01  6.78200355e-02  1.04882138e+02  8.48696582e+00  1.25802398e+05 -1.98057528e-01 
 1.31000000e+00  3.92800000e+03  1.85000000e+00 -1.09781810e-03  4.00482337e-01  6.78200355e-02  1.04882138e+02  8.48696582e+00  1.25802398e+05 -1.98057528e-01 
 1.32000000e+00  3.92800000e+03  1.85000000e+00 -1.09863185e-03  4.00482337e-01  6.78200355e-02  1.04882138e+02  8.48696582e+00  1.25802398e+05 -1.98057528e-01 
 1.33000000e+00  3.92800000e+03  1.85000000e+00 -1.09943843e-03  4.00482337e-01  6.78200355e-02  1.04882138e+02  8.48696582e+00  1.25802398e+05 -1.98057528e-01 
 1.34000000e+00  3.92800000e+03  1.85000000e+00 -1.10023797e-03  4.00482337e-01  6.78200355e-02  1.04882138e+02  8.48696582e+00  1.25802398e+05 -1.98057528e-01 
 1.35000000e+00  3.92800000e+03  1.85000000e+00 -1.10103065e-03  4.00482337e-01  6.78200355e-02  1.04882138e+02  8.48696582e+00  1.25802398e+05 -1.98057528e-01 
 1.36000000e+00  3.92800000e+03  1.85000000e+00 -1.10181661e-03  4.00482337e-01  6.78200355e-02  1.04882138e+02  8.48696582e+00  1.25802398e+05 -1.98057528e-01 
 1.37000000e+00  3.92800000e+03  1.85000000e+00 -1.10259600e-03  4.00482337e-01  6.78200355e-02  1.04882138e+02  8.48696582e+00  1.25802398e+05 -1.98057528e-01 
 1.38000000e+00  3.92800000e+03  1.85000000e+00 -1.10336896e-03  4.00482337e-01  6.78200355e-02  1.04882138e+02  8.48696582e+00  1.25802398e+05 -1.98057528e-01 
 1.39000000e+00  3.92800000e+03  1.85000000e+00 -1.10413564e-03  4.00482337e-01  6.78200355e-02  1.04882138e+02  8.48696582e+00  1.25802398e+05 -1.98057528e-01 
 1.40000000e+00  3.92800000e+03  1.85000000e+00 -1.10489616e-03  4.00482337e-01  6.78200355e-02  1.04882138e+02  8.48696582e+00  1.25802398e+05 -1.98057528e-01 
 1.41000000e+00  3.92800000e+03  1.85000000e+00 -1.10565065e-03  4.00482337e-01  6.78200355e-02  1.04882138e+02  8.48696582e+00  1.25802398e+05 -1.98057528e-01 
 1.42000000e+00  3.92800000e+03  1.85000000e+00 -1.10639925e-03  4.00482337e-01  6.78200355e-02  1.04882138e+02  8.48696582e+00  1.25802398e+05 -1.98057528e-01 
 1.43000000e+00  3.92800000e+03  1.85000000e+00 -1.10714208e-03  4.00482337e-01  6.78200355e-02  1.04882138e+02  8.48696582e+00  1.25802398e+05 -1.98057528e-01 
 1.44000000e+00  3.92800000e+03  1.85000000e+00 -1.10787925e-03  4.00482337e-01  6.78200355e-02  1.04882138e+02  8.48696582e+00  1.25802398e+05 -1.98057528e-01 
 1.45000000e+00  3.92800000e+03  1.85000000e+00 -1.10861089e-03  4.00482337e-01  6.78200355e-02  1.04882138e+02  8.48696582e+00  1.25802398e+05 -1.98057528e-01 
 1.46000000e+00  3.92800000e+03  1.85000000e+00 -1.10933711e-03  4.00482337e-01  6.78200355e-02  1.04882138e+02  8.48696582e+00  1.25802398e+05 -1.98057528e-01 
 1.47000000e+00  3.92800000e+03  1.85000000e+00 -1.11005801e-03  4.00482337e-01  6.78200355e-02  1.04882138e+02  8.48696582e+00  1.25802398e+05 -1.98057528e-01 
 1.48000000e+00  3.92800000e+03  1.85000000e+00 -1.11077372e-03  4.00482337e-01  6.78200355e-02  1.04882138e+02  8.48696582e+00  1.25802398e+05 -1.98057528e-01 
 1.49000000e+00  3.92800000e+03  1.85000000e+00 -1.11148434e-03  4.00482337e-01  6.78200355e-02  1.04882138e+02  8.48696582e+00  1.25802398e+05 -1.98057528e-01 
 1.50000000e+00  3.92800000e+03  1.85000000e+00 -1.11218996e-03  4.00482337e-01  6.78200355e-02  1.04882138e+02  8.48696582e+00  1.25802398e+05 -1.98057528e-01 
 1.51000000e+00  3.92800000e+03  1.85000000e+00 -1.11289070e-03  4.00482337e-01  6.78200355e-02  1.04882138e+02  8.48696582e+00  1.25802398e+05 -1.98057528e-01 
 1.52000000e+00  3.92800000e+03  1.85000000e+00 -1.11358666e-03  4.00482337e-01  6.78200355e-02  1.04882138e+02  8.48696582e+00  1.25802398e+05 -1.98057528e-01 
 1.53000000e+00  3.92800000e+03  1.85000000e+00 -1.11427792e-03  4.00482337e-01  6.78200355e-02  1.04882138e+02  8.48696582e+00  1.25802398e+05 -1.98057528e-01 
 1.54000000e+00  3.92800000e+03  1.85000000e+00 -1.11496459e-03  4.00482337e-01  6.78200355e-02  1.04882138e+02  8.48696582e+00  1.25802398e+05 -1.98057528e-01 
 1.55000000e+00  3.92800000e+03  1.85000000e+00 -1.11564677e-03  4.00482337e-01  6.78200355e-02  1.04882138e+02  8.48696582e+00  1.25802398e+05 -1.98057528e-01 
 1.56000000e+00  3.92800000e+03  1.85000000e+00 -1.11632454e-03  4.00482337e-01  6.78200355e-02  1.04882138e+02  8.48696582e+00  1.25802398e+05 -1.98057528e-01 
 1.57000000e+00  3.92800000e+03  1.85000000e+00 -1.11699801e-03  4.00482337e-01  6.78200355e-02  1.04882138e+02  8.48696582e+00  1.25802398e+05 -1.98057528e-01 
 1.58000000e+00  3.92800000e+03  1.85000000e+00 -1.11766725e-03  4.00482337e-01  6.78200355e-02  1.04882138e+02  8.48696582e+00  1.25802398e+05 -1.98057528e-01 
 1.59000000e+00  3.92800000e+03  1.85000000e+00 -1.11833238e-03  4.00482337e-01  6.78200355e-02  1.04882138e+02  8.48696582e+00  1.25802398e+05 -1.98057528e-01 
 1.60000000e+00  3.92800000e+03  1.85000000e+00 -1.11899346e-03  4.00482337e-01  6.78200355e-02  1.04882138e+02  8.48696582e+00  1.25802398e+05 -1.98057528e-01 
 1.61000000e+00  3.92800000e+03  1.85000000e+00 -1.11965060e-03  4.00482337e-01  6.78200355e-02  1.04882138e+02  8.48696582e+00  1.25802398e+05 -1.98057528e-01 
 1.62000000e+00  3.92800000e+03  1.85000000e+00 -1.12030389e-03  4.00482337e-01  6.78200355e-02  1.04882138e+02  8.48696582e+00  1.25802398e+05 -1.98057528e-01 
 1.63000000e+00  3.92800000e+03  1.85000000e+00 -1.12095342e-03  4.00482337e-01  6.78200355e-02  1.04882138e+02  8.48696582e+00  1.25802398e+05 -1.98057528e-01 
 1.64000000e+00  3.92800000e+03  1.85000000e+00 -1.12159927e-03  4.00482337e-01  6.78200355e-02  1.04882138e+02  8.48696582e+00  1.25802398e+05 -1.98057528e-01 
 1.65000000e+00  3.92800000e+03  1.85000000e+00 -1.12224155e-03  4.00482337e-01  6.78200355e-02  1.04882138e+02  8.48696582e+00  1.25802398e+05 -1.98057528e-01 
 1.66000000e+00  3.92800000e+03  1.85000000e+00 -1.12288034e-03  4.00482337e-01  6.78200355e-02  1.04882138e+02  8.48696582e+00  1.25802398e+05 -1.98057528e-01 
 1.67000000e+00  3.92800000e+03  1.85000000e+00 -1.12351573e-03  4.00482337e-01  6.78200355e-02  1.04882138e+02  8.48696582e+00  1.25802398e+05 -1.98057528e-01 
 1.68000000e+00  3.92800000e+03  1.85000000e+00 -1.12414784e-03  4.00482337e-01  6.78200355e-02  1.04882138e+02  8.48696582e+00  1.25802398e+05 -1.98057528e-01 
 1.69000000e+00  3.92800000e+03  1.85000000e+00 -1.12477674e-03  4.00482337e-01  6.78200355e-02  1.04882138e+02  8.48696582e+00  1.25802398e+05 -1.98057528e-01 
 1.70000000e+00  3.92800000e+03  1.85000000e+00 -1.12540255e-03  4.00482337e-01  6.78200355e-02  1.04882138e+02  8.48696582e+00  1.25802398e+05 -1.98057528e-01 
 1.71000000e+00  3.92800000e+03  1.85000000e+00 -1.12602536e-03  4.00482337e-01  6.78200355e-02  1.04882138e+02  8.48696582e+00  1.25802398e+05 -1.98057528e-01 
 1.72000000e+00  3.92800000e+03  1.85000000e+00 -1.12664529e-03  4.00482337e-01  6.78200355e-02  1.04882138e+02  8.48696582e+00  1.25802398e+05 -1.98057528e-01 
 1.73000000e+00  3.92800000e+03  1.85000000e+00 -1.12726243e-03  4.00482337e-01  6.78200355e-02  1.04882138e+02  8.48696582e+00  1.25802398e+05 -1.98057528e-01 
 1.74000000e+00  3.92800000e+03  1.85000000e+00 -1.12787691e-03  4.00482337e-01  6.78200355e-02  1.04882138e+02  8.48696582e+00  1.25802398e+05 -1.98057528e-01 
 1.75000000e+00  3.92800000e+03  1.85000000e+00 -1.12848884e-03  4.00482337e-01  6.78200355e-02  1.04882138e+02  8.48696582e+00  1.25802398e+05 -1.98057528e-01 
 1.76000000e+00  3.92800000e+03  1.85000000e+00 -1.12909834e-03  4.00482337e-01  6.78200355e-02  1.04882138e+02  8.48696582e+00  1.25802398e+05 -1.98057528e-01 
 1.77000000e+00  3.92800000e+03  1.85000000e+00 -1.12970554e-03  4.00482337e-01  6.78200355e-02  1.04882138e+02  8.48696582e+00  1.25802398e+05 -1.98057528e-01 
 1.78000000e+00  3.92800000e+03  1.85000000e+00 -1.13031057e-03  4.00482337e-01  6.78200355e-02  1.04882138e+02  8.48696582e+00  1.25802398e+05 -1.98057528e-01 
 1.79000000e+00  3.92800000e+03  1.85000000e+00 -1.13091358e-03  4.00482337e-01  6.78200355e-02  1.04882138e+02  8.48696582e+00  1.25802398e+05 -1.98057528e-01 
 1.80000000e+00  3.92800000e+03  1.85000000e+00 -1.13151470e-03  4.00482337e-01  6.78200355e-02  1.04882138e+02  8.48696582e+00  1.25802398e+05 -1.98057528e-01 
 1.81000000e+00  3.92800000e+03  1.85000000e+00 -1.13211408e-03  4.00482337e-01  6.78200355e-02  1.04882138e+02  8.48696582e+00  1.25802398e+05 -1.98057528e-01 
 1.82000000e+00  3.92800000e+03  1.85000000e+00 -1.13271190e-03  4.00482337e-01  6.78200355e-02  1.04882138e+02  8.48696582e+00  1.25802398e+05 -1.98057528e-01 
 1.83000000e+00  3.92800000e+03  1.85000000e+00 -1.13330832e-03  4.00482337e-01  6.78200355e-02  1.04882138e+02  8.48696582e+00  1.25802398e+05 -1.98057528e-01 
 1.84000000e+00  3.92800000e+03  1.85000000e+00 -1.13390351e-03  4.00482337e-01  6.78200355e-02  1.04882138e+02  8.48696582e+00  1.25802398e+05 -1.98057528e-01 
 1.85000000e+00  3.92800000e+03  1.85000000e+00 -1.13449767e-03  4.00482337e-01  6.78200355e-02  1.04882138e+02  8.48696582e+00  1.25802398e+05 -1.98057528e-01 
