 v-sweep         run_num         v(gate)         i(vds)          out_vth0        out_u0          out_rdsw        out_nfactor     out_vsat        out_eta0       
 0.00000000e+00  8.17000000e+02  1.85000000e+00 -3.58313785e-43  3.60058495e-01  5.73856562e-02  1.00716264e+02  5.44967386e+00  1.05966288e+05 -1.88702393e-01 
 1.00000000e-02  8.17000000e+02  1.85000000e+00 -3.98149913e-05  3.60058495e-01  5.73856562e-02  1.00716264e+02  5.44967386e+00  1.05966288e+05 -1.88702393e-01 
 2.00000000e-02  8.17000000e+02  1.85000000e+00 -7.87947084e-05  3.60058495e-01  5.73856562e-02  1.00716264e+02  5.44967386e+00  1.05966288e+05 -1.88702393e-01 
 3.00000000e-02  8.17000000e+02  1.85000000e+00 -1.16927510e-04  3.60058495e-01  5.73856562e-02  1.00716264e+02  5.44967386e+00  1.05966288e+05 -1.88702393e-01 
 4.00000000e-02  8.17000000e+02  1.85000000e+00 -1.54202010e-04  3.60058495e-01  5.73856562e-02  1.00716264e+02  5.44967386e+00  1.05966288e+05 -1.88702393e-01 
 5.00000000e-02  8.17000000e+02  1.85000000e+00 -1.90606665e-04  3.60058495e-01  5.73856562e-02  1.00716264e+02  5.44967386e+00  1.05966288e+05 -1.88702393e-01 
 6.00000000e-02  8.17000000e+02  1.85000000e+00 -2.26129440e-04  3.60058495e-01  5.73856562e-02  1.00716264e+02  5.44967386e+00  1.05966288e+05 -1.88702393e-01 
 7.00000000e-02  8.17000000e+02  1.85000000e+00 -2.60757543e-04  3.60058495e-01  5.73856562e-02  1.00716264e+02  5.44967386e+00  1.05966288e+05 -1.88702393e-01 
 8.00000000e-02  8.17000000e+02  1.85000000e+00 -2.94477228e-04  3.60058495e-01  5.73856562e-02  1.00716264e+02  5.44967386e+00  1.05966288e+05 -1.88702393e-01 
 9.00000000e-02  8.17000000e+02  1.85000000e+00 -3.27273678e-04  3.60058495e-01  5.73856562e-02  1.00716264e+02  5.44967386e+00  1.05966288e+05 -1.88702393e-01 
 1.00000000e-01  8.17000000e+02  1.85000000e+00 -3.59130956e-04  3.60058495e-01  5.73856562e-02  1.00716264e+02  5.44967386e+00  1.05966288e+05 -1.88702393e-01 
 1.10000000e-01  8.17000000e+02  1.85000000e+00 -3.90032053e-04  3.60058495e-01  5.73856562e-02  1.00716264e+02  5.44967386e+00  1.05966288e+05 -1.88702393e-01 
 1.20000000e-01  8.17000000e+02  1.85000000e+00 -4.19959042e-04  3.60058495e-01  5.73856562e-02  1.00716264e+02  5.44967386e+00  1.05966288e+05 -1.88702393e-01 
 1.30000000e-01  8.17000000e+02  1.85000000e+00 -4.48893353e-04  3.60058495e-01  5.73856562e-02  1.00716264e+02  5.44967386e+00  1.05966288e+05 -1.88702393e-01 
 1.40000000e-01  8.17000000e+02  1.85000000e+00 -4.76816183e-04  3.60058495e-01  5.73856562e-02  1.00716264e+02  5.44967386e+00  1.05966288e+05 -1.88702393e-01 
 1.50000000e-01  8.17000000e+02  1.85000000e+00 -5.03709050e-04  3.60058495e-01  5.73856562e-02  1.00716264e+02  5.44967386e+00  1.05966288e+05 -1.88702393e-01 
 1.60000000e-01  8.17000000e+02  1.85000000e+00 -5.29554494e-04  3.60058495e-01  5.73856562e-02  1.00716264e+02  5.44967386e+00  1.05966288e+05 -1.88702393e-01 
 1.70000000e-01  8.17000000e+02  1.85000000e+00 -5.54336906e-04  3.60058495e-01  5.73856562e-02  1.00716264e+02  5.44967386e+00  1.05966288e+05 -1.88702393e-01 
 1.80000000e-01  8.17000000e+02  1.85000000e+00 -5.78043460e-04  3.60058495e-01  5.73856562e-02  1.00716264e+02  5.44967386e+00  1.05966288e+05 -1.88702393e-01 
 1.90000000e-01  8.17000000e+02  1.85000000e+00 -6.00665097e-04  3.60058495e-01  5.73856562e-02  1.00716264e+02  5.44967386e+00  1.05966288e+05 -1.88702393e-01 
 2.00000000e-01  8.17000000e+02  1.85000000e+00 -6.22197488e-04  3.60058495e-01  5.73856562e-02  1.00716264e+02  5.44967386e+00  1.05966288e+05 -1.88702393e-01 
 2.10000000e-01  8.17000000e+02  1.85000000e+00 -6.42641908e-04  3.60058495e-01  5.73856562e-02  1.00716264e+02  5.44967386e+00  1.05966288e+05 -1.88702393e-01 
 2.20000000e-01  8.17000000e+02  1.85000000e+00 -6.62005924e-04  3.60058495e-01  5.73856562e-02  1.00716264e+02  5.44967386e+00  1.05966288e+05 -1.88702393e-01 
 2.30000000e-01  8.17000000e+02  1.85000000e+00 -6.80303827e-04  3.60058495e-01  5.73856562e-02  1.00716264e+02  5.44967386e+00  1.05966288e+05 -1.88702393e-01 
 2.40000000e-01  8.17000000e+02  1.85000000e+00 -6.97556759e-04  3.60058495e-01  5.73856562e-02  1.00716264e+02  5.44967386e+00  1.05966288e+05 -1.88702393e-01 
 2.50000000e-01  8.17000000e+02  1.85000000e+00 -7.13792495e-04  3.60058495e-01  5.73856562e-02  1.00716264e+02  5.44967386e+00  1.05966288e+05 -1.88702393e-01 
 2.60000000e-01  8.17000000e+02  1.85000000e+00 -7.29044920e-04  3.60058495e-01  5.73856562e-02  1.00716264e+02  5.44967386e+00  1.05966288e+05 -1.88702393e-01 
 2.70000000e-01  8.17000000e+02  1.85000000e+00 -7.43353220e-04  3.60058495e-01  5.73856562e-02  1.00716264e+02  5.44967386e+00  1.05966288e+05 -1.88702393e-01 
 2.80000000e-01  8.17000000e+02  1.85000000e+00 -7.56760885e-04  3.60058495e-01  5.73856562e-02  1.00716264e+02  5.44967386e+00  1.05966288e+05 -1.88702393e-01 
 2.90000000e-01  8.17000000e+02  1.85000000e+00 -7.69314594e-04  3.60058495e-01  5.73856562e-02  1.00716264e+02  5.44967386e+00  1.05966288e+05 -1.88702393e-01 
 3.00000000e-01  8.17000000e+02  1.85000000e+00 -7.81063075e-04  3.60058495e-01  5.73856562e-02  1.00716264e+02  5.44967386e+00  1.05966288e+05 -1.88702393e-01 
 3.10000000e-01  8.17000000e+02  1.85000000e+00 -7.92056023e-04  3.60058495e-01  5.73856562e-02  1.00716264e+02  5.44967386e+00  1.05966288e+05 -1.88702393e-01 
 3.20000000e-01  8.17000000e+02  1.85000000e+00 -8.02343123e-04  3.60058495e-01  5.73856562e-02  1.00716264e+02  5.44967386e+00  1.05966288e+05 -1.88702393e-01 
 3.30000000e-01  8.17000000e+02  1.85000000e+00 -8.11973213e-04  3.60058495e-01  5.73856562e-02  1.00716264e+02  5.44967386e+00  1.05966288e+05 -1.88702393e-01 
 3.40000000e-01  8.17000000e+02  1.85000000e+00 -8.20993626e-04  3.60058495e-01  5.73856562e-02  1.00716264e+02  5.44967386e+00  1.05966288e+05 -1.88702393e-01 
 3.50000000e-01  8.17000000e+02  1.85000000e+00 -8.29449677e-04  3.60058495e-01  5.73856562e-02  1.00716264e+02  5.44967386e+00  1.05966288e+05 -1.88702393e-01 
 3.60000000e-01  8.17000000e+02  1.85000000e+00 -8.37384317e-04  3.60058495e-01  5.73856562e-02  1.00716264e+02  5.44967386e+00  1.05966288e+05 -1.88702393e-01 
 3.70000000e-01  8.17000000e+02  1.85000000e+00 -8.44837908e-04  3.60058495e-01  5.73856562e-02  1.00716264e+02  5.44967386e+00  1.05966288e+05 -1.88702393e-01 
 3.80000000e-01  8.17000000e+02  1.85000000e+00 -8.51848119e-04  3.60058495e-01  5.73856562e-02  1.00716264e+02  5.44967386e+00  1.05966288e+05 -1.88702393e-01 
 3.90000000e-01  8.17000000e+02  1.85000000e+00 -8.58449903e-04  3.60058495e-01  5.73856562e-02  1.00716264e+02  5.44967386e+00  1.05966288e+05 -1.88702393e-01 
 4.00000000e-01  8.17000000e+02  1.85000000e+00 -8.64675542e-04  3.60058495e-01  5.73856562e-02  1.00716264e+02  5.44967386e+00  1.05966288e+05 -1.88702393e-01 
 4.10000000e-01  8.17000000e+02  1.85000000e+00 -8.70554742e-04  3.60058495e-01  5.73856562e-02  1.00716264e+02  5.44967386e+00  1.05966288e+05 -1.88702393e-01 
 4.20000000e-01  8.17000000e+02  1.85000000e+00 -8.76114763e-04  3.60058495e-01  5.73856562e-02  1.00716264e+02  5.44967386e+00  1.05966288e+05 -1.88702393e-01 
 4.30000000e-01  8.17000000e+02  1.85000000e+00 -8.81380563e-04  3.60058495e-01  5.73856562e-02  1.00716264e+02  5.44967386e+00  1.05966288e+05 -1.88702393e-01 
 4.40000000e-01  8.17000000e+02  1.85000000e+00 -8.86374957e-04  3.60058495e-01  5.73856562e-02  1.00716264e+02  5.44967386e+00  1.05966288e+05 -1.88702393e-01 
 4.50000000e-01  8.17000000e+02  1.85000000e+00 -8.91118778e-04  3.60058495e-01  5.73856562e-02  1.00716264e+02  5.44967386e+00  1.05966288e+05 -1.88702393e-01 
 4.60000000e-01  8.17000000e+02  1.85000000e+00 -8.95631039e-04  3.60058495e-01  5.73856562e-02  1.00716264e+02  5.44967386e+00  1.05966288e+05 -1.88702393e-01 
 4.70000000e-01  8.17000000e+02  1.85000000e+00 -8.99929082e-04  3.60058495e-01  5.73856562e-02  1.00716264e+02  5.44967386e+00  1.05966288e+05 -1.88702393e-01 
 4.80000000e-01  8.17000000e+02  1.85000000e+00 -9.04028730e-04  3.60058495e-01  5.73856562e-02  1.00716264e+02  5.44967386e+00  1.05966288e+05 -1.88702393e-01 
 4.90000000e-01  8.17000000e+02  1.85000000e+00 -9.07944419e-04  3.60058495e-01  5.73856562e-02  1.00716264e+02  5.44967386e+00  1.05966288e+05 -1.88702393e-01 
 5.00000000e-01  8.17000000e+02  1.85000000e+00 -9.11689327e-04  3.60058495e-01  5.73856562e-02  1.00716264e+02  5.44967386e+00  1.05966288e+05 -1.88702393e-01 
 5.10000000e-01  8.17000000e+02  1.85000000e+00 -9.15275492e-04  3.60058495e-01  5.73856562e-02  1.00716264e+02  5.44967386e+00  1.05966288e+05 -1.88702393e-01 
 5.20000000e-01  8.17000000e+02  1.85000000e+00 -9.18713917e-04  3.60058495e-01  5.73856562e-02  1.00716264e+02  5.44967386e+00  1.05966288e+05 -1.88702393e-01 
 5.30000000e-01  8.17000000e+02  1.85000000e+00 -9.22014669e-04  3.60058495e-01  5.73856562e-02  1.00716264e+02  5.44967386e+00  1.05966288e+05 -1.88702393e-01 
 5.40000000e-01  8.17000000e+02  1.85000000e+00 -9.25186966e-04  3.60058495e-01  5.73856562e-02  1.00716264e+02  5.44967386e+00  1.05966288e+05 -1.88702393e-01 
 5.50000000e-01  8.17000000e+02  1.85000000e+00 -9.28239258e-04  3.60058495e-01  5.73856562e-02  1.00716264e+02  5.44967386e+00  1.05966288e+05 -1.88702393e-01 
 5.60000000e-01  8.17000000e+02  1.85000000e+00 -9.31179301e-04  3.60058495e-01  5.73856562e-02  1.00716264e+02  5.44967386e+00  1.05966288e+05 -1.88702393e-01 
 5.70000000e-01  8.17000000e+02  1.85000000e+00 -9.34014218e-04  3.60058495e-01  5.73856562e-02  1.00716264e+02  5.44967386e+00  1.05966288e+05 -1.88702393e-01 
 5.80000000e-01  8.17000000e+02  1.85000000e+00 -9.36750561e-04  3.60058495e-01  5.73856562e-02  1.00716264e+02  5.44967386e+00  1.05966288e+05 -1.88702393e-01 
 5.90000000e-01  8.17000000e+02  1.85000000e+00 -9.39394364e-04  3.60058495e-01  5.73856562e-02  1.00716264e+02  5.44967386e+00  1.05966288e+05 -1.88702393e-01 
 6.00000000e-01  8.17000000e+02  1.85000000e+00 -9.41951190e-04  3.60058495e-01  5.73856562e-02  1.00716264e+02  5.44967386e+00  1.05966288e+05 -1.88702393e-01 
 6.10000000e-01  8.17000000e+02  1.85000000e+00 -9.44426171e-04  3.60058495e-01  5.73856562e-02  1.00716264e+02  5.44967386e+00  1.05966288e+05 -1.88702393e-01 
 6.20000000e-01  8.17000000e+02  1.85000000e+00 -9.46824053e-04  3.60058495e-01  5.73856562e-02  1.00716264e+02  5.44967386e+00  1.05966288e+05 -1.88702393e-01 
 6.30000000e-01  8.17000000e+02  1.85000000e+00 -9.49149225e-04  3.60058495e-01  5.73856562e-02  1.00716264e+02  5.44967386e+00  1.05966288e+05 -1.88702393e-01 
 6.40000000e-01  8.17000000e+02  1.85000000e+00 -9.51405752e-04  3.60058495e-01  5.73856562e-02  1.00716264e+02  5.44967386e+00  1.05966288e+05 -1.88702393e-01 
 6.50000000e-01  8.17000000e+02  1.85000000e+00 -9.53597405e-04  3.60058495e-01  5.73856562e-02  1.00716264e+02  5.44967386e+00  1.05966288e+05 -1.88702393e-01 
 6.60000000e-01  8.17000000e+02  1.85000000e+00 -9.55727686e-04  3.60058495e-01  5.73856562e-02  1.00716264e+02  5.44967386e+00  1.05966288e+05 -1.88702393e-01 
 6.70000000e-01  8.17000000e+02  1.85000000e+00 -9.57799848e-04  3.60058495e-01  5.73856562e-02  1.00716264e+02  5.44967386e+00  1.05966288e+05 -1.88702393e-01 
 6.80000000e-01  8.17000000e+02  1.85000000e+00 -9.59816919e-04  3.60058495e-01  5.73856562e-02  1.00716264e+02  5.44967386e+00  1.05966288e+05 -1.88702393e-01 
 6.90000000e-01  8.17000000e+02  1.85000000e+00 -9.61781720e-04  3.60058495e-01  5.73856562e-02  1.00716264e+02  5.44967386e+00  1.05966288e+05 -1.88702393e-01 
 7.00000000e-01  8.17000000e+02  1.85000000e+00 -9.63696882e-04  3.60058495e-01  5.73856562e-02  1.00716264e+02  5.44967386e+00  1.05966288e+05 -1.88702393e-01 
 7.10000000e-01  8.17000000e+02  1.85000000e+00 -9.65564860e-04  3.60058495e-01  5.73856562e-02  1.00716264e+02  5.44967386e+00  1.05966288e+05 -1.88702393e-01 
 7.20000000e-01  8.17000000e+02  1.85000000e+00 -9.67387952e-04  3.60058495e-01  5.73856562e-02  1.00716264e+02  5.44967386e+00  1.05966288e+05 -1.88702393e-01 
 7.30000000e-01  8.17000000e+02  1.85000000e+00 -9.69168303e-04  3.60058495e-01  5.73856562e-02  1.00716264e+02  5.44967386e+00  1.05966288e+05 -1.88702393e-01 
 7.40000000e-01  8.17000000e+02  1.85000000e+00 -9.70907925e-04  3.60058495e-01  5.73856562e-02  1.00716264e+02  5.44967386e+00  1.05966288e+05 -1.88702393e-01 
 7.50000000e-01  8.17000000e+02  1.85000000e+00 -9.72608703e-04  3.60058495e-01  5.73856562e-02  1.00716264e+02  5.44967386e+00  1.05966288e+05 -1.88702393e-01 
 7.60000000e-01  8.17000000e+02  1.85000000e+00 -9.74272406e-04  3.60058495e-01  5.73856562e-02  1.00716264e+02  5.44967386e+00  1.05966288e+05 -1.88702393e-01 
 7.70000000e-01  8.17000000e+02  1.85000000e+00 -9.75900695e-04  3.60058495e-01  5.73856562e-02  1.00716264e+02  5.44967386e+00  1.05966288e+05 -1.88702393e-01 
 7.80000000e-01  8.17000000e+02  1.85000000e+00 -9.77495133e-04  3.60058495e-01  5.73856562e-02  1.00716264e+02  5.44967386e+00  1.05966288e+05 -1.88702393e-01 
 7.90000000e-01  8.17000000e+02  1.85000000e+00 -9.79057188e-04  3.60058495e-01  5.73856562e-02  1.00716264e+02  5.44967386e+00  1.05966288e+05 -1.88702393e-01 
 8.00000000e-01  8.17000000e+02  1.85000000e+00 -9.80588245e-04  3.60058495e-01  5.73856562e-02  1.00716264e+02  5.44967386e+00  1.05966288e+05 -1.88702393e-01 
 8.10000000e-01  8.17000000e+02  1.85000000e+00 -9.82089609e-04  3.60058495e-01  5.73856562e-02  1.00716264e+02  5.44967386e+00  1.05966288e+05 -1.88702393e-01 
 8.20000000e-01  8.17000000e+02  1.85000000e+00 -9.83562510e-04  3.60058495e-01  5.73856562e-02  1.00716264e+02  5.44967386e+00  1.05966288e+05 -1.88702393e-01 
 8.30000000e-01  8.17000000e+02  1.85000000e+00 -9.85008109e-04  3.60058495e-01  5.73856562e-02  1.00716264e+02  5.44967386e+00  1.05966288e+05 -1.88702393e-01 
 8.40000000e-01  8.17000000e+02  1.85000000e+00 -9.86427505e-04  3.60058495e-01  5.73856562e-02  1.00716264e+02  5.44967386e+00  1.05966288e+05 -1.88702393e-01 
 8.50000000e-01  8.17000000e+02  1.85000000e+00 -9.87821736e-04  3.60058495e-01  5.73856562e-02  1.00716264e+02  5.44967386e+00  1.05966288e+05 -1.88702393e-01 
 8.60000000e-01  8.17000000e+02  1.85000000e+00 -9.89191785e-04  3.60058495e-01  5.73856562e-02  1.00716264e+02  5.44967386e+00  1.05966288e+05 -1.88702393e-01 
 8.70000000e-01  8.17000000e+02  1.85000000e+00 -9.90538582e-04  3.60058495e-01  5.73856562e-02  1.00716264e+02  5.44967386e+00  1.05966288e+05 -1.88702393e-01 
 8.80000000e-01  8.17000000e+02  1.85000000e+00 -9.91863010e-04  3.60058495e-01  5.73856562e-02  1.00716264e+02  5.44967386e+00  1.05966288e+05 -1.88702393e-01 
 8.90000000e-01  8.17000000e+02  1.85000000e+00 -9.93165904e-04  3.60058495e-01  5.73856562e-02  1.00716264e+02  5.44967386e+00  1.05966288e+05 -1.88702393e-01 
 9.00000000e-01  8.17000000e+02  1.85000000e+00 -9.94448059e-04  3.60058495e-01  5.73856562e-02  1.00716264e+02  5.44967386e+00  1.05966288e+05 -1.88702393e-01 
 9.10000000e-01  8.17000000e+02  1.85000000e+00 -9.95710230e-04  3.60058495e-01  5.73856562e-02  1.00716264e+02  5.44967386e+00  1.05966288e+05 -1.88702393e-01 
 9.20000000e-01  8.17000000e+02  1.85000000e+00 -9.96953133e-04  3.60058495e-01  5.73856562e-02  1.00716264e+02  5.44967386e+00  1.05966288e+05 -1.88702393e-01 
 9.30000000e-01  8.17000000e+02  1.85000000e+00 -9.98177450e-04  3.60058495e-01  5.73856562e-02  1.00716264e+02  5.44967386e+00  1.05966288e+05 -1.88702393e-01 
 9.40000000e-01  8.17000000e+02  1.85000000e+00 -9.99383830e-04  3.60058495e-01  5.73856562e-02  1.00716264e+02  5.44967386e+00  1.05966288e+05 -1.88702393e-01 
 9.50000000e-01  8.17000000e+02  1.85000000e+00 -1.00057289e-03  3.60058495e-01  5.73856562e-02  1.00716264e+02  5.44967386e+00  1.05966288e+05 -1.88702393e-01 
 9.60000000e-01  8.17000000e+02  1.85000000e+00 -1.00174522e-03  3.60058495e-01  5.73856562e-02  1.00716264e+02  5.44967386e+00  1.05966288e+05 -1.88702393e-01 
 9.70000000e-01  8.17000000e+02  1.85000000e+00 -1.00290138e-03  3.60058495e-01  5.73856562e-02  1.00716264e+02  5.44967386e+00  1.05966288e+05 -1.88702393e-01 
 9.80000000e-01  8.17000000e+02  1.85000000e+00 -1.00404191e-03  3.60058495e-01  5.73856562e-02  1.00716264e+02  5.44967386e+00  1.05966288e+05 -1.88702393e-01 
 9.90000000e-01  8.17000000e+02  1.85000000e+00 -1.00516732e-03  3.60058495e-01  5.73856562e-02  1.00716264e+02  5.44967386e+00  1.05966288e+05 -1.88702393e-01 
 1.00000000e+00  8.17000000e+02  1.85000000e+00 -1.00627809e-03  3.60058495e-01  5.73856562e-02  1.00716264e+02  5.44967386e+00  1.05966288e+05 -1.88702393e-01 
 1.01000000e+00  8.17000000e+02  1.85000000e+00 -1.00737469e-03  3.60058495e-01  5.73856562e-02  1.00716264e+02  5.44967386e+00  1.05966288e+05 -1.88702393e-01 
 1.02000000e+00  8.17000000e+02  1.85000000e+00 -1.00845758e-03  3.60058495e-01  5.73856562e-02  1.00716264e+02  5.44967386e+00  1.05966288e+05 -1.88702393e-01 
 1.03000000e+00  8.17000000e+02  1.85000000e+00 -1.00952717e-03  3.60058495e-01  5.73856562e-02  1.00716264e+02  5.44967386e+00  1.05966288e+05 -1.88702393e-01 
 1.04000000e+00  8.17000000e+02  1.85000000e+00 -1.01058387e-03  3.60058495e-01  5.73856562e-02  1.00716264e+02  5.44967386e+00  1.05966288e+05 -1.88702393e-01 
 1.05000000e+00  8.17000000e+02  1.85000000e+00 -1.01162808e-03  3.60058495e-01  5.73856562e-02  1.00716264e+02  5.44967386e+00  1.05966288e+05 -1.88702393e-01 
 1.06000000e+00  8.17000000e+02  1.85000000e+00 -1.01266017e-03  3.60058495e-01  5.73856562e-02  1.00716264e+02  5.44967386e+00  1.05966288e+05 -1.88702393e-01 
 1.07000000e+00  8.17000000e+02  1.85000000e+00 -1.01368050e-03  3.60058495e-01  5.73856562e-02  1.00716264e+02  5.44967386e+00  1.05966288e+05 -1.88702393e-01 
 1.08000000e+00  8.17000000e+02  1.85000000e+00 -1.01468942e-03  3.60058495e-01  5.73856562e-02  1.00716264e+02  5.44967386e+00  1.05966288e+05 -1.88702393e-01 
 1.09000000e+00  8.17000000e+02  1.85000000e+00 -1.01568725e-03  3.60058495e-01  5.73856562e-02  1.00716264e+02  5.44967386e+00  1.05966288e+05 -1.88702393e-01 
 1.10000000e+00  8.17000000e+02  1.85000000e+00 -1.01667431e-03  3.60058495e-01  5.73856562e-02  1.00716264e+02  5.44967386e+00  1.05966288e+05 -1.88702393e-01 
 1.11000000e+00  8.17000000e+02  1.85000000e+00 -1.01765091e-03  3.60058495e-01  5.73856562e-02  1.00716264e+02  5.44967386e+00  1.05966288e+05 -1.88702393e-01 
 1.12000000e+00  8.17000000e+02  1.85000000e+00 -1.01861735e-03  3.60058495e-01  5.73856562e-02  1.00716264e+02  5.44967386e+00  1.05966288e+05 -1.88702393e-01 
 1.13000000e+00  8.17000000e+02  1.85000000e+00 -1.01957389e-03  3.60058495e-01  5.73856562e-02  1.00716264e+02  5.44967386e+00  1.05966288e+05 -1.88702393e-01 
 1.14000000e+00  8.17000000e+02  1.85000000e+00 -1.02052082e-03  3.60058495e-01  5.73856562e-02  1.00716264e+02  5.44967386e+00  1.05966288e+05 -1.88702393e-01 
 1.15000000e+00  8.17000000e+02  1.85000000e+00 -1.02145839e-03  3.60058495e-01  5.73856562e-02  1.00716264e+02  5.44967386e+00  1.05966288e+05 -1.88702393e-01 
 1.16000000e+00  8.17000000e+02  1.85000000e+00 -1.02238685e-03  3.60058495e-01  5.73856562e-02  1.00716264e+02  5.44967386e+00  1.05966288e+05 -1.88702393e-01 
 1.17000000e+00  8.17000000e+02  1.85000000e+00 -1.02330645e-03  3.60058495e-01  5.73856562e-02  1.00716264e+02  5.44967386e+00  1.05966288e+05 -1.88702393e-01 
 1.18000000e+00  8.17000000e+02  1.85000000e+00 -1.02421741e-03  3.60058495e-01  5.73856562e-02  1.00716264e+02  5.44967386e+00  1.05966288e+05 -1.88702393e-01 
 1.19000000e+00  8.17000000e+02  1.85000000e+00 -1.02511997e-03  3.60058495e-01  5.73856562e-02  1.00716264e+02  5.44967386e+00  1.05966288e+05 -1.88702393e-01 
 1.20000000e+00  8.17000000e+02  1.85000000e+00 -1.02601434e-03  3.60058495e-01  5.73856562e-02  1.00716264e+02  5.44967386e+00  1.05966288e+05 -1.88702393e-01 
 1.21000000e+00  8.17000000e+02  1.85000000e+00 -1.02690072e-03  3.60058495e-01  5.73856562e-02  1.00716264e+02  5.44967386e+00  1.05966288e+05 -1.88702393e-01 
 1.22000000e+00  8.17000000e+02  1.85000000e+00 -1.02777931e-03  3.60058495e-01  5.73856562e-02  1.00716264e+02  5.44967386e+00  1.05966288e+05 -1.88702393e-01 
 1.23000000e+00  8.17000000e+02  1.85000000e+00 -1.02865032e-03  3.60058495e-01  5.73856562e-02  1.00716264e+02  5.44967386e+00  1.05966288e+05 -1.88702393e-01 
 1.24000000e+00  8.17000000e+02  1.85000000e+00 -1.02951393e-03  3.60058495e-01  5.73856562e-02  1.00716264e+02  5.44967386e+00  1.05966288e+05 -1.88702393e-01 
 1.25000000e+00  8.17000000e+02  1.85000000e+00 -1.03037031e-03  3.60058495e-01  5.73856562e-02  1.00716264e+02  5.44967386e+00  1.05966288e+05 -1.88702393e-01 
 1.26000000e+00  8.17000000e+02  1.85000000e+00 -1.03121964e-03  3.60058495e-01  5.73856562e-02  1.00716264e+02  5.44967386e+00  1.05966288e+05 -1.88702393e-01 
 1.27000000e+00  8.17000000e+02  1.85000000e+00 -1.03206210e-03  3.60058495e-01  5.73856562e-02  1.00716264e+02  5.44967386e+00  1.05966288e+05 -1.88702393e-01 
 1.28000000e+00  8.17000000e+02  1.85000000e+00 -1.03289784e-03  3.60058495e-01  5.73856562e-02  1.00716264e+02  5.44967386e+00  1.05966288e+05 -1.88702393e-01 
 1.29000000e+00  8.17000000e+02  1.85000000e+00 -1.03372702e-03  3.60058495e-01  5.73856562e-02  1.00716264e+02  5.44967386e+00  1.05966288e+05 -1.88702393e-01 
 1.30000000e+00  8.17000000e+02  1.85000000e+00 -1.03454980e-03  3.60058495e-01  5.73856562e-02  1.00716264e+02  5.44967386e+00  1.05966288e+05 -1.88702393e-01 
 1.31000000e+00  8.17000000e+02  1.85000000e+00 -1.03536631e-03  3.60058495e-01  5.73856562e-02  1.00716264e+02  5.44967386e+00  1.05966288e+05 -1.88702393e-01 
 1.32000000e+00  8.17000000e+02  1.85000000e+00 -1.03617671e-03  3.60058495e-01  5.73856562e-02  1.00716264e+02  5.44967386e+00  1.05966288e+05 -1.88702393e-01 
 1.33000000e+00  8.17000000e+02  1.85000000e+00 -1.03698114e-03  3.60058495e-01  5.73856562e-02  1.00716264e+02  5.44967386e+00  1.05966288e+05 -1.88702393e-01 
 1.34000000e+00  8.17000000e+02  1.85000000e+00 -1.03777972e-03  3.60058495e-01  5.73856562e-02  1.00716264e+02  5.44967386e+00  1.05966288e+05 -1.88702393e-01 
 1.35000000e+00  8.17000000e+02  1.85000000e+00 -1.03857258e-03  3.60058495e-01  5.73856562e-02  1.00716264e+02  5.44967386e+00  1.05966288e+05 -1.88702393e-01 
 1.36000000e+00  8.17000000e+02  1.85000000e+00 -1.03935986e-03  3.60058495e-01  5.73856562e-02  1.00716264e+02  5.44967386e+00  1.05966288e+05 -1.88702393e-01 
 1.37000000e+00  8.17000000e+02  1.85000000e+00 -1.04014168e-03  3.60058495e-01  5.73856562e-02  1.00716264e+02  5.44967386e+00  1.05966288e+05 -1.88702393e-01 
 1.38000000e+00  8.17000000e+02  1.85000000e+00 -1.04091814e-03  3.60058495e-01  5.73856562e-02  1.00716264e+02  5.44967386e+00  1.05966288e+05 -1.88702393e-01 
 1.39000000e+00  8.17000000e+02  1.85000000e+00 -1.04168938e-03  3.60058495e-01  5.73856562e-02  1.00716264e+02  5.44967386e+00  1.05966288e+05 -1.88702393e-01 
 1.40000000e+00  8.17000000e+02  1.85000000e+00 -1.04245549e-03  3.60058495e-01  5.73856562e-02  1.00716264e+02  5.44967386e+00  1.05966288e+05 -1.88702393e-01 
 1.41000000e+00  8.17000000e+02  1.85000000e+00 -1.04321659e-03  3.60058495e-01  5.73856562e-02  1.00716264e+02  5.44967386e+00  1.05966288e+05 -1.88702393e-01 
 1.42000000e+00  8.17000000e+02  1.85000000e+00 -1.04397278e-03  3.60058495e-01  5.73856562e-02  1.00716264e+02  5.44967386e+00  1.05966288e+05 -1.88702393e-01 
 1.43000000e+00  8.17000000e+02  1.85000000e+00 -1.04472416e-03  3.60058495e-01  5.73856562e-02  1.00716264e+02  5.44967386e+00  1.05966288e+05 -1.88702393e-01 
 1.44000000e+00  8.17000000e+02  1.85000000e+00 -1.04547085e-03  3.60058495e-01  5.73856562e-02  1.00716264e+02  5.44967386e+00  1.05966288e+05 -1.88702393e-01 
 1.45000000e+00  8.17000000e+02  1.85000000e+00 -1.04621292e-03  3.60058495e-01  5.73856562e-02  1.00716264e+02  5.44967386e+00  1.05966288e+05 -1.88702393e-01 
 1.46000000e+00  8.17000000e+02  1.85000000e+00 -1.04695048e-03  3.60058495e-01  5.73856562e-02  1.00716264e+02  5.44967386e+00  1.05966288e+05 -1.88702393e-01 
 1.47000000e+00  8.17000000e+02  1.85000000e+00 -1.04768361e-03  3.60058495e-01  5.73856562e-02  1.00716264e+02  5.44967386e+00  1.05966288e+05 -1.88702393e-01 
 1.48000000e+00  8.17000000e+02  1.85000000e+00 -1.04841242e-03  3.60058495e-01  5.73856562e-02  1.00716264e+02  5.44967386e+00  1.05966288e+05 -1.88702393e-01 
 1.49000000e+00  8.17000000e+02  1.85000000e+00 -1.04913698e-03  3.60058495e-01  5.73856562e-02  1.00716264e+02  5.44967386e+00  1.05966288e+05 -1.88702393e-01 
 1.50000000e+00  8.17000000e+02  1.85000000e+00 -1.04985738e-03  3.60058495e-01  5.73856562e-02  1.00716264e+02  5.44967386e+00  1.05966288e+05 -1.88702393e-01 
 1.51000000e+00  8.17000000e+02  1.85000000e+00 -1.05057371e-03  3.60058495e-01  5.73856562e-02  1.00716264e+02  5.44967386e+00  1.05966288e+05 -1.88702393e-01 
 1.52000000e+00  8.17000000e+02  1.85000000e+00 -1.05128604e-03  3.60058495e-01  5.73856562e-02  1.00716264e+02  5.44967386e+00  1.05966288e+05 -1.88702393e-01 
 1.53000000e+00  8.17000000e+02  1.85000000e+00 -1.05199446e-03  3.60058495e-01  5.73856562e-02  1.00716264e+02  5.44967386e+00  1.05966288e+05 -1.88702393e-01 
 1.54000000e+00  8.17000000e+02  1.85000000e+00 -1.05269905e-03  3.60058495e-01  5.73856562e-02  1.00716264e+02  5.44967386e+00  1.05966288e+05 -1.88702393e-01 
 1.55000000e+00  8.17000000e+02  1.85000000e+00 -1.05339988e-03  3.60058495e-01  5.73856562e-02  1.00716264e+02  5.44967386e+00  1.05966288e+05 -1.88702393e-01 
 1.56000000e+00  8.17000000e+02  1.85000000e+00 -1.05409704e-03  3.60058495e-01  5.73856562e-02  1.00716264e+02  5.44967386e+00  1.05966288e+05 -1.88702393e-01 
 1.57000000e+00  8.17000000e+02  1.85000000e+00 -1.05479059e-03  3.60058495e-01  5.73856562e-02  1.00716264e+02  5.44967386e+00  1.05966288e+05 -1.88702393e-01 
 1.58000000e+00  8.17000000e+02  1.85000000e+00 -1.05548062e-03  3.60058495e-01  5.73856562e-02  1.00716264e+02  5.44967386e+00  1.05966288e+05 -1.88702393e-01 
 1.59000000e+00  8.17000000e+02  1.85000000e+00 -1.05616719e-03  3.60058495e-01  5.73856562e-02  1.00716264e+02  5.44967386e+00  1.05966288e+05 -1.88702393e-01 
 1.60000000e+00  8.17000000e+02  1.85000000e+00 -1.05685038e-03  3.60058495e-01  5.73856562e-02  1.00716264e+02  5.44967386e+00  1.05966288e+05 -1.88702393e-01 
 1.61000000e+00  8.17000000e+02  1.85000000e+00 -1.05753026e-03  3.60058495e-01  5.73856562e-02  1.00716264e+02  5.44967386e+00  1.05966288e+05 -1.88702393e-01 
 1.62000000e+00  8.17000000e+02  1.85000000e+00 -1.05820691e-03  3.60058495e-01  5.73856562e-02  1.00716264e+02  5.44967386e+00  1.05966288e+05 -1.88702393e-01 
 1.63000000e+00  8.17000000e+02  1.85000000e+00 -1.05888039e-03  3.60058495e-01  5.73856562e-02  1.00716264e+02  5.44967386e+00  1.05966288e+05 -1.88702393e-01 
 1.64000000e+00  8.17000000e+02  1.85000000e+00 -1.05955079e-03  3.60058495e-01  5.73856562e-02  1.00716264e+02  5.44967386e+00  1.05966288e+05 -1.88702393e-01 
 1.65000000e+00  8.17000000e+02  1.85000000e+00 -1.06021818e-03  3.60058495e-01  5.73856562e-02  1.00716264e+02  5.44967386e+00  1.05966288e+05 -1.88702393e-01 
 1.66000000e+00  8.17000000e+02  1.85000000e+00 -1.06088262e-03  3.60058495e-01  5.73856562e-02  1.00716264e+02  5.44967386e+00  1.05966288e+05 -1.88702393e-01 
 1.67000000e+00  8.17000000e+02  1.85000000e+00 -1.06154421e-03  3.60058495e-01  5.73856562e-02  1.00716264e+02  5.44967386e+00  1.05966288e+05 -1.88702393e-01 
 1.68000000e+00  8.17000000e+02  1.85000000e+00 -1.06220300e-03  3.60058495e-01  5.73856562e-02  1.00716264e+02  5.44967386e+00  1.05966288e+05 -1.88702393e-01 
 1.69000000e+00  8.17000000e+02  1.85000000e+00 -1.06285908e-03  3.60058495e-01  5.73856562e-02  1.00716264e+02  5.44967386e+00  1.05966288e+05 -1.88702393e-01 
 1.70000000e+00  8.17000000e+02  1.85000000e+00 -1.06351254e-03  3.60058495e-01  5.73856562e-02  1.00716264e+02  5.44967386e+00  1.05966288e+05 -1.88702393e-01 
 1.71000000e+00  8.17000000e+02  1.85000000e+00 -1.06416344e-03  3.60058495e-01  5.73856562e-02  1.00716264e+02  5.44967386e+00  1.05966288e+05 -1.88702393e-01 
 1.72000000e+00  8.17000000e+02  1.85000000e+00 -1.06481188e-03  3.60058495e-01  5.73856562e-02  1.00716264e+02  5.44967386e+00  1.05966288e+05 -1.88702393e-01 
 1.73000000e+00  8.17000000e+02  1.85000000e+00 -1.06545794e-03  3.60058495e-01  5.73856562e-02  1.00716264e+02  5.44967386e+00  1.05966288e+05 -1.88702393e-01 
 1.74000000e+00  8.17000000e+02  1.85000000e+00 -1.06610172e-03  3.60058495e-01  5.73856562e-02  1.00716264e+02  5.44967386e+00  1.05966288e+05 -1.88702393e-01 
 1.75000000e+00  8.17000000e+02  1.85000000e+00 -1.06674329e-03  3.60058495e-01  5.73856562e-02  1.00716264e+02  5.44967386e+00  1.05966288e+05 -1.88702393e-01 
 1.76000000e+00  8.17000000e+02  1.85000000e+00 -1.06738276e-03  3.60058495e-01  5.73856562e-02  1.00716264e+02  5.44967386e+00  1.05966288e+05 -1.88702393e-01 
 1.77000000e+00  8.17000000e+02  1.85000000e+00 -1.06802024e-03  3.60058495e-01  5.73856562e-02  1.00716264e+02  5.44967386e+00  1.05966288e+05 -1.88702393e-01 
 1.78000000e+00  8.17000000e+02  1.85000000e+00 -1.06865582e-03  3.60058495e-01  5.73856562e-02  1.00716264e+02  5.44967386e+00  1.05966288e+05 -1.88702393e-01 
 1.79000000e+00  8.17000000e+02  1.85000000e+00 -1.06928961e-03  3.60058495e-01  5.73856562e-02  1.00716264e+02  5.44967386e+00  1.05966288e+05 -1.88702393e-01 
 1.80000000e+00  8.17000000e+02  1.85000000e+00 -1.06992173e-03  3.60058495e-01  5.73856562e-02  1.00716264e+02  5.44967386e+00  1.05966288e+05 -1.88702393e-01 
 1.81000000e+00  8.17000000e+02  1.85000000e+00 -1.07055230e-03  3.60058495e-01  5.73856562e-02  1.00716264e+02  5.44967386e+00  1.05966288e+05 -1.88702393e-01 
 1.82000000e+00  8.17000000e+02  1.85000000e+00 -1.07118144e-03  3.60058495e-01  5.73856562e-02  1.00716264e+02  5.44967386e+00  1.05966288e+05 -1.88702393e-01 
 1.83000000e+00  8.17000000e+02  1.85000000e+00 -1.07180930e-03  3.60058495e-01  5.73856562e-02  1.00716264e+02  5.44967386e+00  1.05966288e+05 -1.88702393e-01 
 1.84000000e+00  8.17000000e+02  1.85000000e+00 -1.07243600e-03  3.60058495e-01  5.73856562e-02  1.00716264e+02  5.44967386e+00  1.05966288e+05 -1.88702393e-01 
 1.85000000e+00  8.17000000e+02  1.85000000e+00 -1.07306171e-03  3.60058495e-01  5.73856562e-02  1.00716264e+02  5.44967386e+00  1.05966288e+05 -1.88702393e-01 
