 v-sweep         run_num         v(gate)         i(vds)          out_vth0        out_u0          out_rdsw        out_nfactor     out_vsat        out_eta0       
 0.00000000e+00  5.80000000e+03  1.85000000e+00  4.55486065e-43  3.35014692e-01  5.09212401e-02  9.81353789e+01  3.56797887e+00  9.36772136e+04 -1.82906602e-01 
 1.00000000e-02  5.80000000e+03  1.85000000e+00 -3.49727056e-05  3.35014692e-01  5.09212401e-02  9.81353789e+01  3.56797887e+00  9.36772136e+04 -1.82906602e-01 
 2.00000000e-02  5.80000000e+03  1.85000000e+00 -6.92632786e-05  3.35014692e-01  5.09212401e-02  9.81353789e+01  3.56797887e+00  9.36772136e+04 -1.82906602e-01 
 3.00000000e-02  5.80000000e+03  1.85000000e+00 -1.02873749e-04  3.35014692e-01  5.09212401e-02  9.81353789e+01  3.56797887e+00  9.36772136e+04 -1.82906602e-01 
 4.00000000e-02  5.80000000e+03  1.85000000e+00 -1.35805255e-04  3.35014692e-01  5.09212401e-02  9.81353789e+01  3.56797887e+00  9.36772136e+04 -1.82906602e-01 
 5.00000000e-02  5.80000000e+03  1.85000000e+00 -1.68057934e-04  3.35014692e-01  5.09212401e-02  9.81353789e+01  3.56797887e+00  9.36772136e+04 -1.82906602e-01 
 6.00000000e-02  5.80000000e+03  1.85000000e+00 -1.99630810e-04  3.35014692e-01  5.09212401e-02  9.81353789e+01  3.56797887e+00  9.36772136e+04 -1.82906602e-01 
 7.00000000e-02  5.80000000e+03  1.85000000e+00 -2.30521668e-04  3.35014692e-01  5.09212401e-02  9.81353789e+01  3.56797887e+00  9.36772136e+04 -1.82906602e-01 
 8.00000000e-02  5.80000000e+03  1.85000000e+00 -2.60726933e-04  3.35014692e-01  5.09212401e-02  9.81353789e+01  3.56797887e+00  9.36772136e+04 -1.82906602e-01 
 9.00000000e-02  5.80000000e+03  1.85000000e+00 -2.90241533e-04  3.35014692e-01  5.09212401e-02  9.81353789e+01  3.56797887e+00  9.36772136e+04 -1.82906602e-01 
 1.00000000e-01  5.80000000e+03  1.85000000e+00 -3.19058782e-04  3.35014692e-01  5.09212401e-02  9.81353789e+01  3.56797887e+00  9.36772136e+04 -1.82906602e-01 
 1.10000000e-01  5.80000000e+03  1.85000000e+00 -3.47170255e-04  3.35014692e-01  5.09212401e-02  9.81353789e+01  3.56797887e+00  9.36772136e+04 -1.82906602e-01 
 1.20000000e-01  5.80000000e+03  1.85000000e+00 -3.74565695e-04  3.35014692e-01  5.09212401e-02  9.81353789e+01  3.56797887e+00  9.36772136e+04 -1.82906602e-01 
 1.30000000e-01  5.80000000e+03  1.85000000e+00 -4.01232942e-04  3.35014692e-01  5.09212401e-02  9.81353789e+01  3.56797887e+00  9.36772136e+04 -1.82906602e-01 
 1.40000000e-01  5.80000000e+03  1.85000000e+00 -4.27157919e-04  3.35014692e-01  5.09212401e-02  9.81353789e+01  3.56797887e+00  9.36772136e+04 -1.82906602e-01 
 1.50000000e-01  5.80000000e+03  1.85000000e+00 -4.52324677e-04  3.35014692e-01  5.09212401e-02  9.81353789e+01  3.56797887e+00  9.36772136e+04 -1.82906602e-01 
 1.60000000e-01  5.80000000e+03  1.85000000e+00 -4.76715546e-04  3.35014692e-01  5.09212401e-02  9.81353789e+01  3.56797887e+00  9.36772136e+04 -1.82906602e-01 
 1.70000000e-01  5.80000000e+03  1.85000000e+00 -5.00311394e-04  3.35014692e-01  5.09212401e-02  9.81353789e+01  3.56797887e+00  9.36772136e+04 -1.82906602e-01 
 1.80000000e-01  5.80000000e+03  1.85000000e+00 -5.23092047e-04  3.35014692e-01  5.09212401e-02  9.81353789e+01  3.56797887e+00  9.36772136e+04 -1.82906602e-01 
 1.90000000e-01  5.80000000e+03  1.85000000e+00 -5.45036866e-04  3.35014692e-01  5.09212401e-02  9.81353789e+01  3.56797887e+00  9.36772136e+04 -1.82906602e-01 
 2.00000000e-01  5.80000000e+03  1.85000000e+00 -5.66125515e-04  3.35014692e-01  5.09212401e-02  9.81353789e+01  3.56797887e+00  9.36772136e+04 -1.82906602e-01 
 2.10000000e-01  5.80000000e+03  1.85000000e+00 -5.86338904e-04  3.35014692e-01  5.09212401e-02  9.81353789e+01  3.56797887e+00  9.36772136e+04 -1.82906602e-01 
 2.20000000e-01  5.80000000e+03  1.85000000e+00 -6.05660275e-04  3.35014692e-01  5.09212401e-02  9.81353789e+01  3.56797887e+00  9.36772136e+04 -1.82906602e-01 
 2.30000000e-01  5.80000000e+03  1.85000000e+00 -6.24076382e-04  3.35014692e-01  5.09212401e-02  9.81353789e+01  3.56797887e+00  9.36772136e+04 -1.82906602e-01 
 2.40000000e-01  5.80000000e+03  1.85000000e+00 -6.41578671e-04  3.35014692e-01  5.09212401e-02  9.81353789e+01  3.56797887e+00  9.36772136e+04 -1.82906602e-01 
 2.50000000e-01  5.80000000e+03  1.85000000e+00 -6.58164350e-04  3.35014692e-01  5.09212401e-02  9.81353789e+01  3.56797887e+00  9.36772136e+04 -1.82906602e-01 
 2.60000000e-01  5.80000000e+03  1.85000000e+00 -6.73837235e-04  3.35014692e-01  5.09212401e-02  9.81353789e+01  3.56797887e+00  9.36772136e+04 -1.82906602e-01 
 2.70000000e-01  5.80000000e+03  1.85000000e+00 -6.88608269e-04  3.35014692e-01  5.09212401e-02  9.81353789e+01  3.56797887e+00  9.36772136e+04 -1.82906602e-01 
 2.80000000e-01  5.80000000e+03  1.85000000e+00 -7.02495642e-04  3.35014692e-01  5.09212401e-02  9.81353789e+01  3.56797887e+00  9.36772136e+04 -1.82906602e-01 
 2.90000000e-01  5.80000000e+03  1.85000000e+00 -7.15524483e-04  3.35014692e-01  5.09212401e-02  9.81353789e+01  3.56797887e+00  9.36772136e+04 -1.82906602e-01 
 3.00000000e-01  5.80000000e+03  1.85000000e+00 -7.27726171e-04  3.35014692e-01  5.09212401e-02  9.81353789e+01  3.56797887e+00  9.36772136e+04 -1.82906602e-01 
 3.10000000e-01  5.80000000e+03  1.85000000e+00 -7.39137332e-04  3.35014692e-01  5.09212401e-02  9.81353789e+01  3.56797887e+00  9.36772136e+04 -1.82906602e-01 
 3.20000000e-01  5.80000000e+03  1.85000000e+00 -7.49798644e-04  3.35014692e-01  5.09212401e-02  9.81353789e+01  3.56797887e+00  9.36772136e+04 -1.82906602e-01 
 3.30000000e-01  5.80000000e+03  1.85000000e+00 -7.59753549e-04  3.35014692e-01  5.09212401e-02  9.81353789e+01  3.56797887e+00  9.36772136e+04 -1.82906602e-01 
 3.40000000e-01  5.80000000e+03  1.85000000e+00 -7.69047016e-04  3.35014692e-01  5.09212401e-02  9.81353789e+01  3.56797887e+00  9.36772136e+04 -1.82906602e-01 
 3.50000000e-01  5.80000000e+03  1.85000000e+00 -7.77724396e-04  3.35014692e-01  5.09212401e-02  9.81353789e+01  3.56797887e+00  9.36772136e+04 -1.82906602e-01 
 3.60000000e-01  5.80000000e+03  1.85000000e+00 -7.85830467e-04  3.35014692e-01  5.09212401e-02  9.81353789e+01  3.56797887e+00  9.36772136e+04 -1.82906602e-01 
 3.70000000e-01  5.80000000e+03  1.85000000e+00 -7.93408661e-04  3.35014692e-01  5.09212401e-02  9.81353789e+01  3.56797887e+00  9.36772136e+04 -1.82906602e-01 
 3.80000000e-01  5.80000000e+03  1.85000000e+00 -8.00500493e-04  3.35014692e-01  5.09212401e-02  9.81353789e+01  3.56797887e+00  9.36772136e+04 -1.82906602e-01 
 3.90000000e-01  5.80000000e+03  1.85000000e+00 -8.07145174e-04  3.35014692e-01  5.09212401e-02  9.81353789e+01  3.56797887e+00  9.36772136e+04 -1.82906602e-01 
 4.00000000e-01  5.80000000e+03  1.85000000e+00 -8.13379375e-04  3.35014692e-01  5.09212401e-02  9.81353789e+01  3.56797887e+00  9.36772136e+04 -1.82906602e-01 
 4.10000000e-01  5.80000000e+03  1.85000000e+00 -8.19237124e-04  3.35014692e-01  5.09212401e-02  9.81353789e+01  3.56797887e+00  9.36772136e+04 -1.82906602e-01 
 4.20000000e-01  5.80000000e+03  1.85000000e+00 -8.24749793e-04  3.35014692e-01  5.09212401e-02  9.81353789e+01  3.56797887e+00  9.36772136e+04 -1.82906602e-01 
 4.30000000e-01  5.80000000e+03  1.85000000e+00 -8.29946164e-04  3.35014692e-01  5.09212401e-02  9.81353789e+01  3.56797887e+00  9.36772136e+04 -1.82906602e-01 
 4.40000000e-01  5.80000000e+03  1.85000000e+00 -8.34852544e-04  3.35014692e-01  5.09212401e-02  9.81353789e+01  3.56797887e+00  9.36772136e+04 -1.82906602e-01 
 4.50000000e-01  5.80000000e+03  1.85000000e+00 -8.39492905e-04  3.35014692e-01  5.09212401e-02  9.81353789e+01  3.56797887e+00  9.36772136e+04 -1.82906602e-01 
 4.60000000e-01  5.80000000e+03  1.85000000e+00 -8.43889048e-04  3.35014692e-01  5.09212401e-02  9.81353789e+01  3.56797887e+00  9.36772136e+04 -1.82906602e-01 
 4.70000000e-01  5.80000000e+03  1.85000000e+00 -8.48060770e-04  3.35014692e-01  5.09212401e-02  9.81353789e+01  3.56797887e+00  9.36772136e+04 -1.82906602e-01 
 4.80000000e-01  5.80000000e+03  1.85000000e+00 -8.52026035e-04  3.35014692e-01  5.09212401e-02  9.81353789e+01  3.56797887e+00  9.36772136e+04 -1.82906602e-01 
 4.90000000e-01  5.80000000e+03  1.85000000e+00 -8.55801138e-04  3.35014692e-01  5.09212401e-02  9.81353789e+01  3.56797887e+00  9.36772136e+04 -1.82906602e-01 
 5.00000000e-01  5.80000000e+03  1.85000000e+00 -8.59400855e-04  3.35014692e-01  5.09212401e-02  9.81353789e+01  3.56797887e+00  9.36772136e+04 -1.82906602e-01 
 5.10000000e-01  5.80000000e+03  1.85000000e+00 -8.62838595e-04  3.35014692e-01  5.09212401e-02  9.81353789e+01  3.56797887e+00  9.36772136e+04 -1.82906602e-01 
 5.20000000e-01  5.80000000e+03  1.85000000e+00 -8.66126528e-04  3.35014692e-01  5.09212401e-02  9.81353789e+01  3.56797887e+00  9.36772136e+04 -1.82906602e-01 
 5.30000000e-01  5.80000000e+03  1.85000000e+00 -8.69275710e-04  3.35014692e-01  5.09212401e-02  9.81353789e+01  3.56797887e+00  9.36772136e+04 -1.82906602e-01 
 5.40000000e-01  5.80000000e+03  1.85000000e+00 -8.72296194e-04  3.35014692e-01  5.09212401e-02  9.81353789e+01  3.56797887e+00  9.36772136e+04 -1.82906602e-01 
 5.50000000e-01  5.80000000e+03  1.85000000e+00 -8.75197129e-04  3.35014692e-01  5.09212401e-02  9.81353789e+01  3.56797887e+00  9.36772136e+04 -1.82906602e-01 
 5.60000000e-01  5.80000000e+03  1.85000000e+00 -8.77986855e-04  3.35014692e-01  5.09212401e-02  9.81353789e+01  3.56797887e+00  9.36772136e+04 -1.82906602e-01 
 5.70000000e-01  5.80000000e+03  1.85000000e+00 -8.80672977e-04  3.35014692e-01  5.09212401e-02  9.81353789e+01  3.56797887e+00  9.36772136e+04 -1.82906602e-01 
 5.80000000e-01  5.80000000e+03  1.85000000e+00 -8.83262445e-04  3.35014692e-01  5.09212401e-02  9.81353789e+01  3.56797887e+00  9.36772136e+04 -1.82906602e-01 
 5.90000000e-01  5.80000000e+03  1.85000000e+00 -8.85761617e-04  3.35014692e-01  5.09212401e-02  9.81353789e+01  3.56797887e+00  9.36772136e+04 -1.82906602e-01 
 6.00000000e-01  5.80000000e+03  1.85000000e+00 -8.88176313e-04  3.35014692e-01  5.09212401e-02  9.81353789e+01  3.56797887e+00  9.36772136e+04 -1.82906602e-01 
 6.10000000e-01  5.80000000e+03  1.85000000e+00 -8.90511875e-04  3.35014692e-01  5.09212401e-02  9.81353789e+01  3.56797887e+00  9.36772136e+04 -1.82906602e-01 
 6.20000000e-01  5.80000000e+03  1.85000000e+00 -8.92773208e-04  3.35014692e-01  5.09212401e-02  9.81353789e+01  3.56797887e+00  9.36772136e+04 -1.82906602e-01 
 6.30000000e-01  5.80000000e+03  1.85000000e+00 -8.94964822e-04  3.35014692e-01  5.09212401e-02  9.81353789e+01  3.56797887e+00  9.36772136e+04 -1.82906602e-01 
 6.40000000e-01  5.80000000e+03  1.85000000e+00 -8.97090873e-04  3.35014692e-01  5.09212401e-02  9.81353789e+01  3.56797887e+00  9.36772136e+04 -1.82906602e-01 
 6.50000000e-01  5.80000000e+03  1.85000000e+00 -8.99155193e-04  3.35014692e-01  5.09212401e-02  9.81353789e+01  3.56797887e+00  9.36772136e+04 -1.82906602e-01 
 6.60000000e-01  5.80000000e+03  1.85000000e+00 -9.01161320e-04  3.35014692e-01  5.09212401e-02  9.81353789e+01  3.56797887e+00  9.36772136e+04 -1.82906602e-01 
 6.70000000e-01  5.80000000e+03  1.85000000e+00 -9.03112527e-04  3.35014692e-01  5.09212401e-02  9.81353789e+01  3.56797887e+00  9.36772136e+04 -1.82906602e-01 
 6.80000000e-01  5.80000000e+03  1.85000000e+00 -9.05011842e-04  3.35014692e-01  5.09212401e-02  9.81353789e+01  3.56797887e+00  9.36772136e+04 -1.82906602e-01 
 6.90000000e-01  5.80000000e+03  1.85000000e+00 -9.06862076e-04  3.35014692e-01  5.09212401e-02  9.81353789e+01  3.56797887e+00  9.36772136e+04 -1.82906602e-01 
 7.00000000e-01  5.80000000e+03  1.85000000e+00 -9.08665837e-04  3.35014692e-01  5.09212401e-02  9.81353789e+01  3.56797887e+00  9.36772136e+04 -1.82906602e-01 
 7.10000000e-01  5.80000000e+03  1.85000000e+00 -9.10425546e-04  3.35014692e-01  5.09212401e-02  9.81353789e+01  3.56797887e+00  9.36772136e+04 -1.82906602e-01 
 7.20000000e-01  5.80000000e+03  1.85000000e+00 -9.12143461e-04  3.35014692e-01  5.09212401e-02  9.81353789e+01  3.56797887e+00  9.36772136e+04 -1.82906602e-01 
 7.30000000e-01  5.80000000e+03  1.85000000e+00 -9.13821682e-04  3.35014692e-01  5.09212401e-02  9.81353789e+01  3.56797887e+00  9.36772136e+04 -1.82906602e-01 
 7.40000000e-01  5.80000000e+03  1.85000000e+00 -9.15462170e-04  3.35014692e-01  5.09212401e-02  9.81353789e+01  3.56797887e+00  9.36772136e+04 -1.82906602e-01 
 7.50000000e-01  5.80000000e+03  1.85000000e+00 -9.17066754e-04  3.35014692e-01  5.09212401e-02  9.81353789e+01  3.56797887e+00  9.36772136e+04 -1.82906602e-01 
 7.60000000e-01  5.80000000e+03  1.85000000e+00 -9.18637146e-04  3.35014692e-01  5.09212401e-02  9.81353789e+01  3.56797887e+00  9.36772136e+04 -1.82906602e-01 
 7.70000000e-01  5.80000000e+03  1.85000000e+00 -9.20174947e-04  3.35014692e-01  5.09212401e-02  9.81353789e+01  3.56797887e+00  9.36772136e+04 -1.82906602e-01 
 7.80000000e-01  5.80000000e+03  1.85000000e+00 -9.21681657e-04  3.35014692e-01  5.09212401e-02  9.81353789e+01  3.56797887e+00  9.36772136e+04 -1.82906602e-01 
 7.90000000e-01  5.80000000e+03  1.85000000e+00 -9.23158684e-04  3.35014692e-01  5.09212401e-02  9.81353789e+01  3.56797887e+00  9.36772136e+04 -1.82906602e-01 
 8.00000000e-01  5.80000000e+03  1.85000000e+00 -9.24607348e-04  3.35014692e-01  5.09212401e-02  9.81353789e+01  3.56797887e+00  9.36772136e+04 -1.82906602e-01 
 8.10000000e-01  5.80000000e+03  1.85000000e+00 -9.26028891e-04  3.35014692e-01  5.09212401e-02  9.81353789e+01  3.56797887e+00  9.36772136e+04 -1.82906602e-01 
 8.20000000e-01  5.80000000e+03  1.85000000e+00 -9.27424480e-04  3.35014692e-01  5.09212401e-02  9.81353789e+01  3.56797887e+00  9.36772136e+04 -1.82906602e-01 
 8.30000000e-01  5.80000000e+03  1.85000000e+00 -9.28795215e-04  3.35014692e-01  5.09212401e-02  9.81353789e+01  3.56797887e+00  9.36772136e+04 -1.82906602e-01 
 8.40000000e-01  5.80000000e+03  1.85000000e+00 -9.30142130e-04  3.35014692e-01  5.09212401e-02  9.81353789e+01  3.56797887e+00  9.36772136e+04 -1.82906602e-01 
 8.50000000e-01  5.80000000e+03  1.85000000e+00 -9.31466204e-04  3.35014692e-01  5.09212401e-02  9.81353789e+01  3.56797887e+00  9.36772136e+04 -1.82906602e-01 
 8.60000000e-01  5.80000000e+03  1.85000000e+00 -9.32768359e-04  3.35014692e-01  5.09212401e-02  9.81353789e+01  3.56797887e+00  9.36772136e+04 -1.82906602e-01 
 8.70000000e-01  5.80000000e+03  1.85000000e+00 -9.34049465e-04  3.35014692e-01  5.09212401e-02  9.81353789e+01  3.56797887e+00  9.36772136e+04 -1.82906602e-01 
 8.80000000e-01  5.80000000e+03  1.85000000e+00 -9.35310348e-04  3.35014692e-01  5.09212401e-02  9.81353789e+01  3.56797887e+00  9.36772136e+04 -1.82906602e-01 
 8.90000000e-01  5.80000000e+03  1.85000000e+00 -9.36551786e-04  3.35014692e-01  5.09212401e-02  9.81353789e+01  3.56797887e+00  9.36772136e+04 -1.82906602e-01 
 9.00000000e-01  5.80000000e+03  1.85000000e+00 -9.37774519e-04  3.35014692e-01  5.09212401e-02  9.81353789e+01  3.56797887e+00  9.36772136e+04 -1.82906602e-01 
 9.10000000e-01  5.80000000e+03  1.85000000e+00 -9.38979247e-04  3.35014692e-01  5.09212401e-02  9.81353789e+01  3.56797887e+00  9.36772136e+04 -1.82906602e-01 
 9.20000000e-01  5.80000000e+03  1.85000000e+00 -9.40166632e-04  3.35014692e-01  5.09212401e-02  9.81353789e+01  3.56797887e+00  9.36772136e+04 -1.82906602e-01 
 9.30000000e-01  5.80000000e+03  1.85000000e+00 -9.41337307e-04  3.35014692e-01  5.09212401e-02  9.81353789e+01  3.56797887e+00  9.36772136e+04 -1.82906602e-01 
 9.40000000e-01  5.80000000e+03  1.85000000e+00 -9.42491869e-04  3.35014692e-01  5.09212401e-02  9.81353789e+01  3.56797887e+00  9.36772136e+04 -1.82906602e-01 
 9.50000000e-01  5.80000000e+03  1.85000000e+00 -9.43630888e-04  3.35014692e-01  5.09212401e-02  9.81353789e+01  3.56797887e+00  9.36772136e+04 -1.82906602e-01 
 9.60000000e-01  5.80000000e+03  1.85000000e+00 -9.44754905e-04  3.35014692e-01  5.09212401e-02  9.81353789e+01  3.56797887e+00  9.36772136e+04 -1.82906602e-01 
 9.70000000e-01  5.80000000e+03  1.85000000e+00 -9.45864436e-04  3.35014692e-01  5.09212401e-02  9.81353789e+01  3.56797887e+00  9.36772136e+04 -1.82906602e-01 
 9.80000000e-01  5.80000000e+03  1.85000000e+00 -9.46959971e-04  3.35014692e-01  5.09212401e-02  9.81353789e+01  3.56797887e+00  9.36772136e+04 -1.82906602e-01 
 9.90000000e-01  5.80000000e+03  1.85000000e+00 -9.48041978e-04  3.35014692e-01  5.09212401e-02  9.81353789e+01  3.56797887e+00  9.36772136e+04 -1.82906602e-01 
 1.00000000e+00  5.80000000e+03  1.85000000e+00 -9.49110903e-04  3.35014692e-01  5.09212401e-02  9.81353789e+01  3.56797887e+00  9.36772136e+04 -1.82906602e-01 
 1.01000000e+00  5.80000000e+03  1.85000000e+00 -9.50167173e-04  3.35014692e-01  5.09212401e-02  9.81353789e+01  3.56797887e+00  9.36772136e+04 -1.82906602e-01 
 1.02000000e+00  5.80000000e+03  1.85000000e+00 -9.51211193e-04  3.35014692e-01  5.09212401e-02  9.81353789e+01  3.56797887e+00  9.36772136e+04 -1.82906602e-01 
 1.03000000e+00  5.80000000e+03  1.85000000e+00 -9.52243352e-04  3.35014692e-01  5.09212401e-02  9.81353789e+01  3.56797887e+00  9.36772136e+04 -1.82906602e-01 
 1.04000000e+00  5.80000000e+03  1.85000000e+00 -9.53264022e-04  3.35014692e-01  5.09212401e-02  9.81353789e+01  3.56797887e+00  9.36772136e+04 -1.82906602e-01 
 1.05000000e+00  5.80000000e+03  1.85000000e+00 -9.54273557e-04  3.35014692e-01  5.09212401e-02  9.81353789e+01  3.56797887e+00  9.36772136e+04 -1.82906602e-01 
 1.06000000e+00  5.80000000e+03  1.85000000e+00 -9.55272297e-04  3.35014692e-01  5.09212401e-02  9.81353789e+01  3.56797887e+00  9.36772136e+04 -1.82906602e-01 
 1.07000000e+00  5.80000000e+03  1.85000000e+00 -9.56260568e-04  3.35014692e-01  5.09212401e-02  9.81353789e+01  3.56797887e+00  9.36772136e+04 -1.82906602e-01 
 1.08000000e+00  5.80000000e+03  1.85000000e+00 -9.57238681e-04  3.35014692e-01  5.09212401e-02  9.81353789e+01  3.56797887e+00  9.36772136e+04 -1.82906602e-01 
 1.09000000e+00  5.80000000e+03  1.85000000e+00 -9.58206934e-04  3.35014692e-01  5.09212401e-02  9.81353789e+01  3.56797887e+00  9.36772136e+04 -1.82906602e-01 
 1.10000000e+00  5.80000000e+03  1.85000000e+00 -9.59165616e-04  3.35014692e-01  5.09212401e-02  9.81353789e+01  3.56797887e+00  9.36772136e+04 -1.82906602e-01 
 1.11000000e+00  5.80000000e+03  1.85000000e+00 -9.60115000e-04  3.35014692e-01  5.09212401e-02  9.81353789e+01  3.56797887e+00  9.36772136e+04 -1.82906602e-01 
 1.12000000e+00  5.80000000e+03  1.85000000e+00 -9.61055349e-04  3.35014692e-01  5.09212401e-02  9.81353789e+01  3.56797887e+00  9.36772136e+04 -1.82906602e-01 
 1.13000000e+00  5.80000000e+03  1.85000000e+00 -9.61986919e-04  3.35014692e-01  5.09212401e-02  9.81353789e+01  3.56797887e+00  9.36772136e+04 -1.82906602e-01 
 1.14000000e+00  5.80000000e+03  1.85000000e+00 -9.62909951e-04  3.35014692e-01  5.09212401e-02  9.81353789e+01  3.56797887e+00  9.36772136e+04 -1.82906602e-01 
 1.15000000e+00  5.80000000e+03  1.85000000e+00 -9.63824680e-04  3.35014692e-01  5.09212401e-02  9.81353789e+01  3.56797887e+00  9.36772136e+04 -1.82906602e-01 
 1.16000000e+00  5.80000000e+03  1.85000000e+00 -9.64731331e-04  3.35014692e-01  5.09212401e-02  9.81353789e+01  3.56797887e+00  9.36772136e+04 -1.82906602e-01 
 1.17000000e+00  5.80000000e+03  1.85000000e+00 -9.65630119e-04  3.35014692e-01  5.09212401e-02  9.81353789e+01  3.56797887e+00  9.36772136e+04 -1.82906602e-01 
 1.18000000e+00  5.80000000e+03  1.85000000e+00 -9.66521255e-04  3.35014692e-01  5.09212401e-02  9.81353789e+01  3.56797887e+00  9.36772136e+04 -1.82906602e-01 
 1.19000000e+00  5.80000000e+03  1.85000000e+00 -9.67404937e-04  3.35014692e-01  5.09212401e-02  9.81353789e+01  3.56797887e+00  9.36772136e+04 -1.82906602e-01 
 1.20000000e+00  5.80000000e+03  1.85000000e+00 -9.68281359e-04  3.35014692e-01  5.09212401e-02  9.81353789e+01  3.56797887e+00  9.36772136e+04 -1.82906602e-01 
 1.21000000e+00  5.80000000e+03  1.85000000e+00 -9.69150708e-04  3.35014692e-01  5.09212401e-02  9.81353789e+01  3.56797887e+00  9.36772136e+04 -1.82906602e-01 
 1.22000000e+00  5.80000000e+03  1.85000000e+00 -9.70013162e-04  3.35014692e-01  5.09212401e-02  9.81353789e+01  3.56797887e+00  9.36772136e+04 -1.82906602e-01 
 1.23000000e+00  5.80000000e+03  1.85000000e+00 -9.70868894e-04  3.35014692e-01  5.09212401e-02  9.81353789e+01  3.56797887e+00  9.36772136e+04 -1.82906602e-01 
 1.24000000e+00  5.80000000e+03  1.85000000e+00 -9.71718073e-04  3.35014692e-01  5.09212401e-02  9.81353789e+01  3.56797887e+00  9.36772136e+04 -1.82906602e-01 
 1.25000000e+00  5.80000000e+03  1.85000000e+00 -9.72560858e-04  3.35014692e-01  5.09212401e-02  9.81353789e+01  3.56797887e+00  9.36772136e+04 -1.82906602e-01 
 1.26000000e+00  5.80000000e+03  1.85000000e+00 -9.73397405e-04  3.35014692e-01  5.09212401e-02  9.81353789e+01  3.56797887e+00  9.36772136e+04 -1.82906602e-01 
 1.27000000e+00  5.80000000e+03  1.85000000e+00 -9.74227864e-04  3.35014692e-01  5.09212401e-02  9.81353789e+01  3.56797887e+00  9.36772136e+04 -1.82906602e-01 
 1.28000000e+00  5.80000000e+03  1.85000000e+00 -9.75052380e-04  3.35014692e-01  5.09212401e-02  9.81353789e+01  3.56797887e+00  9.36772136e+04 -1.82906602e-01 
 1.29000000e+00  5.80000000e+03  1.85000000e+00 -9.75871094e-04  3.35014692e-01  5.09212401e-02  9.81353789e+01  3.56797887e+00  9.36772136e+04 -1.82906602e-01 
 1.30000000e+00  5.80000000e+03  1.85000000e+00 -9.76684142e-04  3.35014692e-01  5.09212401e-02  9.81353789e+01  3.56797887e+00  9.36772136e+04 -1.82906602e-01 
 1.31000000e+00  5.80000000e+03  1.85000000e+00 -9.77491653e-04  3.35014692e-01  5.09212401e-02  9.81353789e+01  3.56797887e+00  9.36772136e+04 -1.82906602e-01 
 1.32000000e+00  5.80000000e+03  1.85000000e+00 -9.78293755e-04  3.35014692e-01  5.09212401e-02  9.81353789e+01  3.56797887e+00  9.36772136e+04 -1.82906602e-01 
 1.33000000e+00  5.80000000e+03  1.85000000e+00 -9.79090572e-04  3.35014692e-01  5.09212401e-02  9.81353789e+01  3.56797887e+00  9.36772136e+04 -1.82906602e-01 
 1.34000000e+00  5.80000000e+03  1.85000000e+00 -9.79882220e-04  3.35014692e-01  5.09212401e-02  9.81353789e+01  3.56797887e+00  9.36772136e+04 -1.82906602e-01 
 1.35000000e+00  5.80000000e+03  1.85000000e+00 -9.80668817e-04  3.35014692e-01  5.09212401e-02  9.81353789e+01  3.56797887e+00  9.36772136e+04 -1.82906602e-01 
 1.36000000e+00  5.80000000e+03  1.85000000e+00 -9.81450473e-04  3.35014692e-01  5.09212401e-02  9.81353789e+01  3.56797887e+00  9.36772136e+04 -1.82906602e-01 
 1.37000000e+00  5.80000000e+03  1.85000000e+00 -9.82227295e-04  3.35014692e-01  5.09212401e-02  9.81353789e+01  3.56797887e+00  9.36772136e+04 -1.82906602e-01 
 1.38000000e+00  5.80000000e+03  1.85000000e+00 -9.82999390e-04  3.35014692e-01  5.09212401e-02  9.81353789e+01  3.56797887e+00  9.36772136e+04 -1.82906602e-01 
 1.39000000e+00  5.80000000e+03  1.85000000e+00 -9.83766859e-04  3.35014692e-01  5.09212401e-02  9.81353789e+01  3.56797887e+00  9.36772136e+04 -1.82906602e-01 
 1.40000000e+00  5.80000000e+03  1.85000000e+00 -9.84529799e-04  3.35014692e-01  5.09212401e-02  9.81353789e+01  3.56797887e+00  9.36772136e+04 -1.82906602e-01 
 1.41000000e+00  5.80000000e+03  1.85000000e+00 -9.85288308e-04  3.35014692e-01  5.09212401e-02  9.81353789e+01  3.56797887e+00  9.36772136e+04 -1.82906602e-01 
 1.42000000e+00  5.80000000e+03  1.85000000e+00 -9.86042477e-04  3.35014692e-01  5.09212401e-02  9.81353789e+01  3.56797887e+00  9.36772136e+04 -1.82906602e-01 
 1.43000000e+00  5.80000000e+03  1.85000000e+00 -9.86792398e-04  3.35014692e-01  5.09212401e-02  9.81353789e+01  3.56797887e+00  9.36772136e+04 -1.82906602e-01 
 1.44000000e+00  5.80000000e+03  1.85000000e+00 -9.87538157e-04  3.35014692e-01  5.09212401e-02  9.81353789e+01  3.56797887e+00  9.36772136e+04 -1.82906602e-01 
 1.45000000e+00  5.80000000e+03  1.85000000e+00 -9.88279841e-04  3.35014692e-01  5.09212401e-02  9.81353789e+01  3.56797887e+00  9.36772136e+04 -1.82906602e-01 
 1.46000000e+00  5.80000000e+03  1.85000000e+00 -9.89017531e-04  3.35014692e-01  5.09212401e-02  9.81353789e+01  3.56797887e+00  9.36772136e+04 -1.82906602e-01 
 1.47000000e+00  5.80000000e+03  1.85000000e+00 -9.89751310e-04  3.35014692e-01  5.09212401e-02  9.81353789e+01  3.56797887e+00  9.36772136e+04 -1.82906602e-01 
 1.48000000e+00  5.80000000e+03  1.85000000e+00 -9.90481256e-04  3.35014692e-01  5.09212401e-02  9.81353789e+01  3.56797887e+00  9.36772136e+04 -1.82906602e-01 
 1.49000000e+00  5.80000000e+03  1.85000000e+00 -9.91207446e-04  3.35014692e-01  5.09212401e-02  9.81353789e+01  3.56797887e+00  9.36772136e+04 -1.82906602e-01 
 1.50000000e+00  5.80000000e+03  1.85000000e+00 -9.91929955e-04  3.35014692e-01  5.09212401e-02  9.81353789e+01  3.56797887e+00  9.36772136e+04 -1.82906602e-01 
 1.51000000e+00  5.80000000e+03  1.85000000e+00 -9.92648855e-04  3.35014692e-01  5.09212401e-02  9.81353789e+01  3.56797887e+00  9.36772136e+04 -1.82906602e-01 
 1.52000000e+00  5.80000000e+03  1.85000000e+00 -9.93364219e-04  3.35014692e-01  5.09212401e-02  9.81353789e+01  3.56797887e+00  9.36772136e+04 -1.82906602e-01 
 1.53000000e+00  5.80000000e+03  1.85000000e+00 -9.94076117e-04  3.35014692e-01  5.09212401e-02  9.81353789e+01  3.56797887e+00  9.36772136e+04 -1.82906602e-01 
 1.54000000e+00  5.80000000e+03  1.85000000e+00 -9.94784617e-04  3.35014692e-01  5.09212401e-02  9.81353789e+01  3.56797887e+00  9.36772136e+04 -1.82906602e-01 
 1.55000000e+00  5.80000000e+03  1.85000000e+00 -9.95489787e-04  3.35014692e-01  5.09212401e-02  9.81353789e+01  3.56797887e+00  9.36772136e+04 -1.82906602e-01 
 1.56000000e+00  5.80000000e+03  1.85000000e+00 -9.96191692e-04  3.35014692e-01  5.09212401e-02  9.81353789e+01  3.56797887e+00  9.36772136e+04 -1.82906602e-01 
 1.57000000e+00  5.80000000e+03  1.85000000e+00 -9.96890398e-04  3.35014692e-01  5.09212401e-02  9.81353789e+01  3.56797887e+00  9.36772136e+04 -1.82906602e-01 
 1.58000000e+00  5.80000000e+03  1.85000000e+00 -9.97585970e-04  3.35014692e-01  5.09212401e-02  9.81353789e+01  3.56797887e+00  9.36772136e+04 -1.82906602e-01 
 1.59000000e+00  5.80000000e+03  1.85000000e+00 -9.98278470e-04  3.35014692e-01  5.09212401e-02  9.81353789e+01  3.56797887e+00  9.36772136e+04 -1.82906602e-01 
 1.60000000e+00  5.80000000e+03  1.85000000e+00 -9.98967961e-04  3.35014692e-01  5.09212401e-02  9.81353789e+01  3.56797887e+00  9.36772136e+04 -1.82906602e-01 
 1.61000000e+00  5.80000000e+03  1.85000000e+00 -9.99654505e-04  3.35014692e-01  5.09212401e-02  9.81353789e+01  3.56797887e+00  9.36772136e+04 -1.82906602e-01 
 1.62000000e+00  5.80000000e+03  1.85000000e+00 -1.00033816e-03  3.35014692e-01  5.09212401e-02  9.81353789e+01  3.56797887e+00  9.36772136e+04 -1.82906602e-01 
 1.63000000e+00  5.80000000e+03  1.85000000e+00 -1.00101900e-03  3.35014692e-01  5.09212401e-02  9.81353789e+01  3.56797887e+00  9.36772136e+04 -1.82906602e-01 
 1.64000000e+00  5.80000000e+03  1.85000000e+00 -1.00169707e-03  3.35014692e-01  5.09212401e-02  9.81353789e+01  3.56797887e+00  9.36772136e+04 -1.82906602e-01 
 1.65000000e+00  5.80000000e+03  1.85000000e+00 -1.00237245e-03  3.35014692e-01  5.09212401e-02  9.81353789e+01  3.56797887e+00  9.36772136e+04 -1.82906602e-01 
 1.66000000e+00  5.80000000e+03  1.85000000e+00 -1.00304518e-03  3.35014692e-01  5.09212401e-02  9.81353789e+01  3.56797887e+00  9.36772136e+04 -1.82906602e-01 
 1.67000000e+00  5.80000000e+03  1.85000000e+00 -1.00371534e-03  3.35014692e-01  5.09212401e-02  9.81353789e+01  3.56797887e+00  9.36772136e+04 -1.82906602e-01 
 1.68000000e+00  5.80000000e+03  1.85000000e+00 -1.00438298e-03  3.35014692e-01  5.09212401e-02  9.81353789e+01  3.56797887e+00  9.36772136e+04 -1.82906602e-01 
 1.69000000e+00  5.80000000e+03  1.85000000e+00 -1.00504818e-03  3.35014692e-01  5.09212401e-02  9.81353789e+01  3.56797887e+00  9.36772136e+04 -1.82906602e-01 
 1.70000000e+00  5.80000000e+03  1.85000000e+00 -1.00571099e-03  3.35014692e-01  5.09212401e-02  9.81353789e+01  3.56797887e+00  9.36772136e+04 -1.82906602e-01 
 1.71000000e+00  5.80000000e+03  1.85000000e+00 -1.00637148e-03  3.35014692e-01  5.09212401e-02  9.81353789e+01  3.56797887e+00  9.36772136e+04 -1.82906602e-01 
 1.72000000e+00  5.80000000e+03  1.85000000e+00 -1.00702972e-03  3.35014692e-01  5.09212401e-02  9.81353789e+01  3.56797887e+00  9.36772136e+04 -1.82906602e-01 
 1.73000000e+00  5.80000000e+03  1.85000000e+00 -1.00768577e-03  3.35014692e-01  5.09212401e-02  9.81353789e+01  3.56797887e+00  9.36772136e+04 -1.82906602e-01 
 1.74000000e+00  5.80000000e+03  1.85000000e+00 -1.00833972e-03  3.35014692e-01  5.09212401e-02  9.81353789e+01  3.56797887e+00  9.36772136e+04 -1.82906602e-01 
 1.75000000e+00  5.80000000e+03  1.85000000e+00 -1.00899163e-03  3.35014692e-01  5.09212401e-02  9.81353789e+01  3.56797887e+00  9.36772136e+04 -1.82906602e-01 
 1.76000000e+00  5.80000000e+03  1.85000000e+00 -1.00964158e-03  3.35014692e-01  5.09212401e-02  9.81353789e+01  3.56797887e+00  9.36772136e+04 -1.82906602e-01 
 1.77000000e+00  5.80000000e+03  1.85000000e+00 -1.01028965e-03  3.35014692e-01  5.09212401e-02  9.81353789e+01  3.56797887e+00  9.36772136e+04 -1.82906602e-01 
 1.78000000e+00  5.80000000e+03  1.85000000e+00 -1.01093592e-03  3.35014692e-01  5.09212401e-02  9.81353789e+01  3.56797887e+00  9.36772136e+04 -1.82906602e-01 
 1.79000000e+00  5.80000000e+03  1.85000000e+00 -1.01158047e-03  3.35014692e-01  5.09212401e-02  9.81353789e+01  3.56797887e+00  9.36772136e+04 -1.82906602e-01 
 1.80000000e+00  5.80000000e+03  1.85000000e+00 -1.01222341e-03  3.35014692e-01  5.09212401e-02  9.81353789e+01  3.56797887e+00  9.36772136e+04 -1.82906602e-01 
 1.81000000e+00  5.80000000e+03  1.85000000e+00 -1.01286482e-03  3.35014692e-01  5.09212401e-02  9.81353789e+01  3.56797887e+00  9.36772136e+04 -1.82906602e-01 
 1.82000000e+00  5.80000000e+03  1.85000000e+00 -1.01350480e-03  3.35014692e-01  5.09212401e-02  9.81353789e+01  3.56797887e+00  9.36772136e+04 -1.82906602e-01 
 1.83000000e+00  5.80000000e+03  1.85000000e+00 -1.01414346e-03  3.35014692e-01  5.09212401e-02  9.81353789e+01  3.56797887e+00  9.36772136e+04 -1.82906602e-01 
 1.84000000e+00  5.80000000e+03  1.85000000e+00 -1.01478091e-03  3.35014692e-01  5.09212401e-02  9.81353789e+01  3.56797887e+00  9.36772136e+04 -1.82906602e-01 
 1.85000000e+00  5.80000000e+03  1.85000000e+00 -1.01541726e-03  3.35014692e-01  5.09212401e-02  9.81353789e+01  3.56797887e+00  9.36772136e+04 -1.82906602e-01 
