 v-sweep         run_num         v(gate)         i(vds)          out_vth0        out_u0          out_rdsw        out_nfactor     out_vsat        out_eta0       
 0.00000000e+00  2.65000000e+03  1.85000000e+00 -4.31305966e-43  3.58411581e-01  5.69605475e-02  1.00546542e+02  5.32593107e+00  1.05158142e+05 -1.88321254e-01 
 1.00000000e-02  2.65000000e+03  1.85000000e+00 -3.95502685e-05  3.58411581e-01  5.69605475e-02  1.00546542e+02  5.32593107e+00  1.05158142e+05 -1.88321254e-01 
 2.00000000e-02  2.65000000e+03  1.85000000e+00 -7.82739534e-05  3.58411581e-01  5.69605475e-02  1.00546542e+02  5.32593107e+00  1.05158142e+05 -1.88321254e-01 
 3.00000000e-02  2.65000000e+03  1.85000000e+00 -1.16160627e-04  3.58411581e-01  5.69605475e-02  1.00546542e+02  5.32593107e+00  1.05158142e+05 -1.88321254e-01 
 4.00000000e-02  2.65000000e+03  1.85000000e+00 -1.53199941e-04  3.58411581e-01  5.69605475e-02  1.00546542e+02  5.32593107e+00  1.05158142e+05 -1.88321254e-01 
 5.00000000e-02  2.65000000e+03  1.85000000e+00 -1.89381253e-04  3.58411581e-01  5.69605475e-02  1.00546542e+02  5.32593107e+00  1.05158142e+05 -1.88321254e-01 
 6.00000000e-02  2.65000000e+03  1.85000000e+00 -2.24693319e-04  3.58411581e-01  5.69605475e-02  1.00546542e+02  5.32593107e+00  1.05158142e+05 -1.88321254e-01 
 7.00000000e-02  2.65000000e+03  1.85000000e+00 -2.59124048e-04  3.58411581e-01  5.69605475e-02  1.00546542e+02  5.32593107e+00  1.05158142e+05 -1.88321254e-01 
 8.00000000e-02  2.65000000e+03  1.85000000e+00 -2.92660316e-04  3.58411581e-01  5.69605475e-02  1.00546542e+02  5.32593107e+00  1.05158142e+05 -1.88321254e-01 
 9.00000000e-02  2.65000000e+03  1.85000000e+00 -3.25287844e-04  3.58411581e-01  5.69605475e-02  1.00546542e+02  5.32593107e+00  1.05158142e+05 -1.88321254e-01 
 1.00000000e-01  2.65000000e+03  1.85000000e+00 -3.56991144e-04  3.58411581e-01  5.69605475e-02  1.00546542e+02  5.32593107e+00  1.05158142e+05 -1.88321254e-01 
 1.10000000e-01  2.65000000e+03  1.85000000e+00 -3.87753559e-04  3.58411581e-01  5.69605475e-02  1.00546542e+02  5.32593107e+00  1.05158142e+05 -1.88321254e-01 
 1.20000000e-01  2.65000000e+03  1.85000000e+00 -4.17557397e-04  3.58411581e-01  5.69605475e-02  1.00546542e+02  5.32593107e+00  1.05158142e+05 -1.88321254e-01 
 1.30000000e-01  2.65000000e+03  1.85000000e+00 -4.46384182e-04  3.58411581e-01  5.69605475e-02  1.00546542e+02  5.32593107e+00  1.05158142e+05 -1.88321254e-01 
 1.40000000e-01  2.65000000e+03  1.85000000e+00 -4.74215038e-04  3.58411581e-01  5.69605475e-02  1.00546542e+02  5.32593107e+00  1.05158142e+05 -1.88321254e-01 
 1.50000000e-01  2.65000000e+03  1.85000000e+00 -5.01031224e-04  3.58411581e-01  5.69605475e-02  1.00546542e+02  5.32593107e+00  1.05158142e+05 -1.88321254e-01 
 1.60000000e-01  2.65000000e+03  1.85000000e+00 -5.26814803e-04  3.58411581e-01  5.69605475e-02  1.00546542e+02  5.32593107e+00  1.05158142e+05 -1.88321254e-01 
 1.70000000e-01  2.65000000e+03  1.85000000e+00 -5.51549458e-04  3.58411581e-01  5.69605475e-02  1.00546542e+02  5.32593107e+00  1.05158142e+05 -1.88321254e-01 
 1.80000000e-01  2.65000000e+03  1.85000000e+00 -5.75221420e-04  3.58411581e-01  5.69605475e-02  1.00546542e+02  5.32593107e+00  1.05158142e+05 -1.88321254e-01 
 1.90000000e-01  2.65000000e+03  1.85000000e+00 -5.97820454e-04  3.58411581e-01  5.69605475e-02  1.00546542e+02  5.32593107e+00  1.05158142e+05 -1.88321254e-01 
 2.00000000e-01  2.65000000e+03  1.85000000e+00 -6.19340853e-04  3.58411581e-01  5.69605475e-02  1.00546542e+02  5.32593107e+00  1.05158142e+05 -1.88321254e-01 
 2.10000000e-01  2.65000000e+03  1.85000000e+00 -6.39782349e-04  3.58411581e-01  5.69605475e-02  1.00546542e+02  5.32593107e+00  1.05158142e+05 -1.88321254e-01 
 2.20000000e-01  2.65000000e+03  1.85000000e+00 -6.59150860e-04  3.58411581e-01  5.69605475e-02  1.00546542e+02  5.32593107e+00  1.05158142e+05 -1.88321254e-01 
 2.30000000e-01  2.65000000e+03  1.85000000e+00 -6.77458993e-04  3.58411581e-01  5.69605475e-02  1.00546542e+02  5.32593107e+00  1.05158142e+05 -1.88321254e-01 
 2.40000000e-01  2.65000000e+03  1.85000000e+00 -6.94726237e-04  3.58411581e-01  5.69605475e-02  1.00546542e+02  5.32593107e+00  1.05158142e+05 -1.88321254e-01 
 2.50000000e-01  2.65000000e+03  1.85000000e+00 -7.10978822e-04  3.58411581e-01  5.69605475e-02  1.00546542e+02  5.32593107e+00  1.05158142e+05 -1.88321254e-01 
 2.60000000e-01  2.65000000e+03  1.85000000e+00 -7.26249248e-04  3.58411581e-01  5.69605475e-02  1.00546542e+02  5.32593107e+00  1.05158142e+05 -1.88321254e-01 
 2.70000000e-01  2.65000000e+03  1.85000000e+00 -7.40575519e-04  3.58411581e-01  5.69605475e-02  1.00546542e+02  5.32593107e+00  1.05158142e+05 -1.88321254e-01 
 2.80000000e-01  2.65000000e+03  1.85000000e+00 -7.54000171e-04  3.58411581e-01  5.69605475e-02  1.00546542e+02  5.32593107e+00  1.05158142e+05 -1.88321254e-01 
 2.90000000e-01  2.65000000e+03  1.85000000e+00 -7.66569158e-04  3.58411581e-01  5.69605475e-02  1.00546542e+02  5.32593107e+00  1.05158142e+05 -1.88321254e-01 
 3.00000000e-01  2.65000000e+03  1.85000000e+00 -7.78330707e-04  3.58411581e-01  5.69605475e-02  1.00546542e+02  5.32593107e+00  1.05158142e+05 -1.88321254e-01 
 3.10000000e-01  2.65000000e+03  1.85000000e+00 -7.89334203e-04  3.58411581e-01  5.69605475e-02  1.00546542e+02  5.32593107e+00  1.05158142e+05 -1.88321254e-01 
 3.20000000e-01  2.65000000e+03  1.85000000e+00 -7.99629189e-04  3.58411581e-01  5.69605475e-02  1.00546542e+02  5.32593107e+00  1.05158142e+05 -1.88321254e-01 
 3.30000000e-01  2.65000000e+03  1.85000000e+00 -8.09264495e-04  3.58411581e-01  5.69605475e-02  1.00546542e+02  5.32593107e+00  1.05158142e+05 -1.88321254e-01 
 3.40000000e-01  2.65000000e+03  1.85000000e+00 -8.18287543e-04  3.58411581e-01  5.69605475e-02  1.00546542e+02  5.32593107e+00  1.05158142e+05 -1.88321254e-01 
 3.50000000e-01  2.65000000e+03  1.85000000e+00 -8.26743811e-04  3.58411581e-01  5.69605475e-02  1.00546542e+02  5.32593107e+00  1.05158142e+05 -1.88321254e-01 
 3.60000000e-01  2.65000000e+03  1.85000000e+00 -8.34676455e-04  3.58411581e-01  5.69605475e-02  1.00546542e+02  5.32593107e+00  1.05158142e+05 -1.88321254e-01 
 3.70000000e-01  2.65000000e+03  1.85000000e+00 -8.42126069e-04  3.58411581e-01  5.69605475e-02  1.00546542e+02  5.32593107e+00  1.05158142e+05 -1.88321254e-01 
 3.80000000e-01  2.65000000e+03  1.85000000e+00 -8.49130563e-04  3.58411581e-01  5.69605475e-02  1.00546542e+02  5.32593107e+00  1.05158142e+05 -1.88321254e-01 
 3.90000000e-01  2.65000000e+03  1.85000000e+00 -8.55725127e-04  3.58411581e-01  5.69605475e-02  1.00546542e+02  5.32593107e+00  1.05158142e+05 -1.88321254e-01 
 4.00000000e-01  2.65000000e+03  1.85000000e+00 -8.61942271e-04  3.58411581e-01  5.69605475e-02  1.00546542e+02  5.32593107e+00  1.05158142e+05 -1.88321254e-01 
 4.10000000e-01  2.65000000e+03  1.85000000e+00 -8.67811913e-04  3.58411581e-01  5.69605475e-02  1.00546542e+02  5.32593107e+00  1.05158142e+05 -1.88321254e-01 
 4.20000000e-01  2.65000000e+03  1.85000000e+00 -8.73361508e-04  3.58411581e-01  5.69605475e-02  1.00546542e+02  5.32593107e+00  1.05158142e+05 -1.88321254e-01 
 4.30000000e-01  2.65000000e+03  1.85000000e+00 -8.78616188e-04  3.58411581e-01  5.69605475e-02  1.00546542e+02  5.32593107e+00  1.05158142e+05 -1.88321254e-01 
 4.40000000e-01  2.65000000e+03  1.85000000e+00 -8.83598922e-04  3.58411581e-01  5.69605475e-02  1.00546542e+02  5.32593107e+00  1.05158142e+05 -1.88321254e-01 
 4.50000000e-01  2.65000000e+03  1.85000000e+00 -8.88330680e-04  3.58411581e-01  5.69605475e-02  1.00546542e+02  5.32593107e+00  1.05158142e+05 -1.88321254e-01 
 4.60000000e-01  2.65000000e+03  1.85000000e+00 -8.92830592e-04  3.58411581e-01  5.69605475e-02  1.00546542e+02  5.32593107e+00  1.05158142e+05 -1.88321254e-01 
 4.70000000e-01  2.65000000e+03  1.85000000e+00 -8.97116104e-04  3.58411581e-01  5.69605475e-02  1.00546542e+02  5.32593107e+00  1.05158142e+05 -1.88321254e-01 
 4.80000000e-01  2.65000000e+03  1.85000000e+00 -9.01203123e-04  3.58411581e-01  5.69605475e-02  1.00546542e+02  5.32593107e+00  1.05158142e+05 -1.88321254e-01 
 4.90000000e-01  2.65000000e+03  1.85000000e+00 -9.05106161e-04  3.58411581e-01  5.69605475e-02  1.00546542e+02  5.32593107e+00  1.05158142e+05 -1.88321254e-01 
 5.00000000e-01  2.65000000e+03  1.85000000e+00 -9.08838457e-04  3.58411581e-01  5.69605475e-02  1.00546542e+02  5.32593107e+00  1.05158142e+05 -1.88321254e-01 
 5.10000000e-01  2.65000000e+03  1.85000000e+00 -9.12412101e-04  3.58411581e-01  5.69605475e-02  1.00546542e+02  5.32593107e+00  1.05158142e+05 -1.88321254e-01 
 5.20000000e-01  2.65000000e+03  1.85000000e+00 -9.15838140e-04  3.58411581e-01  5.69605475e-02  1.00546542e+02  5.32593107e+00  1.05158142e+05 -1.88321254e-01 
 5.30000000e-01  2.65000000e+03  1.85000000e+00 -9.19126676e-04  3.58411581e-01  5.69605475e-02  1.00546542e+02  5.32593107e+00  1.05158142e+05 -1.88321254e-01 
 5.40000000e-01  2.65000000e+03  1.85000000e+00 -9.22286954e-04  3.58411581e-01  5.69605475e-02  1.00546542e+02  5.32593107e+00  1.05158142e+05 -1.88321254e-01 
 5.50000000e-01  2.65000000e+03  1.85000000e+00 -9.25327449e-04  3.58411581e-01  5.69605475e-02  1.00546542e+02  5.32593107e+00  1.05158142e+05 -1.88321254e-01 
 5.60000000e-01  2.65000000e+03  1.85000000e+00 -9.28255933e-04  3.58411581e-01  5.69605475e-02  1.00546542e+02  5.32593107e+00  1.05158142e+05 -1.88321254e-01 
 5.70000000e-01  2.65000000e+03  1.85000000e+00 -9.31079544e-04  3.58411581e-01  5.69605475e-02  1.00546542e+02  5.32593107e+00  1.05158142e+05 -1.88321254e-01 
 5.80000000e-01  2.65000000e+03  1.85000000e+00 -9.33804845e-04  3.58411581e-01  5.69605475e-02  1.00546542e+02  5.32593107e+00  1.05158142e+05 -1.88321254e-01 
 5.90000000e-01  2.65000000e+03  1.85000000e+00 -9.36437876e-04  3.58411581e-01  5.69605475e-02  1.00546542e+02  5.32593107e+00  1.05158142e+05 -1.88321254e-01 
 6.00000000e-01  2.65000000e+03  1.85000000e+00 -9.38984204e-04  3.58411581e-01  5.69605475e-02  1.00546542e+02  5.32593107e+00  1.05158142e+05 -1.88321254e-01 
 6.10000000e-01  2.65000000e+03  1.85000000e+00 -9.41448967e-04  3.58411581e-01  5.69605475e-02  1.00546542e+02  5.32593107e+00  1.05158142e+05 -1.88321254e-01 
 6.20000000e-01  2.65000000e+03  1.85000000e+00 -9.43836908e-04  3.58411581e-01  5.69605475e-02  1.00546542e+02  5.32593107e+00  1.05158142e+05 -1.88321254e-01 
 6.30000000e-01  2.65000000e+03  1.85000000e+00 -9.46152418e-04  3.58411581e-01  5.69605475e-02  1.00546542e+02  5.32593107e+00  1.05158142e+05 -1.88321254e-01 
 6.40000000e-01  2.65000000e+03  1.85000000e+00 -9.48399559e-04  3.58411581e-01  5.69605475e-02  1.00546542e+02  5.32593107e+00  1.05158142e+05 -1.88321254e-01 
 6.50000000e-01  2.65000000e+03  1.85000000e+00 -9.50582101e-04  3.58411581e-01  5.69605475e-02  1.00546542e+02  5.32593107e+00  1.05158142e+05 -1.88321254e-01 
 6.60000000e-01  2.65000000e+03  1.85000000e+00 -9.52703541e-04  3.58411581e-01  5.69605475e-02  1.00546542e+02  5.32593107e+00  1.05158142e+05 -1.88321254e-01 
 6.70000000e-01  2.65000000e+03  1.85000000e+00 -9.54767127e-04  3.58411581e-01  5.69605475e-02  1.00546542e+02  5.32593107e+00  1.05158142e+05 -1.88321254e-01 
 6.80000000e-01  2.65000000e+03  1.85000000e+00 -9.56775885e-04  3.58411581e-01  5.69605475e-02  1.00546542e+02  5.32593107e+00  1.05158142e+05 -1.88321254e-01 
 6.90000000e-01  2.65000000e+03  1.85000000e+00 -9.58732629e-04  3.58411581e-01  5.69605475e-02  1.00546542e+02  5.32593107e+00  1.05158142e+05 -1.88321254e-01 
 7.00000000e-01  2.65000000e+03  1.85000000e+00 -9.60639985e-04  3.58411581e-01  5.69605475e-02  1.00546542e+02  5.32593107e+00  1.05158142e+05 -1.88321254e-01 
 7.10000000e-01  2.65000000e+03  1.85000000e+00 -9.62500403e-04  3.58411581e-01  5.69605475e-02  1.00546542e+02  5.32593107e+00  1.05158142e+05 -1.88321254e-01 
 7.20000000e-01  2.65000000e+03  1.85000000e+00 -9.64316174e-04  3.58411581e-01  5.69605475e-02  1.00546542e+02  5.32593107e+00  1.05158142e+05 -1.88321254e-01 
 7.30000000e-01  2.65000000e+03  1.85000000e+00 -9.66089438e-04  3.58411581e-01  5.69605475e-02  1.00546542e+02  5.32593107e+00  1.05158142e+05 -1.88321254e-01 
 7.40000000e-01  2.65000000e+03  1.85000000e+00 -9.67822201e-04  3.58411581e-01  5.69605475e-02  1.00546542e+02  5.32593107e+00  1.05158142e+05 -1.88321254e-01 
 7.50000000e-01  2.65000000e+03  1.85000000e+00 -9.69516343e-04  3.58411581e-01  5.69605475e-02  1.00546542e+02  5.32593107e+00  1.05158142e+05 -1.88321254e-01 
 7.60000000e-01  2.65000000e+03  1.85000000e+00 -9.71173626e-04  3.58411581e-01  5.69605475e-02  1.00546542e+02  5.32593107e+00  1.05158142e+05 -1.88321254e-01 
 7.70000000e-01  2.65000000e+03  1.85000000e+00 -9.72795706e-04  3.58411581e-01  5.69605475e-02  1.00546542e+02  5.32593107e+00  1.05158142e+05 -1.88321254e-01 
 7.80000000e-01  2.65000000e+03  1.85000000e+00 -9.74384138e-04  3.58411581e-01  5.69605475e-02  1.00546542e+02  5.32593107e+00  1.05158142e+05 -1.88321254e-01 
 7.90000000e-01  2.65000000e+03  1.85000000e+00 -9.75940388e-04  3.58411581e-01  5.69605475e-02  1.00546542e+02  5.32593107e+00  1.05158142e+05 -1.88321254e-01 
 8.00000000e-01  2.65000000e+03  1.85000000e+00 -9.77465833e-04  3.58411581e-01  5.69605475e-02  1.00546542e+02  5.32593107e+00  1.05158142e+05 -1.88321254e-01 
 8.10000000e-01  2.65000000e+03  1.85000000e+00 -9.78961772e-04  3.58411581e-01  5.69605475e-02  1.00546542e+02  5.32593107e+00  1.05158142e+05 -1.88321254e-01 
 8.20000000e-01  2.65000000e+03  1.85000000e+00 -9.80429430e-04  3.58411581e-01  5.69605475e-02  1.00546542e+02  5.32593107e+00  1.05158142e+05 -1.88321254e-01 
 8.30000000e-01  2.65000000e+03  1.85000000e+00 -9.81869965e-04  3.58411581e-01  5.69605475e-02  1.00546542e+02  5.32593107e+00  1.05158142e+05 -1.88321254e-01 
 8.40000000e-01  2.65000000e+03  1.85000000e+00 -9.83284469e-04  3.58411581e-01  5.69605475e-02  1.00546542e+02  5.32593107e+00  1.05158142e+05 -1.88321254e-01 
 8.50000000e-01  2.65000000e+03  1.85000000e+00 -9.84673975e-04  3.58411581e-01  5.69605475e-02  1.00546542e+02  5.32593107e+00  1.05158142e+05 -1.88321254e-01 
 8.60000000e-01  2.65000000e+03  1.85000000e+00 -9.86039461e-04  3.58411581e-01  5.69605475e-02  1.00546542e+02  5.32593107e+00  1.05158142e+05 -1.88321254e-01 
 8.70000000e-01  2.65000000e+03  1.85000000e+00 -9.87381854e-04  3.58411581e-01  5.69605475e-02  1.00546542e+02  5.32593107e+00  1.05158142e+05 -1.88321254e-01 
 8.80000000e-01  2.65000000e+03  1.85000000e+00 -9.88702030e-04  3.58411581e-01  5.69605475e-02  1.00546542e+02  5.32593107e+00  1.05158142e+05 -1.88321254e-01 
 8.90000000e-01  2.65000000e+03  1.85000000e+00 -9.90000821e-04  3.58411581e-01  5.69605475e-02  1.00546542e+02  5.32593107e+00  1.05158142e+05 -1.88321254e-01 
 9.00000000e-01  2.65000000e+03  1.85000000e+00 -9.91279019e-04  3.58411581e-01  5.69605475e-02  1.00546542e+02  5.32593107e+00  1.05158142e+05 -1.88321254e-01 
 9.10000000e-01  2.65000000e+03  1.85000000e+00 -9.92537372e-04  3.58411581e-01  5.69605475e-02  1.00546542e+02  5.32593107e+00  1.05158142e+05 -1.88321254e-01 
 9.20000000e-01  2.65000000e+03  1.85000000e+00 -9.93776594e-04  3.58411581e-01  5.69605475e-02  1.00546542e+02  5.32593107e+00  1.05158142e+05 -1.88321254e-01 
 9.30000000e-01  2.65000000e+03  1.85000000e+00 -9.94997363e-04  3.58411581e-01  5.69605475e-02  1.00546542e+02  5.32593107e+00  1.05158142e+05 -1.88321254e-01 
 9.40000000e-01  2.65000000e+03  1.85000000e+00 -9.96200323e-04  3.58411581e-01  5.69605475e-02  1.00546542e+02  5.32593107e+00  1.05158142e+05 -1.88321254e-01 
 9.50000000e-01  2.65000000e+03  1.85000000e+00 -9.97386089e-04  3.58411581e-01  5.69605475e-02  1.00546542e+02  5.32593107e+00  1.05158142e+05 -1.88321254e-01 
 9.60000000e-01  2.65000000e+03  1.85000000e+00 -9.98555246e-04  3.58411581e-01  5.69605475e-02  1.00546542e+02  5.32593107e+00  1.05158142e+05 -1.88321254e-01 
 9.70000000e-01  2.65000000e+03  1.85000000e+00 -9.99708353e-04  3.58411581e-01  5.69605475e-02  1.00546542e+02  5.32593107e+00  1.05158142e+05 -1.88321254e-01 
 9.80000000e-01  2.65000000e+03  1.85000000e+00 -1.00084594e-03  3.58411581e-01  5.69605475e-02  1.00546542e+02  5.32593107e+00  1.05158142e+05 -1.88321254e-01 
 9.90000000e-01  2.65000000e+03  1.85000000e+00 -1.00196852e-03  3.58411581e-01  5.69605475e-02  1.00546542e+02  5.32593107e+00  1.05158142e+05 -1.88321254e-01 
 1.00000000e+00  2.65000000e+03  1.85000000e+00 -1.00307657e-03  3.58411581e-01  5.69605475e-02  1.00546542e+02  5.32593107e+00  1.05158142e+05 -1.88321254e-01 
 1.01000000e+00  2.65000000e+03  1.85000000e+00 -1.00417056e-03  3.58411581e-01  5.69605475e-02  1.00546542e+02  5.32593107e+00  1.05158142e+05 -1.88321254e-01 
 1.02000000e+00  2.65000000e+03  1.85000000e+00 -1.00525093e-03  3.58411581e-01  5.69605475e-02  1.00546542e+02  5.32593107e+00  1.05158142e+05 -1.88321254e-01 
 1.03000000e+00  2.65000000e+03  1.85000000e+00 -1.00631811e-03  3.58411581e-01  5.69605475e-02  1.00546542e+02  5.32593107e+00  1.05158142e+05 -1.88321254e-01 
 1.04000000e+00  2.65000000e+03  1.85000000e+00 -1.00737250e-03  3.58411581e-01  5.69605475e-02  1.00546542e+02  5.32593107e+00  1.05158142e+05 -1.88321254e-01 
 1.05000000e+00  2.65000000e+03  1.85000000e+00 -1.00841449e-03  3.58411581e-01  5.69605475e-02  1.00546542e+02  5.32593107e+00  1.05158142e+05 -1.88321254e-01 
 1.06000000e+00  2.65000000e+03  1.85000000e+00 -1.00944446e-03  3.58411581e-01  5.69605475e-02  1.00546542e+02  5.32593107e+00  1.05158142e+05 -1.88321254e-01 
 1.07000000e+00  2.65000000e+03  1.85000000e+00 -1.01046275e-03  3.58411581e-01  5.69605475e-02  1.00546542e+02  5.32593107e+00  1.05158142e+05 -1.88321254e-01 
 1.08000000e+00  2.65000000e+03  1.85000000e+00 -1.01146972e-03  3.58411581e-01  5.69605475e-02  1.00546542e+02  5.32593107e+00  1.05158142e+05 -1.88321254e-01 
 1.09000000e+00  2.65000000e+03  1.85000000e+00 -1.01246568e-03  3.58411581e-01  5.69605475e-02  1.00546542e+02  5.32593107e+00  1.05158142e+05 -1.88321254e-01 
 1.10000000e+00  2.65000000e+03  1.85000000e+00 -1.01345096e-03  3.58411581e-01  5.69605475e-02  1.00546542e+02  5.32593107e+00  1.05158142e+05 -1.88321254e-01 
 1.11000000e+00  2.65000000e+03  1.85000000e+00 -1.01442586e-03  3.58411581e-01  5.69605475e-02  1.00546542e+02  5.32593107e+00  1.05158142e+05 -1.88321254e-01 
 1.12000000e+00  2.65000000e+03  1.85000000e+00 -1.01539067e-03  3.58411581e-01  5.69605475e-02  1.00546542e+02  5.32593107e+00  1.05158142e+05 -1.88321254e-01 
 1.13000000e+00  2.65000000e+03  1.85000000e+00 -1.01634567e-03  3.58411581e-01  5.69605475e-02  1.00546542e+02  5.32593107e+00  1.05158142e+05 -1.88321254e-01 
 1.14000000e+00  2.65000000e+03  1.85000000e+00 -1.01729112e-03  3.58411581e-01  5.69605475e-02  1.00546542e+02  5.32593107e+00  1.05158142e+05 -1.88321254e-01 
 1.15000000e+00  2.65000000e+03  1.85000000e+00 -1.01822729e-03  3.58411581e-01  5.69605475e-02  1.00546542e+02  5.32593107e+00  1.05158142e+05 -1.88321254e-01 
 1.16000000e+00  2.65000000e+03  1.85000000e+00 -1.01915442e-03  3.58411581e-01  5.69605475e-02  1.00546542e+02  5.32593107e+00  1.05158142e+05 -1.88321254e-01 
 1.17000000e+00  2.65000000e+03  1.85000000e+00 -1.02007276e-03  3.58411581e-01  5.69605475e-02  1.00546542e+02  5.32593107e+00  1.05158142e+05 -1.88321254e-01 
 1.18000000e+00  2.65000000e+03  1.85000000e+00 -1.02098254e-03  3.58411581e-01  5.69605475e-02  1.00546542e+02  5.32593107e+00  1.05158142e+05 -1.88321254e-01 
 1.19000000e+00  2.65000000e+03  1.85000000e+00 -1.02188397e-03  3.58411581e-01  5.69605475e-02  1.00546542e+02  5.32593107e+00  1.05158142e+05 -1.88321254e-01 
 1.20000000e+00  2.65000000e+03  1.85000000e+00 -1.02277727e-03  3.58411581e-01  5.69605475e-02  1.00546542e+02  5.32593107e+00  1.05158142e+05 -1.88321254e-01 
 1.21000000e+00  2.65000000e+03  1.85000000e+00 -1.02366265e-03  3.58411581e-01  5.69605475e-02  1.00546542e+02  5.32593107e+00  1.05158142e+05 -1.88321254e-01 
 1.22000000e+00  2.65000000e+03  1.85000000e+00 -1.02454031e-03  3.58411581e-01  5.69605475e-02  1.00546542e+02  5.32593107e+00  1.05158142e+05 -1.88321254e-01 
 1.23000000e+00  2.65000000e+03  1.85000000e+00 -1.02541044e-03  3.58411581e-01  5.69605475e-02  1.00546542e+02  5.32593107e+00  1.05158142e+05 -1.88321254e-01 
 1.24000000e+00  2.65000000e+03  1.85000000e+00 -1.02627323e-03  3.58411581e-01  5.69605475e-02  1.00546542e+02  5.32593107e+00  1.05158142e+05 -1.88321254e-01 
 1.25000000e+00  2.65000000e+03  1.85000000e+00 -1.02712885e-03  3.58411581e-01  5.69605475e-02  1.00546542e+02  5.32593107e+00  1.05158142e+05 -1.88321254e-01 
 1.26000000e+00  2.65000000e+03  1.85000000e+00 -1.02797747e-03  3.58411581e-01  5.69605475e-02  1.00546542e+02  5.32593107e+00  1.05158142e+05 -1.88321254e-01 
 1.27000000e+00  2.65000000e+03  1.85000000e+00 -1.02881928e-03  3.58411581e-01  5.69605475e-02  1.00546542e+02  5.32593107e+00  1.05158142e+05 -1.88321254e-01 
 1.28000000e+00  2.65000000e+03  1.85000000e+00 -1.02965442e-03  3.58411581e-01  5.69605475e-02  1.00546542e+02  5.32593107e+00  1.05158142e+05 -1.88321254e-01 
 1.29000000e+00  2.65000000e+03  1.85000000e+00 -1.03048305e-03  3.58411581e-01  5.69605475e-02  1.00546542e+02  5.32593107e+00  1.05158142e+05 -1.88321254e-01 
 1.30000000e+00  2.65000000e+03  1.85000000e+00 -1.03130533e-03  3.58411581e-01  5.69605475e-02  1.00546542e+02  5.32593107e+00  1.05158142e+05 -1.88321254e-01 
 1.31000000e+00  2.65000000e+03  1.85000000e+00 -1.03212139e-03  3.58411581e-01  5.69605475e-02  1.00546542e+02  5.32593107e+00  1.05158142e+05 -1.88321254e-01 
 1.32000000e+00  2.65000000e+03  1.85000000e+00 -1.03293140e-03  3.58411581e-01  5.69605475e-02  1.00546542e+02  5.32593107e+00  1.05158142e+05 -1.88321254e-01 
 1.33000000e+00  2.65000000e+03  1.85000000e+00 -1.03373547e-03  3.58411581e-01  5.69605475e-02  1.00546542e+02  5.32593107e+00  1.05158142e+05 -1.88321254e-01 
 1.34000000e+00  2.65000000e+03  1.85000000e+00 -1.03453374e-03  3.58411581e-01  5.69605475e-02  1.00546542e+02  5.32593107e+00  1.05158142e+05 -1.88321254e-01 
 1.35000000e+00  2.65000000e+03  1.85000000e+00 -1.03532635e-03  3.58411581e-01  5.69605475e-02  1.00546542e+02  5.32593107e+00  1.05158142e+05 -1.88321254e-01 
 1.36000000e+00  2.65000000e+03  1.85000000e+00 -1.03611341e-03  3.58411581e-01  5.69605475e-02  1.00546542e+02  5.32593107e+00  1.05158142e+05 -1.88321254e-01 
 1.37000000e+00  2.65000000e+03  1.85000000e+00 -1.03689505e-03  3.58411581e-01  5.69605475e-02  1.00546542e+02  5.32593107e+00  1.05158142e+05 -1.88321254e-01 
 1.38000000e+00  2.65000000e+03  1.85000000e+00 -1.03767138e-03  3.58411581e-01  5.69605475e-02  1.00546542e+02  5.32593107e+00  1.05158142e+05 -1.88321254e-01 
 1.39000000e+00  2.65000000e+03  1.85000000e+00 -1.03844253e-03  3.58411581e-01  5.69605475e-02  1.00546542e+02  5.32593107e+00  1.05158142e+05 -1.88321254e-01 
 1.40000000e+00  2.65000000e+03  1.85000000e+00 -1.03920859e-03  3.58411581e-01  5.69605475e-02  1.00546542e+02  5.32593107e+00  1.05158142e+05 -1.88321254e-01 
 1.41000000e+00  2.65000000e+03  1.85000000e+00 -1.03996968e-03  3.58411581e-01  5.69605475e-02  1.00546542e+02  5.32593107e+00  1.05158142e+05 -1.88321254e-01 
 1.42000000e+00  2.65000000e+03  1.85000000e+00 -1.04072590e-03  3.58411581e-01  5.69605475e-02  1.00546542e+02  5.32593107e+00  1.05158142e+05 -1.88321254e-01 
 1.43000000e+00  2.65000000e+03  1.85000000e+00 -1.04147735e-03  3.58411581e-01  5.69605475e-02  1.00546542e+02  5.32593107e+00  1.05158142e+05 -1.88321254e-01 
 1.44000000e+00  2.65000000e+03  1.85000000e+00 -1.04222414e-03  3.58411581e-01  5.69605475e-02  1.00546542e+02  5.32593107e+00  1.05158142e+05 -1.88321254e-01 
 1.45000000e+00  2.65000000e+03  1.85000000e+00 -1.04296635e-03  3.58411581e-01  5.69605475e-02  1.00546542e+02  5.32593107e+00  1.05158142e+05 -1.88321254e-01 
 1.46000000e+00  2.65000000e+03  1.85000000e+00 -1.04370409e-03  3.58411581e-01  5.69605475e-02  1.00546542e+02  5.32593107e+00  1.05158142e+05 -1.88321254e-01 
 1.47000000e+00  2.65000000e+03  1.85000000e+00 -1.04443743e-03  3.58411581e-01  5.69605475e-02  1.00546542e+02  5.32593107e+00  1.05158142e+05 -1.88321254e-01 
 1.48000000e+00  2.65000000e+03  1.85000000e+00 -1.04516648e-03  3.58411581e-01  5.69605475e-02  1.00546542e+02  5.32593107e+00  1.05158142e+05 -1.88321254e-01 
 1.49000000e+00  2.65000000e+03  1.85000000e+00 -1.04589132e-03  3.58411581e-01  5.69605475e-02  1.00546542e+02  5.32593107e+00  1.05158142e+05 -1.88321254e-01 
 1.50000000e+00  2.65000000e+03  1.85000000e+00 -1.04661204e-03  3.58411581e-01  5.69605475e-02  1.00546542e+02  5.32593107e+00  1.05158142e+05 -1.88321254e-01 
 1.51000000e+00  2.65000000e+03  1.85000000e+00 -1.04732870e-03  3.58411581e-01  5.69605475e-02  1.00546542e+02  5.32593107e+00  1.05158142e+05 -1.88321254e-01 
 1.52000000e+00  2.65000000e+03  1.85000000e+00 -1.04804141e-03  3.58411581e-01  5.69605475e-02  1.00546542e+02  5.32593107e+00  1.05158142e+05 -1.88321254e-01 
 1.53000000e+00  2.65000000e+03  1.85000000e+00 -1.04875024e-03  3.58411581e-01  5.69605475e-02  1.00546542e+02  5.32593107e+00  1.05158142e+05 -1.88321254e-01 
 1.54000000e+00  2.65000000e+03  1.85000000e+00 -1.04945526e-03  3.58411581e-01  5.69605475e-02  1.00546542e+02  5.32593107e+00  1.05158142e+05 -1.88321254e-01 
 1.55000000e+00  2.65000000e+03  1.85000000e+00 -1.05015656e-03  3.58411581e-01  5.69605475e-02  1.00546542e+02  5.32593107e+00  1.05158142e+05 -1.88321254e-01 
 1.56000000e+00  2.65000000e+03  1.85000000e+00 -1.05085420e-03  3.58411581e-01  5.69605475e-02  1.00546542e+02  5.32593107e+00  1.05158142e+05 -1.88321254e-01 
 1.57000000e+00  2.65000000e+03  1.85000000e+00 -1.05154827e-03  3.58411581e-01  5.69605475e-02  1.00546542e+02  5.32593107e+00  1.05158142e+05 -1.88321254e-01 
 1.58000000e+00  2.65000000e+03  1.85000000e+00 -1.05223884e-03  3.58411581e-01  5.69605475e-02  1.00546542e+02  5.32593107e+00  1.05158142e+05 -1.88321254e-01 
 1.59000000e+00  2.65000000e+03  1.85000000e+00 -1.05292599e-03  3.58411581e-01  5.69605475e-02  1.00546542e+02  5.32593107e+00  1.05158142e+05 -1.88321254e-01 
 1.60000000e+00  2.65000000e+03  1.85000000e+00 -1.05360977e-03  3.58411581e-01  5.69605475e-02  1.00546542e+02  5.32593107e+00  1.05158142e+05 -1.88321254e-01 
 1.61000000e+00  2.65000000e+03  1.85000000e+00 -1.05429028e-03  3.58411581e-01  5.69605475e-02  1.00546542e+02  5.32593107e+00  1.05158142e+05 -1.88321254e-01 
 1.62000000e+00  2.65000000e+03  1.85000000e+00 -1.05496757e-03  3.58411581e-01  5.69605475e-02  1.00546542e+02  5.32593107e+00  1.05158142e+05 -1.88321254e-01 
 1.63000000e+00  2.65000000e+03  1.85000000e+00 -1.05564173e-03  3.58411581e-01  5.69605475e-02  1.00546542e+02  5.32593107e+00  1.05158142e+05 -1.88321254e-01 
 1.64000000e+00  2.65000000e+03  1.85000000e+00 -1.05631282e-03  3.58411581e-01  5.69605475e-02  1.00546542e+02  5.32593107e+00  1.05158142e+05 -1.88321254e-01 
 1.65000000e+00  2.65000000e+03  1.85000000e+00 -1.05698092e-03  3.58411581e-01  5.69605475e-02  1.00546542e+02  5.32593107e+00  1.05158142e+05 -1.88321254e-01 
 1.66000000e+00  2.65000000e+03  1.85000000e+00 -1.05764610e-03  3.58411581e-01  5.69605475e-02  1.00546542e+02  5.32593107e+00  1.05158142e+05 -1.88321254e-01 
 1.67000000e+00  2.65000000e+03  1.85000000e+00 -1.05830843e-03  3.58411581e-01  5.69605475e-02  1.00546542e+02  5.32593107e+00  1.05158142e+05 -1.88321254e-01 
 1.68000000e+00  2.65000000e+03  1.85000000e+00 -1.05896800e-03  3.58411581e-01  5.69605475e-02  1.00546542e+02  5.32593107e+00  1.05158142e+05 -1.88321254e-01 
 1.69000000e+00  2.65000000e+03  1.85000000e+00 -1.05962487e-03  3.58411581e-01  5.69605475e-02  1.00546542e+02  5.32593107e+00  1.05158142e+05 -1.88321254e-01 
 1.70000000e+00  2.65000000e+03  1.85000000e+00 -1.06027914e-03  3.58411581e-01  5.69605475e-02  1.00546542e+02  5.32593107e+00  1.05158142e+05 -1.88321254e-01 
 1.71000000e+00  2.65000000e+03  1.85000000e+00 -1.06093087e-03  3.58411581e-01  5.69605475e-02  1.00546542e+02  5.32593107e+00  1.05158142e+05 -1.88321254e-01 
 1.72000000e+00  2.65000000e+03  1.85000000e+00 -1.06158015e-03  3.58411581e-01  5.69605475e-02  1.00546542e+02  5.32593107e+00  1.05158142e+05 -1.88321254e-01 
 1.73000000e+00  2.65000000e+03  1.85000000e+00 -1.06222706e-03  3.58411581e-01  5.69605475e-02  1.00546542e+02  5.32593107e+00  1.05158142e+05 -1.88321254e-01 
 1.74000000e+00  2.65000000e+03  1.85000000e+00 -1.06287170e-03  3.58411581e-01  5.69605475e-02  1.00546542e+02  5.32593107e+00  1.05158142e+05 -1.88321254e-01 
 1.75000000e+00  2.65000000e+03  1.85000000e+00 -1.06351416e-03  3.58411581e-01  5.69605475e-02  1.00546542e+02  5.32593107e+00  1.05158142e+05 -1.88321254e-01 
 1.76000000e+00  2.65000000e+03  1.85000000e+00 -1.06415452e-03  3.58411581e-01  5.69605475e-02  1.00546542e+02  5.32593107e+00  1.05158142e+05 -1.88321254e-01 
 1.77000000e+00  2.65000000e+03  1.85000000e+00 -1.06479289e-03  3.58411581e-01  5.69605475e-02  1.00546542e+02  5.32593107e+00  1.05158142e+05 -1.88321254e-01 
 1.78000000e+00  2.65000000e+03  1.85000000e+00 -1.06542938e-03  3.58411581e-01  5.69605475e-02  1.00546542e+02  5.32593107e+00  1.05158142e+05 -1.88321254e-01 
 1.79000000e+00  2.65000000e+03  1.85000000e+00 -1.06606409e-03  3.58411581e-01  5.69605475e-02  1.00546542e+02  5.32593107e+00  1.05158142e+05 -1.88321254e-01 
 1.80000000e+00  2.65000000e+03  1.85000000e+00 -1.06669713e-03  3.58411581e-01  5.69605475e-02  1.00546542e+02  5.32593107e+00  1.05158142e+05 -1.88321254e-01 
 1.81000000e+00  2.65000000e+03  1.85000000e+00 -1.06732862e-03  3.58411581e-01  5.69605475e-02  1.00546542e+02  5.32593107e+00  1.05158142e+05 -1.88321254e-01 
 1.82000000e+00  2.65000000e+03  1.85000000e+00 -1.06795869e-03  3.58411581e-01  5.69605475e-02  1.00546542e+02  5.32593107e+00  1.05158142e+05 -1.88321254e-01 
 1.83000000e+00  2.65000000e+03  1.85000000e+00 -1.06858748e-03  3.58411581e-01  5.69605475e-02  1.00546542e+02  5.32593107e+00  1.05158142e+05 -1.88321254e-01 
 1.84000000e+00  2.65000000e+03  1.85000000e+00 -1.06921511e-03  3.58411581e-01  5.69605475e-02  1.00546542e+02  5.32593107e+00  1.05158142e+05 -1.88321254e-01 
 1.85000000e+00  2.65000000e+03  1.85000000e+00 -1.06984174e-03  3.58411581e-01  5.69605475e-02  1.00546542e+02  5.32593107e+00  1.05158142e+05 -1.88321254e-01 
