 0.00000000e+00  0.00000000e+00  1.48000000e+00  5.31579002e-19  1.34014011e+00  1.74794423e+00  9.89575249e-01  1.64303633e+00  3.22419815e+01  1.27912989e+00  5.80206753e+00 
 1.00000000e-02  1.00000000e-02  1.48000000e+00  4.33496280e-05  1.34014011e+00  1.74794423e+00  9.89575249e-01  1.64303633e+00  3.22419815e+01  1.27912989e+00  5.80206753e+00 
 2.00000000e-02  2.00000000e-02  1.48000000e+00  8.62299574e-05  1.34014011e+00  1.74794423e+00  9.89575249e-01  1.64303633e+00  3.22419815e+01  1.27912989e+00  5.80206753e+00 
 3.00000000e-02  3.00000000e-02  1.48000000e+00  1.28639074e-04  1.34014011e+00  1.74794423e+00  9.89575249e-01  1.64303633e+00  3.22419815e+01  1.27912989e+00  5.80206753e+00 
 4.00000000e-02  4.00000000e-02  1.48000000e+00  1.70575057e-04  1.34014011e+00  1.74794423e+00  9.89575249e-01  1.64303633e+00  3.22419815e+01  1.27912989e+00  5.80206753e+00 
 5.00000000e-02  5.00000000e-02  1.48000000e+00  2.12035981e-04  1.34014011e+00  1.74794423e+00  9.89575249e-01  1.64303633e+00  3.22419815e+01  1.27912989e+00  5.80206753e+00 
 6.00000000e-02  6.00000000e-02  1.48000000e+00  2.53019914e-04  1.34014011e+00  1.74794423e+00  9.89575249e-01  1.64303633e+00  3.22419815e+01  1.27912989e+00  5.80206753e+00 
 7.00000000e-02  7.00000000e-02  1.48000000e+00  2.93524923e-04  1.34014011e+00  1.74794423e+00  9.89575249e-01  1.64303633e+00  3.22419815e+01  1.27912989e+00  5.80206753e+00 
 8.00000000e-02  8.00000000e-02  1.48000000e+00  3.33549070e-04  1.34014011e+00  1.74794423e+00  9.89575249e-01  1.64303633e+00  3.22419815e+01  1.27912989e+00  5.80206753e+00 
 9.00000000e-02  9.00000000e-02  1.48000000e+00  3.73090419e-04  1.34014011e+00  1.74794423e+00  9.89575249e-01  1.64303633e+00  3.22419815e+01  1.27912989e+00  5.80206753e+00 
 1.00000000e-01  1.00000000e-01  1.48000000e+00  4.12147030e-04  1.34014011e+00  1.74794423e+00  9.89575249e-01  1.64303633e+00  3.22419815e+01  1.27912989e+00  5.80206753e+00 
 1.10000000e-01  1.10000000e-01  1.48000000e+00  4.50716968e-04  1.34014011e+00  1.74794423e+00  9.89575249e-01  1.64303633e+00  3.22419815e+01  1.27912989e+00  5.80206753e+00 
 1.20000000e-01  1.20000000e-01  1.48000000e+00  4.88798303e-04  1.34014011e+00  1.74794423e+00  9.89575249e-01  1.64303633e+00  3.22419815e+01  1.27912989e+00  5.80206753e+00 
 1.30000000e-01  1.30000000e-01  1.48000000e+00  5.26389110e-04  1.34014011e+00  1.74794423e+00  9.89575249e-01  1.64303633e+00  3.22419815e+01  1.27912989e+00  5.80206753e+00 
 1.40000000e-01  1.40000000e-01  1.48000000e+00  5.63487472e-04  1.34014011e+00  1.74794423e+00  9.89575249e-01  1.64303633e+00  3.22419815e+01  1.27912989e+00  5.80206753e+00 
 1.50000000e-01  1.50000000e-01  1.48000000e+00  6.00091487e-04  1.34014011e+00  1.74794423e+00  9.89575249e-01  1.64303633e+00  3.22419815e+01  1.27912989e+00  5.80206753e+00 
 1.60000000e-01  1.60000000e-01  1.48000000e+00  6.36199267e-04  1.34014011e+00  1.74794423e+00  9.89575249e-01  1.64303633e+00  3.22419815e+01  1.27912989e+00  5.80206753e+00 
 1.70000000e-01  1.70000000e-01  1.48000000e+00  6.71808944e-04  1.34014011e+00  1.74794423e+00  9.89575249e-01  1.64303633e+00  3.22419815e+01  1.27912989e+00  5.80206753e+00 
 1.80000000e-01  1.80000000e-01  1.48000000e+00  7.06918672e-04  1.34014011e+00  1.74794423e+00  9.89575249e-01  1.64303633e+00  3.22419815e+01  1.27912989e+00  5.80206753e+00 
 1.90000000e-01  1.90000000e-01  1.48000000e+00  7.41526638e-04  1.34014011e+00  1.74794423e+00  9.89575249e-01  1.64303633e+00  3.22419815e+01  1.27912989e+00  5.80206753e+00 
 2.00000000e-01  2.00000000e-01  1.48000000e+00  7.75631058e-04  1.34014011e+00  1.74794423e+00  9.89575249e-01  1.64303633e+00  3.22419815e+01  1.27912989e+00  5.80206753e+00 
 2.10000000e-01  2.10000000e-01  1.48000000e+00  8.09230192e-04  1.34014011e+00  1.74794423e+00  9.89575249e-01  1.64303633e+00  3.22419815e+01  1.27912989e+00  5.80206753e+00 
 2.20000000e-01  2.20000000e-01  1.48000000e+00  8.42322345e-04  1.34014011e+00  1.74794423e+00  9.89575249e-01  1.64303633e+00  3.22419815e+01  1.27912989e+00  5.80206753e+00 
 2.30000000e-01  2.30000000e-01  1.48000000e+00  8.74905877e-04  1.34014011e+00  1.74794423e+00  9.89575249e-01  1.64303633e+00  3.22419815e+01  1.27912989e+00  5.80206753e+00 
 2.40000000e-01  2.40000000e-01  1.48000000e+00  9.06979211e-04  1.34014011e+00  1.74794423e+00  9.89575249e-01  1.64303633e+00  3.22419815e+01  1.27912989e+00  5.80206753e+00 
 2.50000000e-01  2.50000000e-01  1.48000000e+00  9.38540842e-04  1.34014011e+00  1.74794423e+00  9.89575249e-01  1.64303633e+00  3.22419815e+01  1.27912989e+00  5.80206753e+00 
 2.60000000e-01  2.60000000e-01  1.48000000e+00  9.69589345e-04  1.34014011e+00  1.74794423e+00  9.89575249e-01  1.64303633e+00  3.22419815e+01  1.27912989e+00  5.80206753e+00 
 2.70000000e-01  2.70000000e-01  1.48000000e+00  1.00012339e-03  1.34014011e+00  1.74794423e+00  9.89575249e-01  1.64303633e+00  3.22419815e+01  1.27912989e+00  5.80206753e+00 
 2.80000000e-01  2.80000000e-01  1.48000000e+00  1.03014175e-03  1.34014011e+00  1.74794423e+00  9.89575249e-01  1.64303633e+00  3.22419815e+01  1.27912989e+00  5.80206753e+00 
 2.90000000e-01  2.90000000e-01  1.48000000e+00  1.05964332e-03  1.34014011e+00  1.74794423e+00  9.89575249e-01  1.64303633e+00  3.22419815e+01  1.27912989e+00  5.80206753e+00 
 3.00000000e-01  3.00000000e-01  1.48000000e+00  1.08862713e-03  1.34014011e+00  1.74794423e+00  9.89575249e-01  1.64303633e+00  3.22419815e+01  1.27912989e+00  5.80206753e+00 
 3.10000000e-01  3.10000000e-01  1.48000000e+00  1.11709233e-03  1.34014011e+00  1.74794423e+00  9.89575249e-01  1.64303633e+00  3.22419815e+01  1.27912989e+00  5.80206753e+00 
 3.20000000e-01  3.20000000e-01  1.48000000e+00  1.14503827e-03  1.34014011e+00  1.74794423e+00  9.89575249e-01  1.64303633e+00  3.22419815e+01  1.27912989e+00  5.80206753e+00 
 3.30000000e-01  3.30000000e-01  1.48000000e+00  1.17246447e-03  1.34014011e+00  1.74794423e+00  9.89575249e-01  1.64303633e+00  3.22419815e+01  1.27912989e+00  5.80206753e+00 
 3.40000000e-01  3.40000000e-01  1.48000000e+00  1.19937062e-03  1.34014011e+00  1.74794423e+00  9.89575249e-01  1.64303633e+00  3.22419815e+01  1.27912989e+00  5.80206753e+00 
 3.50000000e-01  3.50000000e-01  1.48000000e+00  1.22575668e-03  1.34014011e+00  1.74794423e+00  9.89575249e-01  1.64303633e+00  3.22419815e+01  1.27912989e+00  5.80206753e+00 
 3.60000000e-01  3.60000000e-01  1.48000000e+00  1.25162279e-03  1.34014011e+00  1.74794423e+00  9.89575249e-01  1.64303633e+00  3.22419815e+01  1.27912989e+00  5.80206753e+00 
 3.70000000e-01  3.70000000e-01  1.48000000e+00  1.27696940e-03  1.34014011e+00  1.74794423e+00  9.89575249e-01  1.64303633e+00  3.22419815e+01  1.27912989e+00  5.80206753e+00 
 3.80000000e-01  3.80000000e-01  1.48000000e+00  1.30179721e-03  1.34014011e+00  1.74794423e+00  9.89575249e-01  1.64303633e+00  3.22419815e+01  1.27912989e+00  5.80206753e+00 
 3.90000000e-01  3.90000000e-01  1.48000000e+00  1.32610722e-03  1.34014011e+00  1.74794423e+00  9.89575249e-01  1.64303633e+00  3.22419815e+01  1.27912989e+00  5.80206753e+00 
 4.00000000e-01  4.00000000e-01  1.48000000e+00  1.34990077e-03  1.34014011e+00  1.74794423e+00  9.89575249e-01  1.64303633e+00  3.22419815e+01  1.27912989e+00  5.80206753e+00 
 4.10000000e-01  4.10000000e-01  1.48000000e+00  1.37317953e-03  1.34014011e+00  1.74794423e+00  9.89575249e-01  1.64303633e+00  3.22419815e+01  1.27912989e+00  5.80206753e+00 
 4.20000000e-01  4.20000000e-01  1.48000000e+00  1.39594556e-03  1.34014011e+00  1.74794423e+00  9.89575249e-01  1.64303633e+00  3.22419815e+01  1.27912989e+00  5.80206753e+00 
 4.30000000e-01  4.30000000e-01  1.48000000e+00  1.41820128e-03  1.34014011e+00  1.74794423e+00  9.89575249e-01  1.64303633e+00  3.22419815e+01  1.27912989e+00  5.80206753e+00 
 4.40000000e-01  4.40000000e-01  1.48000000e+00  1.43994952e-03  1.34014011e+00  1.74794423e+00  9.89575249e-01  1.64303633e+00  3.22419815e+01  1.27912989e+00  5.80206753e+00 
 4.50000000e-01  4.50000000e-01  1.48000000e+00  1.46119355e-03  1.34014011e+00  1.74794423e+00  9.89575249e-01  1.64303633e+00  3.22419815e+01  1.27912989e+00  5.80206753e+00 
 4.60000000e-01  4.60000000e-01  1.48000000e+00  1.48193707e-03  1.34014011e+00  1.74794423e+00  9.89575249e-01  1.64303633e+00  3.22419815e+01  1.27912989e+00  5.80206753e+00 
 4.70000000e-01  4.70000000e-01  1.48000000e+00  1.50218422e-03  1.34014011e+00  1.74794423e+00  9.89575249e-01  1.64303633e+00  3.22419815e+01  1.27912989e+00  5.80206753e+00 
 4.80000000e-01  4.80000000e-01  1.48000000e+00  1.52193963e-03  1.34014011e+00  1.74794423e+00  9.89575249e-01  1.64303633e+00  3.22419815e+01  1.27912989e+00  5.80206753e+00 
 4.90000000e-01  4.90000000e-01  1.48000000e+00  1.54120838e-03  1.34014011e+00  1.74794423e+00  9.89575249e-01  1.64303633e+00  3.22419815e+01  1.27912989e+00  5.80206753e+00 
 5.00000000e-01  5.00000000e-01  1.48000000e+00  1.55999604e-03  1.34014011e+00  1.74794423e+00  9.89575249e-01  1.64303633e+00  3.22419815e+01  1.27912989e+00  5.80206753e+00 
 5.10000000e-01  5.10000000e-01  1.48000000e+00  1.57830863e-03  1.34014011e+00  1.74794423e+00  9.89575249e-01  1.64303633e+00  3.22419815e+01  1.27912989e+00  5.80206753e+00 
 5.20000000e-01  5.20000000e-01  1.48000000e+00  1.59615267e-03  1.34014011e+00  1.74794423e+00  9.89575249e-01  1.64303633e+00  3.22419815e+01  1.27912989e+00  5.80206753e+00 
 5.30000000e-01  5.30000000e-01  1.48000000e+00  1.61353512e-03  1.34014011e+00  1.74794423e+00  9.89575249e-01  1.64303633e+00  3.22419815e+01  1.27912989e+00  5.80206753e+00 
 5.40000000e-01  5.40000000e-01  1.48000000e+00  1.63046341e-03  1.34014011e+00  1.74794423e+00  9.89575249e-01  1.64303633e+00  3.22419815e+01  1.27912989e+00  5.80206753e+00 
 5.50000000e-01  5.50000000e-01  1.48000000e+00  1.64694539e-03  1.34014011e+00  1.74794423e+00  9.89575249e-01  1.64303633e+00  3.22419815e+01  1.27912989e+00  5.80206753e+00 
 5.60000000e-01  5.60000000e-01  1.48000000e+00  1.66298931e-03  1.34014011e+00  1.74794423e+00  9.89575249e-01  1.64303633e+00  3.22419815e+01  1.27912989e+00  5.80206753e+00 
 5.70000000e-01  5.70000000e-01  1.48000000e+00  1.67860384e-03  1.34014011e+00  1.74794423e+00  9.89575249e-01  1.64303633e+00  3.22419815e+01  1.27912989e+00  5.80206753e+00 
 5.80000000e-01  5.80000000e-01  1.48000000e+00  1.69379798e-03  1.34014011e+00  1.74794423e+00  9.89575249e-01  1.64303633e+00  3.22419815e+01  1.27912989e+00  5.80206753e+00 
 5.90000000e-01  5.90000000e-01  1.48000000e+00  1.70858107e-03  1.34014011e+00  1.74794423e+00  9.89575249e-01  1.64303633e+00  3.22419815e+01  1.27912989e+00  5.80206753e+00 
 6.00000000e-01  6.00000000e-01  1.48000000e+00  1.72296274e-03  1.34014011e+00  1.74794423e+00  9.89575249e-01  1.64303633e+00  3.22419815e+01  1.27912989e+00  5.80206753e+00 
 6.10000000e-01  6.10000000e-01  1.48000000e+00  1.73695287e-03  1.34014011e+00  1.74794423e+00  9.89575249e-01  1.64303633e+00  3.22419815e+01  1.27912989e+00  5.80206753e+00 
 6.20000000e-01  6.20000000e-01  1.48000000e+00  1.75056156e-03  1.34014011e+00  1.74794423e+00  9.89575249e-01  1.64303633e+00  3.22419815e+01  1.27912989e+00  5.80206753e+00 
 6.30000000e-01  6.30000000e-01  1.48000000e+00  1.76379909e-03  1.34014011e+00  1.74794423e+00  9.89575249e-01  1.64303633e+00  3.22419815e+01  1.27912989e+00  5.80206753e+00 
 6.40000000e-01  6.40000000e-01  1.48000000e+00  1.77667587e-03  1.34014011e+00  1.74794423e+00  9.89575249e-01  1.64303633e+00  3.22419815e+01  1.27912989e+00  5.80206753e+00 
 6.50000000e-01  6.50000000e-01  1.48000000e+00  1.78920241e-03  1.34014011e+00  1.74794423e+00  9.89575249e-01  1.64303633e+00  3.22419815e+01  1.27912989e+00  5.80206753e+00 
 6.60000000e-01  6.60000000e-01  1.48000000e+00  1.80138928e-03  1.34014011e+00  1.74794423e+00  9.89575249e-01  1.64303633e+00  3.22419815e+01  1.27912989e+00  5.80206753e+00 
 6.70000000e-01  6.70000000e-01  1.48000000e+00  1.81324706e-03  1.34014011e+00  1.74794423e+00  9.89575249e-01  1.64303633e+00  3.22419815e+01  1.27912989e+00  5.80206753e+00 
 6.80000000e-01  6.80000000e-01  1.48000000e+00  1.82478630e-03  1.34014011e+00  1.74794423e+00  9.89575249e-01  1.64303633e+00  3.22419815e+01  1.27912989e+00  5.80206753e+00 
 6.90000000e-01  6.90000000e-01  1.48000000e+00  1.83601752e-03  1.34014011e+00  1.74794423e+00  9.89575249e-01  1.64303633e+00  3.22419815e+01  1.27912989e+00  5.80206753e+00 
 7.00000000e-01  7.00000000e-01  1.48000000e+00  1.84695114e-03  1.34014011e+00  1.74794423e+00  9.89575249e-01  1.64303633e+00  3.22419815e+01  1.27912989e+00  5.80206753e+00 
 7.10000000e-01  7.10000000e-01  1.48000000e+00  1.85759744e-03  1.34014011e+00  1.74794423e+00  9.89575249e-01  1.64303633e+00  3.22419815e+01  1.27912989e+00  5.80206753e+00 
 7.20000000e-01  7.20000000e-01  1.48000000e+00  1.86796658e-03  1.34014011e+00  1.74794423e+00  9.89575249e-01  1.64303633e+00  3.22419815e+01  1.27912989e+00  5.80206753e+00 
 7.30000000e-01  7.30000000e-01  1.48000000e+00  1.87806855e-03  1.34014011e+00  1.74794423e+00  9.89575249e-01  1.64303633e+00  3.22419815e+01  1.27912989e+00  5.80206753e+00 
 7.40000000e-01  7.40000000e-01  1.48000000e+00  1.88791312e-03  1.34014011e+00  1.74794423e+00  9.89575249e-01  1.64303633e+00  3.22419815e+01  1.27912989e+00  5.80206753e+00 
 7.50000000e-01  7.50000000e-01  1.48000000e+00  1.89750988e-03  1.34014011e+00  1.74794423e+00  9.89575249e-01  1.64303633e+00  3.22419815e+01  1.27912989e+00  5.80206753e+00 
 7.60000000e-01  7.60000000e-01  1.48000000e+00  1.90686815e-03  1.34014011e+00  1.74794423e+00  9.89575249e-01  1.64303633e+00  3.22419815e+01  1.27912989e+00  5.80206753e+00 
 7.70000000e-01  7.70000000e-01  1.48000000e+00  1.91599705e-03  1.34014011e+00  1.74794423e+00  9.89575249e-01  1.64303633e+00  3.22419815e+01  1.27912989e+00  5.80206753e+00 
 7.80000000e-01  7.80000000e-01  1.48000000e+00  1.92490541e-03  1.34014011e+00  1.74794423e+00  9.89575249e-01  1.64303633e+00  3.22419815e+01  1.27912989e+00  5.80206753e+00 
 7.90000000e-01  7.90000000e-01  1.48000000e+00  1.93360183e-03  1.34014011e+00  1.74794423e+00  9.89575249e-01  1.64303633e+00  3.22419815e+01  1.27912989e+00  5.80206753e+00 
 8.00000000e-01  8.00000000e-01  1.48000000e+00  1.94209460e-03  1.34014011e+00  1.74794423e+00  9.89575249e-01  1.64303633e+00  3.22419815e+01  1.27912989e+00  5.80206753e+00 
 8.10000000e-01  8.10000000e-01  1.48000000e+00  1.95039178e-03  1.34014011e+00  1.74794423e+00  9.89575249e-01  1.64303633e+00  3.22419815e+01  1.27912989e+00  5.80206753e+00 
 8.20000000e-01  8.20000000e-01  1.48000000e+00  1.95850112e-03  1.34014011e+00  1.74794423e+00  9.89575249e-01  1.64303633e+00  3.22419815e+01  1.27912989e+00  5.80206753e+00 
 8.30000000e-01  8.30000000e-01  1.48000000e+00  1.96643012e-03  1.34014011e+00  1.74794423e+00  9.89575249e-01  1.64303633e+00  3.22419815e+01  1.27912989e+00  5.80206753e+00 
 8.40000000e-01  8.40000000e-01  1.48000000e+00  1.97418599e-03  1.34014011e+00  1.74794423e+00  9.89575249e-01  1.64303633e+00  3.22419815e+01  1.27912989e+00  5.80206753e+00 
 8.50000000e-01  8.50000000e-01  1.48000000e+00  1.98177567e-03  1.34014011e+00  1.74794423e+00  9.89575249e-01  1.64303633e+00  3.22419815e+01  1.27912989e+00  5.80206753e+00 
 8.60000000e-01  8.60000000e-01  1.48000000e+00  1.98920584e-03  1.34014011e+00  1.74794423e+00  9.89575249e-01  1.64303633e+00  3.22419815e+01  1.27912989e+00  5.80206753e+00 
 8.70000000e-01  8.70000000e-01  1.48000000e+00  1.99648291e-03  1.34014011e+00  1.74794423e+00  9.89575249e-01  1.64303633e+00  3.22419815e+01  1.27912989e+00  5.80206753e+00 
 8.80000000e-01  8.80000000e-01  1.48000000e+00  2.00361302e-03  1.34014011e+00  1.74794423e+00  9.89575249e-01  1.64303633e+00  3.22419815e+01  1.27912989e+00  5.80206753e+00 
 8.90000000e-01  8.90000000e-01  1.48000000e+00  2.01060208e-03  1.34014011e+00  1.74794423e+00  9.89575249e-01  1.64303633e+00  3.22419815e+01  1.27912989e+00  5.80206753e+00 
 9.00000000e-01  9.00000000e-01  1.48000000e+00  2.01745574e-03  1.34014011e+00  1.74794423e+00  9.89575249e-01  1.64303633e+00  3.22419815e+01  1.27912989e+00  5.80206753e+00 
 9.10000000e-01  9.10000000e-01  1.48000000e+00  2.02417941e-03  1.34014011e+00  1.74794423e+00  9.89575249e-01  1.64303633e+00  3.22419815e+01  1.27912989e+00  5.80206753e+00 
 9.20000000e-01  9.20000000e-01  1.48000000e+00  2.03077828e-03  1.34014011e+00  1.74794423e+00  9.89575249e-01  1.64303633e+00  3.22419815e+01  1.27912989e+00  5.80206753e+00 
 9.30000000e-01  9.30000000e-01  1.48000000e+00  2.03725731e-03  1.34014011e+00  1.74794423e+00  9.89575249e-01  1.64303633e+00  3.22419815e+01  1.27912989e+00  5.80206753e+00 
 9.40000000e-01  9.40000000e-01  1.48000000e+00  2.04362125e-03  1.34014011e+00  1.74794423e+00  9.89575249e-01  1.64303633e+00  3.22419815e+01  1.27912989e+00  5.80206753e+00 
 9.50000000e-01  9.50000000e-01  1.48000000e+00  2.04987462e-03  1.34014011e+00  1.74794423e+00  9.89575249e-01  1.64303633e+00  3.22419815e+01  1.27912989e+00  5.80206753e+00 
 9.60000000e-01  9.60000000e-01  1.48000000e+00  2.05602178e-03  1.34014011e+00  1.74794423e+00  9.89575249e-01  1.64303633e+00  3.22419815e+01  1.27912989e+00  5.80206753e+00 
 9.70000000e-01  9.70000000e-01  1.48000000e+00  2.06206686e-03  1.34014011e+00  1.74794423e+00  9.89575249e-01  1.64303633e+00  3.22419815e+01  1.27912989e+00  5.80206753e+00 
 9.80000000e-01  9.80000000e-01  1.48000000e+00  2.06801383e-03  1.34014011e+00  1.74794423e+00  9.89575249e-01  1.64303633e+00  3.22419815e+01  1.27912989e+00  5.80206753e+00 
 9.90000000e-01  9.90000000e-01  1.48000000e+00  2.07386647e-03  1.34014011e+00  1.74794423e+00  9.89575249e-01  1.64303633e+00  3.22419815e+01  1.27912989e+00  5.80206753e+00 
 1.00000000e+00  1.00000000e+00  1.48000000e+00  2.07962841e-03  1.34014011e+00  1.74794423e+00  9.89575249e-01  1.64303633e+00  3.22419815e+01  1.27912989e+00  5.80206753e+00 
 1.01000000e+00  1.01000000e+00  1.48000000e+00  2.08530310e-03  1.34014011e+00  1.74794423e+00  9.89575249e-01  1.64303633e+00  3.22419815e+01  1.27912989e+00  5.80206753e+00 
 1.02000000e+00  1.02000000e+00  1.48000000e+00  2.09089384e-03  1.34014011e+00  1.74794423e+00  9.89575249e-01  1.64303633e+00  3.22419815e+01  1.27912989e+00  5.80206753e+00 
 1.03000000e+00  1.03000000e+00  1.48000000e+00  2.09640378e-03  1.34014011e+00  1.74794423e+00  9.89575249e-01  1.64303633e+00  3.22419815e+01  1.27912989e+00  5.80206753e+00 
 1.04000000e+00  1.04000000e+00  1.48000000e+00  2.10183595e-03  1.34014011e+00  1.74794423e+00  9.89575249e-01  1.64303633e+00  3.22419815e+01  1.27912989e+00  5.80206753e+00 
 1.05000000e+00  1.05000000e+00  1.48000000e+00  2.10719322e-03  1.34014011e+00  1.74794423e+00  9.89575249e-01  1.64303633e+00  3.22419815e+01  1.27912989e+00  5.80206753e+00 
 1.06000000e+00  1.06000000e+00  1.48000000e+00  2.11247835e-03  1.34014011e+00  1.74794423e+00  9.89575249e-01  1.64303633e+00  3.22419815e+01  1.27912989e+00  5.80206753e+00 
 1.07000000e+00  1.07000000e+00  1.48000000e+00  2.11769396e-03  1.34014011e+00  1.74794423e+00  9.89575249e-01  1.64303633e+00  3.22419815e+01  1.27912989e+00  5.80206753e+00 
 1.08000000e+00  1.08000000e+00  1.48000000e+00  2.12284258e-03  1.34014011e+00  1.74794423e+00  9.89575249e-01  1.64303633e+00  3.22419815e+01  1.27912989e+00  5.80206753e+00 
 1.09000000e+00  1.09000000e+00  1.48000000e+00  2.12792661e-03  1.34014011e+00  1.74794423e+00  9.89575249e-01  1.64303633e+00  3.22419815e+01  1.27912989e+00  5.80206753e+00 
 1.10000000e+00  1.10000000e+00  1.48000000e+00  2.13294834e-03  1.34014011e+00  1.74794423e+00  9.89575249e-01  1.64303633e+00  3.22419815e+01  1.27912989e+00  5.80206753e+00 
 1.11000000e+00  1.11000000e+00  1.48000000e+00  2.13790998e-03  1.34014011e+00  1.74794423e+00  9.89575249e-01  1.64303633e+00  3.22419815e+01  1.27912989e+00  5.80206753e+00 
 1.12000000e+00  1.12000000e+00  1.48000000e+00  2.14281363e-03  1.34014011e+00  1.74794423e+00  9.89575249e-01  1.64303633e+00  3.22419815e+01  1.27912989e+00  5.80206753e+00 
 1.13000000e+00  1.13000000e+00  1.48000000e+00  2.14766130e-03  1.34014011e+00  1.74794423e+00  9.89575249e-01  1.64303633e+00  3.22419815e+01  1.27912989e+00  5.80206753e+00 
 1.14000000e+00  1.14000000e+00  1.48000000e+00  2.15245493e-03  1.34014011e+00  1.74794423e+00  9.89575249e-01  1.64303633e+00  3.22419815e+01  1.27912989e+00  5.80206753e+00 
 1.15000000e+00  1.15000000e+00  1.48000000e+00  2.15719634e-03  1.34014011e+00  1.74794423e+00  9.89575249e-01  1.64303633e+00  3.22419815e+01  1.27912989e+00  5.80206753e+00 
 1.16000000e+00  1.16000000e+00  1.48000000e+00  2.16188732e-03  1.34014011e+00  1.74794423e+00  9.89575249e-01  1.64303633e+00  3.22419815e+01  1.27912989e+00  5.80206753e+00 
 1.17000000e+00  1.17000000e+00  1.48000000e+00  2.16652955e-03  1.34014011e+00  1.74794423e+00  9.89575249e-01  1.64303633e+00  3.22419815e+01  1.27912989e+00  5.80206753e+00 
 1.18000000e+00  1.18000000e+00  1.48000000e+00  2.17112465e-03  1.34014011e+00  1.74794423e+00  9.89575249e-01  1.64303633e+00  3.22419815e+01  1.27912989e+00  5.80206753e+00 
 1.19000000e+00  1.19000000e+00  1.48000000e+00  2.17567417e-03  1.34014011e+00  1.74794423e+00  9.89575249e-01  1.64303633e+00  3.22419815e+01  1.27912989e+00  5.80206753e+00 
 1.20000000e+00  1.20000000e+00  1.48000000e+00  2.18017961e-03  1.34014011e+00  1.74794423e+00  9.89575249e-01  1.64303633e+00  3.22419815e+01  1.27912989e+00  5.80206753e+00 
 1.21000000e+00  1.21000000e+00  1.48000000e+00  2.18464238e-03  1.34014011e+00  1.74794423e+00  9.89575249e-01  1.64303633e+00  3.22419815e+01  1.27912989e+00  5.80206753e+00 
 1.22000000e+00  1.22000000e+00  1.48000000e+00  2.18906386e-03  1.34014011e+00  1.74794423e+00  9.89575249e-01  1.64303633e+00  3.22419815e+01  1.27912989e+00  5.80206753e+00 
 1.23000000e+00  1.23000000e+00  1.48000000e+00  2.19344535e-03  1.34014011e+00  1.74794423e+00  9.89575249e-01  1.64303633e+00  3.22419815e+01  1.27912989e+00  5.80206753e+00 
 1.24000000e+00  1.24000000e+00  1.48000000e+00  2.19778813e-03  1.34014011e+00  1.74794423e+00  9.89575249e-01  1.64303633e+00  3.22419815e+01  1.27912989e+00  5.80206753e+00 
 1.25000000e+00  1.25000000e+00  1.48000000e+00  2.20209339e-03  1.34014011e+00  1.74794423e+00  9.89575249e-01  1.64303633e+00  3.22419815e+01  1.27912989e+00  5.80206753e+00 
 1.26000000e+00  1.26000000e+00  1.48000000e+00  2.20636230e-03  1.34014011e+00  1.74794423e+00  9.89575249e-01  1.64303633e+00  3.22419815e+01  1.27912989e+00  5.80206753e+00 
 1.27000000e+00  1.27000000e+00  1.48000000e+00  2.21059598e-03  1.34014011e+00  1.74794423e+00  9.89575249e-01  1.64303633e+00  3.22419815e+01  1.27912989e+00  5.80206753e+00 
 1.28000000e+00  1.28000000e+00  1.48000000e+00  2.21479549e-03  1.34014011e+00  1.74794423e+00  9.89575249e-01  1.64303633e+00  3.22419815e+01  1.27912989e+00  5.80206753e+00 
 1.29000000e+00  1.29000000e+00  1.48000000e+00  2.21896186e-03  1.34014011e+00  1.74794423e+00  9.89575249e-01  1.64303633e+00  3.22419815e+01  1.27912989e+00  5.80206753e+00 
 1.30000000e+00  1.30000000e+00  1.48000000e+00  2.22309609e-03  1.34014011e+00  1.74794423e+00  9.89575249e-01  1.64303633e+00  3.22419815e+01  1.27912989e+00  5.80206753e+00 
 1.31000000e+00  1.31000000e+00  1.48000000e+00  2.22719912e-03  1.34014011e+00  1.74794423e+00  9.89575249e-01  1.64303633e+00  3.22419815e+01  1.27912989e+00  5.80206753e+00 
 1.32000000e+00  1.32000000e+00  1.48000000e+00  2.23127187e-03  1.34014011e+00  1.74794423e+00  9.89575249e-01  1.64303633e+00  3.22419815e+01  1.27912989e+00  5.80206753e+00 
 1.33000000e+00  1.33000000e+00  1.48000000e+00  2.23531522e-03  1.34014011e+00  1.74794423e+00  9.89575249e-01  1.64303633e+00  3.22419815e+01  1.27912989e+00  5.80206753e+00 
 1.34000000e+00  1.34000000e+00  1.48000000e+00  2.23933002e-03  1.34014011e+00  1.74794423e+00  9.89575249e-01  1.64303633e+00  3.22419815e+01  1.27912989e+00  5.80206753e+00 
 1.35000000e+00  1.35000000e+00  1.48000000e+00  2.24331708e-03  1.34014011e+00  1.74794423e+00  9.89575249e-01  1.64303633e+00  3.22419815e+01  1.27912989e+00  5.80206753e+00 
 1.36000000e+00  1.36000000e+00  1.48000000e+00  2.24727720e-03  1.34014011e+00  1.74794423e+00  9.89575249e-01  1.64303633e+00  3.22419815e+01  1.27912989e+00  5.80206753e+00 
 1.37000000e+00  1.37000000e+00  1.48000000e+00  2.25121111e-03  1.34014011e+00  1.74794423e+00  9.89575249e-01  1.64303633e+00  3.22419815e+01  1.27912989e+00  5.80206753e+00 
 1.38000000e+00  1.38000000e+00  1.48000000e+00  2.25511957e-03  1.34014011e+00  1.74794423e+00  9.89575249e-01  1.64303633e+00  3.22419815e+01  1.27912989e+00  5.80206753e+00 
 1.39000000e+00  1.39000000e+00  1.48000000e+00  2.25900327e-03  1.34014011e+00  1.74794423e+00  9.89575249e-01  1.64303633e+00  3.22419815e+01  1.27912989e+00  5.80206753e+00 
 1.40000000e+00  1.40000000e+00  1.48000000e+00  2.26286288e-03  1.34014011e+00  1.74794423e+00  9.89575249e-01  1.64303633e+00  3.22419815e+01  1.27912989e+00  5.80206753e+00 
 1.41000000e+00  1.41000000e+00  1.48000000e+00  2.26669906e-03  1.34014011e+00  1.74794423e+00  9.89575249e-01  1.64303633e+00  3.22419815e+01  1.27912989e+00  5.80206753e+00 
 1.42000000e+00  1.42000000e+00  1.48000000e+00  2.27051244e-03  1.34014011e+00  1.74794423e+00  9.89575249e-01  1.64303633e+00  3.22419815e+01  1.27912989e+00  5.80206753e+00 
 1.43000000e+00  1.43000000e+00  1.48000000e+00  2.27430363e-03  1.34014011e+00  1.74794423e+00  9.89575249e-01  1.64303633e+00  3.22419815e+01  1.27912989e+00  5.80206753e+00 
 1.44000000e+00  1.44000000e+00  1.48000000e+00  2.27807322e-03  1.34014011e+00  1.74794423e+00  9.89575249e-01  1.64303633e+00  3.22419815e+01  1.27912989e+00  5.80206753e+00 
 1.45000000e+00  1.45000000e+00  1.48000000e+00  2.28182177e-03  1.34014011e+00  1.74794423e+00  9.89575249e-01  1.64303633e+00  3.22419815e+01  1.27912989e+00  5.80206753e+00 
 1.46000000e+00  1.46000000e+00  1.48000000e+00  2.28554983e-03  1.34014011e+00  1.74794423e+00  9.89575249e-01  1.64303633e+00  3.22419815e+01  1.27912989e+00  5.80206753e+00 
 1.47000000e+00  1.47000000e+00  1.48000000e+00  2.28925793e-03  1.34014011e+00  1.74794423e+00  9.89575249e-01  1.64303633e+00  3.22419815e+01  1.27912989e+00  5.80206753e+00 
 1.48000000e+00  1.48000000e+00  1.48000000e+00  2.29294658e-03  1.34014011e+00  1.74794423e+00  9.89575249e-01  1.64303633e+00  3.22419815e+01  1.27912989e+00  5.80206753e+00 
 1.49000000e+00  1.49000000e+00  1.48000000e+00  2.29661628e-03  1.34014011e+00  1.74794423e+00  9.89575249e-01  1.64303633e+00  3.22419815e+01  1.27912989e+00  5.80206753e+00 
 1.50000000e+00  1.50000000e+00  1.48000000e+00  2.30026750e-03  1.34014011e+00  1.74794423e+00  9.89575249e-01  1.64303633e+00  3.22419815e+01  1.27912989e+00  5.80206753e+00 
 1.51000000e+00  1.51000000e+00  1.48000000e+00  2.30390070e-03  1.34014011e+00  1.74794423e+00  9.89575249e-01  1.64303633e+00  3.22419815e+01  1.27912989e+00  5.80206753e+00 
 1.52000000e+00  1.52000000e+00  1.48000000e+00  2.30751633e-03  1.34014011e+00  1.74794423e+00  9.89575249e-01  1.64303633e+00  3.22419815e+01  1.27912989e+00  5.80206753e+00 
 1.53000000e+00  1.53000000e+00  1.48000000e+00  2.31111483e-03  1.34014011e+00  1.74794423e+00  9.89575249e-01  1.64303633e+00  3.22419815e+01  1.27912989e+00  5.80206753e+00 
 1.54000000e+00  1.54000000e+00  1.48000000e+00  2.31469661e-03  1.34014011e+00  1.74794423e+00  9.89575249e-01  1.64303633e+00  3.22419815e+01  1.27912989e+00  5.80206753e+00 
 1.55000000e+00  1.55000000e+00  1.48000000e+00  2.31826207e-03  1.34014011e+00  1.74794423e+00  9.89575249e-01  1.64303633e+00  3.22419815e+01  1.27912989e+00  5.80206753e+00 
 1.56000000e+00  1.56000000e+00  1.48000000e+00  2.32181161e-03  1.34014011e+00  1.74794423e+00  9.89575249e-01  1.64303633e+00  3.22419815e+01  1.27912989e+00  5.80206753e+00 
 1.57000000e+00  1.57000000e+00  1.48000000e+00  2.32534561e-03  1.34014011e+00  1.74794423e+00  9.89575249e-01  1.64303633e+00  3.22419815e+01  1.27912989e+00  5.80206753e+00 
 1.58000000e+00  1.58000000e+00  1.48000000e+00  2.32886443e-03  1.34014011e+00  1.74794423e+00  9.89575249e-01  1.64303633e+00  3.22419815e+01  1.27912989e+00  5.80206753e+00 
 1.59000000e+00  1.59000000e+00  1.48000000e+00  2.33236844e-03  1.34014011e+00  1.74794423e+00  9.89575249e-01  1.64303633e+00  3.22419815e+01  1.27912989e+00  5.80206753e+00 
 1.60000000e+00  1.60000000e+00  1.48000000e+00  2.33585797e-03  1.34014011e+00  1.74794423e+00  9.89575249e-01  1.64303633e+00  3.22419815e+01  1.27912989e+00  5.80206753e+00 
 1.61000000e+00  1.61000000e+00  1.48000000e+00  2.33933337e-03  1.34014011e+00  1.74794423e+00  9.89575249e-01  1.64303633e+00  3.22419815e+01  1.27912989e+00  5.80206753e+00 
 1.62000000e+00  1.62000000e+00  1.48000000e+00  2.34279495e-03  1.34014011e+00  1.74794423e+00  9.89575249e-01  1.64303633e+00  3.22419815e+01  1.27912989e+00  5.80206753e+00 
 1.63000000e+00  1.63000000e+00  1.48000000e+00  2.34624303e-03  1.34014011e+00  1.74794423e+00  9.89575249e-01  1.64303633e+00  3.22419815e+01  1.27912989e+00  5.80206753e+00 
 1.64000000e+00  1.64000000e+00  1.48000000e+00  2.34967793e-03  1.34014011e+00  1.74794423e+00  9.89575249e-01  1.64303633e+00  3.22419815e+01  1.27912989e+00  5.80206753e+00 
 1.65000000e+00  1.65000000e+00  1.48000000e+00  2.35309992e-03  1.34014011e+00  1.74794423e+00  9.89575249e-01  1.64303633e+00  3.22419815e+01  1.27912989e+00  5.80206753e+00 
 1.66000000e+00  1.66000000e+00  1.48000000e+00  2.35650931e-03  1.34014011e+00  1.74794423e+00  9.89575249e-01  1.64303633e+00  3.22419815e+01  1.27912989e+00  5.80206753e+00 
 1.67000000e+00  1.67000000e+00  1.48000000e+00  2.35990637e-03  1.34014011e+00  1.74794423e+00  9.89575249e-01  1.64303633e+00  3.22419815e+01  1.27912989e+00  5.80206753e+00 
 1.68000000e+00  1.68000000e+00  1.48000000e+00  2.36329137e-03  1.34014011e+00  1.74794423e+00  9.89575249e-01  1.64303633e+00  3.22419815e+01  1.27912989e+00  5.80206753e+00 
 1.69000000e+00  1.69000000e+00  1.48000000e+00  2.36666458e-03  1.34014011e+00  1.74794423e+00  9.89575249e-01  1.64303633e+00  3.22419815e+01  1.27912989e+00  5.80206753e+00 
 1.70000000e+00  1.70000000e+00  1.48000000e+00  2.37002626e-03  1.34014011e+00  1.74794423e+00  9.89575249e-01  1.64303633e+00  3.22419815e+01  1.27912989e+00  5.80206753e+00 
 1.71000000e+00  1.71000000e+00  1.48000000e+00  2.37337664e-03  1.34014011e+00  1.74794423e+00  9.89575249e-01  1.64303633e+00  3.22419815e+01  1.27912989e+00  5.80206753e+00 
 1.72000000e+00  1.72000000e+00  1.48000000e+00  2.37671598e-03  1.34014011e+00  1.74794423e+00  9.89575249e-01  1.64303633e+00  3.22419815e+01  1.27912989e+00  5.80206753e+00 
 1.73000000e+00  1.73000000e+00  1.48000000e+00  2.38004451e-03  1.34014011e+00  1.74794423e+00  9.89575249e-01  1.64303633e+00  3.22419815e+01  1.27912989e+00  5.80206753e+00 
 1.74000000e+00  1.74000000e+00  1.48000000e+00  2.38336246e-03  1.34014011e+00  1.74794423e+00  9.89575249e-01  1.64303633e+00  3.22419815e+01  1.27912989e+00  5.80206753e+00 
 1.75000000e+00  1.75000000e+00  1.48000000e+00  2.38667004e-03  1.34014011e+00  1.74794423e+00  9.89575249e-01  1.64303633e+00  3.22419815e+01  1.27912989e+00  5.80206753e+00 
 1.76000000e+00  1.76000000e+00  1.48000000e+00  2.38996749e-03  1.34014011e+00  1.74794423e+00  9.89575249e-01  1.64303633e+00  3.22419815e+01  1.27912989e+00  5.80206753e+00 
 1.77000000e+00  1.77000000e+00  1.48000000e+00  2.39325501e-03  1.34014011e+00  1.74794423e+00  9.89575249e-01  1.64303633e+00  3.22419815e+01  1.27912989e+00  5.80206753e+00 
 1.78000000e+00  1.78000000e+00  1.48000000e+00  2.39653280e-03  1.34014011e+00  1.74794423e+00  9.89575249e-01  1.64303633e+00  3.22419815e+01  1.27912989e+00  5.80206753e+00 
 1.79000000e+00  1.79000000e+00  1.48000000e+00  2.39980107e-03  1.34014011e+00  1.74794423e+00  9.89575249e-01  1.64303633e+00  3.22419815e+01  1.27912989e+00  5.80206753e+00 
 1.80000000e+00  1.80000000e+00  1.48000000e+00  2.40306001e-03  1.34014011e+00  1.74794423e+00  9.89575249e-01  1.64303633e+00  3.22419815e+01  1.27912989e+00  5.80206753e+00 
 1.81000000e+00  1.81000000e+00  1.48000000e+00  2.40630982e-03  1.34014011e+00  1.74794423e+00  9.89575249e-01  1.64303633e+00  3.22419815e+01  1.27912989e+00  5.80206753e+00 
 1.82000000e+00  1.82000000e+00  1.48000000e+00  2.40955067e-03  1.34014011e+00  1.74794423e+00  9.89575249e-01  1.64303633e+00  3.22419815e+01  1.27912989e+00  5.80206753e+00 
 1.83000000e+00  1.83000000e+00  1.48000000e+00  2.41278276e-03  1.34014011e+00  1.74794423e+00  9.89575249e-01  1.64303633e+00  3.22419815e+01  1.27912989e+00  5.80206753e+00 
 1.84000000e+00  1.84000000e+00  1.48000000e+00  2.41600625e-03  1.34014011e+00  1.74794423e+00  9.89575249e-01  1.64303633e+00  3.22419815e+01  1.27912989e+00  5.80206753e+00 
 1.85000000e+00  1.85000000e+00  1.48000000e+00  2.41922133e-03  1.34014011e+00  1.74794423e+00  9.89575249e-01  1.64303633e+00  3.22419815e+01  1.27912989e+00  5.80206753e+00 
