 0.00000000e+00  0.00000000e+00  1.48000000e+00  3.91440578e-20  1.23721690e+00  1.89142491e+00  1.01425558e+00  1.76798316e+00  3.36542706e+01  1.27011979e+00  5.00668813e+00 
 1.00000000e-02  1.00000000e-02  1.48000000e+00  4.90470185e-05  1.23721690e+00  1.89142491e+00  1.01425558e+00  1.76798316e+00  3.36542706e+01  1.27011979e+00  5.00668813e+00 
 2.00000000e-02  2.00000000e-02  1.48000000e+00  9.76086121e-05  1.23721690e+00  1.89142491e+00  1.01425558e+00  1.76798316e+00  3.36542706e+01  1.27011979e+00  5.00668813e+00 
 3.00000000e-02  3.00000000e-02  1.48000000e+00  1.45682479e-04  1.23721690e+00  1.89142491e+00  1.01425558e+00  1.76798316e+00  3.36542706e+01  1.27011979e+00  5.00668813e+00 
 4.00000000e-02  4.00000000e-02  1.48000000e+00  1.93266296e-04  1.23721690e+00  1.89142491e+00  1.01425558e+00  1.76798316e+00  3.36542706e+01  1.27011979e+00  5.00668813e+00 
 5.00000000e-02  5.00000000e-02  1.48000000e+00  2.40357719e-04  1.23721690e+00  1.89142491e+00  1.01425558e+00  1.76798316e+00  3.36542706e+01  1.27011979e+00  5.00668813e+00 
 6.00000000e-02  6.00000000e-02  1.48000000e+00  2.86954380e-04  1.23721690e+00  1.89142491e+00  1.01425558e+00  1.76798316e+00  3.36542706e+01  1.27011979e+00  5.00668813e+00 
 7.00000000e-02  7.00000000e-02  1.48000000e+00  3.33053893e-04  1.23721690e+00  1.89142491e+00  1.01425558e+00  1.76798316e+00  3.36542706e+01  1.27011979e+00  5.00668813e+00 
 8.00000000e-02  8.00000000e-02  1.48000000e+00  3.78653846e-04  1.23721690e+00  1.89142491e+00  1.01425558e+00  1.76798316e+00  3.36542706e+01  1.27011979e+00  5.00668813e+00 
 9.00000000e-02  9.00000000e-02  1.48000000e+00  4.23751807e-04  1.23721690e+00  1.89142491e+00  1.01425558e+00  1.76798316e+00  3.36542706e+01  1.27011979e+00  5.00668813e+00 
 1.00000000e-01  1.00000000e-01  1.48000000e+00  4.68345321e-04  1.23721690e+00  1.89142491e+00  1.01425558e+00  1.76798316e+00  3.36542706e+01  1.27011979e+00  5.00668813e+00 
 1.10000000e-01  1.10000000e-01  1.48000000e+00  5.12431912e-04  1.23721690e+00  1.89142491e+00  1.01425558e+00  1.76798316e+00  3.36542706e+01  1.27011979e+00  5.00668813e+00 
 1.20000000e-01  1.20000000e-01  1.48000000e+00  5.56009082e-04  1.23721690e+00  1.89142491e+00  1.01425558e+00  1.76798316e+00  3.36542706e+01  1.27011979e+00  5.00668813e+00 
 1.30000000e-01  1.30000000e-01  1.48000000e+00  5.99074313e-04  1.23721690e+00  1.89142491e+00  1.01425558e+00  1.76798316e+00  3.36542706e+01  1.27011979e+00  5.00668813e+00 
 1.40000000e-01  1.40000000e-01  1.48000000e+00  6.41625067e-04  1.23721690e+00  1.89142491e+00  1.01425558e+00  1.76798316e+00  3.36542706e+01  1.27011979e+00  5.00668813e+00 
 1.50000000e-01  1.50000000e-01  1.48000000e+00  6.83658785e-04  1.23721690e+00  1.89142491e+00  1.01425558e+00  1.76798316e+00  3.36542706e+01  1.27011979e+00  5.00668813e+00 
 1.60000000e-01  1.60000000e-01  1.48000000e+00  7.25172893e-04  1.23721690e+00  1.89142491e+00  1.01425558e+00  1.76798316e+00  3.36542706e+01  1.27011979e+00  5.00668813e+00 
 1.70000000e-01  1.70000000e-01  1.48000000e+00  7.66164800e-04  1.23721690e+00  1.89142491e+00  1.01425558e+00  1.76798316e+00  3.36542706e+01  1.27011979e+00  5.00668813e+00 
 1.80000000e-01  1.80000000e-01  1.48000000e+00  8.06631899e-04  1.23721690e+00  1.89142491e+00  1.01425558e+00  1.76798316e+00  3.36542706e+01  1.27011979e+00  5.00668813e+00 
 1.90000000e-01  1.90000000e-01  1.48000000e+00  8.46571575e-04  1.23721690e+00  1.89142491e+00  1.01425558e+00  1.76798316e+00  3.36542706e+01  1.27011979e+00  5.00668813e+00 
 2.00000000e-01  2.00000000e-01  1.48000000e+00  8.85981201e-04  1.23721690e+00  1.89142491e+00  1.01425558e+00  1.76798316e+00  3.36542706e+01  1.27011979e+00  5.00668813e+00 
 2.10000000e-01  2.10000000e-01  1.48000000e+00  9.24858145e-04  1.23721690e+00  1.89142491e+00  1.01425558e+00  1.76798316e+00  3.36542706e+01  1.27011979e+00  5.00668813e+00 
 2.20000000e-01  2.20000000e-01  1.48000000e+00  9.63199775e-04  1.23721690e+00  1.89142491e+00  1.01425558e+00  1.76798316e+00  3.36542706e+01  1.27011979e+00  5.00668813e+00 
 2.30000000e-01  2.30000000e-01  1.48000000e+00  1.00100346e-03  1.23721690e+00  1.89142491e+00  1.01425558e+00  1.76798316e+00  3.36542706e+01  1.27011979e+00  5.00668813e+00 
 2.40000000e-01  2.40000000e-01  1.48000000e+00  1.03826658e-03  1.23721690e+00  1.89142491e+00  1.01425558e+00  1.76798316e+00  3.36542706e+01  1.27011979e+00  5.00668813e+00 
 2.50000000e-01  2.50000000e-01  1.48000000e+00  1.07498653e-03  1.23721690e+00  1.89142491e+00  1.01425558e+00  1.76798316e+00  3.36542706e+01  1.27011979e+00  5.00668813e+00 
 2.60000000e-01  2.60000000e-01  1.48000000e+00  1.11116073e-03  1.23721690e+00  1.89142491e+00  1.01425558e+00  1.76798316e+00  3.36542706e+01  1.27011979e+00  5.00668813e+00 
 2.70000000e-01  2.70000000e-01  1.48000000e+00  1.14678662e-03  1.23721690e+00  1.89142491e+00  1.01425558e+00  1.76798316e+00  3.36542706e+01  1.27011979e+00  5.00668813e+00 
 2.80000000e-01  2.80000000e-01  1.48000000e+00  1.18186168e-03  1.23721690e+00  1.89142491e+00  1.01425558e+00  1.76798316e+00  3.36542706e+01  1.27011979e+00  5.00668813e+00 
 2.90000000e-01  2.90000000e-01  1.48000000e+00  1.21638346e-03  1.23721690e+00  1.89142491e+00  1.01425558e+00  1.76798316e+00  3.36542706e+01  1.27011979e+00  5.00668813e+00 
 3.00000000e-01  3.00000000e-01  1.48000000e+00  1.25034956e-03  1.23721690e+00  1.89142491e+00  1.01425558e+00  1.76798316e+00  3.36542706e+01  1.27011979e+00  5.00668813e+00 
 3.10000000e-01  3.10000000e-01  1.48000000e+00  1.28375763e-03  1.23721690e+00  1.89142491e+00  1.01425558e+00  1.76798316e+00  3.36542706e+01  1.27011979e+00  5.00668813e+00 
 3.20000000e-01  3.20000000e-01  1.48000000e+00  1.31660546e-03  1.23721690e+00  1.89142491e+00  1.01425558e+00  1.76798316e+00  3.36542706e+01  1.27011979e+00  5.00668813e+00 
 3.30000000e-01  3.30000000e-01  1.48000000e+00  1.34889092e-03  1.23721690e+00  1.89142491e+00  1.01425558e+00  1.76798316e+00  3.36542706e+01  1.27011979e+00  5.00668813e+00 
 3.40000000e-01  3.40000000e-01  1.48000000e+00  1.38061199e-03  1.23721690e+00  1.89142491e+00  1.01425558e+00  1.76798316e+00  3.36542706e+01  1.27011979e+00  5.00668813e+00 
 3.50000000e-01  3.50000000e-01  1.48000000e+00  1.41176682e-03  1.23721690e+00  1.89142491e+00  1.01425558e+00  1.76798316e+00  3.36542706e+01  1.27011979e+00  5.00668813e+00 
 3.60000000e-01  3.60000000e-01  1.48000000e+00  1.44235372e-03  1.23721690e+00  1.89142491e+00  1.01425558e+00  1.76798316e+00  3.36542706e+01  1.27011979e+00  5.00668813e+00 
 3.70000000e-01  3.70000000e-01  1.48000000e+00  1.47237118e-03  1.23721690e+00  1.89142491e+00  1.01425558e+00  1.76798316e+00  3.36542706e+01  1.27011979e+00  5.00668813e+00 
 3.80000000e-01  3.80000000e-01  1.48000000e+00  1.50181792e-03  1.23721690e+00  1.89142491e+00  1.01425558e+00  1.76798316e+00  3.36542706e+01  1.27011979e+00  5.00668813e+00 
 3.90000000e-01  3.90000000e-01  1.48000000e+00  1.53069289e-03  1.23721690e+00  1.89142491e+00  1.01425558e+00  1.76798316e+00  3.36542706e+01  1.27011979e+00  5.00668813e+00 
 4.00000000e-01  4.00000000e-01  1.48000000e+00  1.55899532e-03  1.23721690e+00  1.89142491e+00  1.01425558e+00  1.76798316e+00  3.36542706e+01  1.27011979e+00  5.00668813e+00 
 4.10000000e-01  4.10000000e-01  1.48000000e+00  1.58672474e-03  1.23721690e+00  1.89142491e+00  1.01425558e+00  1.76798316e+00  3.36542706e+01  1.27011979e+00  5.00668813e+00 
 4.20000000e-01  4.20000000e-01  1.48000000e+00  1.61388099e-03  1.23721690e+00  1.89142491e+00  1.01425558e+00  1.76798316e+00  3.36542706e+01  1.27011979e+00  5.00668813e+00 
 4.30000000e-01  4.30000000e-01  1.48000000e+00  1.64046432e-03  1.23721690e+00  1.89142491e+00  1.01425558e+00  1.76798316e+00  3.36542706e+01  1.27011979e+00  5.00668813e+00 
 4.40000000e-01  4.40000000e-01  1.48000000e+00  1.66647533e-03  1.23721690e+00  1.89142491e+00  1.01425558e+00  1.76798316e+00  3.36542706e+01  1.27011979e+00  5.00668813e+00 
 4.50000000e-01  4.50000000e-01  1.48000000e+00  1.69191507e-03  1.23721690e+00  1.89142491e+00  1.01425558e+00  1.76798316e+00  3.36542706e+01  1.27011979e+00  5.00668813e+00 
 4.60000000e-01  4.60000000e-01  1.48000000e+00  1.71678506e-03  1.23721690e+00  1.89142491e+00  1.01425558e+00  1.76798316e+00  3.36542706e+01  1.27011979e+00  5.00668813e+00 
 4.70000000e-01  4.70000000e-01  1.48000000e+00  1.74108730e-03  1.23721690e+00  1.89142491e+00  1.01425558e+00  1.76798316e+00  3.36542706e+01  1.27011979e+00  5.00668813e+00 
 4.80000000e-01  4.80000000e-01  1.48000000e+00  1.76482430e-03  1.23721690e+00  1.89142491e+00  1.01425558e+00  1.76798316e+00  3.36542706e+01  1.27011979e+00  5.00668813e+00 
 4.90000000e-01  4.90000000e-01  1.48000000e+00  1.78799916e-03  1.23721690e+00  1.89142491e+00  1.01425558e+00  1.76798316e+00  3.36542706e+01  1.27011979e+00  5.00668813e+00 
 5.00000000e-01  5.00000000e-01  1.48000000e+00  1.81061551e-03  1.23721690e+00  1.89142491e+00  1.01425558e+00  1.76798316e+00  3.36542706e+01  1.27011979e+00  5.00668813e+00 
 5.10000000e-01  5.10000000e-01  1.48000000e+00  1.83267761e-03  1.23721690e+00  1.89142491e+00  1.01425558e+00  1.76798316e+00  3.36542706e+01  1.27011979e+00  5.00668813e+00 
 5.20000000e-01  5.20000000e-01  1.48000000e+00  1.85419031e-03  1.23721690e+00  1.89142491e+00  1.01425558e+00  1.76798316e+00  3.36542706e+01  1.27011979e+00  5.00668813e+00 
 5.30000000e-01  5.30000000e-01  1.48000000e+00  1.87515909e-03  1.23721690e+00  1.89142491e+00  1.01425558e+00  1.76798316e+00  3.36542706e+01  1.27011979e+00  5.00668813e+00 
 5.40000000e-01  5.40000000e-01  1.48000000e+00  1.89559006e-03  1.23721690e+00  1.89142491e+00  1.01425558e+00  1.76798316e+00  3.36542706e+01  1.27011979e+00  5.00668813e+00 
 5.50000000e-01  5.50000000e-01  1.48000000e+00  1.91548997e-03  1.23721690e+00  1.89142491e+00  1.01425558e+00  1.76798316e+00  3.36542706e+01  1.27011979e+00  5.00668813e+00 
 5.60000000e-01  5.60000000e-01  1.48000000e+00  1.93486619e-03  1.23721690e+00  1.89142491e+00  1.01425558e+00  1.76798316e+00  3.36542706e+01  1.27011979e+00  5.00668813e+00 
 5.70000000e-01  5.70000000e-01  1.48000000e+00  1.95372667e-03  1.23721690e+00  1.89142491e+00  1.01425558e+00  1.76798316e+00  3.36542706e+01  1.27011979e+00  5.00668813e+00 
 5.80000000e-01  5.80000000e-01  1.48000000e+00  1.97208001e-03  1.23721690e+00  1.89142491e+00  1.01425558e+00  1.76798316e+00  3.36542706e+01  1.27011979e+00  5.00668813e+00 
 5.90000000e-01  5.90000000e-01  1.48000000e+00  1.98993533e-03  1.23721690e+00  1.89142491e+00  1.01425558e+00  1.76798316e+00  3.36542706e+01  1.27011979e+00  5.00668813e+00 
 6.00000000e-01  6.00000000e-01  1.48000000e+00  2.00730230e-03  1.23721690e+00  1.89142491e+00  1.01425558e+00  1.76798316e+00  3.36542706e+01  1.27011979e+00  5.00668813e+00 
 6.10000000e-01  6.10000000e-01  1.48000000e+00  2.02419109e-03  1.23721690e+00  1.89142491e+00  1.01425558e+00  1.76798316e+00  3.36542706e+01  1.27011979e+00  5.00668813e+00 
 6.20000000e-01  6.20000000e-01  1.48000000e+00  2.04061233e-03  1.23721690e+00  1.89142491e+00  1.01425558e+00  1.76798316e+00  3.36542706e+01  1.27011979e+00  5.00668813e+00 
 6.30000000e-01  6.30000000e-01  1.48000000e+00  2.05657705e-03  1.23721690e+00  1.89142491e+00  1.01425558e+00  1.76798316e+00  3.36542706e+01  1.27011979e+00  5.00668813e+00 
 6.40000000e-01  6.40000000e-01  1.48000000e+00  2.07209664e-03  1.23721690e+00  1.89142491e+00  1.01425558e+00  1.76798316e+00  3.36542706e+01  1.27011979e+00  5.00668813e+00 
 6.50000000e-01  6.50000000e-01  1.48000000e+00  2.08718279e-03  1.23721690e+00  1.89142491e+00  1.01425558e+00  1.76798316e+00  3.36542706e+01  1.27011979e+00  5.00668813e+00 
 6.60000000e-01  6.60000000e-01  1.48000000e+00  2.10184745e-03  1.23721690e+00  1.89142491e+00  1.01425558e+00  1.76798316e+00  3.36542706e+01  1.27011979e+00  5.00668813e+00 
 6.70000000e-01  6.70000000e-01  1.48000000e+00  2.11610276e-03  1.23721690e+00  1.89142491e+00  1.01425558e+00  1.76798316e+00  3.36542706e+01  1.27011979e+00  5.00668813e+00 
 6.80000000e-01  6.80000000e-01  1.48000000e+00  2.12996101e-03  1.23721690e+00  1.89142491e+00  1.01425558e+00  1.76798316e+00  3.36542706e+01  1.27011979e+00  5.00668813e+00 
 6.90000000e-01  6.90000000e-01  1.48000000e+00  2.14343456e-03  1.23721690e+00  1.89142491e+00  1.01425558e+00  1.76798316e+00  3.36542706e+01  1.27011979e+00  5.00668813e+00 
 7.00000000e-01  7.00000000e-01  1.48000000e+00  2.15653581e-03  1.23721690e+00  1.89142491e+00  1.01425558e+00  1.76798316e+00  3.36542706e+01  1.27011979e+00  5.00668813e+00 
 7.10000000e-01  7.10000000e-01  1.48000000e+00  2.16927714e-03  1.23721690e+00  1.89142491e+00  1.01425558e+00  1.76798316e+00  3.36542706e+01  1.27011979e+00  5.00668813e+00 
 7.20000000e-01  7.20000000e-01  1.48000000e+00  2.18167087e-03  1.23721690e+00  1.89142491e+00  1.01425558e+00  1.76798316e+00  3.36542706e+01  1.27011979e+00  5.00668813e+00 
 7.30000000e-01  7.30000000e-01  1.48000000e+00  2.19372921e-03  1.23721690e+00  1.89142491e+00  1.01425558e+00  1.76798316e+00  3.36542706e+01  1.27011979e+00  5.00668813e+00 
 7.40000000e-01  7.40000000e-01  1.48000000e+00  2.20546422e-03  1.23721690e+00  1.89142491e+00  1.01425558e+00  1.76798316e+00  3.36542706e+01  1.27011979e+00  5.00668813e+00 
 7.50000000e-01  7.50000000e-01  1.48000000e+00  2.21688776e-03  1.23721690e+00  1.89142491e+00  1.01425558e+00  1.76798316e+00  3.36542706e+01  1.27011979e+00  5.00668813e+00 
 7.60000000e-01  7.60000000e-01  1.48000000e+00  2.22801151e-03  1.23721690e+00  1.89142491e+00  1.01425558e+00  1.76798316e+00  3.36542706e+01  1.27011979e+00  5.00668813e+00 
 7.70000000e-01  7.70000000e-01  1.48000000e+00  2.23884685e-03  1.23721690e+00  1.89142491e+00  1.01425558e+00  1.76798316e+00  3.36542706e+01  1.27011979e+00  5.00668813e+00 
 7.80000000e-01  7.80000000e-01  1.48000000e+00  2.24940495e-03  1.23721690e+00  1.89142491e+00  1.01425558e+00  1.76798316e+00  3.36542706e+01  1.27011979e+00  5.00668813e+00 
 7.90000000e-01  7.90000000e-01  1.48000000e+00  2.25969665e-03  1.23721690e+00  1.89142491e+00  1.01425558e+00  1.76798316e+00  3.36542706e+01  1.27011979e+00  5.00668813e+00 
 8.00000000e-01  8.00000000e-01  1.48000000e+00  2.26973250e-03  1.23721690e+00  1.89142491e+00  1.01425558e+00  1.76798316e+00  3.36542706e+01  1.27011979e+00  5.00668813e+00 
 8.10000000e-01  8.10000000e-01  1.48000000e+00  2.27952273e-03  1.23721690e+00  1.89142491e+00  1.01425558e+00  1.76798316e+00  3.36542706e+01  1.27011979e+00  5.00668813e+00 
 8.20000000e-01  8.20000000e-01  1.48000000e+00  2.28907725e-03  1.23721690e+00  1.89142491e+00  1.01425558e+00  1.76798316e+00  3.36542706e+01  1.27011979e+00  5.00668813e+00 
 8.30000000e-01  8.30000000e-01  1.48000000e+00  2.29840561e-03  1.23721690e+00  1.89142491e+00  1.01425558e+00  1.76798316e+00  3.36542706e+01  1.27011979e+00  5.00668813e+00 
 8.40000000e-01  8.40000000e-01  1.48000000e+00  2.30751707e-03  1.23721690e+00  1.89142491e+00  1.01425558e+00  1.76798316e+00  3.36542706e+01  1.27011979e+00  5.00668813e+00 
 8.50000000e-01  8.50000000e-01  1.48000000e+00  2.31642050e-03  1.23721690e+00  1.89142491e+00  1.01425558e+00  1.76798316e+00  3.36542706e+01  1.27011979e+00  5.00668813e+00 
 8.60000000e-01  8.60000000e-01  1.48000000e+00  2.32512447e-03  1.23721690e+00  1.89142491e+00  1.01425558e+00  1.76798316e+00  3.36542706e+01  1.27011979e+00  5.00668813e+00 
 8.70000000e-01  8.70000000e-01  1.48000000e+00  2.33363721e-03  1.23721690e+00  1.89142491e+00  1.01425558e+00  1.76798316e+00  3.36542706e+01  1.27011979e+00  5.00668813e+00 
 8.80000000e-01  8.80000000e-01  1.48000000e+00  2.34196661e-03  1.23721690e+00  1.89142491e+00  1.01425558e+00  1.76798316e+00  3.36542706e+01  1.27011979e+00  5.00668813e+00 
 8.90000000e-01  8.90000000e-01  1.48000000e+00  2.35012024e-03  1.23721690e+00  1.89142491e+00  1.01425558e+00  1.76798316e+00  3.36542706e+01  1.27011979e+00  5.00668813e+00 
 9.00000000e-01  9.00000000e-01  1.48000000e+00  2.35810535e-03  1.23721690e+00  1.89142491e+00  1.01425558e+00  1.76798316e+00  3.36542706e+01  1.27011979e+00  5.00668813e+00 
 9.10000000e-01  9.10000000e-01  1.48000000e+00  2.36592889e-03  1.23721690e+00  1.89142491e+00  1.01425558e+00  1.76798316e+00  3.36542706e+01  1.27011979e+00  5.00668813e+00 
 9.20000000e-01  9.20000000e-01  1.48000000e+00  2.37359752e-03  1.23721690e+00  1.89142491e+00  1.01425558e+00  1.76798316e+00  3.36542706e+01  1.27011979e+00  5.00668813e+00 
 9.30000000e-01  9.30000000e-01  1.48000000e+00  2.38111757e-03  1.23721690e+00  1.89142491e+00  1.01425558e+00  1.76798316e+00  3.36542706e+01  1.27011979e+00  5.00668813e+00 
 9.40000000e-01  9.40000000e-01  1.48000000e+00  2.38849514e-03  1.23721690e+00  1.89142491e+00  1.01425558e+00  1.76798316e+00  3.36542706e+01  1.27011979e+00  5.00668813e+00 
 9.50000000e-01  9.50000000e-01  1.48000000e+00  2.39573602e-03  1.23721690e+00  1.89142491e+00  1.01425558e+00  1.76798316e+00  3.36542706e+01  1.27011979e+00  5.00668813e+00 
 9.60000000e-01  9.60000000e-01  1.48000000e+00  2.40284576e-03  1.23721690e+00  1.89142491e+00  1.01425558e+00  1.76798316e+00  3.36542706e+01  1.27011979e+00  5.00668813e+00 
 9.70000000e-01  9.70000000e-01  1.48000000e+00  2.40982964e-03  1.23721690e+00  1.89142491e+00  1.01425558e+00  1.76798316e+00  3.36542706e+01  1.27011979e+00  5.00668813e+00 
 9.80000000e-01  9.80000000e-01  1.48000000e+00  2.41669272e-03  1.23721690e+00  1.89142491e+00  1.01425558e+00  1.76798316e+00  3.36542706e+01  1.27011979e+00  5.00668813e+00 
 9.90000000e-01  9.90000000e-01  1.48000000e+00  2.42343982e-03  1.23721690e+00  1.89142491e+00  1.01425558e+00  1.76798316e+00  3.36542706e+01  1.27011979e+00  5.00668813e+00 
 1.00000000e+00  1.00000000e+00  1.48000000e+00  2.43007554e-03  1.23721690e+00  1.89142491e+00  1.01425558e+00  1.76798316e+00  3.36542706e+01  1.27011979e+00  5.00668813e+00 
 1.01000000e+00  1.01000000e+00  1.48000000e+00  2.43660426e-03  1.23721690e+00  1.89142491e+00  1.01425558e+00  1.76798316e+00  3.36542706e+01  1.27011979e+00  5.00668813e+00 
 1.02000000e+00  1.02000000e+00  1.48000000e+00  2.44303018e-03  1.23721690e+00  1.89142491e+00  1.01425558e+00  1.76798316e+00  3.36542706e+01  1.27011979e+00  5.00668813e+00 
 1.03000000e+00  1.03000000e+00  1.48000000e+00  2.44935728e-03  1.23721690e+00  1.89142491e+00  1.01425558e+00  1.76798316e+00  3.36542706e+01  1.27011979e+00  5.00668813e+00 
 1.04000000e+00  1.04000000e+00  1.48000000e+00  2.45558939e-03  1.23721690e+00  1.89142491e+00  1.01425558e+00  1.76798316e+00  3.36542706e+01  1.27011979e+00  5.00668813e+00 
 1.05000000e+00  1.05000000e+00  1.48000000e+00  2.46173012e-03  1.23721690e+00  1.89142491e+00  1.01425558e+00  1.76798316e+00  3.36542706e+01  1.27011979e+00  5.00668813e+00 
 1.06000000e+00  1.06000000e+00  1.48000000e+00  2.46778296e-03  1.23721690e+00  1.89142491e+00  1.01425558e+00  1.76798316e+00  3.36542706e+01  1.27011979e+00  5.00668813e+00 
 1.07000000e+00  1.07000000e+00  1.48000000e+00  2.47375121e-03  1.23721690e+00  1.89142491e+00  1.01425558e+00  1.76798316e+00  3.36542706e+01  1.27011979e+00  5.00668813e+00 
 1.08000000e+00  1.08000000e+00  1.48000000e+00  2.47963804e-03  1.23721690e+00  1.89142491e+00  1.01425558e+00  1.76798316e+00  3.36542706e+01  1.27011979e+00  5.00668813e+00 
 1.09000000e+00  1.09000000e+00  1.48000000e+00  2.48544645e-03  1.23721690e+00  1.89142491e+00  1.01425558e+00  1.76798316e+00  3.36542706e+01  1.27011979e+00  5.00668813e+00 
 1.10000000e+00  1.10000000e+00  1.48000000e+00  2.49117934e-03  1.23721690e+00  1.89142491e+00  1.01425558e+00  1.76798316e+00  3.36542706e+01  1.27011979e+00  5.00668813e+00 
 1.11000000e+00  1.11000000e+00  1.48000000e+00  2.49683944e-03  1.23721690e+00  1.89142491e+00  1.01425558e+00  1.76798316e+00  3.36542706e+01  1.27011979e+00  5.00668813e+00 
 1.12000000e+00  1.12000000e+00  1.48000000e+00  2.50242939e-03  1.23721690e+00  1.89142491e+00  1.01425558e+00  1.76798316e+00  3.36542706e+01  1.27011979e+00  5.00668813e+00 
 1.13000000e+00  1.13000000e+00  1.48000000e+00  2.50795170e-03  1.23721690e+00  1.89142491e+00  1.01425558e+00  1.76798316e+00  3.36542706e+01  1.27011979e+00  5.00668813e+00 
 1.14000000e+00  1.14000000e+00  1.48000000e+00  2.51340876e-03  1.23721690e+00  1.89142491e+00  1.01425558e+00  1.76798316e+00  3.36542706e+01  1.27011979e+00  5.00668813e+00 
 1.15000000e+00  1.15000000e+00  1.48000000e+00  2.51880286e-03  1.23721690e+00  1.89142491e+00  1.01425558e+00  1.76798316e+00  3.36542706e+01  1.27011979e+00  5.00668813e+00 
 1.16000000e+00  1.16000000e+00  1.48000000e+00  2.52413620e-03  1.23721690e+00  1.89142491e+00  1.01425558e+00  1.76798316e+00  3.36542706e+01  1.27011979e+00  5.00668813e+00 
 1.17000000e+00  1.17000000e+00  1.48000000e+00  2.52941087e-03  1.23721690e+00  1.89142491e+00  1.01425558e+00  1.76798316e+00  3.36542706e+01  1.27011979e+00  5.00668813e+00 
 1.18000000e+00  1.18000000e+00  1.48000000e+00  2.53462888e-03  1.23721690e+00  1.89142491e+00  1.01425558e+00  1.76798316e+00  3.36542706e+01  1.27011979e+00  5.00668813e+00 
 1.19000000e+00  1.19000000e+00  1.48000000e+00  2.53979214e-03  1.23721690e+00  1.89142491e+00  1.01425558e+00  1.76798316e+00  3.36542706e+01  1.27011979e+00  5.00668813e+00 
 1.20000000e+00  1.20000000e+00  1.48000000e+00  2.54490249e-03  1.23721690e+00  1.89142491e+00  1.01425558e+00  1.76798316e+00  3.36542706e+01  1.27011979e+00  5.00668813e+00 
 1.21000000e+00  1.21000000e+00  1.48000000e+00  2.54996170e-03  1.23721690e+00  1.89142491e+00  1.01425558e+00  1.76798316e+00  3.36542706e+01  1.27011979e+00  5.00668813e+00 
 1.22000000e+00  1.22000000e+00  1.48000000e+00  2.55497143e-03  1.23721690e+00  1.89142491e+00  1.01425558e+00  1.76798316e+00  3.36542706e+01  1.27011979e+00  5.00668813e+00 
 1.23000000e+00  1.23000000e+00  1.48000000e+00  2.55993331e-03  1.23721690e+00  1.89142491e+00  1.01425558e+00  1.76798316e+00  3.36542706e+01  1.27011979e+00  5.00668813e+00 
 1.24000000e+00  1.24000000e+00  1.48000000e+00  2.56484888e-03  1.23721690e+00  1.89142491e+00  1.01425558e+00  1.76798316e+00  3.36542706e+01  1.27011979e+00  5.00668813e+00 
 1.25000000e+00  1.25000000e+00  1.48000000e+00  2.56971962e-03  1.23721690e+00  1.89142491e+00  1.01425558e+00  1.76798316e+00  3.36542706e+01  1.27011979e+00  5.00668813e+00 
 1.26000000e+00  1.26000000e+00  1.48000000e+00  2.57454695e-03  1.23721690e+00  1.89142491e+00  1.01425558e+00  1.76798316e+00  3.36542706e+01  1.27011979e+00  5.00668813e+00 
 1.27000000e+00  1.27000000e+00  1.48000000e+00  2.57933225e-03  1.23721690e+00  1.89142491e+00  1.01425558e+00  1.76798316e+00  3.36542706e+01  1.27011979e+00  5.00668813e+00 
 1.28000000e+00  1.28000000e+00  1.48000000e+00  2.58407680e-03  1.23721690e+00  1.89142491e+00  1.01425558e+00  1.76798316e+00  3.36542706e+01  1.27011979e+00  5.00668813e+00 
 1.29000000e+00  1.29000000e+00  1.48000000e+00  2.58878188e-03  1.23721690e+00  1.89142491e+00  1.01425558e+00  1.76798316e+00  3.36542706e+01  1.27011979e+00  5.00668813e+00 
 1.30000000e+00  1.30000000e+00  1.48000000e+00  2.59344868e-03  1.23721690e+00  1.89142491e+00  1.01425558e+00  1.76798316e+00  3.36542706e+01  1.27011979e+00  5.00668813e+00 
 1.31000000e+00  1.31000000e+00  1.48000000e+00  2.59807836e-03  1.23721690e+00  1.89142491e+00  1.01425558e+00  1.76798316e+00  3.36542706e+01  1.27011979e+00  5.00668813e+00 
 1.32000000e+00  1.32000000e+00  1.48000000e+00  2.60267204e-03  1.23721690e+00  1.89142491e+00  1.01425558e+00  1.76798316e+00  3.36542706e+01  1.27011979e+00  5.00668813e+00 
 1.33000000e+00  1.33000000e+00  1.48000000e+00  2.60723078e-03  1.23721690e+00  1.89142491e+00  1.01425558e+00  1.76798316e+00  3.36542706e+01  1.27011979e+00  5.00668813e+00 
 1.34000000e+00  1.34000000e+00  1.48000000e+00  2.61175561e-03  1.23721690e+00  1.89142491e+00  1.01425558e+00  1.76798316e+00  3.36542706e+01  1.27011979e+00  5.00668813e+00 
 1.35000000e+00  1.35000000e+00  1.48000000e+00  2.61624752e-03  1.23721690e+00  1.89142491e+00  1.01425558e+00  1.76798316e+00  3.36542706e+01  1.27011979e+00  5.00668813e+00 
 1.36000000e+00  1.36000000e+00  1.48000000e+00  2.62070746e-03  1.23721690e+00  1.89142491e+00  1.01425558e+00  1.76798316e+00  3.36542706e+01  1.27011979e+00  5.00668813e+00 
 1.37000000e+00  1.37000000e+00  1.48000000e+00  2.62513635e-03  1.23721690e+00  1.89142491e+00  1.01425558e+00  1.76798316e+00  3.36542706e+01  1.27011979e+00  5.00668813e+00 
 1.38000000e+00  1.38000000e+00  1.48000000e+00  2.62953506e-03  1.23721690e+00  1.89142491e+00  1.01425558e+00  1.76798316e+00  3.36542706e+01  1.27011979e+00  5.00668813e+00 
 1.39000000e+00  1.39000000e+00  1.48000000e+00  2.63390445e-03  1.23721690e+00  1.89142491e+00  1.01425558e+00  1.76798316e+00  3.36542706e+01  1.27011979e+00  5.00668813e+00 
 1.40000000e+00  1.40000000e+00  1.48000000e+00  2.63824532e-03  1.23721690e+00  1.89142491e+00  1.01425558e+00  1.76798316e+00  3.36542706e+01  1.27011979e+00  5.00668813e+00 
 1.41000000e+00  1.41000000e+00  1.48000000e+00  2.64255847e-03  1.23721690e+00  1.89142491e+00  1.01425558e+00  1.76798316e+00  3.36542706e+01  1.27011979e+00  5.00668813e+00 
 1.42000000e+00  1.42000000e+00  1.48000000e+00  2.64684466e-03  1.23721690e+00  1.89142491e+00  1.01425558e+00  1.76798316e+00  3.36542706e+01  1.27011979e+00  5.00668813e+00 
 1.43000000e+00  1.43000000e+00  1.48000000e+00  2.65110462e-03  1.23721690e+00  1.89142491e+00  1.01425558e+00  1.76798316e+00  3.36542706e+01  1.27011979e+00  5.00668813e+00 
 1.44000000e+00  1.44000000e+00  1.48000000e+00  2.65533905e-03  1.23721690e+00  1.89142491e+00  1.01425558e+00  1.76798316e+00  3.36542706e+01  1.27011979e+00  5.00668813e+00 
 1.45000000e+00  1.45000000e+00  1.48000000e+00  2.65954863e-03  1.23721690e+00  1.89142491e+00  1.01425558e+00  1.76798316e+00  3.36542706e+01  1.27011979e+00  5.00668813e+00 
 1.46000000e+00  1.46000000e+00  1.48000000e+00  2.66373401e-03  1.23721690e+00  1.89142491e+00  1.01425558e+00  1.76798316e+00  3.36542706e+01  1.27011979e+00  5.00668813e+00 
 1.47000000e+00  1.47000000e+00  1.48000000e+00  2.66789584e-03  1.23721690e+00  1.89142491e+00  1.01425558e+00  1.76798316e+00  3.36542706e+01  1.27011979e+00  5.00668813e+00 
 1.48000000e+00  1.48000000e+00  1.48000000e+00  2.67203472e-03  1.23721690e+00  1.89142491e+00  1.01425558e+00  1.76798316e+00  3.36542706e+01  1.27011979e+00  5.00668813e+00 
 1.49000000e+00  1.49000000e+00  1.48000000e+00  2.67615125e-03  1.23721690e+00  1.89142491e+00  1.01425558e+00  1.76798316e+00  3.36542706e+01  1.27011979e+00  5.00668813e+00 
 1.50000000e+00  1.50000000e+00  1.48000000e+00  2.68024598e-03  1.23721690e+00  1.89142491e+00  1.01425558e+00  1.76798316e+00  3.36542706e+01  1.27011979e+00  5.00668813e+00 
 1.51000000e+00  1.51000000e+00  1.48000000e+00  2.68431949e-03  1.23721690e+00  1.89142491e+00  1.01425558e+00  1.76798316e+00  3.36542706e+01  1.27011979e+00  5.00668813e+00 
 1.52000000e+00  1.52000000e+00  1.48000000e+00  2.68837229e-03  1.23721690e+00  1.89142491e+00  1.01425558e+00  1.76798316e+00  3.36542706e+01  1.27011979e+00  5.00668813e+00 
 1.53000000e+00  1.53000000e+00  1.48000000e+00  2.69240490e-03  1.23721690e+00  1.89142491e+00  1.01425558e+00  1.76798316e+00  3.36542706e+01  1.27011979e+00  5.00668813e+00 
 1.54000000e+00  1.54000000e+00  1.48000000e+00  2.69641783e-03  1.23721690e+00  1.89142491e+00  1.01425558e+00  1.76798316e+00  3.36542706e+01  1.27011979e+00  5.00668813e+00 
 1.55000000e+00  1.55000000e+00  1.48000000e+00  2.70041155e-03  1.23721690e+00  1.89142491e+00  1.01425558e+00  1.76798316e+00  3.36542706e+01  1.27011979e+00  5.00668813e+00 
 1.56000000e+00  1.56000000e+00  1.48000000e+00  2.70438653e-03  1.23721690e+00  1.89142491e+00  1.01425558e+00  1.76798316e+00  3.36542706e+01  1.27011979e+00  5.00668813e+00 
 1.57000000e+00  1.57000000e+00  1.48000000e+00  2.70834321e-03  1.23721690e+00  1.89142491e+00  1.01425558e+00  1.76798316e+00  3.36542706e+01  1.27011979e+00  5.00668813e+00 
 1.58000000e+00  1.58000000e+00  1.48000000e+00  2.71228205e-03  1.23721690e+00  1.89142491e+00  1.01425558e+00  1.76798316e+00  3.36542706e+01  1.27011979e+00  5.00668813e+00 
 1.59000000e+00  1.59000000e+00  1.48000000e+00  2.71620346e-03  1.23721690e+00  1.89142491e+00  1.01425558e+00  1.76798316e+00  3.36542706e+01  1.27011979e+00  5.00668813e+00 
 1.60000000e+00  1.60000000e+00  1.48000000e+00  2.72010784e-03  1.23721690e+00  1.89142491e+00  1.01425558e+00  1.76798316e+00  3.36542706e+01  1.27011979e+00  5.00668813e+00 
 1.61000000e+00  1.61000000e+00  1.48000000e+00  2.72399561e-03  1.23721690e+00  1.89142491e+00  1.01425558e+00  1.76798316e+00  3.36542706e+01  1.27011979e+00  5.00668813e+00 
 1.62000000e+00  1.62000000e+00  1.48000000e+00  2.72786713e-03  1.23721690e+00  1.89142491e+00  1.01425558e+00  1.76798316e+00  3.36542706e+01  1.27011979e+00  5.00668813e+00 
 1.63000000e+00  1.63000000e+00  1.48000000e+00  2.73172279e-03  1.23721690e+00  1.89142491e+00  1.01425558e+00  1.76798316e+00  3.36542706e+01  1.27011979e+00  5.00668813e+00 
 1.64000000e+00  1.64000000e+00  1.48000000e+00  2.73556295e-03  1.23721690e+00  1.89142491e+00  1.01425558e+00  1.76798316e+00  3.36542706e+01  1.27011979e+00  5.00668813e+00 
 1.65000000e+00  1.65000000e+00  1.48000000e+00  2.73938795e-03  1.23721690e+00  1.89142491e+00  1.01425558e+00  1.76798316e+00  3.36542706e+01  1.27011979e+00  5.00668813e+00 
 1.66000000e+00  1.66000000e+00  1.48000000e+00  2.74319814e-03  1.23721690e+00  1.89142491e+00  1.01425558e+00  1.76798316e+00  3.36542706e+01  1.27011979e+00  5.00668813e+00 
 1.67000000e+00  1.67000000e+00  1.48000000e+00  2.74699385e-03  1.23721690e+00  1.89142491e+00  1.01425558e+00  1.76798316e+00  3.36542706e+01  1.27011979e+00  5.00668813e+00 
 1.68000000e+00  1.68000000e+00  1.48000000e+00  2.75077539e-03  1.23721690e+00  1.89142491e+00  1.01425558e+00  1.76798316e+00  3.36542706e+01  1.27011979e+00  5.00668813e+00 
 1.69000000e+00  1.69000000e+00  1.48000000e+00  2.75454309e-03  1.23721690e+00  1.89142491e+00  1.01425558e+00  1.76798316e+00  3.36542706e+01  1.27011979e+00  5.00668813e+00 
 1.70000000e+00  1.70000000e+00  1.48000000e+00  2.75829723e-03  1.23721690e+00  1.89142491e+00  1.01425558e+00  1.76798316e+00  3.36542706e+01  1.27011979e+00  5.00668813e+00 
 1.71000000e+00  1.71000000e+00  1.48000000e+00  2.76203812e-03  1.23721690e+00  1.89142491e+00  1.01425558e+00  1.76798316e+00  3.36542706e+01  1.27011979e+00  5.00668813e+00 
 1.72000000e+00  1.72000000e+00  1.48000000e+00  2.76576603e-03  1.23721690e+00  1.89142491e+00  1.01425558e+00  1.76798316e+00  3.36542706e+01  1.27011979e+00  5.00668813e+00 
 1.73000000e+00  1.73000000e+00  1.48000000e+00  2.76948126e-03  1.23721690e+00  1.89142491e+00  1.01425558e+00  1.76798316e+00  3.36542706e+01  1.27011979e+00  5.00668813e+00 
 1.74000000e+00  1.74000000e+00  1.48000000e+00  2.77318405e-03  1.23721690e+00  1.89142491e+00  1.01425558e+00  1.76798316e+00  3.36542706e+01  1.27011979e+00  5.00668813e+00 
 1.75000000e+00  1.75000000e+00  1.48000000e+00  2.77687469e-03  1.23721690e+00  1.89142491e+00  1.01425558e+00  1.76798316e+00  3.36542706e+01  1.27011979e+00  5.00668813e+00 
 1.76000000e+00  1.76000000e+00  1.48000000e+00  2.78055341e-03  1.23721690e+00  1.89142491e+00  1.01425558e+00  1.76798316e+00  3.36542706e+01  1.27011979e+00  5.00668813e+00 
 1.77000000e+00  1.77000000e+00  1.48000000e+00  2.78422048e-03  1.23721690e+00  1.89142491e+00  1.01425558e+00  1.76798316e+00  3.36542706e+01  1.27011979e+00  5.00668813e+00 
 1.78000000e+00  1.78000000e+00  1.48000000e+00  2.78787613e-03  1.23721690e+00  1.89142491e+00  1.01425558e+00  1.76798316e+00  3.36542706e+01  1.27011979e+00  5.00668813e+00 
 1.79000000e+00  1.79000000e+00  1.48000000e+00  2.79152059e-03  1.23721690e+00  1.89142491e+00  1.01425558e+00  1.76798316e+00  3.36542706e+01  1.27011979e+00  5.00668813e+00 
 1.80000000e+00  1.80000000e+00  1.48000000e+00  2.79515410e-03  1.23721690e+00  1.89142491e+00  1.01425558e+00  1.76798316e+00  3.36542706e+01  1.27011979e+00  5.00668813e+00 
 1.81000000e+00  1.81000000e+00  1.48000000e+00  2.79877688e-03  1.23721690e+00  1.89142491e+00  1.01425558e+00  1.76798316e+00  3.36542706e+01  1.27011979e+00  5.00668813e+00 
 1.82000000e+00  1.82000000e+00  1.48000000e+00  2.80238914e-03  1.23721690e+00  1.89142491e+00  1.01425558e+00  1.76798316e+00  3.36542706e+01  1.27011979e+00  5.00668813e+00 
 1.83000000e+00  1.83000000e+00  1.48000000e+00  2.80599110e-03  1.23721690e+00  1.89142491e+00  1.01425558e+00  1.76798316e+00  3.36542706e+01  1.27011979e+00  5.00668813e+00 
 1.84000000e+00  1.84000000e+00  1.48000000e+00  2.80958297e-03  1.23721690e+00  1.89142491e+00  1.01425558e+00  1.76798316e+00  3.36542706e+01  1.27011979e+00  5.00668813e+00 
 1.85000000e+00  1.85000000e+00  1.48000000e+00  2.81316495e-03  1.23721690e+00  1.89142491e+00  1.01425558e+00  1.76798316e+00  3.36542706e+01  1.27011979e+00  5.00668813e+00 
