 0.00000000e+00  0.00000000e+00  1.48000000e+00 -3.82002945e-20  1.25525172e+00  1.63757390e+00  8.72400734e-01  1.55828988e+00  3.11872716e+01  1.42355666e+00  5.06316103e+00 
 1.00000000e-02  1.00000000e-02  1.48000000e+00  4.35015343e-05  1.25525172e+00  1.63757390e+00  8.72400734e-01  1.55828988e+00  3.11872716e+01  1.42355666e+00  5.06316103e+00 
 2.00000000e-02  2.00000000e-02  1.48000000e+00  8.65083281e-05  1.25525172e+00  1.63757390e+00  8.72400734e-01  1.55828988e+00  3.11872716e+01  1.42355666e+00  5.06316103e+00 
 3.00000000e-02  3.00000000e-02  1.48000000e+00  1.29019073e-04  1.25525172e+00  1.63757390e+00  8.72400734e-01  1.55828988e+00  3.11872716e+01  1.42355666e+00  5.06316103e+00 
 4.00000000e-02  4.00000000e-02  1.48000000e+00  1.71032455e-04  1.25525172e+00  1.63757390e+00  8.72400734e-01  1.55828988e+00  3.11872716e+01  1.42355666e+00  5.06316103e+00 
 5.00000000e-02  5.00000000e-02  1.48000000e+00  2.12547158e-04  1.25525172e+00  1.63757390e+00  8.72400734e-01  1.55828988e+00  3.11872716e+01  1.42355666e+00  5.06316103e+00 
 6.00000000e-02  6.00000000e-02  1.48000000e+00  2.53561861e-04  1.25525172e+00  1.63757390e+00  8.72400734e-01  1.55828988e+00  3.11872716e+01  1.42355666e+00  5.06316103e+00 
 7.00000000e-02  7.00000000e-02  1.48000000e+00  2.94075239e-04  1.25525172e+00  1.63757390e+00  8.72400734e-01  1.55828988e+00  3.11872716e+01  1.42355666e+00  5.06316103e+00 
 8.00000000e-02  8.00000000e-02  1.48000000e+00  3.34085968e-04  1.25525172e+00  1.63757390e+00  8.72400734e-01  1.55828988e+00  3.11872716e+01  1.42355666e+00  5.06316103e+00 
 9.00000000e-02  9.00000000e-02  1.48000000e+00  3.73592719e-04  1.25525172e+00  1.63757390e+00  8.72400734e-01  1.55828988e+00  3.11872716e+01  1.42355666e+00  5.06316103e+00 
 1.00000000e-01  1.00000000e-01  1.48000000e+00  4.12594162e-04  1.25525172e+00  1.63757390e+00  8.72400734e-01  1.55828988e+00  3.11872716e+01  1.42355666e+00  5.06316103e+00 
 1.10000000e-01  1.10000000e-01  1.48000000e+00  4.51088970e-04  1.25525172e+00  1.63757390e+00  8.72400734e-01  1.55828988e+00  3.11872716e+01  1.42355666e+00  5.06316103e+00 
 1.20000000e-01  1.20000000e-01  1.48000000e+00  4.89075815e-04  1.25525172e+00  1.63757390e+00  8.72400734e-01  1.55828988e+00  3.11872716e+01  1.42355666e+00  5.06316103e+00 
 1.30000000e-01  1.30000000e-01  1.48000000e+00  5.26553372e-04  1.25525172e+00  1.63757390e+00  8.72400734e-01  1.55828988e+00  3.11872716e+01  1.42355666e+00  5.06316103e+00 
 1.40000000e-01  1.40000000e-01  1.48000000e+00  5.63520322e-04  1.25525172e+00  1.63757390e+00  8.72400734e-01  1.55828988e+00  3.11872716e+01  1.42355666e+00  5.06316103e+00 
 1.50000000e-01  1.50000000e-01  1.48000000e+00  5.99975350e-04  1.25525172e+00  1.63757390e+00  8.72400734e-01  1.55828988e+00  3.11872716e+01  1.42355666e+00  5.06316103e+00 
 1.60000000e-01  1.60000000e-01  1.48000000e+00  6.35917151e-04  1.25525172e+00  1.63757390e+00  8.72400734e-01  1.55828988e+00  3.11872716e+01  1.42355666e+00  5.06316103e+00 
 1.70000000e-01  1.70000000e-01  1.48000000e+00  6.71344429e-04  1.25525172e+00  1.63757390e+00  8.72400734e-01  1.55828988e+00  3.11872716e+01  1.42355666e+00  5.06316103e+00 
 1.80000000e-01  1.80000000e-01  1.48000000e+00  7.06255904e-04  1.25525172e+00  1.63757390e+00  8.72400734e-01  1.55828988e+00  3.11872716e+01  1.42355666e+00  5.06316103e+00 
 1.90000000e-01  1.90000000e-01  1.48000000e+00  7.40650309e-04  1.25525172e+00  1.63757390e+00  8.72400734e-01  1.55828988e+00  3.11872716e+01  1.42355666e+00  5.06316103e+00 
 2.00000000e-01  2.00000000e-01  1.48000000e+00  7.74526401e-04  1.25525172e+00  1.63757390e+00  8.72400734e-01  1.55828988e+00  3.11872716e+01  1.42355666e+00  5.06316103e+00 
 2.10000000e-01  2.10000000e-01  1.48000000e+00  8.07882957e-04  1.25525172e+00  1.63757390e+00  8.72400734e-01  1.55828988e+00  3.11872716e+01  1.42355666e+00  5.06316103e+00 
 2.20000000e-01  2.20000000e-01  1.48000000e+00  8.40718787e-04  1.25525172e+00  1.63757390e+00  8.72400734e-01  1.55828988e+00  3.11872716e+01  1.42355666e+00  5.06316103e+00 
 2.30000000e-01  2.30000000e-01  1.48000000e+00  8.73032731e-04  1.25525172e+00  1.63757390e+00  8.72400734e-01  1.55828988e+00  3.11872716e+01  1.42355666e+00  5.06316103e+00 
 2.40000000e-01  2.40000000e-01  1.48000000e+00  9.04823670e-04  1.25525172e+00  1.63757390e+00  8.72400734e-01  1.55828988e+00  3.11872716e+01  1.42355666e+00  5.06316103e+00 
 2.50000000e-01  2.50000000e-01  1.48000000e+00  9.36090532e-04  1.25525172e+00  1.63757390e+00  8.72400734e-01  1.55828988e+00  3.11872716e+01  1.42355666e+00  5.06316103e+00 
 2.60000000e-01  2.60000000e-01  1.48000000e+00  9.66832297e-04  1.25525172e+00  1.63757390e+00  8.72400734e-01  1.55828988e+00  3.11872716e+01  1.42355666e+00  5.06316103e+00 
 2.70000000e-01  2.70000000e-01  1.48000000e+00  9.97048007e-04  1.25525172e+00  1.63757390e+00  8.72400734e-01  1.55828988e+00  3.11872716e+01  1.42355666e+00  5.06316103e+00 
 2.80000000e-01  2.80000000e-01  1.48000000e+00  1.02673677e-03  1.25525172e+00  1.63757390e+00  8.72400734e-01  1.55828988e+00  3.11872716e+01  1.42355666e+00  5.06316103e+00 
 2.90000000e-01  2.90000000e-01  1.48000000e+00  1.05589779e-03  1.25525172e+00  1.63757390e+00  8.72400734e-01  1.55828988e+00  3.11872716e+01  1.42355666e+00  5.06316103e+00 
 3.00000000e-01  3.00000000e-01  1.48000000e+00  1.08453034e-03  1.25525172e+00  1.63757390e+00  8.72400734e-01  1.55828988e+00  3.11872716e+01  1.42355666e+00  5.06316103e+00 
 3.10000000e-01  3.10000000e-01  1.48000000e+00  1.11263380e-03  1.25525172e+00  1.63757390e+00  8.72400734e-01  1.55828988e+00  3.11872716e+01  1.42355666e+00  5.06316103e+00 
 3.20000000e-01  3.20000000e-01  1.48000000e+00  1.14020769e-03  1.25525172e+00  1.63757390e+00  8.72400734e-01  1.55828988e+00  3.11872716e+01  1.42355666e+00  5.06316103e+00 
 3.30000000e-01  3.30000000e-01  1.48000000e+00  1.16725163e-03  1.25525172e+00  1.63757390e+00  8.72400734e-01  1.55828988e+00  3.11872716e+01  1.42355666e+00  5.06316103e+00 
 3.40000000e-01  3.40000000e-01  1.48000000e+00  1.19376541e-03  1.25525172e+00  1.63757390e+00  8.72400734e-01  1.55828988e+00  3.11872716e+01  1.42355666e+00  5.06316103e+00 
 3.50000000e-01  3.50000000e-01  1.48000000e+00  1.21974897e-03  1.25525172e+00  1.63757390e+00  8.72400734e-01  1.55828988e+00  3.11872716e+01  1.42355666e+00  5.06316103e+00 
 3.60000000e-01  3.60000000e-01  1.48000000e+00  1.24520243e-03  1.25525172e+00  1.63757390e+00  8.72400734e-01  1.55828988e+00  3.11872716e+01  1.42355666e+00  5.06316103e+00 
 3.70000000e-01  3.70000000e-01  1.48000000e+00  1.27012612e-03  1.25525172e+00  1.63757390e+00  8.72400734e-01  1.55828988e+00  3.11872716e+01  1.42355666e+00  5.06316103e+00 
 3.80000000e-01  3.80000000e-01  1.48000000e+00  1.29452059e-03  1.25525172e+00  1.63757390e+00  8.72400734e-01  1.55828988e+00  3.11872716e+01  1.42355666e+00  5.06316103e+00 
 3.90000000e-01  3.90000000e-01  1.48000000e+00  1.31838664e-03  1.25525172e+00  1.63757390e+00  8.72400734e-01  1.55828988e+00  3.11872716e+01  1.42355666e+00  5.06316103e+00 
 4.00000000e-01  4.00000000e-01  1.48000000e+00  1.34172530e-03  1.25525172e+00  1.63757390e+00  8.72400734e-01  1.55828988e+00  3.11872716e+01  1.42355666e+00  5.06316103e+00 
 4.10000000e-01  4.10000000e-01  1.48000000e+00  1.36453795e-03  1.25525172e+00  1.63757390e+00  8.72400734e-01  1.55828988e+00  3.11872716e+01  1.42355666e+00  5.06316103e+00 
 4.20000000e-01  4.20000000e-01  1.48000000e+00  1.38682623e-03  1.25525172e+00  1.63757390e+00  8.72400734e-01  1.55828988e+00  3.11872716e+01  1.42355666e+00  5.06316103e+00 
 4.30000000e-01  4.30000000e-01  1.48000000e+00  1.40859213e-03  1.25525172e+00  1.63757390e+00  8.72400734e-01  1.55828988e+00  3.11872716e+01  1.42355666e+00  5.06316103e+00 
 4.40000000e-01  4.40000000e-01  1.48000000e+00  1.42983803e-03  1.25525172e+00  1.63757390e+00  8.72400734e-01  1.55828988e+00  3.11872716e+01  1.42355666e+00  5.06316103e+00 
 4.50000000e-01  4.50000000e-01  1.48000000e+00  1.45056667e-03  1.25525172e+00  1.63757390e+00  8.72400734e-01  1.55828988e+00  3.11872716e+01  1.42355666e+00  5.06316103e+00 
 4.60000000e-01  4.60000000e-01  1.48000000e+00  1.47078119e-03  1.25525172e+00  1.63757390e+00  8.72400734e-01  1.55828988e+00  3.11872716e+01  1.42355666e+00  5.06316103e+00 
 4.70000000e-01  4.70000000e-01  1.48000000e+00  1.49048518e-03  1.25525172e+00  1.63757390e+00  8.72400734e-01  1.55828988e+00  3.11872716e+01  1.42355666e+00  5.06316103e+00 
 4.80000000e-01  4.80000000e-01  1.48000000e+00  1.50968268e-03  1.25525172e+00  1.63757390e+00  8.72400734e-01  1.55828988e+00  3.11872716e+01  1.42355666e+00  5.06316103e+00 
 4.90000000e-01  4.90000000e-01  1.48000000e+00  1.52837818e-03  1.25525172e+00  1.63757390e+00  8.72400734e-01  1.55828988e+00  3.11872716e+01  1.42355666e+00  5.06316103e+00 
 5.00000000e-01  5.00000000e-01  1.48000000e+00  1.54657666e-03  1.25525172e+00  1.63757390e+00  8.72400734e-01  1.55828988e+00  3.11872716e+01  1.42355666e+00  5.06316103e+00 
 5.10000000e-01  5.10000000e-01  1.48000000e+00  1.56428361e-03  1.25525172e+00  1.63757390e+00  8.72400734e-01  1.55828988e+00  3.11872716e+01  1.42355666e+00  5.06316103e+00 
 5.20000000e-01  5.20000000e-01  1.48000000e+00  1.58150498e-03  1.25525172e+00  1.63757390e+00  8.72400734e-01  1.55828988e+00  3.11872716e+01  1.42355666e+00  5.06316103e+00 
 5.30000000e-01  5.30000000e-01  1.48000000e+00  1.59824727e-03  1.25525172e+00  1.63757390e+00  8.72400734e-01  1.55828988e+00  3.11872716e+01  1.42355666e+00  5.06316103e+00 
 5.40000000e-01  5.40000000e-01  1.48000000e+00  1.61451744e-03  1.25525172e+00  1.63757390e+00  8.72400734e-01  1.55828988e+00  3.11872716e+01  1.42355666e+00  5.06316103e+00 
 5.50000000e-01  5.50000000e-01  1.48000000e+00  1.63032298e-03  1.25525172e+00  1.63757390e+00  8.72400734e-01  1.55828988e+00  3.11872716e+01  1.42355666e+00  5.06316103e+00 
 5.60000000e-01  5.60000000e-01  1.48000000e+00  1.64567183e-03  1.25525172e+00  1.63757390e+00  8.72400734e-01  1.55828988e+00  3.11872716e+01  1.42355666e+00  5.06316103e+00 
 5.70000000e-01  5.70000000e-01  1.48000000e+00  1.66057241e-03  1.25525172e+00  1.63757390e+00  8.72400734e-01  1.55828988e+00  3.11872716e+01  1.42355666e+00  5.06316103e+00 
 5.80000000e-01  5.80000000e-01  1.48000000e+00  1.67503359e-03  1.25525172e+00  1.63757390e+00  8.72400734e-01  1.55828988e+00  3.11872716e+01  1.42355666e+00  5.06316103e+00 
 5.90000000e-01  5.90000000e-01  1.48000000e+00  1.68906463e-03  1.25525172e+00  1.63757390e+00  8.72400734e-01  1.55828988e+00  3.11872716e+01  1.42355666e+00  5.06316103e+00 
 6.00000000e-01  6.00000000e-01  1.48000000e+00  1.70267521e-03  1.25525172e+00  1.63757390e+00  8.72400734e-01  1.55828988e+00  3.11872716e+01  1.42355666e+00  5.06316103e+00 
 6.10000000e-01  6.10000000e-01  1.48000000e+00  1.71587531e-03  1.25525172e+00  1.63757390e+00  8.72400734e-01  1.55828988e+00  3.11872716e+01  1.42355666e+00  5.06316103e+00 
 6.20000000e-01  6.20000000e-01  1.48000000e+00  1.72867527e-03  1.25525172e+00  1.63757390e+00  8.72400734e-01  1.55828988e+00  3.11872716e+01  1.42355666e+00  5.06316103e+00 
 6.30000000e-01  6.30000000e-01  1.48000000e+00  1.74108564e-03  1.25525172e+00  1.63757390e+00  8.72400734e-01  1.55828988e+00  3.11872716e+01  1.42355666e+00  5.06316103e+00 
 6.40000000e-01  6.40000000e-01  1.48000000e+00  1.75311723e-03  1.25525172e+00  1.63757390e+00  8.72400734e-01  1.55828988e+00  3.11872716e+01  1.42355666e+00  5.06316103e+00 
 6.50000000e-01  6.50000000e-01  1.48000000e+00  1.76478102e-03  1.25525172e+00  1.63757390e+00  8.72400734e-01  1.55828988e+00  3.11872716e+01  1.42355666e+00  5.06316103e+00 
 6.60000000e-01  6.60000000e-01  1.48000000e+00  1.77608808e-03  1.25525172e+00  1.63757390e+00  8.72400734e-01  1.55828988e+00  3.11872716e+01  1.42355666e+00  5.06316103e+00 
 6.70000000e-01  6.70000000e-01  1.48000000e+00  1.78704962e-03  1.25525172e+00  1.63757390e+00  8.72400734e-01  1.55828988e+00  3.11872716e+01  1.42355666e+00  5.06316103e+00 
 6.80000000e-01  6.80000000e-01  1.48000000e+00  1.79767683e-03  1.25525172e+00  1.63757390e+00  8.72400734e-01  1.55828988e+00  3.11872716e+01  1.42355666e+00  5.06316103e+00 
 6.90000000e-01  6.90000000e-01  1.48000000e+00  1.80798092e-03  1.25525172e+00  1.63757390e+00  8.72400734e-01  1.55828988e+00  3.11872716e+01  1.42355666e+00  5.06316103e+00 
 7.00000000e-01  7.00000000e-01  1.48000000e+00  1.81797304e-03  1.25525172e+00  1.63757390e+00  8.72400734e-01  1.55828988e+00  3.11872716e+01  1.42355666e+00  5.06316103e+00 
 7.10000000e-01  7.10000000e-01  1.48000000e+00  1.82766425e-03  1.25525172e+00  1.63757390e+00  8.72400734e-01  1.55828988e+00  3.11872716e+01  1.42355666e+00  5.06316103e+00 
 7.20000000e-01  7.20000000e-01  1.48000000e+00  1.83706549e-03  1.25525172e+00  1.63757390e+00  8.72400734e-01  1.55828988e+00  3.11872716e+01  1.42355666e+00  5.06316103e+00 
 7.30000000e-01  7.30000000e-01  1.48000000e+00  1.84618752e-03  1.25525172e+00  1.63757390e+00  8.72400734e-01  1.55828988e+00  3.11872716e+01  1.42355666e+00  5.06316103e+00 
 7.40000000e-01  7.40000000e-01  1.48000000e+00  1.85504092e-03  1.25525172e+00  1.63757390e+00  8.72400734e-01  1.55828988e+00  3.11872716e+01  1.42355666e+00  5.06316103e+00 
 7.50000000e-01  7.50000000e-01  1.48000000e+00  1.86363605e-03  1.25525172e+00  1.63757390e+00  8.72400734e-01  1.55828988e+00  3.11872716e+01  1.42355666e+00  5.06316103e+00 
 7.60000000e-01  7.60000000e-01  1.48000000e+00  1.87198304e-03  1.25525172e+00  1.63757390e+00  8.72400734e-01  1.55828988e+00  3.11872716e+01  1.42355666e+00  5.06316103e+00 
 7.70000000e-01  7.70000000e-01  1.48000000e+00  1.88009175e-03  1.25525172e+00  1.63757390e+00  8.72400734e-01  1.55828988e+00  3.11872716e+01  1.42355666e+00  5.06316103e+00 
 7.80000000e-01  7.80000000e-01  1.48000000e+00  1.88797176e-03  1.25525172e+00  1.63757390e+00  8.72400734e-01  1.55828988e+00  3.11872716e+01  1.42355666e+00  5.06316103e+00 
 7.90000000e-01  7.90000000e-01  1.48000000e+00  1.89563238e-03  1.25525172e+00  1.63757390e+00  8.72400734e-01  1.55828988e+00  3.11872716e+01  1.42355666e+00  5.06316103e+00 
 8.00000000e-01  8.00000000e-01  1.48000000e+00  1.90308260e-03  1.25525172e+00  1.63757390e+00  8.72400734e-01  1.55828988e+00  3.11872716e+01  1.42355666e+00  5.06316103e+00 
 8.10000000e-01  8.10000000e-01  1.48000000e+00  1.91033112e-03  1.25525172e+00  1.63757390e+00  8.72400734e-01  1.55828988e+00  3.11872716e+01  1.42355666e+00  5.06316103e+00 
 8.20000000e-01  8.20000000e-01  1.48000000e+00  1.91738633e-03  1.25525172e+00  1.63757390e+00  8.72400734e-01  1.55828988e+00  3.11872716e+01  1.42355666e+00  5.06316103e+00 
 8.30000000e-01  8.30000000e-01  1.48000000e+00  1.92425631e-03  1.25525172e+00  1.63757390e+00  8.72400734e-01  1.55828988e+00  3.11872716e+01  1.42355666e+00  5.06316103e+00 
 8.40000000e-01  8.40000000e-01  1.48000000e+00  1.93094884e-03  1.25525172e+00  1.63757390e+00  8.72400734e-01  1.55828988e+00  3.11872716e+01  1.42355666e+00  5.06316103e+00 
 8.50000000e-01  8.50000000e-01  1.48000000e+00  1.93747137e-03  1.25525172e+00  1.63757390e+00  8.72400734e-01  1.55828988e+00  3.11872716e+01  1.42355666e+00  5.06316103e+00 
 8.60000000e-01  8.60000000e-01  1.48000000e+00  1.94383107e-03  1.25525172e+00  1.63757390e+00  8.72400734e-01  1.55828988e+00  3.11872716e+01  1.42355666e+00  5.06316103e+00 
 8.70000000e-01  8.70000000e-01  1.48000000e+00  1.95003481e-03  1.25525172e+00  1.63757390e+00  8.72400734e-01  1.55828988e+00  3.11872716e+01  1.42355666e+00  5.06316103e+00 
 8.80000000e-01  8.80000000e-01  1.48000000e+00  1.95608914e-03  1.25525172e+00  1.63757390e+00  8.72400734e-01  1.55828988e+00  3.11872716e+01  1.42355666e+00  5.06316103e+00 
 8.90000000e-01  8.90000000e-01  1.48000000e+00  1.96200037e-03  1.25525172e+00  1.63757390e+00  8.72400734e-01  1.55828988e+00  3.11872716e+01  1.42355666e+00  5.06316103e+00 
 9.00000000e-01  9.00000000e-01  1.48000000e+00  1.96777450e-03  1.25525172e+00  1.63757390e+00  8.72400734e-01  1.55828988e+00  3.11872716e+01  1.42355666e+00  5.06316103e+00 
 9.10000000e-01  9.10000000e-01  1.48000000e+00  1.97341727e-03  1.25525172e+00  1.63757390e+00  8.72400734e-01  1.55828988e+00  3.11872716e+01  1.42355666e+00  5.06316103e+00 
 9.20000000e-01  9.20000000e-01  1.48000000e+00  1.97893416e-03  1.25525172e+00  1.63757390e+00  8.72400734e-01  1.55828988e+00  3.11872716e+01  1.42355666e+00  5.06316103e+00 
 9.30000000e-01  9.30000000e-01  1.48000000e+00  1.98433042e-03  1.25525172e+00  1.63757390e+00  8.72400734e-01  1.55828988e+00  3.11872716e+01  1.42355666e+00  5.06316103e+00 
 9.40000000e-01  9.40000000e-01  1.48000000e+00  1.98961102e-03  1.25525172e+00  1.63757390e+00  8.72400734e-01  1.55828988e+00  3.11872716e+01  1.42355666e+00  5.06316103e+00 
 9.50000000e-01  9.50000000e-01  1.48000000e+00  1.99478074e-03  1.25525172e+00  1.63757390e+00  8.72400734e-01  1.55828988e+00  3.11872716e+01  1.42355666e+00  5.06316103e+00 
 9.60000000e-01  9.60000000e-01  1.48000000e+00  1.99984411e-03  1.25525172e+00  1.63757390e+00  8.72400734e-01  1.55828988e+00  3.11872716e+01  1.42355666e+00  5.06316103e+00 
 9.70000000e-01  9.70000000e-01  1.48000000e+00  2.00480546e-03  1.25525172e+00  1.63757390e+00  8.72400734e-01  1.55828988e+00  3.11872716e+01  1.42355666e+00  5.06316103e+00 
 9.80000000e-01  9.80000000e-01  1.48000000e+00  2.00966892e-03  1.25525172e+00  1.63757390e+00  8.72400734e-01  1.55828988e+00  3.11872716e+01  1.42355666e+00  5.06316103e+00 
 9.90000000e-01  9.90000000e-01  1.48000000e+00  2.01443842e-03  1.25525172e+00  1.63757390e+00  8.72400734e-01  1.55828988e+00  3.11872716e+01  1.42355666e+00  5.06316103e+00 
 1.00000000e+00  1.00000000e+00  1.48000000e+00  2.01911769e-03  1.25525172e+00  1.63757390e+00  8.72400734e-01  1.55828988e+00  3.11872716e+01  1.42355666e+00  5.06316103e+00 
 1.01000000e+00  1.01000000e+00  1.48000000e+00  2.02371032e-03  1.25525172e+00  1.63757390e+00  8.72400734e-01  1.55828988e+00  3.11872716e+01  1.42355666e+00  5.06316103e+00 
 1.02000000e+00  1.02000000e+00  1.48000000e+00  2.02821970e-03  1.25525172e+00  1.63757390e+00  8.72400734e-01  1.55828988e+00  3.11872716e+01  1.42355666e+00  5.06316103e+00 
 1.03000000e+00  1.03000000e+00  1.48000000e+00  2.03264908e-03  1.25525172e+00  1.63757390e+00  8.72400734e-01  1.55828988e+00  3.11872716e+01  1.42355666e+00  5.06316103e+00 
 1.04000000e+00  1.04000000e+00  1.48000000e+00  2.03700154e-03  1.25525172e+00  1.63757390e+00  8.72400734e-01  1.55828988e+00  3.11872716e+01  1.42355666e+00  5.06316103e+00 
 1.05000000e+00  1.05000000e+00  1.48000000e+00  2.04128003e-03  1.25525172e+00  1.63757390e+00  8.72400734e-01  1.55828988e+00  3.11872716e+01  1.42355666e+00  5.06316103e+00 
 1.06000000e+00  1.06000000e+00  1.48000000e+00  2.04548736e-03  1.25525172e+00  1.63757390e+00  8.72400734e-01  1.55828988e+00  3.11872716e+01  1.42355666e+00  5.06316103e+00 
 1.07000000e+00  1.07000000e+00  1.48000000e+00  2.04962620e-03  1.25525172e+00  1.63757390e+00  8.72400734e-01  1.55828988e+00  3.11872716e+01  1.42355666e+00  5.06316103e+00 
 1.08000000e+00  1.08000000e+00  1.48000000e+00  2.05369911e-03  1.25525172e+00  1.63757390e+00  8.72400734e-01  1.55828988e+00  3.11872716e+01  1.42355666e+00  5.06316103e+00 
 1.09000000e+00  1.09000000e+00  1.48000000e+00  2.05770852e-03  1.25525172e+00  1.63757390e+00  8.72400734e-01  1.55828988e+00  3.11872716e+01  1.42355666e+00  5.06316103e+00 
 1.10000000e+00  1.10000000e+00  1.48000000e+00  2.06165675e-03  1.25525172e+00  1.63757390e+00  8.72400734e-01  1.55828988e+00  3.11872716e+01  1.42355666e+00  5.06316103e+00 
 1.11000000e+00  1.11000000e+00  1.48000000e+00  2.06554603e-03  1.25525172e+00  1.63757390e+00  8.72400734e-01  1.55828988e+00  3.11872716e+01  1.42355666e+00  5.06316103e+00 
 1.12000000e+00  1.12000000e+00  1.48000000e+00  2.06937847e-03  1.25525172e+00  1.63757390e+00  8.72400734e-01  1.55828988e+00  3.11872716e+01  1.42355666e+00  5.06316103e+00 
 1.13000000e+00  1.13000000e+00  1.48000000e+00  2.07315608e-03  1.25525172e+00  1.63757390e+00  8.72400734e-01  1.55828988e+00  3.11872716e+01  1.42355666e+00  5.06316103e+00 
 1.14000000e+00  1.14000000e+00  1.48000000e+00  2.07688081e-03  1.25525172e+00  1.63757390e+00  8.72400734e-01  1.55828988e+00  3.11872716e+01  1.42355666e+00  5.06316103e+00 
 1.15000000e+00  1.15000000e+00  1.48000000e+00  2.08055449e-03  1.25525172e+00  1.63757390e+00  8.72400734e-01  1.55828988e+00  3.11872716e+01  1.42355666e+00  5.06316103e+00 
 1.16000000e+00  1.16000000e+00  1.48000000e+00  2.08417888e-03  1.25525172e+00  1.63757390e+00  8.72400734e-01  1.55828988e+00  3.11872716e+01  1.42355666e+00  5.06316103e+00 
 1.17000000e+00  1.17000000e+00  1.48000000e+00  2.08775568e-03  1.25525172e+00  1.63757390e+00  8.72400734e-01  1.55828988e+00  3.11872716e+01  1.42355666e+00  5.06316103e+00 
 1.18000000e+00  1.18000000e+00  1.48000000e+00  2.09128648e-03  1.25525172e+00  1.63757390e+00  8.72400734e-01  1.55828988e+00  3.11872716e+01  1.42355666e+00  5.06316103e+00 
 1.19000000e+00  1.19000000e+00  1.48000000e+00  2.09477284e-03  1.25525172e+00  1.63757390e+00  8.72400734e-01  1.55828988e+00  3.11872716e+01  1.42355666e+00  5.06316103e+00 
 1.20000000e+00  1.20000000e+00  1.48000000e+00  2.09821622e-03  1.25525172e+00  1.63757390e+00  8.72400734e-01  1.55828988e+00  3.11872716e+01  1.42355666e+00  5.06316103e+00 
 1.21000000e+00  1.21000000e+00  1.48000000e+00  2.10161804e-03  1.25525172e+00  1.63757390e+00  8.72400734e-01  1.55828988e+00  3.11872716e+01  1.42355666e+00  5.06316103e+00 
 1.22000000e+00  1.22000000e+00  1.48000000e+00  2.10497965e-03  1.25525172e+00  1.63757390e+00  8.72400734e-01  1.55828988e+00  3.11872716e+01  1.42355666e+00  5.06316103e+00 
 1.23000000e+00  1.23000000e+00  1.48000000e+00  2.10830233e-03  1.25525172e+00  1.63757390e+00  8.72400734e-01  1.55828988e+00  3.11872716e+01  1.42355666e+00  5.06316103e+00 
 1.24000000e+00  1.24000000e+00  1.48000000e+00  2.11158734e-03  1.25525172e+00  1.63757390e+00  8.72400734e-01  1.55828988e+00  3.11872716e+01  1.42355666e+00  5.06316103e+00 
 1.25000000e+00  1.25000000e+00  1.48000000e+00  2.11483586e-03  1.25525172e+00  1.63757390e+00  8.72400734e-01  1.55828988e+00  3.11872716e+01  1.42355666e+00  5.06316103e+00 
 1.26000000e+00  1.26000000e+00  1.48000000e+00  2.11804903e-03  1.25525172e+00  1.63757390e+00  8.72400734e-01  1.55828988e+00  3.11872716e+01  1.42355666e+00  5.06316103e+00 
 1.27000000e+00  1.27000000e+00  1.48000000e+00  2.12122795e-03  1.25525172e+00  1.63757390e+00  8.72400734e-01  1.55828988e+00  3.11872716e+01  1.42355666e+00  5.06316103e+00 
 1.28000000e+00  1.28000000e+00  1.48000000e+00  2.12437365e-03  1.25525172e+00  1.63757390e+00  8.72400734e-01  1.55828988e+00  3.11872716e+01  1.42355666e+00  5.06316103e+00 
 1.29000000e+00  1.29000000e+00  1.48000000e+00  2.12748715e-03  1.25525172e+00  1.63757390e+00  8.72400734e-01  1.55828988e+00  3.11872716e+01  1.42355666e+00  5.06316103e+00 
 1.30000000e+00  1.30000000e+00  1.48000000e+00  2.13056941e-03  1.25525172e+00  1.63757390e+00  8.72400734e-01  1.55828988e+00  3.11872716e+01  1.42355666e+00  5.06316103e+00 
 1.31000000e+00  1.31000000e+00  1.48000000e+00  2.13362137e-03  1.25525172e+00  1.63757390e+00  8.72400734e-01  1.55828988e+00  3.11872716e+01  1.42355666e+00  5.06316103e+00 
 1.32000000e+00  1.32000000e+00  1.48000000e+00  2.13664391e-03  1.25525172e+00  1.63757390e+00  8.72400734e-01  1.55828988e+00  3.11872716e+01  1.42355666e+00  5.06316103e+00 
 1.33000000e+00  1.33000000e+00  1.48000000e+00  2.13963789e-03  1.25525172e+00  1.63757390e+00  8.72400734e-01  1.55828988e+00  3.11872716e+01  1.42355666e+00  5.06316103e+00 
 1.34000000e+00  1.34000000e+00  1.48000000e+00  2.14260413e-03  1.25525172e+00  1.63757390e+00  8.72400734e-01  1.55828988e+00  3.11872716e+01  1.42355666e+00  5.06316103e+00 
 1.35000000e+00  1.35000000e+00  1.48000000e+00  2.14554343e-03  1.25525172e+00  1.63757390e+00  8.72400734e-01  1.55828988e+00  3.11872716e+01  1.42355666e+00  5.06316103e+00 
 1.36000000e+00  1.36000000e+00  1.48000000e+00  2.14845654e-03  1.25525172e+00  1.63757390e+00  8.72400734e-01  1.55828988e+00  3.11872716e+01  1.42355666e+00  5.06316103e+00 
 1.37000000e+00  1.37000000e+00  1.48000000e+00  2.15134421e-03  1.25525172e+00  1.63757390e+00  8.72400734e-01  1.55828988e+00  3.11872716e+01  1.42355666e+00  5.06316103e+00 
 1.38000000e+00  1.38000000e+00  1.48000000e+00  2.15420713e-03  1.25525172e+00  1.63757390e+00  8.72400734e-01  1.55828988e+00  3.11872716e+01  1.42355666e+00  5.06316103e+00 
 1.39000000e+00  1.39000000e+00  1.48000000e+00  2.15704599e-03  1.25525172e+00  1.63757390e+00  8.72400734e-01  1.55828988e+00  3.11872716e+01  1.42355666e+00  5.06316103e+00 
 1.40000000e+00  1.40000000e+00  1.48000000e+00  2.15986145e-03  1.25525172e+00  1.63757390e+00  8.72400734e-01  1.55828988e+00  3.11872716e+01  1.42355666e+00  5.06316103e+00 
 1.41000000e+00  1.41000000e+00  1.48000000e+00  2.16265412e-03  1.25525172e+00  1.63757390e+00  8.72400734e-01  1.55828988e+00  3.11872716e+01  1.42355666e+00  5.06316103e+00 
 1.42000000e+00  1.42000000e+00  1.48000000e+00  2.16542463e-03  1.25525172e+00  1.63757390e+00  8.72400734e-01  1.55828988e+00  3.11872716e+01  1.42355666e+00  5.06316103e+00 
 1.43000000e+00  1.43000000e+00  1.48000000e+00  2.16817355e-03  1.25525172e+00  1.63757390e+00  8.72400734e-01  1.55828988e+00  3.11872716e+01  1.42355666e+00  5.06316103e+00 
 1.44000000e+00  1.44000000e+00  1.48000000e+00  2.17090145e-03  1.25525172e+00  1.63757390e+00  8.72400734e-01  1.55828988e+00  3.11872716e+01  1.42355666e+00  5.06316103e+00 
 1.45000000e+00  1.45000000e+00  1.48000000e+00  2.17360889e-03  1.25525172e+00  1.63757390e+00  8.72400734e-01  1.55828988e+00  3.11872716e+01  1.42355666e+00  5.06316103e+00 
 1.46000000e+00  1.46000000e+00  1.48000000e+00  2.17629638e-03  1.25525172e+00  1.63757390e+00  8.72400734e-01  1.55828988e+00  3.11872716e+01  1.42355666e+00  5.06316103e+00 
 1.47000000e+00  1.47000000e+00  1.48000000e+00  2.17896443e-03  1.25525172e+00  1.63757390e+00  8.72400734e-01  1.55828988e+00  3.11872716e+01  1.42355666e+00  5.06316103e+00 
 1.48000000e+00  1.48000000e+00  1.48000000e+00  2.18161354e-03  1.25525172e+00  1.63757390e+00  8.72400734e-01  1.55828988e+00  3.11872716e+01  1.42355666e+00  5.06316103e+00 
 1.49000000e+00  1.49000000e+00  1.48000000e+00  2.18424417e-03  1.25525172e+00  1.63757390e+00  8.72400734e-01  1.55828988e+00  3.11872716e+01  1.42355666e+00  5.06316103e+00 
 1.50000000e+00  1.50000000e+00  1.48000000e+00  2.18685679e-03  1.25525172e+00  1.63757390e+00  8.72400734e-01  1.55828988e+00  3.11872716e+01  1.42355666e+00  5.06316103e+00 
 1.51000000e+00  1.51000000e+00  1.48000000e+00  2.18945185e-03  1.25525172e+00  1.63757390e+00  8.72400734e-01  1.55828988e+00  3.11872716e+01  1.42355666e+00  5.06316103e+00 
 1.52000000e+00  1.52000000e+00  1.48000000e+00  2.19202975e-03  1.25525172e+00  1.63757390e+00  8.72400734e-01  1.55828988e+00  3.11872716e+01  1.42355666e+00  5.06316103e+00 
 1.53000000e+00  1.53000000e+00  1.48000000e+00  2.19459093e-03  1.25525172e+00  1.63757390e+00  8.72400734e-01  1.55828988e+00  3.11872716e+01  1.42355666e+00  5.06316103e+00 
 1.54000000e+00  1.54000000e+00  1.48000000e+00  2.19713579e-03  1.25525172e+00  1.63757390e+00  8.72400734e-01  1.55828988e+00  3.11872716e+01  1.42355666e+00  5.06316103e+00 
 1.55000000e+00  1.55000000e+00  1.48000000e+00  2.19966470e-03  1.25525172e+00  1.63757390e+00  8.72400734e-01  1.55828988e+00  3.11872716e+01  1.42355666e+00  5.06316103e+00 
 1.56000000e+00  1.56000000e+00  1.48000000e+00  2.20217804e-03  1.25525172e+00  1.63757390e+00  8.72400734e-01  1.55828988e+00  3.11872716e+01  1.42355666e+00  5.06316103e+00 
 1.57000000e+00  1.57000000e+00  1.48000000e+00  2.20467619e-03  1.25525172e+00  1.63757390e+00  8.72400734e-01  1.55828988e+00  3.11872716e+01  1.42355666e+00  5.06316103e+00 
 1.58000000e+00  1.58000000e+00  1.48000000e+00  2.20715948e-03  1.25525172e+00  1.63757390e+00  8.72400734e-01  1.55828988e+00  3.11872716e+01  1.42355666e+00  5.06316103e+00 
 1.59000000e+00  1.59000000e+00  1.48000000e+00  2.20962826e-03  1.25525172e+00  1.63757390e+00  8.72400734e-01  1.55828988e+00  3.11872716e+01  1.42355666e+00  5.06316103e+00 
 1.60000000e+00  1.60000000e+00  1.48000000e+00  2.21208286e-03  1.25525172e+00  1.63757390e+00  8.72400734e-01  1.55828988e+00  3.11872716e+01  1.42355666e+00  5.06316103e+00 
 1.61000000e+00  1.61000000e+00  1.48000000e+00  2.21452359e-03  1.25525172e+00  1.63757390e+00  8.72400734e-01  1.55828988e+00  3.11872716e+01  1.42355666e+00  5.06316103e+00 
 1.62000000e+00  1.62000000e+00  1.48000000e+00  2.21695078e-03  1.25525172e+00  1.63757390e+00  8.72400734e-01  1.55828988e+00  3.11872716e+01  1.42355666e+00  5.06316103e+00 
 1.63000000e+00  1.63000000e+00  1.48000000e+00  2.21936472e-03  1.25525172e+00  1.63757390e+00  8.72400734e-01  1.55828988e+00  3.11872716e+01  1.42355666e+00  5.06316103e+00 
 1.64000000e+00  1.64000000e+00  1.48000000e+00  2.22176569e-03  1.25525172e+00  1.63757390e+00  8.72400734e-01  1.55828988e+00  3.11872716e+01  1.42355666e+00  5.06316103e+00 
 1.65000000e+00  1.65000000e+00  1.48000000e+00  2.22415399e-03  1.25525172e+00  1.63757390e+00  8.72400734e-01  1.55828988e+00  3.11872716e+01  1.42355666e+00  5.06316103e+00 
 1.66000000e+00  1.66000000e+00  1.48000000e+00  2.22652989e-03  1.25525172e+00  1.63757390e+00  8.72400734e-01  1.55828988e+00  3.11872716e+01  1.42355666e+00  5.06316103e+00 
 1.67000000e+00  1.67000000e+00  1.48000000e+00  2.22889365e-03  1.25525172e+00  1.63757390e+00  8.72400734e-01  1.55828988e+00  3.11872716e+01  1.42355666e+00  5.06316103e+00 
 1.68000000e+00  1.68000000e+00  1.48000000e+00  2.23124554e-03  1.25525172e+00  1.63757390e+00  8.72400734e-01  1.55828988e+00  3.11872716e+01  1.42355666e+00  5.06316103e+00 
 1.69000000e+00  1.69000000e+00  1.48000000e+00  2.23358579e-03  1.25525172e+00  1.63757390e+00  8.72400734e-01  1.55828988e+00  3.11872716e+01  1.42355666e+00  5.06316103e+00 
 1.70000000e+00  1.70000000e+00  1.48000000e+00  2.23591467e-03  1.25525172e+00  1.63757390e+00  8.72400734e-01  1.55828988e+00  3.11872716e+01  1.42355666e+00  5.06316103e+00 
 1.71000000e+00  1.71000000e+00  1.48000000e+00  2.23823240e-03  1.25525172e+00  1.63757390e+00  8.72400734e-01  1.55828988e+00  3.11872716e+01  1.42355666e+00  5.06316103e+00 
 1.72000000e+00  1.72000000e+00  1.48000000e+00  2.24053921e-03  1.25525172e+00  1.63757390e+00  8.72400734e-01  1.55828988e+00  3.11872716e+01  1.42355666e+00  5.06316103e+00 
 1.73000000e+00  1.73000000e+00  1.48000000e+00  2.24283534e-03  1.25525172e+00  1.63757390e+00  8.72400734e-01  1.55828988e+00  3.11872716e+01  1.42355666e+00  5.06316103e+00 
 1.74000000e+00  1.74000000e+00  1.48000000e+00  2.24512099e-03  1.25525172e+00  1.63757390e+00  8.72400734e-01  1.55828988e+00  3.11872716e+01  1.42355666e+00  5.06316103e+00 
 1.75000000e+00  1.75000000e+00  1.48000000e+00  2.24739638e-03  1.25525172e+00  1.63757390e+00  8.72400734e-01  1.55828988e+00  3.11872716e+01  1.42355666e+00  5.06316103e+00 
 1.76000000e+00  1.76000000e+00  1.48000000e+00  2.24966172e-03  1.25525172e+00  1.63757390e+00  8.72400734e-01  1.55828988e+00  3.11872716e+01  1.42355666e+00  5.06316103e+00 
 1.77000000e+00  1.77000000e+00  1.48000000e+00  2.25191720e-03  1.25525172e+00  1.63757390e+00  8.72400734e-01  1.55828988e+00  3.11872716e+01  1.42355666e+00  5.06316103e+00 
 1.78000000e+00  1.78000000e+00  1.48000000e+00  2.25416303e-03  1.25525172e+00  1.63757390e+00  8.72400734e-01  1.55828988e+00  3.11872716e+01  1.42355666e+00  5.06316103e+00 
 1.79000000e+00  1.79000000e+00  1.48000000e+00  2.25639939e-03  1.25525172e+00  1.63757390e+00  8.72400734e-01  1.55828988e+00  3.11872716e+01  1.42355666e+00  5.06316103e+00 
 1.80000000e+00  1.80000000e+00  1.48000000e+00  2.25862647e-03  1.25525172e+00  1.63757390e+00  8.72400734e-01  1.55828988e+00  3.11872716e+01  1.42355666e+00  5.06316103e+00 
 1.81000000e+00  1.81000000e+00  1.48000000e+00  2.26084445e-03  1.25525172e+00  1.63757390e+00  8.72400734e-01  1.55828988e+00  3.11872716e+01  1.42355666e+00  5.06316103e+00 
 1.82000000e+00  1.82000000e+00  1.48000000e+00  2.26305351e-03  1.25525172e+00  1.63757390e+00  8.72400734e-01  1.55828988e+00  3.11872716e+01  1.42355666e+00  5.06316103e+00 
 1.83000000e+00  1.83000000e+00  1.48000000e+00  2.26525382e-03  1.25525172e+00  1.63757390e+00  8.72400734e-01  1.55828988e+00  3.11872716e+01  1.42355666e+00  5.06316103e+00 
 1.84000000e+00  1.84000000e+00  1.48000000e+00  2.26744556e-03  1.25525172e+00  1.63757390e+00  8.72400734e-01  1.55828988e+00  3.11872716e+01  1.42355666e+00  5.06316103e+00 
 1.85000000e+00  1.85000000e+00  1.48000000e+00  2.26962887e-03  1.25525172e+00  1.63757390e+00  8.72400734e-01  1.55828988e+00  3.11872716e+01  1.42355666e+00  5.06316103e+00 
