 0.00000000e+00  0.00000000e+00  1.48000000e+00 -6.15483516e-20  1.32187228e+00  1.78475611e+00  9.90968141e-01  1.77655365e+00  3.25755731e+01  1.38798701e+00  5.71012774e+00 
 1.00000000e-02  1.00000000e-02  1.48000000e+00  4.46927265e-05  1.32187228e+00  1.78475611e+00  9.90968141e-01  1.77655365e+00  3.25755731e+01  1.38798701e+00  5.71012774e+00 
 2.00000000e-02  2.00000000e-02  1.48000000e+00  8.88952995e-05  1.32187228e+00  1.78475611e+00  9.90968141e-01  1.77655365e+00  3.25755731e+01  1.38798701e+00  5.71012774e+00 
 3.00000000e-02  3.00000000e-02  1.48000000e+00  1.32605598e-04  1.32187228e+00  1.78475611e+00  9.90968141e-01  1.77655365e+00  3.25755731e+01  1.38798701e+00  5.71012774e+00 
 4.00000000e-02  4.00000000e-02  1.48000000e+00  1.75821492e-04  1.32187228e+00  1.78475611e+00  9.90968141e-01  1.77655365e+00  3.25755731e+01  1.38798701e+00  5.71012774e+00 
 5.00000000e-02  5.00000000e-02  1.48000000e+00  2.18540843e-04  1.32187228e+00  1.78475611e+00  9.90968141e-01  1.77655365e+00  3.25755731e+01  1.38798701e+00  5.71012774e+00 
 6.00000000e-02  6.00000000e-02  1.48000000e+00  2.60761504e-04  1.32187228e+00  1.78475611e+00  9.90968141e-01  1.77655365e+00  3.25755731e+01  1.38798701e+00  5.71012774e+00 
 7.00000000e-02  7.00000000e-02  1.48000000e+00  3.02481323e-04  1.32187228e+00  1.78475611e+00  9.90968141e-01  1.77655365e+00  3.25755731e+01  1.38798701e+00  5.71012774e+00 
 8.00000000e-02  8.00000000e-02  1.48000000e+00  3.43698140e-04  1.32187228e+00  1.78475611e+00  9.90968141e-01  1.77655365e+00  3.25755731e+01  1.38798701e+00  5.71012774e+00 
 9.00000000e-02  9.00000000e-02  1.48000000e+00  3.84409792e-04  1.32187228e+00  1.78475611e+00  9.90968141e-01  1.77655365e+00  3.25755731e+01  1.38798701e+00  5.71012774e+00 
 1.00000000e-01  1.00000000e-01  1.48000000e+00  4.24614113e-04  1.32187228e+00  1.78475611e+00  9.90968141e-01  1.77655365e+00  3.25755731e+01  1.38798701e+00  5.71012774e+00 
 1.10000000e-01  1.10000000e-01  1.48000000e+00  4.64308935e-04  1.32187228e+00  1.78475611e+00  9.90968141e-01  1.77655365e+00  3.25755731e+01  1.38798701e+00  5.71012774e+00 
 1.20000000e-01  1.20000000e-01  1.48000000e+00  5.03492091e-04  1.32187228e+00  1.78475611e+00  9.90968141e-01  1.77655365e+00  3.25755731e+01  1.38798701e+00  5.71012774e+00 
 1.30000000e-01  1.30000000e-01  1.48000000e+00  5.42161417e-04  1.32187228e+00  1.78475611e+00  9.90968141e-01  1.77655365e+00  3.25755731e+01  1.38798701e+00  5.71012774e+00 
 1.40000000e-01  1.40000000e-01  1.48000000e+00  5.80314756e-04  1.32187228e+00  1.78475611e+00  9.90968141e-01  1.77655365e+00  3.25755731e+01  1.38798701e+00  5.71012774e+00 
 1.50000000e-01  1.50000000e-01  1.48000000e+00  6.17949958e-04  1.32187228e+00  1.78475611e+00  9.90968141e-01  1.77655365e+00  3.25755731e+01  1.38798701e+00  5.71012774e+00 
 1.60000000e-01  1.60000000e-01  1.48000000e+00  6.55064886e-04  1.32187228e+00  1.78475611e+00  9.90968141e-01  1.77655365e+00  3.25755731e+01  1.38798701e+00  5.71012774e+00 
 1.70000000e-01  1.70000000e-01  1.48000000e+00  6.91657418e-04  1.32187228e+00  1.78475611e+00  9.90968141e-01  1.77655365e+00  3.25755731e+01  1.38798701e+00  5.71012774e+00 
 1.80000000e-01  1.80000000e-01  1.48000000e+00  7.27725455e-04  1.32187228e+00  1.78475611e+00  9.90968141e-01  1.77655365e+00  3.25755731e+01  1.38798701e+00  5.71012774e+00 
 1.90000000e-01  1.90000000e-01  1.48000000e+00  7.63266921e-04  1.32187228e+00  1.78475611e+00  9.90968141e-01  1.77655365e+00  3.25755731e+01  1.38798701e+00  5.71012774e+00 
 2.00000000e-01  2.00000000e-01  1.48000000e+00  7.98279773e-04  1.32187228e+00  1.78475611e+00  9.90968141e-01  1.77655365e+00  3.25755731e+01  1.38798701e+00  5.71012774e+00 
 2.10000000e-01  2.10000000e-01  1.48000000e+00  8.32762004e-04  1.32187228e+00  1.78475611e+00  9.90968141e-01  1.77655365e+00  3.25755731e+01  1.38798701e+00  5.71012774e+00 
 2.20000000e-01  2.20000000e-01  1.48000000e+00  8.66711654e-04  1.32187228e+00  1.78475611e+00  9.90968141e-01  1.77655365e+00  3.25755731e+01  1.38798701e+00  5.71012774e+00 
 2.30000000e-01  2.30000000e-01  1.48000000e+00  9.00126814e-04  1.32187228e+00  1.78475611e+00  9.90968141e-01  1.77655365e+00  3.25755731e+01  1.38798701e+00  5.71012774e+00 
 2.40000000e-01  2.40000000e-01  1.48000000e+00  9.33005636e-04  1.32187228e+00  1.78475611e+00  9.90968141e-01  1.77655365e+00  3.25755731e+01  1.38798701e+00  5.71012774e+00 
 2.50000000e-01  2.50000000e-01  1.48000000e+00  9.65346344e-04  1.32187228e+00  1.78475611e+00  9.90968141e-01  1.77655365e+00  3.25755731e+01  1.38798701e+00  5.71012774e+00 
 2.60000000e-01  2.60000000e-01  1.48000000e+00  9.97147242e-04  1.32187228e+00  1.78475611e+00  9.90968141e-01  1.77655365e+00  3.25755731e+01  1.38798701e+00  5.71012774e+00 
 2.70000000e-01  2.70000000e-01  1.48000000e+00  1.02840673e-03  1.32187228e+00  1.78475611e+00  9.90968141e-01  1.77655365e+00  3.25755731e+01  1.38798701e+00  5.71012774e+00 
 2.80000000e-01  2.80000000e-01  1.48000000e+00  1.05912331e-03  1.32187228e+00  1.78475611e+00  9.90968141e-01  1.77655365e+00  3.25755731e+01  1.38798701e+00  5.71012774e+00 
 2.90000000e-01  2.90000000e-01  1.48000000e+00  1.08929562e-03  1.32187228e+00  1.78475611e+00  9.90968141e-01  1.77655365e+00  3.25755731e+01  1.38798701e+00  5.71012774e+00 
 3.00000000e-01  3.00000000e-01  1.48000000e+00  1.11892241e-03  1.32187228e+00  1.78475611e+00  9.90968141e-01  1.77655365e+00  3.25755731e+01  1.38798701e+00  5.71012774e+00 
 3.10000000e-01  3.10000000e-01  1.48000000e+00  1.14800259e-03  1.32187228e+00  1.78475611e+00  9.90968141e-01  1.77655365e+00  3.25755731e+01  1.38798701e+00  5.71012774e+00 
 3.20000000e-01  3.20000000e-01  1.48000000e+00  1.17653526e-03  1.32187228e+00  1.78475611e+00  9.90968141e-01  1.77655365e+00  3.25755731e+01  1.38798701e+00  5.71012774e+00 
 3.30000000e-01  3.30000000e-01  1.48000000e+00  1.20451969e-03  1.32187228e+00  1.78475611e+00  9.90968141e-01  1.77655365e+00  3.25755731e+01  1.38798701e+00  5.71012774e+00 
 3.40000000e-01  3.40000000e-01  1.48000000e+00  1.23195535e-03  1.32187228e+00  1.78475611e+00  9.90968141e-01  1.77655365e+00  3.25755731e+01  1.38798701e+00  5.71012774e+00 
 3.50000000e-01  3.50000000e-01  1.48000000e+00  1.25884197e-03  1.32187228e+00  1.78475611e+00  9.90968141e-01  1.77655365e+00  3.25755731e+01  1.38798701e+00  5.71012774e+00 
 3.60000000e-01  3.60000000e-01  1.48000000e+00  1.28517950e-03  1.32187228e+00  1.78475611e+00  9.90968141e-01  1.77655365e+00  3.25755731e+01  1.38798701e+00  5.71012774e+00 
 3.70000000e-01  3.70000000e-01  1.48000000e+00  1.31096820e-03  1.32187228e+00  1.78475611e+00  9.90968141e-01  1.77655365e+00  3.25755731e+01  1.38798701e+00  5.71012774e+00 
 3.80000000e-01  3.80000000e-01  1.48000000e+00  1.33620861e-03  1.32187228e+00  1.78475611e+00  9.90968141e-01  1.77655365e+00  3.25755731e+01  1.38798701e+00  5.71012774e+00 
 3.90000000e-01  3.90000000e-01  1.48000000e+00  1.36090159e-03  1.32187228e+00  1.78475611e+00  9.90968141e-01  1.77655365e+00  3.25755731e+01  1.38798701e+00  5.71012774e+00 
 4.00000000e-01  4.00000000e-01  1.48000000e+00  1.38504837e-03  1.32187228e+00  1.78475611e+00  9.90968141e-01  1.77655365e+00  3.25755731e+01  1.38798701e+00  5.71012774e+00 
 4.10000000e-01  4.10000000e-01  1.48000000e+00  1.40865054e-03  1.32187228e+00  1.78475611e+00  9.90968141e-01  1.77655365e+00  3.25755731e+01  1.38798701e+00  5.71012774e+00 
 4.20000000e-01  4.20000000e-01  1.48000000e+00  1.43171010e-03  1.32187228e+00  1.78475611e+00  9.90968141e-01  1.77655365e+00  3.25755731e+01  1.38798701e+00  5.71012774e+00 
 4.30000000e-01  4.30000000e-01  1.48000000e+00  1.45422945e-03  1.32187228e+00  1.78475611e+00  9.90968141e-01  1.77655365e+00  3.25755731e+01  1.38798701e+00  5.71012774e+00 
 4.40000000e-01  4.40000000e-01  1.48000000e+00  1.47621146e-03  1.32187228e+00  1.78475611e+00  9.90968141e-01  1.77655365e+00  3.25755731e+01  1.38798701e+00  5.71012774e+00 
 4.50000000e-01  4.50000000e-01  1.48000000e+00  1.49765946e-03  1.32187228e+00  1.78475611e+00  9.90968141e-01  1.77655365e+00  3.25755731e+01  1.38798701e+00  5.71012774e+00 
 4.60000000e-01  4.60000000e-01  1.48000000e+00  1.51857725e-03  1.32187228e+00  1.78475611e+00  9.90968141e-01  1.77655365e+00  3.25755731e+01  1.38798701e+00  5.71012774e+00 
 4.70000000e-01  4.70000000e-01  1.48000000e+00  1.53896914e-03  1.32187228e+00  1.78475611e+00  9.90968141e-01  1.77655365e+00  3.25755731e+01  1.38798701e+00  5.71012774e+00 
 4.80000000e-01  4.80000000e-01  1.48000000e+00  1.55883996e-03  1.32187228e+00  1.78475611e+00  9.90968141e-01  1.77655365e+00  3.25755731e+01  1.38798701e+00  5.71012774e+00 
 4.90000000e-01  4.90000000e-01  1.48000000e+00  1.57819504e-03  1.32187228e+00  1.78475611e+00  9.90968141e-01  1.77655365e+00  3.25755731e+01  1.38798701e+00  5.71012774e+00 
 5.00000000e-01  5.00000000e-01  1.48000000e+00  1.59704026e-03  1.32187228e+00  1.78475611e+00  9.90968141e-01  1.77655365e+00  3.25755731e+01  1.38798701e+00  5.71012774e+00 
 5.10000000e-01  5.10000000e-01  1.48000000e+00  1.61538202e-03  1.32187228e+00  1.78475611e+00  9.90968141e-01  1.77655365e+00  3.25755731e+01  1.38798701e+00  5.71012774e+00 
 5.20000000e-01  5.20000000e-01  1.48000000e+00  1.63322722e-03  1.32187228e+00  1.78475611e+00  9.90968141e-01  1.77655365e+00  3.25755731e+01  1.38798701e+00  5.71012774e+00 
 5.30000000e-01  5.30000000e-01  1.48000000e+00  1.65058331e-03  1.32187228e+00  1.78475611e+00  9.90968141e-01  1.77655365e+00  3.25755731e+01  1.38798701e+00  5.71012774e+00 
 5.40000000e-01  5.40000000e-01  1.48000000e+00  1.66745821e-03  1.32187228e+00  1.78475611e+00  9.90968141e-01  1.77655365e+00  3.25755731e+01  1.38798701e+00  5.71012774e+00 
 5.50000000e-01  5.50000000e-01  1.48000000e+00  1.68386035e-03  1.32187228e+00  1.78475611e+00  9.90968141e-01  1.77655365e+00  3.25755731e+01  1.38798701e+00  5.71012774e+00 
 5.60000000e-01  5.60000000e-01  1.48000000e+00  1.69979858e-03  1.32187228e+00  1.78475611e+00  9.90968141e-01  1.77655365e+00  3.25755731e+01  1.38798701e+00  5.71012774e+00 
 5.70000000e-01  5.70000000e-01  1.48000000e+00  1.71528222e-03  1.32187228e+00  1.78475611e+00  9.90968141e-01  1.77655365e+00  3.25755731e+01  1.38798701e+00  5.71012774e+00 
 5.80000000e-01  5.80000000e-01  1.48000000e+00  1.73032096e-03  1.32187228e+00  1.78475611e+00  9.90968141e-01  1.77655365e+00  3.25755731e+01  1.38798701e+00  5.71012774e+00 
 5.90000000e-01  5.90000000e-01  1.48000000e+00  1.74492485e-03  1.32187228e+00  1.78475611e+00  9.90968141e-01  1.77655365e+00  3.25755731e+01  1.38798701e+00  5.71012774e+00 
 6.00000000e-01  6.00000000e-01  1.48000000e+00  1.75910429e-03  1.32187228e+00  1.78475611e+00  9.90968141e-01  1.77655365e+00  3.25755731e+01  1.38798701e+00  5.71012774e+00 
 6.10000000e-01  6.10000000e-01  1.48000000e+00  1.77286992e-03  1.32187228e+00  1.78475611e+00  9.90968141e-01  1.77655365e+00  3.25755731e+01  1.38798701e+00  5.71012774e+00 
 6.20000000e-01  6.20000000e-01  1.48000000e+00  1.78623265e-03  1.32187228e+00  1.78475611e+00  9.90968141e-01  1.77655365e+00  3.25755731e+01  1.38798701e+00  5.71012774e+00 
 6.30000000e-01  6.30000000e-01  1.48000000e+00  1.79920357e-03  1.32187228e+00  1.78475611e+00  9.90968141e-01  1.77655365e+00  3.25755731e+01  1.38798701e+00  5.71012774e+00 
 6.40000000e-01  6.40000000e-01  1.48000000e+00  1.81179389e-03  1.32187228e+00  1.78475611e+00  9.90968141e-01  1.77655365e+00  3.25755731e+01  1.38798701e+00  5.71012774e+00 
 6.50000000e-01  6.50000000e-01  1.48000000e+00  1.82401497e-03  1.32187228e+00  1.78475611e+00  9.90968141e-01  1.77655365e+00  3.25755731e+01  1.38798701e+00  5.71012774e+00 
 6.60000000e-01  6.60000000e-01  1.48000000e+00  1.83587817e-03  1.32187228e+00  1.78475611e+00  9.90968141e-01  1.77655365e+00  3.25755731e+01  1.38798701e+00  5.71012774e+00 
 6.70000000e-01  6.70000000e-01  1.48000000e+00  1.84739491e-03  1.32187228e+00  1.78475611e+00  9.90968141e-01  1.77655365e+00  3.25755731e+01  1.38798701e+00  5.71012774e+00 
 6.80000000e-01  6.80000000e-01  1.48000000e+00  1.85857656e-03  1.32187228e+00  1.78475611e+00  9.90968141e-01  1.77655365e+00  3.25755731e+01  1.38798701e+00  5.71012774e+00 
 6.90000000e-01  6.90000000e-01  1.48000000e+00  1.86943440e-03  1.32187228e+00  1.78475611e+00  9.90968141e-01  1.77655365e+00  3.25755731e+01  1.38798701e+00  5.71012774e+00 
 7.00000000e-01  7.00000000e-01  1.48000000e+00  1.87997964e-03  1.32187228e+00  1.78475611e+00  9.90968141e-01  1.77655365e+00  3.25755731e+01  1.38798701e+00  5.71012774e+00 
 7.10000000e-01  7.10000000e-01  1.48000000e+00  1.89022333e-03  1.32187228e+00  1.78475611e+00  9.90968141e-01  1.77655365e+00  3.25755731e+01  1.38798701e+00  5.71012774e+00 
 7.20000000e-01  7.20000000e-01  1.48000000e+00  1.90017636e-03  1.32187228e+00  1.78475611e+00  9.90968141e-01  1.77655365e+00  3.25755731e+01  1.38798701e+00  5.71012774e+00 
 7.30000000e-01  7.30000000e-01  1.48000000e+00  1.90984943e-03  1.32187228e+00  1.78475611e+00  9.90968141e-01  1.77655365e+00  3.25755731e+01  1.38798701e+00  5.71012774e+00 
 7.40000000e-01  7.40000000e-01  1.48000000e+00  1.91925299e-03  1.32187228e+00  1.78475611e+00  9.90968141e-01  1.77655365e+00  3.25755731e+01  1.38798701e+00  5.71012774e+00 
 7.50000000e-01  7.50000000e-01  1.48000000e+00  1.92839727e-03  1.32187228e+00  1.78475611e+00  9.90968141e-01  1.77655365e+00  3.25755731e+01  1.38798701e+00  5.71012774e+00 
 7.60000000e-01  7.60000000e-01  1.48000000e+00  1.93729226e-03  1.32187228e+00  1.78475611e+00  9.90968141e-01  1.77655365e+00  3.25755731e+01  1.38798701e+00  5.71012774e+00 
 7.70000000e-01  7.70000000e-01  1.48000000e+00  1.94594766e-03  1.32187228e+00  1.78475611e+00  9.90968141e-01  1.77655365e+00  3.25755731e+01  1.38798701e+00  5.71012774e+00 
 7.80000000e-01  7.80000000e-01  1.48000000e+00  1.95437286e-03  1.32187228e+00  1.78475611e+00  9.90968141e-01  1.77655365e+00  3.25755731e+01  1.38798701e+00  5.71012774e+00 
 7.90000000e-01  7.90000000e-01  1.48000000e+00  1.96257701e-03  1.32187228e+00  1.78475611e+00  9.90968141e-01  1.77655365e+00  3.25755731e+01  1.38798701e+00  5.71012774e+00 
 8.00000000e-01  8.00000000e-01  1.48000000e+00  1.97056893e-03  1.32187228e+00  1.78475611e+00  9.90968141e-01  1.77655365e+00  3.25755731e+01  1.38798701e+00  5.71012774e+00 
 8.10000000e-01  8.10000000e-01  1.48000000e+00  1.97835714e-03  1.32187228e+00  1.78475611e+00  9.90968141e-01  1.77655365e+00  3.25755731e+01  1.38798701e+00  5.71012774e+00 
 8.20000000e-01  8.20000000e-01  1.48000000e+00  1.98594987e-03  1.32187228e+00  1.78475611e+00  9.90968141e-01  1.77655365e+00  3.25755731e+01  1.38798701e+00  5.71012774e+00 
 8.30000000e-01  8.30000000e-01  1.48000000e+00  1.99335504e-03  1.32187228e+00  1.78475611e+00  9.90968141e-01  1.77655365e+00  3.25755731e+01  1.38798701e+00  5.71012774e+00 
 8.40000000e-01  8.40000000e-01  1.48000000e+00  2.00058026e-03  1.32187228e+00  1.78475611e+00  9.90968141e-01  1.77655365e+00  3.25755731e+01  1.38798701e+00  5.71012774e+00 
 8.50000000e-01  8.50000000e-01  1.48000000e+00  2.00763288e-03  1.32187228e+00  1.78475611e+00  9.90968141e-01  1.77655365e+00  3.25755731e+01  1.38798701e+00  5.71012774e+00 
 8.60000000e-01  8.60000000e-01  1.48000000e+00  2.01451991e-03  1.32187228e+00  1.78475611e+00  9.90968141e-01  1.77655365e+00  3.25755731e+01  1.38798701e+00  5.71012774e+00 
 8.70000000e-01  8.70000000e-01  1.48000000e+00  2.02124810e-03  1.32187228e+00  1.78475611e+00  9.90968141e-01  1.77655365e+00  3.25755731e+01  1.38798701e+00  5.71012774e+00 
 8.80000000e-01  8.80000000e-01  1.48000000e+00  2.02782392e-03  1.32187228e+00  1.78475611e+00  9.90968141e-01  1.77655365e+00  3.25755731e+01  1.38798701e+00  5.71012774e+00 
 8.90000000e-01  8.90000000e-01  1.48000000e+00  2.03425357e-03  1.32187228e+00  1.78475611e+00  9.90968141e-01  1.77655365e+00  3.25755731e+01  1.38798701e+00  5.71012774e+00 
 9.00000000e-01  9.00000000e-01  1.48000000e+00  2.04054297e-03  1.32187228e+00  1.78475611e+00  9.90968141e-01  1.77655365e+00  3.25755731e+01  1.38798701e+00  5.71012774e+00 
 9.10000000e-01  9.10000000e-01  1.48000000e+00  2.04669779e-03  1.32187228e+00  1.78475611e+00  9.90968141e-01  1.77655365e+00  3.25755731e+01  1.38798701e+00  5.71012774e+00 
 9.20000000e-01  9.20000000e-01  1.48000000e+00  2.05272346e-03  1.32187228e+00  1.78475611e+00  9.90968141e-01  1.77655365e+00  3.25755731e+01  1.38798701e+00  5.71012774e+00 
 9.30000000e-01  9.30000000e-01  1.48000000e+00  2.05862517e-03  1.32187228e+00  1.78475611e+00  9.90968141e-01  1.77655365e+00  3.25755731e+01  1.38798701e+00  5.71012774e+00 
 9.40000000e-01  9.40000000e-01  1.48000000e+00  2.06440787e-03  1.32187228e+00  1.78475611e+00  9.90968141e-01  1.77655365e+00  3.25755731e+01  1.38798701e+00  5.71012774e+00 
 9.50000000e-01  9.50000000e-01  1.48000000e+00  2.07007629e-03  1.32187228e+00  1.78475611e+00  9.90968141e-01  1.77655365e+00  3.25755731e+01  1.38798701e+00  5.71012774e+00 
 9.60000000e-01  9.60000000e-01  1.48000000e+00  2.07563497e-03  1.32187228e+00  1.78475611e+00  9.90968141e-01  1.77655365e+00  3.25755731e+01  1.38798701e+00  5.71012774e+00 
 9.70000000e-01  9.70000000e-01  1.48000000e+00  2.08108820e-03  1.32187228e+00  1.78475611e+00  9.90968141e-01  1.77655365e+00  3.25755731e+01  1.38798701e+00  5.71012774e+00 
 9.80000000e-01  9.80000000e-01  1.48000000e+00  2.08644013e-03  1.32187228e+00  1.78475611e+00  9.90968141e-01  1.77655365e+00  3.25755731e+01  1.38798701e+00  5.71012774e+00 
 9.90000000e-01  9.90000000e-01  1.48000000e+00  2.09169468e-03  1.32187228e+00  1.78475611e+00  9.90968141e-01  1.77655365e+00  3.25755731e+01  1.38798701e+00  5.71012774e+00 
 1.00000000e+00  1.00000000e+00  1.48000000e+00  2.09685561e-03  1.32187228e+00  1.78475611e+00  9.90968141e-01  1.77655365e+00  3.25755731e+01  1.38798701e+00  5.71012774e+00 
 1.01000000e+00  1.01000000e+00  1.48000000e+00  2.10192651e-03  1.32187228e+00  1.78475611e+00  9.90968141e-01  1.77655365e+00  3.25755731e+01  1.38798701e+00  5.71012774e+00 
 1.02000000e+00  1.02000000e+00  1.48000000e+00  2.10691081e-03  1.32187228e+00  1.78475611e+00  9.90968141e-01  1.77655365e+00  3.25755731e+01  1.38798701e+00  5.71012774e+00 
 1.03000000e+00  1.03000000e+00  1.48000000e+00  2.11181178e-03  1.32187228e+00  1.78475611e+00  9.90968141e-01  1.77655365e+00  3.25755731e+01  1.38798701e+00  5.71012774e+00 
 1.04000000e+00  1.04000000e+00  1.48000000e+00  2.11663253e-03  1.32187228e+00  1.78475611e+00  9.90968141e-01  1.77655365e+00  3.25755731e+01  1.38798701e+00  5.71012774e+00 
 1.05000000e+00  1.05000000e+00  1.48000000e+00  2.12137605e-03  1.32187228e+00  1.78475611e+00  9.90968141e-01  1.77655365e+00  3.25755731e+01  1.38798701e+00  5.71012774e+00 
 1.06000000e+00  1.06000000e+00  1.48000000e+00  2.12604519e-03  1.32187228e+00  1.78475611e+00  9.90968141e-01  1.77655365e+00  3.25755731e+01  1.38798701e+00  5.71012774e+00 
 1.07000000e+00  1.07000000e+00  1.48000000e+00  2.13064266e-03  1.32187228e+00  1.78475611e+00  9.90968141e-01  1.77655365e+00  3.25755731e+01  1.38798701e+00  5.71012774e+00 
 1.08000000e+00  1.08000000e+00  1.48000000e+00  2.13517107e-03  1.32187228e+00  1.78475611e+00  9.90968141e-01  1.77655365e+00  3.25755731e+01  1.38798701e+00  5.71012774e+00 
 1.09000000e+00  1.09000000e+00  1.48000000e+00  2.13963289e-03  1.32187228e+00  1.78475611e+00  9.90968141e-01  1.77655365e+00  3.25755731e+01  1.38798701e+00  5.71012774e+00 
 1.10000000e+00  1.10000000e+00  1.48000000e+00  2.14403050e-03  1.32187228e+00  1.78475611e+00  9.90968141e-01  1.77655365e+00  3.25755731e+01  1.38798701e+00  5.71012774e+00 
 1.11000000e+00  1.11000000e+00  1.48000000e+00  2.14836617e-03  1.32187228e+00  1.78475611e+00  9.90968141e-01  1.77655365e+00  3.25755731e+01  1.38798701e+00  5.71012774e+00 
 1.12000000e+00  1.12000000e+00  1.48000000e+00  2.15264207e-03  1.32187228e+00  1.78475611e+00  9.90968141e-01  1.77655365e+00  3.25755731e+01  1.38798701e+00  5.71012774e+00 
 1.13000000e+00  1.13000000e+00  1.48000000e+00  2.15686026e-03  1.32187228e+00  1.78475611e+00  9.90968141e-01  1.77655365e+00  3.25755731e+01  1.38798701e+00  5.71012774e+00 
 1.14000000e+00  1.14000000e+00  1.48000000e+00  2.16102274e-03  1.32187228e+00  1.78475611e+00  9.90968141e-01  1.77655365e+00  3.25755731e+01  1.38798701e+00  5.71012774e+00 
 1.15000000e+00  1.15000000e+00  1.48000000e+00  2.16513140e-03  1.32187228e+00  1.78475611e+00  9.90968141e-01  1.77655365e+00  3.25755731e+01  1.38798701e+00  5.71012774e+00 
 1.16000000e+00  1.16000000e+00  1.48000000e+00  2.16918806e-03  1.32187228e+00  1.78475611e+00  9.90968141e-01  1.77655365e+00  3.25755731e+01  1.38798701e+00  5.71012774e+00 
 1.17000000e+00  1.17000000e+00  1.48000000e+00  2.17319445e-03  1.32187228e+00  1.78475611e+00  9.90968141e-01  1.77655365e+00  3.25755731e+01  1.38798701e+00  5.71012774e+00 
 1.18000000e+00  1.18000000e+00  1.48000000e+00  2.17715224e-03  1.32187228e+00  1.78475611e+00  9.90968141e-01  1.77655365e+00  3.25755731e+01  1.38798701e+00  5.71012774e+00 
 1.19000000e+00  1.19000000e+00  1.48000000e+00  2.18106303e-03  1.32187228e+00  1.78475611e+00  9.90968141e-01  1.77655365e+00  3.25755731e+01  1.38798701e+00  5.71012774e+00 
 1.20000000e+00  1.20000000e+00  1.48000000e+00  2.18492835e-03  1.32187228e+00  1.78475611e+00  9.90968141e-01  1.77655365e+00  3.25755731e+01  1.38798701e+00  5.71012774e+00 
 1.21000000e+00  1.21000000e+00  1.48000000e+00  2.18874966e-03  1.32187228e+00  1.78475611e+00  9.90968141e-01  1.77655365e+00  3.25755731e+01  1.38798701e+00  5.71012774e+00 
 1.22000000e+00  1.22000000e+00  1.48000000e+00  2.19252836e-03  1.32187228e+00  1.78475611e+00  9.90968141e-01  1.77655365e+00  3.25755731e+01  1.38798701e+00  5.71012774e+00 
 1.23000000e+00  1.23000000e+00  1.48000000e+00  2.19626580e-03  1.32187228e+00  1.78475611e+00  9.90968141e-01  1.77655365e+00  3.25755731e+01  1.38798701e+00  5.71012774e+00 
 1.24000000e+00  1.24000000e+00  1.48000000e+00  2.19996328e-03  1.32187228e+00  1.78475611e+00  9.90968141e-01  1.77655365e+00  3.25755731e+01  1.38798701e+00  5.71012774e+00 
 1.25000000e+00  1.25000000e+00  1.48000000e+00  2.20362204e-03  1.32187228e+00  1.78475611e+00  9.90968141e-01  1.77655365e+00  3.25755731e+01  1.38798701e+00  5.71012774e+00 
 1.26000000e+00  1.26000000e+00  1.48000000e+00  2.20724325e-03  1.32187228e+00  1.78475611e+00  9.90968141e-01  1.77655365e+00  3.25755731e+01  1.38798701e+00  5.71012774e+00 
 1.27000000e+00  1.27000000e+00  1.48000000e+00  2.21082808e-03  1.32187228e+00  1.78475611e+00  9.90968141e-01  1.77655365e+00  3.25755731e+01  1.38798701e+00  5.71012774e+00 
 1.28000000e+00  1.28000000e+00  1.48000000e+00  2.21437761e-03  1.32187228e+00  1.78475611e+00  9.90968141e-01  1.77655365e+00  3.25755731e+01  1.38798701e+00  5.71012774e+00 
 1.29000000e+00  1.29000000e+00  1.48000000e+00  2.21789289e-03  1.32187228e+00  1.78475611e+00  9.90968141e-01  1.77655365e+00  3.25755731e+01  1.38798701e+00  5.71012774e+00 
 1.30000000e+00  1.30000000e+00  1.48000000e+00  2.22137496e-03  1.32187228e+00  1.78475611e+00  9.90968141e-01  1.77655365e+00  3.25755731e+01  1.38798701e+00  5.71012774e+00 
 1.31000000e+00  1.31000000e+00  1.48000000e+00  2.22482477e-03  1.32187228e+00  1.78475611e+00  9.90968141e-01  1.77655365e+00  3.25755731e+01  1.38798701e+00  5.71012774e+00 
 1.32000000e+00  1.32000000e+00  1.48000000e+00  2.22824326e-03  1.32187228e+00  1.78475611e+00  9.90968141e-01  1.77655365e+00  3.25755731e+01  1.38798701e+00  5.71012774e+00 
 1.33000000e+00  1.33000000e+00  1.48000000e+00  2.23163134e-03  1.32187228e+00  1.78475611e+00  9.90968141e-01  1.77655365e+00  3.25755731e+01  1.38798701e+00  5.71012774e+00 
 1.34000000e+00  1.34000000e+00  1.48000000e+00  2.23498988e-03  1.32187228e+00  1.78475611e+00  9.90968141e-01  1.77655365e+00  3.25755731e+01  1.38798701e+00  5.71012774e+00 
 1.35000000e+00  1.35000000e+00  1.48000000e+00  2.23831970e-03  1.32187228e+00  1.78475611e+00  9.90968141e-01  1.77655365e+00  3.25755731e+01  1.38798701e+00  5.71012774e+00 
 1.36000000e+00  1.36000000e+00  1.48000000e+00  2.24162162e-03  1.32187228e+00  1.78475611e+00  9.90968141e-01  1.77655365e+00  3.25755731e+01  1.38798701e+00  5.71012774e+00 
 1.37000000e+00  1.37000000e+00  1.48000000e+00  2.24489640e-03  1.32187228e+00  1.78475611e+00  9.90968141e-01  1.77655365e+00  3.25755731e+01  1.38798701e+00  5.71012774e+00 
 1.38000000e+00  1.38000000e+00  1.48000000e+00  2.24814480e-03  1.32187228e+00  1.78475611e+00  9.90968141e-01  1.77655365e+00  3.25755731e+01  1.38798701e+00  5.71012774e+00 
 1.39000000e+00  1.39000000e+00  1.48000000e+00  2.25136753e-03  1.32187228e+00  1.78475611e+00  9.90968141e-01  1.77655365e+00  3.25755731e+01  1.38798701e+00  5.71012774e+00 
 1.40000000e+00  1.40000000e+00  1.48000000e+00  2.25456529e-03  1.32187228e+00  1.78475611e+00  9.90968141e-01  1.77655365e+00  3.25755731e+01  1.38798701e+00  5.71012774e+00 
 1.41000000e+00  1.41000000e+00  1.48000000e+00  2.25773874e-03  1.32187228e+00  1.78475611e+00  9.90968141e-01  1.77655365e+00  3.25755731e+01  1.38798701e+00  5.71012774e+00 
 1.42000000e+00  1.42000000e+00  1.48000000e+00  2.26088852e-03  1.32187228e+00  1.78475611e+00  9.90968141e-01  1.77655365e+00  3.25755731e+01  1.38798701e+00  5.71012774e+00 
 1.43000000e+00  1.43000000e+00  1.48000000e+00  2.26401527e-03  1.32187228e+00  1.78475611e+00  9.90968141e-01  1.77655365e+00  3.25755731e+01  1.38798701e+00  5.71012774e+00 
 1.44000000e+00  1.44000000e+00  1.48000000e+00  2.26711958e-03  1.32187228e+00  1.78475611e+00  9.90968141e-01  1.77655365e+00  3.25755731e+01  1.38798701e+00  5.71012774e+00 
 1.45000000e+00  1.45000000e+00  1.48000000e+00  2.27020204e-03  1.32187228e+00  1.78475611e+00  9.90968141e-01  1.77655365e+00  3.25755731e+01  1.38798701e+00  5.71012774e+00 
 1.46000000e+00  1.46000000e+00  1.48000000e+00  2.27326319e-03  1.32187228e+00  1.78475611e+00  9.90968141e-01  1.77655365e+00  3.25755731e+01  1.38798701e+00  5.71012774e+00 
 1.47000000e+00  1.47000000e+00  1.48000000e+00  2.27630358e-03  1.32187228e+00  1.78475611e+00  9.90968141e-01  1.77655365e+00  3.25755731e+01  1.38798701e+00  5.71012774e+00 
 1.48000000e+00  1.48000000e+00  1.48000000e+00  2.27932374e-03  1.32187228e+00  1.78475611e+00  9.90968141e-01  1.77655365e+00  3.25755731e+01  1.38798701e+00  5.71012774e+00 
 1.49000000e+00  1.49000000e+00  1.48000000e+00  2.28232416e-03  1.32187228e+00  1.78475611e+00  9.90968141e-01  1.77655365e+00  3.25755731e+01  1.38798701e+00  5.71012774e+00 
 1.50000000e+00  1.50000000e+00  1.48000000e+00  2.28530534e-03  1.32187228e+00  1.78475611e+00  9.90968141e-01  1.77655365e+00  3.25755731e+01  1.38798701e+00  5.71012774e+00 
 1.51000000e+00  1.51000000e+00  1.48000000e+00  2.28826775e-03  1.32187228e+00  1.78475611e+00  9.90968141e-01  1.77655365e+00  3.25755731e+01  1.38798701e+00  5.71012774e+00 
 1.52000000e+00  1.52000000e+00  1.48000000e+00  2.29121184e-03  1.32187228e+00  1.78475611e+00  9.90968141e-01  1.77655365e+00  3.25755731e+01  1.38798701e+00  5.71012774e+00 
 1.53000000e+00  1.53000000e+00  1.48000000e+00  2.29413806e-03  1.32187228e+00  1.78475611e+00  9.90968141e-01  1.77655365e+00  3.25755731e+01  1.38798701e+00  5.71012774e+00 
 1.54000000e+00  1.54000000e+00  1.48000000e+00  2.29704684e-03  1.32187228e+00  1.78475611e+00  9.90968141e-01  1.77655365e+00  3.25755731e+01  1.38798701e+00  5.71012774e+00 
 1.55000000e+00  1.55000000e+00  1.48000000e+00  2.29993858e-03  1.32187228e+00  1.78475611e+00  9.90968141e-01  1.77655365e+00  3.25755731e+01  1.38798701e+00  5.71012774e+00 
 1.56000000e+00  1.56000000e+00  1.48000000e+00  2.30281369e-03  1.32187228e+00  1.78475611e+00  9.90968141e-01  1.77655365e+00  3.25755731e+01  1.38798701e+00  5.71012774e+00 
 1.57000000e+00  1.57000000e+00  1.48000000e+00  2.30567255e-03  1.32187228e+00  1.78475611e+00  9.90968141e-01  1.77655365e+00  3.25755731e+01  1.38798701e+00  5.71012774e+00 
 1.58000000e+00  1.58000000e+00  1.48000000e+00  2.30851555e-03  1.32187228e+00  1.78475611e+00  9.90968141e-01  1.77655365e+00  3.25755731e+01  1.38798701e+00  5.71012774e+00 
 1.59000000e+00  1.59000000e+00  1.48000000e+00  2.31134304e-03  1.32187228e+00  1.78475611e+00  9.90968141e-01  1.77655365e+00  3.25755731e+01  1.38798701e+00  5.71012774e+00 
 1.60000000e+00  1.60000000e+00  1.48000000e+00  2.31415539e-03  1.32187228e+00  1.78475611e+00  9.90968141e-01  1.77655365e+00  3.25755731e+01  1.38798701e+00  5.71012774e+00 
 1.61000000e+00  1.61000000e+00  1.48000000e+00  2.31695292e-03  1.32187228e+00  1.78475611e+00  9.90968141e-01  1.77655365e+00  3.25755731e+01  1.38798701e+00  5.71012774e+00 
 1.62000000e+00  1.62000000e+00  1.48000000e+00  2.31973598e-03  1.32187228e+00  1.78475611e+00  9.90968141e-01  1.77655365e+00  3.25755731e+01  1.38798701e+00  5.71012774e+00 
 1.63000000e+00  1.63000000e+00  1.48000000e+00  2.32250488e-03  1.32187228e+00  1.78475611e+00  9.90968141e-01  1.77655365e+00  3.25755731e+01  1.38798701e+00  5.71012774e+00 
 1.64000000e+00  1.64000000e+00  1.48000000e+00  2.32525994e-03  1.32187228e+00  1.78475611e+00  9.90968141e-01  1.77655365e+00  3.25755731e+01  1.38798701e+00  5.71012774e+00 
 1.65000000e+00  1.65000000e+00  1.48000000e+00  2.32800147e-03  1.32187228e+00  1.78475611e+00  9.90968141e-01  1.77655365e+00  3.25755731e+01  1.38798701e+00  5.71012774e+00 
 1.66000000e+00  1.66000000e+00  1.48000000e+00  2.33072974e-03  1.32187228e+00  1.78475611e+00  9.90968141e-01  1.77655365e+00  3.25755731e+01  1.38798701e+00  5.71012774e+00 
 1.67000000e+00  1.67000000e+00  1.48000000e+00  2.33344506e-03  1.32187228e+00  1.78475611e+00  9.90968141e-01  1.77655365e+00  3.25755731e+01  1.38798701e+00  5.71012774e+00 
 1.68000000e+00  1.68000000e+00  1.48000000e+00  2.33614770e-03  1.32187228e+00  1.78475611e+00  9.90968141e-01  1.77655365e+00  3.25755731e+01  1.38798701e+00  5.71012774e+00 
 1.69000000e+00  1.69000000e+00  1.48000000e+00  2.33883793e-03  1.32187228e+00  1.78475611e+00  9.90968141e-01  1.77655365e+00  3.25755731e+01  1.38798701e+00  5.71012774e+00 
 1.70000000e+00  1.70000000e+00  1.48000000e+00  2.34151600e-03  1.32187228e+00  1.78475611e+00  9.90968141e-01  1.77655365e+00  3.25755731e+01  1.38798701e+00  5.71012774e+00 
 1.71000000e+00  1.71000000e+00  1.48000000e+00  2.34418219e-03  1.32187228e+00  1.78475611e+00  9.90968141e-01  1.77655365e+00  3.25755731e+01  1.38798701e+00  5.71012774e+00 
 1.72000000e+00  1.72000000e+00  1.48000000e+00  2.34683672e-03  1.32187228e+00  1.78475611e+00  9.90968141e-01  1.77655365e+00  3.25755731e+01  1.38798701e+00  5.71012774e+00 
 1.73000000e+00  1.73000000e+00  1.48000000e+00  2.34947985e-03  1.32187228e+00  1.78475611e+00  9.90968141e-01  1.77655365e+00  3.25755731e+01  1.38798701e+00  5.71012774e+00 
 1.74000000e+00  1.74000000e+00  1.48000000e+00  2.35211180e-03  1.32187228e+00  1.78475611e+00  9.90968141e-01  1.77655365e+00  3.25755731e+01  1.38798701e+00  5.71012774e+00 
 1.75000000e+00  1.75000000e+00  1.48000000e+00  2.35473282e-03  1.32187228e+00  1.78475611e+00  9.90968141e-01  1.77655365e+00  3.25755731e+01  1.38798701e+00  5.71012774e+00 
 1.76000000e+00  1.76000000e+00  1.48000000e+00  2.35734311e-03  1.32187228e+00  1.78475611e+00  9.90968141e-01  1.77655365e+00  3.25755731e+01  1.38798701e+00  5.71012774e+00 
 1.77000000e+00  1.77000000e+00  1.48000000e+00  2.35994289e-03  1.32187228e+00  1.78475611e+00  9.90968141e-01  1.77655365e+00  3.25755731e+01  1.38798701e+00  5.71012774e+00 
 1.78000000e+00  1.78000000e+00  1.48000000e+00  2.36253238e-03  1.32187228e+00  1.78475611e+00  9.90968141e-01  1.77655365e+00  3.25755731e+01  1.38798701e+00  5.71012774e+00 
 1.79000000e+00  1.79000000e+00  1.48000000e+00  2.36511179e-03  1.32187228e+00  1.78475611e+00  9.90968141e-01  1.77655365e+00  3.25755731e+01  1.38798701e+00  5.71012774e+00 
 1.80000000e+00  1.80000000e+00  1.48000000e+00  2.36768130e-03  1.32187228e+00  1.78475611e+00  9.90968141e-01  1.77655365e+00  3.25755731e+01  1.38798701e+00  5.71012774e+00 
 1.81000000e+00  1.81000000e+00  1.48000000e+00  2.37024113e-03  1.32187228e+00  1.78475611e+00  9.90968141e-01  1.77655365e+00  3.25755731e+01  1.38798701e+00  5.71012774e+00 
 1.82000000e+00  1.82000000e+00  1.48000000e+00  2.37279145e-03  1.32187228e+00  1.78475611e+00  9.90968141e-01  1.77655365e+00  3.25755731e+01  1.38798701e+00  5.71012774e+00 
 1.83000000e+00  1.83000000e+00  1.48000000e+00  2.37533246e-03  1.32187228e+00  1.78475611e+00  9.90968141e-01  1.77655365e+00  3.25755731e+01  1.38798701e+00  5.71012774e+00 
 1.84000000e+00  1.84000000e+00  1.48000000e+00  2.37786434e-03  1.32187228e+00  1.78475611e+00  9.90968141e-01  1.77655365e+00  3.25755731e+01  1.38798701e+00  5.71012774e+00 
 1.85000000e+00  1.85000000e+00  1.48000000e+00  2.38038727e-03  1.32187228e+00  1.78475611e+00  9.90968141e-01  1.77655365e+00  3.25755731e+01  1.38798701e+00  5.71012774e+00 
