 0.00000000e+00  0.00000000e+00  1.48000000e+00 -1.75839561e-19  1.22985441e+00  1.58693900e+00  8.80214433e-01  1.84509678e+00  3.29846312e+01  1.27396493e+00  5.34242145e+00 
 1.00000000e-02  1.00000000e-02  1.48000000e+00  4.20104336e-05  1.22985441e+00  1.58693900e+00  8.80214433e-01  1.84509678e+00  3.29846312e+01  1.27396493e+00  5.34242145e+00 
 2.00000000e-02  2.00000000e-02  1.48000000e+00  8.35691115e-05  1.22985441e+00  1.58693900e+00  8.80214433e-01  1.84509678e+00  3.29846312e+01  1.27396493e+00  5.34242145e+00 
 3.00000000e-02  3.00000000e-02  1.48000000e+00  1.24674885e-04  1.22985441e+00  1.58693900e+00  8.80214433e-01  1.84509678e+00  3.29846312e+01  1.27396493e+00  5.34242145e+00 
 4.00000000e-02  4.00000000e-02  1.48000000e+00  1.65326604e-04  1.22985441e+00  1.58693900e+00  8.80214433e-01  1.84509678e+00  3.29846312e+01  1.27396493e+00  5.34242145e+00 
 5.00000000e-02  5.00000000e-02  1.48000000e+00  2.05523118e-04  1.22985441e+00  1.58693900e+00  8.80214433e-01  1.84509678e+00  3.29846312e+01  1.27396493e+00  5.34242145e+00 
 6.00000000e-02  6.00000000e-02  1.48000000e+00  2.45263276e-04  1.22985441e+00  1.58693900e+00  8.80214433e-01  1.84509678e+00  3.29846312e+01  1.27396493e+00  5.34242145e+00 
 7.00000000e-02  7.00000000e-02  1.48000000e+00  2.84545928e-04  1.22985441e+00  1.58693900e+00  8.80214433e-01  1.84509678e+00  3.29846312e+01  1.27396493e+00  5.34242145e+00 
 8.00000000e-02  8.00000000e-02  1.48000000e+00  3.23369923e-04  1.22985441e+00  1.58693900e+00  8.80214433e-01  1.84509678e+00  3.29846312e+01  1.27396493e+00  5.34242145e+00 
 9.00000000e-02  9.00000000e-02  1.48000000e+00  3.61734115e-04  1.22985441e+00  1.58693900e+00  8.80214433e-01  1.84509678e+00  3.29846312e+01  1.27396493e+00  5.34242145e+00 
 1.00000000e-01  1.00000000e-01  1.48000000e+00  3.99637358e-04  1.22985441e+00  1.58693900e+00  8.80214433e-01  1.84509678e+00  3.29846312e+01  1.27396493e+00  5.34242145e+00 
 1.10000000e-01  1.10000000e-01  1.48000000e+00  4.37078511e-04  1.22985441e+00  1.58693900e+00  8.80214433e-01  1.84509678e+00  3.29846312e+01  1.27396493e+00  5.34242145e+00 
 1.20000000e-01  1.20000000e-01  1.48000000e+00  4.74056439e-04  1.22985441e+00  1.58693900e+00  8.80214433e-01  1.84509678e+00  3.29846312e+01  1.27396493e+00  5.34242145e+00 
 1.30000000e-01  1.30000000e-01  1.48000000e+00  5.10570011e-04  1.22985441e+00  1.58693900e+00  8.80214433e-01  1.84509678e+00  3.29846312e+01  1.27396493e+00  5.34242145e+00 
 1.40000000e-01  1.40000000e-01  1.48000000e+00  5.46618106e-04  1.22985441e+00  1.58693900e+00  8.80214433e-01  1.84509678e+00  3.29846312e+01  1.27396493e+00  5.34242145e+00 
 1.50000000e-01  1.50000000e-01  1.48000000e+00  5.82199611e-04  1.22985441e+00  1.58693900e+00  8.80214433e-01  1.84509678e+00  3.29846312e+01  1.27396493e+00  5.34242145e+00 
 1.60000000e-01  1.60000000e-01  1.48000000e+00  6.17313426e-04  1.22985441e+00  1.58693900e+00  8.80214433e-01  1.84509678e+00  3.29846312e+01  1.27396493e+00  5.34242145e+00 
 1.70000000e-01  1.70000000e-01  1.48000000e+00  6.51958462e-04  1.22985441e+00  1.58693900e+00  8.80214433e-01  1.84509678e+00  3.29846312e+01  1.27396493e+00  5.34242145e+00 
 1.80000000e-01  1.80000000e-01  1.48000000e+00  6.86133649e-04  1.22985441e+00  1.58693900e+00  8.80214433e-01  1.84509678e+00  3.29846312e+01  1.27396493e+00  5.34242145e+00 
 1.90000000e-01  1.90000000e-01  1.48000000e+00  7.19837934e-04  1.22985441e+00  1.58693900e+00  8.80214433e-01  1.84509678e+00  3.29846312e+01  1.27396493e+00  5.34242145e+00 
 2.00000000e-01  2.00000000e-01  1.48000000e+00  7.53070286e-04  1.22985441e+00  1.58693900e+00  8.80214433e-01  1.84509678e+00  3.29846312e+01  1.27396493e+00  5.34242145e+00 
 2.10000000e-01  2.10000000e-01  1.48000000e+00  7.85829698e-04  1.22985441e+00  1.58693900e+00  8.80214433e-01  1.84509678e+00  3.29846312e+01  1.27396493e+00  5.34242145e+00 
 2.20000000e-01  2.20000000e-01  1.48000000e+00  8.18115194e-04  1.22985441e+00  1.58693900e+00  8.80214433e-01  1.84509678e+00  3.29846312e+01  1.27396493e+00  5.34242145e+00 
 2.30000000e-01  2.30000000e-01  1.48000000e+00  8.49925829e-04  1.22985441e+00  1.58693900e+00  8.80214433e-01  1.84509678e+00  3.29846312e+01  1.27396493e+00  5.34242145e+00 
 2.40000000e-01  2.40000000e-01  1.48000000e+00  8.81260696e-04  1.22985441e+00  1.58693900e+00  8.80214433e-01  1.84509678e+00  3.29846312e+01  1.27396493e+00  5.34242145e+00 
 2.50000000e-01  2.50000000e-01  1.48000000e+00  9.12118933e-04  1.22985441e+00  1.58693900e+00  8.80214433e-01  1.84509678e+00  3.29846312e+01  1.27396493e+00  5.34242145e+00 
 2.60000000e-01  2.60000000e-01  1.48000000e+00  9.42499722e-04  1.22985441e+00  1.58693900e+00  8.80214433e-01  1.84509678e+00  3.29846312e+01  1.27396493e+00  5.34242145e+00 
 2.70000000e-01  2.70000000e-01  1.48000000e+00  9.72402304e-04  1.22985441e+00  1.58693900e+00  8.80214433e-01  1.84509678e+00  3.29846312e+01  1.27396493e+00  5.34242145e+00 
 2.80000000e-01  2.80000000e-01  1.48000000e+00  1.00182598e-03  1.22985441e+00  1.58693900e+00  8.80214433e-01  1.84509678e+00  3.29846312e+01  1.27396493e+00  5.34242145e+00 
 2.90000000e-01  2.90000000e-01  1.48000000e+00  1.03077011e-03  1.22985441e+00  1.58693900e+00  8.80214433e-01  1.84509678e+00  3.29846312e+01  1.27396493e+00  5.34242145e+00 
 3.00000000e-01  3.00000000e-01  1.48000000e+00  1.05923416e-03  1.22985441e+00  1.58693900e+00  8.80214433e-01  1.84509678e+00  3.29846312e+01  1.27396493e+00  5.34242145e+00 
 3.10000000e-01  3.10000000e-01  1.48000000e+00  1.08721765e-03  1.22985441e+00  1.58693900e+00  8.80214433e-01  1.84509678e+00  3.29846312e+01  1.27396493e+00  5.34242145e+00 
 3.20000000e-01  3.20000000e-01  1.48000000e+00  1.11472021e-03  1.22985441e+00  1.58693900e+00  8.80214433e-01  1.84509678e+00  3.29846312e+01  1.27396493e+00  5.34242145e+00 
 3.30000000e-01  3.30000000e-01  1.48000000e+00  1.14174158e-03  1.22985441e+00  1.58693900e+00  8.80214433e-01  1.84509678e+00  3.29846312e+01  1.27396493e+00  5.34242145e+00 
 3.40000000e-01  3.40000000e-01  1.48000000e+00  1.16828161e-03  1.22985441e+00  1.58693900e+00  8.80214433e-01  1.84509678e+00  3.29846312e+01  1.27396493e+00  5.34242145e+00 
 3.50000000e-01  3.50000000e-01  1.48000000e+00  1.19434029e-03  1.22985441e+00  1.58693900e+00  8.80214433e-01  1.84509678e+00  3.29846312e+01  1.27396493e+00  5.34242145e+00 
 3.60000000e-01  3.60000000e-01  1.48000000e+00  1.21991774e-03  1.22985441e+00  1.58693900e+00  8.80214433e-01  1.84509678e+00  3.29846312e+01  1.27396493e+00  5.34242145e+00 
 3.70000000e-01  3.70000000e-01  1.48000000e+00  1.24501426e-03  1.22985441e+00  1.58693900e+00  8.80214433e-01  1.84509678e+00  3.29846312e+01  1.27396493e+00  5.34242145e+00 
 3.80000000e-01  3.80000000e-01  1.48000000e+00  1.26963030e-03  1.22985441e+00  1.58693900e+00  8.80214433e-01  1.84509678e+00  3.29846312e+01  1.27396493e+00  5.34242145e+00 
 3.90000000e-01  3.90000000e-01  1.48000000e+00  1.29376651e-03  1.22985441e+00  1.58693900e+00  8.80214433e-01  1.84509678e+00  3.29846312e+01  1.27396493e+00  5.34242145e+00 
 4.00000000e-01  4.00000000e-01  1.48000000e+00  1.31742374e-03  1.22985441e+00  1.58693900e+00  8.80214433e-01  1.84509678e+00  3.29846312e+01  1.27396493e+00  5.34242145e+00 
 4.10000000e-01  4.10000000e-01  1.48000000e+00  1.34060306e-03  1.22985441e+00  1.58693900e+00  8.80214433e-01  1.84509678e+00  3.29846312e+01  1.27396493e+00  5.34242145e+00 
 4.20000000e-01  4.20000000e-01  1.48000000e+00  1.36330578e-03  1.22985441e+00  1.58693900e+00  8.80214433e-01  1.84509678e+00  3.29846312e+01  1.27396493e+00  5.34242145e+00 
 4.30000000e-01  4.30000000e-01  1.48000000e+00  1.38553348e-03  1.22985441e+00  1.58693900e+00  8.80214433e-01  1.84509678e+00  3.29846312e+01  1.27396493e+00  5.34242145e+00 
 4.40000000e-01  4.40000000e-01  1.48000000e+00  1.40728799e-03  1.22985441e+00  1.58693900e+00  8.80214433e-01  1.84509678e+00  3.29846312e+01  1.27396493e+00  5.34242145e+00 
 4.50000000e-01  4.50000000e-01  1.48000000e+00  1.42857145e-03  1.22985441e+00  1.58693900e+00  8.80214433e-01  1.84509678e+00  3.29846312e+01  1.27396493e+00  5.34242145e+00 
 4.60000000e-01  4.60000000e-01  1.48000000e+00  1.44938630e-03  1.22985441e+00  1.58693900e+00  8.80214433e-01  1.84509678e+00  3.29846312e+01  1.27396493e+00  5.34242145e+00 
 4.70000000e-01  4.70000000e-01  1.48000000e+00  1.46973531e-03  1.22985441e+00  1.58693900e+00  8.80214433e-01  1.84509678e+00  3.29846312e+01  1.27396493e+00  5.34242145e+00 
 4.80000000e-01  4.80000000e-01  1.48000000e+00  1.48962160e-03  1.22985441e+00  1.58693900e+00  8.80214433e-01  1.84509678e+00  3.29846312e+01  1.27396493e+00  5.34242145e+00 
 4.90000000e-01  4.90000000e-01  1.48000000e+00  1.50904862e-03  1.22985441e+00  1.58693900e+00  8.80214433e-01  1.84509678e+00  3.29846312e+01  1.27396493e+00  5.34242145e+00 
 5.00000000e-01  5.00000000e-01  1.48000000e+00  1.52802022e-03  1.22985441e+00  1.58693900e+00  8.80214433e-01  1.84509678e+00  3.29846312e+01  1.27396493e+00  5.34242145e+00 
 5.10000000e-01  5.10000000e-01  1.48000000e+00  1.54654061e-03  1.22985441e+00  1.58693900e+00  8.80214433e-01  1.84509678e+00  3.29846312e+01  1.27396493e+00  5.34242145e+00 
 5.20000000e-01  5.20000000e-01  1.48000000e+00  1.56461441e-03  1.22985441e+00  1.58693900e+00  8.80214433e-01  1.84509678e+00  3.29846312e+01  1.27396493e+00  5.34242145e+00 
 5.30000000e-01  5.30000000e-01  1.48000000e+00  1.58224662e-03  1.22985441e+00  1.58693900e+00  8.80214433e-01  1.84509678e+00  3.29846312e+01  1.27396493e+00  5.34242145e+00 
 5.40000000e-01  5.40000000e-01  1.48000000e+00  1.59944263e-03  1.22985441e+00  1.58693900e+00  8.80214433e-01  1.84509678e+00  3.29846312e+01  1.27396493e+00  5.34242145e+00 
 5.50000000e-01  5.50000000e-01  1.48000000e+00  1.61620826e-03  1.22985441e+00  1.58693900e+00  8.80214433e-01  1.84509678e+00  3.29846312e+01  1.27396493e+00  5.34242145e+00 
 5.60000000e-01  5.60000000e-01  1.48000000e+00  1.63254970e-03  1.22985441e+00  1.58693900e+00  8.80214433e-01  1.84509678e+00  3.29846312e+01  1.27396493e+00  5.34242145e+00 
 5.70000000e-01  5.70000000e-01  1.48000000e+00  1.64847353e-03  1.22985441e+00  1.58693900e+00  8.80214433e-01  1.84509678e+00  3.29846312e+01  1.27396493e+00  5.34242145e+00 
 5.80000000e-01  5.80000000e-01  1.48000000e+00  1.66398673e-03  1.22985441e+00  1.58693900e+00  8.80214433e-01  1.84509678e+00  3.29846312e+01  1.27396493e+00  5.34242145e+00 
 5.90000000e-01  5.90000000e-01  1.48000000e+00  1.67909663e-03  1.22985441e+00  1.58693900e+00  8.80214433e-01  1.84509678e+00  3.29846312e+01  1.27396493e+00  5.34242145e+00 
 6.00000000e-01  6.00000000e-01  1.48000000e+00  1.69381089e-03  1.22985441e+00  1.58693900e+00  8.80214433e-01  1.84509678e+00  3.29846312e+01  1.27396493e+00  5.34242145e+00 
 6.10000000e-01  6.10000000e-01  1.48000000e+00  1.70813754e-03  1.22985441e+00  1.58693900e+00  8.80214433e-01  1.84509678e+00  3.29846312e+01  1.27396493e+00  5.34242145e+00 
 6.20000000e-01  6.20000000e-01  1.48000000e+00  1.72208486e-03  1.22985441e+00  1.58693900e+00  8.80214433e-01  1.84509678e+00  3.29846312e+01  1.27396493e+00  5.34242145e+00 
 6.30000000e-01  6.30000000e-01  1.48000000e+00  1.73566144e-03  1.22985441e+00  1.58693900e+00  8.80214433e-01  1.84509678e+00  3.29846312e+01  1.27396493e+00  5.34242145e+00 
 6.40000000e-01  6.40000000e-01  1.48000000e+00  1.74887611e-03  1.22985441e+00  1.58693900e+00  8.80214433e-01  1.84509678e+00  3.29846312e+01  1.27396493e+00  5.34242145e+00 
 6.50000000e-01  6.50000000e-01  1.48000000e+00  1.76173790e-03  1.22985441e+00  1.58693900e+00  8.80214433e-01  1.84509678e+00  3.29846312e+01  1.27396493e+00  5.34242145e+00 
 6.60000000e-01  6.60000000e-01  1.48000000e+00  1.77425602e-03  1.22985441e+00  1.58693900e+00  8.80214433e-01  1.84509678e+00  3.29846312e+01  1.27396493e+00  5.34242145e+00 
 6.70000000e-01  6.70000000e-01  1.48000000e+00  1.78643983e-03  1.22985441e+00  1.58693900e+00  8.80214433e-01  1.84509678e+00  3.29846312e+01  1.27396493e+00  5.34242145e+00 
 6.80000000e-01  6.80000000e-01  1.48000000e+00  1.79829881e-03  1.22985441e+00  1.58693900e+00  8.80214433e-01  1.84509678e+00  3.29846312e+01  1.27396493e+00  5.34242145e+00 
 6.90000000e-01  6.90000000e-01  1.48000000e+00  1.80984249e-03  1.22985441e+00  1.58693900e+00  8.80214433e-01  1.84509678e+00  3.29846312e+01  1.27396493e+00  5.34242145e+00 
 7.00000000e-01  7.00000000e-01  1.48000000e+00  1.82108047e-03  1.22985441e+00  1.58693900e+00  8.80214433e-01  1.84509678e+00  3.29846312e+01  1.27396493e+00  5.34242145e+00 
 7.10000000e-01  7.10000000e-01  1.48000000e+00  1.83202232e-03  1.22985441e+00  1.58693900e+00  8.80214433e-01  1.84509678e+00  3.29846312e+01  1.27396493e+00  5.34242145e+00 
 7.20000000e-01  7.20000000e-01  1.48000000e+00  1.84267763e-03  1.22985441e+00  1.58693900e+00  8.80214433e-01  1.84509678e+00  3.29846312e+01  1.27396493e+00  5.34242145e+00 
 7.30000000e-01  7.30000000e-01  1.48000000e+00  1.85305588e-03  1.22985441e+00  1.58693900e+00  8.80214433e-01  1.84509678e+00  3.29846312e+01  1.27396493e+00  5.34242145e+00 
 7.40000000e-01  7.40000000e-01  1.48000000e+00  1.86316650e-03  1.22985441e+00  1.58693900e+00  8.80214433e-01  1.84509678e+00  3.29846312e+01  1.27396493e+00  5.34242145e+00 
 7.50000000e-01  7.50000000e-01  1.48000000e+00  1.87301879e-03  1.22985441e+00  1.58693900e+00  8.80214433e-01  1.84509678e+00  3.29846312e+01  1.27396493e+00  5.34242145e+00 
 7.60000000e-01  7.60000000e-01  1.48000000e+00  1.88262192e-03  1.22985441e+00  1.58693900e+00  8.80214433e-01  1.84509678e+00  3.29846312e+01  1.27396493e+00  5.34242145e+00 
 7.70000000e-01  7.70000000e-01  1.48000000e+00  1.89198491e-03  1.22985441e+00  1.58693900e+00  8.80214433e-01  1.84509678e+00  3.29846312e+01  1.27396493e+00  5.34242145e+00 
 7.80000000e-01  7.80000000e-01  1.48000000e+00  1.90111656e-03  1.22985441e+00  1.58693900e+00  8.80214433e-01  1.84509678e+00  3.29846312e+01  1.27396493e+00  5.34242145e+00 
 7.90000000e-01  7.90000000e-01  1.48000000e+00  1.91002553e-03  1.22985441e+00  1.58693900e+00  8.80214433e-01  1.84509678e+00  3.29846312e+01  1.27396493e+00  5.34242145e+00 
 8.00000000e-01  8.00000000e-01  1.48000000e+00  1.91872022e-03  1.22985441e+00  1.58693900e+00  8.80214433e-01  1.84509678e+00  3.29846312e+01  1.27396493e+00  5.34242145e+00 
 8.10000000e-01  8.10000000e-01  1.48000000e+00  1.92720884e-03  1.22985441e+00  1.58693900e+00  8.80214433e-01  1.84509678e+00  3.29846312e+01  1.27396493e+00  5.34242145e+00 
 8.20000000e-01  8.20000000e-01  1.48000000e+00  1.93549936e-03  1.22985441e+00  1.58693900e+00  8.80214433e-01  1.84509678e+00  3.29846312e+01  1.27396493e+00  5.34242145e+00 
 8.30000000e-01  8.30000000e-01  1.48000000e+00  1.94359949e-03  1.22985441e+00  1.58693900e+00  8.80214433e-01  1.84509678e+00  3.29846312e+01  1.27396493e+00  5.34242145e+00 
 8.40000000e-01  8.40000000e-01  1.48000000e+00  1.95151673e-03  1.22985441e+00  1.58693900e+00  8.80214433e-01  1.84509678e+00  3.29846312e+01  1.27396493e+00  5.34242145e+00 
 8.50000000e-01  8.50000000e-01  1.48000000e+00  1.95925831e-03  1.22985441e+00  1.58693900e+00  8.80214433e-01  1.84509678e+00  3.29846312e+01  1.27396493e+00  5.34242145e+00 
 8.60000000e-01  8.60000000e-01  1.48000000e+00  1.96683120e-03  1.22985441e+00  1.58693900e+00  8.80214433e-01  1.84509678e+00  3.29846312e+01  1.27396493e+00  5.34242145e+00 
 8.70000000e-01  8.70000000e-01  1.48000000e+00  1.97424215e-03  1.22985441e+00  1.58693900e+00  8.80214433e-01  1.84509678e+00  3.29846312e+01  1.27396493e+00  5.34242145e+00 
 8.80000000e-01  8.80000000e-01  1.48000000e+00  1.98149763e-03  1.22985441e+00  1.58693900e+00  8.80214433e-01  1.84509678e+00  3.29846312e+01  1.27396493e+00  5.34242145e+00 
 8.90000000e-01  8.90000000e-01  1.48000000e+00  1.98860389e-03  1.22985441e+00  1.58693900e+00  8.80214433e-01  1.84509678e+00  3.29846312e+01  1.27396493e+00  5.34242145e+00 
 9.00000000e-01  9.00000000e-01  1.48000000e+00  1.99556692e-03  1.22985441e+00  1.58693900e+00  8.80214433e-01  1.84509678e+00  3.29846312e+01  1.27396493e+00  5.34242145e+00 
 9.10000000e-01  9.10000000e-01  1.48000000e+00  2.00239248e-03  1.22985441e+00  1.58693900e+00  8.80214433e-01  1.84509678e+00  3.29846312e+01  1.27396493e+00  5.34242145e+00 
 9.20000000e-01  9.20000000e-01  1.48000000e+00  2.00908609e-03  1.22985441e+00  1.58693900e+00  8.80214433e-01  1.84509678e+00  3.29846312e+01  1.27396493e+00  5.34242145e+00 
 9.30000000e-01  9.30000000e-01  1.48000000e+00  2.01565304e-03  1.22985441e+00  1.58693900e+00  8.80214433e-01  1.84509678e+00  3.29846312e+01  1.27396493e+00  5.34242145e+00 
 9.40000000e-01  9.40000000e-01  1.48000000e+00  2.02209841e-03  1.22985441e+00  1.58693900e+00  8.80214433e-01  1.84509678e+00  3.29846312e+01  1.27396493e+00  5.34242145e+00 
 9.50000000e-01  9.50000000e-01  1.48000000e+00  2.02842705e-03  1.22985441e+00  1.58693900e+00  8.80214433e-01  1.84509678e+00  3.29846312e+01  1.27396493e+00  5.34242145e+00 
 9.60000000e-01  9.60000000e-01  1.48000000e+00  2.03464362e-03  1.22985441e+00  1.58693900e+00  8.80214433e-01  1.84509678e+00  3.29846312e+01  1.27396493e+00  5.34242145e+00 
 9.70000000e-01  9.70000000e-01  1.48000000e+00  2.04075256e-03  1.22985441e+00  1.58693900e+00  8.80214433e-01  1.84509678e+00  3.29846312e+01  1.27396493e+00  5.34242145e+00 
 9.80000000e-01  9.80000000e-01  1.48000000e+00  2.04675813e-03  1.22985441e+00  1.58693900e+00  8.80214433e-01  1.84509678e+00  3.29846312e+01  1.27396493e+00  5.34242145e+00 
 9.90000000e-01  9.90000000e-01  1.48000000e+00  2.05266439e-03  1.22985441e+00  1.58693900e+00  8.80214433e-01  1.84509678e+00  3.29846312e+01  1.27396493e+00  5.34242145e+00 
 1.00000000e+00  1.00000000e+00  1.48000000e+00  2.05847523e-03  1.22985441e+00  1.58693900e+00  8.80214433e-01  1.84509678e+00  3.29846312e+01  1.27396493e+00  5.34242145e+00 
 1.01000000e+00  1.01000000e+00  1.48000000e+00  2.06419437e-03  1.22985441e+00  1.58693900e+00  8.80214433e-01  1.84509678e+00  3.29846312e+01  1.27396493e+00  5.34242145e+00 
 1.02000000e+00  1.02000000e+00  1.48000000e+00  2.06982535e-03  1.22985441e+00  1.58693900e+00  8.80214433e-01  1.84509678e+00  3.29846312e+01  1.27396493e+00  5.34242145e+00 
 1.03000000e+00  1.03000000e+00  1.48000000e+00  2.07537158e-03  1.22985441e+00  1.58693900e+00  8.80214433e-01  1.84509678e+00  3.29846312e+01  1.27396493e+00  5.34242145e+00 
 1.04000000e+00  1.04000000e+00  1.48000000e+00  2.08083628e-03  1.22985441e+00  1.58693900e+00  8.80214433e-01  1.84509678e+00  3.29846312e+01  1.27396493e+00  5.34242145e+00 
 1.05000000e+00  1.05000000e+00  1.48000000e+00  2.08622255e-03  1.22985441e+00  1.58693900e+00  8.80214433e-01  1.84509678e+00  3.29846312e+01  1.27396493e+00  5.34242145e+00 
 1.06000000e+00  1.06000000e+00  1.48000000e+00  2.09153336e-03  1.22985441e+00  1.58693900e+00  8.80214433e-01  1.84509678e+00  3.29846312e+01  1.27396493e+00  5.34242145e+00 
 1.07000000e+00  1.07000000e+00  1.48000000e+00  2.09677152e-03  1.22985441e+00  1.58693900e+00  8.80214433e-01  1.84509678e+00  3.29846312e+01  1.27396493e+00  5.34242145e+00 
 1.08000000e+00  1.08000000e+00  1.48000000e+00  2.10193973e-03  1.22985441e+00  1.58693900e+00  8.80214433e-01  1.84509678e+00  3.29846312e+01  1.27396493e+00  5.34242145e+00 
 1.09000000e+00  1.09000000e+00  1.48000000e+00  2.10704058e-03  1.22985441e+00  1.58693900e+00  8.80214433e-01  1.84509678e+00  3.29846312e+01  1.27396493e+00  5.34242145e+00 
 1.10000000e+00  1.10000000e+00  1.48000000e+00  2.11207652e-03  1.22985441e+00  1.58693900e+00  8.80214433e-01  1.84509678e+00  3.29846312e+01  1.27396493e+00  5.34242145e+00 
 1.11000000e+00  1.11000000e+00  1.48000000e+00  2.11704992e-03  1.22985441e+00  1.58693900e+00  8.80214433e-01  1.84509678e+00  3.29846312e+01  1.27396493e+00  5.34242145e+00 
 1.12000000e+00  1.12000000e+00  1.48000000e+00  2.12196302e-03  1.22985441e+00  1.58693900e+00  8.80214433e-01  1.84509678e+00  3.29846312e+01  1.27396493e+00  5.34242145e+00 
 1.13000000e+00  1.13000000e+00  1.48000000e+00  2.12681797e-03  1.22985441e+00  1.58693900e+00  8.80214433e-01  1.84509678e+00  3.29846312e+01  1.27396493e+00  5.34242145e+00 
 1.14000000e+00  1.14000000e+00  1.48000000e+00  2.13161684e-03  1.22985441e+00  1.58693900e+00  8.80214433e-01  1.84509678e+00  3.29846312e+01  1.27396493e+00  5.34242145e+00 
 1.15000000e+00  1.15000000e+00  1.48000000e+00  2.13636159e-03  1.22985441e+00  1.58693900e+00  8.80214433e-01  1.84509678e+00  3.29846312e+01  1.27396493e+00  5.34242145e+00 
 1.16000000e+00  1.16000000e+00  1.48000000e+00  2.14105411e-03  1.22985441e+00  1.58693900e+00  8.80214433e-01  1.84509678e+00  3.29846312e+01  1.27396493e+00  5.34242145e+00 
 1.17000000e+00  1.17000000e+00  1.48000000e+00  2.14569619e-03  1.22985441e+00  1.58693900e+00  8.80214433e-01  1.84509678e+00  3.29846312e+01  1.27396493e+00  5.34242145e+00 
 1.18000000e+00  1.18000000e+00  1.48000000e+00  2.15028957e-03  1.22985441e+00  1.58693900e+00  8.80214433e-01  1.84509678e+00  3.29846312e+01  1.27396493e+00  5.34242145e+00 
 1.19000000e+00  1.19000000e+00  1.48000000e+00  2.15483588e-03  1.22985441e+00  1.58693900e+00  8.80214433e-01  1.84509678e+00  3.29846312e+01  1.27396493e+00  5.34242145e+00 
 1.20000000e+00  1.20000000e+00  1.48000000e+00  2.15933672e-03  1.22985441e+00  1.58693900e+00  8.80214433e-01  1.84509678e+00  3.29846312e+01  1.27396493e+00  5.34242145e+00 
 1.21000000e+00  1.21000000e+00  1.48000000e+00  2.16379359e-03  1.22985441e+00  1.58693900e+00  8.80214433e-01  1.84509678e+00  3.29846312e+01  1.27396493e+00  5.34242145e+00 
 1.22000000e+00  1.22000000e+00  1.48000000e+00  2.16820795e-03  1.22985441e+00  1.58693900e+00  8.80214433e-01  1.84509678e+00  3.29846312e+01  1.27396493e+00  5.34242145e+00 
 1.23000000e+00  1.23000000e+00  1.48000000e+00  2.17258118e-03  1.22985441e+00  1.58693900e+00  8.80214433e-01  1.84509678e+00  3.29846312e+01  1.27396493e+00  5.34242145e+00 
 1.24000000e+00  1.24000000e+00  1.48000000e+00  2.17691462e-03  1.22985441e+00  1.58693900e+00  8.80214433e-01  1.84509678e+00  3.29846312e+01  1.27396493e+00  5.34242145e+00 
 1.25000000e+00  1.25000000e+00  1.48000000e+00  2.18120954e-03  1.22985441e+00  1.58693900e+00  8.80214433e-01  1.84509678e+00  3.29846312e+01  1.27396493e+00  5.34242145e+00 
 1.26000000e+00  1.26000000e+00  1.48000000e+00  2.18546718e-03  1.22985441e+00  1.58693900e+00  8.80214433e-01  1.84509678e+00  3.29846312e+01  1.27396493e+00  5.34242145e+00 
 1.27000000e+00  1.27000000e+00  1.48000000e+00  2.18968870e-03  1.22985441e+00  1.58693900e+00  8.80214433e-01  1.84509678e+00  3.29846312e+01  1.27396493e+00  5.34242145e+00 
 1.28000000e+00  1.28000000e+00  1.48000000e+00  2.19387523e-03  1.22985441e+00  1.58693900e+00  8.80214433e-01  1.84509678e+00  3.29846312e+01  1.27396493e+00  5.34242145e+00 
 1.29000000e+00  1.29000000e+00  1.48000000e+00  2.19802786e-03  1.22985441e+00  1.58693900e+00  8.80214433e-01  1.84509678e+00  3.29846312e+01  1.27396493e+00  5.34242145e+00 
 1.30000000e+00  1.30000000e+00  1.48000000e+00  2.20214763e-03  1.22985441e+00  1.58693900e+00  8.80214433e-01  1.84509678e+00  3.29846312e+01  1.27396493e+00  5.34242145e+00 
 1.31000000e+00  1.31000000e+00  1.48000000e+00  2.20623554e-03  1.22985441e+00  1.58693900e+00  8.80214433e-01  1.84509678e+00  3.29846312e+01  1.27396493e+00  5.34242145e+00 
 1.32000000e+00  1.32000000e+00  1.48000000e+00  2.21029254e-03  1.22985441e+00  1.58693900e+00  8.80214433e-01  1.84509678e+00  3.29846312e+01  1.27396493e+00  5.34242145e+00 
 1.33000000e+00  1.33000000e+00  1.48000000e+00  2.21431956e-03  1.22985441e+00  1.58693900e+00  8.80214433e-01  1.84509678e+00  3.29846312e+01  1.27396493e+00  5.34242145e+00 
 1.34000000e+00  1.34000000e+00  1.48000000e+00  2.21831749e-03  1.22985441e+00  1.58693900e+00  8.80214433e-01  1.84509678e+00  3.29846312e+01  1.27396493e+00  5.34242145e+00 
 1.35000000e+00  1.35000000e+00  1.48000000e+00  2.22228717e-03  1.22985441e+00  1.58693900e+00  8.80214433e-01  1.84509678e+00  3.29846312e+01  1.27396493e+00  5.34242145e+00 
 1.36000000e+00  1.36000000e+00  1.48000000e+00  2.22622944e-03  1.22985441e+00  1.58693900e+00  8.80214433e-01  1.84509678e+00  3.29846312e+01  1.27396493e+00  5.34242145e+00 
 1.37000000e+00  1.37000000e+00  1.48000000e+00  2.23014507e-03  1.22985441e+00  1.58693900e+00  8.80214433e-01  1.84509678e+00  3.29846312e+01  1.27396493e+00  5.34242145e+00 
 1.38000000e+00  1.38000000e+00  1.48000000e+00  2.23403484e-03  1.22985441e+00  1.58693900e+00  8.80214433e-01  1.84509678e+00  3.29846312e+01  1.27396493e+00  5.34242145e+00 
 1.39000000e+00  1.39000000e+00  1.48000000e+00  2.23789947e-03  1.22985441e+00  1.58693900e+00  8.80214433e-01  1.84509678e+00  3.29846312e+01  1.27396493e+00  5.34242145e+00 
 1.40000000e+00  1.40000000e+00  1.48000000e+00  2.24173966e-03  1.22985441e+00  1.58693900e+00  8.80214433e-01  1.84509678e+00  3.29846312e+01  1.27396493e+00  5.34242145e+00 
 1.41000000e+00  1.41000000e+00  1.48000000e+00  2.24555610e-03  1.22985441e+00  1.58693900e+00  8.80214433e-01  1.84509678e+00  3.29846312e+01  1.27396493e+00  5.34242145e+00 
 1.42000000e+00  1.42000000e+00  1.48000000e+00  2.24934945e-03  1.22985441e+00  1.58693900e+00  8.80214433e-01  1.84509678e+00  3.29846312e+01  1.27396493e+00  5.34242145e+00 
 1.43000000e+00  1.43000000e+00  1.48000000e+00  2.25312033e-03  1.22985441e+00  1.58693900e+00  8.80214433e-01  1.84509678e+00  3.29846312e+01  1.27396493e+00  5.34242145e+00 
 1.44000000e+00  1.44000000e+00  1.48000000e+00  2.25686935e-03  1.22985441e+00  1.58693900e+00  8.80214433e-01  1.84509678e+00  3.29846312e+01  1.27396493e+00  5.34242145e+00 
 1.45000000e+00  1.45000000e+00  1.48000000e+00  2.26059710e-03  1.22985441e+00  1.58693900e+00  8.80214433e-01  1.84509678e+00  3.29846312e+01  1.27396493e+00  5.34242145e+00 
 1.46000000e+00  1.46000000e+00  1.48000000e+00  2.26430414e-03  1.22985441e+00  1.58693900e+00  8.80214433e-01  1.84509678e+00  3.29846312e+01  1.27396493e+00  5.34242145e+00 
 1.47000000e+00  1.47000000e+00  1.48000000e+00  2.26799103e-03  1.22985441e+00  1.58693900e+00  8.80214433e-01  1.84509678e+00  3.29846312e+01  1.27396493e+00  5.34242145e+00 
 1.48000000e+00  1.48000000e+00  1.48000000e+00  2.27165829e-03  1.22985441e+00  1.58693900e+00  8.80214433e-01  1.84509678e+00  3.29846312e+01  1.27396493e+00  5.34242145e+00 
 1.49000000e+00  1.49000000e+00  1.48000000e+00  2.27530643e-03  1.22985441e+00  1.58693900e+00  8.80214433e-01  1.84509678e+00  3.29846312e+01  1.27396493e+00  5.34242145e+00 
 1.50000000e+00  1.50000000e+00  1.48000000e+00  2.27893594e-03  1.22985441e+00  1.58693900e+00  8.80214433e-01  1.84509678e+00  3.29846312e+01  1.27396493e+00  5.34242145e+00 
 1.51000000e+00  1.51000000e+00  1.48000000e+00  2.28254730e-03  1.22985441e+00  1.58693900e+00  8.80214433e-01  1.84509678e+00  3.29846312e+01  1.27396493e+00  5.34242145e+00 
 1.52000000e+00  1.52000000e+00  1.48000000e+00  2.28614097e-03  1.22985441e+00  1.58693900e+00  8.80214433e-01  1.84509678e+00  3.29846312e+01  1.27396493e+00  5.34242145e+00 
 1.53000000e+00  1.53000000e+00  1.48000000e+00  2.28971739e-03  1.22985441e+00  1.58693900e+00  8.80214433e-01  1.84509678e+00  3.29846312e+01  1.27396493e+00  5.34242145e+00 
 1.54000000e+00  1.54000000e+00  1.48000000e+00  2.29327700e-03  1.22985441e+00  1.58693900e+00  8.80214433e-01  1.84509678e+00  3.29846312e+01  1.27396493e+00  5.34242145e+00 
 1.55000000e+00  1.55000000e+00  1.48000000e+00  2.29682021e-03  1.22985441e+00  1.58693900e+00  8.80214433e-01  1.84509678e+00  3.29846312e+01  1.27396493e+00  5.34242145e+00 
 1.56000000e+00  1.56000000e+00  1.48000000e+00  2.30034741e-03  1.22985441e+00  1.58693900e+00  8.80214433e-01  1.84509678e+00  3.29846312e+01  1.27396493e+00  5.34242145e+00 
 1.57000000e+00  1.57000000e+00  1.48000000e+00  2.30385901e-03  1.22985441e+00  1.58693900e+00  8.80214433e-01  1.84509678e+00  3.29846312e+01  1.27396493e+00  5.34242145e+00 
 1.58000000e+00  1.58000000e+00  1.48000000e+00  2.30735538e-03  1.22985441e+00  1.58693900e+00  8.80214433e-01  1.84509678e+00  3.29846312e+01  1.27396493e+00  5.34242145e+00 
 1.59000000e+00  1.59000000e+00  1.48000000e+00  2.31083688e-03  1.22985441e+00  1.58693900e+00  8.80214433e-01  1.84509678e+00  3.29846312e+01  1.27396493e+00  5.34242145e+00 
 1.60000000e+00  1.60000000e+00  1.48000000e+00  2.31430387e-03  1.22985441e+00  1.58693900e+00  8.80214433e-01  1.84509678e+00  3.29846312e+01  1.27396493e+00  5.34242145e+00 
 1.61000000e+00  1.61000000e+00  1.48000000e+00  2.31775669e-03  1.22985441e+00  1.58693900e+00  8.80214433e-01  1.84509678e+00  3.29846312e+01  1.27396493e+00  5.34242145e+00 
 1.62000000e+00  1.62000000e+00  1.48000000e+00  2.32119567e-03  1.22985441e+00  1.58693900e+00  8.80214433e-01  1.84509678e+00  3.29846312e+01  1.27396493e+00  5.34242145e+00 
 1.63000000e+00  1.63000000e+00  1.48000000e+00  2.32462113e-03  1.22985441e+00  1.58693900e+00  8.80214433e-01  1.84509678e+00  3.29846312e+01  1.27396493e+00  5.34242145e+00 
 1.64000000e+00  1.64000000e+00  1.48000000e+00  2.32803339e-03  1.22985441e+00  1.58693900e+00  8.80214433e-01  1.84509678e+00  3.29846312e+01  1.27396493e+00  5.34242145e+00 
 1.65000000e+00  1.65000000e+00  1.48000000e+00  2.33143274e-03  1.22985441e+00  1.58693900e+00  8.80214433e-01  1.84509678e+00  3.29846312e+01  1.27396493e+00  5.34242145e+00 
 1.66000000e+00  1.66000000e+00  1.48000000e+00  2.33481949e-03  1.22985441e+00  1.58693900e+00  8.80214433e-01  1.84509678e+00  3.29846312e+01  1.27396493e+00  5.34242145e+00 
 1.67000000e+00  1.67000000e+00  1.48000000e+00  2.33819391e-03  1.22985441e+00  1.58693900e+00  8.80214433e-01  1.84509678e+00  3.29846312e+01  1.27396493e+00  5.34242145e+00 
 1.68000000e+00  1.68000000e+00  1.48000000e+00  2.34155629e-03  1.22985441e+00  1.58693900e+00  8.80214433e-01  1.84509678e+00  3.29846312e+01  1.27396493e+00  5.34242145e+00 
 1.69000000e+00  1.69000000e+00  1.48000000e+00  2.34490688e-03  1.22985441e+00  1.58693900e+00  8.80214433e-01  1.84509678e+00  3.29846312e+01  1.27396493e+00  5.34242145e+00 
 1.70000000e+00  1.70000000e+00  1.48000000e+00  2.34824595e-03  1.22985441e+00  1.58693900e+00  8.80214433e-01  1.84509678e+00  3.29846312e+01  1.27396493e+00  5.34242145e+00 
 1.71000000e+00  1.71000000e+00  1.48000000e+00  2.35157376e-03  1.22985441e+00  1.58693900e+00  8.80214433e-01  1.84509678e+00  3.29846312e+01  1.27396493e+00  5.34242145e+00 
 1.72000000e+00  1.72000000e+00  1.48000000e+00  2.35489054e-03  1.22985441e+00  1.58693900e+00  8.80214433e-01  1.84509678e+00  3.29846312e+01  1.27396493e+00  5.34242145e+00 
 1.73000000e+00  1.73000000e+00  1.48000000e+00  2.35819655e-03  1.22985441e+00  1.58693900e+00  8.80214433e-01  1.84509678e+00  3.29846312e+01  1.27396493e+00  5.34242145e+00 
 1.74000000e+00  1.74000000e+00  1.48000000e+00  2.36149200e-03  1.22985441e+00  1.58693900e+00  8.80214433e-01  1.84509678e+00  3.29846312e+01  1.27396493e+00  5.34242145e+00 
 1.75000000e+00  1.75000000e+00  1.48000000e+00  2.36477712e-03  1.22985441e+00  1.58693900e+00  8.80214433e-01  1.84509678e+00  3.29846312e+01  1.27396493e+00  5.34242145e+00 
 1.76000000e+00  1.76000000e+00  1.48000000e+00  2.36805215e-03  1.22985441e+00  1.58693900e+00  8.80214433e-01  1.84509678e+00  3.29846312e+01  1.27396493e+00  5.34242145e+00 
 1.77000000e+00  1.77000000e+00  1.48000000e+00  2.37131727e-03  1.22985441e+00  1.58693900e+00  8.80214433e-01  1.84509678e+00  3.29846312e+01  1.27396493e+00  5.34242145e+00 
 1.78000000e+00  1.78000000e+00  1.48000000e+00  2.37457272e-03  1.22985441e+00  1.58693900e+00  8.80214433e-01  1.84509678e+00  3.29846312e+01  1.27396493e+00  5.34242145e+00 
 1.79000000e+00  1.79000000e+00  1.48000000e+00  2.37781868e-03  1.22985441e+00  1.58693900e+00  8.80214433e-01  1.84509678e+00  3.29846312e+01  1.27396493e+00  5.34242145e+00 
 1.80000000e+00  1.80000000e+00  1.48000000e+00  2.38105535e-03  1.22985441e+00  1.58693900e+00  8.80214433e-01  1.84509678e+00  3.29846312e+01  1.27396493e+00  5.34242145e+00 
 1.81000000e+00  1.81000000e+00  1.48000000e+00  2.38428294e-03  1.22985441e+00  1.58693900e+00  8.80214433e-01  1.84509678e+00  3.29846312e+01  1.27396493e+00  5.34242145e+00 
 1.82000000e+00  1.82000000e+00  1.48000000e+00  2.38750161e-03  1.22985441e+00  1.58693900e+00  8.80214433e-01  1.84509678e+00  3.29846312e+01  1.27396493e+00  5.34242145e+00 
 1.83000000e+00  1.83000000e+00  1.48000000e+00  2.39071156e-03  1.22985441e+00  1.58693900e+00  8.80214433e-01  1.84509678e+00  3.29846312e+01  1.27396493e+00  5.34242145e+00 
 1.84000000e+00  1.84000000e+00  1.48000000e+00  2.39391296e-03  1.22985441e+00  1.58693900e+00  8.80214433e-01  1.84509678e+00  3.29846312e+01  1.27396493e+00  5.34242145e+00 
 1.85000000e+00  1.85000000e+00  1.48000000e+00  2.39710599e-03  1.22985441e+00  1.58693900e+00  8.80214433e-01  1.84509678e+00  3.29846312e+01  1.27396493e+00  5.34242145e+00 
