 0.00000000e+00  1.48000000e+00  0.00000000e+00  1.48148160e-12  1.34307912e+00  1.81672010e+00  1.06257996e+00  1.61961282e+00  3.40171292e+01  1.51611170e+00  5.53598221e+00 
 1.00000000e-02  1.48000000e+00  1.00000000e-02  1.48148160e-12  1.34307912e+00  1.81672010e+00  1.06257996e+00  1.61961282e+00  3.40171292e+01  1.51611170e+00  5.53598221e+00 
 2.00000000e-02  1.48000000e+00  2.00000000e-02  1.48148160e-12  1.34307912e+00  1.81672010e+00  1.06257996e+00  1.61961282e+00  3.40171292e+01  1.51611170e+00  5.53598221e+00 
 3.00000000e-02  1.48000000e+00  3.00000000e-02  1.48148160e-12  1.34307912e+00  1.81672010e+00  1.06257996e+00  1.61961282e+00  3.40171292e+01  1.51611170e+00  5.53598221e+00 
 4.00000000e-02  1.48000000e+00  4.00000000e-02  1.48148160e-12  1.34307912e+00  1.81672010e+00  1.06257996e+00  1.61961282e+00  3.40171292e+01  1.51611170e+00  5.53598221e+00 
 5.00000000e-02  1.48000000e+00  5.00000000e-02  1.48148160e-12  1.34307912e+00  1.81672010e+00  1.06257996e+00  1.61961282e+00  3.40171292e+01  1.51611170e+00  5.53598221e+00 
 6.00000000e-02  1.48000000e+00  6.00000000e-02  1.48148160e-12  1.34307912e+00  1.81672010e+00  1.06257996e+00  1.61961282e+00  3.40171292e+01  1.51611170e+00  5.53598221e+00 
 7.00000000e-02  1.48000000e+00  7.00000000e-02  1.48148160e-12  1.34307912e+00  1.81672010e+00  1.06257996e+00  1.61961282e+00  3.40171292e+01  1.51611170e+00  5.53598221e+00 
 8.00000000e-02  1.48000000e+00  8.00000000e-02  1.48148160e-12  1.34307912e+00  1.81672010e+00  1.06257996e+00  1.61961282e+00  3.40171292e+01  1.51611170e+00  5.53598221e+00 
 9.00000000e-02  1.48000000e+00  9.00000000e-02  1.48148160e-12  1.34307912e+00  1.81672010e+00  1.06257996e+00  1.61961282e+00  3.40171292e+01  1.51611170e+00  5.53598221e+00 
 1.00000000e-01  1.48000000e+00  1.00000000e-01  1.48148160e-12  1.34307912e+00  1.81672010e+00  1.06257996e+00  1.61961282e+00  3.40171292e+01  1.51611170e+00  5.53598221e+00 
 1.10000000e-01  1.48000000e+00  1.10000000e-01  1.48148160e-12  1.34307912e+00  1.81672010e+00  1.06257996e+00  1.61961282e+00  3.40171292e+01  1.51611170e+00  5.53598221e+00 
 1.20000000e-01  1.48000000e+00  1.20000000e-01  1.48148160e-12  1.34307912e+00  1.81672010e+00  1.06257996e+00  1.61961282e+00  3.40171292e+01  1.51611170e+00  5.53598221e+00 
 1.30000000e-01  1.48000000e+00  1.30000000e-01  1.48148160e-12  1.34307912e+00  1.81672010e+00  1.06257996e+00  1.61961282e+00  3.40171292e+01  1.51611170e+00  5.53598221e+00 
 1.40000000e-01  1.48000000e+00  1.40000000e-01  1.48148160e-12  1.34307912e+00  1.81672010e+00  1.06257996e+00  1.61961282e+00  3.40171292e+01  1.51611170e+00  5.53598221e+00 
 1.50000000e-01  1.48000000e+00  1.50000000e-01  1.48148160e-12  1.34307912e+00  1.81672010e+00  1.06257996e+00  1.61961282e+00  3.40171292e+01  1.51611170e+00  5.53598221e+00 
 1.60000000e-01  1.48000000e+00  1.60000000e-01  1.48148160e-12  1.34307912e+00  1.81672010e+00  1.06257996e+00  1.61961282e+00  3.40171292e+01  1.51611170e+00  5.53598221e+00 
 1.70000000e-01  1.48000000e+00  1.70000000e-01  1.48148160e-12  1.34307912e+00  1.81672010e+00  1.06257996e+00  1.61961282e+00  3.40171292e+01  1.51611170e+00  5.53598221e+00 
 1.80000000e-01  1.48000000e+00  1.80000000e-01  1.48148160e-12  1.34307912e+00  1.81672010e+00  1.06257996e+00  1.61961282e+00  3.40171292e+01  1.51611170e+00  5.53598221e+00 
 1.90000000e-01  1.48000000e+00  1.90000000e-01  1.48148160e-12  1.34307912e+00  1.81672010e+00  1.06257996e+00  1.61961282e+00  3.40171292e+01  1.51611170e+00  5.53598221e+00 
 2.00000000e-01  1.48000000e+00  2.00000000e-01  1.48148160e-12  1.34307912e+00  1.81672010e+00  1.06257996e+00  1.61961282e+00  3.40171292e+01  1.51611170e+00  5.53598221e+00 
 2.10000000e-01  1.48000000e+00  2.10000000e-01  1.48148160e-12  1.34307912e+00  1.81672010e+00  1.06257996e+00  1.61961282e+00  3.40171292e+01  1.51611170e+00  5.53598221e+00 
 2.20000000e-01  1.48000000e+00  2.20000000e-01  1.48148160e-12  1.34307912e+00  1.81672010e+00  1.06257996e+00  1.61961282e+00  3.40171292e+01  1.51611170e+00  5.53598221e+00 
 2.30000000e-01  1.48000000e+00  2.30000000e-01  1.48148160e-12  1.34307912e+00  1.81672010e+00  1.06257996e+00  1.61961282e+00  3.40171292e+01  1.51611170e+00  5.53598221e+00 
 2.40000000e-01  1.48000000e+00  2.40000000e-01  1.48148160e-12  1.34307912e+00  1.81672010e+00  1.06257996e+00  1.61961282e+00  3.40171292e+01  1.51611170e+00  5.53598221e+00 
 2.50000000e-01  1.48000000e+00  2.50000000e-01  1.48148160e-12  1.34307912e+00  1.81672010e+00  1.06257996e+00  1.61961282e+00  3.40171292e+01  1.51611170e+00  5.53598221e+00 
 2.60000000e-01  1.48000000e+00  2.60000000e-01  1.48148160e-12  1.34307912e+00  1.81672010e+00  1.06257996e+00  1.61961282e+00  3.40171292e+01  1.51611170e+00  5.53598221e+00 
 2.70000000e-01  1.48000000e+00  2.70000000e-01  1.48148160e-12  1.34307912e+00  1.81672010e+00  1.06257996e+00  1.61961282e+00  3.40171292e+01  1.51611170e+00  5.53598221e+00 
 2.80000000e-01  1.48000000e+00  2.80000000e-01  1.48148160e-12  1.34307912e+00  1.81672010e+00  1.06257996e+00  1.61961282e+00  3.40171292e+01  1.51611170e+00  5.53598221e+00 
 2.90000000e-01  1.48000000e+00  2.90000000e-01  1.48148160e-12  1.34307912e+00  1.81672010e+00  1.06257996e+00  1.61961282e+00  3.40171292e+01  1.51611170e+00  5.53598221e+00 
 3.00000000e-01  1.48000000e+00  3.00000000e-01  1.48148160e-12  1.34307912e+00  1.81672010e+00  1.06257996e+00  1.61961282e+00  3.40171292e+01  1.51611170e+00  5.53598221e+00 
 3.10000000e-01  1.48000000e+00  3.10000000e-01  1.48148160e-12  1.34307912e+00  1.81672010e+00  1.06257996e+00  1.61961282e+00  3.40171292e+01  1.51611170e+00  5.53598221e+00 
 3.20000000e-01  1.48000000e+00  3.20000000e-01  1.48148160e-12  1.34307912e+00  1.81672010e+00  1.06257996e+00  1.61961282e+00  3.40171292e+01  1.51611170e+00  5.53598221e+00 
 3.30000000e-01  1.48000000e+00  3.30000000e-01  1.48148160e-12  1.34307912e+00  1.81672010e+00  1.06257996e+00  1.61961282e+00  3.40171292e+01  1.51611170e+00  5.53598221e+00 
 3.40000000e-01  1.48000000e+00  3.40000000e-01  1.48148160e-12  1.34307912e+00  1.81672010e+00  1.06257996e+00  1.61961282e+00  3.40171292e+01  1.51611170e+00  5.53598221e+00 
 3.50000000e-01  1.48000000e+00  3.50000000e-01  1.48148160e-12  1.34307912e+00  1.81672010e+00  1.06257996e+00  1.61961282e+00  3.40171292e+01  1.51611170e+00  5.53598221e+00 
 3.60000000e-01  1.48000000e+00  3.60000000e-01  1.48148160e-12  1.34307912e+00  1.81672010e+00  1.06257996e+00  1.61961282e+00  3.40171292e+01  1.51611170e+00  5.53598221e+00 
 3.70000000e-01  1.48000000e+00  3.70000000e-01  1.48148160e-12  1.34307912e+00  1.81672010e+00  1.06257996e+00  1.61961282e+00  3.40171292e+01  1.51611170e+00  5.53598221e+00 
 3.80000000e-01  1.48000000e+00  3.80000000e-01  1.48148160e-12  1.34307912e+00  1.81672010e+00  1.06257996e+00  1.61961282e+00  3.40171292e+01  1.51611170e+00  5.53598221e+00 
 3.90000000e-01  1.48000000e+00  3.90000000e-01  1.48148160e-12  1.34307912e+00  1.81672010e+00  1.06257996e+00  1.61961282e+00  3.40171292e+01  1.51611170e+00  5.53598221e+00 
 4.00000000e-01  1.48000000e+00  4.00000000e-01  1.48148160e-12  1.34307912e+00  1.81672010e+00  1.06257996e+00  1.61961282e+00  3.40171292e+01  1.51611170e+00  5.53598221e+00 
 4.10000000e-01  1.48000000e+00  4.10000000e-01  1.48148160e-12  1.34307912e+00  1.81672010e+00  1.06257996e+00  1.61961282e+00  3.40171292e+01  1.51611170e+00  5.53598221e+00 
 4.20000000e-01  1.48000000e+00  4.20000000e-01  1.48148160e-12  1.34307912e+00  1.81672010e+00  1.06257996e+00  1.61961282e+00  3.40171292e+01  1.51611170e+00  5.53598221e+00 
 4.30000000e-01  1.48000000e+00  4.30000000e-01  1.48148160e-12  1.34307912e+00  1.81672010e+00  1.06257996e+00  1.61961282e+00  3.40171292e+01  1.51611170e+00  5.53598221e+00 
 4.40000000e-01  1.48000000e+00  4.40000000e-01  1.48148160e-12  1.34307912e+00  1.81672010e+00  1.06257996e+00  1.61961282e+00  3.40171292e+01  1.51611170e+00  5.53598221e+00 
 4.50000000e-01  1.48000000e+00  4.50000000e-01  1.48325796e-12  1.34307912e+00  1.81672010e+00  1.06257996e+00  1.61961282e+00  3.40171292e+01  1.51611170e+00  5.53598221e+00 
 4.60000000e-01  1.48000000e+00  4.60000000e-01  1.48503432e-12  1.34307912e+00  1.81672010e+00  1.06257996e+00  1.61961282e+00  3.40171292e+01  1.51611170e+00  5.53598221e+00 
 4.70000000e-01  1.48000000e+00  4.70000000e-01  1.48503432e-12  1.34307912e+00  1.81672010e+00  1.06257996e+00  1.61961282e+00  3.40171292e+01  1.51611170e+00  5.53598221e+00 
 4.80000000e-01  1.48000000e+00  4.80000000e-01  1.49391610e-12  1.34307912e+00  1.81672010e+00  1.06257996e+00  1.61961282e+00  3.40171292e+01  1.51611170e+00  5.53598221e+00 
 4.90000000e-01  1.48000000e+00  4.90000000e-01  1.50990331e-12  1.34307912e+00  1.81672010e+00  1.06257996e+00  1.61961282e+00  3.40171292e+01  1.51611170e+00  5.53598221e+00 
 5.00000000e-01  1.48000000e+00  5.00000000e-01  1.55608859e-12  1.34307912e+00  1.81672010e+00  1.06257996e+00  1.61961282e+00  3.40171292e+01  1.51611170e+00  5.53598221e+00 
 5.10000000e-01  1.48000000e+00  5.10000000e-01  1.67688086e-12  1.34307912e+00  1.81672010e+00  1.06257996e+00  1.61961282e+00  3.40171292e+01  1.51611170e+00  5.53598221e+00 
 5.20000000e-01  1.48000000e+00  5.20000000e-01  1.98951966e-12  1.34307912e+00  1.81672010e+00  1.06257996e+00  1.61961282e+00  3.40171292e+01  1.51611170e+00  5.53598221e+00 
 5.30000000e-01  1.48000000e+00  5.30000000e-01  2.81197288e-12  1.34307912e+00  1.81672010e+00  1.06257996e+00  1.61961282e+00  3.40171292e+01  1.51611170e+00  5.53598221e+00 
 5.40000000e-01  1.48000000e+00  5.40000000e-01  4.96669372e-12  1.34307912e+00  1.81672010e+00  1.06257996e+00  1.61961282e+00  3.40171292e+01  1.51611170e+00  5.53598221e+00 
 5.50000000e-01  1.48000000e+00  5.50000000e-01  1.05924158e-11  1.34307912e+00  1.81672010e+00  1.06257996e+00  1.61961282e+00  3.40171292e+01  1.51611170e+00  5.53598221e+00 
 5.60000000e-01  1.48000000e+00  5.60000000e-01  2.51780818e-11  1.34307912e+00  1.81672010e+00  1.06257996e+00  1.61961282e+00  3.40171292e+01  1.51611170e+00  5.53598221e+00 
 5.70000000e-01  1.48000000e+00  5.70000000e-01  6.26556584e-11  1.34307912e+00  1.81672010e+00  1.06257996e+00  1.61961282e+00  3.40171292e+01  1.51611170e+00  5.53598221e+00 
 5.80000000e-01  1.48000000e+00  5.80000000e-01  1.57557523e-10  1.34307912e+00  1.81672010e+00  1.06257996e+00  1.61961282e+00  3.40171292e+01  1.51611170e+00  5.53598221e+00 
 5.90000000e-01  1.48000000e+00  5.90000000e-01  3.92663679e-10  1.34307912e+00  1.81672010e+00  1.06257996e+00  1.61961282e+00  3.40171292e+01  1.51611170e+00  5.53598221e+00 
 6.00000000e-01  1.48000000e+00  6.00000000e-01  9.56696056e-10  1.34307912e+00  1.81672010e+00  1.06257996e+00  1.61961282e+00  3.40171292e+01  1.51611170e+00  5.53598221e+00 
 6.10000000e-01  1.48000000e+00  6.10000000e-01  2.25119834e-09  1.34307912e+00  1.81672010e+00  1.06257996e+00  1.61961282e+00  3.40171292e+01  1.51611170e+00  5.53598221e+00 
 6.20000000e-01  1.48000000e+00  6.20000000e-01  5.05872855e-09  1.34307912e+00  1.81672010e+00  1.06257996e+00  1.61961282e+00  3.40171292e+01  1.51611170e+00  5.53598221e+00 
 6.30000000e-01  1.48000000e+00  6.30000000e-01  1.07638840e-08  1.34307912e+00  1.81672010e+00  1.06257996e+00  1.61961282e+00  3.40171292e+01  1.51611170e+00  5.53598221e+00 
 6.40000000e-01  1.48000000e+00  6.40000000e-01  2.16189218e-08  1.34307912e+00  1.81672010e+00  1.06257996e+00  1.61961282e+00  3.40171292e+01  1.51611170e+00  5.53598221e+00 
 6.50000000e-01  1.48000000e+00  6.50000000e-01  4.11239771e-08  1.34307912e+00  1.81672010e+00  1.06257996e+00  1.61961282e+00  3.40171292e+01  1.51611170e+00  5.53598221e+00 
 6.60000000e-01  1.48000000e+00  6.60000000e-01  7.47228590e-08  1.34307912e+00  1.81672010e+00  1.06257996e+00  1.61961282e+00  3.40171292e+01  1.51611170e+00  5.53598221e+00 
 6.70000000e-01  1.48000000e+00  6.70000000e-01  1.31098973e-07  1.34307912e+00  1.81672010e+00  1.06257996e+00  1.61961282e+00  3.40171292e+01  1.51611170e+00  5.53598221e+00 
 6.80000000e-01  1.48000000e+00  6.80000000e-01  2.24413728e-07  1.34307912e+00  1.81672010e+00  1.06257996e+00  1.61961282e+00  3.40171292e+01  1.51611170e+00  5.53598221e+00 
 6.90000000e-01  1.48000000e+00  6.90000000e-01  3.77981673e-07  1.34307912e+00  1.81672010e+00  1.06257996e+00  1.61961282e+00  3.40171292e+01  1.51611170e+00  5.53598221e+00 
 7.00000000e-01  1.48000000e+00  7.00000000e-01  6.30076046e-07  1.34307912e+00  1.81672010e+00  1.06257996e+00  1.61961282e+00  3.40171292e+01  1.51611170e+00  5.53598221e+00 
 7.10000000e-01  1.48000000e+00  7.10000000e-01  1.04238921e-06  1.34307912e+00  1.81672010e+00  1.06257996e+00  1.61961282e+00  3.40171292e+01  1.51611170e+00  5.53598221e+00 
 7.20000000e-01  1.48000000e+00  7.20000000e-01  1.71020669e-06  1.34307912e+00  1.81672010e+00  1.06257996e+00  1.61961282e+00  3.40171292e+01  1.51611170e+00  5.53598221e+00 
 7.30000000e-01  1.48000000e+00  7.30000000e-01  2.76966869e-06  1.34307912e+00  1.81672010e+00  1.06257996e+00  1.61961282e+00  3.40171292e+01  1.51611170e+00  5.53598221e+00 
 7.40000000e-01  1.48000000e+00  7.40000000e-01  4.39337137e-06  1.34307912e+00  1.81672010e+00  1.06257996e+00  1.61961282e+00  3.40171292e+01  1.51611170e+00  5.53598221e+00 
 7.50000000e-01  1.48000000e+00  7.50000000e-01  6.76788373e-06  1.34307912e+00  1.81672010e+00  1.06257996e+00  1.61961282e+00  3.40171292e+01  1.51611170e+00  5.53598221e+00 
 7.60000000e-01  1.48000000e+00  7.60000000e-01  1.00597000e-05  1.34307912e+00  1.81672010e+00  1.06257996e+00  1.61961282e+00  3.40171292e+01  1.51611170e+00  5.53598221e+00 
 7.70000000e-01  1.48000000e+00  7.70000000e-01  1.43879388e-05  1.34307912e+00  1.81672010e+00  1.06257996e+00  1.61961282e+00  3.40171292e+01  1.51611170e+00  5.53598221e+00 
 7.80000000e-01  1.48000000e+00  7.80000000e-01  1.98169975e-05  1.34307912e+00  1.81672010e+00  1.06257996e+00  1.61961282e+00  3.40171292e+01  1.51611170e+00  5.53598221e+00 
 7.90000000e-01  1.48000000e+00  7.90000000e-01  2.63666155e-05  1.34307912e+00  1.81672010e+00  1.06257996e+00  1.61961282e+00  3.40171292e+01  1.51611170e+00  5.53598221e+00 
 8.00000000e-01  1.48000000e+00  8.00000000e-01  3.40283063e-05  1.34307912e+00  1.81672010e+00  1.06257996e+00  1.61961282e+00  3.40171292e+01  1.51611170e+00  5.53598221e+00 
 8.10000000e-01  1.48000000e+00  8.10000000e-01  4.27796057e-05  1.34307912e+00  1.81672010e+00  1.06257996e+00  1.61961282e+00  3.40171292e+01  1.51611170e+00  5.53598221e+00 
 8.20000000e-01  1.48000000e+00  8.20000000e-01  5.25932729e-05  1.34307912e+00  1.81672010e+00  1.06257996e+00  1.61961282e+00  3.40171292e+01  1.51611170e+00  5.53598221e+00 
 8.30000000e-01  1.48000000e+00  8.30000000e-01  6.34420657e-05  1.34307912e+00  1.81672010e+00  1.06257996e+00  1.61961282e+00  3.40171292e+01  1.51611170e+00  5.53598221e+00 
 8.40000000e-01  1.48000000e+00  8.40000000e-01  7.53006653e-05  1.34307912e+00  1.81672010e+00  1.06257996e+00  1.61961282e+00  3.40171292e+01  1.51611170e+00  5.53598221e+00 
 8.50000000e-01  1.48000000e+00  8.50000000e-01  8.81460899e-05  1.34307912e+00  1.81672010e+00  1.06257996e+00  1.61961282e+00  3.40171292e+01  1.51611170e+00  5.53598221e+00 
 8.60000000e-01  1.48000000e+00  8.60000000e-01  1.01957442e-04  1.34307912e+00  1.81672010e+00  1.06257996e+00  1.61961282e+00  3.40171292e+01  1.51611170e+00  5.53598221e+00 
 8.70000000e-01  1.48000000e+00  8.70000000e-01  1.16715442e-04  1.34307912e+00  1.81672010e+00  1.06257996e+00  1.61961282e+00  3.40171292e+01  1.51611170e+00  5.53598221e+00 
 8.80000000e-01  1.48000000e+00  8.80000000e-01  1.32401961e-04  1.34307912e+00  1.81672010e+00  1.06257996e+00  1.61961282e+00  3.40171292e+01  1.51611170e+00  5.53598221e+00 
 8.90000000e-01  1.48000000e+00  8.90000000e-01  1.48999627e-04  1.34307912e+00  1.81672010e+00  1.06257996e+00  1.61961282e+00  3.40171292e+01  1.51611170e+00  5.53598221e+00 
 9.00000000e-01  1.48000000e+00  9.00000000e-01  1.66491528e-04  1.34307912e+00  1.81672010e+00  1.06257996e+00  1.61961282e+00  3.40171292e+01  1.51611170e+00  5.53598221e+00 
 9.10000000e-01  1.48000000e+00  9.10000000e-01  1.84860996e-04  1.34307912e+00  1.81672010e+00  1.06257996e+00  1.61961282e+00  3.40171292e+01  1.51611170e+00  5.53598221e+00 
 9.20000000e-01  1.48000000e+00  9.20000000e-01  2.04091463e-04  1.34307912e+00  1.81672010e+00  1.06257996e+00  1.61961282e+00  3.40171292e+01  1.51611170e+00  5.53598221e+00 
 9.30000000e-01  1.48000000e+00  9.30000000e-01  2.24166373e-04  1.34307912e+00  1.81672010e+00  1.06257996e+00  1.61961282e+00  3.40171292e+01  1.51611170e+00  5.53598221e+00 
 9.40000000e-01  1.48000000e+00  9.40000000e-01  2.45069124e-04  1.34307912e+00  1.81672010e+00  1.06257996e+00  1.61961282e+00  3.40171292e+01  1.51611170e+00  5.53598221e+00 
 9.50000000e-01  1.48000000e+00  9.50000000e-01  2.66783038e-04  1.34307912e+00  1.81672010e+00  1.06257996e+00  1.61961282e+00  3.40171292e+01  1.51611170e+00  5.53598221e+00 
 9.60000000e-01  1.48000000e+00  9.60000000e-01  2.89291353e-04  1.34307912e+00  1.81672010e+00  1.06257996e+00  1.61961282e+00  3.40171292e+01  1.51611170e+00  5.53598221e+00 
 9.70000000e-01  1.48000000e+00  9.70000000e-01  3.12577219e-04  1.34307912e+00  1.81672010e+00  1.06257996e+00  1.61961282e+00  3.40171292e+01  1.51611170e+00  5.53598221e+00 
 9.80000000e-01  1.48000000e+00  9.80000000e-01  3.36623713e-04  1.34307912e+00  1.81672010e+00  1.06257996e+00  1.61961282e+00  3.40171292e+01  1.51611170e+00  5.53598221e+00 
 9.90000000e-01  1.48000000e+00  9.90000000e-01  3.61413854e-04  1.34307912e+00  1.81672010e+00  1.06257996e+00  1.61961282e+00  3.40171292e+01  1.51611170e+00  5.53598221e+00 
 1.00000000e+00  1.48000000e+00  1.00000000e+00  3.86930618e-04  1.34307912e+00  1.81672010e+00  1.06257996e+00  1.61961282e+00  3.40171292e+01  1.51611170e+00  5.53598221e+00 
 1.01000000e+00  1.48000000e+00  1.01000000e+00  4.13156951e-04  1.34307912e+00  1.81672010e+00  1.06257996e+00  1.61961282e+00  3.40171292e+01  1.51611170e+00  5.53598221e+00 
 1.02000000e+00  1.48000000e+00  1.02000000e+00  4.40075793e-04  1.34307912e+00  1.81672010e+00  1.06257996e+00  1.61961282e+00  3.40171292e+01  1.51611170e+00  5.53598221e+00 
 1.03000000e+00  1.48000000e+00  1.03000000e+00  4.67670092e-04  1.34307912e+00  1.81672010e+00  1.06257996e+00  1.61961282e+00  3.40171292e+01  1.51611170e+00  5.53598221e+00 
 1.04000000e+00  1.48000000e+00  1.04000000e+00  4.95922824e-04  1.34307912e+00  1.81672010e+00  1.06257996e+00  1.61961282e+00  3.40171292e+01  1.51611170e+00  5.53598221e+00 
 1.05000000e+00  1.48000000e+00  1.05000000e+00  5.24817009e-04  1.34307912e+00  1.81672010e+00  1.06257996e+00  1.61961282e+00  3.40171292e+01  1.51611170e+00  5.53598221e+00 
 1.06000000e+00  1.48000000e+00  1.06000000e+00  5.54335731e-04  1.34307912e+00  1.81672010e+00  1.06257996e+00  1.61961282e+00  3.40171292e+01  1.51611170e+00  5.53598221e+00 
 1.07000000e+00  1.48000000e+00  1.07000000e+00  5.84462146e-04  1.34307912e+00  1.81672010e+00  1.06257996e+00  1.61961282e+00  3.40171292e+01  1.51611170e+00  5.53598221e+00 
 1.08000000e+00  1.48000000e+00  1.08000000e+00  6.15179507e-04  1.34307912e+00  1.81672010e+00  1.06257996e+00  1.61961282e+00  3.40171292e+01  1.51611170e+00  5.53598221e+00 
 1.09000000e+00  1.48000000e+00  1.09000000e+00  6.46471169e-04  1.34307912e+00  1.81672010e+00  1.06257996e+00  1.61961282e+00  3.40171292e+01  1.51611170e+00  5.53598221e+00 
 1.10000000e+00  1.48000000e+00  1.10000000e+00  6.78320607e-04  1.34307912e+00  1.81672010e+00  1.06257996e+00  1.61961282e+00  3.40171292e+01  1.51611170e+00  5.53598221e+00 
 1.11000000e+00  1.48000000e+00  1.11000000e+00  7.10711427e-04  1.34307912e+00  1.81672010e+00  1.06257996e+00  1.61961282e+00  3.40171292e+01  1.51611170e+00  5.53598221e+00 
 1.12000000e+00  1.48000000e+00  1.12000000e+00  7.43627378e-04  1.34307912e+00  1.81672010e+00  1.06257996e+00  1.61961282e+00  3.40171292e+01  1.51611170e+00  5.53598221e+00 
 1.13000000e+00  1.48000000e+00  1.13000000e+00  7.77052359e-04  1.34307912e+00  1.81672010e+00  1.06257996e+00  1.61961282e+00  3.40171292e+01  1.51611170e+00  5.53598221e+00 
 1.14000000e+00  1.48000000e+00  1.14000000e+00  8.10970433e-04  1.34307912e+00  1.81672010e+00  1.06257996e+00  1.61961282e+00  3.40171292e+01  1.51611170e+00  5.53598221e+00 
 1.15000000e+00  1.48000000e+00  1.15000000e+00  8.45365834e-04  1.34307912e+00  1.81672010e+00  1.06257996e+00  1.61961282e+00  3.40171292e+01  1.51611170e+00  5.53598221e+00 
 1.16000000e+00  1.48000000e+00  1.16000000e+00  8.80222975e-04  1.34307912e+00  1.81672010e+00  1.06257996e+00  1.61961282e+00  3.40171292e+01  1.51611170e+00  5.53598221e+00 
 1.17000000e+00  1.48000000e+00  1.17000000e+00  9.15526453e-04  1.34307912e+00  1.81672010e+00  1.06257996e+00  1.61961282e+00  3.40171292e+01  1.51611170e+00  5.53598221e+00 
 1.18000000e+00  1.48000000e+00  1.18000000e+00  9.51261062e-04  1.34307912e+00  1.81672010e+00  1.06257996e+00  1.61961282e+00  3.40171292e+01  1.51611170e+00  5.53598221e+00 
 1.19000000e+00  1.48000000e+00  1.19000000e+00  9.87411791e-04  1.34307912e+00  1.81672010e+00  1.06257996e+00  1.61961282e+00  3.40171292e+01  1.51611170e+00  5.53598221e+00 
 1.20000000e+00  1.48000000e+00  1.20000000e+00  1.02396383e-03  1.34307912e+00  1.81672010e+00  1.06257996e+00  1.61961282e+00  3.40171292e+01  1.51611170e+00  5.53598221e+00 
 1.21000000e+00  1.48000000e+00  1.21000000e+00  1.06090260e-03  1.34307912e+00  1.81672010e+00  1.06257996e+00  1.61961282e+00  3.40171292e+01  1.51611170e+00  5.53598221e+00 
 1.22000000e+00  1.48000000e+00  1.22000000e+00  1.09821369e-03  1.34307912e+00  1.81672010e+00  1.06257996e+00  1.61961282e+00  3.40171292e+01  1.51611170e+00  5.53598221e+00 
 1.23000000e+00  1.48000000e+00  1.23000000e+00  1.13588295e-03  1.34307912e+00  1.81672010e+00  1.06257996e+00  1.61961282e+00  3.40171292e+01  1.51611170e+00  5.53598221e+00 
 1.24000000e+00  1.48000000e+00  1.24000000e+00  1.17389643e-03  1.34307912e+00  1.81672010e+00  1.06257996e+00  1.61961282e+00  3.40171292e+01  1.51611170e+00  5.53598221e+00 
 1.25000000e+00  1.48000000e+00  1.25000000e+00  1.21224040e-03  1.34307912e+00  1.81672010e+00  1.06257996e+00  1.61961282e+00  3.40171292e+01  1.51611170e+00  5.53598221e+00 
 1.26000000e+00  1.48000000e+00  1.26000000e+00  1.25090135e-03  1.34307912e+00  1.81672010e+00  1.06257996e+00  1.61961282e+00  3.40171292e+01  1.51611170e+00  5.53598221e+00 
 1.27000000e+00  1.48000000e+00  1.27000000e+00  1.28986602e-03  1.34307912e+00  1.81672010e+00  1.06257996e+00  1.61961282e+00  3.40171292e+01  1.51611170e+00  5.53598221e+00 
 1.28000000e+00  1.48000000e+00  1.28000000e+00  1.32912133e-03  1.34307912e+00  1.81672010e+00  1.06257996e+00  1.61961282e+00  3.40171292e+01  1.51611170e+00  5.53598221e+00 
 1.29000000e+00  1.48000000e+00  1.29000000e+00  1.36865447e-03  1.34307912e+00  1.81672010e+00  1.06257996e+00  1.61961282e+00  3.40171292e+01  1.51611170e+00  5.53598221e+00 
 1.30000000e+00  1.48000000e+00  1.30000000e+00  1.40845285e-03  1.34307912e+00  1.81672010e+00  1.06257996e+00  1.61961282e+00  3.40171292e+01  1.51611170e+00  5.53598221e+00 
 1.31000000e+00  1.48000000e+00  1.31000000e+00  1.44850408e-03  1.34307912e+00  1.81672010e+00  1.06257996e+00  1.61961282e+00  3.40171292e+01  1.51611170e+00  5.53598221e+00 
 1.32000000e+00  1.48000000e+00  1.32000000e+00  1.48879602e-03  1.34307912e+00  1.81672010e+00  1.06257996e+00  1.61961282e+00  3.40171292e+01  1.51611170e+00  5.53598221e+00 
 1.33000000e+00  1.48000000e+00  1.33000000e+00  1.52931675e-03  1.34307912e+00  1.81672010e+00  1.06257996e+00  1.61961282e+00  3.40171292e+01  1.51611170e+00  5.53598221e+00 
 1.34000000e+00  1.48000000e+00  1.34000000e+00  1.57005459e-03  1.34307912e+00  1.81672010e+00  1.06257996e+00  1.61961282e+00  3.40171292e+01  1.51611170e+00  5.53598221e+00 
 1.35000000e+00  1.48000000e+00  1.35000000e+00  1.61099805e-03  1.34307912e+00  1.81672010e+00  1.06257996e+00  1.61961282e+00  3.40171292e+01  1.51611170e+00  5.53598221e+00 
 1.36000000e+00  1.48000000e+00  1.36000000e+00  1.65213590e-03  1.34307912e+00  1.81672010e+00  1.06257996e+00  1.61961282e+00  3.40171292e+01  1.51611170e+00  5.53598221e+00 
 1.37000000e+00  1.48000000e+00  1.37000000e+00  1.69345709e-03  1.34307912e+00  1.81672010e+00  1.06257996e+00  1.61961282e+00  3.40171292e+01  1.51611170e+00  5.53598221e+00 
 1.38000000e+00  1.48000000e+00  1.38000000e+00  1.73495084e-03  1.34307912e+00  1.81672010e+00  1.06257996e+00  1.61961282e+00  3.40171292e+01  1.51611170e+00  5.53598221e+00 
 1.39000000e+00  1.48000000e+00  1.39000000e+00  1.77660653e-03  1.34307912e+00  1.81672010e+00  1.06257996e+00  1.61961282e+00  3.40171292e+01  1.51611170e+00  5.53598221e+00 
 1.40000000e+00  1.48000000e+00  1.40000000e+00  1.81841380e-03  1.34307912e+00  1.81672010e+00  1.06257996e+00  1.61961282e+00  3.40171292e+01  1.51611170e+00  5.53598221e+00 
 1.41000000e+00  1.48000000e+00  1.41000000e+00  1.86036248e-03  1.34307912e+00  1.81672010e+00  1.06257996e+00  1.61961282e+00  3.40171292e+01  1.51611170e+00  5.53598221e+00 
 1.42000000e+00  1.48000000e+00  1.42000000e+00  1.90244261e-03  1.34307912e+00  1.81672010e+00  1.06257996e+00  1.61961282e+00  3.40171292e+01  1.51611170e+00  5.53598221e+00 
 1.43000000e+00  1.48000000e+00  1.43000000e+00  1.94464444e-03  1.34307912e+00  1.81672010e+00  1.06257996e+00  1.61961282e+00  3.40171292e+01  1.51611170e+00  5.53598221e+00 
 1.44000000e+00  1.48000000e+00  1.44000000e+00  1.98695843e-03  1.34307912e+00  1.81672010e+00  1.06257996e+00  1.61961282e+00  3.40171292e+01  1.51611170e+00  5.53598221e+00 
 1.45000000e+00  1.48000000e+00  1.45000000e+00  2.02937523e-03  1.34307912e+00  1.81672010e+00  1.06257996e+00  1.61961282e+00  3.40171292e+01  1.51611170e+00  5.53598221e+00 
 1.46000000e+00  1.48000000e+00  1.46000000e+00  2.07188568e-03  1.34307912e+00  1.81672010e+00  1.06257996e+00  1.61961282e+00  3.40171292e+01  1.51611170e+00  5.53598221e+00 
 1.47000000e+00  1.48000000e+00  1.47000000e+00  2.11448085e-03  1.34307912e+00  1.81672010e+00  1.06257996e+00  1.61961282e+00  3.40171292e+01  1.51611170e+00  5.53598221e+00 
 1.48000000e+00  1.48000000e+00  1.48000000e+00  2.15715197e-03  1.34307912e+00  1.81672010e+00  1.06257996e+00  1.61961282e+00  3.40171292e+01  1.51611170e+00  5.53598221e+00 
 1.49000000e+00  1.48000000e+00  1.49000000e+00  2.19989045e-03  1.34307912e+00  1.81672010e+00  1.06257996e+00  1.61961282e+00  3.40171292e+01  1.51611170e+00  5.53598221e+00 
 1.50000000e+00  1.48000000e+00  1.50000000e+00  2.24268792e-03  1.34307912e+00  1.81672010e+00  1.06257996e+00  1.61961282e+00  3.40171292e+01  1.51611170e+00  5.53598221e+00 
 1.51000000e+00  1.48000000e+00  1.51000000e+00  2.28553617e-03  1.34307912e+00  1.81672010e+00  1.06257996e+00  1.61961282e+00  3.40171292e+01  1.51611170e+00  5.53598221e+00 
 1.52000000e+00  1.48000000e+00  1.52000000e+00  2.32842716e-03  1.34307912e+00  1.81672010e+00  1.06257996e+00  1.61961282e+00  3.40171292e+01  1.51611170e+00  5.53598221e+00 
 1.53000000e+00  1.48000000e+00  1.53000000e+00  2.37135304e-03  1.34307912e+00  1.81672010e+00  1.06257996e+00  1.61961282e+00  3.40171292e+01  1.51611170e+00  5.53598221e+00 
 1.54000000e+00  1.48000000e+00  1.54000000e+00  2.41430613e-03  1.34307912e+00  1.81672010e+00  1.06257996e+00  1.61961282e+00  3.40171292e+01  1.51611170e+00  5.53598221e+00 
 1.55000000e+00  1.48000000e+00  1.55000000e+00  2.45727891e-03  1.34307912e+00  1.81672010e+00  1.06257996e+00  1.61961282e+00  3.40171292e+01  1.51611170e+00  5.53598221e+00 
 1.56000000e+00  1.48000000e+00  1.56000000e+00  2.50026402e-03  1.34307912e+00  1.81672010e+00  1.06257996e+00  1.61961282e+00  3.40171292e+01  1.51611170e+00  5.53598221e+00 
 1.57000000e+00  1.48000000e+00  1.57000000e+00  2.54325429e-03  1.34307912e+00  1.81672010e+00  1.06257996e+00  1.61961282e+00  3.40171292e+01  1.51611170e+00  5.53598221e+00 
 1.58000000e+00  1.48000000e+00  1.58000000e+00  2.58624266e-03  1.34307912e+00  1.81672010e+00  1.06257996e+00  1.61961282e+00  3.40171292e+01  1.51611170e+00  5.53598221e+00 
 1.59000000e+00  1.48000000e+00  1.59000000e+00  2.62922227e-03  1.34307912e+00  1.81672010e+00  1.06257996e+00  1.61961282e+00  3.40171292e+01  1.51611170e+00  5.53598221e+00 
 1.60000000e+00  1.48000000e+00  1.60000000e+00  2.67218638e-03  1.34307912e+00  1.81672010e+00  1.06257996e+00  1.61961282e+00  3.40171292e+01  1.51611170e+00  5.53598221e+00 
 1.61000000e+00  1.48000000e+00  1.61000000e+00  2.71512840e-03  1.34307912e+00  1.81672010e+00  1.06257996e+00  1.61961282e+00  3.40171292e+01  1.51611170e+00  5.53598221e+00 
 1.62000000e+00  1.48000000e+00  1.62000000e+00  2.75804190e-03  1.34307912e+00  1.81672010e+00  1.06257996e+00  1.61961282e+00  3.40171292e+01  1.51611170e+00  5.53598221e+00 
 1.63000000e+00  1.48000000e+00  1.63000000e+00  2.80092057e-03  1.34307912e+00  1.81672010e+00  1.06257996e+00  1.61961282e+00  3.40171292e+01  1.51611170e+00  5.53598221e+00 
 1.64000000e+00  1.48000000e+00  1.64000000e+00  2.84375825e-03  1.34307912e+00  1.81672010e+00  1.06257996e+00  1.61961282e+00  3.40171292e+01  1.51611170e+00  5.53598221e+00 
 1.65000000e+00  1.48000000e+00  1.65000000e+00  2.88654891e-03  1.34307912e+00  1.81672010e+00  1.06257996e+00  1.61961282e+00  3.40171292e+01  1.51611170e+00  5.53598221e+00 
 1.66000000e+00  1.48000000e+00  1.66000000e+00  2.92928665e-03  1.34307912e+00  1.81672010e+00  1.06257996e+00  1.61961282e+00  3.40171292e+01  1.51611170e+00  5.53598221e+00 
 1.67000000e+00  1.48000000e+00  1.67000000e+00  2.97196568e-03  1.34307912e+00  1.81672010e+00  1.06257996e+00  1.61961282e+00  3.40171292e+01  1.51611170e+00  5.53598221e+00 
 1.68000000e+00  1.48000000e+00  1.68000000e+00  3.01458037e-03  1.34307912e+00  1.81672010e+00  1.06257996e+00  1.61961282e+00  3.40171292e+01  1.51611170e+00  5.53598221e+00 
 1.69000000e+00  1.48000000e+00  1.69000000e+00  3.05712516e-03  1.34307912e+00  1.81672010e+00  1.06257996e+00  1.61961282e+00  3.40171292e+01  1.51611170e+00  5.53598221e+00 
 1.70000000e+00  1.48000000e+00  1.70000000e+00  3.09959465e-03  1.34307912e+00  1.81672010e+00  1.06257996e+00  1.61961282e+00  3.40171292e+01  1.51611170e+00  5.53598221e+00 
 1.71000000e+00  1.48000000e+00  1.71000000e+00  3.14198354e-03  1.34307912e+00  1.81672010e+00  1.06257996e+00  1.61961282e+00  3.40171292e+01  1.51611170e+00  5.53598221e+00 
 1.72000000e+00  1.48000000e+00  1.72000000e+00  3.18428663e-03  1.34307912e+00  1.81672010e+00  1.06257996e+00  1.61961282e+00  3.40171292e+01  1.51611170e+00  5.53598221e+00 
 1.73000000e+00  1.48000000e+00  1.73000000e+00  3.22649883e-03  1.34307912e+00  1.81672010e+00  1.06257996e+00  1.61961282e+00  3.40171292e+01  1.51611170e+00  5.53598221e+00 
 1.74000000e+00  1.48000000e+00  1.74000000e+00  3.26861516e-03  1.34307912e+00  1.81672010e+00  1.06257996e+00  1.61961282e+00  3.40171292e+01  1.51611170e+00  5.53598221e+00 
 1.75000000e+00  1.48000000e+00  1.75000000e+00  3.31063074e-03  1.34307912e+00  1.81672010e+00  1.06257996e+00  1.61961282e+00  3.40171292e+01  1.51611170e+00  5.53598221e+00 
 1.76000000e+00  1.48000000e+00  1.76000000e+00  3.35254079e-03  1.34307912e+00  1.81672010e+00  1.06257996e+00  1.61961282e+00  3.40171292e+01  1.51611170e+00  5.53598221e+00 
 1.77000000e+00  1.48000000e+00  1.77000000e+00  3.39434062e-03  1.34307912e+00  1.81672010e+00  1.06257996e+00  1.61961282e+00  3.40171292e+01  1.51611170e+00  5.53598221e+00 
 1.78000000e+00  1.48000000e+00  1.78000000e+00  3.43602563e-03  1.34307912e+00  1.81672010e+00  1.06257996e+00  1.61961282e+00  3.40171292e+01  1.51611170e+00  5.53598221e+00 
 1.79000000e+00  1.48000000e+00  1.79000000e+00  3.47759132e-03  1.34307912e+00  1.81672010e+00  1.06257996e+00  1.61961282e+00  3.40171292e+01  1.51611170e+00  5.53598221e+00 
 1.80000000e+00  1.48000000e+00  1.80000000e+00  3.51903327e-03  1.34307912e+00  1.81672010e+00  1.06257996e+00  1.61961282e+00  3.40171292e+01  1.51611170e+00  5.53598221e+00 
 1.81000000e+00  1.48000000e+00  1.81000000e+00  3.56034714e-03  1.34307912e+00  1.81672010e+00  1.06257996e+00  1.61961282e+00  3.40171292e+01  1.51611170e+00  5.53598221e+00 
 1.82000000e+00  1.48000000e+00  1.82000000e+00  3.60152868e-03  1.34307912e+00  1.81672010e+00  1.06257996e+00  1.61961282e+00  3.40171292e+01  1.51611170e+00  5.53598221e+00 
 1.83000000e+00  1.48000000e+00  1.83000000e+00  3.64257371e-03  1.34307912e+00  1.81672010e+00  1.06257996e+00  1.61961282e+00  3.40171292e+01  1.51611170e+00  5.53598221e+00 
 1.84000000e+00  1.48000000e+00  1.84000000e+00  3.68347813e-03  1.34307912e+00  1.81672010e+00  1.06257996e+00  1.61961282e+00  3.40171292e+01  1.51611170e+00  5.53598221e+00 
 1.85000000e+00  1.48000000e+00  1.85000000e+00  3.72423792e-03  1.34307912e+00  1.81672010e+00  1.06257996e+00  1.61961282e+00  3.40171292e+01  1.51611170e+00  5.53598221e+00 
