 0.00000000e+00  0.00000000e+00  1.48000000e+00  3.01016346e-19  1.32294112e+00  1.75769248e+00  1.01637240e+00  1.58103237e+00  3.34435150e+01  1.49220387e+00  5.19869680e+00 
 1.00000000e-02  1.00000000e-02  1.48000000e+00  4.39418781e-05  1.32294112e+00  1.75769248e+00  1.01637240e+00  1.58103237e+00  3.34435150e+01  1.49220387e+00  5.19869680e+00 
 2.00000000e-02  2.00000000e-02  1.48000000e+00  8.73930965e-05  1.32294112e+00  1.75769248e+00  1.01637240e+00  1.58103237e+00  3.34435150e+01  1.49220387e+00  5.19869680e+00 
 3.00000000e-02  3.00000000e-02  1.48000000e+00  1.30351578e-04  1.32294112e+00  1.75769248e+00  1.01637240e+00  1.58103237e+00  3.34435150e+01  1.49220387e+00  5.19869680e+00 
 4.00000000e-02  4.00000000e-02  1.48000000e+00  1.72815232e-04  1.32294112e+00  1.75769248e+00  1.01637240e+00  1.58103237e+00  3.34435150e+01  1.49220387e+00  5.19869680e+00 
 5.00000000e-02  5.00000000e-02  1.48000000e+00  2.14781961e-04  1.32294112e+00  1.75769248e+00  1.01637240e+00  1.58103237e+00  3.34435150e+01  1.49220387e+00  5.19869680e+00 
 6.00000000e-02  6.00000000e-02  1.48000000e+00  2.56249653e-04  1.32294112e+00  1.75769248e+00  1.01637240e+00  1.58103237e+00  3.34435150e+01  1.49220387e+00  5.19869680e+00 
 7.00000000e-02  7.00000000e-02  1.48000000e+00  2.97216189e-04  1.32294112e+00  1.75769248e+00  1.01637240e+00  1.58103237e+00  3.34435150e+01  1.49220387e+00  5.19869680e+00 
 8.00000000e-02  8.00000000e-02  1.48000000e+00  3.37679438e-04  1.32294112e+00  1.75769248e+00  1.01637240e+00  1.58103237e+00  3.34435150e+01  1.49220387e+00  5.19869680e+00 
 9.00000000e-02  9.00000000e-02  1.48000000e+00  3.77637264e-04  1.32294112e+00  1.75769248e+00  1.01637240e+00  1.58103237e+00  3.34435150e+01  1.49220387e+00  5.19869680e+00 
 1.00000000e-01  1.00000000e-01  1.48000000e+00  4.17087521e-04  1.32294112e+00  1.75769248e+00  1.01637240e+00  1.58103237e+00  3.34435150e+01  1.49220387e+00  5.19869680e+00 
 1.10000000e-01  1.10000000e-01  1.48000000e+00  4.56028059e-04  1.32294112e+00  1.75769248e+00  1.01637240e+00  1.58103237e+00  3.34435150e+01  1.49220387e+00  5.19869680e+00 
 1.20000000e-01  1.20000000e-01  1.48000000e+00  4.94456724e-04  1.32294112e+00  1.75769248e+00  1.01637240e+00  1.58103237e+00  3.34435150e+01  1.49220387e+00  5.19869680e+00 
 1.30000000e-01  1.30000000e-01  1.48000000e+00  5.32371357e-04  1.32294112e+00  1.75769248e+00  1.01637240e+00  1.58103237e+00  3.34435150e+01  1.49220387e+00  5.19869680e+00 
 1.40000000e-01  1.40000000e-01  1.48000000e+00  5.69769802e-04  1.32294112e+00  1.75769248e+00  1.01637240e+00  1.58103237e+00  3.34435150e+01  1.49220387e+00  5.19869680e+00 
 1.50000000e-01  1.50000000e-01  1.48000000e+00  6.06649903e-04  1.32294112e+00  1.75769248e+00  1.01637240e+00  1.58103237e+00  3.34435150e+01  1.49220387e+00  5.19869680e+00 
 1.60000000e-01  1.60000000e-01  1.48000000e+00  6.43009508e-04  1.32294112e+00  1.75769248e+00  1.01637240e+00  1.58103237e+00  3.34435150e+01  1.49220387e+00  5.19869680e+00 
 1.70000000e-01  1.70000000e-01  1.48000000e+00  6.78846474e-04  1.32294112e+00  1.75769248e+00  1.01637240e+00  1.58103237e+00  3.34435150e+01  1.49220387e+00  5.19869680e+00 
 1.80000000e-01  1.80000000e-01  1.48000000e+00  7.14158669e-04  1.32294112e+00  1.75769248e+00  1.01637240e+00  1.58103237e+00  3.34435150e+01  1.49220387e+00  5.19869680e+00 
 1.90000000e-01  1.90000000e-01  1.48000000e+00  7.48943977e-04  1.32294112e+00  1.75769248e+00  1.01637240e+00  1.58103237e+00  3.34435150e+01  1.49220387e+00  5.19869680e+00 
 2.00000000e-01  2.00000000e-01  1.48000000e+00  7.83200303e-04  1.32294112e+00  1.75769248e+00  1.01637240e+00  1.58103237e+00  3.34435150e+01  1.49220387e+00  5.19869680e+00 
 2.10000000e-01  2.10000000e-01  1.48000000e+00  8.16925577e-04  1.32294112e+00  1.75769248e+00  1.01637240e+00  1.58103237e+00  3.34435150e+01  1.49220387e+00  5.19869680e+00 
 2.20000000e-01  2.20000000e-01  1.48000000e+00  8.50117761e-04  1.32294112e+00  1.75769248e+00  1.01637240e+00  1.58103237e+00  3.34435150e+01  1.49220387e+00  5.19869680e+00 
 2.30000000e-01  2.30000000e-01  1.48000000e+00  8.82774855e-04  1.32294112e+00  1.75769248e+00  1.01637240e+00  1.58103237e+00  3.34435150e+01  1.49220387e+00  5.19869680e+00 
 2.40000000e-01  2.40000000e-01  1.48000000e+00  9.14894906e-04  1.32294112e+00  1.75769248e+00  1.01637240e+00  1.58103237e+00  3.34435150e+01  1.49220387e+00  5.19869680e+00 
 2.50000000e-01  2.50000000e-01  1.48000000e+00  9.46476018e-04  1.32294112e+00  1.75769248e+00  1.01637240e+00  1.58103237e+00  3.34435150e+01  1.49220387e+00  5.19869680e+00 
 2.60000000e-01  2.60000000e-01  1.48000000e+00  9.77516356e-04  1.32294112e+00  1.75769248e+00  1.01637240e+00  1.58103237e+00  3.34435150e+01  1.49220387e+00  5.19869680e+00 
 2.70000000e-01  2.70000000e-01  1.48000000e+00  1.00801416e-03  1.32294112e+00  1.75769248e+00  1.01637240e+00  1.58103237e+00  3.34435150e+01  1.49220387e+00  5.19869680e+00 
 2.80000000e-01  2.80000000e-01  1.48000000e+00  1.03796777e-03  1.32294112e+00  1.75769248e+00  1.01637240e+00  1.58103237e+00  3.34435150e+01  1.49220387e+00  5.19869680e+00 
 2.90000000e-01  2.90000000e-01  1.48000000e+00  1.06737561e-03  1.32294112e+00  1.75769248e+00  1.01637240e+00  1.58103237e+00  3.34435150e+01  1.49220387e+00  5.19869680e+00 
 3.00000000e-01  3.00000000e-01  1.48000000e+00  1.09623623e-03  1.32294112e+00  1.75769248e+00  1.01637240e+00  1.58103237e+00  3.34435150e+01  1.49220387e+00  5.19869680e+00 
 3.10000000e-01  3.10000000e-01  1.48000000e+00  1.12454830e-03  1.32294112e+00  1.75769248e+00  1.01637240e+00  1.58103237e+00  3.34435150e+01  1.49220387e+00  5.19869680e+00 
 3.20000000e-01  3.20000000e-01  1.48000000e+00  1.15231065e-03  1.32294112e+00  1.75769248e+00  1.01637240e+00  1.58103237e+00  3.34435150e+01  1.49220387e+00  5.19869680e+00 
 3.30000000e-01  3.30000000e-01  1.48000000e+00  1.17952228e-03  1.32294112e+00  1.75769248e+00  1.01637240e+00  1.58103237e+00  3.34435150e+01  1.49220387e+00  5.19869680e+00 
 3.40000000e-01  3.40000000e-01  1.48000000e+00  1.20618236e-03  1.32294112e+00  1.75769248e+00  1.01637240e+00  1.58103237e+00  3.34435150e+01  1.49220387e+00  5.19869680e+00 
 3.50000000e-01  3.50000000e-01  1.48000000e+00  1.23229029e-03  1.32294112e+00  1.75769248e+00  1.01637240e+00  1.58103237e+00  3.34435150e+01  1.49220387e+00  5.19869680e+00 
 3.60000000e-01  3.60000000e-01  1.48000000e+00  1.25784569e-03  1.32294112e+00  1.75769248e+00  1.01637240e+00  1.58103237e+00  3.34435150e+01  1.49220387e+00  5.19869680e+00 
 3.70000000e-01  3.70000000e-01  1.48000000e+00  1.28284845e-03  1.32294112e+00  1.75769248e+00  1.01637240e+00  1.58103237e+00  3.34435150e+01  1.49220387e+00  5.19869680e+00 
 3.80000000e-01  3.80000000e-01  1.48000000e+00  1.30729873e-03  1.32294112e+00  1.75769248e+00  1.01637240e+00  1.58103237e+00  3.34435150e+01  1.49220387e+00  5.19869680e+00 
 3.90000000e-01  3.90000000e-01  1.48000000e+00  1.33119700e-03  1.32294112e+00  1.75769248e+00  1.01637240e+00  1.58103237e+00  3.34435150e+01  1.49220387e+00  5.19869680e+00 
 4.00000000e-01  4.00000000e-01  1.48000000e+00  1.35454410e-03  1.32294112e+00  1.75769248e+00  1.01637240e+00  1.58103237e+00  3.34435150e+01  1.49220387e+00  5.19869680e+00 
 4.10000000e-01  4.10000000e-01  1.48000000e+00  1.37734119e-03  1.32294112e+00  1.75769248e+00  1.01637240e+00  1.58103237e+00  3.34435150e+01  1.49220387e+00  5.19869680e+00 
 4.20000000e-01  4.20000000e-01  1.48000000e+00  1.39958985e-03  1.32294112e+00  1.75769248e+00  1.01637240e+00  1.58103237e+00  3.34435150e+01  1.49220387e+00  5.19869680e+00 
 4.30000000e-01  4.30000000e-01  1.48000000e+00  1.42129209e-03  1.32294112e+00  1.75769248e+00  1.01637240e+00  1.58103237e+00  3.34435150e+01  1.49220387e+00  5.19869680e+00 
 4.40000000e-01  4.40000000e-01  1.48000000e+00  1.44245037e-03  1.32294112e+00  1.75769248e+00  1.01637240e+00  1.58103237e+00  3.34435150e+01  1.49220387e+00  5.19869680e+00 
 4.50000000e-01  4.50000000e-01  1.48000000e+00  1.46306761e-03  1.32294112e+00  1.75769248e+00  1.01637240e+00  1.58103237e+00  3.34435150e+01  1.49220387e+00  5.19869680e+00 
 4.60000000e-01  4.60000000e-01  1.48000000e+00  1.48314724e-03  1.32294112e+00  1.75769248e+00  1.01637240e+00  1.58103237e+00  3.34435150e+01  1.49220387e+00  5.19869680e+00 
 4.70000000e-01  4.70000000e-01  1.48000000e+00  1.50269323e-03  1.32294112e+00  1.75769248e+00  1.01637240e+00  1.58103237e+00  3.34435150e+01  1.49220387e+00  5.19869680e+00 
 4.80000000e-01  4.80000000e-01  1.48000000e+00  1.52171008e-03  1.32294112e+00  1.75769248e+00  1.01637240e+00  1.58103237e+00  3.34435150e+01  1.49220387e+00  5.19869680e+00 
 4.90000000e-01  4.90000000e-01  1.48000000e+00  1.54020284e-03  1.32294112e+00  1.75769248e+00  1.01637240e+00  1.58103237e+00  3.34435150e+01  1.49220387e+00  5.19869680e+00 
 5.00000000e-01  5.00000000e-01  1.48000000e+00  1.55817716e-03  1.32294112e+00  1.75769248e+00  1.01637240e+00  1.58103237e+00  3.34435150e+01  1.49220387e+00  5.19869680e+00 
 5.10000000e-01  5.10000000e-01  1.48000000e+00  1.57563923e-03  1.32294112e+00  1.75769248e+00  1.01637240e+00  1.58103237e+00  3.34435150e+01  1.49220387e+00  5.19869680e+00 
 5.20000000e-01  5.20000000e-01  1.48000000e+00  1.59259585e-03  1.32294112e+00  1.75769248e+00  1.01637240e+00  1.58103237e+00  3.34435150e+01  1.49220387e+00  5.19869680e+00 
 5.30000000e-01  5.30000000e-01  1.48000000e+00  1.60905438e-03  1.32294112e+00  1.75769248e+00  1.01637240e+00  1.58103237e+00  3.34435150e+01  1.49220387e+00  5.19869680e+00 
 5.40000000e-01  5.40000000e-01  1.48000000e+00  1.62502273e-03  1.32294112e+00  1.75769248e+00  1.01637240e+00  1.58103237e+00  3.34435150e+01  1.49220387e+00  5.19869680e+00 
 5.50000000e-01  5.50000000e-01  1.48000000e+00  1.64050938e-03  1.32294112e+00  1.75769248e+00  1.01637240e+00  1.58103237e+00  3.34435150e+01  1.49220387e+00  5.19869680e+00 
 5.60000000e-01  5.60000000e-01  1.48000000e+00  1.65552333e-03  1.32294112e+00  1.75769248e+00  1.01637240e+00  1.58103237e+00  3.34435150e+01  1.49220387e+00  5.19869680e+00 
 5.70000000e-01  5.70000000e-01  1.48000000e+00  1.67007405e-03  1.32294112e+00  1.75769248e+00  1.01637240e+00  1.58103237e+00  3.34435150e+01  1.49220387e+00  5.19869680e+00 
 5.80000000e-01  5.80000000e-01  1.48000000e+00  1.68417150e-03  1.32294112e+00  1.75769248e+00  1.01637240e+00  1.58103237e+00  3.34435150e+01  1.49220387e+00  5.19869680e+00 
 5.90000000e-01  5.90000000e-01  1.48000000e+00  1.69782606e-03  1.32294112e+00  1.75769248e+00  1.01637240e+00  1.58103237e+00  3.34435150e+01  1.49220387e+00  5.19869680e+00 
 6.00000000e-01  6.00000000e-01  1.48000000e+00  1.71104849e-03  1.32294112e+00  1.75769248e+00  1.01637240e+00  1.58103237e+00  3.34435150e+01  1.49220387e+00  5.19869680e+00 
 6.10000000e-01  6.10000000e-01  1.48000000e+00  1.72384986e-03  1.32294112e+00  1.75769248e+00  1.01637240e+00  1.58103237e+00  3.34435150e+01  1.49220387e+00  5.19869680e+00 
 6.20000000e-01  6.20000000e-01  1.48000000e+00  1.73624156e-03  1.32294112e+00  1.75769248e+00  1.01637240e+00  1.58103237e+00  3.34435150e+01  1.49220387e+00  5.19869680e+00 
 6.30000000e-01  6.30000000e-01  1.48000000e+00  1.74823519e-03  1.32294112e+00  1.75769248e+00  1.01637240e+00  1.58103237e+00  3.34435150e+01  1.49220387e+00  5.19869680e+00 
 6.40000000e-01  6.40000000e-01  1.48000000e+00  1.75984252e-03  1.32294112e+00  1.75769248e+00  1.01637240e+00  1.58103237e+00  3.34435150e+01  1.49220387e+00  5.19869680e+00 
 6.50000000e-01  6.50000000e-01  1.48000000e+00  1.77107548e-03  1.32294112e+00  1.75769248e+00  1.01637240e+00  1.58103237e+00  3.34435150e+01  1.49220387e+00  5.19869680e+00 
 6.60000000e-01  6.60000000e-01  1.48000000e+00  1.78194605e-03  1.32294112e+00  1.75769248e+00  1.01637240e+00  1.58103237e+00  3.34435150e+01  1.49220387e+00  5.19869680e+00 
 6.70000000e-01  6.70000000e-01  1.48000000e+00  1.79246623e-03  1.32294112e+00  1.75769248e+00  1.01637240e+00  1.58103237e+00  3.34435150e+01  1.49220387e+00  5.19869680e+00 
 6.80000000e-01  6.80000000e-01  1.48000000e+00  1.80264802e-03  1.32294112e+00  1.75769248e+00  1.01637240e+00  1.58103237e+00  3.34435150e+01  1.49220387e+00  5.19869680e+00 
 6.90000000e-01  6.90000000e-01  1.48000000e+00  1.81250332e-03  1.32294112e+00  1.75769248e+00  1.01637240e+00  1.58103237e+00  3.34435150e+01  1.49220387e+00  5.19869680e+00 
 7.00000000e-01  7.00000000e-01  1.48000000e+00  1.82204393e-03  1.32294112e+00  1.75769248e+00  1.01637240e+00  1.58103237e+00  3.34435150e+01  1.49220387e+00  5.19869680e+00 
 7.10000000e-01  7.10000000e-01  1.48000000e+00  1.83128151e-03  1.32294112e+00  1.75769248e+00  1.01637240e+00  1.58103237e+00  3.34435150e+01  1.49220387e+00  5.19869680e+00 
 7.20000000e-01  7.20000000e-01  1.48000000e+00  1.84022750e-03  1.32294112e+00  1.75769248e+00  1.01637240e+00  1.58103237e+00  3.34435150e+01  1.49220387e+00  5.19869680e+00 
 7.30000000e-01  7.30000000e-01  1.48000000e+00  1.84889315e-03  1.32294112e+00  1.75769248e+00  1.01637240e+00  1.58103237e+00  3.34435150e+01  1.49220387e+00  5.19869680e+00 
 7.40000000e-01  7.40000000e-01  1.48000000e+00  1.85728945e-03  1.32294112e+00  1.75769248e+00  1.01637240e+00  1.58103237e+00  3.34435150e+01  1.49220387e+00  5.19869680e+00 
 7.50000000e-01  7.50000000e-01  1.48000000e+00  1.86542713e-03  1.32294112e+00  1.75769248e+00  1.01637240e+00  1.58103237e+00  3.34435150e+01  1.49220387e+00  5.19869680e+00 
 7.60000000e-01  7.60000000e-01  1.48000000e+00  1.87331661e-03  1.32294112e+00  1.75769248e+00  1.01637240e+00  1.58103237e+00  3.34435150e+01  1.49220387e+00  5.19869680e+00 
 7.70000000e-01  7.70000000e-01  1.48000000e+00  1.88096802e-03  1.32294112e+00  1.75769248e+00  1.01637240e+00  1.58103237e+00  3.34435150e+01  1.49220387e+00  5.19869680e+00 
 7.80000000e-01  7.80000000e-01  1.48000000e+00  1.88839118e-03  1.32294112e+00  1.75769248e+00  1.01637240e+00  1.58103237e+00  3.34435150e+01  1.49220387e+00  5.19869680e+00 
 7.90000000e-01  7.90000000e-01  1.48000000e+00  1.89559557e-03  1.32294112e+00  1.75769248e+00  1.01637240e+00  1.58103237e+00  3.34435150e+01  1.49220387e+00  5.19869680e+00 
 8.00000000e-01  8.00000000e-01  1.48000000e+00  1.90259034e-03  1.32294112e+00  1.75769248e+00  1.01637240e+00  1.58103237e+00  3.34435150e+01  1.49220387e+00  5.19869680e+00 
 8.10000000e-01  8.10000000e-01  1.48000000e+00  1.90938432e-03  1.32294112e+00  1.75769248e+00  1.01637240e+00  1.58103237e+00  3.34435150e+01  1.49220387e+00  5.19869680e+00 
 8.20000000e-01  8.20000000e-01  1.48000000e+00  1.91598599e-03  1.32294112e+00  1.75769248e+00  1.01637240e+00  1.58103237e+00  3.34435150e+01  1.49220387e+00  5.19869680e+00 
 8.30000000e-01  8.30000000e-01  1.48000000e+00  1.92240349e-03  1.32294112e+00  1.75769248e+00  1.01637240e+00  1.58103237e+00  3.34435150e+01  1.49220387e+00  5.19869680e+00 
 8.40000000e-01  8.40000000e-01  1.48000000e+00  1.92864466e-03  1.32294112e+00  1.75769248e+00  1.01637240e+00  1.58103237e+00  3.34435150e+01  1.49220387e+00  5.19869680e+00 
 8.50000000e-01  8.50000000e-01  1.48000000e+00  1.93471699e-03  1.32294112e+00  1.75769248e+00  1.01637240e+00  1.58103237e+00  3.34435150e+01  1.49220387e+00  5.19869680e+00 
 8.60000000e-01  8.60000000e-01  1.48000000e+00  1.94062765e-03  1.32294112e+00  1.75769248e+00  1.01637240e+00  1.58103237e+00  3.34435150e+01  1.49220387e+00  5.19869680e+00 
 8.70000000e-01  8.70000000e-01  1.48000000e+00  1.94638352e-03  1.32294112e+00  1.75769248e+00  1.01637240e+00  1.58103237e+00  3.34435150e+01  1.49220387e+00  5.19869680e+00 
 8.80000000e-01  8.80000000e-01  1.48000000e+00  1.95199115e-03  1.32294112e+00  1.75769248e+00  1.01637240e+00  1.58103237e+00  3.34435150e+01  1.49220387e+00  5.19869680e+00 
 8.90000000e-01  8.90000000e-01  1.48000000e+00  1.95745682e-03  1.32294112e+00  1.75769248e+00  1.01637240e+00  1.58103237e+00  3.34435150e+01  1.49220387e+00  5.19869680e+00 
 9.00000000e-01  9.00000000e-01  1.48000000e+00  1.96278652e-03  1.32294112e+00  1.75769248e+00  1.01637240e+00  1.58103237e+00  3.34435150e+01  1.49220387e+00  5.19869680e+00 
 9.10000000e-01  9.10000000e-01  1.48000000e+00  1.96798595e-03  1.32294112e+00  1.75769248e+00  1.01637240e+00  1.58103237e+00  3.34435150e+01  1.49220387e+00  5.19869680e+00 
 9.20000000e-01  9.20000000e-01  1.48000000e+00  1.97306057e-03  1.32294112e+00  1.75769248e+00  1.01637240e+00  1.58103237e+00  3.34435150e+01  1.49220387e+00  5.19869680e+00 
 9.30000000e-01  9.30000000e-01  1.48000000e+00  1.97801556e-03  1.32294112e+00  1.75769248e+00  1.01637240e+00  1.58103237e+00  3.34435150e+01  1.49220387e+00  5.19869680e+00 
 9.40000000e-01  9.40000000e-01  1.48000000e+00  1.98285589e-03  1.32294112e+00  1.75769248e+00  1.01637240e+00  1.58103237e+00  3.34435150e+01  1.49220387e+00  5.19869680e+00 
 9.50000000e-01  9.50000000e-01  1.48000000e+00  1.98758627e-03  1.32294112e+00  1.75769248e+00  1.01637240e+00  1.58103237e+00  3.34435150e+01  1.49220387e+00  5.19869680e+00 
 9.60000000e-01  9.60000000e-01  1.48000000e+00  1.99221119e-03  1.32294112e+00  1.75769248e+00  1.01637240e+00  1.58103237e+00  3.34435150e+01  1.49220387e+00  5.19869680e+00 
 9.70000000e-01  9.70000000e-01  1.48000000e+00  1.99673493e-03  1.32294112e+00  1.75769248e+00  1.01637240e+00  1.58103237e+00  3.34435150e+01  1.49220387e+00  5.19869680e+00 
 9.80000000e-01  9.80000000e-01  1.48000000e+00  2.00116158e-03  1.32294112e+00  1.75769248e+00  1.01637240e+00  1.58103237e+00  3.34435150e+01  1.49220387e+00  5.19869680e+00 
 9.90000000e-01  9.90000000e-01  1.48000000e+00  2.00549502e-03  1.32294112e+00  1.75769248e+00  1.01637240e+00  1.58103237e+00  3.34435150e+01  1.49220387e+00  5.19869680e+00 
 1.00000000e+00  1.00000000e+00  1.48000000e+00  2.00973896e-03  1.32294112e+00  1.75769248e+00  1.01637240e+00  1.58103237e+00  3.34435150e+01  1.49220387e+00  5.19869680e+00 
 1.01000000e+00  1.01000000e+00  1.48000000e+00  2.01389691e-03  1.32294112e+00  1.75769248e+00  1.01637240e+00  1.58103237e+00  3.34435150e+01  1.49220387e+00  5.19869680e+00 
 1.02000000e+00  1.02000000e+00  1.48000000e+00  2.01797223e-03  1.32294112e+00  1.75769248e+00  1.01637240e+00  1.58103237e+00  3.34435150e+01  1.49220387e+00  5.19869680e+00 
 1.03000000e+00  1.03000000e+00  1.48000000e+00  2.02196813e-03  1.32294112e+00  1.75769248e+00  1.01637240e+00  1.58103237e+00  3.34435150e+01  1.49220387e+00  5.19869680e+00 
 1.04000000e+00  1.04000000e+00  1.48000000e+00  2.02588766e-03  1.32294112e+00  1.75769248e+00  1.01637240e+00  1.58103237e+00  3.34435150e+01  1.49220387e+00  5.19869680e+00 
 1.05000000e+00  1.05000000e+00  1.48000000e+00  2.02973372e-03  1.32294112e+00  1.75769248e+00  1.01637240e+00  1.58103237e+00  3.34435150e+01  1.49220387e+00  5.19869680e+00 
 1.06000000e+00  1.06000000e+00  1.48000000e+00  2.03350907e-03  1.32294112e+00  1.75769248e+00  1.01637240e+00  1.58103237e+00  3.34435150e+01  1.49220387e+00  5.19869680e+00 
 1.07000000e+00  1.07000000e+00  1.48000000e+00  2.03721637e-03  1.32294112e+00  1.75769248e+00  1.01637240e+00  1.58103237e+00  3.34435150e+01  1.49220387e+00  5.19869680e+00 
 1.08000000e+00  1.08000000e+00  1.48000000e+00  2.04085813e-03  1.32294112e+00  1.75769248e+00  1.01637240e+00  1.58103237e+00  3.34435150e+01  1.49220387e+00  5.19869680e+00 
 1.09000000e+00  1.09000000e+00  1.48000000e+00  2.04443675e-03  1.32294112e+00  1.75769248e+00  1.01637240e+00  1.58103237e+00  3.34435150e+01  1.49220387e+00  5.19869680e+00 
 1.10000000e+00  1.10000000e+00  1.48000000e+00  2.04795453e-03  1.32294112e+00  1.75769248e+00  1.01637240e+00  1.58103237e+00  3.34435150e+01  1.49220387e+00  5.19869680e+00 
 1.11000000e+00  1.11000000e+00  1.48000000e+00  2.05141365e-03  1.32294112e+00  1.75769248e+00  1.01637240e+00  1.58103237e+00  3.34435150e+01  1.49220387e+00  5.19869680e+00 
 1.12000000e+00  1.12000000e+00  1.48000000e+00  2.05481619e-03  1.32294112e+00  1.75769248e+00  1.01637240e+00  1.58103237e+00  3.34435150e+01  1.49220387e+00  5.19869680e+00 
 1.13000000e+00  1.13000000e+00  1.48000000e+00  2.05816416e-03  1.32294112e+00  1.75769248e+00  1.01637240e+00  1.58103237e+00  3.34435150e+01  1.49220387e+00  5.19869680e+00 
 1.14000000e+00  1.14000000e+00  1.48000000e+00  2.06145946e-03  1.32294112e+00  1.75769248e+00  1.01637240e+00  1.58103237e+00  3.34435150e+01  1.49220387e+00  5.19869680e+00 
 1.15000000e+00  1.15000000e+00  1.48000000e+00  2.06470390e-03  1.32294112e+00  1.75769248e+00  1.01637240e+00  1.58103237e+00  3.34435150e+01  1.49220387e+00  5.19869680e+00 
 1.16000000e+00  1.16000000e+00  1.48000000e+00  2.06789923e-03  1.32294112e+00  1.75769248e+00  1.01637240e+00  1.58103237e+00  3.34435150e+01  1.49220387e+00  5.19869680e+00 
 1.17000000e+00  1.17000000e+00  1.48000000e+00  2.07104711e-03  1.32294112e+00  1.75769248e+00  1.01637240e+00  1.58103237e+00  3.34435150e+01  1.49220387e+00  5.19869680e+00 
 1.18000000e+00  1.18000000e+00  1.48000000e+00  2.07414913e-03  1.32294112e+00  1.75769248e+00  1.01637240e+00  1.58103237e+00  3.34435150e+01  1.49220387e+00  5.19869680e+00 
 1.19000000e+00  1.19000000e+00  1.48000000e+00  2.07720681e-03  1.32294112e+00  1.75769248e+00  1.01637240e+00  1.58103237e+00  3.34435150e+01  1.49220387e+00  5.19869680e+00 
 1.20000000e+00  1.20000000e+00  1.48000000e+00  2.08022160e-03  1.32294112e+00  1.75769248e+00  1.01637240e+00  1.58103237e+00  3.34435150e+01  1.49220387e+00  5.19869680e+00 
 1.21000000e+00  1.21000000e+00  1.48000000e+00  2.08319491e-03  1.32294112e+00  1.75769248e+00  1.01637240e+00  1.58103237e+00  3.34435150e+01  1.49220387e+00  5.19869680e+00 
 1.22000000e+00  1.22000000e+00  1.48000000e+00  2.08612806e-03  1.32294112e+00  1.75769248e+00  1.01637240e+00  1.58103237e+00  3.34435150e+01  1.49220387e+00  5.19869680e+00 
 1.23000000e+00  1.23000000e+00  1.48000000e+00  2.08902234e-03  1.32294112e+00  1.75769248e+00  1.01637240e+00  1.58103237e+00  3.34435150e+01  1.49220387e+00  5.19869680e+00 
 1.24000000e+00  1.24000000e+00  1.48000000e+00  2.09187896e-03  1.32294112e+00  1.75769248e+00  1.01637240e+00  1.58103237e+00  3.34435150e+01  1.49220387e+00  5.19869680e+00 
 1.25000000e+00  1.25000000e+00  1.48000000e+00  2.09469911e-03  1.32294112e+00  1.75769248e+00  1.01637240e+00  1.58103237e+00  3.34435150e+01  1.49220387e+00  5.19869680e+00 
 1.26000000e+00  1.26000000e+00  1.48000000e+00  2.09748391e-03  1.32294112e+00  1.75769248e+00  1.01637240e+00  1.58103237e+00  3.34435150e+01  1.49220387e+00  5.19869680e+00 
 1.27000000e+00  1.27000000e+00  1.48000000e+00  2.10023444e-03  1.32294112e+00  1.75769248e+00  1.01637240e+00  1.58103237e+00  3.34435150e+01  1.49220387e+00  5.19869680e+00 
 1.28000000e+00  1.28000000e+00  1.48000000e+00  2.10295175e-03  1.32294112e+00  1.75769248e+00  1.01637240e+00  1.58103237e+00  3.34435150e+01  1.49220387e+00  5.19869680e+00 
 1.29000000e+00  1.29000000e+00  1.48000000e+00  2.10563682e-03  1.32294112e+00  1.75769248e+00  1.01637240e+00  1.58103237e+00  3.34435150e+01  1.49220387e+00  5.19869680e+00 
 1.30000000e+00  1.30000000e+00  1.48000000e+00  2.10829061e-03  1.32294112e+00  1.75769248e+00  1.01637240e+00  1.58103237e+00  3.34435150e+01  1.49220387e+00  5.19869680e+00 
 1.31000000e+00  1.31000000e+00  1.48000000e+00  2.11091404e-03  1.32294112e+00  1.75769248e+00  1.01637240e+00  1.58103237e+00  3.34435150e+01  1.49220387e+00  5.19869680e+00 
 1.32000000e+00  1.32000000e+00  1.48000000e+00  2.11350799e-03  1.32294112e+00  1.75769248e+00  1.01637240e+00  1.58103237e+00  3.34435150e+01  1.49220387e+00  5.19869680e+00 
 1.33000000e+00  1.33000000e+00  1.48000000e+00  2.11607332e-03  1.32294112e+00  1.75769248e+00  1.01637240e+00  1.58103237e+00  3.34435150e+01  1.49220387e+00  5.19869680e+00 
 1.34000000e+00  1.34000000e+00  1.48000000e+00  2.11861083e-03  1.32294112e+00  1.75769248e+00  1.01637240e+00  1.58103237e+00  3.34435150e+01  1.49220387e+00  5.19869680e+00 
 1.35000000e+00  1.35000000e+00  1.48000000e+00  2.12112132e-03  1.32294112e+00  1.75769248e+00  1.01637240e+00  1.58103237e+00  3.34435150e+01  1.49220387e+00  5.19869680e+00 
 1.36000000e+00  1.36000000e+00  1.48000000e+00  2.12360553e-03  1.32294112e+00  1.75769248e+00  1.01637240e+00  1.58103237e+00  3.34435150e+01  1.49220387e+00  5.19869680e+00 
 1.37000000e+00  1.37000000e+00  1.48000000e+00  2.12606420e-03  1.32294112e+00  1.75769248e+00  1.01637240e+00  1.58103237e+00  3.34435150e+01  1.49220387e+00  5.19869680e+00 
 1.38000000e+00  1.38000000e+00  1.48000000e+00  2.12849803e-03  1.32294112e+00  1.75769248e+00  1.01637240e+00  1.58103237e+00  3.34435150e+01  1.49220387e+00  5.19869680e+00 
 1.39000000e+00  1.39000000e+00  1.48000000e+00  2.13090768e-03  1.32294112e+00  1.75769248e+00  1.01637240e+00  1.58103237e+00  3.34435150e+01  1.49220387e+00  5.19869680e+00 
 1.40000000e+00  1.40000000e+00  1.48000000e+00  2.13329381e-03  1.32294112e+00  1.75769248e+00  1.01637240e+00  1.58103237e+00  3.34435150e+01  1.49220387e+00  5.19869680e+00 
 1.41000000e+00  1.41000000e+00  1.48000000e+00  2.13565705e-03  1.32294112e+00  1.75769248e+00  1.01637240e+00  1.58103237e+00  3.34435150e+01  1.49220387e+00  5.19869680e+00 
 1.42000000e+00  1.42000000e+00  1.48000000e+00  2.13799800e-03  1.32294112e+00  1.75769248e+00  1.01637240e+00  1.58103237e+00  3.34435150e+01  1.49220387e+00  5.19869680e+00 
 1.43000000e+00  1.43000000e+00  1.48000000e+00  2.14031724e-03  1.32294112e+00  1.75769248e+00  1.01637240e+00  1.58103237e+00  3.34435150e+01  1.49220387e+00  5.19869680e+00 
 1.44000000e+00  1.44000000e+00  1.48000000e+00  2.14261533e-03  1.32294112e+00  1.75769248e+00  1.01637240e+00  1.58103237e+00  3.34435150e+01  1.49220387e+00  5.19869680e+00 
 1.45000000e+00  1.45000000e+00  1.48000000e+00  2.14489281e-03  1.32294112e+00  1.75769248e+00  1.01637240e+00  1.58103237e+00  3.34435150e+01  1.49220387e+00  5.19869680e+00 
 1.46000000e+00  1.46000000e+00  1.48000000e+00  2.14715022e-03  1.32294112e+00  1.75769248e+00  1.01637240e+00  1.58103237e+00  3.34435150e+01  1.49220387e+00  5.19869680e+00 
 1.47000000e+00  1.47000000e+00  1.48000000e+00  2.14938804e-03  1.32294112e+00  1.75769248e+00  1.01637240e+00  1.58103237e+00  3.34435150e+01  1.49220387e+00  5.19869680e+00 
 1.48000000e+00  1.48000000e+00  1.48000000e+00  2.15160678e-03  1.32294112e+00  1.75769248e+00  1.01637240e+00  1.58103237e+00  3.34435150e+01  1.49220387e+00  5.19869680e+00 
 1.49000000e+00  1.49000000e+00  1.48000000e+00  2.15380690e-03  1.32294112e+00  1.75769248e+00  1.01637240e+00  1.58103237e+00  3.34435150e+01  1.49220387e+00  5.19869680e+00 
 1.50000000e+00  1.50000000e+00  1.48000000e+00  2.15598885e-03  1.32294112e+00  1.75769248e+00  1.01637240e+00  1.58103237e+00  3.34435150e+01  1.49220387e+00  5.19869680e+00 
 1.51000000e+00  1.51000000e+00  1.48000000e+00  2.15815309e-03  1.32294112e+00  1.75769248e+00  1.01637240e+00  1.58103237e+00  3.34435150e+01  1.49220387e+00  5.19869680e+00 
 1.52000000e+00  1.52000000e+00  1.48000000e+00  2.16030002e-03  1.32294112e+00  1.75769248e+00  1.01637240e+00  1.58103237e+00  3.34435150e+01  1.49220387e+00  5.19869680e+00 
 1.53000000e+00  1.53000000e+00  1.48000000e+00  2.16243008e-03  1.32294112e+00  1.75769248e+00  1.01637240e+00  1.58103237e+00  3.34435150e+01  1.49220387e+00  5.19869680e+00 
 1.54000000e+00  1.54000000e+00  1.48000000e+00  2.16454364e-03  1.32294112e+00  1.75769248e+00  1.01637240e+00  1.58103237e+00  3.34435150e+01  1.49220387e+00  5.19869680e+00 
 1.55000000e+00  1.55000000e+00  1.48000000e+00  2.16664111e-03  1.32294112e+00  1.75769248e+00  1.01637240e+00  1.58103237e+00  3.34435150e+01  1.49220387e+00  5.19869680e+00 
 1.56000000e+00  1.56000000e+00  1.48000000e+00  2.16872285e-03  1.32294112e+00  1.75769248e+00  1.01637240e+00  1.58103237e+00  3.34435150e+01  1.49220387e+00  5.19869680e+00 
 1.57000000e+00  1.57000000e+00  1.48000000e+00  2.17078922e-03  1.32294112e+00  1.75769248e+00  1.01637240e+00  1.58103237e+00  3.34435150e+01  1.49220387e+00  5.19869680e+00 
 1.58000000e+00  1.58000000e+00  1.48000000e+00  2.17284058e-03  1.32294112e+00  1.75769248e+00  1.01637240e+00  1.58103237e+00  3.34435150e+01  1.49220387e+00  5.19869680e+00 
 1.59000000e+00  1.59000000e+00  1.48000000e+00  2.17487726e-03  1.32294112e+00  1.75769248e+00  1.01637240e+00  1.58103237e+00  3.34435150e+01  1.49220387e+00  5.19869680e+00 
 1.60000000e+00  1.60000000e+00  1.48000000e+00  2.17689959e-03  1.32294112e+00  1.75769248e+00  1.01637240e+00  1.58103237e+00  3.34435150e+01  1.49220387e+00  5.19869680e+00 
 1.61000000e+00  1.61000000e+00  1.48000000e+00  2.17890790e-03  1.32294112e+00  1.75769248e+00  1.01637240e+00  1.58103237e+00  3.34435150e+01  1.49220387e+00  5.19869680e+00 
 1.62000000e+00  1.62000000e+00  1.48000000e+00  2.18090248e-03  1.32294112e+00  1.75769248e+00  1.01637240e+00  1.58103237e+00  3.34435150e+01  1.49220387e+00  5.19869680e+00 
 1.63000000e+00  1.63000000e+00  1.48000000e+00  2.18288364e-03  1.32294112e+00  1.75769248e+00  1.01637240e+00  1.58103237e+00  3.34435150e+01  1.49220387e+00  5.19869680e+00 
 1.64000000e+00  1.64000000e+00  1.48000000e+00  2.18485167e-03  1.32294112e+00  1.75769248e+00  1.01637240e+00  1.58103237e+00  3.34435150e+01  1.49220387e+00  5.19869680e+00 
 1.65000000e+00  1.65000000e+00  1.48000000e+00  2.18680686e-03  1.32294112e+00  1.75769248e+00  1.01637240e+00  1.58103237e+00  3.34435150e+01  1.49220387e+00  5.19869680e+00 
 1.66000000e+00  1.66000000e+00  1.48000000e+00  2.18874947e-03  1.32294112e+00  1.75769248e+00  1.01637240e+00  1.58103237e+00  3.34435150e+01  1.49220387e+00  5.19869680e+00 
 1.67000000e+00  1.67000000e+00  1.48000000e+00  2.19067977e-03  1.32294112e+00  1.75769248e+00  1.01637240e+00  1.58103237e+00  3.34435150e+01  1.49220387e+00  5.19869680e+00 
 1.68000000e+00  1.68000000e+00  1.48000000e+00  2.19259802e-03  1.32294112e+00  1.75769248e+00  1.01637240e+00  1.58103237e+00  3.34435150e+01  1.49220387e+00  5.19869680e+00 
 1.69000000e+00  1.69000000e+00  1.48000000e+00  2.19450447e-03  1.32294112e+00  1.75769248e+00  1.01637240e+00  1.58103237e+00  3.34435150e+01  1.49220387e+00  5.19869680e+00 
 1.70000000e+00  1.70000000e+00  1.48000000e+00  2.19639936e-03  1.32294112e+00  1.75769248e+00  1.01637240e+00  1.58103237e+00  3.34435150e+01  1.49220387e+00  5.19869680e+00 
 1.71000000e+00  1.71000000e+00  1.48000000e+00  2.19828294e-03  1.32294112e+00  1.75769248e+00  1.01637240e+00  1.58103237e+00  3.34435150e+01  1.49220387e+00  5.19869680e+00 
 1.72000000e+00  1.72000000e+00  1.48000000e+00  2.20015542e-03  1.32294112e+00  1.75769248e+00  1.01637240e+00  1.58103237e+00  3.34435150e+01  1.49220387e+00  5.19869680e+00 
 1.73000000e+00  1.73000000e+00  1.48000000e+00  2.20201705e-03  1.32294112e+00  1.75769248e+00  1.01637240e+00  1.58103237e+00  3.34435150e+01  1.49220387e+00  5.19869680e+00 
 1.74000000e+00  1.74000000e+00  1.48000000e+00  2.20386802e-03  1.32294112e+00  1.75769248e+00  1.01637240e+00  1.58103237e+00  3.34435150e+01  1.49220387e+00  5.19869680e+00 
 1.75000000e+00  1.75000000e+00  1.48000000e+00  2.20570856e-03  1.32294112e+00  1.75769248e+00  1.01637240e+00  1.58103237e+00  3.34435150e+01  1.49220387e+00  5.19869680e+00 
 1.76000000e+00  1.76000000e+00  1.48000000e+00  2.20753887e-03  1.32294112e+00  1.75769248e+00  1.01637240e+00  1.58103237e+00  3.34435150e+01  1.49220387e+00  5.19869680e+00 
 1.77000000e+00  1.77000000e+00  1.48000000e+00  2.20935916e-03  1.32294112e+00  1.75769248e+00  1.01637240e+00  1.58103237e+00  3.34435150e+01  1.49220387e+00  5.19869680e+00 
 1.78000000e+00  1.78000000e+00  1.48000000e+00  2.21116961e-03  1.32294112e+00  1.75769248e+00  1.01637240e+00  1.58103237e+00  3.34435150e+01  1.49220387e+00  5.19869680e+00 
 1.79000000e+00  1.79000000e+00  1.48000000e+00  2.21297043e-03  1.32294112e+00  1.75769248e+00  1.01637240e+00  1.58103237e+00  3.34435150e+01  1.49220387e+00  5.19869680e+00 
 1.80000000e+00  1.80000000e+00  1.48000000e+00  2.21476179e-03  1.32294112e+00  1.75769248e+00  1.01637240e+00  1.58103237e+00  3.34435150e+01  1.49220387e+00  5.19869680e+00 
 1.81000000e+00  1.81000000e+00  1.48000000e+00  2.21654389e-03  1.32294112e+00  1.75769248e+00  1.01637240e+00  1.58103237e+00  3.34435150e+01  1.49220387e+00  5.19869680e+00 
 1.82000000e+00  1.82000000e+00  1.48000000e+00  2.21831689e-03  1.32294112e+00  1.75769248e+00  1.01637240e+00  1.58103237e+00  3.34435150e+01  1.49220387e+00  5.19869680e+00 
 1.83000000e+00  1.83000000e+00  1.48000000e+00  2.22008097e-03  1.32294112e+00  1.75769248e+00  1.01637240e+00  1.58103237e+00  3.34435150e+01  1.49220387e+00  5.19869680e+00 
 1.84000000e+00  1.84000000e+00  1.48000000e+00  2.22183631e-03  1.32294112e+00  1.75769248e+00  1.01637240e+00  1.58103237e+00  3.34435150e+01  1.49220387e+00  5.19869680e+00 
 1.85000000e+00  1.85000000e+00  1.48000000e+00  2.22358308e-03  1.32294112e+00  1.75769248e+00  1.01637240e+00  1.58103237e+00  3.34435150e+01  1.49220387e+00  5.19869680e+00 
