 0.00000000e+00  1.48000000e+00  0.00000000e+00  1.48148160e-12  1.38468209e+00  1.85846303e+00  1.03830596e+00  1.87782515e+00  3.48942313e+01  1.52460184e+00  4.85784354e+00 
 1.00000000e-02  1.48000000e+00  1.00000000e-02  1.48148160e-12  1.38468209e+00  1.85846303e+00  1.03830596e+00  1.87782515e+00  3.48942313e+01  1.52460184e+00  4.85784354e+00 
 2.00000000e-02  1.48000000e+00  2.00000000e-02  1.48148160e-12  1.38468209e+00  1.85846303e+00  1.03830596e+00  1.87782515e+00  3.48942313e+01  1.52460184e+00  4.85784354e+00 
 3.00000000e-02  1.48000000e+00  3.00000000e-02  1.48148160e-12  1.38468209e+00  1.85846303e+00  1.03830596e+00  1.87782515e+00  3.48942313e+01  1.52460184e+00  4.85784354e+00 
 4.00000000e-02  1.48000000e+00  4.00000000e-02  1.48148160e-12  1.38468209e+00  1.85846303e+00  1.03830596e+00  1.87782515e+00  3.48942313e+01  1.52460184e+00  4.85784354e+00 
 5.00000000e-02  1.48000000e+00  5.00000000e-02  1.48148160e-12  1.38468209e+00  1.85846303e+00  1.03830596e+00  1.87782515e+00  3.48942313e+01  1.52460184e+00  4.85784354e+00 
 6.00000000e-02  1.48000000e+00  6.00000000e-02  1.48148160e-12  1.38468209e+00  1.85846303e+00  1.03830596e+00  1.87782515e+00  3.48942313e+01  1.52460184e+00  4.85784354e+00 
 7.00000000e-02  1.48000000e+00  7.00000000e-02  1.48148160e-12  1.38468209e+00  1.85846303e+00  1.03830596e+00  1.87782515e+00  3.48942313e+01  1.52460184e+00  4.85784354e+00 
 8.00000000e-02  1.48000000e+00  8.00000000e-02  1.48148160e-12  1.38468209e+00  1.85846303e+00  1.03830596e+00  1.87782515e+00  3.48942313e+01  1.52460184e+00  4.85784354e+00 
 9.00000000e-02  1.48000000e+00  9.00000000e-02  1.48148160e-12  1.38468209e+00  1.85846303e+00  1.03830596e+00  1.87782515e+00  3.48942313e+01  1.52460184e+00  4.85784354e+00 
 1.00000000e-01  1.48000000e+00  1.00000000e-01  1.48148160e-12  1.38468209e+00  1.85846303e+00  1.03830596e+00  1.87782515e+00  3.48942313e+01  1.52460184e+00  4.85784354e+00 
 1.10000000e-01  1.48000000e+00  1.10000000e-01  1.48148160e-12  1.38468209e+00  1.85846303e+00  1.03830596e+00  1.87782515e+00  3.48942313e+01  1.52460184e+00  4.85784354e+00 
 1.20000000e-01  1.48000000e+00  1.20000000e-01  1.48148160e-12  1.38468209e+00  1.85846303e+00  1.03830596e+00  1.87782515e+00  3.48942313e+01  1.52460184e+00  4.85784354e+00 
 1.30000000e-01  1.48000000e+00  1.30000000e-01  1.48148160e-12  1.38468209e+00  1.85846303e+00  1.03830596e+00  1.87782515e+00  3.48942313e+01  1.52460184e+00  4.85784354e+00 
 1.40000000e-01  1.48000000e+00  1.40000000e-01  1.48148160e-12  1.38468209e+00  1.85846303e+00  1.03830596e+00  1.87782515e+00  3.48942313e+01  1.52460184e+00  4.85784354e+00 
 1.50000000e-01  1.48000000e+00  1.50000000e-01  1.48148160e-12  1.38468209e+00  1.85846303e+00  1.03830596e+00  1.87782515e+00  3.48942313e+01  1.52460184e+00  4.85784354e+00 
 1.60000000e-01  1.48000000e+00  1.60000000e-01  1.48148160e-12  1.38468209e+00  1.85846303e+00  1.03830596e+00  1.87782515e+00  3.48942313e+01  1.52460184e+00  4.85784354e+00 
 1.70000000e-01  1.48000000e+00  1.70000000e-01  1.48148160e-12  1.38468209e+00  1.85846303e+00  1.03830596e+00  1.87782515e+00  3.48942313e+01  1.52460184e+00  4.85784354e+00 
 1.80000000e-01  1.48000000e+00  1.80000000e-01  1.48148160e-12  1.38468209e+00  1.85846303e+00  1.03830596e+00  1.87782515e+00  3.48942313e+01  1.52460184e+00  4.85784354e+00 
 1.90000000e-01  1.48000000e+00  1.90000000e-01  1.48148160e-12  1.38468209e+00  1.85846303e+00  1.03830596e+00  1.87782515e+00  3.48942313e+01  1.52460184e+00  4.85784354e+00 
 2.00000000e-01  1.48000000e+00  2.00000000e-01  1.48148160e-12  1.38468209e+00  1.85846303e+00  1.03830596e+00  1.87782515e+00  3.48942313e+01  1.52460184e+00  4.85784354e+00 
 2.10000000e-01  1.48000000e+00  2.10000000e-01  1.48148160e-12  1.38468209e+00  1.85846303e+00  1.03830596e+00  1.87782515e+00  3.48942313e+01  1.52460184e+00  4.85784354e+00 
 2.20000000e-01  1.48000000e+00  2.20000000e-01  1.48148160e-12  1.38468209e+00  1.85846303e+00  1.03830596e+00  1.87782515e+00  3.48942313e+01  1.52460184e+00  4.85784354e+00 
 2.30000000e-01  1.48000000e+00  2.30000000e-01  1.48148160e-12  1.38468209e+00  1.85846303e+00  1.03830596e+00  1.87782515e+00  3.48942313e+01  1.52460184e+00  4.85784354e+00 
 2.40000000e-01  1.48000000e+00  2.40000000e-01  1.48148160e-12  1.38468209e+00  1.85846303e+00  1.03830596e+00  1.87782515e+00  3.48942313e+01  1.52460184e+00  4.85784354e+00 
 2.50000000e-01  1.48000000e+00  2.50000000e-01  1.48148160e-12  1.38468209e+00  1.85846303e+00  1.03830596e+00  1.87782515e+00  3.48942313e+01  1.52460184e+00  4.85784354e+00 
 2.60000000e-01  1.48000000e+00  2.60000000e-01  1.48148160e-12  1.38468209e+00  1.85846303e+00  1.03830596e+00  1.87782515e+00  3.48942313e+01  1.52460184e+00  4.85784354e+00 
 2.70000000e-01  1.48000000e+00  2.70000000e-01  1.48148160e-12  1.38468209e+00  1.85846303e+00  1.03830596e+00  1.87782515e+00  3.48942313e+01  1.52460184e+00  4.85784354e+00 
 2.80000000e-01  1.48000000e+00  2.80000000e-01  1.48148160e-12  1.38468209e+00  1.85846303e+00  1.03830596e+00  1.87782515e+00  3.48942313e+01  1.52460184e+00  4.85784354e+00 
 2.90000000e-01  1.48000000e+00  2.90000000e-01  1.48148160e-12  1.38468209e+00  1.85846303e+00  1.03830596e+00  1.87782515e+00  3.48942313e+01  1.52460184e+00  4.85784354e+00 
 3.00000000e-01  1.48000000e+00  3.00000000e-01  1.48148160e-12  1.38468209e+00  1.85846303e+00  1.03830596e+00  1.87782515e+00  3.48942313e+01  1.52460184e+00  4.85784354e+00 
 3.10000000e-01  1.48000000e+00  3.10000000e-01  1.48148160e-12  1.38468209e+00  1.85846303e+00  1.03830596e+00  1.87782515e+00  3.48942313e+01  1.52460184e+00  4.85784354e+00 
 3.20000000e-01  1.48000000e+00  3.20000000e-01  1.48148160e-12  1.38468209e+00  1.85846303e+00  1.03830596e+00  1.87782515e+00  3.48942313e+01  1.52460184e+00  4.85784354e+00 
 3.30000000e-01  1.48000000e+00  3.30000000e-01  1.48148160e-12  1.38468209e+00  1.85846303e+00  1.03830596e+00  1.87782515e+00  3.48942313e+01  1.52460184e+00  4.85784354e+00 
 3.40000000e-01  1.48000000e+00  3.40000000e-01  1.48148160e-12  1.38468209e+00  1.85846303e+00  1.03830596e+00  1.87782515e+00  3.48942313e+01  1.52460184e+00  4.85784354e+00 
 3.50000000e-01  1.48000000e+00  3.50000000e-01  1.48148160e-12  1.38468209e+00  1.85846303e+00  1.03830596e+00  1.87782515e+00  3.48942313e+01  1.52460184e+00  4.85784354e+00 
 3.60000000e-01  1.48000000e+00  3.60000000e-01  1.48148160e-12  1.38468209e+00  1.85846303e+00  1.03830596e+00  1.87782515e+00  3.48942313e+01  1.52460184e+00  4.85784354e+00 
 3.70000000e-01  1.48000000e+00  3.70000000e-01  1.48148160e-12  1.38468209e+00  1.85846303e+00  1.03830596e+00  1.87782515e+00  3.48942313e+01  1.52460184e+00  4.85784354e+00 
 3.80000000e-01  1.48000000e+00  3.80000000e-01  1.48148160e-12  1.38468209e+00  1.85846303e+00  1.03830596e+00  1.87782515e+00  3.48942313e+01  1.52460184e+00  4.85784354e+00 
 3.90000000e-01  1.48000000e+00  3.90000000e-01  1.48148160e-12  1.38468209e+00  1.85846303e+00  1.03830596e+00  1.87782515e+00  3.48942313e+01  1.52460184e+00  4.85784354e+00 
 4.00000000e-01  1.48000000e+00  4.00000000e-01  1.48148160e-12  1.38468209e+00  1.85846303e+00  1.03830596e+00  1.87782515e+00  3.48942313e+01  1.52460184e+00  4.85784354e+00 
 4.10000000e-01  1.48000000e+00  4.10000000e-01  1.48148160e-12  1.38468209e+00  1.85846303e+00  1.03830596e+00  1.87782515e+00  3.48942313e+01  1.52460184e+00  4.85784354e+00 
 4.20000000e-01  1.48000000e+00  4.20000000e-01  1.48148160e-12  1.38468209e+00  1.85846303e+00  1.03830596e+00  1.87782515e+00  3.48942313e+01  1.52460184e+00  4.85784354e+00 
 4.30000000e-01  1.48000000e+00  4.30000000e-01  1.48148160e-12  1.38468209e+00  1.85846303e+00  1.03830596e+00  1.87782515e+00  3.48942313e+01  1.52460184e+00  4.85784354e+00 
 4.40000000e-01  1.48000000e+00  4.40000000e-01  1.48148160e-12  1.38468209e+00  1.85846303e+00  1.03830596e+00  1.87782515e+00  3.48942313e+01  1.52460184e+00  4.85784354e+00 
 4.50000000e-01  1.48000000e+00  4.50000000e-01  1.48148160e-12  1.38468209e+00  1.85846303e+00  1.03830596e+00  1.87782515e+00  3.48942313e+01  1.52460184e+00  4.85784354e+00 
 4.60000000e-01  1.48000000e+00  4.60000000e-01  1.48148160e-12  1.38468209e+00  1.85846303e+00  1.03830596e+00  1.87782515e+00  3.48942313e+01  1.52460184e+00  4.85784354e+00 
 4.70000000e-01  1.48000000e+00  4.70000000e-01  1.48325796e-12  1.38468209e+00  1.85846303e+00  1.03830596e+00  1.87782515e+00  3.48942313e+01  1.52460184e+00  4.85784354e+00 
 4.80000000e-01  1.48000000e+00  4.80000000e-01  1.48503432e-12  1.38468209e+00  1.85846303e+00  1.03830596e+00  1.87782515e+00  3.48942313e+01  1.52460184e+00  4.85784354e+00 
 4.90000000e-01  1.48000000e+00  4.90000000e-01  1.49036339e-12  1.38468209e+00  1.85846303e+00  1.03830596e+00  1.87782515e+00  3.48942313e+01  1.52460184e+00  4.85784354e+00 
 5.00000000e-01  1.48000000e+00  5.00000000e-01  1.50279789e-12  1.38468209e+00  1.85846303e+00  1.03830596e+00  1.87782515e+00  3.48942313e+01  1.52460184e+00  4.85784354e+00 
 5.10000000e-01  1.48000000e+00  5.10000000e-01  1.53654867e-12  1.38468209e+00  1.85846303e+00  1.03830596e+00  1.87782515e+00  3.48942313e+01  1.52460184e+00  4.85784354e+00 
 5.20000000e-01  1.48000000e+00  5.20000000e-01  1.62359015e-12  1.38468209e+00  1.85846303e+00  1.03830596e+00  1.87782515e+00  3.48942313e+01  1.52460184e+00  4.85784354e+00 
 5.30000000e-01  1.48000000e+00  5.30000000e-01  1.85274018e-12  1.38468209e+00  1.85846303e+00  1.03830596e+00  1.87782515e+00  3.48942313e+01  1.52460184e+00  4.85784354e+00 
 5.40000000e-01  1.48000000e+00  5.40000000e-01  2.44426701e-12  1.38468209e+00  1.85846303e+00  1.03830596e+00  1.87782515e+00  3.48942313e+01  1.52460184e+00  4.85784354e+00 
 5.50000000e-01  1.48000000e+00  5.50000000e-01  3.99325017e-12  1.38468209e+00  1.85846303e+00  1.03830596e+00  1.87782515e+00  3.48942313e+01  1.52460184e+00  4.85784354e+00 
 5.60000000e-01  1.48000000e+00  5.60000000e-01  7.99893485e-12  1.38468209e+00  1.85846303e+00  1.03830596e+00  1.87782515e+00  3.48942313e+01  1.52460184e+00  4.85784354e+00 
 5.70000000e-01  1.48000000e+00  5.70000000e-01  1.83373317e-11  1.38468209e+00  1.85846303e+00  1.03830596e+00  1.87782515e+00  3.48942313e+01  1.52460184e+00  4.85784354e+00 
 5.80000000e-01  1.48000000e+00  5.80000000e-01  4.48228121e-11  1.38468209e+00  1.85846303e+00  1.03830596e+00  1.87782515e+00  3.48942313e+01  1.52460184e+00  4.85784354e+00 
 5.90000000e-01  1.48000000e+00  5.90000000e-01  1.11912257e-10  1.38468209e+00  1.85846303e+00  1.03830596e+00  1.87782515e+00  3.48942313e+01  1.52460184e+00  4.85784354e+00 
 6.00000000e-01  1.48000000e+00  6.00000000e-01  2.78875589e-10  1.38468209e+00  1.85846303e+00  1.03830596e+00  1.87782515e+00  3.48942313e+01  1.52460184e+00  4.85784354e+00 
 6.10000000e-01  1.48000000e+00  6.10000000e-01  6.83709089e-10  1.38468209e+00  1.85846303e+00  1.03830596e+00  1.87782515e+00  3.48942313e+01  1.52460184e+00  4.85784354e+00 
 6.20000000e-01  1.48000000e+00  6.20000000e-01  1.62956759e-09  1.38468209e+00  1.85846303e+00  1.03830596e+00  1.87782515e+00  3.48942313e+01  1.52460184e+00  4.85784354e+00 
 6.30000000e-01  1.48000000e+00  6.30000000e-01  3.73298015e-09  1.38468209e+00  1.85846303e+00  1.03830596e+00  1.87782515e+00  3.48942313e+01  1.52460184e+00  4.85784354e+00 
 6.40000000e-01  1.48000000e+00  6.40000000e-01  8.13729528e-09  1.38468209e+00  1.85846303e+00  1.03830596e+00  1.87782515e+00  3.48942313e+01  1.52460184e+00  4.85784354e+00 
 6.50000000e-01  1.48000000e+00  6.50000000e-01  1.67751768e-08  1.38468209e+00  1.85846303e+00  1.03830596e+00  1.87782515e+00  3.48942313e+01  1.52460184e+00  4.85784354e+00 
 6.60000000e-01  1.48000000e+00  6.60000000e-01  3.26977290e-08  1.38468209e+00  1.85846303e+00  1.03830596e+00  1.87782515e+00  3.48942313e+01  1.52460184e+00  4.85784354e+00 
 6.70000000e-01  1.48000000e+00  6.70000000e-01  6.06093806e-08  1.38468209e+00  1.85846303e+00  1.03830596e+00  1.87782515e+00  3.48942313e+01  1.52460184e+00  4.85784354e+00 
 6.80000000e-01  1.48000000e+00  6.80000000e-01  1.07876044e-07  1.38468209e+00  1.85846303e+00  1.03830596e+00  1.87782515e+00  3.48942313e+01  1.52460184e+00  4.85784354e+00 
 6.90000000e-01  1.48000000e+00  6.90000000e-01  1.86337132e-07  1.38468209e+00  1.85846303e+00  1.03830596e+00  1.87782515e+00  3.48942313e+01  1.52460184e+00  4.85784354e+00 
 7.00000000e-01  1.48000000e+00  7.00000000e-01  3.15342977e-07  1.38468209e+00  1.85846303e+00  1.03830596e+00  1.87782515e+00  3.48942313e+01  1.52460184e+00  4.85784354e+00 
 7.10000000e-01  1.48000000e+00  7.10000000e-01  5.26634611e-07  1.38468209e+00  1.85846303e+00  1.03830596e+00  1.87782515e+00  3.48942313e+01  1.52460184e+00  4.85784354e+00 
 7.20000000e-01  1.48000000e+00  7.20000000e-01  8.71760401e-07  1.38468209e+00  1.85846303e+00  1.03830596e+00  1.87782515e+00  3.48942313e+01  1.52460184e+00  4.85784354e+00 
 7.30000000e-01  1.48000000e+00  7.30000000e-01  1.43198926e-06  1.38468209e+00  1.85846303e+00  1.03830596e+00  1.87782515e+00  3.48942313e+01  1.52460184e+00  4.85784354e+00 
 7.40000000e-01  1.48000000e+00  7.40000000e-01  2.32803344e-06  1.38468209e+00  1.85846303e+00  1.03830596e+00  1.87782515e+00  3.48942313e+01  1.52460184e+00  4.85784354e+00 
 7.50000000e-01  1.48000000e+00  7.50000000e-01  3.72239474e-06  1.38468209e+00  1.85846303e+00  1.03830596e+00  1.87782515e+00  3.48942313e+01  1.52460184e+00  4.85784354e+00 
 7.60000000e-01  1.48000000e+00  7.60000000e-01  5.80538529e-06  1.38468209e+00  1.85846303e+00  1.03830596e+00  1.87782515e+00  3.48942313e+01  1.52460184e+00  4.85784354e+00 
 7.70000000e-01  1.48000000e+00  7.70000000e-01  8.76413032e-06  1.38468209e+00  1.85846303e+00  1.03830596e+00  1.87782515e+00  3.48942313e+01  1.52460184e+00  4.85784354e+00 
 7.80000000e-01  1.48000000e+00  7.80000000e-01  1.27487244e-05  1.38468209e+00  1.85846303e+00  1.03830596e+00  1.87782515e+00  3.48942313e+01  1.52460184e+00  4.85784354e+00 
 7.90000000e-01  1.48000000e+00  7.90000000e-01  1.78538102e-05  1.38468209e+00  1.85846303e+00  1.03830596e+00  1.87782515e+00  3.48942313e+01  1.52460184e+00  4.85784354e+00 
 8.00000000e-01  1.48000000e+00  8.00000000e-01  2.41210423e-05  1.38468209e+00  1.85846303e+00  1.03830596e+00  1.87782515e+00  3.48942313e+01  1.52460184e+00  4.85784354e+00 
 8.10000000e-01  1.48000000e+00  8.10000000e-01  3.15540097e-05  1.38468209e+00  1.85846303e+00  1.03830596e+00  1.87782515e+00  3.48942313e+01  1.52460184e+00  4.85784354e+00 
 8.20000000e-01  1.48000000e+00  8.20000000e-01  4.01347171e-05  1.38468209e+00  1.85846303e+00  1.03830596e+00  1.87782515e+00  3.48942313e+01  1.52460184e+00  4.85784354e+00 
 8.30000000e-01  1.48000000e+00  8.30000000e-01  4.98358232e-05  1.38468209e+00  1.85846303e+00  1.03830596e+00  1.87782515e+00  3.48942313e+01  1.52460184e+00  4.85784354e+00 
 8.40000000e-01  1.48000000e+00  8.40000000e-01  6.06277874e-05  1.38468209e+00  1.85846303e+00  1.03830596e+00  1.87782515e+00  3.48942313e+01  1.52460184e+00  4.85784354e+00 
 8.50000000e-01  1.48000000e+00  8.50000000e-01  7.24822365e-05  1.38468209e+00  1.85846303e+00  1.03830596e+00  1.87782515e+00  3.48942313e+01  1.52460184e+00  4.85784354e+00 
 8.60000000e-01  1.48000000e+00  8.60000000e-01  8.53731088e-05  1.38468209e+00  1.85846303e+00  1.03830596e+00  1.87782515e+00  3.48942313e+01  1.52460184e+00  4.85784354e+00 
 8.70000000e-01  1.48000000e+00  8.70000000e-01  9.92767029e-05  1.38468209e+00  1.85846303e+00  1.03830596e+00  1.87782515e+00  3.48942313e+01  1.52460184e+00  4.85784354e+00 
 8.80000000e-01  1.48000000e+00  8.80000000e-01  1.14171289e-04  1.38468209e+00  1.85846303e+00  1.03830596e+00  1.87782515e+00  3.48942313e+01  1.52460184e+00  4.85784354e+00 
 8.90000000e-01  1.48000000e+00  8.90000000e-01  1.30036618e-04  1.38468209e+00  1.85846303e+00  1.03830596e+00  1.87782515e+00  3.48942313e+01  1.52460184e+00  4.85784354e+00 
 9.00000000e-01  1.48000000e+00  9.00000000e-01  1.46853474e-04  1.38468209e+00  1.85846303e+00  1.03830596e+00  1.87782515e+00  3.48942313e+01  1.52460184e+00  4.85784354e+00 
 9.10000000e-01  1.48000000e+00  9.10000000e-01  1.64603308e-04  1.38468209e+00  1.85846303e+00  1.03830596e+00  1.87782515e+00  3.48942313e+01  1.52460184e+00  4.85784354e+00 
 9.20000000e-01  1.48000000e+00  9.20000000e-01  1.83267978e-04  1.38468209e+00  1.85846303e+00  1.03830596e+00  1.87782515e+00  3.48942313e+01  1.52460184e+00  4.85784354e+00 
 9.30000000e-01  1.48000000e+00  9.30000000e-01  2.02829559e-04  1.38468209e+00  1.85846303e+00  1.03830596e+00  1.87782515e+00  3.48942313e+01  1.52460184e+00  4.85784354e+00 
 9.40000000e-01  1.48000000e+00  9.40000000e-01  2.23270222e-04  1.38468209e+00  1.85846303e+00  1.03830596e+00  1.87782515e+00  3.48942313e+01  1.52460184e+00  4.85784354e+00 
 9.50000000e-01  1.48000000e+00  9.50000000e-01  2.44572151e-04  1.38468209e+00  1.85846303e+00  1.03830596e+00  1.87782515e+00  3.48942313e+01  1.52460184e+00  4.85784354e+00 
 9.60000000e-01  1.48000000e+00  9.60000000e-01  2.66717507e-04  1.38468209e+00  1.85846303e+00  1.03830596e+00  1.87782515e+00  3.48942313e+01  1.52460184e+00  4.85784354e+00 
 9.70000000e-01  1.48000000e+00  9.70000000e-01  2.89688394e-04  1.38468209e+00  1.85846303e+00  1.03830596e+00  1.87782515e+00  3.48942313e+01  1.52460184e+00  4.85784354e+00 
 9.80000000e-01  1.48000000e+00  9.80000000e-01  3.13466869e-04  1.38468209e+00  1.85846303e+00  1.03830596e+00  1.87782515e+00  3.48942313e+01  1.52460184e+00  4.85784354e+00 
 9.90000000e-01  1.48000000e+00  9.90000000e-01  3.38034940e-04  1.38468209e+00  1.85846303e+00  1.03830596e+00  1.87782515e+00  3.48942313e+01  1.52460184e+00  4.85784354e+00 
 1.00000000e+00  1.48000000e+00  1.00000000e+00  3.63374582e-04  1.38468209e+00  1.85846303e+00  1.03830596e+00  1.87782515e+00  3.48942313e+01  1.52460184e+00  4.85784354e+00 
 1.01000000e+00  1.48000000e+00  1.01000000e+00  3.89467743e-04  1.38468209e+00  1.85846303e+00  1.03830596e+00  1.87782515e+00  3.48942313e+01  1.52460184e+00  4.85784354e+00 
 1.02000000e+00  1.48000000e+00  1.02000000e+00  4.16296368e-04  1.38468209e+00  1.85846303e+00  1.03830596e+00  1.87782515e+00  3.48942313e+01  1.52460184e+00  4.85784354e+00 
 1.03000000e+00  1.48000000e+00  1.03000000e+00  4.43842417e-04  1.38468209e+00  1.85846303e+00  1.03830596e+00  1.87782515e+00  3.48942313e+01  1.52460184e+00  4.85784354e+00 
 1.04000000e+00  1.48000000e+00  1.04000000e+00  4.72087879e-04  1.38468209e+00  1.85846303e+00  1.03830596e+00  1.87782515e+00  3.48942313e+01  1.52460184e+00  4.85784354e+00 
 1.05000000e+00  1.48000000e+00  1.05000000e+00  5.01014792e-04  1.38468209e+00  1.85846303e+00  1.03830596e+00  1.87782515e+00  3.48942313e+01  1.52460184e+00  4.85784354e+00 
 1.06000000e+00  1.48000000e+00  1.06000000e+00  5.30605265e-04  1.38468209e+00  1.85846303e+00  1.03830596e+00  1.87782515e+00  3.48942313e+01  1.52460184e+00  4.85784354e+00 
 1.07000000e+00  1.48000000e+00  1.07000000e+00  5.60841486e-04  1.38468209e+00  1.85846303e+00  1.03830596e+00  1.87782515e+00  3.48942313e+01  1.52460184e+00  4.85784354e+00 
 1.08000000e+00  1.48000000e+00  1.08000000e+00  5.91705747e-04  1.38468209e+00  1.85846303e+00  1.03830596e+00  1.87782515e+00  3.48942313e+01  1.52460184e+00  4.85784354e+00 
 1.09000000e+00  1.48000000e+00  1.09000000e+00  6.23180454e-04  1.38468209e+00  1.85846303e+00  1.03830596e+00  1.87782515e+00  3.48942313e+01  1.52460184e+00  4.85784354e+00 
 1.10000000e+00  1.48000000e+00  1.10000000e+00  6.55248142e-04  1.38468209e+00  1.85846303e+00  1.03830596e+00  1.87782515e+00  3.48942313e+01  1.52460184e+00  4.85784354e+00 
 1.11000000e+00  1.48000000e+00  1.11000000e+00  6.87891487e-04  1.38468209e+00  1.85846303e+00  1.03830596e+00  1.87782515e+00  3.48942313e+01  1.52460184e+00  4.85784354e+00 
 1.12000000e+00  1.48000000e+00  1.12000000e+00  7.21093323e-04  1.38468209e+00  1.85846303e+00  1.03830596e+00  1.87782515e+00  3.48942313e+01  1.52460184e+00  4.85784354e+00 
 1.13000000e+00  1.48000000e+00  1.13000000e+00  7.54836646e-04  1.38468209e+00  1.85846303e+00  1.03830596e+00  1.87782515e+00  3.48942313e+01  1.52460184e+00  4.85784354e+00 
 1.14000000e+00  1.48000000e+00  1.14000000e+00  7.89104631e-04  1.38468209e+00  1.85846303e+00  1.03830596e+00  1.87782515e+00  3.48942313e+01  1.52460184e+00  4.85784354e+00 
 1.15000000e+00  1.48000000e+00  1.15000000e+00  8.23880637e-04  1.38468209e+00  1.85846303e+00  1.03830596e+00  1.87782515e+00  3.48942313e+01  1.52460184e+00  4.85784354e+00 
 1.16000000e+00  1.48000000e+00  1.16000000e+00  8.59148218e-04  1.38468209e+00  1.85846303e+00  1.03830596e+00  1.87782515e+00  3.48942313e+01  1.52460184e+00  4.85784354e+00 
 1.17000000e+00  1.48000000e+00  1.17000000e+00  8.94891130e-04  1.38468209e+00  1.85846303e+00  1.03830596e+00  1.87782515e+00  3.48942313e+01  1.52460184e+00  4.85784354e+00 
 1.18000000e+00  1.48000000e+00  1.18000000e+00  9.31093339e-04  1.38468209e+00  1.85846303e+00  1.03830596e+00  1.87782515e+00  3.48942313e+01  1.52460184e+00  4.85784354e+00 
 1.19000000e+00  1.48000000e+00  1.19000000e+00  9.67739023e-04  1.38468209e+00  1.85846303e+00  1.03830596e+00  1.87782515e+00  3.48942313e+01  1.52460184e+00  4.85784354e+00 
 1.20000000e+00  1.48000000e+00  1.20000000e+00  1.00481258e-03  1.38468209e+00  1.85846303e+00  1.03830596e+00  1.87782515e+00  3.48942313e+01  1.52460184e+00  4.85784354e+00 
 1.21000000e+00  1.48000000e+00  1.21000000e+00  1.04229865e-03  1.38468209e+00  1.85846303e+00  1.03830596e+00  1.87782515e+00  3.48942313e+01  1.52460184e+00  4.85784354e+00 
 1.22000000e+00  1.48000000e+00  1.22000000e+00  1.08018208e-03  1.38468209e+00  1.85846303e+00  1.03830596e+00  1.87782515e+00  3.48942313e+01  1.52460184e+00  4.85784354e+00 
 1.23000000e+00  1.48000000e+00  1.23000000e+00  1.11844796e-03  1.38468209e+00  1.85846303e+00  1.03830596e+00  1.87782515e+00  3.48942313e+01  1.52460184e+00  4.85784354e+00 
 1.24000000e+00  1.48000000e+00  1.24000000e+00  1.15708162e-03  1.38468209e+00  1.85846303e+00  1.03830596e+00  1.87782515e+00  3.48942313e+01  1.52460184e+00  4.85784354e+00 
 1.25000000e+00  1.48000000e+00  1.25000000e+00  1.19606862e-03  1.38468209e+00  1.85846303e+00  1.03830596e+00  1.87782515e+00  3.48942313e+01  1.52460184e+00  4.85784354e+00 
 1.26000000e+00  1.48000000e+00  1.26000000e+00  1.23539478e-03  1.38468209e+00  1.85846303e+00  1.03830596e+00  1.87782515e+00  3.48942313e+01  1.52460184e+00  4.85784354e+00 
 1.27000000e+00  1.48000000e+00  1.27000000e+00  1.27504614e-03  1.38468209e+00  1.85846303e+00  1.03830596e+00  1.87782515e+00  3.48942313e+01  1.52460184e+00  4.85784354e+00 
 1.28000000e+00  1.48000000e+00  1.28000000e+00  1.31500900e-03  1.38468209e+00  1.85846303e+00  1.03830596e+00  1.87782515e+00  3.48942313e+01  1.52460184e+00  4.85784354e+00 
 1.29000000e+00  1.48000000e+00  1.29000000e+00  1.35526988e-03  1.38468209e+00  1.85846303e+00  1.03830596e+00  1.87782515e+00  3.48942313e+01  1.52460184e+00  4.85784354e+00 
 1.30000000e+00  1.48000000e+00  1.30000000e+00  1.39581559e-03  1.38468209e+00  1.85846303e+00  1.03830596e+00  1.87782515e+00  3.48942313e+01  1.52460184e+00  4.85784354e+00 
 1.31000000e+00  1.48000000e+00  1.31000000e+00  1.43663313e-03  1.38468209e+00  1.85846303e+00  1.03830596e+00  1.87782515e+00  3.48942313e+01  1.52460184e+00  4.85784354e+00 
 1.32000000e+00  1.48000000e+00  1.32000000e+00  1.47770978e-03  1.38468209e+00  1.85846303e+00  1.03830596e+00  1.87782515e+00  3.48942313e+01  1.52460184e+00  4.85784354e+00 
 1.33000000e+00  1.48000000e+00  1.33000000e+00  1.51903305e-03  1.38468209e+00  1.85846303e+00  1.03830596e+00  1.87782515e+00  3.48942313e+01  1.52460184e+00  4.85784354e+00 
 1.34000000e+00  1.48000000e+00  1.34000000e+00  1.56059070e-03  1.38468209e+00  1.85846303e+00  1.03830596e+00  1.87782515e+00  3.48942313e+01  1.52460184e+00  4.85784354e+00 
 1.35000000e+00  1.48000000e+00  1.35000000e+00  1.60237071e-03  1.38468209e+00  1.85846303e+00  1.03830596e+00  1.87782515e+00  3.48942313e+01  1.52460184e+00  4.85784354e+00 
 1.36000000e+00  1.48000000e+00  1.36000000e+00  1.64436131e-03  1.38468209e+00  1.85846303e+00  1.03830596e+00  1.87782515e+00  3.48942313e+01  1.52460184e+00  4.85784354e+00 
 1.37000000e+00  1.48000000e+00  1.37000000e+00  1.68655098e-03  1.38468209e+00  1.85846303e+00  1.03830596e+00  1.87782515e+00  3.48942313e+01  1.52460184e+00  4.85784354e+00 
 1.38000000e+00  1.48000000e+00  1.38000000e+00  1.72892842e-03  1.38468209e+00  1.85846303e+00  1.03830596e+00  1.87782515e+00  3.48942313e+01  1.52460184e+00  4.85784354e+00 
 1.39000000e+00  1.48000000e+00  1.39000000e+00  1.77148255e-03  1.38468209e+00  1.85846303e+00  1.03830596e+00  1.87782515e+00  3.48942313e+01  1.52460184e+00  4.85784354e+00 
 1.40000000e+00  1.48000000e+00  1.40000000e+00  1.81420254e-03  1.38468209e+00  1.85846303e+00  1.03830596e+00  1.87782515e+00  3.48942313e+01  1.52460184e+00  4.85784354e+00 
 1.41000000e+00  1.48000000e+00  1.41000000e+00  1.85707777e-03  1.38468209e+00  1.85846303e+00  1.03830596e+00  1.87782515e+00  3.48942313e+01  1.52460184e+00  4.85784354e+00 
 1.42000000e+00  1.48000000e+00  1.42000000e+00  1.90009786e-03  1.38468209e+00  1.85846303e+00  1.03830596e+00  1.87782515e+00  3.48942313e+01  1.52460184e+00  4.85784354e+00 
 1.43000000e+00  1.48000000e+00  1.43000000e+00  1.94325263e-03  1.38468209e+00  1.85846303e+00  1.03830596e+00  1.87782515e+00  3.48942313e+01  1.52460184e+00  4.85784354e+00 
 1.44000000e+00  1.48000000e+00  1.44000000e+00  1.98653214e-03  1.38468209e+00  1.85846303e+00  1.03830596e+00  1.87782515e+00  3.48942313e+01  1.52460184e+00  4.85784354e+00 
 1.45000000e+00  1.48000000e+00  1.45000000e+00  2.02992665e-03  1.38468209e+00  1.85846303e+00  1.03830596e+00  1.87782515e+00  3.48942313e+01  1.52460184e+00  4.85784354e+00 
 1.46000000e+00  1.48000000e+00  1.46000000e+00  2.07342662e-03  1.38468209e+00  1.85846303e+00  1.03830596e+00  1.87782515e+00  3.48942313e+01  1.52460184e+00  4.85784354e+00 
 1.47000000e+00  1.48000000e+00  1.47000000e+00  2.11702274e-03  1.38468209e+00  1.85846303e+00  1.03830596e+00  1.87782515e+00  3.48942313e+01  1.52460184e+00  4.85784354e+00 
 1.48000000e+00  1.48000000e+00  1.48000000e+00  2.16070589e-03  1.38468209e+00  1.85846303e+00  1.03830596e+00  1.87782515e+00  3.48942313e+01  1.52460184e+00  4.85784354e+00 
 1.49000000e+00  1.48000000e+00  1.49000000e+00  2.20446715e-03  1.38468209e+00  1.85846303e+00  1.03830596e+00  1.87782515e+00  3.48942313e+01  1.52460184e+00  4.85784354e+00 
 1.50000000e+00  1.48000000e+00  1.50000000e+00  2.24829780e-03  1.38468209e+00  1.85846303e+00  1.03830596e+00  1.87782515e+00  3.48942313e+01  1.52460184e+00  4.85784354e+00 
 1.51000000e+00  1.48000000e+00  1.51000000e+00  2.29218931e-03  1.38468209e+00  1.85846303e+00  1.03830596e+00  1.87782515e+00  3.48942313e+01  1.52460184e+00  4.85784354e+00 
 1.52000000e+00  1.48000000e+00  1.52000000e+00  2.33613334e-03  1.38468209e+00  1.85846303e+00  1.03830596e+00  1.87782515e+00  3.48942313e+01  1.52460184e+00  4.85784354e+00 
 1.53000000e+00  1.48000000e+00  1.53000000e+00  2.38012173e-03  1.38468209e+00  1.85846303e+00  1.03830596e+00  1.87782515e+00  3.48942313e+01  1.52460184e+00  4.85784354e+00 
 1.54000000e+00  1.48000000e+00  1.54000000e+00  2.42414652e-03  1.38468209e+00  1.85846303e+00  1.03830596e+00  1.87782515e+00  3.48942313e+01  1.52460184e+00  4.85784354e+00 
 1.55000000e+00  1.48000000e+00  1.55000000e+00  2.46819990e-03  1.38468209e+00  1.85846303e+00  1.03830596e+00  1.87782515e+00  3.48942313e+01  1.52460184e+00  4.85784354e+00 
 1.56000000e+00  1.48000000e+00  1.56000000e+00  2.51227424e-03  1.38468209e+00  1.85846303e+00  1.03830596e+00  1.87782515e+00  3.48942313e+01  1.52460184e+00  4.85784354e+00 
 1.57000000e+00  1.48000000e+00  1.57000000e+00  2.55636211e-03  1.38468209e+00  1.85846303e+00  1.03830596e+00  1.87782515e+00  3.48942313e+01  1.52460184e+00  4.85784354e+00 
 1.58000000e+00  1.48000000e+00  1.58000000e+00  2.60045620e-03  1.38468209e+00  1.85846303e+00  1.03830596e+00  1.87782515e+00  3.48942313e+01  1.52460184e+00  4.85784354e+00 
 1.59000000e+00  1.48000000e+00  1.59000000e+00  2.64454940e-03  1.38468209e+00  1.85846303e+00  1.03830596e+00  1.87782515e+00  3.48942313e+01  1.52460184e+00  4.85784354e+00 
 1.60000000e+00  1.48000000e+00  1.60000000e+00  2.68863473e-03  1.38468209e+00  1.85846303e+00  1.03830596e+00  1.87782515e+00  3.48942313e+01  1.52460184e+00  4.85784354e+00 
 1.61000000e+00  1.48000000e+00  1.61000000e+00  2.73270539e-03  1.38468209e+00  1.85846303e+00  1.03830596e+00  1.87782515e+00  3.48942313e+01  1.52460184e+00  4.85784354e+00 
 1.62000000e+00  1.48000000e+00  1.62000000e+00  2.77675470e-03  1.38468209e+00  1.85846303e+00  1.03830596e+00  1.87782515e+00  3.48942313e+01  1.52460184e+00  4.85784354e+00 
 1.63000000e+00  1.48000000e+00  1.63000000e+00  2.82077617e-03  1.38468209e+00  1.85846303e+00  1.03830596e+00  1.87782515e+00  3.48942313e+01  1.52460184e+00  4.85784354e+00 
 1.64000000e+00  1.48000000e+00  1.64000000e+00  2.86476341e-03  1.38468209e+00  1.85846303e+00  1.03830596e+00  1.87782515e+00  3.48942313e+01  1.52460184e+00  4.85784354e+00 
 1.65000000e+00  1.48000000e+00  1.65000000e+00  2.90871020e-03  1.38468209e+00  1.85846303e+00  1.03830596e+00  1.87782515e+00  3.48942313e+01  1.52460184e+00  4.85784354e+00 
 1.66000000e+00  1.48000000e+00  1.66000000e+00  2.95261044e-03  1.38468209e+00  1.85846303e+00  1.03830596e+00  1.87782515e+00  3.48942313e+01  1.52460184e+00  4.85784354e+00 
 1.67000000e+00  1.48000000e+00  1.67000000e+00  2.99645817e-03  1.38468209e+00  1.85846303e+00  1.03830596e+00  1.87782515e+00  3.48942313e+01  1.52460184e+00  4.85784354e+00 
 1.68000000e+00  1.48000000e+00  1.68000000e+00  3.04024755e-03  1.38468209e+00  1.85846303e+00  1.03830596e+00  1.87782515e+00  3.48942313e+01  1.52460184e+00  4.85784354e+00 
 1.69000000e+00  1.48000000e+00  1.69000000e+00  3.08397288e-03  1.38468209e+00  1.85846303e+00  1.03830596e+00  1.87782515e+00  3.48942313e+01  1.52460184e+00  4.85784354e+00 
 1.70000000e+00  1.48000000e+00  1.70000000e+00  3.12762856e-03  1.38468209e+00  1.85846303e+00  1.03830596e+00  1.87782515e+00  3.48942313e+01  1.52460184e+00  4.85784354e+00 
 1.71000000e+00  1.48000000e+00  1.71000000e+00  3.17120915e-03  1.38468209e+00  1.85846303e+00  1.03830596e+00  1.87782515e+00  3.48942313e+01  1.52460184e+00  4.85784354e+00 
 1.72000000e+00  1.48000000e+00  1.72000000e+00  3.21470927e-03  1.38468209e+00  1.85846303e+00  1.03830596e+00  1.87782515e+00  3.48942313e+01  1.52460184e+00  4.85784354e+00 
 1.73000000e+00  1.48000000e+00  1.73000000e+00  3.25812369e-03  1.38468209e+00  1.85846303e+00  1.03830596e+00  1.87782515e+00  3.48942313e+01  1.52460184e+00  4.85784354e+00 
 1.74000000e+00  1.48000000e+00  1.74000000e+00  3.30144729e-03  1.38468209e+00  1.85846303e+00  1.03830596e+00  1.87782515e+00  3.48942313e+01  1.52460184e+00  4.85784354e+00 
 1.75000000e+00  1.48000000e+00  1.75000000e+00  3.34467502e-03  1.38468209e+00  1.85846303e+00  1.03830596e+00  1.87782515e+00  3.48942313e+01  1.52460184e+00  4.85784354e+00 
 1.76000000e+00  1.48000000e+00  1.76000000e+00  3.38780197e-03  1.38468209e+00  1.85846303e+00  1.03830596e+00  1.87782515e+00  3.48942313e+01  1.52460184e+00  4.85784354e+00 
 1.77000000e+00  1.48000000e+00  1.77000000e+00  3.43082331e-03  1.38468209e+00  1.85846303e+00  1.03830596e+00  1.87782515e+00  3.48942313e+01  1.52460184e+00  4.85784354e+00 
 1.78000000e+00  1.48000000e+00  1.78000000e+00  3.47373431e-03  1.38468209e+00  1.85846303e+00  1.03830596e+00  1.87782515e+00  3.48942313e+01  1.52460184e+00  4.85784354e+00 
 1.79000000e+00  1.48000000e+00  1.79000000e+00  3.51653034e-03  1.38468209e+00  1.85846303e+00  1.03830596e+00  1.87782515e+00  3.48942313e+01  1.52460184e+00  4.85784354e+00 
 1.80000000e+00  1.48000000e+00  1.80000000e+00  3.55920684e-03  1.38468209e+00  1.85846303e+00  1.03830596e+00  1.87782515e+00  3.48942313e+01  1.52460184e+00  4.85784354e+00 
 1.81000000e+00  1.48000000e+00  1.81000000e+00  3.60175936e-03  1.38468209e+00  1.85846303e+00  1.03830596e+00  1.87782515e+00  3.48942313e+01  1.52460184e+00  4.85784354e+00 
 1.82000000e+00  1.48000000e+00  1.82000000e+00  3.64418351e-03  1.38468209e+00  1.85846303e+00  1.03830596e+00  1.87782515e+00  3.48942313e+01  1.52460184e+00  4.85784354e+00 
 1.83000000e+00  1.48000000e+00  1.83000000e+00  3.68647501e-03  1.38468209e+00  1.85846303e+00  1.03830596e+00  1.87782515e+00  3.48942313e+01  1.52460184e+00  4.85784354e+00 
 1.84000000e+00  1.48000000e+00  1.84000000e+00  3.72862962e-03  1.38468209e+00  1.85846303e+00  1.03830596e+00  1.87782515e+00  3.48942313e+01  1.52460184e+00  4.85784354e+00 
 1.85000000e+00  1.48000000e+00  1.85000000e+00  3.77064322e-03  1.38468209e+00  1.85846303e+00  1.03830596e+00  1.87782515e+00  3.48942313e+01  1.52460184e+00  4.85784354e+00 
