 0.00000000e+00  0.00000000e+00  1.48000000e+00 -1.78386728e-32  1.21705325e+00  1.83886017e+00  1.04781056e+00  1.71093525e+00  3.39120283e+01  1.52236993e+00  5.52359448e+00 
 1.00000000e-02  1.00000000e-02  1.48000000e+00  4.70945343e-05  1.21705325e+00  1.83886017e+00  1.04781056e+00  1.71093525e+00  3.39120283e+01  1.52236993e+00  5.52359448e+00 
 2.00000000e-02  2.00000000e-02  1.48000000e+00  9.36984324e-05  1.21705325e+00  1.83886017e+00  1.04781056e+00  1.71093525e+00  3.39120283e+01  1.52236993e+00  5.52359448e+00 
 3.00000000e-02  3.00000000e-02  1.48000000e+00  1.39809204e-04  1.21705325e+00  1.83886017e+00  1.04781056e+00  1.71093525e+00  3.39120283e+01  1.52236993e+00  5.52359448e+00 
 4.00000000e-02  4.00000000e-02  1.48000000e+00  1.85424343e-04  1.21705325e+00  1.83886017e+00  1.04781056e+00  1.71093525e+00  3.39120283e+01  1.52236993e+00  5.52359448e+00 
 5.00000000e-02  5.00000000e-02  1.48000000e+00  2.30541322e-04  1.21705325e+00  1.83886017e+00  1.04781056e+00  1.71093525e+00  3.39120283e+01  1.52236993e+00  5.52359448e+00 
 6.00000000e-02  6.00000000e-02  1.48000000e+00  2.75157601e-04  1.21705325e+00  1.83886017e+00  1.04781056e+00  1.71093525e+00  3.39120283e+01  1.52236993e+00  5.52359448e+00 
 7.00000000e-02  7.00000000e-02  1.48000000e+00  3.19270618e-04  1.21705325e+00  1.83886017e+00  1.04781056e+00  1.71093525e+00  3.39120283e+01  1.52236993e+00  5.52359448e+00 
 8.00000000e-02  8.00000000e-02  1.48000000e+00  3.62877799e-04  1.21705325e+00  1.83886017e+00  1.04781056e+00  1.71093525e+00  3.39120283e+01  1.52236993e+00  5.52359448e+00 
 9.00000000e-02  9.00000000e-02  1.48000000e+00  4.05976552e-04  1.21705325e+00  1.83886017e+00  1.04781056e+00  1.71093525e+00  3.39120283e+01  1.52236993e+00  5.52359448e+00 
 1.00000000e-01  1.00000000e-01  1.48000000e+00  4.48564269e-04  1.21705325e+00  1.83886017e+00  1.04781056e+00  1.71093525e+00  3.39120283e+01  1.52236993e+00  5.52359448e+00 
 1.10000000e-01  1.10000000e-01  1.48000000e+00  4.90638329e-04  1.21705325e+00  1.83886017e+00  1.04781056e+00  1.71093525e+00  3.39120283e+01  1.52236993e+00  5.52359448e+00 
 1.20000000e-01  1.20000000e-01  1.48000000e+00  5.32196099e-04  1.21705325e+00  1.83886017e+00  1.04781056e+00  1.71093525e+00  3.39120283e+01  1.52236993e+00  5.52359448e+00 
 1.30000000e-01  1.30000000e-01  1.48000000e+00  5.73234933e-04  1.21705325e+00  1.83886017e+00  1.04781056e+00  1.71093525e+00  3.39120283e+01  1.52236993e+00  5.52359448e+00 
 1.40000000e-01  1.40000000e-01  1.48000000e+00  6.13752175e-04  1.21705325e+00  1.83886017e+00  1.04781056e+00  1.71093525e+00  3.39120283e+01  1.52236993e+00  5.52359448e+00 
 1.50000000e-01  1.50000000e-01  1.48000000e+00  6.53745163e-04  1.21705325e+00  1.83886017e+00  1.04781056e+00  1.71093525e+00  3.39120283e+01  1.52236993e+00  5.52359448e+00 
 1.60000000e-01  1.60000000e-01  1.48000000e+00  6.93211228e-04  1.21705325e+00  1.83886017e+00  1.04781056e+00  1.71093525e+00  3.39120283e+01  1.52236993e+00  5.52359448e+00 
 1.70000000e-01  1.70000000e-01  1.48000000e+00  7.32147698e-04  1.21705325e+00  1.83886017e+00  1.04781056e+00  1.71093525e+00  3.39120283e+01  1.52236993e+00  5.52359448e+00 
 1.80000000e-01  1.80000000e-01  1.48000000e+00  7.70551902e-04  1.21705325e+00  1.83886017e+00  1.04781056e+00  1.71093525e+00  3.39120283e+01  1.52236993e+00  5.52359448e+00 
 1.90000000e-01  1.90000000e-01  1.48000000e+00  8.08421175e-04  1.21705325e+00  1.83886017e+00  1.04781056e+00  1.71093525e+00  3.39120283e+01  1.52236993e+00  5.52359448e+00 
 2.00000000e-01  2.00000000e-01  1.48000000e+00  8.45752856e-04  1.21705325e+00  1.83886017e+00  1.04781056e+00  1.71093525e+00  3.39120283e+01  1.52236993e+00  5.52359448e+00 
 2.10000000e-01  2.10000000e-01  1.48000000e+00  8.82544301e-04  1.21705325e+00  1.83886017e+00  1.04781056e+00  1.71093525e+00  3.39120283e+01  1.52236993e+00  5.52359448e+00 
 2.20000000e-01  2.20000000e-01  1.48000000e+00  9.18792883e-04  1.21705325e+00  1.83886017e+00  1.04781056e+00  1.71093525e+00  3.39120283e+01  1.52236993e+00  5.52359448e+00 
 2.30000000e-01  2.30000000e-01  1.48000000e+00  9.54495999e-04  1.21705325e+00  1.83886017e+00  1.04781056e+00  1.71093525e+00  3.39120283e+01  1.52236993e+00  5.52359448e+00 
 2.40000000e-01  2.40000000e-01  1.48000000e+00  9.89651080e-04  1.21705325e+00  1.83886017e+00  1.04781056e+00  1.71093525e+00  3.39120283e+01  1.52236993e+00  5.52359448e+00 
 2.50000000e-01  2.50000000e-01  1.48000000e+00  1.02425559e-03  1.21705325e+00  1.83886017e+00  1.04781056e+00  1.71093525e+00  3.39120283e+01  1.52236993e+00  5.52359448e+00 
 2.60000000e-01  2.60000000e-01  1.48000000e+00  1.05830706e-03  1.21705325e+00  1.83886017e+00  1.04781056e+00  1.71093525e+00  3.39120283e+01  1.52236993e+00  5.52359448e+00 
 2.70000000e-01  2.70000000e-01  1.48000000e+00  1.09180305e-03  1.21705325e+00  1.83886017e+00  1.04781056e+00  1.71093525e+00  3.39120283e+01  1.52236993e+00  5.52359448e+00 
 2.80000000e-01  2.80000000e-01  1.48000000e+00  1.12474122e-03  1.21705325e+00  1.83886017e+00  1.04781056e+00  1.71093525e+00  3.39120283e+01  1.52236993e+00  5.52359448e+00 
 2.90000000e-01  2.90000000e-01  1.48000000e+00  1.15711929e-03  1.21705325e+00  1.83886017e+00  1.04781056e+00  1.71093525e+00  3.39120283e+01  1.52236993e+00  5.52359448e+00 
 3.00000000e-01  3.00000000e-01  1.48000000e+00  1.18893508e-03  1.21705325e+00  1.83886017e+00  1.04781056e+00  1.71093525e+00  3.39120283e+01  1.52236993e+00  5.52359448e+00 
 3.10000000e-01  3.10000000e-01  1.48000000e+00  1.22018652e-03  1.21705325e+00  1.83886017e+00  1.04781056e+00  1.71093525e+00  3.39120283e+01  1.52236993e+00  5.52359448e+00 
 3.20000000e-01  3.20000000e-01  1.48000000e+00  1.25087168e-03  1.21705325e+00  1.83886017e+00  1.04781056e+00  1.71093525e+00  3.39120283e+01  1.52236993e+00  5.52359448e+00 
 3.30000000e-01  3.30000000e-01  1.48000000e+00  1.28098875e-03  1.21705325e+00  1.83886017e+00  1.04781056e+00  1.71093525e+00  3.39120283e+01  1.52236993e+00  5.52359448e+00 
 3.40000000e-01  3.40000000e-01  1.48000000e+00  1.31053611e-03  1.21705325e+00  1.83886017e+00  1.04781056e+00  1.71093525e+00  3.39120283e+01  1.52236993e+00  5.52359448e+00 
 3.50000000e-01  3.50000000e-01  1.48000000e+00  1.33951230e-03  1.21705325e+00  1.83886017e+00  1.04781056e+00  1.71093525e+00  3.39120283e+01  1.52236993e+00  5.52359448e+00 
 3.60000000e-01  3.60000000e-01  1.48000000e+00  1.36791607e-03  1.21705325e+00  1.83886017e+00  1.04781056e+00  1.71093525e+00  3.39120283e+01  1.52236993e+00  5.52359448e+00 
 3.70000000e-01  3.70000000e-01  1.48000000e+00  1.39574641e-03  1.21705325e+00  1.83886017e+00  1.04781056e+00  1.71093525e+00  3.39120283e+01  1.52236993e+00  5.52359448e+00 
 3.80000000e-01  3.80000000e-01  1.48000000e+00  1.42300256e-03  1.21705325e+00  1.83886017e+00  1.04781056e+00  1.71093525e+00  3.39120283e+01  1.52236993e+00  5.52359448e+00 
 3.90000000e-01  3.90000000e-01  1.48000000e+00  1.44968404e-03  1.21705325e+00  1.83886017e+00  1.04781056e+00  1.71093525e+00  3.39120283e+01  1.52236993e+00  5.52359448e+00 
 4.00000000e-01  4.00000000e-01  1.48000000e+00  1.47579068e-03  1.21705325e+00  1.83886017e+00  1.04781056e+00  1.71093525e+00  3.39120283e+01  1.52236993e+00  5.52359448e+00 
 4.10000000e-01  4.10000000e-01  1.48000000e+00  1.50132263e-03  1.21705325e+00  1.83886017e+00  1.04781056e+00  1.71093525e+00  3.39120283e+01  1.52236993e+00  5.52359448e+00 
 4.20000000e-01  4.20000000e-01  1.48000000e+00  1.52628043e-03  1.21705325e+00  1.83886017e+00  1.04781056e+00  1.71093525e+00  3.39120283e+01  1.52236993e+00  5.52359448e+00 
 4.30000000e-01  4.30000000e-01  1.48000000e+00  1.55066500e-03  1.21705325e+00  1.83886017e+00  1.04781056e+00  1.71093525e+00  3.39120283e+01  1.52236993e+00  5.52359448e+00 
 4.40000000e-01  4.40000000e-01  1.48000000e+00  1.57447767e-03  1.21705325e+00  1.83886017e+00  1.04781056e+00  1.71093525e+00  3.39120283e+01  1.52236993e+00  5.52359448e+00 
 4.50000000e-01  4.50000000e-01  1.48000000e+00  1.59772024e-03  1.21705325e+00  1.83886017e+00  1.04781056e+00  1.71093525e+00  3.39120283e+01  1.52236993e+00  5.52359448e+00 
 4.60000000e-01  4.60000000e-01  1.48000000e+00  1.62039499e-03  1.21705325e+00  1.83886017e+00  1.04781056e+00  1.71093525e+00  3.39120283e+01  1.52236993e+00  5.52359448e+00 
 4.70000000e-01  4.70000000e-01  1.48000000e+00  1.64250469e-03  1.21705325e+00  1.83886017e+00  1.04781056e+00  1.71093525e+00  3.39120283e+01  1.52236993e+00  5.52359448e+00 
 4.80000000e-01  4.80000000e-01  1.48000000e+00  1.66405262e-03  1.21705325e+00  1.83886017e+00  1.04781056e+00  1.71093525e+00  3.39120283e+01  1.52236993e+00  5.52359448e+00 
 4.90000000e-01  4.90000000e-01  1.48000000e+00  1.68504265e-03  1.21705325e+00  1.83886017e+00  1.04781056e+00  1.71093525e+00  3.39120283e+01  1.52236993e+00  5.52359448e+00 
 5.00000000e-01  5.00000000e-01  1.48000000e+00  1.70547919e-03  1.21705325e+00  1.83886017e+00  1.04781056e+00  1.71093525e+00  3.39120283e+01  1.52236993e+00  5.52359448e+00 
 5.10000000e-01  5.10000000e-01  1.48000000e+00  1.72536721e-03  1.21705325e+00  1.83886017e+00  1.04781056e+00  1.71093525e+00  3.39120283e+01  1.52236993e+00  5.52359448e+00 
 5.20000000e-01  5.20000000e-01  1.48000000e+00  1.74471230e-03  1.21705325e+00  1.83886017e+00  1.04781056e+00  1.71093525e+00  3.39120283e+01  1.52236993e+00  5.52359448e+00 
 5.30000000e-01  5.30000000e-01  1.48000000e+00  1.76352063e-03  1.21705325e+00  1.83886017e+00  1.04781056e+00  1.71093525e+00  3.39120283e+01  1.52236993e+00  5.52359448e+00 
 5.40000000e-01  5.40000000e-01  1.48000000e+00  1.78179895e-03  1.21705325e+00  1.83886017e+00  1.04781056e+00  1.71093525e+00  3.39120283e+01  1.52236993e+00  5.52359448e+00 
 5.50000000e-01  5.50000000e-01  1.48000000e+00  1.79955461e-03  1.21705325e+00  1.83886017e+00  1.04781056e+00  1.71093525e+00  3.39120283e+01  1.52236993e+00  5.52359448e+00 
 5.60000000e-01  5.60000000e-01  1.48000000e+00  1.81679551e-03  1.21705325e+00  1.83886017e+00  1.04781056e+00  1.71093525e+00  3.39120283e+01  1.52236993e+00  5.52359448e+00 
 5.70000000e-01  5.70000000e-01  1.48000000e+00  1.83353013e-03  1.21705325e+00  1.83886017e+00  1.04781056e+00  1.71093525e+00  3.39120283e+01  1.52236993e+00  5.52359448e+00 
 5.80000000e-01  5.80000000e-01  1.48000000e+00  1.84976747e-03  1.21705325e+00  1.83886017e+00  1.04781056e+00  1.71093525e+00  3.39120283e+01  1.52236993e+00  5.52359448e+00 
 5.90000000e-01  5.90000000e-01  1.48000000e+00  1.86551703e-03  1.21705325e+00  1.83886017e+00  1.04781056e+00  1.71093525e+00  3.39120283e+01  1.52236993e+00  5.52359448e+00 
 6.00000000e-01  6.00000000e-01  1.48000000e+00  1.88078877e-03  1.21705325e+00  1.83886017e+00  1.04781056e+00  1.71093525e+00  3.39120283e+01  1.52236993e+00  5.52359448e+00 
 6.10000000e-01  6.10000000e-01  1.48000000e+00  1.89559311e-03  1.21705325e+00  1.83886017e+00  1.04781056e+00  1.71093525e+00  3.39120283e+01  1.52236993e+00  5.52359448e+00 
 6.20000000e-01  6.20000000e-01  1.48000000e+00  1.90994082e-03  1.21705325e+00  1.83886017e+00  1.04781056e+00  1.71093525e+00  3.39120283e+01  1.52236993e+00  5.52359448e+00 
 6.30000000e-01  6.30000000e-01  1.48000000e+00  1.92384303e-03  1.21705325e+00  1.83886017e+00  1.04781056e+00  1.71093525e+00  3.39120283e+01  1.52236993e+00  5.52359448e+00 
 6.40000000e-01  6.40000000e-01  1.48000000e+00  1.93731117e-03  1.21705325e+00  1.83886017e+00  1.04781056e+00  1.71093525e+00  3.39120283e+01  1.52236993e+00  5.52359448e+00 
 6.50000000e-01  6.50000000e-01  1.48000000e+00  1.95035690e-03  1.21705325e+00  1.83886017e+00  1.04781056e+00  1.71093525e+00  3.39120283e+01  1.52236993e+00  5.52359448e+00 
 6.60000000e-01  6.60000000e-01  1.48000000e+00  1.96299209e-03  1.21705325e+00  1.83886017e+00  1.04781056e+00  1.71093525e+00  3.39120283e+01  1.52236993e+00  5.52359448e+00 
 6.70000000e-01  6.70000000e-01  1.48000000e+00  1.97522873e-03  1.21705325e+00  1.83886017e+00  1.04781056e+00  1.71093525e+00  3.39120283e+01  1.52236993e+00  5.52359448e+00 
 6.80000000e-01  6.80000000e-01  1.48000000e+00  1.98707892e-03  1.21705325e+00  1.83886017e+00  1.04781056e+00  1.71093525e+00  3.39120283e+01  1.52236993e+00  5.52359448e+00 
 6.90000000e-01  6.90000000e-01  1.48000000e+00  1.99855479e-03  1.21705325e+00  1.83886017e+00  1.04781056e+00  1.71093525e+00  3.39120283e+01  1.52236993e+00  5.52359448e+00 
 7.00000000e-01  7.00000000e-01  1.48000000e+00  2.00966847e-03  1.21705325e+00  1.83886017e+00  1.04781056e+00  1.71093525e+00  3.39120283e+01  1.52236993e+00  5.52359448e+00 
 7.10000000e-01  7.10000000e-01  1.48000000e+00  2.02043205e-03  1.21705325e+00  1.83886017e+00  1.04781056e+00  1.71093525e+00  3.39120283e+01  1.52236993e+00  5.52359448e+00 
 7.20000000e-01  7.20000000e-01  1.48000000e+00  2.03085752e-03  1.21705325e+00  1.83886017e+00  1.04781056e+00  1.71093525e+00  3.39120283e+01  1.52236993e+00  5.52359448e+00 
 7.30000000e-01  7.30000000e-01  1.48000000e+00  2.04095672e-03  1.21705325e+00  1.83886017e+00  1.04781056e+00  1.71093525e+00  3.39120283e+01  1.52236993e+00  5.52359448e+00 
 7.40000000e-01  7.40000000e-01  1.48000000e+00  2.05074137e-03  1.21705325e+00  1.83886017e+00  1.04781056e+00  1.71093525e+00  3.39120283e+01  1.52236993e+00  5.52359448e+00 
 7.50000000e-01  7.50000000e-01  1.48000000e+00  2.06022295e-03  1.21705325e+00  1.83886017e+00  1.04781056e+00  1.71093525e+00  3.39120283e+01  1.52236993e+00  5.52359448e+00 
 7.60000000e-01  7.60000000e-01  1.48000000e+00  2.06941274e-03  1.21705325e+00  1.83886017e+00  1.04781056e+00  1.71093525e+00  3.39120283e+01  1.52236993e+00  5.52359448e+00 
 7.70000000e-01  7.70000000e-01  1.48000000e+00  2.07832177e-03  1.21705325e+00  1.83886017e+00  1.04781056e+00  1.71093525e+00  3.39120283e+01  1.52236993e+00  5.52359448e+00 
 7.80000000e-01  7.80000000e-01  1.48000000e+00  2.08696078e-03  1.21705325e+00  1.83886017e+00  1.04781056e+00  1.71093525e+00  3.39120283e+01  1.52236993e+00  5.52359448e+00 
 7.90000000e-01  7.90000000e-01  1.48000000e+00  2.09534026e-03  1.21705325e+00  1.83886017e+00  1.04781056e+00  1.71093525e+00  3.39120283e+01  1.52236993e+00  5.52359448e+00 
 8.00000000e-01  8.00000000e-01  1.48000000e+00  2.10347036e-03  1.21705325e+00  1.83886017e+00  1.04781056e+00  1.71093525e+00  3.39120283e+01  1.52236993e+00  5.52359448e+00 
 8.10000000e-01  8.10000000e-01  1.48000000e+00  2.11136095e-03  1.21705325e+00  1.83886017e+00  1.04781056e+00  1.71093525e+00  3.39120283e+01  1.52236993e+00  5.52359448e+00 
 8.20000000e-01  8.20000000e-01  1.48000000e+00  2.11902158e-03  1.21705325e+00  1.83886017e+00  1.04781056e+00  1.71093525e+00  3.39120283e+01  1.52236993e+00  5.52359448e+00 
 8.30000000e-01  8.30000000e-01  1.48000000e+00  2.12646147e-03  1.21705325e+00  1.83886017e+00  1.04781056e+00  1.71093525e+00  3.39120283e+01  1.52236993e+00  5.52359448e+00 
 8.40000000e-01  8.40000000e-01  1.48000000e+00  2.13368951e-03  1.21705325e+00  1.83886017e+00  1.04781056e+00  1.71093525e+00  3.39120283e+01  1.52236993e+00  5.52359448e+00 
 8.50000000e-01  8.50000000e-01  1.48000000e+00  2.14071428e-03  1.21705325e+00  1.83886017e+00  1.04781056e+00  1.71093525e+00  3.39120283e+01  1.52236993e+00  5.52359448e+00 
 8.60000000e-01  8.60000000e-01  1.48000000e+00  2.14754402e-03  1.21705325e+00  1.83886017e+00  1.04781056e+00  1.71093525e+00  3.39120283e+01  1.52236993e+00  5.52359448e+00 
 8.70000000e-01  8.70000000e-01  1.48000000e+00  2.15418667e-03  1.21705325e+00  1.83886017e+00  1.04781056e+00  1.71093525e+00  3.39120283e+01  1.52236993e+00  5.52359448e+00 
 8.80000000e-01  8.80000000e-01  1.48000000e+00  2.16064984e-03  1.21705325e+00  1.83886017e+00  1.04781056e+00  1.71093525e+00  3.39120283e+01  1.52236993e+00  5.52359448e+00 
 8.90000000e-01  8.90000000e-01  1.48000000e+00  2.16694083e-03  1.21705325e+00  1.83886017e+00  1.04781056e+00  1.71093525e+00  3.39120283e+01  1.52236993e+00  5.52359448e+00 
 9.00000000e-01  9.00000000e-01  1.48000000e+00  2.17306665e-03  1.21705325e+00  1.83886017e+00  1.04781056e+00  1.71093525e+00  3.39120283e+01  1.52236993e+00  5.52359448e+00 
 9.10000000e-01  9.10000000e-01  1.48000000e+00  2.17903401e-03  1.21705325e+00  1.83886017e+00  1.04781056e+00  1.71093525e+00  3.39120283e+01  1.52236993e+00  5.52359448e+00 
 9.20000000e-01  9.20000000e-01  1.48000000e+00  2.18484932e-03  1.21705325e+00  1.83886017e+00  1.04781056e+00  1.71093525e+00  3.39120283e+01  1.52236993e+00  5.52359448e+00 
 9.30000000e-01  9.30000000e-01  1.48000000e+00  2.19051873e-03  1.21705325e+00  1.83886017e+00  1.04781056e+00  1.71093525e+00  3.39120283e+01  1.52236993e+00  5.52359448e+00 
 9.40000000e-01  9.40000000e-01  1.48000000e+00  2.19604811e-03  1.21705325e+00  1.83886017e+00  1.04781056e+00  1.71093525e+00  3.39120283e+01  1.52236993e+00  5.52359448e+00 
 9.50000000e-01  9.50000000e-01  1.48000000e+00  2.20144308e-03  1.21705325e+00  1.83886017e+00  1.04781056e+00  1.71093525e+00  3.39120283e+01  1.52236993e+00  5.52359448e+00 
 9.60000000e-01  9.60000000e-01  1.48000000e+00  2.20670901e-03  1.21705325e+00  1.83886017e+00  1.04781056e+00  1.71093525e+00  3.39120283e+01  1.52236993e+00  5.52359448e+00 
 9.70000000e-01  9.70000000e-01  1.48000000e+00  2.21185102e-03  1.21705325e+00  1.83886017e+00  1.04781056e+00  1.71093525e+00  3.39120283e+01  1.52236993e+00  5.52359448e+00 
 9.80000000e-01  9.80000000e-01  1.48000000e+00  2.21687400e-03  1.21705325e+00  1.83886017e+00  1.04781056e+00  1.71093525e+00  3.39120283e+01  1.52236993e+00  5.52359448e+00 
 9.90000000e-01  9.90000000e-01  1.48000000e+00  2.22178264e-03  1.21705325e+00  1.83886017e+00  1.04781056e+00  1.71093525e+00  3.39120283e+01  1.52236993e+00  5.52359448e+00 
 1.00000000e+00  1.00000000e+00  1.48000000e+00  2.22658139e-03  1.21705325e+00  1.83886017e+00  1.04781056e+00  1.71093525e+00  3.39120283e+01  1.52236993e+00  5.52359448e+00 
 1.01000000e+00  1.01000000e+00  1.48000000e+00  2.23127451e-03  1.21705325e+00  1.83886017e+00  1.04781056e+00  1.71093525e+00  3.39120283e+01  1.52236993e+00  5.52359448e+00 
 1.02000000e+00  1.02000000e+00  1.48000000e+00  2.23586607e-03  1.21705325e+00  1.83886017e+00  1.04781056e+00  1.71093525e+00  3.39120283e+01  1.52236993e+00  5.52359448e+00 
 1.03000000e+00  1.03000000e+00  1.48000000e+00  2.24035996e-03  1.21705325e+00  1.83886017e+00  1.04781056e+00  1.71093525e+00  3.39120283e+01  1.52236993e+00  5.52359448e+00 
 1.04000000e+00  1.04000000e+00  1.48000000e+00  2.24475987e-03  1.21705325e+00  1.83886017e+00  1.04781056e+00  1.71093525e+00  3.39120283e+01  1.52236993e+00  5.52359448e+00 
 1.05000000e+00  1.05000000e+00  1.48000000e+00  2.24906935e-03  1.21705325e+00  1.83886017e+00  1.04781056e+00  1.71093525e+00  3.39120283e+01  1.52236993e+00  5.52359448e+00 
 1.06000000e+00  1.06000000e+00  1.48000000e+00  2.25329177e-03  1.21705325e+00  1.83886017e+00  1.04781056e+00  1.71093525e+00  3.39120283e+01  1.52236993e+00  5.52359448e+00 
 1.07000000e+00  1.07000000e+00  1.48000000e+00  2.25743037e-03  1.21705325e+00  1.83886017e+00  1.04781056e+00  1.71093525e+00  3.39120283e+01  1.52236993e+00  5.52359448e+00 
 1.08000000e+00  1.08000000e+00  1.48000000e+00  2.26148821e-03  1.21705325e+00  1.83886017e+00  1.04781056e+00  1.71093525e+00  3.39120283e+01  1.52236993e+00  5.52359448e+00 
 1.09000000e+00  1.09000000e+00  1.48000000e+00  2.26546824e-03  1.21705325e+00  1.83886017e+00  1.04781056e+00  1.71093525e+00  3.39120283e+01  1.52236993e+00  5.52359448e+00 
 1.10000000e+00  1.10000000e+00  1.48000000e+00  2.26937326e-03  1.21705325e+00  1.83886017e+00  1.04781056e+00  1.71093525e+00  3.39120283e+01  1.52236993e+00  5.52359448e+00 
 1.11000000e+00  1.11000000e+00  1.48000000e+00  2.27320597e-03  1.21705325e+00  1.83886017e+00  1.04781056e+00  1.71093525e+00  3.39120283e+01  1.52236993e+00  5.52359448e+00 
 1.12000000e+00  1.12000000e+00  1.48000000e+00  2.27696893e-03  1.21705325e+00  1.83886017e+00  1.04781056e+00  1.71093525e+00  3.39120283e+01  1.52236993e+00  5.52359448e+00 
 1.13000000e+00  1.13000000e+00  1.48000000e+00  2.28066459e-03  1.21705325e+00  1.83886017e+00  1.04781056e+00  1.71093525e+00  3.39120283e+01  1.52236993e+00  5.52359448e+00 
 1.14000000e+00  1.14000000e+00  1.48000000e+00  2.28429529e-03  1.21705325e+00  1.83886017e+00  1.04781056e+00  1.71093525e+00  3.39120283e+01  1.52236993e+00  5.52359448e+00 
 1.15000000e+00  1.15000000e+00  1.48000000e+00  2.28786328e-03  1.21705325e+00  1.83886017e+00  1.04781056e+00  1.71093525e+00  3.39120283e+01  1.52236993e+00  5.52359448e+00 
 1.16000000e+00  1.16000000e+00  1.48000000e+00  2.29137069e-03  1.21705325e+00  1.83886017e+00  1.04781056e+00  1.71093525e+00  3.39120283e+01  1.52236993e+00  5.52359448e+00 
 1.17000000e+00  1.17000000e+00  1.48000000e+00  2.29481958e-03  1.21705325e+00  1.83886017e+00  1.04781056e+00  1.71093525e+00  3.39120283e+01  1.52236993e+00  5.52359448e+00 
 1.18000000e+00  1.18000000e+00  1.48000000e+00  2.29821192e-03  1.21705325e+00  1.83886017e+00  1.04781056e+00  1.71093525e+00  3.39120283e+01  1.52236993e+00  5.52359448e+00 
 1.19000000e+00  1.19000000e+00  1.48000000e+00  2.30154958e-03  1.21705325e+00  1.83886017e+00  1.04781056e+00  1.71093525e+00  3.39120283e+01  1.52236993e+00  5.52359448e+00 
 1.20000000e+00  1.20000000e+00  1.48000000e+00  2.30483435e-03  1.21705325e+00  1.83886017e+00  1.04781056e+00  1.71093525e+00  3.39120283e+01  1.52236993e+00  5.52359448e+00 
 1.21000000e+00  1.21000000e+00  1.48000000e+00  2.30806797e-03  1.21705325e+00  1.83886017e+00  1.04781056e+00  1.71093525e+00  3.39120283e+01  1.52236993e+00  5.52359448e+00 
 1.22000000e+00  1.22000000e+00  1.48000000e+00  2.31125209e-03  1.21705325e+00  1.83886017e+00  1.04781056e+00  1.71093525e+00  3.39120283e+01  1.52236993e+00  5.52359448e+00 
 1.23000000e+00  1.23000000e+00  1.48000000e+00  2.31438828e-03  1.21705325e+00  1.83886017e+00  1.04781056e+00  1.71093525e+00  3.39120283e+01  1.52236993e+00  5.52359448e+00 
 1.24000000e+00  1.24000000e+00  1.48000000e+00  2.31747807e-03  1.21705325e+00  1.83886017e+00  1.04781056e+00  1.71093525e+00  3.39120283e+01  1.52236993e+00  5.52359448e+00 
 1.25000000e+00  1.25000000e+00  1.48000000e+00  2.32052291e-03  1.21705325e+00  1.83886017e+00  1.04781056e+00  1.71093525e+00  3.39120283e+01  1.52236993e+00  5.52359448e+00 
 1.26000000e+00  1.26000000e+00  1.48000000e+00  2.32352419e-03  1.21705325e+00  1.83886017e+00  1.04781056e+00  1.71093525e+00  3.39120283e+01  1.52236993e+00  5.52359448e+00 
 1.27000000e+00  1.27000000e+00  1.48000000e+00  2.32648326e-03  1.21705325e+00  1.83886017e+00  1.04781056e+00  1.71093525e+00  3.39120283e+01  1.52236993e+00  5.52359448e+00 
 1.28000000e+00  1.28000000e+00  1.48000000e+00  2.32940140e-03  1.21705325e+00  1.83886017e+00  1.04781056e+00  1.71093525e+00  3.39120283e+01  1.52236993e+00  5.52359448e+00 
 1.29000000e+00  1.29000000e+00  1.48000000e+00  2.33227984e-03  1.21705325e+00  1.83886017e+00  1.04781056e+00  1.71093525e+00  3.39120283e+01  1.52236993e+00  5.52359448e+00 
 1.30000000e+00  1.30000000e+00  1.48000000e+00  2.33511977e-03  1.21705325e+00  1.83886017e+00  1.04781056e+00  1.71093525e+00  3.39120283e+01  1.52236993e+00  5.52359448e+00 
 1.31000000e+00  1.31000000e+00  1.48000000e+00  2.33792234e-03  1.21705325e+00  1.83886017e+00  1.04781056e+00  1.71093525e+00  3.39120283e+01  1.52236993e+00  5.52359448e+00 
 1.32000000e+00  1.32000000e+00  1.48000000e+00  2.34068862e-03  1.21705325e+00  1.83886017e+00  1.04781056e+00  1.71093525e+00  3.39120283e+01  1.52236993e+00  5.52359448e+00 
 1.33000000e+00  1.33000000e+00  1.48000000e+00  2.34341968e-03  1.21705325e+00  1.83886017e+00  1.04781056e+00  1.71093525e+00  3.39120283e+01  1.52236993e+00  5.52359448e+00 
 1.34000000e+00  1.34000000e+00  1.48000000e+00  2.34611653e-03  1.21705325e+00  1.83886017e+00  1.04781056e+00  1.71093525e+00  3.39120283e+01  1.52236993e+00  5.52359448e+00 
 1.35000000e+00  1.35000000e+00  1.48000000e+00  2.34878013e-03  1.21705325e+00  1.83886017e+00  1.04781056e+00  1.71093525e+00  3.39120283e+01  1.52236993e+00  5.52359448e+00 
 1.36000000e+00  1.36000000e+00  1.48000000e+00  2.35141144e-03  1.21705325e+00  1.83886017e+00  1.04781056e+00  1.71093525e+00  3.39120283e+01  1.52236993e+00  5.52359448e+00 
 1.37000000e+00  1.37000000e+00  1.48000000e+00  2.35401135e-03  1.21705325e+00  1.83886017e+00  1.04781056e+00  1.71093525e+00  3.39120283e+01  1.52236993e+00  5.52359448e+00 
 1.38000000e+00  1.38000000e+00  1.48000000e+00  2.35658072e-03  1.21705325e+00  1.83886017e+00  1.04781056e+00  1.71093525e+00  3.39120283e+01  1.52236993e+00  5.52359448e+00 
 1.39000000e+00  1.39000000e+00  1.48000000e+00  2.35912040e-03  1.21705325e+00  1.83886017e+00  1.04781056e+00  1.71093525e+00  3.39120283e+01  1.52236993e+00  5.52359448e+00 
 1.40000000e+00  1.40000000e+00  1.48000000e+00  2.36163119e-03  1.21705325e+00  1.83886017e+00  1.04781056e+00  1.71093525e+00  3.39120283e+01  1.52236993e+00  5.52359448e+00 
 1.41000000e+00  1.41000000e+00  1.48000000e+00  2.36411386e-03  1.21705325e+00  1.83886017e+00  1.04781056e+00  1.71093525e+00  3.39120283e+01  1.52236993e+00  5.52359448e+00 
 1.42000000e+00  1.42000000e+00  1.48000000e+00  2.36656917e-03  1.21705325e+00  1.83886017e+00  1.04781056e+00  1.71093525e+00  3.39120283e+01  1.52236993e+00  5.52359448e+00 
 1.43000000e+00  1.43000000e+00  1.48000000e+00  2.36899783e-03  1.21705325e+00  1.83886017e+00  1.04781056e+00  1.71093525e+00  3.39120283e+01  1.52236993e+00  5.52359448e+00 
 1.44000000e+00  1.44000000e+00  1.48000000e+00  2.37140055e-03  1.21705325e+00  1.83886017e+00  1.04781056e+00  1.71093525e+00  3.39120283e+01  1.52236993e+00  5.52359448e+00 
 1.45000000e+00  1.45000000e+00  1.48000000e+00  2.37377799e-03  1.21705325e+00  1.83886017e+00  1.04781056e+00  1.71093525e+00  3.39120283e+01  1.52236993e+00  5.52359448e+00 
 1.46000000e+00  1.46000000e+00  1.48000000e+00  2.37613081e-03  1.21705325e+00  1.83886017e+00  1.04781056e+00  1.71093525e+00  3.39120283e+01  1.52236993e+00  5.52359448e+00 
 1.47000000e+00  1.47000000e+00  1.48000000e+00  2.37845962e-03  1.21705325e+00  1.83886017e+00  1.04781056e+00  1.71093525e+00  3.39120283e+01  1.52236993e+00  5.52359448e+00 
 1.48000000e+00  1.48000000e+00  1.48000000e+00  2.38076503e-03  1.21705325e+00  1.83886017e+00  1.04781056e+00  1.71093525e+00  3.39120283e+01  1.52236993e+00  5.52359448e+00 
 1.49000000e+00  1.49000000e+00  1.48000000e+00  2.38304764e-03  1.21705325e+00  1.83886017e+00  1.04781056e+00  1.71093525e+00  3.39120283e+01  1.52236993e+00  5.52359448e+00 
 1.50000000e+00  1.50000000e+00  1.48000000e+00  2.38530799e-03  1.21705325e+00  1.83886017e+00  1.04781056e+00  1.71093525e+00  3.39120283e+01  1.52236993e+00  5.52359448e+00 
 1.51000000e+00  1.51000000e+00  1.48000000e+00  2.38754664e-03  1.21705325e+00  1.83886017e+00  1.04781056e+00  1.71093525e+00  3.39120283e+01  1.52236993e+00  5.52359448e+00 
 1.52000000e+00  1.52000000e+00  1.48000000e+00  2.38976411e-03  1.21705325e+00  1.83886017e+00  1.04781056e+00  1.71093525e+00  3.39120283e+01  1.52236993e+00  5.52359448e+00 
 1.53000000e+00  1.53000000e+00  1.48000000e+00  2.39196092e-03  1.21705325e+00  1.83886017e+00  1.04781056e+00  1.71093525e+00  3.39120283e+01  1.52236993e+00  5.52359448e+00 
 1.54000000e+00  1.54000000e+00  1.48000000e+00  2.39413755e-03  1.21705325e+00  1.83886017e+00  1.04781056e+00  1.71093525e+00  3.39120283e+01  1.52236993e+00  5.52359448e+00 
 1.55000000e+00  1.55000000e+00  1.48000000e+00  2.39629449e-03  1.21705325e+00  1.83886017e+00  1.04781056e+00  1.71093525e+00  3.39120283e+01  1.52236993e+00  5.52359448e+00 
 1.56000000e+00  1.56000000e+00  1.48000000e+00  2.39843219e-03  1.21705325e+00  1.83886017e+00  1.04781056e+00  1.71093525e+00  3.39120283e+01  1.52236993e+00  5.52359448e+00 
 1.57000000e+00  1.57000000e+00  1.48000000e+00  2.40055111e-03  1.21705325e+00  1.83886017e+00  1.04781056e+00  1.71093525e+00  3.39120283e+01  1.52236993e+00  5.52359448e+00 
 1.58000000e+00  1.58000000e+00  1.48000000e+00  2.40265167e-03  1.21705325e+00  1.83886017e+00  1.04781056e+00  1.71093525e+00  3.39120283e+01  1.52236993e+00  5.52359448e+00 
 1.59000000e+00  1.59000000e+00  1.48000000e+00  2.40473429e-03  1.21705325e+00  1.83886017e+00  1.04781056e+00  1.71093525e+00  3.39120283e+01  1.52236993e+00  5.52359448e+00 
 1.60000000e+00  1.60000000e+00  1.48000000e+00  2.40679939e-03  1.21705325e+00  1.83886017e+00  1.04781056e+00  1.71093525e+00  3.39120283e+01  1.52236993e+00  5.52359448e+00 
 1.61000000e+00  1.61000000e+00  1.48000000e+00  2.40884735e-03  1.21705325e+00  1.83886017e+00  1.04781056e+00  1.71093525e+00  3.39120283e+01  1.52236993e+00  5.52359448e+00 
 1.62000000e+00  1.62000000e+00  1.48000000e+00  2.41087855e-03  1.21705325e+00  1.83886017e+00  1.04781056e+00  1.71093525e+00  3.39120283e+01  1.52236993e+00  5.52359448e+00 
 1.63000000e+00  1.63000000e+00  1.48000000e+00  2.41289337e-03  1.21705325e+00  1.83886017e+00  1.04781056e+00  1.71093525e+00  3.39120283e+01  1.52236993e+00  5.52359448e+00 
 1.64000000e+00  1.64000000e+00  1.48000000e+00  2.41489217e-03  1.21705325e+00  1.83886017e+00  1.04781056e+00  1.71093525e+00  3.39120283e+01  1.52236993e+00  5.52359448e+00 
 1.65000000e+00  1.65000000e+00  1.48000000e+00  2.41687528e-03  1.21705325e+00  1.83886017e+00  1.04781056e+00  1.71093525e+00  3.39120283e+01  1.52236993e+00  5.52359448e+00 
 1.66000000e+00  1.66000000e+00  1.48000000e+00  2.41884306e-03  1.21705325e+00  1.83886017e+00  1.04781056e+00  1.71093525e+00  3.39120283e+01  1.52236993e+00  5.52359448e+00 
 1.67000000e+00  1.67000000e+00  1.48000000e+00  2.42079583e-03  1.21705325e+00  1.83886017e+00  1.04781056e+00  1.71093525e+00  3.39120283e+01  1.52236993e+00  5.52359448e+00 
 1.68000000e+00  1.68000000e+00  1.48000000e+00  2.42273390e-03  1.21705325e+00  1.83886017e+00  1.04781056e+00  1.71093525e+00  3.39120283e+01  1.52236993e+00  5.52359448e+00 
 1.69000000e+00  1.69000000e+00  1.48000000e+00  2.42465759e-03  1.21705325e+00  1.83886017e+00  1.04781056e+00  1.71093525e+00  3.39120283e+01  1.52236993e+00  5.52359448e+00 
 1.70000000e+00  1.70000000e+00  1.48000000e+00  2.42656719e-03  1.21705325e+00  1.83886017e+00  1.04781056e+00  1.71093525e+00  3.39120283e+01  1.52236993e+00  5.52359448e+00 
 1.71000000e+00  1.71000000e+00  1.48000000e+00  2.42846300e-03  1.21705325e+00  1.83886017e+00  1.04781056e+00  1.71093525e+00  3.39120283e+01  1.52236993e+00  5.52359448e+00 
 1.72000000e+00  1.72000000e+00  1.48000000e+00  2.43034530e-03  1.21705325e+00  1.83886017e+00  1.04781056e+00  1.71093525e+00  3.39120283e+01  1.52236993e+00  5.52359448e+00 
 1.73000000e+00  1.73000000e+00  1.48000000e+00  2.43221437e-03  1.21705325e+00  1.83886017e+00  1.04781056e+00  1.71093525e+00  3.39120283e+01  1.52236993e+00  5.52359448e+00 
 1.74000000e+00  1.74000000e+00  1.48000000e+00  2.43407047e-03  1.21705325e+00  1.83886017e+00  1.04781056e+00  1.71093525e+00  3.39120283e+01  1.52236993e+00  5.52359448e+00 
 1.75000000e+00  1.75000000e+00  1.48000000e+00  2.43591386e-03  1.21705325e+00  1.83886017e+00  1.04781056e+00  1.71093525e+00  3.39120283e+01  1.52236993e+00  5.52359448e+00 
 1.76000000e+00  1.76000000e+00  1.48000000e+00  2.43774481e-03  1.21705325e+00  1.83886017e+00  1.04781056e+00  1.71093525e+00  3.39120283e+01  1.52236993e+00  5.52359448e+00 
 1.77000000e+00  1.77000000e+00  1.48000000e+00  2.43956355e-03  1.21705325e+00  1.83886017e+00  1.04781056e+00  1.71093525e+00  3.39120283e+01  1.52236993e+00  5.52359448e+00 
 1.78000000e+00  1.78000000e+00  1.48000000e+00  2.44137033e-03  1.21705325e+00  1.83886017e+00  1.04781056e+00  1.71093525e+00  3.39120283e+01  1.52236993e+00  5.52359448e+00 
 1.79000000e+00  1.79000000e+00  1.48000000e+00  2.44316538e-03  1.21705325e+00  1.83886017e+00  1.04781056e+00  1.71093525e+00  3.39120283e+01  1.52236993e+00  5.52359448e+00 
 1.80000000e+00  1.80000000e+00  1.48000000e+00  2.44494893e-03  1.21705325e+00  1.83886017e+00  1.04781056e+00  1.71093525e+00  3.39120283e+01  1.52236993e+00  5.52359448e+00 
 1.81000000e+00  1.81000000e+00  1.48000000e+00  2.44672120e-03  1.21705325e+00  1.83886017e+00  1.04781056e+00  1.71093525e+00  3.39120283e+01  1.52236993e+00  5.52359448e+00 
 1.82000000e+00  1.82000000e+00  1.48000000e+00  2.44848242e-03  1.21705325e+00  1.83886017e+00  1.04781056e+00  1.71093525e+00  3.39120283e+01  1.52236993e+00  5.52359448e+00 
 1.83000000e+00  1.83000000e+00  1.48000000e+00  2.45023279e-03  1.21705325e+00  1.83886017e+00  1.04781056e+00  1.71093525e+00  3.39120283e+01  1.52236993e+00  5.52359448e+00 
 1.84000000e+00  1.84000000e+00  1.48000000e+00  2.45197252e-03  1.21705325e+00  1.83886017e+00  1.04781056e+00  1.71093525e+00  3.39120283e+01  1.52236993e+00  5.52359448e+00 
 1.85000000e+00  1.85000000e+00  1.48000000e+00  2.45370182e-03  1.21705325e+00  1.83886017e+00  1.04781056e+00  1.71093525e+00  3.39120283e+01  1.52236993e+00  5.52359448e+00 
