 v-sweep         run_num         v(drain)        i(vds)          out_vth0        out_u0          out_rdsw        out_nfactor     out_vsat        out_eta0       
 0.00000000e+00  6.62600000e+03  1.85000000e+00 -1.85137520e-12  3.75471990e-01  6.13642549e-02  1.02304700e+02  6.60778452e+00  1.13529739e+05 -1.92269479e-01 
 1.00000000e-02  6.62600000e+03  1.85000000e+00 -1.85137520e-12  3.75471990e-01  6.13642549e-02  1.02304700e+02  6.60778452e+00  1.13529739e+05 -1.92269479e-01 
 2.00000000e-02  6.62600000e+03  1.85000000e+00 -1.85137520e-12  3.75471990e-01  6.13642549e-02  1.02304700e+02  6.60778452e+00  1.13529739e+05 -1.92269479e-01 
 3.00000000e-02  6.62600000e+03  1.85000000e+00 -1.85137520e-12  3.75471990e-01  6.13642549e-02  1.02304700e+02  6.60778452e+00  1.13529739e+05 -1.92269479e-01 
 4.00000000e-02  6.62600000e+03  1.85000000e+00 -1.85137520e-12  3.75471990e-01  6.13642549e-02  1.02304700e+02  6.60778452e+00  1.13529739e+05 -1.92269479e-01 
 5.00000000e-02  6.62600000e+03  1.85000000e+00 -1.85137520e-12  3.75471990e-01  6.13642549e-02  1.02304700e+02  6.60778452e+00  1.13529739e+05 -1.92269479e-01 
 6.00000000e-02  6.62600000e+03  1.85000000e+00 -1.85137520e-12  3.75471990e-01  6.13642549e-02  1.02304700e+02  6.60778452e+00  1.13529739e+05 -1.92269479e-01 
 7.00000000e-02  6.62600000e+03  1.85000000e+00 -1.85137520e-12  3.75471990e-01  6.13642549e-02  1.02304700e+02  6.60778452e+00  1.13529739e+05 -1.92269479e-01 
 8.00000000e-02  6.62600000e+03  1.85000000e+00 -1.85137521e-12  3.75471990e-01  6.13642549e-02  1.02304700e+02  6.60778452e+00  1.13529739e+05 -1.92269479e-01 
 9.00000000e-02  6.62600000e+03  1.85000000e+00 -1.85137522e-12  3.75471990e-01  6.13642549e-02  1.02304700e+02  6.60778452e+00  1.13529739e+05 -1.92269479e-01 
 1.00000000e-01  6.62600000e+03  1.85000000e+00 -1.85137523e-12  3.75471990e-01  6.13642549e-02  1.02304700e+02  6.60778452e+00  1.13529739e+05 -1.92269479e-01 
 1.10000000e-01  6.62600000e+03  1.85000000e+00 -1.85137525e-12  3.75471990e-01  6.13642549e-02  1.02304700e+02  6.60778452e+00  1.13529739e+05 -1.92269479e-01 
 1.20000000e-01  6.62600000e+03  1.85000000e+00 -1.85137530e-12  3.75471990e-01  6.13642549e-02  1.02304700e+02  6.60778452e+00  1.13529739e+05 -1.92269479e-01 
 1.30000000e-01  6.62600000e+03  1.85000000e+00 -1.85137538e-12  3.75471990e-01  6.13642549e-02  1.02304700e+02  6.60778452e+00  1.13529739e+05 -1.92269479e-01 
 1.40000000e-01  6.62600000e+03  1.85000000e+00 -1.85137554e-12  3.75471990e-01  6.13642549e-02  1.02304700e+02  6.60778452e+00  1.13529739e+05 -1.92269479e-01 
 1.50000000e-01  6.62600000e+03  1.85000000e+00 -1.85137584e-12  3.75471990e-01  6.13642549e-02  1.02304700e+02  6.60778452e+00  1.13529739e+05 -1.92269479e-01 
 1.60000000e-01  6.62600000e+03  1.85000000e+00 -1.85137638e-12  3.75471990e-01  6.13642549e-02  1.02304700e+02  6.60778452e+00  1.13529739e+05 -1.92269479e-01 
 1.70000000e-01  6.62600000e+03  1.85000000e+00 -1.85137739e-12  3.75471990e-01  6.13642549e-02  1.02304700e+02  6.60778452e+00  1.13529739e+05 -1.92269479e-01 
 1.80000000e-01  6.62600000e+03  1.85000000e+00 -1.85137926e-12  3.75471990e-01  6.13642549e-02  1.02304700e+02  6.60778452e+00  1.13529739e+05 -1.92269479e-01 
 1.90000000e-01  6.62600000e+03  1.85000000e+00 -1.85138274e-12  3.75471990e-01  6.13642549e-02  1.02304700e+02  6.60778452e+00  1.13529739e+05 -1.92269479e-01 
 2.00000000e-01  6.62600000e+03  1.85000000e+00 -1.85138918e-12  3.75471990e-01  6.13642549e-02  1.02304700e+02  6.60778452e+00  1.13529739e+05 -1.92269479e-01 
 2.10000000e-01  6.62600000e+03  1.85000000e+00 -1.85140115e-12  3.75471990e-01  6.13642549e-02  1.02304700e+02  6.60778452e+00  1.13529739e+05 -1.92269479e-01 
 2.20000000e-01  6.62600000e+03  1.85000000e+00 -1.85142335e-12  3.75471990e-01  6.13642549e-02  1.02304700e+02  6.60778452e+00  1.13529739e+05 -1.92269479e-01 
 2.30000000e-01  6.62600000e+03  1.85000000e+00 -1.85146455e-12  3.75471990e-01  6.13642549e-02  1.02304700e+02  6.60778452e+00  1.13529739e+05 -1.92269479e-01 
 2.40000000e-01  6.62600000e+03  1.85000000e+00 -1.85154101e-12  3.75471990e-01  6.13642549e-02  1.02304700e+02  6.60778452e+00  1.13529739e+05 -1.92269479e-01 
 2.50000000e-01  6.62600000e+03  1.85000000e+00 -1.85168288e-12  3.75471990e-01  6.13642549e-02  1.02304700e+02  6.60778452e+00  1.13529739e+05 -1.92269479e-01 
 2.60000000e-01  6.62600000e+03  1.85000000e+00 -1.85194614e-12  3.75471990e-01  6.13642549e-02  1.02304700e+02  6.60778452e+00  1.13529739e+05 -1.92269479e-01 
 2.70000000e-01  6.62600000e+03  1.85000000e+00 -1.85243466e-12  3.75471990e-01  6.13642549e-02  1.02304700e+02  6.60778452e+00  1.13529739e+05 -1.92269479e-01 
 2.80000000e-01  6.62600000e+03  1.85000000e+00 -1.85334118e-12  3.75471990e-01  6.13642549e-02  1.02304700e+02  6.60778452e+00  1.13529739e+05 -1.92269479e-01 
 2.90000000e-01  6.62600000e+03  1.85000000e+00 -1.85502331e-12  3.75471990e-01  6.13642549e-02  1.02304700e+02  6.60778452e+00  1.13529739e+05 -1.92269479e-01 
 3.00000000e-01  6.62600000e+03  1.85000000e+00 -1.85814468e-12  3.75471990e-01  6.13642549e-02  1.02304700e+02  6.60778452e+00  1.13529739e+05 -1.92269479e-01 
 3.10000000e-01  6.62600000e+03  1.85000000e+00 -1.86393658e-12  3.75471990e-01  6.13642549e-02  1.02304700e+02  6.60778452e+00  1.13529739e+05 -1.92269479e-01 
 3.20000000e-01  6.62600000e+03  1.85000000e+00 -1.87468367e-12  3.75471990e-01  6.13642549e-02  1.02304700e+02  6.60778452e+00  1.13529739e+05 -1.92269479e-01 
 3.30000000e-01  6.62600000e+03  1.85000000e+00 -1.89462481e-12  3.75471990e-01  6.13642549e-02  1.02304700e+02  6.60778452e+00  1.13529739e+05 -1.92269479e-01 
 3.40000000e-01  6.62600000e+03  1.85000000e+00 -1.93162417e-12  3.75471990e-01  6.13642549e-02  1.02304700e+02  6.60778452e+00  1.13529739e+05 -1.92269479e-01 
 3.50000000e-01  6.62600000e+03  1.85000000e+00 -2.00027077e-12  3.75471990e-01  6.13642549e-02  1.02304700e+02  6.60778452e+00  1.13529739e+05 -1.92269479e-01 
 3.60000000e-01  6.62600000e+03  1.85000000e+00 -2.12762610e-12  3.75471990e-01  6.13642549e-02  1.02304700e+02  6.60778452e+00  1.13529739e+05 -1.92269479e-01 
 3.70000000e-01  6.62600000e+03  1.85000000e+00 -2.36387989e-12  3.75471990e-01  6.13642549e-02  1.02304700e+02  6.60778452e+00  1.13529739e+05 -1.92269479e-01 
 3.80000000e-01  6.62600000e+03  1.85000000e+00 -2.80209855e-12  3.75471990e-01  6.13642549e-02  1.02304700e+02  6.60778452e+00  1.13529739e+05 -1.92269479e-01 
 3.90000000e-01  6.62600000e+03  1.85000000e+00 -3.61480832e-12  3.75471990e-01  6.13642549e-02  1.02304700e+02  6.60778452e+00  1.13529739e+05 -1.92269479e-01 
 4.00000000e-01  6.62600000e+03  1.85000000e+00 -5.12172172e-12  3.75471990e-01  6.13642549e-02  1.02304700e+02  6.60778452e+00  1.13529739e+05 -1.92269479e-01 
 4.10000000e-01  6.62600000e+03  1.85000000e+00 -7.91501313e-12  3.75471990e-01  6.13642549e-02  1.02304700e+02  6.60778452e+00  1.13529739e+05 -1.92269479e-01 
 4.20000000e-01  6.62600000e+03  1.85000000e+00 -1.30907770e-11  3.75471990e-01  6.13642549e-02  1.02304700e+02  6.60778452e+00  1.13529739e+05 -1.92269479e-01 
 4.30000000e-01  6.62600000e+03  1.85000000e+00 -2.26759972e-11  3.75471990e-01  6.13642549e-02  1.02304700e+02  6.60778452e+00  1.13529739e+05 -1.92269479e-01 
 4.40000000e-01  6.62600000e+03  1.85000000e+00 -4.04144944e-11  3.75471990e-01  6.13642549e-02  1.02304700e+02  6.60778452e+00  1.13529739e+05 -1.92269479e-01 
 4.50000000e-01  6.62600000e+03  1.85000000e+00 -7.32094833e-11  3.75471990e-01  6.13642549e-02  1.02304700e+02  6.60778452e+00  1.13529739e+05 -1.92269479e-01 
 4.60000000e-01  6.62600000e+03  1.85000000e+00 -1.33760924e-10  3.75471990e-01  6.13642549e-02  1.02304700e+02  6.60778452e+00  1.13529739e+05 -1.92269479e-01 
 4.70000000e-01  6.62600000e+03  1.85000000e+00 -2.45361731e-10  3.75471990e-01  6.13642549e-02  1.02304700e+02  6.60778452e+00  1.13529739e+05 -1.92269479e-01 
 4.80000000e-01  6.62600000e+03  1.85000000e+00 -4.50557773e-10  3.75471990e-01  6.13642549e-02  1.02304700e+02  6.60778452e+00  1.13529739e+05 -1.92269479e-01 
 4.90000000e-01  6.62600000e+03  1.85000000e+00 -8.26634538e-10  3.75471990e-01  6.13642549e-02  1.02304700e+02  6.60778452e+00  1.13529739e+05 -1.92269479e-01 
 5.00000000e-01  6.62600000e+03  1.85000000e+00 -1.51295766e-09  3.75471990e-01  6.13642549e-02  1.02304700e+02  6.60778452e+00  1.13529739e+05 -1.92269479e-01 
 5.10000000e-01  6.62600000e+03  1.85000000e+00 -2.75842234e-09  3.75471990e-01  6.13642549e-02  1.02304700e+02  6.60778452e+00  1.13529739e+05 -1.92269479e-01 
 5.20000000e-01  6.62600000e+03  1.85000000e+00 -5.00197149e-09  3.75471990e-01  6.13642549e-02  1.02304700e+02  6.60778452e+00  1.13529739e+05 -1.92269479e-01 
 5.30000000e-01  6.62600000e+03  1.85000000e+00 -9.00530849e-09  3.75471990e-01  6.13642549e-02  1.02304700e+02  6.60778452e+00  1.13529739e+05 -1.92269479e-01 
 5.40000000e-01  6.62600000e+03  1.85000000e+00 -1.60637179e-08  3.75471990e-01  6.13642549e-02  1.02304700e+02  6.60778452e+00  1.13529739e+05 -1.92269479e-01 
 5.50000000e-01  6.62600000e+03  1.85000000e+00 -2.83261894e-08  3.75471990e-01  6.13642549e-02  1.02304700e+02  6.60778452e+00  1.13529739e+05 -1.92269479e-01 
 5.60000000e-01  6.62600000e+03  1.85000000e+00 -4.92568321e-08  3.75471990e-01  6.13642549e-02  1.02304700e+02  6.60778452e+00  1.13529739e+05 -1.92269479e-01 
 5.70000000e-01  6.62600000e+03  1.85000000e+00 -8.42647499e-08  3.75471990e-01  6.13642549e-02  1.02304700e+02  6.60778452e+00  1.13529739e+05 -1.92269479e-01 
 5.80000000e-01  6.62600000e+03  1.85000000e+00 -1.41524675e-07  3.75471990e-01  6.13642549e-02  1.02304700e+02  6.60778452e+00  1.13529739e+05 -1.92269479e-01 
 5.90000000e-01  6.62600000e+03  1.85000000e+00 -2.33018496e-07  3.75471990e-01  6.13642549e-02  1.02304700e+02  6.60778452e+00  1.13529739e+05 -1.92269479e-01 
 6.00000000e-01  6.62600000e+03  1.85000000e+00 -3.75851968e-07  3.75471990e-01  6.13642549e-02  1.02304700e+02  6.60778452e+00  1.13529739e+05 -1.92269479e-01 
 6.10000000e-01  6.62600000e+03  1.85000000e+00 -5.93901312e-07  3.75471990e-01  6.13642549e-02  1.02304700e+02  6.60778452e+00  1.13529739e+05 -1.92269479e-01 
 6.20000000e-01  6.62600000e+03  1.85000000e+00 -9.19724957e-07  3.75471990e-01  6.13642549e-02  1.02304700e+02  6.60778452e+00  1.13529739e+05 -1.92269479e-01 
 6.30000000e-01  6.62600000e+03  1.85000000e+00 -1.39635248e-06  3.75471990e-01  6.13642549e-02  1.02304700e+02  6.60778452e+00  1.13529739e+05 -1.92269479e-01 
 6.40000000e-01  6.62600000e+03  1.85000000e+00 -2.07810434e-06  3.75471990e-01  6.13642549e-02  1.02304700e+02  6.60778452e+00  1.13529739e+05 -1.92269479e-01 
 6.50000000e-01  6.62600000e+03  1.85000000e+00 -3.02930572e-06  3.75471990e-01  6.13642549e-02  1.02304700e+02  6.60778452e+00  1.13529739e+05 -1.92269479e-01 
 6.60000000e-01  6.62600000e+03  1.85000000e+00 -4.32004853e-06  3.75471990e-01  6.13642549e-02  1.02304700e+02  6.60778452e+00  1.13529739e+05 -1.92269479e-01 
 6.70000000e-01  6.62600000e+03  1.85000000e+00 -6.01919638e-06  3.75471990e-01  6.13642549e-02  1.02304700e+02  6.60778452e+00  1.13529739e+05 -1.92269479e-01 
 6.80000000e-01  6.62600000e+03  1.85000000e+00 -8.18619878e-06  3.75471990e-01  6.13642549e-02  1.02304700e+02  6.60778452e+00  1.13529739e+05 -1.92269479e-01 
 6.90000000e-01  6.62600000e+03  1.85000000e+00 -1.08640981e-05  3.75471990e-01  6.13642549e-02  1.02304700e+02  6.60778452e+00  1.13529739e+05 -1.92269479e-01 
 7.00000000e-01  6.62600000e+03  1.85000000e+00 -1.40757348e-05  3.75471990e-01  6.13642549e-02  1.02304700e+02  6.60778452e+00  1.13529739e+05 -1.92269479e-01 
 7.10000000e-01  6.62600000e+03  1.85000000e+00 -1.78238101e-05  3.75471990e-01  6.13642549e-02  1.02304700e+02  6.60778452e+00  1.13529739e+05 -1.92269479e-01 
 7.20000000e-01  6.62600000e+03  1.85000000e+00 -2.20940428e-05  3.75471990e-01  6.13642549e-02  1.02304700e+02  6.60778452e+00  1.13529739e+05 -1.92269479e-01 
 7.30000000e-01  6.62600000e+03  1.85000000e+00 -2.68599163e-05  3.75471990e-01  6.13642549e-02  1.02304700e+02  6.60778452e+00  1.13529739e+05 -1.92269479e-01 
 7.40000000e-01  6.62600000e+03  1.85000000e+00 -3.20875720e-05  3.75471990e-01  6.13642549e-02  1.02304700e+02  6.60778452e+00  1.13529739e+05 -1.92269479e-01 
 7.50000000e-01  6.62600000e+03  1.85000000e+00 -3.77399264e-05  3.75471990e-01  6.13642549e-02  1.02304700e+02  6.60778452e+00  1.13529739e+05 -1.92269479e-01 
 7.60000000e-01  6.62600000e+03  1.85000000e+00 -4.37796530e-05  3.75471990e-01  6.13642549e-02  1.02304700e+02  6.60778452e+00  1.13529739e+05 -1.92269479e-01 
 7.70000000e-01  6.62600000e+03  1.85000000e+00 -5.01710678e-05  3.75471990e-01  6.13642549e-02  1.02304700e+02  6.60778452e+00  1.13529739e+05 -1.92269479e-01 
 7.80000000e-01  6.62600000e+03  1.85000000e+00 -5.68811424e-05  3.75471990e-01  6.13642549e-02  1.02304700e+02  6.60778452e+00  1.13529739e+05 -1.92269479e-01 
 7.90000000e-01  6.62600000e+03  1.85000000e+00 -6.38799100e-05  3.75471990e-01  6.13642549e-02  1.02304700e+02  6.60778452e+00  1.13529739e+05 -1.92269479e-01 
 8.00000000e-01  6.62600000e+03  1.85000000e+00 -7.11404944e-05  3.75471990e-01  6.13642549e-02  1.02304700e+02  6.60778452e+00  1.13529739e+05 -1.92269479e-01 
 8.10000000e-01  6.62600000e+03  1.85000000e+00 -7.86389305e-05  3.75471990e-01  6.13642549e-02  1.02304700e+02  6.60778452e+00  1.13529739e+05 -1.92269479e-01 
 8.20000000e-01  6.62600000e+03  1.85000000e+00 -8.63538890e-05  3.75471990e-01  6.13642549e-02  1.02304700e+02  6.60778452e+00  1.13529739e+05 -1.92269479e-01 
 8.30000000e-01  6.62600000e+03  1.85000000e+00 -9.42663741e-05  3.75471990e-01  6.13642549e-02  1.02304700e+02  6.60778452e+00  1.13529739e+05 -1.92269479e-01 
 8.40000000e-01  6.62600000e+03  1.85000000e+00 -1.02359430e-04  3.75471990e-01  6.13642549e-02  1.02304700e+02  6.60778452e+00  1.13529739e+05 -1.92269479e-01 
 8.50000000e-01  6.62600000e+03  1.85000000e+00 -1.10617875e-04  3.75471990e-01  6.13642549e-02  1.02304700e+02  6.60778452e+00  1.13529739e+05 -1.92269479e-01 
 8.60000000e-01  6.62600000e+03  1.85000000e+00 -1.19028066e-04  3.75471990e-01  6.13642549e-02  1.02304700e+02  6.60778452e+00  1.13529739e+05 -1.92269479e-01 
 8.70000000e-01  6.62600000e+03  1.85000000e+00 -1.27577704e-04  3.75471990e-01  6.13642549e-02  1.02304700e+02  6.60778452e+00  1.13529739e+05 -1.92269479e-01 
 8.80000000e-01  6.62600000e+03  1.85000000e+00 -1.36255659e-04  3.75471990e-01  6.13642549e-02  1.02304700e+02  6.60778452e+00  1.13529739e+05 -1.92269479e-01 
 8.90000000e-01  6.62600000e+03  1.85000000e+00 -1.45051830e-04  3.75471990e-01  6.13642549e-02  1.02304700e+02  6.60778452e+00  1.13529739e+05 -1.92269479e-01 
 9.00000000e-01  6.62600000e+03  1.85000000e+00 -1.53957021e-04  3.75471990e-01  6.13642549e-02  1.02304700e+02  6.60778452e+00  1.13529739e+05 -1.92269479e-01 
 9.10000000e-01  6.62600000e+03  1.85000000e+00 -1.62962843e-04  3.75471990e-01  6.13642549e-02  1.02304700e+02  6.60778452e+00  1.13529739e+05 -1.92269479e-01 
 9.20000000e-01  6.62600000e+03  1.85000000e+00 -1.72061623e-04  3.75471990e-01  6.13642549e-02  1.02304700e+02  6.60778452e+00  1.13529739e+05 -1.92269479e-01 
 9.30000000e-01  6.62600000e+03  1.85000000e+00 -1.81246327e-04  3.75471990e-01  6.13642549e-02  1.02304700e+02  6.60778452e+00  1.13529739e+05 -1.92269479e-01 
 9.40000000e-01  6.62600000e+03  1.85000000e+00 -1.90510499e-04  3.75471990e-01  6.13642549e-02  1.02304700e+02  6.60778452e+00  1.13529739e+05 -1.92269479e-01 
 9.50000000e-01  6.62600000e+03  1.85000000e+00 -1.99848201e-04  3.75471990e-01  6.13642549e-02  1.02304700e+02  6.60778452e+00  1.13529739e+05 -1.92269479e-01 
 9.60000000e-01  6.62600000e+03  1.85000000e+00 -2.09253964e-04  3.75471990e-01  6.13642549e-02  1.02304700e+02  6.60778452e+00  1.13529739e+05 -1.92269479e-01 
 9.70000000e-01  6.62600000e+03  1.85000000e+00 -2.18722743e-04  3.75471990e-01  6.13642549e-02  1.02304700e+02  6.60778452e+00  1.13529739e+05 -1.92269479e-01 
 9.80000000e-01  6.62600000e+03  1.85000000e+00 -2.28249880e-04  3.75471990e-01  6.13642549e-02  1.02304700e+02  6.60778452e+00  1.13529739e+05 -1.92269479e-01 
 9.90000000e-01  6.62600000e+03  1.85000000e+00 -2.37831070e-04  3.75471990e-01  6.13642549e-02  1.02304700e+02  6.60778452e+00  1.13529739e+05 -1.92269479e-01 
 1.00000000e+00  6.62600000e+03  1.85000000e+00 -2.47462328e-04  3.75471990e-01  6.13642549e-02  1.02304700e+02  6.60778452e+00  1.13529739e+05 -1.92269479e-01 
 1.01000000e+00  6.62600000e+03  1.85000000e+00 -2.57139961e-04  3.75471990e-01  6.13642549e-02  1.02304700e+02  6.60778452e+00  1.13529739e+05 -1.92269479e-01 
 1.02000000e+00  6.62600000e+03  1.85000000e+00 -2.66860546e-04  3.75471990e-01  6.13642549e-02  1.02304700e+02  6.60778452e+00  1.13529739e+05 -1.92269479e-01 
 1.03000000e+00  6.62600000e+03  1.85000000e+00 -2.76620903e-04  3.75471990e-01  6.13642549e-02  1.02304700e+02  6.60778452e+00  1.13529739e+05 -1.92269479e-01 
 1.04000000e+00  6.62600000e+03  1.85000000e+00 -2.86418077e-04  3.75471990e-01  6.13642549e-02  1.02304700e+02  6.60778452e+00  1.13529739e+05 -1.92269479e-01 
 1.05000000e+00  6.62600000e+03  1.85000000e+00 -2.96249320e-04  3.75471990e-01  6.13642549e-02  1.02304700e+02  6.60778452e+00  1.13529739e+05 -1.92269479e-01 
 1.06000000e+00  6.62600000e+03  1.85000000e+00 -3.06112072e-04  3.75471990e-01  6.13642549e-02  1.02304700e+02  6.60778452e+00  1.13529739e+05 -1.92269479e-01 
 1.07000000e+00  6.62600000e+03  1.85000000e+00 -3.16003948e-04  3.75471990e-01  6.13642549e-02  1.02304700e+02  6.60778452e+00  1.13529739e+05 -1.92269479e-01 
 1.08000000e+00  6.62600000e+03  1.85000000e+00 -3.25922725e-04  3.75471990e-01  6.13642549e-02  1.02304700e+02  6.60778452e+00  1.13529739e+05 -1.92269479e-01 
 1.09000000e+00  6.62600000e+03  1.85000000e+00 -3.35866325e-04  3.75471990e-01  6.13642549e-02  1.02304700e+02  6.60778452e+00  1.13529739e+05 -1.92269479e-01 
 1.10000000e+00  6.62600000e+03  1.85000000e+00 -3.45832809e-04  3.75471990e-01  6.13642549e-02  1.02304700e+02  6.60778452e+00  1.13529739e+05 -1.92269479e-01 
 1.11000000e+00  6.62600000e+03  1.85000000e+00 -3.55820361e-04  3.75471990e-01  6.13642549e-02  1.02304700e+02  6.60778452e+00  1.13529739e+05 -1.92269479e-01 
 1.12000000e+00  6.62600000e+03  1.85000000e+00 -3.65827285e-04  3.75471990e-01  6.13642549e-02  1.02304700e+02  6.60778452e+00  1.13529739e+05 -1.92269479e-01 
 1.13000000e+00  6.62600000e+03  1.85000000e+00 -3.75851991e-04  3.75471990e-01  6.13642549e-02  1.02304700e+02  6.60778452e+00  1.13529739e+05 -1.92269479e-01 
 1.14000000e+00  6.62600000e+03  1.85000000e+00 -3.85892989e-04  3.75471990e-01  6.13642549e-02  1.02304700e+02  6.60778452e+00  1.13529739e+05 -1.92269479e-01 
 1.15000000e+00  6.62600000e+03  1.85000000e+00 -3.95948881e-04  3.75471990e-01  6.13642549e-02  1.02304700e+02  6.60778452e+00  1.13529739e+05 -1.92269479e-01 
 1.16000000e+00  6.62600000e+03  1.85000000e+00 -4.06018356e-04  3.75471990e-01  6.13642549e-02  1.02304700e+02  6.60778452e+00  1.13529739e+05 -1.92269479e-01 
 1.17000000e+00  6.62600000e+03  1.85000000e+00 -4.16100182e-04  3.75471990e-01  6.13642549e-02  1.02304700e+02  6.60778452e+00  1.13529739e+05 -1.92269479e-01 
 1.18000000e+00  6.62600000e+03  1.85000000e+00 -4.26193204e-04  3.75471990e-01  6.13642549e-02  1.02304700e+02  6.60778452e+00  1.13529739e+05 -1.92269479e-01 
 1.19000000e+00  6.62600000e+03  1.85000000e+00 -4.36296332e-04  3.75471990e-01  6.13642549e-02  1.02304700e+02  6.60778452e+00  1.13529739e+05 -1.92269479e-01 
 1.20000000e+00  6.62600000e+03  1.85000000e+00 -4.46408542e-04  3.75471990e-01  6.13642549e-02  1.02304700e+02  6.60778452e+00  1.13529739e+05 -1.92269479e-01 
 1.21000000e+00  6.62600000e+03  1.85000000e+00 -4.56528872e-04  3.75471990e-01  6.13642549e-02  1.02304700e+02  6.60778452e+00  1.13529739e+05 -1.92269479e-01 
 1.22000000e+00  6.62600000e+03  1.85000000e+00 -4.66656413e-04  3.75471990e-01  6.13642549e-02  1.02304700e+02  6.60778452e+00  1.13529739e+05 -1.92269479e-01 
 1.23000000e+00  6.62600000e+03  1.85000000e+00 -4.76790310e-04  3.75471990e-01  6.13642549e-02  1.02304700e+02  6.60778452e+00  1.13529739e+05 -1.92269479e-01 
 1.24000000e+00  6.62600000e+03  1.85000000e+00 -4.86929756e-04  3.75471990e-01  6.13642549e-02  1.02304700e+02  6.60778452e+00  1.13529739e+05 -1.92269479e-01 
 1.25000000e+00  6.62600000e+03  1.85000000e+00 -4.97073992e-04  3.75471990e-01  6.13642549e-02  1.02304700e+02  6.60778452e+00  1.13529739e+05 -1.92269479e-01 
 1.26000000e+00  6.62600000e+03  1.85000000e+00 -5.07222298e-04  3.75471990e-01  6.13642549e-02  1.02304700e+02  6.60778452e+00  1.13529739e+05 -1.92269479e-01 
 1.27000000e+00  6.62600000e+03  1.85000000e+00 -5.17373998e-04  3.75471990e-01  6.13642549e-02  1.02304700e+02  6.60778452e+00  1.13529739e+05 -1.92269479e-01 
 1.28000000e+00  6.62600000e+03  1.85000000e+00 -5.27528450e-04  3.75471990e-01  6.13642549e-02  1.02304700e+02  6.60778452e+00  1.13529739e+05 -1.92269479e-01 
 1.29000000e+00  6.62600000e+03  1.85000000e+00 -5.37685051e-04  3.75471990e-01  6.13642549e-02  1.02304700e+02  6.60778452e+00  1.13529739e+05 -1.92269479e-01 
 1.30000000e+00  6.62600000e+03  1.85000000e+00 -5.47843227e-04  3.75471990e-01  6.13642549e-02  1.02304700e+02  6.60778452e+00  1.13529739e+05 -1.92269479e-01 
 1.31000000e+00  6.62600000e+03  1.85000000e+00 -5.58002439e-04  3.75471990e-01  6.13642549e-02  1.02304700e+02  6.60778452e+00  1.13529739e+05 -1.92269479e-01 
 1.32000000e+00  6.62600000e+03  1.85000000e+00 -5.68162175e-04  3.75471990e-01  6.13642549e-02  1.02304700e+02  6.60778452e+00  1.13529739e+05 -1.92269479e-01 
 1.33000000e+00  6.62600000e+03  1.85000000e+00 -5.78321951e-04  3.75471990e-01  6.13642549e-02  1.02304700e+02  6.60778452e+00  1.13529739e+05 -1.92269479e-01 
 1.34000000e+00  6.62600000e+03  1.85000000e+00 -5.88481308e-04  3.75471990e-01  6.13642549e-02  1.02304700e+02  6.60778452e+00  1.13529739e+05 -1.92269479e-01 
 1.35000000e+00  6.62600000e+03  1.85000000e+00 -5.98639814e-04  3.75471990e-01  6.13642549e-02  1.02304700e+02  6.60778452e+00  1.13529739e+05 -1.92269479e-01 
 1.36000000e+00  6.62600000e+03  1.85000000e+00 -6.08797057e-04  3.75471990e-01  6.13642549e-02  1.02304700e+02  6.60778452e+00  1.13529739e+05 -1.92269479e-01 
 1.37000000e+00  6.62600000e+03  1.85000000e+00 -6.18952649e-04  3.75471990e-01  6.13642549e-02  1.02304700e+02  6.60778452e+00  1.13529739e+05 -1.92269479e-01 
 1.38000000e+00  6.62600000e+03  1.85000000e+00 -6.29106220e-04  3.75471990e-01  6.13642549e-02  1.02304700e+02  6.60778452e+00  1.13529739e+05 -1.92269479e-01 
 1.39000000e+00  6.62600000e+03  1.85000000e+00 -6.39257422e-04  3.75471990e-01  6.13642549e-02  1.02304700e+02  6.60778452e+00  1.13529739e+05 -1.92269479e-01 
 1.40000000e+00  6.62600000e+03  1.85000000e+00 -6.49405923e-04  3.75471990e-01  6.13642549e-02  1.02304700e+02  6.60778452e+00  1.13529739e+05 -1.92269479e-01 
 1.41000000e+00  6.62600000e+03  1.85000000e+00 -6.59551409e-04  3.75471990e-01  6.13642549e-02  1.02304700e+02  6.60778452e+00  1.13529739e+05 -1.92269479e-01 
 1.42000000e+00  6.62600000e+03  1.85000000e+00 -6.69693583e-04  3.75471990e-01  6.13642549e-02  1.02304700e+02  6.60778452e+00  1.13529739e+05 -1.92269479e-01 
 1.43000000e+00  6.62600000e+03  1.85000000e+00 -6.79832162e-04  3.75471990e-01  6.13642549e-02  1.02304700e+02  6.60778452e+00  1.13529739e+05 -1.92269479e-01 
 1.44000000e+00  6.62600000e+03  1.85000000e+00 -6.89966878e-04  3.75471990e-01  6.13642549e-02  1.02304700e+02  6.60778452e+00  1.13529739e+05 -1.92269479e-01 
 1.45000000e+00  6.62600000e+03  1.85000000e+00 -7.00097478e-04  3.75471990e-01  6.13642549e-02  1.02304700e+02  6.60778452e+00  1.13529739e+05 -1.92269479e-01 
 1.46000000e+00  6.62600000e+03  1.85000000e+00 -7.10223720e-04  3.75471990e-01  6.13642549e-02  1.02304700e+02  6.60778452e+00  1.13529739e+05 -1.92269479e-01 
 1.47000000e+00  6.62600000e+03  1.85000000e+00 -7.20345375e-04  3.75471990e-01  6.13642549e-02  1.02304700e+02  6.60778452e+00  1.13529739e+05 -1.92269479e-01 
 1.48000000e+00  6.62600000e+03  1.85000000e+00 -7.30462226e-04  3.75471990e-01  6.13642549e-02  1.02304700e+02  6.60778452e+00  1.13529739e+05 -1.92269479e-01 
 1.49000000e+00  6.62600000e+03  1.85000000e+00 -7.40574067e-04  3.75471990e-01  6.13642549e-02  1.02304700e+02  6.60778452e+00  1.13529739e+05 -1.92269479e-01 
 1.50000000e+00  6.62600000e+03  1.85000000e+00 -7.50680703e-04  3.75471990e-01  6.13642549e-02  1.02304700e+02  6.60778452e+00  1.13529739e+05 -1.92269479e-01 
 1.51000000e+00  6.62600000e+03  1.85000000e+00 -7.60781947e-04  3.75471990e-01  6.13642549e-02  1.02304700e+02  6.60778452e+00  1.13529739e+05 -1.92269479e-01 
 1.52000000e+00  6.62600000e+03  1.85000000e+00 -7.70877624e-04  3.75471990e-01  6.13642549e-02  1.02304700e+02  6.60778452e+00  1.13529739e+05 -1.92269479e-01 
 1.53000000e+00  6.62600000e+03  1.85000000e+00 -7.80967566e-04  3.75471990e-01  6.13642549e-02  1.02304700e+02  6.60778452e+00  1.13529739e+05 -1.92269479e-01 
 1.54000000e+00  6.62600000e+03  1.85000000e+00 -7.91051614e-04  3.75471990e-01  6.13642549e-02  1.02304700e+02  6.60778452e+00  1.13529739e+05 -1.92269479e-01 
 1.55000000e+00  6.62600000e+03  1.85000000e+00 -8.01129617e-04  3.75471990e-01  6.13642549e-02  1.02304700e+02  6.60778452e+00  1.13529739e+05 -1.92269479e-01 
 1.56000000e+00  6.62600000e+03  1.85000000e+00 -8.11201432e-04  3.75471990e-01  6.13642549e-02  1.02304700e+02  6.60778452e+00  1.13529739e+05 -1.92269479e-01 
 1.57000000e+00  6.62600000e+03  1.85000000e+00 -8.21266922e-04  3.75471990e-01  6.13642549e-02  1.02304700e+02  6.60778452e+00  1.13529739e+05 -1.92269479e-01 
 1.58000000e+00  6.62600000e+03  1.85000000e+00 -8.31325958e-04  3.75471990e-01  6.13642549e-02  1.02304700e+02  6.60778452e+00  1.13529739e+05 -1.92269479e-01 
 1.59000000e+00  6.62600000e+03  1.85000000e+00 -8.41378418e-04  3.75471990e-01  6.13642549e-02  1.02304700e+02  6.60778452e+00  1.13529739e+05 -1.92269479e-01 
 1.60000000e+00  6.62600000e+03  1.85000000e+00 -8.51424184e-04  3.75471990e-01  6.13642549e-02  1.02304700e+02  6.60778452e+00  1.13529739e+05 -1.92269479e-01 
 1.61000000e+00  6.62600000e+03  1.85000000e+00 -8.61463146e-04  3.75471990e-01  6.13642549e-02  1.02304700e+02  6.60778452e+00  1.13529739e+05 -1.92269479e-01 
 1.62000000e+00  6.62600000e+03  1.85000000e+00 -8.71495199e-04  3.75471990e-01  6.13642549e-02  1.02304700e+02  6.60778452e+00  1.13529739e+05 -1.92269479e-01 
 1.63000000e+00  6.62600000e+03  1.85000000e+00 -8.81520242e-04  3.75471990e-01  6.13642549e-02  1.02304700e+02  6.60778452e+00  1.13529739e+05 -1.92269479e-01 
 1.64000000e+00  6.62600000e+03  1.85000000e+00 -8.91538181e-04  3.75471990e-01  6.13642549e-02  1.02304700e+02  6.60778452e+00  1.13529739e+05 -1.92269479e-01 
 1.65000000e+00  6.62600000e+03  1.85000000e+00 -9.01548925e-04  3.75471990e-01  6.13642549e-02  1.02304700e+02  6.60778452e+00  1.13529739e+05 -1.92269479e-01 
 1.66000000e+00  6.62600000e+03  1.85000000e+00 -9.11552388e-04  3.75471990e-01  6.13642549e-02  1.02304700e+02  6.60778452e+00  1.13529739e+05 -1.92269479e-01 
 1.67000000e+00  6.62600000e+03  1.85000000e+00 -9.21548489e-04  3.75471990e-01  6.13642549e-02  1.02304700e+02  6.60778452e+00  1.13529739e+05 -1.92269479e-01 
 1.68000000e+00  6.62600000e+03  1.85000000e+00 -9.31537150e-04  3.75471990e-01  6.13642549e-02  1.02304700e+02  6.60778452e+00  1.13529739e+05 -1.92269479e-01 
 1.69000000e+00  6.62600000e+03  1.85000000e+00 -9.41518297e-04  3.75471990e-01  6.13642549e-02  1.02304700e+02  6.60778452e+00  1.13529739e+05 -1.92269479e-01 
 1.70000000e+00  6.62600000e+03  1.85000000e+00 -9.51491861e-04  3.75471990e-01  6.13642549e-02  1.02304700e+02  6.60778452e+00  1.13529739e+05 -1.92269479e-01 
 1.71000000e+00  6.62600000e+03  1.85000000e+00 -9.61457775e-04  3.75471990e-01  6.13642549e-02  1.02304700e+02  6.60778452e+00  1.13529739e+05 -1.92269479e-01 
 1.72000000e+00  6.62600000e+03  1.85000000e+00 -9.71415975e-04  3.75471990e-01  6.13642549e-02  1.02304700e+02  6.60778452e+00  1.13529739e+05 -1.92269479e-01 
 1.73000000e+00  6.62600000e+03  1.85000000e+00 -9.81366402e-04  3.75471990e-01  6.13642549e-02  1.02304700e+02  6.60778452e+00  1.13529739e+05 -1.92269479e-01 
 1.74000000e+00  6.62600000e+03  1.85000000e+00 -9.91308998e-04  3.75471990e-01  6.13642549e-02  1.02304700e+02  6.60778452e+00  1.13529739e+05 -1.92269479e-01 
 1.75000000e+00  6.62600000e+03  1.85000000e+00 -1.00124371e-03  3.75471990e-01  6.13642549e-02  1.02304700e+02  6.60778452e+00  1.13529739e+05 -1.92269479e-01 
 1.76000000e+00  6.62600000e+03  1.85000000e+00 -1.01117048e-03  3.75471990e-01  6.13642549e-02  1.02304700e+02  6.60778452e+00  1.13529739e+05 -1.92269479e-01 
 1.77000000e+00  6.62600000e+03  1.85000000e+00 -1.02108927e-03  3.75471990e-01  6.13642549e-02  1.02304700e+02  6.60778452e+00  1.13529739e+05 -1.92269479e-01 
 1.78000000e+00  6.62600000e+03  1.85000000e+00 -1.03100002e-03  3.75471990e-01  6.13642549e-02  1.02304700e+02  6.60778452e+00  1.13529739e+05 -1.92269479e-01 
 1.79000000e+00  6.62600000e+03  1.85000000e+00 -1.04090269e-03  3.75471990e-01  6.13642549e-02  1.02304700e+02  6.60778452e+00  1.13529739e+05 -1.92269479e-01 
 1.80000000e+00  6.62600000e+03  1.85000000e+00 -1.05079724e-03  3.75471990e-01  6.13642549e-02  1.02304700e+02  6.60778452e+00  1.13529739e+05 -1.92269479e-01 
 1.81000000e+00  6.62600000e+03  1.85000000e+00 -1.06068363e-03  3.75471990e-01  6.13642549e-02  1.02304700e+02  6.60778452e+00  1.13529739e+05 -1.92269479e-01 
 1.82000000e+00  6.62600000e+03  1.85000000e+00 -1.07056182e-03  3.75471990e-01  6.13642549e-02  1.02304700e+02  6.60778452e+00  1.13529739e+05 -1.92269479e-01 
 1.83000000e+00  6.62600000e+03  1.85000000e+00 -1.08043178e-03  3.75471990e-01  6.13642549e-02  1.02304700e+02  6.60778452e+00  1.13529739e+05 -1.92269479e-01 
 1.84000000e+00  6.62600000e+03  1.85000000e+00 -1.09029345e-03  3.75471990e-01  6.13642549e-02  1.02304700e+02  6.60778452e+00  1.13529739e+05 -1.92269479e-01 
 1.85000000e+00  6.62600000e+03  1.85000000e+00 -1.10014683e-03  3.75471990e-01  6.13642549e-02  1.02304700e+02  6.60778452e+00  1.13529739e+05 -1.92269479e-01 
