 v-sweep         run_num         v(drain)        i(vds)          out_vth0        out_u0          out_rdsw        out_nfactor     out_vsat        out_eta0       
 0.00000000e+00  2.27900000e+03  1.85000000e+00 -1.85137520e-12  3.46516400e-01  5.38901113e-02  9.93206858e+01  4.43217294e+00  9.93211386e+04 -1.85568398e-01 
 1.00000000e-02  2.27900000e+03  1.85000000e+00 -1.85137520e-12  3.46516400e-01  5.38901113e-02  9.93206858e+01  4.43217294e+00  9.93211386e+04 -1.85568398e-01 
 2.00000000e-02  2.27900000e+03  1.85000000e+00 -1.85137520e-12  3.46516400e-01  5.38901113e-02  9.93206858e+01  4.43217294e+00  9.93211386e+04 -1.85568398e-01 
 3.00000000e-02  2.27900000e+03  1.85000000e+00 -1.85137520e-12  3.46516400e-01  5.38901113e-02  9.93206858e+01  4.43217294e+00  9.93211386e+04 -1.85568398e-01 
 4.00000000e-02  2.27900000e+03  1.85000000e+00 -1.85137520e-12  3.46516400e-01  5.38901113e-02  9.93206858e+01  4.43217294e+00  9.93211386e+04 -1.85568398e-01 
 5.00000000e-02  2.27900000e+03  1.85000000e+00 -1.85137520e-12  3.46516400e-01  5.38901113e-02  9.93206858e+01  4.43217294e+00  9.93211386e+04 -1.85568398e-01 
 6.00000000e-02  2.27900000e+03  1.85000000e+00 -1.85137520e-12  3.46516400e-01  5.38901113e-02  9.93206858e+01  4.43217294e+00  9.93211386e+04 -1.85568398e-01 
 7.00000000e-02  2.27900000e+03  1.85000000e+00 -1.85137520e-12  3.46516400e-01  5.38901113e-02  9.93206858e+01  4.43217294e+00  9.93211386e+04 -1.85568398e-01 
 8.00000000e-02  2.27900000e+03  1.85000000e+00 -1.85137520e-12  3.46516400e-01  5.38901113e-02  9.93206858e+01  4.43217294e+00  9.93211386e+04 -1.85568398e-01 
 9.00000000e-02  2.27900000e+03  1.85000000e+00 -1.85137520e-12  3.46516400e-01  5.38901113e-02  9.93206858e+01  4.43217294e+00  9.93211386e+04 -1.85568398e-01 
 1.00000000e-01  2.27900000e+03  1.85000000e+00 -1.85137520e-12  3.46516400e-01  5.38901113e-02  9.93206858e+01  4.43217294e+00  9.93211386e+04 -1.85568398e-01 
 1.10000000e-01  2.27900000e+03  1.85000000e+00 -1.85137521e-12  3.46516400e-01  5.38901113e-02  9.93206858e+01  4.43217294e+00  9.93211386e+04 -1.85568398e-01 
 1.20000000e-01  2.27900000e+03  1.85000000e+00 -1.85137522e-12  3.46516400e-01  5.38901113e-02  9.93206858e+01  4.43217294e+00  9.93211386e+04 -1.85568398e-01 
 1.30000000e-01  2.27900000e+03  1.85000000e+00 -1.85137524e-12  3.46516400e-01  5.38901113e-02  9.93206858e+01  4.43217294e+00  9.93211386e+04 -1.85568398e-01 
 1.40000000e-01  2.27900000e+03  1.85000000e+00 -1.85137528e-12  3.46516400e-01  5.38901113e-02  9.93206858e+01  4.43217294e+00  9.93211386e+04 -1.85568398e-01 
 1.50000000e-01  2.27900000e+03  1.85000000e+00 -1.85137537e-12  3.46516400e-01  5.38901113e-02  9.93206858e+01  4.43217294e+00  9.93211386e+04 -1.85568398e-01 
 1.60000000e-01  2.27900000e+03  1.85000000e+00 -1.85137554e-12  3.46516400e-01  5.38901113e-02  9.93206858e+01  4.43217294e+00  9.93211386e+04 -1.85568398e-01 
 1.70000000e-01  2.27900000e+03  1.85000000e+00 -1.85137590e-12  3.46516400e-01  5.38901113e-02  9.93206858e+01  4.43217294e+00  9.93211386e+04 -1.85568398e-01 
 1.80000000e-01  2.27900000e+03  1.85000000e+00 -1.85137662e-12  3.46516400e-01  5.38901113e-02  9.93206858e+01  4.43217294e+00  9.93211386e+04 -1.85568398e-01 
 1.90000000e-01  2.27900000e+03  1.85000000e+00 -1.85137809e-12  3.46516400e-01  5.38901113e-02  9.93206858e+01  4.43217294e+00  9.93211386e+04 -1.85568398e-01 
 2.00000000e-01  2.27900000e+03  1.85000000e+00 -1.85138109e-12  3.46516400e-01  5.38901113e-02  9.93206858e+01  4.43217294e+00  9.93211386e+04 -1.85568398e-01 
 2.10000000e-01  2.27900000e+03  1.85000000e+00 -1.85138719e-12  3.46516400e-01  5.38901113e-02  9.93206858e+01  4.43217294e+00  9.93211386e+04 -1.85568398e-01 
 2.20000000e-01  2.27900000e+03  1.85000000e+00 -1.85139960e-12  3.46516400e-01  5.38901113e-02  9.93206858e+01  4.43217294e+00  9.93211386e+04 -1.85568398e-01 
 2.30000000e-01  2.27900000e+03  1.85000000e+00 -1.85142486e-12  3.46516400e-01  5.38901113e-02  9.93206858e+01  4.43217294e+00  9.93211386e+04 -1.85568398e-01 
 2.40000000e-01  2.27900000e+03  1.85000000e+00 -1.85147629e-12  3.46516400e-01  5.38901113e-02  9.93206858e+01  4.43217294e+00  9.93211386e+04 -1.85568398e-01 
 2.50000000e-01  2.27900000e+03  1.85000000e+00 -1.85158097e-12  3.46516400e-01  5.38901113e-02  9.93206858e+01  4.43217294e+00  9.93211386e+04 -1.85568398e-01 
 2.60000000e-01  2.27900000e+03  1.85000000e+00 -1.85179406e-12  3.46516400e-01  5.38901113e-02  9.93206858e+01  4.43217294e+00  9.93211386e+04 -1.85568398e-01 
 2.70000000e-01  2.27900000e+03  1.85000000e+00 -1.85222779e-12  3.46516400e-01  5.38901113e-02  9.93206858e+01  4.43217294e+00  9.93211386e+04 -1.85568398e-01 
 2.80000000e-01  2.27900000e+03  1.85000000e+00 -1.85311065e-12  3.46516400e-01  5.38901113e-02  9.93206858e+01  4.43217294e+00  9.93211386e+04 -1.85568398e-01 
 2.90000000e-01  2.27900000e+03  1.85000000e+00 -1.85490767e-12  3.46516400e-01  5.38901113e-02  9.93206858e+01  4.43217294e+00  9.93211386e+04 -1.85568398e-01 
 3.00000000e-01  2.27900000e+03  1.85000000e+00 -1.85856532e-12  3.46516400e-01  5.38901113e-02  9.93206858e+01  4.43217294e+00  9.93211386e+04 -1.85568398e-01 
 3.10000000e-01  2.27900000e+03  1.85000000e+00 -1.86600985e-12  3.46516400e-01  5.38901113e-02  9.93206858e+01  4.43217294e+00  9.93211386e+04 -1.85568398e-01 
 3.20000000e-01  2.27900000e+03  1.85000000e+00 -1.88116125e-12  3.46516400e-01  5.38901113e-02  9.93206858e+01  4.43217294e+00  9.93211386e+04 -1.85568398e-01 
 3.30000000e-01  2.27900000e+03  1.85000000e+00 -1.91199589e-12  3.46516400e-01  5.38901113e-02  9.93206858e+01  4.43217294e+00  9.93211386e+04 -1.85568398e-01 
 3.40000000e-01  2.27900000e+03  1.85000000e+00 -1.97474150e-12  3.46516400e-01  5.38901113e-02  9.93206858e+01  4.43217294e+00  9.93211386e+04 -1.85568398e-01 
 3.50000000e-01  2.27900000e+03  1.85000000e+00 -2.10240553e-12  3.46516400e-01  5.38901113e-02  9.93206858e+01  4.43217294e+00  9.93211386e+04 -1.85568398e-01 
 3.60000000e-01  2.27900000e+03  1.85000000e+00 -2.36210389e-12  3.46516400e-01  5.38901113e-02  9.93206858e+01  4.43217294e+00  9.93211386e+04 -1.85568398e-01 
 3.70000000e-01  2.27900000e+03  1.85000000e+00 -2.89024431e-12  3.46516400e-01  5.38901113e-02  9.93206858e+01  4.43217294e+00  9.93211386e+04 -1.85568398e-01 
 3.80000000e-01  2.27900000e+03  1.85000000e+00 -3.96388269e-12  3.46516400e-01  5.38901113e-02  9.93206858e+01  4.43217294e+00  9.93211386e+04 -1.85568398e-01 
 3.90000000e-01  2.27900000e+03  1.85000000e+00 -6.14521785e-12  3.46516400e-01  5.38901113e-02  9.93206858e+01  4.43217294e+00  9.93211386e+04 -1.85568398e-01 
 4.00000000e-01  2.27900000e+03  1.85000000e+00 -1.05735425e-11  3.46516400e-01  5.38901113e-02  9.93206858e+01  4.43217294e+00  9.93211386e+04 -1.85568398e-01 
 4.10000000e-01  2.27900000e+03  1.85000000e+00 -1.95532724e-11  3.46516400e-01  5.38901113e-02  9.93206858e+01  4.43217294e+00  9.93211386e+04 -1.85568398e-01 
 4.20000000e-01  2.27900000e+03  1.85000000e+00 -3.77330283e-11  3.46516400e-01  5.38901113e-02  9.93206858e+01  4.43217294e+00  9.93211386e+04 -1.85568398e-01 
 4.30000000e-01  2.27900000e+03  1.85000000e+00 -7.44548989e-11  3.46516400e-01  5.38901113e-02  9.93206858e+01  4.43217294e+00  9.93211386e+04 -1.85568398e-01 
 4.40000000e-01  2.27900000e+03  1.85000000e+00 -1.48393388e-10  3.46516400e-01  5.38901113e-02  9.93206858e+01  4.43217294e+00  9.93211386e+04 -1.85568398e-01 
 4.50000000e-01  2.27900000e+03  1.85000000e+00 -2.96600447e-10  3.46516400e-01  5.38901113e-02  9.93206858e+01  4.43217294e+00  9.93211386e+04 -1.85568398e-01 
 4.60000000e-01  2.27900000e+03  1.85000000e+00 -5.91831326e-10  3.46516400e-01  5.38901113e-02  9.93206858e+01  4.43217294e+00  9.93211386e+04 -1.85568398e-01 
 4.70000000e-01  2.27900000e+03  1.85000000e+00 -1.17492295e-09  3.46516400e-01  5.38901113e-02  9.93206858e+01  4.43217294e+00  9.93211386e+04 -1.85568398e-01 
 4.80000000e-01  2.27900000e+03  1.85000000e+00 -2.31328089e-09  3.46516400e-01  5.38901113e-02  9.93206858e+01  4.43217294e+00  9.93211386e+04 -1.85568398e-01 
 4.90000000e-01  2.27900000e+03  1.85000000e+00 -4.50177907e-09  3.46516400e-01  5.38901113e-02  9.93206858e+01  4.43217294e+00  9.93211386e+04 -1.85568398e-01 
 5.00000000e-01  2.27900000e+03  1.85000000e+00 -8.62658433e-09  3.46516400e-01  5.38901113e-02  9.93206858e+01  4.43217294e+00  9.93211386e+04 -1.85568398e-01 
 5.10000000e-01  2.27900000e+03  1.85000000e+00 -1.62115397e-08  3.46516400e-01  5.38901113e-02  9.93206858e+01  4.43217294e+00  9.93211386e+04 -1.85568398e-01 
 5.20000000e-01  2.27900000e+03  1.85000000e+00 -2.97571662e-08  3.46516400e-01  5.38901113e-02  9.93206858e+01  4.43217294e+00  9.93211386e+04 -1.85568398e-01 
 5.30000000e-01  2.27900000e+03  1.85000000e+00 -5.31689112e-08  3.46516400e-01  5.38901113e-02  9.93206858e+01  4.43217294e+00  9.93211386e+04 -1.85568398e-01 
 5.40000000e-01  2.27900000e+03  1.85000000e+00 -9.22755272e-08  3.46516400e-01  5.38901113e-02  9.93206858e+01  4.43217294e+00  9.93211386e+04 -1.85568398e-01 
 5.50000000e-01  2.27900000e+03  1.85000000e+00 -1.55487341e-07  3.46516400e-01  5.38901113e-02  9.93206858e+01  4.43217294e+00  9.93211386e+04 -1.85568398e-01 
 5.60000000e-01  2.27900000e+03  1.85000000e+00 -2.54727450e-07  3.46516400e-01  5.38901113e-02  9.93206858e+01  4.43217294e+00  9.93211386e+04 -1.85568398e-01 
 5.70000000e-01  2.27900000e+03  1.85000000e+00 -4.06806760e-07  3.46516400e-01  5.38901113e-02  9.93206858e+01  4.43217294e+00  9.93211386e+04 -1.85568398e-01 
 5.80000000e-01  2.27900000e+03  1.85000000e+00 -6.35294635e-07  3.46516400e-01  5.38901113e-02  9.93206858e+01  4.43217294e+00  9.93211386e+04 -1.85568398e-01 
 5.90000000e-01  2.27900000e+03  1.85000000e+00 -9.72598624e-07  3.46516400e-01  5.38901113e-02  9.93206858e+01  4.43217294e+00  9.93211386e+04 -1.85568398e-01 
 6.00000000e-01  2.27900000e+03  1.85000000e+00 -1.46145895e-06  3.46516400e-01  5.38901113e-02  9.93206858e+01  4.43217294e+00  9.93211386e+04 -1.85568398e-01 
 6.10000000e-01  2.27900000e+03  1.85000000e+00 -2.15462510e-06  3.46516400e-01  5.38901113e-02  9.93206858e+01  4.43217294e+00  9.93211386e+04 -1.85568398e-01 
 6.20000000e-01  2.27900000e+03  1.85000000e+00 -3.11158532e-06  3.46516400e-01  5.38901113e-02  9.93206858e+01  4.43217294e+00  9.93211386e+04 -1.85568398e-01 
 6.30000000e-01  2.27900000e+03  1.85000000e+00 -4.39226843e-06  3.46516400e-01  5.38901113e-02  9.93206858e+01  4.43217294e+00  9.93211386e+04 -1.85568398e-01 
 6.40000000e-01  2.27900000e+03  1.85000000e+00 -6.04929825e-06  3.46516400e-01  5.38901113e-02  9.93206858e+01  4.43217294e+00  9.93211386e+04 -1.85568398e-01 
 6.50000000e-01  2.27900000e+03  1.85000000e+00 -8.12144471e-06  3.46516400e-01  5.38901113e-02  9.93206858e+01  4.43217294e+00  9.93211386e+04 -1.85568398e-01 
 6.60000000e-01  2.27900000e+03  1.85000000e+00 -1.06304001e-05  3.46516400e-01  5.38901113e-02  9.93206858e+01  4.43217294e+00  9.93211386e+04 -1.85568398e-01 
 6.70000000e-01  2.27900000e+03  1.85000000e+00 -1.35813112e-05  3.46516400e-01  5.38901113e-02  9.93206858e+01  4.43217294e+00  9.93211386e+04 -1.85568398e-01 
 6.80000000e-01  2.27900000e+03  1.85000000e+00 -1.69659524e-05  3.46516400e-01  5.38901113e-02  9.93206858e+01  4.43217294e+00  9.93211386e+04 -1.85568398e-01 
 6.90000000e-01  2.27900000e+03  1.85000000e+00 -2.07668996e-05  3.46516400e-01  5.38901113e-02  9.93206858e+01  4.43217294e+00  9.93211386e+04 -1.85568398e-01 
 7.00000000e-01  2.27900000e+03  1.85000000e+00 -2.49614261e-05  3.46516400e-01  5.38901113e-02  9.93206858e+01  4.43217294e+00  9.93211386e+04 -1.85568398e-01 
 7.10000000e-01  2.27900000e+03  1.85000000e+00 -2.95245015e-05  3.46516400e-01  5.38901113e-02  9.93206858e+01  4.43217294e+00  9.93211386e+04 -1.85568398e-01 
 7.20000000e-01  2.27900000e+03  1.85000000e+00 -3.44307933e-05  3.46516400e-01  5.38901113e-02  9.93206858e+01  4.43217294e+00  9.93211386e+04 -1.85568398e-01 
 7.30000000e-01  2.27900000e+03  1.85000000e+00 -3.96558420e-05  3.46516400e-01  5.38901113e-02  9.93206858e+01  4.43217294e+00  9.93211386e+04 -1.85568398e-01 
 7.40000000e-01  2.27900000e+03  1.85000000e+00 -4.51766517e-05  3.46516400e-01  5.38901113e-02  9.93206858e+01  4.43217294e+00  9.93211386e+04 -1.85568398e-01 
 7.50000000e-01  2.27900000e+03  1.85000000e+00 -5.09719130e-05  3.46516400e-01  5.38901113e-02  9.93206858e+01  4.43217294e+00  9.93211386e+04 -1.85568398e-01 
 7.60000000e-01  2.27900000e+03  1.85000000e+00 -5.70220172e-05  3.46516400e-01  5.38901113e-02  9.93206858e+01  4.43217294e+00  9.93211386e+04 -1.85568398e-01 
 7.70000000e-01  2.27900000e+03  1.85000000e+00 -6.33089658e-05  3.46516400e-01  5.38901113e-02  9.93206858e+01  4.43217294e+00  9.93211386e+04 -1.85568398e-01 
 7.80000000e-01  2.27900000e+03  1.85000000e+00 -6.98162374e-05  3.46516400e-01  5.38901113e-02  9.93206858e+01  4.43217294e+00  9.93211386e+04 -1.85568398e-01 
 7.90000000e-01  2.27900000e+03  1.85000000e+00 -7.65286449e-05  3.46516400e-01  5.38901113e-02  9.93206858e+01  4.43217294e+00  9.93211386e+04 -1.85568398e-01 
 8.00000000e-01  2.27900000e+03  1.85000000e+00 -8.34321999e-05  3.46516400e-01  5.38901113e-02  9.93206858e+01  4.43217294e+00  9.93211386e+04 -1.85568398e-01 
 8.10000000e-01  2.27900000e+03  1.85000000e+00 -9.05139909e-05  3.46516400e-01  5.38901113e-02  9.93206858e+01  4.43217294e+00  9.93211386e+04 -1.85568398e-01 
 8.20000000e-01  2.27900000e+03  1.85000000e+00 -9.77620770e-05  3.46516400e-01  5.38901113e-02  9.93206858e+01  4.43217294e+00  9.93211386e+04 -1.85568398e-01 
 8.30000000e-01  2.27900000e+03  1.85000000e+00 -1.05165395e-04  3.46516400e-01  5.38901113e-02  9.93206858e+01  4.43217294e+00  9.93211386e+04 -1.85568398e-01 
 8.40000000e-01  2.27900000e+03  1.85000000e+00 -1.12713682e-04  3.46516400e-01  5.38901113e-02  9.93206858e+01  4.43217294e+00  9.93211386e+04 -1.85568398e-01 
 8.50000000e-01  2.27900000e+03  1.85000000e+00 -1.20397401e-04  3.46516400e-01  5.38901113e-02  9.93206858e+01  4.43217294e+00  9.93211386e+04 -1.85568398e-01 
 8.60000000e-01  2.27900000e+03  1.85000000e+00 -1.28207684e-04  3.46516400e-01  5.38901113e-02  9.93206858e+01  4.43217294e+00  9.93211386e+04 -1.85568398e-01 
 8.70000000e-01  2.27900000e+03  1.85000000e+00 -1.36136280e-04  3.46516400e-01  5.38901113e-02  9.93206858e+01  4.43217294e+00  9.93211386e+04 -1.85568398e-01 
 8.80000000e-01  2.27900000e+03  1.85000000e+00 -1.44175501e-04  3.46516400e-01  5.38901113e-02  9.93206858e+01  4.43217294e+00  9.93211386e+04 -1.85568398e-01 
 8.90000000e-01  2.27900000e+03  1.85000000e+00 -1.52318182e-04  3.46516400e-01  5.38901113e-02  9.93206858e+01  4.43217294e+00  9.93211386e+04 -1.85568398e-01 
 9.00000000e-01  2.27900000e+03  1.85000000e+00 -1.60557641e-04  3.46516400e-01  5.38901113e-02  9.93206858e+01  4.43217294e+00  9.93211386e+04 -1.85568398e-01 
 9.10000000e-01  2.27900000e+03  1.85000000e+00 -1.68887645e-04  3.46516400e-01  5.38901113e-02  9.93206858e+01  4.43217294e+00  9.93211386e+04 -1.85568398e-01 
 9.20000000e-01  2.27900000e+03  1.85000000e+00 -1.77302373e-04  3.46516400e-01  5.38901113e-02  9.93206858e+01  4.43217294e+00  9.93211386e+04 -1.85568398e-01 
 9.30000000e-01  2.27900000e+03  1.85000000e+00 -1.85796389e-04  3.46516400e-01  5.38901113e-02  9.93206858e+01  4.43217294e+00  9.93211386e+04 -1.85568398e-01 
 9.40000000e-01  2.27900000e+03  1.85000000e+00 -1.94364611e-04  3.46516400e-01  5.38901113e-02  9.93206858e+01  4.43217294e+00  9.93211386e+04 -1.85568398e-01 
 9.50000000e-01  2.27900000e+03  1.85000000e+00 -2.03002291e-04  3.46516400e-01  5.38901113e-02  9.93206858e+01  4.43217294e+00  9.93211386e+04 -1.85568398e-01 
 9.60000000e-01  2.27900000e+03  1.85000000e+00 -2.11704982e-04  3.46516400e-01  5.38901113e-02  9.93206858e+01  4.43217294e+00  9.93211386e+04 -1.85568398e-01 
 9.70000000e-01  2.27900000e+03  1.85000000e+00 -2.20468522e-04  3.46516400e-01  5.38901113e-02  9.93206858e+01  4.43217294e+00  9.93211386e+04 -1.85568398e-01 
 9.80000000e-01  2.27900000e+03  1.85000000e+00 -2.29289015e-04  3.46516400e-01  5.38901113e-02  9.93206858e+01  4.43217294e+00  9.93211386e+04 -1.85568398e-01 
 9.90000000e-01  2.27900000e+03  1.85000000e+00 -2.38162807e-04  3.46516400e-01  5.38901113e-02  9.93206858e+01  4.43217294e+00  9.93211386e+04 -1.85568398e-01 
 1.00000000e+00  2.27900000e+03  1.85000000e+00 -2.47086474e-04  3.46516400e-01  5.38901113e-02  9.93206858e+01  4.43217294e+00  9.93211386e+04 -1.85568398e-01 
 1.01000000e+00  2.27900000e+03  1.85000000e+00 -2.56056806e-04  3.46516400e-01  5.38901113e-02  9.93206858e+01  4.43217294e+00  9.93211386e+04 -1.85568398e-01 
 1.02000000e+00  2.27900000e+03  1.85000000e+00 -2.65070784e-04  3.46516400e-01  5.38901113e-02  9.93206858e+01  4.43217294e+00  9.93211386e+04 -1.85568398e-01 
 1.03000000e+00  2.27900000e+03  1.85000000e+00 -2.74125576e-04  3.46516400e-01  5.38901113e-02  9.93206858e+01  4.43217294e+00  9.93211386e+04 -1.85568398e-01 
 1.04000000e+00  2.27900000e+03  1.85000000e+00 -2.83218519e-04  3.46516400e-01  5.38901113e-02  9.93206858e+01  4.43217294e+00  9.93211386e+04 -1.85568398e-01 
 1.05000000e+00  2.27900000e+03  1.85000000e+00 -2.92347109e-04  3.46516400e-01  5.38901113e-02  9.93206858e+01  4.43217294e+00  9.93211386e+04 -1.85568398e-01 
 1.06000000e+00  2.27900000e+03  1.85000000e+00 -3.01508988e-04  3.46516400e-01  5.38901113e-02  9.93206858e+01  4.43217294e+00  9.93211386e+04 -1.85568398e-01 
 1.07000000e+00  2.27900000e+03  1.85000000e+00 -3.10701937e-04  3.46516400e-01  5.38901113e-02  9.93206858e+01  4.43217294e+00  9.93211386e+04 -1.85568398e-01 
 1.08000000e+00  2.27900000e+03  1.85000000e+00 -3.19923866e-04  3.46516400e-01  5.38901113e-02  9.93206858e+01  4.43217294e+00  9.93211386e+04 -1.85568398e-01 
 1.09000000e+00  2.27900000e+03  1.85000000e+00 -3.29172802e-04  3.46516400e-01  5.38901113e-02  9.93206858e+01  4.43217294e+00  9.93211386e+04 -1.85568398e-01 
 1.10000000e+00  2.27900000e+03  1.85000000e+00 -3.38446887e-04  3.46516400e-01  5.38901113e-02  9.93206858e+01  4.43217294e+00  9.93211386e+04 -1.85568398e-01 
 1.11000000e+00  2.27900000e+03  1.85000000e+00 -3.47744365e-04  3.46516400e-01  5.38901113e-02  9.93206858e+01  4.43217294e+00  9.93211386e+04 -1.85568398e-01 
 1.12000000e+00  2.27900000e+03  1.85000000e+00 -3.57063580e-04  3.46516400e-01  5.38901113e-02  9.93206858e+01  4.43217294e+00  9.93211386e+04 -1.85568398e-01 
 1.13000000e+00  2.27900000e+03  1.85000000e+00 -3.66402966e-04  3.46516400e-01  5.38901113e-02  9.93206858e+01  4.43217294e+00  9.93211386e+04 -1.85568398e-01 
 1.14000000e+00  2.27900000e+03  1.85000000e+00 -3.75761042e-04  3.46516400e-01  5.38901113e-02  9.93206858e+01  4.43217294e+00  9.93211386e+04 -1.85568398e-01 
 1.15000000e+00  2.27900000e+03  1.85000000e+00 -3.85136408e-04  3.46516400e-01  5.38901113e-02  9.93206858e+01  4.43217294e+00  9.93211386e+04 -1.85568398e-01 
 1.16000000e+00  2.27900000e+03  1.85000000e+00 -3.94527739e-04  3.46516400e-01  5.38901113e-02  9.93206858e+01  4.43217294e+00  9.93211386e+04 -1.85568398e-01 
 1.17000000e+00  2.27900000e+03  1.85000000e+00 -4.03933782e-04  3.46516400e-01  5.38901113e-02  9.93206858e+01  4.43217294e+00  9.93211386e+04 -1.85568398e-01 
 1.18000000e+00  2.27900000e+03  1.85000000e+00 -4.13353347e-04  3.46516400e-01  5.38901113e-02  9.93206858e+01  4.43217294e+00  9.93211386e+04 -1.85568398e-01 
 1.19000000e+00  2.27900000e+03  1.85000000e+00 -4.22785309e-04  3.46516400e-01  5.38901113e-02  9.93206858e+01  4.43217294e+00  9.93211386e+04 -1.85568398e-01 
 1.20000000e+00  2.27900000e+03  1.85000000e+00 -4.32228600e-04  3.46516400e-01  5.38901113e-02  9.93206858e+01  4.43217294e+00  9.93211386e+04 -1.85568398e-01 
 1.21000000e+00  2.27900000e+03  1.85000000e+00 -4.41682208e-04  3.46516400e-01  5.38901113e-02  9.93206858e+01  4.43217294e+00  9.93211386e+04 -1.85568398e-01 
 1.22000000e+00  2.27900000e+03  1.85000000e+00 -4.51145170e-04  3.46516400e-01  5.38901113e-02  9.93206858e+01  4.43217294e+00  9.93211386e+04 -1.85568398e-01 
 1.23000000e+00  2.27900000e+03  1.85000000e+00 -4.60616576e-04  3.46516400e-01  5.38901113e-02  9.93206858e+01  4.43217294e+00  9.93211386e+04 -1.85568398e-01 
 1.24000000e+00  2.27900000e+03  1.85000000e+00 -4.70095558e-04  3.46516400e-01  5.38901113e-02  9.93206858e+01  4.43217294e+00  9.93211386e+04 -1.85568398e-01 
 1.25000000e+00  2.27900000e+03  1.85000000e+00 -4.79581293e-04  3.46516400e-01  5.38901113e-02  9.93206858e+01  4.43217294e+00  9.93211386e+04 -1.85568398e-01 
 1.26000000e+00  2.27900000e+03  1.85000000e+00 -4.89072999e-04  3.46516400e-01  5.38901113e-02  9.93206858e+01  4.43217294e+00  9.93211386e+04 -1.85568398e-01 
 1.27000000e+00  2.27900000e+03  1.85000000e+00 -4.98569931e-04  3.46516400e-01  5.38901113e-02  9.93206858e+01  4.43217294e+00  9.93211386e+04 -1.85568398e-01 
 1.28000000e+00  2.27900000e+03  1.85000000e+00 -5.08071382e-04  3.46516400e-01  5.38901113e-02  9.93206858e+01  4.43217294e+00  9.93211386e+04 -1.85568398e-01 
 1.29000000e+00  2.27900000e+03  1.85000000e+00 -5.17576678e-04  3.46516400e-01  5.38901113e-02  9.93206858e+01  4.43217294e+00  9.93211386e+04 -1.85568398e-01 
 1.30000000e+00  2.27900000e+03  1.85000000e+00 -5.27085180e-04  3.46516400e-01  5.38901113e-02  9.93206858e+01  4.43217294e+00  9.93211386e+04 -1.85568398e-01 
 1.31000000e+00  2.27900000e+03  1.85000000e+00 -5.36596276e-04  3.46516400e-01  5.38901113e-02  9.93206858e+01  4.43217294e+00  9.93211386e+04 -1.85568398e-01 
 1.32000000e+00  2.27900000e+03  1.85000000e+00 -5.46109385e-04  3.46516400e-01  5.38901113e-02  9.93206858e+01  4.43217294e+00  9.93211386e+04 -1.85568398e-01 
 1.33000000e+00  2.27900000e+03  1.85000000e+00 -5.55623954e-04  3.46516400e-01  5.38901113e-02  9.93206858e+01  4.43217294e+00  9.93211386e+04 -1.85568398e-01 
 1.34000000e+00  2.27900000e+03  1.85000000e+00 -5.65139456e-04  3.46516400e-01  5.38901113e-02  9.93206858e+01  4.43217294e+00  9.93211386e+04 -1.85568398e-01 
 1.35000000e+00  2.27900000e+03  1.85000000e+00 -5.74655387e-04  3.46516400e-01  5.38901113e-02  9.93206858e+01  4.43217294e+00  9.93211386e+04 -1.85568398e-01 
 1.36000000e+00  2.27900000e+03  1.85000000e+00 -5.84171268e-04  3.46516400e-01  5.38901113e-02  9.93206858e+01  4.43217294e+00  9.93211386e+04 -1.85568398e-01 
 1.37000000e+00  2.27900000e+03  1.85000000e+00 -5.93686642e-04  3.46516400e-01  5.38901113e-02  9.93206858e+01  4.43217294e+00  9.93211386e+04 -1.85568398e-01 
 1.38000000e+00  2.27900000e+03  1.85000000e+00 -6.03201073e-04  3.46516400e-01  5.38901113e-02  9.93206858e+01  4.43217294e+00  9.93211386e+04 -1.85568398e-01 
 1.39000000e+00  2.27900000e+03  1.85000000e+00 -6.12714144e-04  3.46516400e-01  5.38901113e-02  9.93206858e+01  4.43217294e+00  9.93211386e+04 -1.85568398e-01 
 1.40000000e+00  2.27900000e+03  1.85000000e+00 -6.22225460e-04  3.46516400e-01  5.38901113e-02  9.93206858e+01  4.43217294e+00  9.93211386e+04 -1.85568398e-01 
 1.41000000e+00  2.27900000e+03  1.85000000e+00 -6.31734639e-04  3.46516400e-01  5.38901113e-02  9.93206858e+01  4.43217294e+00  9.93211386e+04 -1.85568398e-01 
 1.42000000e+00  2.27900000e+03  1.85000000e+00 -6.41241322e-04  3.46516400e-01  5.38901113e-02  9.93206858e+01  4.43217294e+00  9.93211386e+04 -1.85568398e-01 
 1.43000000e+00  2.27900000e+03  1.85000000e+00 -6.50745161e-04  3.46516400e-01  5.38901113e-02  9.93206858e+01  4.43217294e+00  9.93211386e+04 -1.85568398e-01 
 1.44000000e+00  2.27900000e+03  1.85000000e+00 -6.60245828e-04  3.46516400e-01  5.38901113e-02  9.93206858e+01  4.43217294e+00  9.93211386e+04 -1.85568398e-01 
 1.45000000e+00  2.27900000e+03  1.85000000e+00 -6.69743006e-04  3.46516400e-01  5.38901113e-02  9.93206858e+01  4.43217294e+00  9.93211386e+04 -1.85568398e-01 
 1.46000000e+00  2.27900000e+03  1.85000000e+00 -6.79236395e-04  3.46516400e-01  5.38901113e-02  9.93206858e+01  4.43217294e+00  9.93211386e+04 -1.85568398e-01 
 1.47000000e+00  2.27900000e+03  1.85000000e+00 -6.88725707e-04  3.46516400e-01  5.38901113e-02  9.93206858e+01  4.43217294e+00  9.93211386e+04 -1.85568398e-01 
 1.48000000e+00  2.27900000e+03  1.85000000e+00 -6.98210667e-04  3.46516400e-01  5.38901113e-02  9.93206858e+01  4.43217294e+00  9.93211386e+04 -1.85568398e-01 
 1.49000000e+00  2.27900000e+03  1.85000000e+00 -7.07691011e-04  3.46516400e-01  5.38901113e-02  9.93206858e+01  4.43217294e+00  9.93211386e+04 -1.85568398e-01 
 1.50000000e+00  2.27900000e+03  1.85000000e+00 -7.17166488e-04  3.46516400e-01  5.38901113e-02  9.93206858e+01  4.43217294e+00  9.93211386e+04 -1.85568398e-01 
 1.51000000e+00  2.27900000e+03  1.85000000e+00 -7.26636858e-04  3.46516400e-01  5.38901113e-02  9.93206858e+01  4.43217294e+00  9.93211386e+04 -1.85568398e-01 
 1.52000000e+00  2.27900000e+03  1.85000000e+00 -7.36101891e-04  3.46516400e-01  5.38901113e-02  9.93206858e+01  4.43217294e+00  9.93211386e+04 -1.85568398e-01 
 1.53000000e+00  2.27900000e+03  1.85000000e+00 -7.45561368e-04  3.46516400e-01  5.38901113e-02  9.93206858e+01  4.43217294e+00  9.93211386e+04 -1.85568398e-01 
 1.54000000e+00  2.27900000e+03  1.85000000e+00 -7.55015077e-04  3.46516400e-01  5.38901113e-02  9.93206858e+01  4.43217294e+00  9.93211386e+04 -1.85568398e-01 
 1.55000000e+00  2.27900000e+03  1.85000000e+00 -7.64462817e-04  3.46516400e-01  5.38901113e-02  9.93206858e+01  4.43217294e+00  9.93211386e+04 -1.85568398e-01 
 1.56000000e+00  2.27900000e+03  1.85000000e+00 -7.73904396e-04  3.46516400e-01  5.38901113e-02  9.93206858e+01  4.43217294e+00  9.93211386e+04 -1.85568398e-01 
 1.57000000e+00  2.27900000e+03  1.85000000e+00 -7.83339630e-04  3.46516400e-01  5.38901113e-02  9.93206858e+01  4.43217294e+00  9.93211386e+04 -1.85568398e-01 
 1.58000000e+00  2.27900000e+03  1.85000000e+00 -7.92768342e-04  3.46516400e-01  5.38901113e-02  9.93206858e+01  4.43217294e+00  9.93211386e+04 -1.85568398e-01 
 1.59000000e+00  2.27900000e+03  1.85000000e+00 -8.02190364e-04  3.46516400e-01  5.38901113e-02  9.93206858e+01  4.43217294e+00  9.93211386e+04 -1.85568398e-01 
 1.60000000e+00  2.27900000e+03  1.85000000e+00 -8.11605533e-04  3.46516400e-01  5.38901113e-02  9.93206858e+01  4.43217294e+00  9.93211386e+04 -1.85568398e-01 
 1.61000000e+00  2.27900000e+03  1.85000000e+00 -8.21013696e-04  3.46516400e-01  5.38901113e-02  9.93206858e+01  4.43217294e+00  9.93211386e+04 -1.85568398e-01 
 1.62000000e+00  2.27900000e+03  1.85000000e+00 -8.30414703e-04  3.46516400e-01  5.38901113e-02  9.93206858e+01  4.43217294e+00  9.93211386e+04 -1.85568398e-01 
 1.63000000e+00  2.27900000e+03  1.85000000e+00 -8.39808413e-04  3.46516400e-01  5.38901113e-02  9.93206858e+01  4.43217294e+00  9.93211386e+04 -1.85568398e-01 
 1.64000000e+00  2.27900000e+03  1.85000000e+00 -8.49194690e-04  3.46516400e-01  5.38901113e-02  9.93206858e+01  4.43217294e+00  9.93211386e+04 -1.85568398e-01 
 1.65000000e+00  2.27900000e+03  1.85000000e+00 -8.58573404e-04  3.46516400e-01  5.38901113e-02  9.93206858e+01  4.43217294e+00  9.93211386e+04 -1.85568398e-01 
 1.66000000e+00  2.27900000e+03  1.85000000e+00 -8.67944430e-04  3.46516400e-01  5.38901113e-02  9.93206858e+01  4.43217294e+00  9.93211386e+04 -1.85568398e-01 
 1.67000000e+00  2.27900000e+03  1.85000000e+00 -8.77307648e-04  3.46516400e-01  5.38901113e-02  9.93206858e+01  4.43217294e+00  9.93211386e+04 -1.85568398e-01 
 1.68000000e+00  2.27900000e+03  1.85000000e+00 -8.86662944e-04  3.46516400e-01  5.38901113e-02  9.93206858e+01  4.43217294e+00  9.93211386e+04 -1.85568398e-01 
 1.69000000e+00  2.27900000e+03  1.85000000e+00 -8.96010208e-04  3.46516400e-01  5.38901113e-02  9.93206858e+01  4.43217294e+00  9.93211386e+04 -1.85568398e-01 
 1.70000000e+00  2.27900000e+03  1.85000000e+00 -9.05349334e-04  3.46516400e-01  5.38901113e-02  9.93206858e+01  4.43217294e+00  9.93211386e+04 -1.85568398e-01 
 1.71000000e+00  2.27900000e+03  1.85000000e+00 -9.14680222e-04  3.46516400e-01  5.38901113e-02  9.93206858e+01  4.43217294e+00  9.93211386e+04 -1.85568398e-01 
 1.72000000e+00  2.27900000e+03  1.85000000e+00 -9.24002775e-04  3.46516400e-01  5.38901113e-02  9.93206858e+01  4.43217294e+00  9.93211386e+04 -1.85568398e-01 
 1.73000000e+00  2.27900000e+03  1.85000000e+00 -9.33316899e-04  3.46516400e-01  5.38901113e-02  9.93206858e+01  4.43217294e+00  9.93211386e+04 -1.85568398e-01 
 1.74000000e+00  2.27900000e+03  1.85000000e+00 -9.42622507e-04  3.46516400e-01  5.38901113e-02  9.93206858e+01  4.43217294e+00  9.93211386e+04 -1.85568398e-01 
 1.75000000e+00  2.27900000e+03  1.85000000e+00 -9.51919511e-04  3.46516400e-01  5.38901113e-02  9.93206858e+01  4.43217294e+00  9.93211386e+04 -1.85568398e-01 
 1.76000000e+00  2.27900000e+03  1.85000000e+00 -9.61207831e-04  3.46516400e-01  5.38901113e-02  9.93206858e+01  4.43217294e+00  9.93211386e+04 -1.85568398e-01 
 1.77000000e+00  2.27900000e+03  1.85000000e+00 -9.70487387e-04  3.46516400e-01  5.38901113e-02  9.93206858e+01  4.43217294e+00  9.93211386e+04 -1.85568398e-01 
 1.78000000e+00  2.27900000e+03  1.85000000e+00 -9.79758104e-04  3.46516400e-01  5.38901113e-02  9.93206858e+01  4.43217294e+00  9.93211386e+04 -1.85568398e-01 
 1.79000000e+00  2.27900000e+03  1.85000000e+00 -9.89019909e-04  3.46516400e-01  5.38901113e-02  9.93206858e+01  4.43217294e+00  9.93211386e+04 -1.85568398e-01 
 1.80000000e+00  2.27900000e+03  1.85000000e+00 -9.98272732e-04  3.46516400e-01  5.38901113e-02  9.93206858e+01  4.43217294e+00  9.93211386e+04 -1.85568398e-01 
 1.81000000e+00  2.27900000e+03  1.85000000e+00 -1.00751651e-03  3.46516400e-01  5.38901113e-02  9.93206858e+01  4.43217294e+00  9.93211386e+04 -1.85568398e-01 
 1.82000000e+00  2.27900000e+03  1.85000000e+00 -1.01675117e-03  3.46516400e-01  5.38901113e-02  9.93206858e+01  4.43217294e+00  9.93211386e+04 -1.85568398e-01 
 1.83000000e+00  2.27900000e+03  1.85000000e+00 -1.02597665e-03  3.46516400e-01  5.38901113e-02  9.93206858e+01  4.43217294e+00  9.93211386e+04 -1.85568398e-01 
 1.84000000e+00  2.27900000e+03  1.85000000e+00 -1.03519290e-03  3.46516400e-01  5.38901113e-02  9.93206858e+01  4.43217294e+00  9.93211386e+04 -1.85568398e-01 
 1.85000000e+00  2.27900000e+03  1.85000000e+00 -1.04439986e-03  3.46516400e-01  5.38901113e-02  9.93206858e+01  4.43217294e+00  9.93211386e+04 -1.85568398e-01 
