 v-sweep         run_num         v(drain)        i(vds)          out_vth0        out_u0          out_rdsw        out_nfactor     out_vsat        out_eta0       
 0.00000000e+00  4.25600000e+03  1.85000000e+00 -1.85137520e-12  3.91502343e-01  6.55020801e-02  1.03956706e+02  7.81224362e+00  1.21395886e+05 -1.95979322e-01 
 1.00000000e-02  4.25600000e+03  1.85000000e+00 -1.85137520e-12  3.91502343e-01  6.55020801e-02  1.03956706e+02  7.81224362e+00  1.21395886e+05 -1.95979322e-01 
 2.00000000e-02  4.25600000e+03  1.85000000e+00 -1.85137520e-12  3.91502343e-01  6.55020801e-02  1.03956706e+02  7.81224362e+00  1.21395886e+05 -1.95979322e-01 
 3.00000000e-02  4.25600000e+03  1.85000000e+00 -1.85137520e-12  3.91502343e-01  6.55020801e-02  1.03956706e+02  7.81224362e+00  1.21395886e+05 -1.95979322e-01 
 4.00000000e-02  4.25600000e+03  1.85000000e+00 -1.85137520e-12  3.91502343e-01  6.55020801e-02  1.03956706e+02  7.81224362e+00  1.21395886e+05 -1.95979322e-01 
 5.00000000e-02  4.25600000e+03  1.85000000e+00 -1.85137520e-12  3.91502343e-01  6.55020801e-02  1.03956706e+02  7.81224362e+00  1.21395886e+05 -1.95979322e-01 
 6.00000000e-02  4.25600000e+03  1.85000000e+00 -1.85137521e-12  3.91502343e-01  6.55020801e-02  1.03956706e+02  7.81224362e+00  1.21395886e+05 -1.95979322e-01 
 7.00000000e-02  4.25600000e+03  1.85000000e+00 -1.85137521e-12  3.91502343e-01  6.55020801e-02  1.03956706e+02  7.81224362e+00  1.21395886e+05 -1.95979322e-01 
 8.00000000e-02  4.25600000e+03  1.85000000e+00 -1.85137522e-12  3.91502343e-01  6.55020801e-02  1.03956706e+02  7.81224362e+00  1.21395886e+05 -1.95979322e-01 
 9.00000000e-02  4.25600000e+03  1.85000000e+00 -1.85137524e-12  3.91502343e-01  6.55020801e-02  1.03956706e+02  7.81224362e+00  1.21395886e+05 -1.95979322e-01 
 1.00000000e-01  4.25600000e+03  1.85000000e+00 -1.85137526e-12  3.91502343e-01  6.55020801e-02  1.03956706e+02  7.81224362e+00  1.21395886e+05 -1.95979322e-01 
 1.10000000e-01  4.25600000e+03  1.85000000e+00 -1.85137532e-12  3.91502343e-01  6.55020801e-02  1.03956706e+02  7.81224362e+00  1.21395886e+05 -1.95979322e-01 
 1.20000000e-01  4.25600000e+03  1.85000000e+00 -1.85137541e-12  3.91502343e-01  6.55020801e-02  1.03956706e+02  7.81224362e+00  1.21395886e+05 -1.95979322e-01 
 1.30000000e-01  4.25600000e+03  1.85000000e+00 -1.85137557e-12  3.91502343e-01  6.55020801e-02  1.03956706e+02  7.81224362e+00  1.21395886e+05 -1.95979322e-01 
 1.40000000e-01  4.25600000e+03  1.85000000e+00 -1.85137585e-12  3.91502343e-01  6.55020801e-02  1.03956706e+02  7.81224362e+00  1.21395886e+05 -1.95979322e-01 
 1.50000000e-01  4.25600000e+03  1.85000000e+00 -1.85137636e-12  3.91502343e-01  6.55020801e-02  1.03956706e+02  7.81224362e+00  1.21395886e+05 -1.95979322e-01 
 1.60000000e-01  4.25600000e+03  1.85000000e+00 -1.85137726e-12  3.91502343e-01  6.55020801e-02  1.03956706e+02  7.81224362e+00  1.21395886e+05 -1.95979322e-01 
 1.70000000e-01  4.25600000e+03  1.85000000e+00 -1.85137887e-12  3.91502343e-01  6.55020801e-02  1.03956706e+02  7.81224362e+00  1.21395886e+05 -1.95979322e-01 
 1.80000000e-01  4.25600000e+03  1.85000000e+00 -1.85138173e-12  3.91502343e-01  6.55020801e-02  1.03956706e+02  7.81224362e+00  1.21395886e+05 -1.95979322e-01 
 1.90000000e-01  4.25600000e+03  1.85000000e+00 -1.85138682e-12  3.91502343e-01  6.55020801e-02  1.03956706e+02  7.81224362e+00  1.21395886e+05 -1.95979322e-01 
 2.00000000e-01  4.25600000e+03  1.85000000e+00 -1.85139589e-12  3.91502343e-01  6.55020801e-02  1.03956706e+02  7.81224362e+00  1.21395886e+05 -1.95979322e-01 
 2.10000000e-01  4.25600000e+03  1.85000000e+00 -1.85141203e-12  3.91502343e-01  6.55020801e-02  1.03956706e+02  7.81224362e+00  1.21395886e+05 -1.95979322e-01 
 2.20000000e-01  4.25600000e+03  1.85000000e+00 -1.85144075e-12  3.91502343e-01  6.55020801e-02  1.03956706e+02  7.81224362e+00  1.21395886e+05 -1.95979322e-01 
 2.30000000e-01  4.25600000e+03  1.85000000e+00 -1.85149189e-12  3.91502343e-01  6.55020801e-02  1.03956706e+02  7.81224362e+00  1.21395886e+05 -1.95979322e-01 
 2.40000000e-01  4.25600000e+03  1.85000000e+00 -1.85158293e-12  3.91502343e-01  6.55020801e-02  1.03956706e+02  7.81224362e+00  1.21395886e+05 -1.95979322e-01 
 2.50000000e-01  4.25600000e+03  1.85000000e+00 -1.85174498e-12  3.91502343e-01  6.55020801e-02  1.03956706e+02  7.81224362e+00  1.21395886e+05 -1.95979322e-01 
 2.60000000e-01  4.25600000e+03  1.85000000e+00 -1.85203345e-12  3.91502343e-01  6.55020801e-02  1.03956706e+02  7.81224362e+00  1.21395886e+05 -1.95979322e-01 
 2.70000000e-01  4.25600000e+03  1.85000000e+00 -1.85254696e-12  3.91502343e-01  6.55020801e-02  1.03956706e+02  7.81224362e+00  1.21395886e+05 -1.95979322e-01 
 2.80000000e-01  4.25600000e+03  1.85000000e+00 -1.85346104e-12  3.91502343e-01  6.55020801e-02  1.03956706e+02  7.81224362e+00  1.21395886e+05 -1.95979322e-01 
 2.90000000e-01  4.25600000e+03  1.85000000e+00 -1.85508818e-12  3.91502343e-01  6.55020801e-02  1.03956706e+02  7.81224362e+00  1.21395886e+05 -1.95979322e-01 
 3.00000000e-01  4.25600000e+03  1.85000000e+00 -1.85798462e-12  3.91502343e-01  6.55020801e-02  1.03956706e+02  7.81224362e+00  1.21395886e+05 -1.95979322e-01 
 3.10000000e-01  4.25600000e+03  1.85000000e+00 -1.86314043e-12  3.91502343e-01  6.55020801e-02  1.03956706e+02  7.81224362e+00  1.21395886e+05 -1.95979322e-01 
 3.20000000e-01  4.25600000e+03  1.85000000e+00 -1.87231795e-12  3.91502343e-01  6.55020801e-02  1.03956706e+02  7.81224362e+00  1.21395886e+05 -1.95979322e-01 
 3.30000000e-01  4.25600000e+03  1.85000000e+00 -1.88865401e-12  3.91502343e-01  6.55020801e-02  1.03956706e+02  7.81224362e+00  1.21395886e+05 -1.95979322e-01 
 3.40000000e-01  4.25600000e+03  1.85000000e+00 -1.91773172e-12  3.91502343e-01  6.55020801e-02  1.03956706e+02  7.81224362e+00  1.21395886e+05 -1.95979322e-01 
 3.50000000e-01  4.25600000e+03  1.85000000e+00 -1.96948776e-12  3.91502343e-01  6.55020801e-02  1.03956706e+02  7.81224362e+00  1.21395886e+05 -1.95979322e-01 
 3.60000000e-01  4.25600000e+03  1.85000000e+00 -2.06160608e-12  3.91502343e-01  6.55020801e-02  1.03956706e+02  7.81224362e+00  1.21395886e+05 -1.95979322e-01 
 3.70000000e-01  4.25600000e+03  1.85000000e+00 -2.22555544e-12  3.91502343e-01  6.55020801e-02  1.03956706e+02  7.81224362e+00  1.21395886e+05 -1.95979322e-01 
 3.80000000e-01  4.25600000e+03  1.85000000e+00 -2.51732844e-12  3.91502343e-01  6.55020801e-02  1.03956706e+02  7.81224362e+00  1.21395886e+05 -1.95979322e-01 
 3.90000000e-01  4.25600000e+03  1.85000000e+00 -3.03653802e-12  3.91502343e-01  6.55020801e-02  1.03956706e+02  7.81224362e+00  1.21395886e+05 -1.95979322e-01 
 4.00000000e-01  4.25600000e+03  1.85000000e+00 -3.96036343e-12  3.91502343e-01  6.55020801e-02  1.03956706e+02  7.81224362e+00  1.21395886e+05 -1.95979322e-01 
 4.10000000e-01  4.25600000e+03  1.85000000e+00 -5.60386435e-12  3.91502343e-01  6.55020801e-02  1.03956706e+02  7.81224362e+00  1.21395886e+05 -1.95979322e-01 
 4.20000000e-01  4.25600000e+03  1.85000000e+00 -8.52707775e-12  3.91502343e-01  6.55020801e-02  1.03956706e+02  7.81224362e+00  1.21395886e+05 -1.95979322e-01 
 4.30000000e-01  4.25600000e+03  1.85000000e+00 -1.37250254e-11  3.91502343e-01  6.55020801e-02  1.03956706e+02  7.81224362e+00  1.21395886e+05 -1.95979322e-01 
 4.40000000e-01  4.25600000e+03  1.85000000e+00 -2.29644438e-11  3.91502343e-01  6.55020801e-02  1.03956706e+02  7.81224362e+00  1.21395886e+05 -1.95979322e-01 
 4.50000000e-01  4.25600000e+03  1.85000000e+00 -3.93796488e-11  3.91502343e-01  6.55020801e-02  1.03956706e+02  7.81224362e+00  1.21395886e+05 -1.95979322e-01 
 4.60000000e-01  4.25600000e+03  1.85000000e+00 -6.85248808e-11  3.91502343e-01  6.55020801e-02  1.03956706e+02  7.81224362e+00  1.21395886e+05 -1.95979322e-01 
 4.70000000e-01  4.25600000e+03  1.85000000e+00 -1.20227968e-10  3.91502343e-01  6.55020801e-02  1.03956706e+02  7.81224362e+00  1.21395886e+05 -1.95979322e-01 
 4.80000000e-01  4.25600000e+03  1.85000000e+00 -2.11844154e-10  3.91502343e-01  6.55020801e-02  1.03956706e+02  7.81224362e+00  1.21395886e+05 -1.95979322e-01 
 4.90000000e-01  4.25600000e+03  1.85000000e+00 -3.73941510e-10  3.91502343e-01  6.55020801e-02  1.03956706e+02  7.81224362e+00  1.21395886e+05 -1.95979322e-01 
 5.00000000e-01  4.25600000e+03  1.85000000e+00 -6.60174908e-10  3.91502343e-01  6.55020801e-02  1.03956706e+02  7.81224362e+00  1.21395886e+05 -1.95979322e-01 
 5.10000000e-01  4.25600000e+03  1.85000000e+00 -1.16429797e-09  3.91502343e-01  6.55020801e-02  1.03956706e+02  7.81224362e+00  1.21395886e+05 -1.95979322e-01 
 5.20000000e-01  4.25600000e+03  1.85000000e+00 -2.04916838e-09  3.91502343e-01  6.55020801e-02  1.03956706e+02  7.81224362e+00  1.21395886e+05 -1.95979322e-01 
 5.30000000e-01  4.25600000e+03  1.85000000e+00 -3.59553465e-09  3.91502343e-01  6.55020801e-02  1.03956706e+02  7.81224362e+00  1.21395886e+05 -1.95979322e-01 
 5.40000000e-01  4.25600000e+03  1.85000000e+00 -6.28267335e-09  3.91502343e-01  6.55020801e-02  1.03956706e+02  7.81224362e+00  1.21395886e+05 -1.95979322e-01 
 5.50000000e-01  4.25600000e+03  1.85000000e+00 -1.09187475e-08  3.91502343e-01  6.55020801e-02  1.03956706e+02  7.81224362e+00  1.21395886e+05 -1.95979322e-01 
 5.60000000e-01  4.25600000e+03  1.85000000e+00 -1.88458179e-08  3.91502343e-01  6.55020801e-02  1.03956706e+02  7.81224362e+00  1.21395886e+05 -1.95979322e-01 
 5.70000000e-01  4.25600000e+03  1.85000000e+00 -3.22517385e-08  3.91502343e-01  6.55020801e-02  1.03956706e+02  7.81224362e+00  1.21395886e+05 -1.95979322e-01 
 5.80000000e-01  4.25600000e+03  1.85000000e+00 -5.46269553e-08  3.91502343e-01  6.55020801e-02  1.03956706e+02  7.81224362e+00  1.21395886e+05 -1.95979322e-01 
 5.90000000e-01  4.25600000e+03  1.85000000e+00 -9.14070726e-08  3.91502343e-01  6.55020801e-02  1.03956706e+02  7.81224362e+00  1.21395886e+05 -1.95979322e-01 
 6.00000000e-01  4.25600000e+03  1.85000000e+00 -1.50843179e-07  3.91502343e-01  6.55020801e-02  1.03956706e+02  7.81224362e+00  1.21395886e+05 -1.95979322e-01 
 6.10000000e-01  4.25600000e+03  1.85000000e+00 -2.45146042e-07  3.91502343e-01  6.55020801e-02  1.03956706e+02  7.81224362e+00  1.21395886e+05 -1.95979322e-01 
 6.20000000e-01  4.25600000e+03  1.85000000e+00 -3.91957428e-07  3.91502343e-01  6.55020801e-02  1.03956706e+02  7.81224362e+00  1.21395886e+05 -1.95979322e-01 
 6.30000000e-01  4.25600000e+03  1.85000000e+00 -6.16184328e-07  3.91502343e-01  6.55020801e-02  1.03956706e+02  7.81224362e+00  1.21395886e+05 -1.95979322e-01 
 6.40000000e-01  4.25600000e+03  1.85000000e+00 -9.52114833e-07  3.91502343e-01  6.55020801e-02  1.03956706e+02  7.81224362e+00  1.21395886e+05 -1.95979322e-01 
 6.50000000e-01  4.25600000e+03  1.85000000e+00 -1.44543214e-06  3.91502343e-01  6.55020801e-02  1.03956706e+02  7.81224362e+00  1.21395886e+05 -1.95979322e-01 
 6.60000000e-01  4.25600000e+03  1.85000000e+00 -2.15428651e-06  3.91502343e-01  6.55020801e-02  1.03956706e+02  7.81224362e+00  1.21395886e+05 -1.95979322e-01 
 6.70000000e-01  4.25600000e+03  1.85000000e+00 -3.14824466e-06  3.91502343e-01  6.55020801e-02  1.03956706e+02  7.81224362e+00  1.21395886e+05 -1.95979322e-01 
 6.80000000e-01  4.25600000e+03  1.85000000e+00 -4.50414034e-06  3.91502343e-01  6.55020801e-02  1.03956706e+02  7.81224362e+00  1.21395886e+05 -1.95979322e-01 
 6.90000000e-01  4.25600000e+03  1.85000000e+00 -6.29882765e-06  3.91502343e-01  6.55020801e-02  1.03956706e+02  7.81224362e+00  1.21395886e+05 -1.95979322e-01 
 7.00000000e-01  4.25600000e+03  1.85000000e+00 -8.60024908e-06  3.91502343e-01  6.55020801e-02  1.03956706e+02  7.81224362e+00  1.21395886e+05 -1.95979322e-01 
 7.10000000e-01  4.25600000e+03  1.85000000e+00 -1.14592405e-05  3.91502343e-01  6.55020801e-02  1.03956706e+02  7.81224362e+00  1.21395886e+05 -1.95979322e-01 
 7.20000000e-01  4.25600000e+03  1.85000000e+00 -1.49043874e-05  3.91502343e-01  6.55020801e-02  1.03956706e+02  7.81224362e+00  1.21395886e+05 -1.95979322e-01 
 7.30000000e-01  4.25600000e+03  1.85000000e+00 -1.89410512e-05  3.91502343e-01  6.55020801e-02  1.03956706e+02  7.81224362e+00  1.21395886e+05 -1.95979322e-01 
 7.40000000e-01  4.25600000e+03  1.85000000e+00 -2.35541496e-05  3.91502343e-01  6.55020801e-02  1.03956706e+02  7.81224362e+00  1.21395886e+05 -1.95979322e-01 
 7.50000000e-01  4.25600000e+03  1.85000000e+00 -2.87132420e-05  3.91502343e-01  6.55020801e-02  1.03956706e+02  7.81224362e+00  1.21395886e+05 -1.95979322e-01 
 7.60000000e-01  4.25600000e+03  1.85000000e+00 -3.43782608e-05  3.91502343e-01  6.55020801e-02  1.03956706e+02  7.81224362e+00  1.21395886e+05 -1.95979322e-01 
 7.70000000e-01  4.25600000e+03  1.85000000e+00 -4.05046472e-05  3.91502343e-01  6.55020801e-02  1.03956706e+02  7.81224362e+00  1.21395886e+05 -1.95979322e-01 
 7.80000000e-01  4.25600000e+03  1.85000000e+00 -4.70472647e-05  3.91502343e-01  6.55020801e-02  1.03956706e+02  7.81224362e+00  1.21395886e+05 -1.95979322e-01 
 7.90000000e-01  4.25600000e+03  1.85000000e+00 -5.39629822e-05  3.91502343e-01  6.55020801e-02  1.03956706e+02  7.81224362e+00  1.21395886e+05 -1.95979322e-01 
 8.00000000e-01  4.25600000e+03  1.85000000e+00 -6.12121205e-05  3.91502343e-01  6.55020801e-02  1.03956706e+02  7.81224362e+00  1.21395886e+05 -1.95979322e-01 
 8.10000000e-01  4.25600000e+03  1.85000000e+00 -6.87590609e-05  3.91502343e-01  6.55020801e-02  1.03956706e+02  7.81224362e+00  1.21395886e+05 -1.95979322e-01 
 8.20000000e-01  4.25600000e+03  1.85000000e+00 -7.65723112e-05  3.91502343e-01  6.55020801e-02  1.03956706e+02  7.81224362e+00  1.21395886e+05 -1.95979322e-01 
 8.30000000e-01  4.25600000e+03  1.85000000e+00 -8.46242605e-05  3.91502343e-01  6.55020801e-02  1.03956706e+02  7.81224362e+00  1.21395886e+05 -1.95979322e-01 
 8.40000000e-01  4.25600000e+03  1.85000000e+00 -9.28907844e-05  3.91502343e-01  6.55020801e-02  1.03956706e+02  7.81224362e+00  1.21395886e+05 -1.95979322e-01 
 8.50000000e-01  4.25600000e+03  1.85000000e+00 -1.01350806e-04  3.91502343e-01  6.55020801e-02  1.03956706e+02  7.81224362e+00  1.21395886e+05 -1.95979322e-01 
 8.60000000e-01  4.25600000e+03  1.85000000e+00 -1.09985865e-04  3.91502343e-01  6.55020801e-02  1.03956706e+02  7.81224362e+00  1.21395886e+05 -1.95979322e-01 
 8.70000000e-01  4.25600000e+03  1.85000000e+00 -1.18779732e-04  3.91502343e-01  6.55020801e-02  1.03956706e+02  7.81224362e+00  1.21395886e+05 -1.95979322e-01 
 8.80000000e-01  4.25600000e+03  1.85000000e+00 -1.27718074e-04  3.91502343e-01  6.55020801e-02  1.03956706e+02  7.81224362e+00  1.21395886e+05 -1.95979322e-01 
 8.90000000e-01  4.25600000e+03  1.85000000e+00 -1.36788162e-04  3.91502343e-01  6.55020801e-02  1.03956706e+02  7.81224362e+00  1.21395886e+05 -1.95979322e-01 
 9.00000000e-01  4.25600000e+03  1.85000000e+00 -1.45978642e-04  3.91502343e-01  6.55020801e-02  1.03956706e+02  7.81224362e+00  1.21395886e+05 -1.95979322e-01 
 9.10000000e-01  4.25600000e+03  1.85000000e+00 -1.55279334e-04  3.91502343e-01  6.55020801e-02  1.03956706e+02  7.81224362e+00  1.21395886e+05 -1.95979322e-01 
 9.20000000e-01  4.25600000e+03  1.85000000e+00 -1.64681073e-04  3.91502343e-01  6.55020801e-02  1.03956706e+02  7.81224362e+00  1.21395886e+05 -1.95979322e-01 
 9.30000000e-01  4.25600000e+03  1.85000000e+00 -1.74175573e-04  3.91502343e-01  6.55020801e-02  1.03956706e+02  7.81224362e+00  1.21395886e+05 -1.95979322e-01 
 9.40000000e-01  4.25600000e+03  1.85000000e+00 -1.83755319e-04  3.91502343e-01  6.55020801e-02  1.03956706e+02  7.81224362e+00  1.21395886e+05 -1.95979322e-01 
 9.50000000e-01  4.25600000e+03  1.85000000e+00 -1.93413472e-04  3.91502343e-01  6.55020801e-02  1.03956706e+02  7.81224362e+00  1.21395886e+05 -1.95979322e-01 
 9.60000000e-01  4.25600000e+03  1.85000000e+00 -2.03143793e-04  3.91502343e-01  6.55020801e-02  1.03956706e+02  7.81224362e+00  1.21395886e+05 -1.95979322e-01 
 9.70000000e-01  4.25600000e+03  1.85000000e+00 -2.12940571e-04  3.91502343e-01  6.55020801e-02  1.03956706e+02  7.81224362e+00  1.21395886e+05 -1.95979322e-01 
 9.80000000e-01  4.25600000e+03  1.85000000e+00 -2.22798579e-04  3.91502343e-01  6.55020801e-02  1.03956706e+02  7.81224362e+00  1.21395886e+05 -1.95979322e-01 
 9.90000000e-01  4.25600000e+03  1.85000000e+00 -2.32713014e-04  3.91502343e-01  6.55020801e-02  1.03956706e+02  7.81224362e+00  1.21395886e+05 -1.95979322e-01 
 1.00000000e+00  4.25600000e+03  1.85000000e+00 -2.42679462e-04  3.91502343e-01  6.55020801e-02  1.03956706e+02  7.81224362e+00  1.21395886e+05 -1.95979322e-01 
 1.01000000e+00  4.25600000e+03  1.85000000e+00 -2.52693857e-04  3.91502343e-01  6.55020801e-02  1.03956706e+02  7.81224362e+00  1.21395886e+05 -1.95979322e-01 
 1.02000000e+00  4.25600000e+03  1.85000000e+00 -2.62752450e-04  3.91502343e-01  6.55020801e-02  1.03956706e+02  7.81224362e+00  1.21395886e+05 -1.95979322e-01 
 1.03000000e+00  4.25600000e+03  1.85000000e+00 -2.72851777e-04  3.91502343e-01  6.55020801e-02  1.03956706e+02  7.81224362e+00  1.21395886e+05 -1.95979322e-01 
 1.04000000e+00  4.25600000e+03  1.85000000e+00 -2.82988640e-04  3.91502343e-01  6.55020801e-02  1.03956706e+02  7.81224362e+00  1.21395886e+05 -1.95979322e-01 
 1.05000000e+00  4.25600000e+03  1.85000000e+00 -2.93160074e-04  3.91502343e-01  6.55020801e-02  1.03956706e+02  7.81224362e+00  1.21395886e+05 -1.95979322e-01 
 1.06000000e+00  4.25600000e+03  1.85000000e+00 -3.03363337e-04  3.91502343e-01  6.55020801e-02  1.03956706e+02  7.81224362e+00  1.21395886e+05 -1.95979322e-01 
 1.07000000e+00  4.25600000e+03  1.85000000e+00 -3.13595882e-04  3.91502343e-01  6.55020801e-02  1.03956706e+02  7.81224362e+00  1.21395886e+05 -1.95979322e-01 
 1.08000000e+00  4.25600000e+03  1.85000000e+00 -3.23855347e-04  3.91502343e-01  6.55020801e-02  1.03956706e+02  7.81224362e+00  1.21395886e+05 -1.95979322e-01 
 1.09000000e+00  4.25600000e+03  1.85000000e+00 -3.34139537e-04  3.91502343e-01  6.55020801e-02  1.03956706e+02  7.81224362e+00  1.21395886e+05 -1.95979322e-01 
 1.10000000e+00  4.25600000e+03  1.85000000e+00 -3.44446410e-04  3.91502343e-01  6.55020801e-02  1.03956706e+02  7.81224362e+00  1.21395886e+05 -1.95979322e-01 
 1.11000000e+00  4.25600000e+03  1.85000000e+00 -3.54774066e-04  3.91502343e-01  6.55020801e-02  1.03956706e+02  7.81224362e+00  1.21395886e+05 -1.95979322e-01 
 1.12000000e+00  4.25600000e+03  1.85000000e+00 -3.65120735e-04  3.91502343e-01  6.55020801e-02  1.03956706e+02  7.81224362e+00  1.21395886e+05 -1.95979322e-01 
 1.13000000e+00  4.25600000e+03  1.85000000e+00 -3.75484767e-04  3.91502343e-01  6.55020801e-02  1.03956706e+02  7.81224362e+00  1.21395886e+05 -1.95979322e-01 
 1.14000000e+00  4.25600000e+03  1.85000000e+00 -3.85864620e-04  3.91502343e-01  6.55020801e-02  1.03956706e+02  7.81224362e+00  1.21395886e+05 -1.95979322e-01 
 1.15000000e+00  4.25600000e+03  1.85000000e+00 -3.96258858e-04  3.91502343e-01  6.55020801e-02  1.03956706e+02  7.81224362e+00  1.21395886e+05 -1.95979322e-01 
 1.16000000e+00  4.25600000e+03  1.85000000e+00 -4.06666136e-04  3.91502343e-01  6.55020801e-02  1.03956706e+02  7.81224362e+00  1.21395886e+05 -1.95979322e-01 
 1.17000000e+00  4.25600000e+03  1.85000000e+00 -4.17085197e-04  3.91502343e-01  6.55020801e-02  1.03956706e+02  7.81224362e+00  1.21395886e+05 -1.95979322e-01 
 1.18000000e+00  4.25600000e+03  1.85000000e+00 -4.27514865e-04  3.91502343e-01  6.55020801e-02  1.03956706e+02  7.81224362e+00  1.21395886e+05 -1.95979322e-01 
 1.19000000e+00  4.25600000e+03  1.85000000e+00 -4.37954039e-04  3.91502343e-01  6.55020801e-02  1.03956706e+02  7.81224362e+00  1.21395886e+05 -1.95979322e-01 
 1.20000000e+00  4.25600000e+03  1.85000000e+00 -4.48401686e-04  3.91502343e-01  6.55020801e-02  1.03956706e+02  7.81224362e+00  1.21395886e+05 -1.95979322e-01 
 1.21000000e+00  4.25600000e+03  1.85000000e+00 -4.58856840e-04  3.91502343e-01  6.55020801e-02  1.03956706e+02  7.81224362e+00  1.21395886e+05 -1.95979322e-01 
 1.22000000e+00  4.25600000e+03  1.85000000e+00 -4.69318591e-04  3.91502343e-01  6.55020801e-02  1.03956706e+02  7.81224362e+00  1.21395886e+05 -1.95979322e-01 
 1.23000000e+00  4.25600000e+03  1.85000000e+00 -4.79786089e-04  3.91502343e-01  6.55020801e-02  1.03956706e+02  7.81224362e+00  1.21395886e+05 -1.95979322e-01 
 1.24000000e+00  4.25600000e+03  1.85000000e+00 -4.90258532e-04  3.91502343e-01  6.55020801e-02  1.03956706e+02  7.81224362e+00  1.21395886e+05 -1.95979322e-01 
 1.25000000e+00  4.25600000e+03  1.85000000e+00 -5.00735169e-04  3.91502343e-01  6.55020801e-02  1.03956706e+02  7.81224362e+00  1.21395886e+05 -1.95979322e-01 
 1.26000000e+00  4.25600000e+03  1.85000000e+00 -5.11215293e-04  3.91502343e-01  6.55020801e-02  1.03956706e+02  7.81224362e+00  1.21395886e+05 -1.95979322e-01 
 1.27000000e+00  4.25600000e+03  1.85000000e+00 -5.21698238e-04  3.91502343e-01  6.55020801e-02  1.03956706e+02  7.81224362e+00  1.21395886e+05 -1.95979322e-01 
 1.28000000e+00  4.25600000e+03  1.85000000e+00 -5.32183379e-04  3.91502343e-01  6.55020801e-02  1.03956706e+02  7.81224362e+00  1.21395886e+05 -1.95979322e-01 
 1.29000000e+00  4.25600000e+03  1.85000000e+00 -5.42670126e-04  3.91502343e-01  6.55020801e-02  1.03956706e+02  7.81224362e+00  1.21395886e+05 -1.95979322e-01 
 1.30000000e+00  4.25600000e+03  1.85000000e+00 -5.53157925e-04  3.91502343e-01  6.55020801e-02  1.03956706e+02  7.81224362e+00  1.21395886e+05 -1.95979322e-01 
 1.31000000e+00  4.25600000e+03  1.85000000e+00 -5.63646254e-04  3.91502343e-01  6.55020801e-02  1.03956706e+02  7.81224362e+00  1.21395886e+05 -1.95979322e-01 
 1.32000000e+00  4.25600000e+03  1.85000000e+00 -5.74134619e-04  3.91502343e-01  6.55020801e-02  1.03956706e+02  7.81224362e+00  1.21395886e+05 -1.95979322e-01 
 1.33000000e+00  4.25600000e+03  1.85000000e+00 -5.84622557e-04  3.91502343e-01  6.55020801e-02  1.03956706e+02  7.81224362e+00  1.21395886e+05 -1.95979322e-01 
 1.34000000e+00  4.25600000e+03  1.85000000e+00 -5.95109629e-04  3.91502343e-01  6.55020801e-02  1.03956706e+02  7.81224362e+00  1.21395886e+05 -1.95979322e-01 
 1.35000000e+00  4.25600000e+03  1.85000000e+00 -6.05595423e-04  3.91502343e-01  6.55020801e-02  1.03956706e+02  7.81224362e+00  1.21395886e+05 -1.95979322e-01 
 1.36000000e+00  4.25600000e+03  1.85000000e+00 -6.16079549e-04  3.91502343e-01  6.55020801e-02  1.03956706e+02  7.81224362e+00  1.21395886e+05 -1.95979322e-01 
 1.37000000e+00  4.25600000e+03  1.85000000e+00 -6.26561638e-04  3.91502343e-01  6.55020801e-02  1.03956706e+02  7.81224362e+00  1.21395886e+05 -1.95979322e-01 
 1.38000000e+00  4.25600000e+03  1.85000000e+00 -6.37041345e-04  3.91502343e-01  6.55020801e-02  1.03956706e+02  7.81224362e+00  1.21395886e+05 -1.95979322e-01 
 1.39000000e+00  4.25600000e+03  1.85000000e+00 -6.47518340e-04  3.91502343e-01  6.55020801e-02  1.03956706e+02  7.81224362e+00  1.21395886e+05 -1.95979322e-01 
 1.40000000e+00  4.25600000e+03  1.85000000e+00 -6.57992315e-04  3.91502343e-01  6.55020801e-02  1.03956706e+02  7.81224362e+00  1.21395886e+05 -1.95979322e-01 
 1.41000000e+00  4.25600000e+03  1.85000000e+00 -6.68462978e-04  3.91502343e-01  6.55020801e-02  1.03956706e+02  7.81224362e+00  1.21395886e+05 -1.95979322e-01 
 1.42000000e+00  4.25600000e+03  1.85000000e+00 -6.78930052e-04  3.91502343e-01  6.55020801e-02  1.03956706e+02  7.81224362e+00  1.21395886e+05 -1.95979322e-01 
 1.43000000e+00  4.25600000e+03  1.85000000e+00 -6.89393276e-04  3.91502343e-01  6.55020801e-02  1.03956706e+02  7.81224362e+00  1.21395886e+05 -1.95979322e-01 
 1.44000000e+00  4.25600000e+03  1.85000000e+00 -6.99852404e-04  3.91502343e-01  6.55020801e-02  1.03956706e+02  7.81224362e+00  1.21395886e+05 -1.95979322e-01 
 1.45000000e+00  4.25600000e+03  1.85000000e+00 -7.10307203e-04  3.91502343e-01  6.55020801e-02  1.03956706e+02  7.81224362e+00  1.21395886e+05 -1.95979322e-01 
 1.46000000e+00  4.25600000e+03  1.85000000e+00 -7.20757452e-04  3.91502343e-01  6.55020801e-02  1.03956706e+02  7.81224362e+00  1.21395886e+05 -1.95979322e-01 
 1.47000000e+00  4.25600000e+03  1.85000000e+00 -7.31202945e-04  3.91502343e-01  6.55020801e-02  1.03956706e+02  7.81224362e+00  1.21395886e+05 -1.95979322e-01 
 1.48000000e+00  4.25600000e+03  1.85000000e+00 -7.41643484e-04  3.91502343e-01  6.55020801e-02  1.03956706e+02  7.81224362e+00  1.21395886e+05 -1.95979322e-01 
 1.49000000e+00  4.25600000e+03  1.85000000e+00 -7.52078883e-04  3.91502343e-01  6.55020801e-02  1.03956706e+02  7.81224362e+00  1.21395886e+05 -1.95979322e-01 
 1.50000000e+00  4.25600000e+03  1.85000000e+00 -7.62508966e-04  3.91502343e-01  6.55020801e-02  1.03956706e+02  7.81224362e+00  1.21395886e+05 -1.95979322e-01 
 1.51000000e+00  4.25600000e+03  1.85000000e+00 -7.72933569e-04  3.91502343e-01  6.55020801e-02  1.03956706e+02  7.81224362e+00  1.21395886e+05 -1.95979322e-01 
 1.52000000e+00  4.25600000e+03  1.85000000e+00 -7.83352533e-04  3.91502343e-01  6.55020801e-02  1.03956706e+02  7.81224362e+00  1.21395886e+05 -1.95979322e-01 
 1.53000000e+00  4.25600000e+03  1.85000000e+00 -7.93765711e-04  3.91502343e-01  6.55020801e-02  1.03956706e+02  7.81224362e+00  1.21395886e+05 -1.95979322e-01 
 1.54000000e+00  4.25600000e+03  1.85000000e+00 -8.04172962e-04  3.91502343e-01  6.55020801e-02  1.03956706e+02  7.81224362e+00  1.21395886e+05 -1.95979322e-01 
 1.55000000e+00  4.25600000e+03  1.85000000e+00 -8.14574153e-04  3.91502343e-01  6.55020801e-02  1.03956706e+02  7.81224362e+00  1.21395886e+05 -1.95979322e-01 
 1.56000000e+00  4.25600000e+03  1.85000000e+00 -8.24969160e-04  3.91502343e-01  6.55020801e-02  1.03956706e+02  7.81224362e+00  1.21395886e+05 -1.95979322e-01 
 1.57000000e+00  4.25600000e+03  1.85000000e+00 -8.35357864e-04  3.91502343e-01  6.55020801e-02  1.03956706e+02  7.81224362e+00  1.21395886e+05 -1.95979322e-01 
 1.58000000e+00  4.25600000e+03  1.85000000e+00 -8.45740153e-04  3.91502343e-01  6.55020801e-02  1.03956706e+02  7.81224362e+00  1.21395886e+05 -1.95979322e-01 
 1.59000000e+00  4.25600000e+03  1.85000000e+00 -8.56115921e-04  3.91502343e-01  6.55020801e-02  1.03956706e+02  7.81224362e+00  1.21395886e+05 -1.95979322e-01 
 1.60000000e+00  4.25600000e+03  1.85000000e+00 -8.66485068e-04  3.91502343e-01  6.55020801e-02  1.03956706e+02  7.81224362e+00  1.21395886e+05 -1.95979322e-01 
 1.61000000e+00  4.25600000e+03  1.85000000e+00 -8.76847500e-04  3.91502343e-01  6.55020801e-02  1.03956706e+02  7.81224362e+00  1.21395886e+05 -1.95979322e-01 
 1.62000000e+00  4.25600000e+03  1.85000000e+00 -8.87203128e-04  3.91502343e-01  6.55020801e-02  1.03956706e+02  7.81224362e+00  1.21395886e+05 -1.95979322e-01 
 1.63000000e+00  4.25600000e+03  1.85000000e+00 -8.97551866e-04  3.91502343e-01  6.55020801e-02  1.03956706e+02  7.81224362e+00  1.21395886e+05 -1.95979322e-01 
 1.64000000e+00  4.25600000e+03  1.85000000e+00 -9.07893637e-04  3.91502343e-01  6.55020801e-02  1.03956706e+02  7.81224362e+00  1.21395886e+05 -1.95979322e-01 
 1.65000000e+00  4.25600000e+03  1.85000000e+00 -9.18228363e-04  3.91502343e-01  6.55020801e-02  1.03956706e+02  7.81224362e+00  1.21395886e+05 -1.95979322e-01 
 1.66000000e+00  4.25600000e+03  1.85000000e+00 -9.28555974e-04  3.91502343e-01  6.55020801e-02  1.03956706e+02  7.81224362e+00  1.21395886e+05 -1.95979322e-01 
 1.67000000e+00  4.25600000e+03  1.85000000e+00 -9.38876403e-04  3.91502343e-01  6.55020801e-02  1.03956706e+02  7.81224362e+00  1.21395886e+05 -1.95979322e-01 
 1.68000000e+00  4.25600000e+03  1.85000000e+00 -9.49189586e-04  3.91502343e-01  6.55020801e-02  1.03956706e+02  7.81224362e+00  1.21395886e+05 -1.95979322e-01 
 1.69000000e+00  4.25600000e+03  1.85000000e+00 -9.59495463e-04  3.91502343e-01  6.55020801e-02  1.03956706e+02  7.81224362e+00  1.21395886e+05 -1.95979322e-01 
 1.70000000e+00  4.25600000e+03  1.85000000e+00 -9.69793977e-04  3.91502343e-01  6.55020801e-02  1.03956706e+02  7.81224362e+00  1.21395886e+05 -1.95979322e-01 
 1.71000000e+00  4.25600000e+03  1.85000000e+00 -9.80085076e-04  3.91502343e-01  6.55020801e-02  1.03956706e+02  7.81224362e+00  1.21395886e+05 -1.95979322e-01 
 1.72000000e+00  4.25600000e+03  1.85000000e+00 -9.90368707e-04  3.91502343e-01  6.55020801e-02  1.03956706e+02  7.81224362e+00  1.21395886e+05 -1.95979322e-01 
 1.73000000e+00  4.25600000e+03  1.85000000e+00 -1.00064482e-03  3.91502343e-01  6.55020801e-02  1.03956706e+02  7.81224362e+00  1.21395886e+05 -1.95979322e-01 
 1.74000000e+00  4.25600000e+03  1.85000000e+00 -1.01091338e-03  3.91502343e-01  6.55020801e-02  1.03956706e+02  7.81224362e+00  1.21395886e+05 -1.95979322e-01 
 1.75000000e+00  4.25600000e+03  1.85000000e+00 -1.02117434e-03  3.91502343e-01  6.55020801e-02  1.03956706e+02  7.81224362e+00  1.21395886e+05 -1.95979322e-01 
 1.76000000e+00  4.25600000e+03  1.85000000e+00 -1.03142765e-03  3.91502343e-01  6.55020801e-02  1.03956706e+02  7.81224362e+00  1.21395886e+05 -1.95979322e-01 
 1.77000000e+00  4.25600000e+03  1.85000000e+00 -1.04167328e-03  3.91502343e-01  6.55020801e-02  1.03956706e+02  7.81224362e+00  1.21395886e+05 -1.95979322e-01 
 1.78000000e+00  4.25600000e+03  1.85000000e+00 -1.05191119e-03  3.91502343e-01  6.55020801e-02  1.03956706e+02  7.81224362e+00  1.21395886e+05 -1.95979322e-01 
 1.79000000e+00  4.25600000e+03  1.85000000e+00 -1.06214135e-03  3.91502343e-01  6.55020801e-02  1.03956706e+02  7.81224362e+00  1.21395886e+05 -1.95979322e-01 
 1.80000000e+00  4.25600000e+03  1.85000000e+00 -1.07236373e-03  3.91502343e-01  6.55020801e-02  1.03956706e+02  7.81224362e+00  1.21395886e+05 -1.95979322e-01 
 1.81000000e+00  4.25600000e+03  1.85000000e+00 -1.08257829e-03  3.91502343e-01  6.55020801e-02  1.03956706e+02  7.81224362e+00  1.21395886e+05 -1.95979322e-01 
 1.82000000e+00  4.25600000e+03  1.85000000e+00 -1.09278501e-03  3.91502343e-01  6.55020801e-02  1.03956706e+02  7.81224362e+00  1.21395886e+05 -1.95979322e-01 
 1.83000000e+00  4.25600000e+03  1.85000000e+00 -1.10298386e-03  3.91502343e-01  6.55020801e-02  1.03956706e+02  7.81224362e+00  1.21395886e+05 -1.95979322e-01 
 1.84000000e+00  4.25600000e+03  1.85000000e+00 -1.11317482e-03  3.91502343e-01  6.55020801e-02  1.03956706e+02  7.81224362e+00  1.21395886e+05 -1.95979322e-01 
 1.85000000e+00  4.25600000e+03  1.85000000e+00 -1.12335785e-03  3.91502343e-01  6.55020801e-02  1.03956706e+02  7.81224362e+00  1.21395886e+05 -1.95979322e-01 
