 v-sweep         run_num         v(drain)        i(vds)          out_vth0        out_u0          out_rdsw        out_nfactor     out_vsat        out_eta0       
 0.00000000e+00  1.82700000e+03  1.85000000e+00 -1.85137520e-12  3.87595961e-01  6.44937477e-02  1.03554134e+02  7.51873311e+00  1.19479011e+05 -1.95075283e-01 
 1.00000000e-02  1.82700000e+03  1.85000000e+00 -1.85137520e-12  3.87595961e-01  6.44937477e-02  1.03554134e+02  7.51873311e+00  1.19479011e+05 -1.95075283e-01 
 2.00000000e-02  1.82700000e+03  1.85000000e+00 -1.85137520e-12  3.87595961e-01  6.44937477e-02  1.03554134e+02  7.51873311e+00  1.19479011e+05 -1.95075283e-01 
 3.00000000e-02  1.82700000e+03  1.85000000e+00 -1.85137520e-12  3.87595961e-01  6.44937477e-02  1.03554134e+02  7.51873311e+00  1.19479011e+05 -1.95075283e-01 
 4.00000000e-02  1.82700000e+03  1.85000000e+00 -1.85137520e-12  3.87595961e-01  6.44937477e-02  1.03554134e+02  7.51873311e+00  1.19479011e+05 -1.95075283e-01 
 5.00000000e-02  1.82700000e+03  1.85000000e+00 -1.85137520e-12  3.87595961e-01  6.44937477e-02  1.03554134e+02  7.51873311e+00  1.19479011e+05 -1.95075283e-01 
 6.00000000e-02  1.82700000e+03  1.85000000e+00 -1.85137521e-12  3.87595961e-01  6.44937477e-02  1.03554134e+02  7.51873311e+00  1.19479011e+05 -1.95075283e-01 
 7.00000000e-02  1.82700000e+03  1.85000000e+00 -1.85137521e-12  3.87595961e-01  6.44937477e-02  1.03554134e+02  7.51873311e+00  1.19479011e+05 -1.95075283e-01 
 8.00000000e-02  1.82700000e+03  1.85000000e+00 -1.85137522e-12  3.87595961e-01  6.44937477e-02  1.03554134e+02  7.51873311e+00  1.19479011e+05 -1.95075283e-01 
 9.00000000e-02  1.82700000e+03  1.85000000e+00 -1.85137523e-12  3.87595961e-01  6.44937477e-02  1.03554134e+02  7.51873311e+00  1.19479011e+05 -1.95075283e-01 
 1.00000000e-01  1.82700000e+03  1.85000000e+00 -1.85137525e-12  3.87595961e-01  6.44937477e-02  1.03554134e+02  7.51873311e+00  1.19479011e+05 -1.95075283e-01 
 1.10000000e-01  1.82700000e+03  1.85000000e+00 -1.85137530e-12  3.87595961e-01  6.44937477e-02  1.03554134e+02  7.51873311e+00  1.19479011e+05 -1.95075283e-01 
 1.20000000e-01  1.82700000e+03  1.85000000e+00 -1.85137537e-12  3.87595961e-01  6.44937477e-02  1.03554134e+02  7.51873311e+00  1.19479011e+05 -1.95075283e-01 
 1.30000000e-01  1.82700000e+03  1.85000000e+00 -1.85137551e-12  3.87595961e-01  6.44937477e-02  1.03554134e+02  7.51873311e+00  1.19479011e+05 -1.95075283e-01 
 1.40000000e-01  1.82700000e+03  1.85000000e+00 -1.85137576e-12  3.87595961e-01  6.44937477e-02  1.03554134e+02  7.51873311e+00  1.19479011e+05 -1.95075283e-01 
 1.50000000e-01  1.82700000e+03  1.85000000e+00 -1.85137621e-12  3.87595961e-01  6.44937477e-02  1.03554134e+02  7.51873311e+00  1.19479011e+05 -1.95075283e-01 
 1.60000000e-01  1.82700000e+03  1.85000000e+00 -1.85137701e-12  3.87595961e-01  6.44937477e-02  1.03554134e+02  7.51873311e+00  1.19479011e+05 -1.95075283e-01 
 1.70000000e-01  1.82700000e+03  1.85000000e+00 -1.85137845e-12  3.87595961e-01  6.44937477e-02  1.03554134e+02  7.51873311e+00  1.19479011e+05 -1.95075283e-01 
 1.80000000e-01  1.82700000e+03  1.85000000e+00 -1.85138105e-12  3.87595961e-01  6.44937477e-02  1.03554134e+02  7.51873311e+00  1.19479011e+05 -1.95075283e-01 
 1.90000000e-01  1.82700000e+03  1.85000000e+00 -1.85138571e-12  3.87595961e-01  6.44937477e-02  1.03554134e+02  7.51873311e+00  1.19479011e+05 -1.95075283e-01 
 2.00000000e-01  1.82700000e+03  1.85000000e+00 -1.85139409e-12  3.87595961e-01  6.44937477e-02  1.03554134e+02  7.51873311e+00  1.19479011e+05 -1.95075283e-01 
 2.10000000e-01  1.82700000e+03  1.85000000e+00 -1.85140915e-12  3.87595961e-01  6.44937477e-02  1.03554134e+02  7.51873311e+00  1.19479011e+05 -1.95075283e-01 
 2.20000000e-01  1.82700000e+03  1.85000000e+00 -1.85143623e-12  3.87595961e-01  6.44937477e-02  1.03554134e+02  7.51873311e+00  1.19479011e+05 -1.95075283e-01 
 2.30000000e-01  1.82700000e+03  1.85000000e+00 -1.85148488e-12  3.87595961e-01  6.44937477e-02  1.03554134e+02  7.51873311e+00  1.19479011e+05 -1.95075283e-01 
 2.40000000e-01  1.82700000e+03  1.85000000e+00 -1.85157233e-12  3.87595961e-01  6.44937477e-02  1.03554134e+02  7.51873311e+00  1.19479011e+05 -1.95075283e-01 
 2.50000000e-01  1.82700000e+03  1.85000000e+00 -1.85172950e-12  3.87595961e-01  6.44937477e-02  1.03554134e+02  7.51873311e+00  1.19479011e+05 -1.95075283e-01 
 2.60000000e-01  1.82700000e+03  1.85000000e+00 -1.85201198e-12  3.87595961e-01  6.44937477e-02  1.03554134e+02  7.51873311e+00  1.19479011e+05 -1.95075283e-01 
 2.70000000e-01  1.82700000e+03  1.85000000e+00 -1.85251967e-12  3.87595961e-01  6.44937477e-02  1.03554134e+02  7.51873311e+00  1.19479011e+05 -1.95075283e-01 
 2.80000000e-01  1.82700000e+03  1.85000000e+00 -1.85343212e-12  3.87595961e-01  6.44937477e-02  1.03554134e+02  7.51873311e+00  1.19479011e+05 -1.95075283e-01 
 2.90000000e-01  1.82700000e+03  1.85000000e+00 -1.85507204e-12  3.87595961e-01  6.44937477e-02  1.03554134e+02  7.51873311e+00  1.19479011e+05 -1.95075283e-01 
 3.00000000e-01  1.82700000e+03  1.85000000e+00 -1.85801938e-12  3.87595961e-01  6.44937477e-02  1.03554134e+02  7.51873311e+00  1.19479011e+05 -1.95075283e-01 
 3.10000000e-01  1.82700000e+03  1.85000000e+00 -1.86331642e-12  3.87595961e-01  6.44937477e-02  1.03554134e+02  7.51873311e+00  1.19479011e+05 -1.95075283e-01 
 3.20000000e-01  1.82700000e+03  1.85000000e+00 -1.87283629e-12  3.87595961e-01  6.44937477e-02  1.03554134e+02  7.51873311e+00  1.19479011e+05 -1.95075283e-01 
 3.30000000e-01  1.82700000e+03  1.85000000e+00 -1.88994518e-12  3.87595961e-01  6.44937477e-02  1.03554134e+02  7.51873311e+00  1.19479011e+05 -1.95075283e-01 
 3.40000000e-01  1.82700000e+03  1.85000000e+00 -1.92069213e-12  3.87595961e-01  6.44937477e-02  1.03554134e+02  7.51873311e+00  1.19479011e+05 -1.95075283e-01 
 3.50000000e-01  1.82700000e+03  1.85000000e+00 -1.97594682e-12  3.87595961e-01  6.44937477e-02  1.03554134e+02  7.51873311e+00  1.19479011e+05 -1.95075283e-01 
 3.60000000e-01  1.82700000e+03  1.85000000e+00 -2.07523973e-12  3.87595961e-01  6.44937477e-02  1.03554134e+02  7.51873311e+00  1.19479011e+05 -1.95075283e-01 
 3.70000000e-01  1.82700000e+03  1.85000000e+00 -2.25365963e-12  3.87595961e-01  6.44937477e-02  1.03554134e+02  7.51873311e+00  1.19479011e+05 -1.95075283e-01 
 3.80000000e-01  1.82700000e+03  1.85000000e+00 -2.57423939e-12  3.87595961e-01  6.44937477e-02  1.03554134e+02  7.51873311e+00  1.19479011e+05 -1.95075283e-01 
 3.90000000e-01  1.82700000e+03  1.85000000e+00 -3.15019059e-12  3.87595961e-01  6.44937477e-02  1.03554134e+02  7.51873311e+00  1.19479011e+05 -1.95075283e-01 
 4.00000000e-01  1.82700000e+03  1.85000000e+00 -4.18480238e-12  3.87595961e-01  6.44937477e-02  1.03554134e+02  7.51873311e+00  1.19479011e+05 -1.95075283e-01 
 4.10000000e-01  1.82700000e+03  1.85000000e+00 -6.04299903e-12  3.87595961e-01  6.44937477e-02  1.03554134e+02  7.51873311e+00  1.19479011e+05 -1.95075283e-01 
 4.20000000e-01  1.82700000e+03  1.85000000e+00 -9.37958396e-12  3.87595961e-01  6.44937477e-02  1.03554134e+02  7.51873311e+00  1.19479011e+05 -1.95075283e-01 
 4.30000000e-01  1.82700000e+03  1.85000000e+00 -1.53688539e-11  3.87595961e-01  6.44937477e-02  1.03554134e+02  7.51873311e+00  1.19479011e+05 -1.95075283e-01 
 4.40000000e-01  1.82700000e+03  1.85000000e+00 -2.61151792e-11  3.87595961e-01  6.44937477e-02  1.03554134e+02  7.51873311e+00  1.19479011e+05 -1.95075283e-01 
 4.50000000e-01  1.82700000e+03  1.85000000e+00 -4.53859051e-11  3.87595961e-01  6.44937477e-02  1.03554134e+02  7.51873311e+00  1.19479011e+05 -1.95075283e-01 
 4.60000000e-01  1.82700000e+03  1.85000000e+00 -7.99165887e-11  3.87595961e-01  6.44937477e-02  1.03554134e+02  7.51873311e+00  1.19479011e+05 -1.95075283e-01 
 4.70000000e-01  1.82700000e+03  1.85000000e+00 -1.41728361e-10  3.87595961e-01  6.44937477e-02  1.03554134e+02  7.51873311e+00  1.19479011e+05 -1.95075283e-01 
 4.80000000e-01  1.82700000e+03  1.85000000e+00 -2.52225383e-10  3.87595961e-01  6.44937477e-02  1.03554134e+02  7.51873311e+00  1.19479011e+05 -1.95075283e-01 
 4.90000000e-01  1.82700000e+03  1.85000000e+00 -4.49400362e-10  3.87595961e-01  6.44937477e-02  1.03554134e+02  7.51873311e+00  1.19479011e+05 -1.95075283e-01 
 5.00000000e-01  1.82700000e+03  1.85000000e+00 -8.00414402e-10  3.87595961e-01  6.44937477e-02  1.03554134e+02  7.51873311e+00  1.19479011e+05 -1.95075283e-01 
 5.10000000e-01  1.82700000e+03  1.85000000e+00 -1.42335124e-09  3.87595961e-01  6.44937477e-02  1.03554134e+02  7.51873311e+00  1.19479011e+05 -1.95075283e-01 
 5.20000000e-01  1.82700000e+03  1.85000000e+00 -2.52436910e-09  3.87595961e-01  6.44937477e-02  1.03554134e+02  7.51873311e+00  1.19479011e+05 -1.95075283e-01 
 5.30000000e-01  1.82700000e+03  1.85000000e+00 -4.46012487e-09  3.87595961e-01  6.44937477e-02  1.03554134e+02  7.51873311e+00  1.19479011e+05 -1.95075283e-01 
 5.40000000e-01  1.82700000e+03  1.85000000e+00 -7.84049149e-09  3.87595961e-01  6.44937477e-02  1.03554134e+02  7.51873311e+00  1.19479011e+05 -1.95075283e-01 
 5.50000000e-01  1.82700000e+03  1.85000000e+00 -1.36931706e-08  3.87595961e-01  6.44937477e-02  1.03554134e+02  7.51873311e+00  1.19479011e+05 -1.95075283e-01 
 5.60000000e-01  1.82700000e+03  1.85000000e+00 -2.37190544e-08  3.87595961e-01  6.44937477e-02  1.03554134e+02  7.51873311e+00  1.19479011e+05 -1.95075283e-01 
 5.70000000e-01  1.82700000e+03  1.85000000e+00 -4.06734079e-08  3.87595961e-01  6.44937477e-02  1.03554134e+02  7.51873311e+00  1.19479011e+05 -1.95075283e-01 
 5.80000000e-01  1.82700000e+03  1.85000000e+00 -6.89110639e-08  3.87595961e-01  6.44937477e-02  1.03554134e+02  7.51873311e+00  1.19479011e+05 -1.95075283e-01 
 5.90000000e-01  1.82700000e+03  1.85000000e+00 -1.15133574e-07  3.87595961e-01  6.44937477e-02  1.03554134e+02  7.51873311e+00  1.19479011e+05 -1.95075283e-01 
 6.00000000e-01  1.82700000e+03  1.85000000e+00 -1.89376870e-07  3.87595961e-01  6.44937477e-02  1.03554134e+02  7.51873311e+00  1.19479011e+05 -1.95075283e-01 
 6.10000000e-01  1.82700000e+03  1.85000000e+00 -3.06285331e-07  3.87595961e-01  6.44937477e-02  1.03554134e+02  7.51873311e+00  1.19479011e+05 -1.95075283e-01 
 6.20000000e-01  1.82700000e+03  1.85000000e+00 -4.86722165e-07  3.87595961e-01  6.44937477e-02  1.03554134e+02  7.51873311e+00  1.19479011e+05 -1.95075283e-01 
 6.30000000e-01  1.82700000e+03  1.85000000e+00 -7.59713153e-07  3.87595961e-01  6.44937477e-02  1.03554134e+02  7.51873311e+00  1.19479011e+05 -1.95075283e-01 
 6.40000000e-01  1.82700000e+03  1.85000000e+00 -1.16451782e-06  3.87595961e-01  6.44937477e-02  1.03554134e+02  7.51873311e+00  1.19479011e+05 -1.95075283e-01 
 6.50000000e-01  1.82700000e+03  1.85000000e+00 -1.75222613e-06  3.87595961e-01  6.44937477e-02  1.03554134e+02  7.51873311e+00  1.19479011e+05 -1.95075283e-01 
 6.60000000e-01  1.82700000e+03  1.85000000e+00 -2.58584204e-06  3.87595961e-01  6.44937477e-02  1.03554134e+02  7.51873311e+00  1.19479011e+05 -1.95075283e-01 
 6.70000000e-01  1.82700000e+03  1.85000000e+00 -3.73771697e-06  3.87595961e-01  6.44937477e-02  1.03554134e+02  7.51873311e+00  1.19479011e+05 -1.95075283e-01 
 6.80000000e-01  1.82700000e+03  1.85000000e+00 -5.28380350e-06  3.87595961e-01  6.44937477e-02  1.03554134e+02  7.51873311e+00  1.19479011e+05 -1.95075283e-01 
 6.90000000e-01  1.82700000e+03  1.85000000e+00 -7.29546704e-06  3.87595961e-01  6.44937477e-02  1.03554134e+02  7.51873311e+00  1.19479011e+05 -1.95075283e-01 
 7.00000000e-01  1.82700000e+03  1.85000000e+00 -9.83087739e-06  3.87595961e-01  6.44937477e-02  1.03554134e+02  7.51873311e+00  1.19479011e+05 -1.95075283e-01 
 7.10000000e-01  1.82700000e+03  1.85000000e+00 -1.29284475e-05  3.87595961e-01  6.44937477e-02  1.03554134e+02  7.51873311e+00  1.19479011e+05 -1.95075283e-01 
 7.20000000e-01  1.82700000e+03  1.85000000e+00 -1.66040334e-05  3.87595961e-01  6.44937477e-02  1.03554134e+02  7.51873311e+00  1.19479011e+05 -1.95075283e-01 
 7.30000000e-01  1.82700000e+03  1.85000000e+00 -2.08521324e-05  3.87595961e-01  6.44937477e-02  1.03554134e+02  7.51873311e+00  1.19479011e+05 -1.95075283e-01 
 7.40000000e-01  1.82700000e+03  1.85000000e+00 -2.56500092e-05  3.87595961e-01  6.44937477e-02  1.03554134e+02  7.51873311e+00  1.19479011e+05 -1.95075283e-01 
 7.50000000e-01  1.82700000e+03  1.85000000e+00 -3.09631236e-05  3.87595961e-01  6.44937477e-02  1.03554134e+02  7.51873311e+00  1.19479011e+05 -1.95075283e-01 
 7.60000000e-01  1.82700000e+03  1.85000000e+00 -3.67504310e-05  3.87595961e-01  6.44937477e-02  1.03554134e+02  7.51873311e+00  1.19479011e+05 -1.95075283e-01 
 7.70000000e-01  1.82700000e+03  1.85000000e+00 -4.29686927e-05  3.87595961e-01  6.44937477e-02  1.03554134e+02  7.51873311e+00  1.19479011e+05 -1.95075283e-01 
 7.80000000e-01  1.82700000e+03  1.85000000e+00 -4.95755065e-05  3.87595961e-01  6.44937477e-02  1.03554134e+02  7.51873311e+00  1.19479011e+05 -1.95075283e-01 
 7.90000000e-01  1.82700000e+03  1.85000000e+00 -5.65311460e-05  3.87595961e-01  6.44937477e-02  1.03554134e+02  7.51873311e+00  1.19479011e+05 -1.95075283e-01 
 8.00000000e-01  1.82700000e+03  1.85000000e+00 -6.37994737e-05  3.87595961e-01  6.44937477e-02  1.03554134e+02  7.51873311e+00  1.19479011e+05 -1.95075283e-01 
 8.10000000e-01  1.82700000e+03  1.85000000e+00 -7.13482202e-05  3.87595961e-01  6.44937477e-02  1.03554134e+02  7.51873311e+00  1.19479011e+05 -1.95075283e-01 
 8.20000000e-01  1.82700000e+03  1.85000000e+00 -7.91488788e-05  3.87595961e-01  6.44937477e-02  1.03554134e+02  7.51873311e+00  1.19479011e+05 -1.95075283e-01 
 8.30000000e-01  1.82700000e+03  1.85000000e+00 -8.71763988e-05  3.87595961e-01  6.44937477e-02  1.03554134e+02  7.51873311e+00  1.19479011e+05 -1.95075283e-01 
 8.40000000e-01  1.82700000e+03  1.85000000e+00 -9.54087946e-05  3.87595961e-01  6.44937477e-02  1.03554134e+02  7.51873311e+00  1.19479011e+05 -1.95075283e-01 
 8.50000000e-01  1.82700000e+03  1.85000000e+00 -1.03826744e-04  3.87595961e-01  6.44937477e-02  1.03554134e+02  7.51873311e+00  1.19479011e+05 -1.95075283e-01 
 8.60000000e-01  1.82700000e+03  1.85000000e+00 -1.12413214e-04  3.87595961e-01  6.44937477e-02  1.03554134e+02  7.51873311e+00  1.19479011e+05 -1.95075283e-01 
 8.70000000e-01  1.82700000e+03  1.85000000e+00 -1.21153127e-04  3.87595961e-01  6.44937477e-02  1.03554134e+02  7.51873311e+00  1.19479011e+05 -1.95075283e-01 
 8.80000000e-01  1.82700000e+03  1.85000000e+00 -1.30033074e-04  3.87595961e-01  6.44937477e-02  1.03554134e+02  7.51873311e+00  1.19479011e+05 -1.95075283e-01 
 8.90000000e-01  1.82700000e+03  1.85000000e+00 -1.39041077e-04  3.87595961e-01  6.44937477e-02  1.03554134e+02  7.51873311e+00  1.19479011e+05 -1.95075283e-01 
 9.00000000e-01  1.82700000e+03  1.85000000e+00 -1.48166390e-04  3.87595961e-01  6.44937477e-02  1.03554134e+02  7.51873311e+00  1.19479011e+05 -1.95075283e-01 
 9.10000000e-01  1.82700000e+03  1.85000000e+00 -1.57399325e-04  3.87595961e-01  6.44937477e-02  1.03554134e+02  7.51873311e+00  1.19479011e+05 -1.95075283e-01 
 9.20000000e-01  1.82700000e+03  1.85000000e+00 -1.66731125e-04  3.87595961e-01  6.44937477e-02  1.03554134e+02  7.51873311e+00  1.19479011e+05 -1.95075283e-01 
 9.30000000e-01  1.82700000e+03  1.85000000e+00 -1.76153840e-04  3.87595961e-01  6.44937477e-02  1.03554134e+02  7.51873311e+00  1.19479011e+05 -1.95075283e-01 
 9.40000000e-01  1.82700000e+03  1.85000000e+00 -1.85660236e-04  3.87595961e-01  6.44937477e-02  1.03554134e+02  7.51873311e+00  1.19479011e+05 -1.95075283e-01 
 9.50000000e-01  1.82700000e+03  1.85000000e+00 -1.95243709e-04  3.87595961e-01  6.44937477e-02  1.03554134e+02  7.51873311e+00  1.19479011e+05 -1.95075283e-01 
 9.60000000e-01  1.82700000e+03  1.85000000e+00 -2.04898222e-04  3.87595961e-01  6.44937477e-02  1.03554134e+02  7.51873311e+00  1.19479011e+05 -1.95075283e-01 
 9.70000000e-01  1.82700000e+03  1.85000000e+00 -2.14618237e-04  3.87595961e-01  6.44937477e-02  1.03554134e+02  7.51873311e+00  1.19479011e+05 -1.95075283e-01 
 9.80000000e-01  1.82700000e+03  1.85000000e+00 -2.24398671e-04  3.87595961e-01  6.44937477e-02  1.03554134e+02  7.51873311e+00  1.19479011e+05 -1.95075283e-01 
 9.90000000e-01  1.82700000e+03  1.85000000e+00 -2.34234852e-04  3.87595961e-01  6.44937477e-02  1.03554134e+02  7.51873311e+00  1.19479011e+05 -1.95075283e-01 
 1.00000000e+00  1.82700000e+03  1.85000000e+00 -2.44122474e-04  3.87595961e-01  6.44937477e-02  1.03554134e+02  7.51873311e+00  1.19479011e+05 -1.95075283e-01 
 1.01000000e+00  1.82700000e+03  1.85000000e+00 -2.54057570e-04  3.87595961e-01  6.44937477e-02  1.03554134e+02  7.51873311e+00  1.19479011e+05 -1.95075283e-01 
 1.02000000e+00  1.82700000e+03  1.85000000e+00 -2.64036473e-04  3.87595961e-01  6.44937477e-02  1.03554134e+02  7.51873311e+00  1.19479011e+05 -1.95075283e-01 
 1.03000000e+00  1.82700000e+03  1.85000000e+00 -2.74055794e-04  3.87595961e-01  6.44937477e-02  1.03554134e+02  7.51873311e+00  1.19479011e+05 -1.95075283e-01 
 1.04000000e+00  1.82700000e+03  1.85000000e+00 -2.84112396e-04  3.87595961e-01  6.44937477e-02  1.03554134e+02  7.51873311e+00  1.19479011e+05 -1.95075283e-01 
 1.05000000e+00  1.82700000e+03  1.85000000e+00 -2.94203375e-04  3.87595961e-01  6.44937477e-02  1.03554134e+02  7.51873311e+00  1.19479011e+05 -1.95075283e-01 
 1.06000000e+00  1.82700000e+03  1.85000000e+00 -3.04326034e-04  3.87595961e-01  6.44937477e-02  1.03554134e+02  7.51873311e+00  1.19479011e+05 -1.95075283e-01 
 1.07000000e+00  1.82700000e+03  1.85000000e+00 -3.14477870e-04  3.87595961e-01  6.44937477e-02  1.03554134e+02  7.51873311e+00  1.19479011e+05 -1.95075283e-01 
 1.08000000e+00  1.82700000e+03  1.85000000e+00 -3.24656559e-04  3.87595961e-01  6.44937477e-02  1.03554134e+02  7.51873311e+00  1.19479011e+05 -1.95075283e-01 
 1.09000000e+00  1.82700000e+03  1.85000000e+00 -3.34859938e-04  3.87595961e-01  6.44937477e-02  1.03554134e+02  7.51873311e+00  1.19479011e+05 -1.95075283e-01 
 1.10000000e+00  1.82700000e+03  1.85000000e+00 -3.45085992e-04  3.87595961e-01  6.44937477e-02  1.03554134e+02  7.51873311e+00  1.19479011e+05 -1.95075283e-01 
 1.11000000e+00  1.82700000e+03  1.85000000e+00 -3.55332846e-04  3.87595961e-01  6.44937477e-02  1.03554134e+02  7.51873311e+00  1.19479011e+05 -1.95075283e-01 
 1.12000000e+00  1.82700000e+03  1.85000000e+00 -3.65598750e-04  3.87595961e-01  6.44937477e-02  1.03554134e+02  7.51873311e+00  1.19479011e+05 -1.95075283e-01 
 1.13000000e+00  1.82700000e+03  1.85000000e+00 -3.75882071e-04  3.87595961e-01  6.44937477e-02  1.03554134e+02  7.51873311e+00  1.19479011e+05 -1.95075283e-01 
 1.14000000e+00  1.82700000e+03  1.85000000e+00 -3.86181283e-04  3.87595961e-01  6.44937477e-02  1.03554134e+02  7.51873311e+00  1.19479011e+05 -1.95075283e-01 
 1.15000000e+00  1.82700000e+03  1.85000000e+00 -3.96494962e-04  3.87595961e-01  6.44937477e-02  1.03554134e+02  7.51873311e+00  1.19479011e+05 -1.95075283e-01 
 1.16000000e+00  1.82700000e+03  1.85000000e+00 -4.06821773e-04  3.87595961e-01  6.44937477e-02  1.03554134e+02  7.51873311e+00  1.19479011e+05 -1.95075283e-01 
 1.17000000e+00  1.82700000e+03  1.85000000e+00 -4.17160468e-04  3.87595961e-01  6.44937477e-02  1.03554134e+02  7.51873311e+00  1.19479011e+05 -1.95075283e-01 
 1.18000000e+00  1.82700000e+03  1.85000000e+00 -4.27509877e-04  3.87595961e-01  6.44937477e-02  1.03554134e+02  7.51873311e+00  1.19479011e+05 -1.95075283e-01 
 1.19000000e+00  1.82700000e+03  1.85000000e+00 -4.37868905e-04  3.87595961e-01  6.44937477e-02  1.03554134e+02  7.51873311e+00  1.19479011e+05 -1.95075283e-01 
 1.20000000e+00  1.82700000e+03  1.85000000e+00 -4.48236523e-04  3.87595961e-01  6.44937477e-02  1.03554134e+02  7.51873311e+00  1.19479011e+05 -1.95075283e-01 
 1.21000000e+00  1.82700000e+03  1.85000000e+00 -4.58611766e-04  3.87595961e-01  6.44937477e-02  1.03554134e+02  7.51873311e+00  1.19479011e+05 -1.95075283e-01 
 1.22000000e+00  1.82700000e+03  1.85000000e+00 -4.68993728e-04  3.87595961e-01  6.44937477e-02  1.03554134e+02  7.51873311e+00  1.19479011e+05 -1.95075283e-01 
 1.23000000e+00  1.82700000e+03  1.85000000e+00 -4.79381558e-04  3.87595961e-01  6.44937477e-02  1.03554134e+02  7.51873311e+00  1.19479011e+05 -1.95075283e-01 
 1.24000000e+00  1.82700000e+03  1.85000000e+00 -4.89774456e-04  3.87595961e-01  6.44937477e-02  1.03554134e+02  7.51873311e+00  1.19479011e+05 -1.95075283e-01 
 1.25000000e+00  1.82700000e+03  1.85000000e+00 -5.00171668e-04  3.87595961e-01  6.44937477e-02  1.03554134e+02  7.51873311e+00  1.19479011e+05 -1.95075283e-01 
 1.26000000e+00  1.82700000e+03  1.85000000e+00 -5.10572487e-04  3.87595961e-01  6.44937477e-02  1.03554134e+02  7.51873311e+00  1.19479011e+05 -1.95075283e-01 
 1.27000000e+00  1.82700000e+03  1.85000000e+00 -5.20976245e-04  3.87595961e-01  6.44937477e-02  1.03554134e+02  7.51873311e+00  1.19479011e+05 -1.95075283e-01 
 1.28000000e+00  1.82700000e+03  1.85000000e+00 -5.31382315e-04  3.87595961e-01  6.44937477e-02  1.03554134e+02  7.51873311e+00  1.19479011e+05 -1.95075283e-01 
 1.29000000e+00  1.82700000e+03  1.85000000e+00 -5.41790105e-04  3.87595961e-01  6.44937477e-02  1.03554134e+02  7.51873311e+00  1.19479011e+05 -1.95075283e-01 
 1.30000000e+00  1.82700000e+03  1.85000000e+00 -5.52199056e-04  3.87595961e-01  6.44937477e-02  1.03554134e+02  7.51873311e+00  1.19479011e+05 -1.95075283e-01 
 1.31000000e+00  1.82700000e+03  1.85000000e+00 -5.62608643e-04  3.87595961e-01  6.44937477e-02  1.03554134e+02  7.51873311e+00  1.19479011e+05 -1.95075283e-01 
 1.32000000e+00  1.82700000e+03  1.85000000e+00 -5.73018370e-04  3.87595961e-01  6.44937477e-02  1.03554134e+02  7.51873311e+00  1.19479011e+05 -1.95075283e-01 
 1.33000000e+00  1.82700000e+03  1.85000000e+00 -5.83427769e-04  3.87595961e-01  6.44937477e-02  1.03554134e+02  7.51873311e+00  1.19479011e+05 -1.95075283e-01 
 1.34000000e+00  1.82700000e+03  1.85000000e+00 -5.93836398e-04  3.87595961e-01  6.44937477e-02  1.03554134e+02  7.51873311e+00  1.19479011e+05 -1.95075283e-01 
 1.35000000e+00  1.82700000e+03  1.85000000e+00 -6.04243839e-04  3.87595961e-01  6.44937477e-02  1.03554134e+02  7.51873311e+00  1.19479011e+05 -1.95075283e-01 
 1.36000000e+00  1.82700000e+03  1.85000000e+00 -6.14649699e-04  3.87595961e-01  6.44937477e-02  1.03554134e+02  7.51873311e+00  1.19479011e+05 -1.95075283e-01 
 1.37000000e+00  1.82700000e+03  1.85000000e+00 -6.25053606e-04  3.87595961e-01  6.44937477e-02  1.03554134e+02  7.51873311e+00  1.19479011e+05 -1.95075283e-01 
 1.38000000e+00  1.82700000e+03  1.85000000e+00 -6.35455207e-04  3.87595961e-01  6.44937477e-02  1.03554134e+02  7.51873311e+00  1.19479011e+05 -1.95075283e-01 
 1.39000000e+00  1.82700000e+03  1.85000000e+00 -6.45854172e-04  3.87595961e-01  6.44937477e-02  1.03554134e+02  7.51873311e+00  1.19479011e+05 -1.95075283e-01 
 1.40000000e+00  1.82700000e+03  1.85000000e+00 -6.56250185e-04  3.87595961e-01  6.44937477e-02  1.03554134e+02  7.51873311e+00  1.19479011e+05 -1.95075283e-01 
 1.41000000e+00  1.82700000e+03  1.85000000e+00 -6.66642950e-04  3.87595961e-01  6.44937477e-02  1.03554134e+02  7.51873311e+00  1.19479011e+05 -1.95075283e-01 
 1.42000000e+00  1.82700000e+03  1.85000000e+00 -6.77032186e-04  3.87595961e-01  6.44937477e-02  1.03554134e+02  7.51873311e+00  1.19479011e+05 -1.95075283e-01 
 1.43000000e+00  1.82700000e+03  1.85000000e+00 -6.87417628e-04  3.87595961e-01  6.44937477e-02  1.03554134e+02  7.51873311e+00  1.19479011e+05 -1.95075283e-01 
 1.44000000e+00  1.82700000e+03  1.85000000e+00 -6.97799024e-04  3.87595961e-01  6.44937477e-02  1.03554134e+02  7.51873311e+00  1.19479011e+05 -1.95075283e-01 
 1.45000000e+00  1.82700000e+03  1.85000000e+00 -7.08176138e-04  3.87595961e-01  6.44937477e-02  1.03554134e+02  7.51873311e+00  1.19479011e+05 -1.95075283e-01 
 1.46000000e+00  1.82700000e+03  1.85000000e+00 -7.18548744e-04  3.87595961e-01  6.44937477e-02  1.03554134e+02  7.51873311e+00  1.19479011e+05 -1.95075283e-01 
 1.47000000e+00  1.82700000e+03  1.85000000e+00 -7.28916630e-04  3.87595961e-01  6.44937477e-02  1.03554134e+02  7.51873311e+00  1.19479011e+05 -1.95075283e-01 
 1.48000000e+00  1.82700000e+03  1.85000000e+00 -7.39279595e-04  3.87595961e-01  6.44937477e-02  1.03554134e+02  7.51873311e+00  1.19479011e+05 -1.95075283e-01 
 1.49000000e+00  1.82700000e+03  1.85000000e+00 -7.49637449e-04  3.87595961e-01  6.44937477e-02  1.03554134e+02  7.51873311e+00  1.19479011e+05 -1.95075283e-01 
 1.50000000e+00  1.82700000e+03  1.85000000e+00 -7.59990012e-04  3.87595961e-01  6.44937477e-02  1.03554134e+02  7.51873311e+00  1.19479011e+05 -1.95075283e-01 
 1.51000000e+00  1.82700000e+03  1.85000000e+00 -7.70337114e-04  3.87595961e-01  6.44937477e-02  1.03554134e+02  7.51873311e+00  1.19479011e+05 -1.95075283e-01 
 1.52000000e+00  1.82700000e+03  1.85000000e+00 -7.80678592e-04  3.87595961e-01  6.44937477e-02  1.03554134e+02  7.51873311e+00  1.19479011e+05 -1.95075283e-01 
 1.53000000e+00  1.82700000e+03  1.85000000e+00 -7.91014296e-04  3.87595961e-01  6.44937477e-02  1.03554134e+02  7.51873311e+00  1.19479011e+05 -1.95075283e-01 
 1.54000000e+00  1.82700000e+03  1.85000000e+00 -8.01344079e-04  3.87595961e-01  6.44937477e-02  1.03554134e+02  7.51873311e+00  1.19479011e+05 -1.95075283e-01 
 1.55000000e+00  1.82700000e+03  1.85000000e+00 -8.11667807e-04  3.87595961e-01  6.44937477e-02  1.03554134e+02  7.51873311e+00  1.19479011e+05 -1.95075283e-01 
 1.56000000e+00  1.82700000e+03  1.85000000e+00 -8.21985349e-04  3.87595961e-01  6.44937477e-02  1.03554134e+02  7.51873311e+00  1.19479011e+05 -1.95075283e-01 
 1.57000000e+00  1.82700000e+03  1.85000000e+00 -8.32296584e-04  3.87595961e-01  6.44937477e-02  1.03554134e+02  7.51873311e+00  1.19479011e+05 -1.95075283e-01 
 1.58000000e+00  1.82700000e+03  1.85000000e+00 -8.42601395e-04  3.87595961e-01  6.44937477e-02  1.03554134e+02  7.51873311e+00  1.19479011e+05 -1.95075283e-01 
 1.59000000e+00  1.82700000e+03  1.85000000e+00 -8.52899672e-04  3.87595961e-01  6.44937477e-02  1.03554134e+02  7.51873311e+00  1.19479011e+05 -1.95075283e-01 
 1.60000000e+00  1.82700000e+03  1.85000000e+00 -8.63191314e-04  3.87595961e-01  6.44937477e-02  1.03554134e+02  7.51873311e+00  1.19479011e+05 -1.95075283e-01 
 1.61000000e+00  1.82700000e+03  1.85000000e+00 -8.73476220e-04  3.87595961e-01  6.44937477e-02  1.03554134e+02  7.51873311e+00  1.19479011e+05 -1.95075283e-01 
 1.62000000e+00  1.82700000e+03  1.85000000e+00 -8.83754299e-04  3.87595961e-01  6.44937477e-02  1.03554134e+02  7.51873311e+00  1.19479011e+05 -1.95075283e-01 
 1.63000000e+00  1.82700000e+03  1.85000000e+00 -8.94025462e-04  3.87595961e-01  6.44937477e-02  1.03554134e+02  7.51873311e+00  1.19479011e+05 -1.95075283e-01 
 1.64000000e+00  1.82700000e+03  1.85000000e+00 -9.04289626e-04  3.87595961e-01  6.44937477e-02  1.03554134e+02  7.51873311e+00  1.19479011e+05 -1.95075283e-01 
 1.65000000e+00  1.82700000e+03  1.85000000e+00 -9.14546714e-04  3.87595961e-01  6.44937477e-02  1.03554134e+02  7.51873311e+00  1.19479011e+05 -1.95075283e-01 
 1.66000000e+00  1.82700000e+03  1.85000000e+00 -9.24796650e-04  3.87595961e-01  6.44937477e-02  1.03554134e+02  7.51873311e+00  1.19479011e+05 -1.95075283e-01 
 1.67000000e+00  1.82700000e+03  1.85000000e+00 -9.35039363e-04  3.87595961e-01  6.44937477e-02  1.03554134e+02  7.51873311e+00  1.19479011e+05 -1.95075283e-01 
 1.68000000e+00  1.82700000e+03  1.85000000e+00 -9.45274788e-04  3.87595961e-01  6.44937477e-02  1.03554134e+02  7.51873311e+00  1.19479011e+05 -1.95075283e-01 
 1.69000000e+00  1.82700000e+03  1.85000000e+00 -9.55502861e-04  3.87595961e-01  6.44937477e-02  1.03554134e+02  7.51873311e+00  1.19479011e+05 -1.95075283e-01 
 1.70000000e+00  1.82700000e+03  1.85000000e+00 -9.65723523e-04  3.87595961e-01  6.44937477e-02  1.03554134e+02  7.51873311e+00  1.19479011e+05 -1.95075283e-01 
 1.71000000e+00  1.82700000e+03  1.85000000e+00 -9.75936717e-04  3.87595961e-01  6.44937477e-02  1.03554134e+02  7.51873311e+00  1.19479011e+05 -1.95075283e-01 
 1.72000000e+00  1.82700000e+03  1.85000000e+00 -9.86142390e-04  3.87595961e-01  6.44937477e-02  1.03554134e+02  7.51873311e+00  1.19479011e+05 -1.95075283e-01 
 1.73000000e+00  1.82700000e+03  1.85000000e+00 -9.96340490e-04  3.87595961e-01  6.44937477e-02  1.03554134e+02  7.51873311e+00  1.19479011e+05 -1.95075283e-01 
 1.74000000e+00  1.82700000e+03  1.85000000e+00 -1.00653097e-03  3.87595961e-01  6.44937477e-02  1.03554134e+02  7.51873311e+00  1.19479011e+05 -1.95075283e-01 
 1.75000000e+00  1.82700000e+03  1.85000000e+00 -1.01671379e-03  3.87595961e-01  6.44937477e-02  1.03554134e+02  7.51873311e+00  1.19479011e+05 -1.95075283e-01 
 1.76000000e+00  1.82700000e+03  1.85000000e+00 -1.02688889e-03  3.87595961e-01  6.44937477e-02  1.03554134e+02  7.51873311e+00  1.19479011e+05 -1.95075283e-01 
 1.77000000e+00  1.82700000e+03  1.85000000e+00 -1.03705625e-03  3.87595961e-01  6.44937477e-02  1.03554134e+02  7.51873311e+00  1.19479011e+05 -1.95075283e-01 
 1.78000000e+00  1.82700000e+03  1.85000000e+00 -1.04721582e-03  3.87595961e-01  6.44937477e-02  1.03554134e+02  7.51873311e+00  1.19479011e+05 -1.95075283e-01 
 1.79000000e+00  1.82700000e+03  1.85000000e+00 -1.05736757e-03  3.87595961e-01  6.44937477e-02  1.03554134e+02  7.51873311e+00  1.19479011e+05 -1.95075283e-01 
 1.80000000e+00  1.82700000e+03  1.85000000e+00 -1.06751146e-03  3.87595961e-01  6.44937477e-02  1.03554134e+02  7.51873311e+00  1.19479011e+05 -1.95075283e-01 
 1.81000000e+00  1.82700000e+03  1.85000000e+00 -1.07764745e-03  3.87595961e-01  6.44937477e-02  1.03554134e+02  7.51873311e+00  1.19479011e+05 -1.95075283e-01 
 1.82000000e+00  1.82700000e+03  1.85000000e+00 -1.08777553e-03  3.87595961e-01  6.44937477e-02  1.03554134e+02  7.51873311e+00  1.19479011e+05 -1.95075283e-01 
 1.83000000e+00  1.82700000e+03  1.85000000e+00 -1.09789565e-03  3.87595961e-01  6.44937477e-02  1.03554134e+02  7.51873311e+00  1.19479011e+05 -1.95075283e-01 
 1.84000000e+00  1.82700000e+03  1.85000000e+00 -1.10800779e-03  3.87595961e-01  6.44937477e-02  1.03554134e+02  7.51873311e+00  1.19479011e+05 -1.95075283e-01 
 1.85000000e+00  1.82700000e+03  1.85000000e+00 -1.11811193e-03  3.87595961e-01  6.44937477e-02  1.03554134e+02  7.51873311e+00  1.19479011e+05 -1.95075283e-01 
