 v-sweep         run_num         v(drain)        i(vds)          out_vth0        out_u0          out_rdsw        out_nfactor     out_vsat        out_eta0       
 0.00000000e+00  1.29600000e+03  1.85000000e+00 -1.85137520e-12  3.54180326e-01  5.58683575e-02  1.00110491e+02  5.00801085e+00  1.03081852e+05 -1.87342031e-01 
 1.00000000e-02  1.29600000e+03  1.85000000e+00 -1.85137520e-12  3.54180326e-01  5.58683575e-02  1.00110491e+02  5.00801085e+00  1.03081852e+05 -1.87342031e-01 
 2.00000000e-02  1.29600000e+03  1.85000000e+00 -1.85137520e-12  3.54180326e-01  5.58683575e-02  1.00110491e+02  5.00801085e+00  1.03081852e+05 -1.87342031e-01 
 3.00000000e-02  1.29600000e+03  1.85000000e+00 -1.85137520e-12  3.54180326e-01  5.58683575e-02  1.00110491e+02  5.00801085e+00  1.03081852e+05 -1.87342031e-01 
 4.00000000e-02  1.29600000e+03  1.85000000e+00 -1.85137520e-12  3.54180326e-01  5.58683575e-02  1.00110491e+02  5.00801085e+00  1.03081852e+05 -1.87342031e-01 
 5.00000000e-02  1.29600000e+03  1.85000000e+00 -1.85137520e-12  3.54180326e-01  5.58683575e-02  1.00110491e+02  5.00801085e+00  1.03081852e+05 -1.87342031e-01 
 6.00000000e-02  1.29600000e+03  1.85000000e+00 -1.85137520e-12  3.54180326e-01  5.58683575e-02  1.00110491e+02  5.00801085e+00  1.03081852e+05 -1.87342031e-01 
 7.00000000e-02  1.29600000e+03  1.85000000e+00 -1.85137520e-12  3.54180326e-01  5.58683575e-02  1.00110491e+02  5.00801085e+00  1.03081852e+05 -1.87342031e-01 
 8.00000000e-02  1.29600000e+03  1.85000000e+00 -1.85137520e-12  3.54180326e-01  5.58683575e-02  1.00110491e+02  5.00801085e+00  1.03081852e+05 -1.87342031e-01 
 9.00000000e-02  1.29600000e+03  1.85000000e+00 -1.85137520e-12  3.54180326e-01  5.58683575e-02  1.00110491e+02  5.00801085e+00  1.03081852e+05 -1.87342031e-01 
 1.00000000e-01  1.29600000e+03  1.85000000e+00 -1.85137521e-12  3.54180326e-01  5.58683575e-02  1.00110491e+02  5.00801085e+00  1.03081852e+05 -1.87342031e-01 
 1.10000000e-01  1.29600000e+03  1.85000000e+00 -1.85137522e-12  3.54180326e-01  5.58683575e-02  1.00110491e+02  5.00801085e+00  1.03081852e+05 -1.87342031e-01 
 1.20000000e-01  1.29600000e+03  1.85000000e+00 -1.85137523e-12  3.54180326e-01  5.58683575e-02  1.00110491e+02  5.00801085e+00  1.03081852e+05 -1.87342031e-01 
 1.30000000e-01  1.29600000e+03  1.85000000e+00 -1.85137526e-12  3.54180326e-01  5.58683575e-02  1.00110491e+02  5.00801085e+00  1.03081852e+05 -1.87342031e-01 
 1.40000000e-01  1.29600000e+03  1.85000000e+00 -1.85137533e-12  3.54180326e-01  5.58683575e-02  1.00110491e+02  5.00801085e+00  1.03081852e+05 -1.87342031e-01 
 1.50000000e-01  1.29600000e+03  1.85000000e+00 -1.85137545e-12  3.54180326e-01  5.58683575e-02  1.00110491e+02  5.00801085e+00  1.03081852e+05 -1.87342031e-01 
 1.60000000e-01  1.29600000e+03  1.85000000e+00 -1.85137569e-12  3.54180326e-01  5.58683575e-02  1.00110491e+02  5.00801085e+00  1.03081852e+05 -1.87342031e-01 
 1.70000000e-01  1.29600000e+03  1.85000000e+00 -1.85137617e-12  3.54180326e-01  5.58683575e-02  1.00110491e+02  5.00801085e+00  1.03081852e+05 -1.87342031e-01 
 1.80000000e-01  1.29600000e+03  1.85000000e+00 -1.85137713e-12  3.54180326e-01  5.58683575e-02  1.00110491e+02  5.00801085e+00  1.03081852e+05 -1.87342031e-01 
 1.90000000e-01  1.29600000e+03  1.85000000e+00 -1.85137903e-12  3.54180326e-01  5.58683575e-02  1.00110491e+02  5.00801085e+00  1.03081852e+05 -1.87342031e-01 
 2.00000000e-01  1.29600000e+03  1.85000000e+00 -1.85138278e-12  3.54180326e-01  5.58683575e-02  1.00110491e+02  5.00801085e+00  1.03081852e+05 -1.87342031e-01 
 2.10000000e-01  1.29600000e+03  1.85000000e+00 -1.85139022e-12  3.54180326e-01  5.58683575e-02  1.00110491e+02  5.00801085e+00  1.03081852e+05 -1.87342031e-01 
 2.20000000e-01  1.29600000e+03  1.85000000e+00 -1.85140495e-12  3.54180326e-01  5.58683575e-02  1.00110491e+02  5.00801085e+00  1.03081852e+05 -1.87342031e-01 
 2.30000000e-01  1.29600000e+03  1.85000000e+00 -1.85143414e-12  3.54180326e-01  5.58683575e-02  1.00110491e+02  5.00801085e+00  1.03081852e+05 -1.87342031e-01 
 2.40000000e-01  1.29600000e+03  1.85000000e+00 -1.85149197e-12  3.54180326e-01  5.58683575e-02  1.00110491e+02  5.00801085e+00  1.03081852e+05 -1.87342031e-01 
 2.50000000e-01  1.29600000e+03  1.85000000e+00 -1.85160654e-12  3.54180326e-01  5.58683575e-02  1.00110491e+02  5.00801085e+00  1.03081852e+05 -1.87342031e-01 
 2.60000000e-01  1.29600000e+03  1.85000000e+00 -1.85183353e-12  3.54180326e-01  5.58683575e-02  1.00110491e+02  5.00801085e+00  1.03081852e+05 -1.87342031e-01 
 2.70000000e-01  1.29600000e+03  1.85000000e+00 -1.85228321e-12  3.54180326e-01  5.58683575e-02  1.00110491e+02  5.00801085e+00  1.03081852e+05 -1.87342031e-01 
 2.80000000e-01  1.29600000e+03  1.85000000e+00 -1.85317407e-12  3.54180326e-01  5.58683575e-02  1.00110491e+02  5.00801085e+00  1.03081852e+05 -1.87342031e-01 
 2.90000000e-01  1.29600000e+03  1.85000000e+00 -1.85493894e-12  3.54180326e-01  5.58683575e-02  1.00110491e+02  5.00801085e+00  1.03081852e+05 -1.87342031e-01 
 3.00000000e-01  1.29600000e+03  1.85000000e+00 -1.85843524e-12  3.54180326e-01  5.58683575e-02  1.00110491e+02  5.00801085e+00  1.03081852e+05 -1.87342031e-01 
 3.10000000e-01  1.29600000e+03  1.85000000e+00 -1.86536139e-12  3.54180326e-01  5.58683575e-02  1.00110491e+02  5.00801085e+00  1.03081852e+05 -1.87342031e-01 
 3.20000000e-01  1.29600000e+03  1.85000000e+00 -1.87908158e-12  3.54180326e-01  5.58683575e-02  1.00110491e+02  5.00801085e+00  1.03081852e+05 -1.87342031e-01 
 3.30000000e-01  1.29600000e+03  1.85000000e+00 -1.90625890e-12  3.54180326e-01  5.58683575e-02  1.00110491e+02  5.00801085e+00  1.03081852e+05 -1.87342031e-01 
 3.40000000e-01  1.29600000e+03  1.85000000e+00 -1.96008870e-12  3.54180326e-01  5.58683575e-02  1.00110491e+02  5.00801085e+00  1.03081852e+05 -1.87342031e-01 
 3.50000000e-01  1.29600000e+03  1.85000000e+00 -2.06669817e-12  3.54180326e-01  5.58683575e-02  1.00110491e+02  5.00801085e+00  1.03081852e+05 -1.87342031e-01 
 3.60000000e-01  1.29600000e+03  1.85000000e+00 -2.27780796e-12  3.54180326e-01  5.58683575e-02  1.00110491e+02  5.00801085e+00  1.03081852e+05 -1.87342031e-01 
 3.70000000e-01  1.29600000e+03  1.85000000e+00 -2.69576916e-12  3.54180326e-01  5.58683575e-02  1.00110491e+02  5.00801085e+00  1.03081852e+05 -1.87342031e-01 
 3.80000000e-01  1.29600000e+03  1.85000000e+00 -3.52303308e-12  3.54180326e-01  5.58683575e-02  1.00110491e+02  5.00801085e+00  1.03081852e+05 -1.87342031e-01 
 3.90000000e-01  1.29600000e+03  1.85000000e+00 -5.15979034e-12  3.54180326e-01  5.58683575e-02  1.00110491e+02  5.00801085e+00  1.03081852e+05 -1.87342031e-01 
 4.00000000e-01  1.29600000e+03  1.85000000e+00 -8.39638784e-12  3.54180326e-01  5.58683575e-02  1.00110491e+02  5.00801085e+00  1.03081852e+05 -1.87342031e-01 
 4.10000000e-01  1.29600000e+03  1.85000000e+00 -1.47917089e-11  3.54180326e-01  5.58683575e-02  1.00110491e+02  5.00801085e+00  1.03081852e+05 -1.87342031e-01 
 4.20000000e-01  1.29600000e+03  1.85000000e+00 -2.74150005e-11  3.54180326e-01  5.58683575e-02  1.00110491e+02  5.00801085e+00  1.03081852e+05 -1.87342031e-01 
 4.30000000e-01  1.29600000e+03  1.85000000e+00 -5.22941129e-11  3.54180326e-01  5.58683575e-02  1.00110491e+02  5.00801085e+00  1.03081852e+05 -1.87342031e-01 
 4.40000000e-01  1.29600000e+03  1.85000000e+00 -1.01226158e-10  3.54180326e-01  5.58683575e-02  1.00110491e+02  5.00801085e+00  1.03081852e+05 -1.87342031e-01 
 4.50000000e-01  1.29600000e+03  1.85000000e+00 -1.97187412e-10  3.54180326e-01  5.58683575e-02  1.00110491e+02  5.00801085e+00  1.03081852e+05 -1.87342031e-01 
 4.60000000e-01  1.29600000e+03  1.85000000e+00 -3.84627273e-10  3.54180326e-01  5.58683575e-02  1.00110491e+02  5.00801085e+00  1.03081852e+05 -1.87342031e-01 
 4.70000000e-01  1.29600000e+03  1.85000000e+00 -7.48746742e-10  3.54180326e-01  5.58683575e-02  1.00110491e+02  5.00801085e+00  1.03081852e+05 -1.87342031e-01 
 4.80000000e-01  1.29600000e+03  1.85000000e+00 -1.45082303e-09  3.54180326e-01  5.58683575e-02  1.00110491e+02  5.00801085e+00  1.03081852e+05 -1.87342031e-01 
 4.90000000e-01  1.29600000e+03  1.85000000e+00 -2.79104151e-09  3.54180326e-01  5.58683575e-02  1.00110491e+02  5.00801085e+00  1.03081852e+05 -1.87342031e-01 
 5.00000000e-01  1.29600000e+03  1.85000000e+00 -5.31589540e-09  3.54180326e-01  5.58683575e-02  1.00110491e+02  5.00801085e+00  1.03081852e+05 -1.87342031e-01 
 5.10000000e-01  1.29600000e+03  1.85000000e+00 -9.99245283e-09  3.54180326e-01  5.58683575e-02  1.00110491e+02  5.00801085e+00  1.03081852e+05 -1.87342031e-01 
 5.20000000e-01  1.29600000e+03  1.85000000e+00 -1.84731856e-08  3.54180326e-01  5.58683575e-02  1.00110491e+02  5.00801085e+00  1.03081852e+05 -1.87342031e-01 
 5.30000000e-01  1.29600000e+03  1.85000000e+00 -3.34686143e-08  3.54180326e-01  5.58683575e-02  1.00110491e+02  5.00801085e+00  1.03081852e+05 -1.87342031e-01 
 5.40000000e-01  1.29600000e+03  1.85000000e+00 -5.92322556e-08  3.54180326e-01  5.58683575e-02  1.00110491e+02  5.00801085e+00  1.03081852e+05 -1.87342031e-01 
 5.50000000e-01  1.29600000e+03  1.85000000e+00 -1.02158748e-07  3.54180326e-01  5.58683575e-02  1.00110491e+02  5.00801085e+00  1.03081852e+05 -1.87342031e-01 
 5.60000000e-01  1.29600000e+03  1.85000000e+00 -1.71527463e-07  3.54180326e-01  5.58683575e-02  1.00110491e+02  5.00801085e+00  1.03081852e+05 -1.87342031e-01 
 5.70000000e-01  1.29600000e+03  1.85000000e+00 -2.80493566e-07  3.54180326e-01  5.58683575e-02  1.00110491e+02  5.00801085e+00  1.03081852e+05 -1.87342031e-01 
 5.80000000e-01  1.29600000e+03  1.85000000e+00 -4.47473668e-07  3.54180326e-01  5.58683575e-02  1.00110491e+02  5.00801085e+00  1.03081852e+05 -1.87342031e-01 
 5.90000000e-01  1.29600000e+03  1.85000000e+00 -6.97975830e-07  3.54180326e-01  5.58683575e-02  1.00110491e+02  5.00801085e+00  1.03081852e+05 -1.87342031e-01 
 6.00000000e-01  1.29600000e+03  1.85000000e+00 -1.06659823e-06  3.54180326e-01  5.58683575e-02  1.00110491e+02  5.00801085e+00  1.03081852e+05 -1.87342031e-01 
 6.10000000e-01  1.29600000e+03  1.85000000e+00 -1.59841857e-06  3.54180326e-01  5.58683575e-02  1.00110491e+02  5.00801085e+00  1.03081852e+05 -1.87342031e-01 
 6.20000000e-01  1.29600000e+03  1.85000000e+00 -2.34857824e-06  3.54180326e-01  5.58683575e-02  1.00110491e+02  5.00801085e+00  1.03081852e+05 -1.87342031e-01 
 6.30000000e-01  1.29600000e+03  1.85000000e+00 -3.37898135e-06  3.54180326e-01  5.58683575e-02  1.00110491e+02  5.00801085e+00  1.03081852e+05 -1.87342031e-01 
 6.40000000e-01  1.29600000e+03  1.85000000e+00 -4.75202079e-06  3.54180326e-01  5.58683575e-02  1.00110491e+02  5.00801085e+00  1.03081852e+05 -1.87342031e-01 
 6.50000000e-01  1.29600000e+03  1.85000000e+00 -6.52279650e-06  3.54180326e-01  5.58683575e-02  1.00110491e+02  5.00801085e+00  1.03081852e+05 -1.87342031e-01 
 6.60000000e-01  1.29600000e+03  1.85000000e+00 -8.73233858e-06  3.54180326e-01  5.58683575e-02  1.00110491e+02  5.00801085e+00  1.03081852e+05 -1.87342031e-01 
 6.70000000e-01  1.29600000e+03  1.85000000e+00 -1.14039812e-05  3.54180326e-01  5.58683575e-02  1.00110491e+02  5.00801085e+00  1.03081852e+05 -1.87342031e-01 
 6.80000000e-01  1.29600000e+03  1.85000000e+00 -1.45435040e-05  3.54180326e-01  5.58683575e-02  1.00110491e+02  5.00801085e+00  1.03081852e+05 -1.87342031e-01 
 6.90000000e-01  1.29600000e+03  1.85000000e+00 -1.81421226e-05  3.54180326e-01  5.58683575e-02  1.00110491e+02  5.00801085e+00  1.03081852e+05 -1.87342031e-01 
 7.00000000e-01  1.29600000e+03  1.85000000e+00 -2.21807488e-05  3.54180326e-01  5.58683575e-02  1.00110491e+02  5.00801085e+00  1.03081852e+05 -1.87342031e-01 
 7.10000000e-01  1.29600000e+03  1.85000000e+00 -2.66341675e-05  3.54180326e-01  5.58683575e-02  1.00110491e+02  5.00801085e+00  1.03081852e+05 -1.87342031e-01 
 7.20000000e-01  1.29600000e+03  1.85000000e+00 -3.14743842e-05  3.54180326e-01  5.58683575e-02  1.00110491e+02  5.00801085e+00  1.03081852e+05 -1.87342031e-01 
 7.30000000e-01  1.29600000e+03  1.85000000e+00 -3.66729450e-05  3.54180326e-01  5.58683575e-02  1.00110491e+02  5.00801085e+00  1.03081852e+05 -1.87342031e-01 
 7.40000000e-01  1.29600000e+03  1.85000000e+00 -4.22023490e-05  3.54180326e-01  5.58683575e-02  1.00110491e+02  5.00801085e+00  1.03081852e+05 -1.87342031e-01 
 7.50000000e-01  1.29600000e+03  1.85000000e+00 -4.80367900e-05  3.54180326e-01  5.58683575e-02  1.00110491e+02  5.00801085e+00  1.03081852e+05 -1.87342031e-01 
 7.60000000e-01  1.29600000e+03  1.85000000e+00 -5.41524566e-05  3.54180326e-01  5.58683575e-02  1.00110491e+02  5.00801085e+00  1.03081852e+05 -1.87342031e-01 
 7.70000000e-01  1.29600000e+03  1.85000000e+00 -6.05275722e-05  3.54180326e-01  5.58683575e-02  1.00110491e+02  5.00801085e+00  1.03081852e+05 -1.87342031e-01 
 7.80000000e-01  1.29600000e+03  1.85000000e+00 -6.71422971e-05  3.54180326e-01  5.58683575e-02  1.00110491e+02  5.00801085e+00  1.03081852e+05 -1.87342031e-01 
 7.90000000e-01  1.29600000e+03  1.85000000e+00 -7.39785698e-05  3.54180326e-01  5.58683575e-02  1.00110491e+02  5.00801085e+00  1.03081852e+05 -1.87342031e-01 
 8.00000000e-01  1.29600000e+03  1.85000000e+00 -8.10199313e-05  3.54180326e-01  5.58683575e-02  1.00110491e+02  5.00801085e+00  1.03081852e+05 -1.87342031e-01 
 8.10000000e-01  1.29600000e+03  1.85000000e+00 -8.82513541e-05  3.54180326e-01  5.58683575e-02  1.00110491e+02  5.00801085e+00  1.03081852e+05 -1.87342031e-01 
 8.20000000e-01  1.29600000e+03  1.85000000e+00 -9.56590864e-05  3.54180326e-01  5.58683575e-02  1.00110491e+02  5.00801085e+00  1.03081852e+05 -1.87342031e-01 
 8.30000000e-01  1.29600000e+03  1.85000000e+00 -1.03230515e-04  3.54180326e-01  5.58683575e-02  1.00110491e+02  5.00801085e+00  1.03081852e+05 -1.87342031e-01 
 8.40000000e-01  1.29600000e+03  1.85000000e+00 -1.10954045e-04  3.54180326e-01  5.58683575e-02  1.00110491e+02  5.00801085e+00  1.03081852e+05 -1.87342031e-01 
 8.50000000e-01  1.29600000e+03  1.85000000e+00 -1.18819000e-04  3.54180326e-01  5.58683575e-02  1.00110491e+02  5.00801085e+00  1.03081852e+05 -1.87342031e-01 
 8.60000000e-01  1.29600000e+03  1.85000000e+00 -1.26815528e-04  3.54180326e-01  5.58683575e-02  1.00110491e+02  5.00801085e+00  1.03081852e+05 -1.87342031e-01 
 8.70000000e-01  1.29600000e+03  1.85000000e+00 -1.34934528e-04  3.54180326e-01  5.58683575e-02  1.00110491e+02  5.00801085e+00  1.03081852e+05 -1.87342031e-01 
 8.80000000e-01  1.29600000e+03  1.85000000e+00 -1.43167579e-04  3.54180326e-01  5.58683575e-02  1.00110491e+02  5.00801085e+00  1.03081852e+05 -1.87342031e-01 
 8.90000000e-01  1.29600000e+03  1.85000000e+00 -1.51506883e-04  3.54180326e-01  5.58683575e-02  1.00110491e+02  5.00801085e+00  1.03081852e+05 -1.87342031e-01 
 9.00000000e-01  1.29600000e+03  1.85000000e+00 -1.59945211e-04  3.54180326e-01  5.58683575e-02  1.00110491e+02  5.00801085e+00  1.03081852e+05 -1.87342031e-01 
 9.10000000e-01  1.29600000e+03  1.85000000e+00 -1.68475854e-04  3.54180326e-01  5.58683575e-02  1.00110491e+02  5.00801085e+00  1.03081852e+05 -1.87342031e-01 
 9.20000000e-01  1.29600000e+03  1.85000000e+00 -1.77092580e-04  3.54180326e-01  5.58683575e-02  1.00110491e+02  5.00801085e+00  1.03081852e+05 -1.87342031e-01 
 9.30000000e-01  1.29600000e+03  1.85000000e+00 -1.85789599e-04  3.54180326e-01  5.58683575e-02  1.00110491e+02  5.00801085e+00  1.03081852e+05 -1.87342031e-01 
 9.40000000e-01  1.29600000e+03  1.85000000e+00 -1.94561522e-04  3.54180326e-01  5.58683575e-02  1.00110491e+02  5.00801085e+00  1.03081852e+05 -1.87342031e-01 
 9.50000000e-01  1.29600000e+03  1.85000000e+00 -2.03403334e-04  3.54180326e-01  5.58683575e-02  1.00110491e+02  5.00801085e+00  1.03081852e+05 -1.87342031e-01 
 9.60000000e-01  1.29600000e+03  1.85000000e+00 -2.12310364e-04  3.54180326e-01  5.58683575e-02  1.00110491e+02  5.00801085e+00  1.03081852e+05 -1.87342031e-01 
 9.70000000e-01  1.29600000e+03  1.85000000e+00 -2.21278252e-04  3.54180326e-01  5.58683575e-02  1.00110491e+02  5.00801085e+00  1.03081852e+05 -1.87342031e-01 
 9.80000000e-01  1.29600000e+03  1.85000000e+00 -2.30302935e-04  3.54180326e-01  5.58683575e-02  1.00110491e+02  5.00801085e+00  1.03081852e+05 -1.87342031e-01 
 9.90000000e-01  1.29600000e+03  1.85000000e+00 -2.39380618e-04  3.54180326e-01  5.58683575e-02  1.00110491e+02  5.00801085e+00  1.03081852e+05 -1.87342031e-01 
 1.00000000e+00  1.29600000e+03  1.85000000e+00 -2.48507756e-04  3.54180326e-01  5.58683575e-02  1.00110491e+02  5.00801085e+00  1.03081852e+05 -1.87342031e-01 
 1.01000000e+00  1.29600000e+03  1.85000000e+00 -2.57681036e-04  3.54180326e-01  5.58683575e-02  1.00110491e+02  5.00801085e+00  1.03081852e+05 -1.87342031e-01 
 1.02000000e+00  1.29600000e+03  1.85000000e+00 -2.66897357e-04  3.54180326e-01  5.58683575e-02  1.00110491e+02  5.00801085e+00  1.03081852e+05 -1.87342031e-01 
 1.03000000e+00  1.29600000e+03  1.85000000e+00 -2.76153814e-04  3.54180326e-01  5.58683575e-02  1.00110491e+02  5.00801085e+00  1.03081852e+05 -1.87342031e-01 
 1.04000000e+00  1.29600000e+03  1.85000000e+00 -2.85447688e-04  3.54180326e-01  5.58683575e-02  1.00110491e+02  5.00801085e+00  1.03081852e+05 -1.87342031e-01 
 1.05000000e+00  1.29600000e+03  1.85000000e+00 -2.94776427e-04  3.54180326e-01  5.58683575e-02  1.00110491e+02  5.00801085e+00  1.03081852e+05 -1.87342031e-01 
 1.06000000e+00  1.29600000e+03  1.85000000e+00 -3.04137640e-04  3.54180326e-01  5.58683575e-02  1.00110491e+02  5.00801085e+00  1.03081852e+05 -1.87342031e-01 
 1.07000000e+00  1.29600000e+03  1.85000000e+00 -3.13529077e-04  3.54180326e-01  5.58683575e-02  1.00110491e+02  5.00801085e+00  1.03081852e+05 -1.87342031e-01 
 1.08000000e+00  1.29600000e+03  1.85000000e+00 -3.22948629e-04  3.54180326e-01  5.58683575e-02  1.00110491e+02  5.00801085e+00  1.03081852e+05 -1.87342031e-01 
 1.09000000e+00  1.29600000e+03  1.85000000e+00 -3.32394310e-04  3.54180326e-01  5.58683575e-02  1.00110491e+02  5.00801085e+00  1.03081852e+05 -1.87342031e-01 
 1.10000000e+00  1.29600000e+03  1.85000000e+00 -3.41864253e-04  3.54180326e-01  5.58683575e-02  1.00110491e+02  5.00801085e+00  1.03081852e+05 -1.87342031e-01 
 1.11000000e+00  1.29600000e+03  1.85000000e+00 -3.51356701e-04  3.54180326e-01  5.58683575e-02  1.00110491e+02  5.00801085e+00  1.03081852e+05 -1.87342031e-01 
 1.12000000e+00  1.29600000e+03  1.85000000e+00 -3.60869996e-04  3.54180326e-01  5.58683575e-02  1.00110491e+02  5.00801085e+00  1.03081852e+05 -1.87342031e-01 
 1.13000000e+00  1.29600000e+03  1.85000000e+00 -3.70402579e-04  3.54180326e-01  5.58683575e-02  1.00110491e+02  5.00801085e+00  1.03081852e+05 -1.87342031e-01 
 1.14000000e+00  1.29600000e+03  1.85000000e+00 -3.79952977e-04  3.54180326e-01  5.58683575e-02  1.00110491e+02  5.00801085e+00  1.03081852e+05 -1.87342031e-01 
 1.15000000e+00  1.29600000e+03  1.85000000e+00 -3.89519802e-04  3.54180326e-01  5.58683575e-02  1.00110491e+02  5.00801085e+00  1.03081852e+05 -1.87342031e-01 
 1.16000000e+00  1.29600000e+03  1.85000000e+00 -3.99101742e-04  3.54180326e-01  5.58683575e-02  1.00110491e+02  5.00801085e+00  1.03081852e+05 -1.87342031e-01 
 1.17000000e+00  1.29600000e+03  1.85000000e+00 -4.08697558e-04  3.54180326e-01  5.58683575e-02  1.00110491e+02  5.00801085e+00  1.03081852e+05 -1.87342031e-01 
 1.18000000e+00  1.29600000e+03  1.85000000e+00 -4.18306080e-04  3.54180326e-01  5.58683575e-02  1.00110491e+02  5.00801085e+00  1.03081852e+05 -1.87342031e-01 
 1.19000000e+00  1.29600000e+03  1.85000000e+00 -4.27926201e-04  3.54180326e-01  5.58683575e-02  1.00110491e+02  5.00801085e+00  1.03081852e+05 -1.87342031e-01 
 1.20000000e+00  1.29600000e+03  1.85000000e+00 -4.37556871e-04  3.54180326e-01  5.58683575e-02  1.00110491e+02  5.00801085e+00  1.03081852e+05 -1.87342031e-01 
 1.21000000e+00  1.29600000e+03  1.85000000e+00 -4.47197101e-04  3.54180326e-01  5.58683575e-02  1.00110491e+02  5.00801085e+00  1.03081852e+05 -1.87342031e-01 
 1.22000000e+00  1.29600000e+03  1.85000000e+00 -4.56845950e-04  3.54180326e-01  5.58683575e-02  1.00110491e+02  5.00801085e+00  1.03081852e+05 -1.87342031e-01 
 1.23000000e+00  1.29600000e+03  1.85000000e+00 -4.66502529e-04  3.54180326e-01  5.58683575e-02  1.00110491e+02  5.00801085e+00  1.03081852e+05 -1.87342031e-01 
 1.24000000e+00  1.29600000e+03  1.85000000e+00 -4.76165995e-04  3.54180326e-01  5.58683575e-02  1.00110491e+02  5.00801085e+00  1.03081852e+05 -1.87342031e-01 
 1.25000000e+00  1.29600000e+03  1.85000000e+00 -4.85835547e-04  3.54180326e-01  5.58683575e-02  1.00110491e+02  5.00801085e+00  1.03081852e+05 -1.87342031e-01 
 1.26000000e+00  1.29600000e+03  1.85000000e+00 -4.95510427e-04  3.54180326e-01  5.58683575e-02  1.00110491e+02  5.00801085e+00  1.03081852e+05 -1.87342031e-01 
 1.27000000e+00  1.29600000e+03  1.85000000e+00 -5.05189916e-04  3.54180326e-01  5.58683575e-02  1.00110491e+02  5.00801085e+00  1.03081852e+05 -1.87342031e-01 
 1.28000000e+00  1.29600000e+03  1.85000000e+00 -5.14873328e-04  3.54180326e-01  5.58683575e-02  1.00110491e+02  5.00801085e+00  1.03081852e+05 -1.87342031e-01 
 1.29000000e+00  1.29600000e+03  1.85000000e+00 -5.24560016e-04  3.54180326e-01  5.58683575e-02  1.00110491e+02  5.00801085e+00  1.03081852e+05 -1.87342031e-01 
 1.30000000e+00  1.29600000e+03  1.85000000e+00 -5.34249362e-04  3.54180326e-01  5.58683575e-02  1.00110491e+02  5.00801085e+00  1.03081852e+05 -1.87342031e-01 
 1.31000000e+00  1.29600000e+03  1.85000000e+00 -5.43940781e-04  3.54180326e-01  5.58683575e-02  1.00110491e+02  5.00801085e+00  1.03081852e+05 -1.87342031e-01 
 1.32000000e+00  1.29600000e+03  1.85000000e+00 -5.53633715e-04  3.54180326e-01  5.58683575e-02  1.00110491e+02  5.00801085e+00  1.03081852e+05 -1.87342031e-01 
 1.33000000e+00  1.29600000e+03  1.85000000e+00 -5.63327635e-04  3.54180326e-01  5.58683575e-02  1.00110491e+02  5.00801085e+00  1.03081852e+05 -1.87342031e-01 
 1.34000000e+00  1.29600000e+03  1.85000000e+00 -5.73022036e-04  3.54180326e-01  5.58683575e-02  1.00110491e+02  5.00801085e+00  1.03081852e+05 -1.87342031e-01 
 1.35000000e+00  1.29600000e+03  1.85000000e+00 -5.82716438e-04  3.54180326e-01  5.58683575e-02  1.00110491e+02  5.00801085e+00  1.03081852e+05 -1.87342031e-01 
 1.36000000e+00  1.29600000e+03  1.85000000e+00 -5.92410387e-04  3.54180326e-01  5.58683575e-02  1.00110491e+02  5.00801085e+00  1.03081852e+05 -1.87342031e-01 
 1.37000000e+00  1.29600000e+03  1.85000000e+00 -6.02103446e-04  3.54180326e-01  5.58683575e-02  1.00110491e+02  5.00801085e+00  1.03081852e+05 -1.87342031e-01 
 1.38000000e+00  1.29600000e+03  1.85000000e+00 -6.11795203e-04  3.54180326e-01  5.58683575e-02  1.00110491e+02  5.00801085e+00  1.03081852e+05 -1.87342031e-01 
 1.39000000e+00  1.29600000e+03  1.85000000e+00 -6.21485264e-04  3.54180326e-01  5.58683575e-02  1.00110491e+02  5.00801085e+00  1.03081852e+05 -1.87342031e-01 
 1.40000000e+00  1.29600000e+03  1.85000000e+00 -6.31173253e-04  3.54180326e-01  5.58683575e-02  1.00110491e+02  5.00801085e+00  1.03081852e+05 -1.87342031e-01 
 1.41000000e+00  1.29600000e+03  1.85000000e+00 -6.40858812e-04  3.54180326e-01  5.58683575e-02  1.00110491e+02  5.00801085e+00  1.03081852e+05 -1.87342031e-01 
 1.42000000e+00  1.29600000e+03  1.85000000e+00 -6.50541601e-04  3.54180326e-01  5.58683575e-02  1.00110491e+02  5.00801085e+00  1.03081852e+05 -1.87342031e-01 
 1.43000000e+00  1.29600000e+03  1.85000000e+00 -6.60221295e-04  3.54180326e-01  5.58683575e-02  1.00110491e+02  5.00801085e+00  1.03081852e+05 -1.87342031e-01 
 1.44000000e+00  1.29600000e+03  1.85000000e+00 -6.69897584e-04  3.54180326e-01  5.58683575e-02  1.00110491e+02  5.00801085e+00  1.03081852e+05 -1.87342031e-01 
 1.45000000e+00  1.29600000e+03  1.85000000e+00 -6.79570173e-04  3.54180326e-01  5.58683575e-02  1.00110491e+02  5.00801085e+00  1.03081852e+05 -1.87342031e-01 
 1.46000000e+00  1.29600000e+03  1.85000000e+00 -6.89238780e-04  3.54180326e-01  5.58683575e-02  1.00110491e+02  5.00801085e+00  1.03081852e+05 -1.87342031e-01 
 1.47000000e+00  1.29600000e+03  1.85000000e+00 -6.98903137e-04  3.54180326e-01  5.58683575e-02  1.00110491e+02  5.00801085e+00  1.03081852e+05 -1.87342031e-01 
 1.48000000e+00  1.29600000e+03  1.85000000e+00 -7.08562986e-04  3.54180326e-01  5.58683575e-02  1.00110491e+02  5.00801085e+00  1.03081852e+05 -1.87342031e-01 
 1.49000000e+00  1.29600000e+03  1.85000000e+00 -7.18218085e-04  3.54180326e-01  5.58683575e-02  1.00110491e+02  5.00801085e+00  1.03081852e+05 -1.87342031e-01 
 1.50000000e+00  1.29600000e+03  1.85000000e+00 -7.27868198e-04  3.54180326e-01  5.58683575e-02  1.00110491e+02  5.00801085e+00  1.03081852e+05 -1.87342031e-01 
 1.51000000e+00  1.29600000e+03  1.85000000e+00 -7.37513104e-04  3.54180326e-01  5.58683575e-02  1.00110491e+02  5.00801085e+00  1.03081852e+05 -1.87342031e-01 
 1.52000000e+00  1.29600000e+03  1.85000000e+00 -7.47152590e-04  3.54180326e-01  5.58683575e-02  1.00110491e+02  5.00801085e+00  1.03081852e+05 -1.87342031e-01 
 1.53000000e+00  1.29600000e+03  1.85000000e+00 -7.56786453e-04  3.54180326e-01  5.58683575e-02  1.00110491e+02  5.00801085e+00  1.03081852e+05 -1.87342031e-01 
 1.54000000e+00  1.29600000e+03  1.85000000e+00 -7.66414498e-04  3.54180326e-01  5.58683575e-02  1.00110491e+02  5.00801085e+00  1.03081852e+05 -1.87342031e-01 
 1.55000000e+00  1.29600000e+03  1.85000000e+00 -7.76036542e-04  3.54180326e-01  5.58683575e-02  1.00110491e+02  5.00801085e+00  1.03081852e+05 -1.87342031e-01 
 1.56000000e+00  1.29600000e+03  1.85000000e+00 -7.85652406e-04  3.54180326e-01  5.58683575e-02  1.00110491e+02  5.00801085e+00  1.03081852e+05 -1.87342031e-01 
 1.57000000e+00  1.29600000e+03  1.85000000e+00 -7.95261923e-04  3.54180326e-01  5.58683575e-02  1.00110491e+02  5.00801085e+00  1.03081852e+05 -1.87342031e-01 
 1.58000000e+00  1.29600000e+03  1.85000000e+00 -8.04864931e-04  3.54180326e-01  5.58683575e-02  1.00110491e+02  5.00801085e+00  1.03081852e+05 -1.87342031e-01 
 1.59000000e+00  1.29600000e+03  1.85000000e+00 -8.14461276e-04  3.54180326e-01  5.58683575e-02  1.00110491e+02  5.00801085e+00  1.03081852e+05 -1.87342031e-01 
 1.60000000e+00  1.29600000e+03  1.85000000e+00 -8.24050810e-04  3.54180326e-01  5.58683575e-02  1.00110491e+02  5.00801085e+00  1.03081852e+05 -1.87342031e-01 
 1.61000000e+00  1.29600000e+03  1.85000000e+00 -8.33633393e-04  3.54180326e-01  5.58683575e-02  1.00110491e+02  5.00801085e+00  1.03081852e+05 -1.87342031e-01 
 1.62000000e+00  1.29600000e+03  1.85000000e+00 -8.43208891e-04  3.54180326e-01  5.58683575e-02  1.00110491e+02  5.00801085e+00  1.03081852e+05 -1.87342031e-01 
 1.63000000e+00  1.29600000e+03  1.85000000e+00 -8.52777174e-04  3.54180326e-01  5.58683575e-02  1.00110491e+02  5.00801085e+00  1.03081852e+05 -1.87342031e-01 
 1.64000000e+00  1.29600000e+03  1.85000000e+00 -8.62338121e-04  3.54180326e-01  5.58683575e-02  1.00110491e+02  5.00801085e+00  1.03081852e+05 -1.87342031e-01 
 1.65000000e+00  1.29600000e+03  1.85000000e+00 -8.71891613e-04  3.54180326e-01  5.58683575e-02  1.00110491e+02  5.00801085e+00  1.03081852e+05 -1.87342031e-01 
 1.66000000e+00  1.29600000e+03  1.85000000e+00 -8.81437538e-04  3.54180326e-01  5.58683575e-02  1.00110491e+02  5.00801085e+00  1.03081852e+05 -1.87342031e-01 
 1.67000000e+00  1.29600000e+03  1.85000000e+00 -8.90975788e-04  3.54180326e-01  5.58683575e-02  1.00110491e+02  5.00801085e+00  1.03081852e+05 -1.87342031e-01 
 1.68000000e+00  1.29600000e+03  1.85000000e+00 -9.00506262e-04  3.54180326e-01  5.58683575e-02  1.00110491e+02  5.00801085e+00  1.03081852e+05 -1.87342031e-01 
 1.69000000e+00  1.29600000e+03  1.85000000e+00 -9.10028860e-04  3.54180326e-01  5.58683575e-02  1.00110491e+02  5.00801085e+00  1.03081852e+05 -1.87342031e-01 
 1.70000000e+00  1.29600000e+03  1.85000000e+00 -9.19543488e-04  3.54180326e-01  5.58683575e-02  1.00110491e+02  5.00801085e+00  1.03081852e+05 -1.87342031e-01 
 1.71000000e+00  1.29600000e+03  1.85000000e+00 -9.29050057e-04  3.54180326e-01  5.58683575e-02  1.00110491e+02  5.00801085e+00  1.03081852e+05 -1.87342031e-01 
 1.72000000e+00  1.29600000e+03  1.85000000e+00 -9.38548480e-04  3.54180326e-01  5.58683575e-02  1.00110491e+02  5.00801085e+00  1.03081852e+05 -1.87342031e-01 
 1.73000000e+00  1.29600000e+03  1.85000000e+00 -9.48038675e-04  3.54180326e-01  5.58683575e-02  1.00110491e+02  5.00801085e+00  1.03081852e+05 -1.87342031e-01 
 1.74000000e+00  1.29600000e+03  1.85000000e+00 -9.57520563e-04  3.54180326e-01  5.58683575e-02  1.00110491e+02  5.00801085e+00  1.03081852e+05 -1.87342031e-01 
 1.75000000e+00  1.29600000e+03  1.85000000e+00 -9.66994067e-04  3.54180326e-01  5.58683575e-02  1.00110491e+02  5.00801085e+00  1.03081852e+05 -1.87342031e-01 
 1.76000000e+00  1.29600000e+03  1.85000000e+00 -9.76459117e-04  3.54180326e-01  5.58683575e-02  1.00110491e+02  5.00801085e+00  1.03081852e+05 -1.87342031e-01 
 1.77000000e+00  1.29600000e+03  1.85000000e+00 -9.85915641e-04  3.54180326e-01  5.58683575e-02  1.00110491e+02  5.00801085e+00  1.03081852e+05 -1.87342031e-01 
 1.78000000e+00  1.29600000e+03  1.85000000e+00 -9.95363574e-04  3.54180326e-01  5.58683575e-02  1.00110491e+02  5.00801085e+00  1.03081852e+05 -1.87342031e-01 
 1.79000000e+00  1.29600000e+03  1.85000000e+00 -1.00480285e-03  3.54180326e-01  5.58683575e-02  1.00110491e+02  5.00801085e+00  1.03081852e+05 -1.87342031e-01 
 1.80000000e+00  1.29600000e+03  1.85000000e+00 -1.01423341e-03  3.54180326e-01  5.58683575e-02  1.00110491e+02  5.00801085e+00  1.03081852e+05 -1.87342031e-01 
 1.81000000e+00  1.29600000e+03  1.85000000e+00 -1.02365520e-03  3.54180326e-01  5.58683575e-02  1.00110491e+02  5.00801085e+00  1.03081852e+05 -1.87342031e-01 
 1.82000000e+00  1.29600000e+03  1.85000000e+00 -1.03306815e-03  3.54180326e-01  5.58683575e-02  1.00110491e+02  5.00801085e+00  1.03081852e+05 -1.87342031e-01 
 1.83000000e+00  1.29600000e+03  1.85000000e+00 -1.04247222e-03  3.54180326e-01  5.58683575e-02  1.00110491e+02  5.00801085e+00  1.03081852e+05 -1.87342031e-01 
 1.84000000e+00  1.29600000e+03  1.85000000e+00 -1.05186736e-03  3.54180326e-01  5.58683575e-02  1.00110491e+02  5.00801085e+00  1.03081852e+05 -1.87342031e-01 
 1.85000000e+00  1.29600000e+03  1.85000000e+00 -1.06125350e-03  3.54180326e-01  5.58683575e-02  1.00110491e+02  5.00801085e+00  1.03081852e+05 -1.87342031e-01 
