 v-sweep         run_num         v(drain)        i(vds)          out_vth0        out_u0          out_rdsw        out_nfactor     out_vsat        out_eta0       
 0.00000000e+00  6.11300000e+03  1.85000000e+00 -1.85137520e-12  3.43469623e-01  5.31036638e-02  9.90067006e+01  4.20324982e+00  9.78260752e+04 -1.84863294e-01 
 1.00000000e-02  6.11300000e+03  1.85000000e+00 -1.85137520e-12  3.43469623e-01  5.31036638e-02  9.90067006e+01  4.20324982e+00  9.78260752e+04 -1.84863294e-01 
 2.00000000e-02  6.11300000e+03  1.85000000e+00 -1.85137520e-12  3.43469623e-01  5.31036638e-02  9.90067006e+01  4.20324982e+00  9.78260752e+04 -1.84863294e-01 
 3.00000000e-02  6.11300000e+03  1.85000000e+00 -1.85137520e-12  3.43469623e-01  5.31036638e-02  9.90067006e+01  4.20324982e+00  9.78260752e+04 -1.84863294e-01 
 4.00000000e-02  6.11300000e+03  1.85000000e+00 -1.85137520e-12  3.43469623e-01  5.31036638e-02  9.90067006e+01  4.20324982e+00  9.78260752e+04 -1.84863294e-01 
 5.00000000e-02  6.11300000e+03  1.85000000e+00 -1.85137520e-12  3.43469623e-01  5.31036638e-02  9.90067006e+01  4.20324982e+00  9.78260752e+04 -1.84863294e-01 
 6.00000000e-02  6.11300000e+03  1.85000000e+00 -1.85137520e-12  3.43469623e-01  5.31036638e-02  9.90067006e+01  4.20324982e+00  9.78260752e+04 -1.84863294e-01 
 7.00000000e-02  6.11300000e+03  1.85000000e+00 -1.85137520e-12  3.43469623e-01  5.31036638e-02  9.90067006e+01  4.20324982e+00  9.78260752e+04 -1.84863294e-01 
 8.00000000e-02  6.11300000e+03  1.85000000e+00 -1.85137520e-12  3.43469623e-01  5.31036638e-02  9.90067006e+01  4.20324982e+00  9.78260752e+04 -1.84863294e-01 
 9.00000000e-02  6.11300000e+03  1.85000000e+00 -1.85137520e-12  3.43469623e-01  5.31036638e-02  9.90067006e+01  4.20324982e+00  9.78260752e+04 -1.84863294e-01 
 1.00000000e-01  6.11300000e+03  1.85000000e+00 -1.85137520e-12  3.43469623e-01  5.31036638e-02  9.90067006e+01  4.20324982e+00  9.78260752e+04 -1.84863294e-01 
 1.10000000e-01  6.11300000e+03  1.85000000e+00 -1.85137521e-12  3.43469623e-01  5.31036638e-02  9.90067006e+01  4.20324982e+00  9.78260752e+04 -1.84863294e-01 
 1.20000000e-01  6.11300000e+03  1.85000000e+00 -1.85137522e-12  3.43469623e-01  5.31036638e-02  9.90067006e+01  4.20324982e+00  9.78260752e+04 -1.84863294e-01 
 1.30000000e-01  6.11300000e+03  1.85000000e+00 -1.85137523e-12  3.43469623e-01  5.31036638e-02  9.90067006e+01  4.20324982e+00  9.78260752e+04 -1.84863294e-01 
 1.40000000e-01  6.11300000e+03  1.85000000e+00 -1.85137527e-12  3.43469623e-01  5.31036638e-02  9.90067006e+01  4.20324982e+00  9.78260752e+04 -1.84863294e-01 
 1.50000000e-01  6.11300000e+03  1.85000000e+00 -1.85137534e-12  3.43469623e-01  5.31036638e-02  9.90067006e+01  4.20324982e+00  9.78260752e+04 -1.84863294e-01 
 1.60000000e-01  6.11300000e+03  1.85000000e+00 -1.85137549e-12  3.43469623e-01  5.31036638e-02  9.90067006e+01  4.20324982e+00  9.78260752e+04 -1.84863294e-01 
 1.70000000e-01  6.11300000e+03  1.85000000e+00 -1.85137581e-12  3.43469623e-01  5.31036638e-02  9.90067006e+01  4.20324982e+00  9.78260752e+04 -1.84863294e-01 
 1.80000000e-01  6.11300000e+03  1.85000000e+00 -1.85137645e-12  3.43469623e-01  5.31036638e-02  9.90067006e+01  4.20324982e+00  9.78260752e+04 -1.84863294e-01 
 1.90000000e-01  6.11300000e+03  1.85000000e+00 -1.85137777e-12  3.43469623e-01  5.31036638e-02  9.90067006e+01  4.20324982e+00  9.78260752e+04 -1.84863294e-01 
 2.00000000e-01  6.11300000e+03  1.85000000e+00 -1.85138050e-12  3.43469623e-01  5.31036638e-02  9.90067006e+01  4.20324982e+00  9.78260752e+04 -1.84863294e-01 
 2.10000000e-01  6.11300000e+03  1.85000000e+00 -1.85138610e-12  3.43469623e-01  5.31036638e-02  9.90067006e+01  4.20324982e+00  9.78260752e+04 -1.84863294e-01 
 2.20000000e-01  6.11300000e+03  1.85000000e+00 -1.85139765e-12  3.43469623e-01  5.31036638e-02  9.90067006e+01  4.20324982e+00  9.78260752e+04 -1.84863294e-01 
 2.30000000e-01  6.11300000e+03  1.85000000e+00 -1.85142141e-12  3.43469623e-01  5.31036638e-02  9.90067006e+01  4.20324982e+00  9.78260752e+04 -1.84863294e-01 
 2.40000000e-01  6.11300000e+03  1.85000000e+00 -1.85147035e-12  3.43469623e-01  5.31036638e-02  9.90067006e+01  4.20324982e+00  9.78260752e+04 -1.84863294e-01 
 2.50000000e-01  6.11300000e+03  1.85000000e+00 -1.85157109e-12  3.43469623e-01  5.31036638e-02  9.90067006e+01  4.20324982e+00  9.78260752e+04 -1.84863294e-01 
 2.60000000e-01  6.11300000e+03  1.85000000e+00 -1.85177850e-12  3.43469623e-01  5.31036638e-02  9.90067006e+01  4.20324982e+00  9.78260752e+04 -1.84863294e-01 
 2.70000000e-01  6.11300000e+03  1.85000000e+00 -1.85220551e-12  3.43469623e-01  5.31036638e-02  9.90067006e+01  4.20324982e+00  9.78260752e+04 -1.84863294e-01 
 2.80000000e-01  6.11300000e+03  1.85000000e+00 -1.85308463e-12  3.43469623e-01  5.31036638e-02  9.90067006e+01  4.20324982e+00  9.78260752e+04 -1.84863294e-01 
 2.90000000e-01  6.11300000e+03  1.85000000e+00 -1.85489448e-12  3.43469623e-01  5.31036638e-02  9.90067006e+01  4.20324982e+00  9.78260752e+04 -1.84863294e-01 
 3.00000000e-01  6.11300000e+03  1.85000000e+00 -1.85862036e-12  3.43469623e-01  5.31036638e-02  9.90067006e+01  4.20324982e+00  9.78260752e+04 -1.84863294e-01 
 3.10000000e-01  6.11300000e+03  1.85000000e+00 -1.86629040e-12  3.43469623e-01  5.31036638e-02  9.90067006e+01  4.20324982e+00  9.78260752e+04 -1.84863294e-01 
 3.20000000e-01  6.11300000e+03  1.85000000e+00 -1.88207904e-12  3.43469623e-01  5.31036638e-02  9.90067006e+01  4.20324982e+00  9.78260752e+04 -1.84863294e-01 
 3.30000000e-01  6.11300000e+03  1.85000000e+00 -1.91457716e-12  3.43469623e-01  5.31036638e-02  9.90067006e+01  4.20324982e+00  9.78260752e+04 -1.84863294e-01 
 3.40000000e-01  6.11300000e+03  1.85000000e+00 -1.98146152e-12  3.43469623e-01  5.31036638e-02  9.90067006e+01  4.20324982e+00  9.78260752e+04 -1.84863294e-01 
 3.50000000e-01  6.11300000e+03  1.85000000e+00 -2.11909466e-12  3.43469623e-01  5.31036638e-02  9.90067006e+01  4.20324982e+00  9.78260752e+04 -1.84863294e-01 
 3.60000000e-01  6.11300000e+03  1.85000000e+00 -2.40224966e-12  3.43469623e-01  5.31036638e-02  9.90067006e+01  4.20324982e+00  9.78260752e+04 -1.84863294e-01 
 3.70000000e-01  6.11300000e+03  1.85000000e+00 -2.98460232e-12  3.43469623e-01  5.31036638e-02  9.90067006e+01  4.20324982e+00  9.78260752e+04 -1.84863294e-01 
 3.80000000e-01  6.11300000e+03  1.85000000e+00 -4.18175155e-12  3.43469623e-01  5.31036638e-02  9.90067006e+01  4.20324982e+00  9.78260752e+04 -1.84863294e-01 
 3.90000000e-01  6.11300000e+03  1.85000000e+00 -6.64112718e-12  3.43469623e-01  5.31036638e-02  9.90067006e+01  4.20324982e+00  9.78260752e+04 -1.84863294e-01 
 4.00000000e-01  6.11300000e+03  1.85000000e+00 -1.16888222e-11  3.43469623e-01  5.31036638e-02  9.90067006e+01  4.20324982e+00  9.78260752e+04 -1.84863294e-01 
 4.10000000e-01  6.11300000e+03  1.85000000e+00 -2.20349683e-11  3.43469623e-01  5.31036638e-02  9.90067006e+01  4.20324982e+00  9.78260752e+04 -1.84863294e-01 
 4.20000000e-01  6.11300000e+03  1.85000000e+00 -4.32007516e-11  3.43469623e-01  5.31036638e-02  9.90067006e+01  4.20324982e+00  9.78260752e+04 -1.84863294e-01 
 4.30000000e-01  6.11300000e+03  1.85000000e+00 -8.63837196e-11  3.43469623e-01  5.31036638e-02  9.90067006e+01  4.20324982e+00  9.78260752e+04 -1.84863294e-01 
 4.40000000e-01  6.11300000e+03  1.85000000e+00 -1.74149890e-10  3.43469623e-01  5.31036638e-02  9.90067006e+01  4.20324982e+00  9.78260752e+04 -1.84863294e-01 
 4.50000000e-01  6.11300000e+03  1.85000000e+00 -3.51571873e-10  3.43469623e-01  5.31036638e-02  9.90067006e+01  4.20324982e+00  9.78260752e+04 -1.84863294e-01 
 4.60000000e-01  6.11300000e+03  1.85000000e+00 -7.07565421e-10  3.43469623e-01  5.31036638e-02  9.90067006e+01  4.20324982e+00  9.78260752e+04 -1.84863294e-01 
 4.70000000e-01  6.11300000e+03  1.85000000e+00 -1.41457062e-09  3.43469623e-01  5.31036638e-02  9.90067006e+01  4.20324982e+00  9.78260752e+04 -1.84863294e-01 
 4.80000000e-01  6.11300000e+03  1.85000000e+00 -2.79940879e-09  3.43469623e-01  5.31036638e-02  9.90067006e+01  4.20324982e+00  9.78260752e+04 -1.84863294e-01 
 4.90000000e-01  6.11300000e+03  1.85000000e+00 -5.46306600e-09  3.43469623e-01  5.31036638e-02  9.90067006e+01  4.20324982e+00  9.78260752e+04 -1.84863294e-01 
 5.00000000e-01  6.11300000e+03  1.85000000e+00 -1.04692466e-08  3.43469623e-01  5.31036638e-02  9.90067006e+01  4.20324982e+00  9.78260752e+04 -1.84863294e-01 
 5.10000000e-01  6.11300000e+03  1.85000000e+00 -1.96162933e-08  3.43469623e-01  5.31036638e-02  9.90067006e+01  4.20324982e+00  9.78260752e+04 -1.84863294e-01 
 5.20000000e-01  6.11300000e+03  1.85000000e+00 -3.57938004e-08  3.43469623e-01  5.31036638e-02  9.90067006e+01  4.20324982e+00  9.78260752e+04 -1.84863294e-01 
 5.30000000e-01  6.11300000e+03  1.85000000e+00 -6.34171700e-08  3.43469623e-01  5.31036638e-02  9.90067006e+01  4.20324982e+00  9.78260752e+04 -1.84863294e-01 
 5.40000000e-01  6.11300000e+03  1.85000000e+00 -1.08958942e-07  3.43469623e-01  5.31036638e-02  9.90067006e+01  4.20324982e+00  9.78260752e+04 -1.84863294e-01 
 5.50000000e-01  6.11300000e+03  1.85000000e+00 -1.81669529e-07  3.43469623e-01  5.31036638e-02  9.90067006e+01  4.20324982e+00  9.78260752e+04 -1.84863294e-01 
 5.60000000e-01  6.11300000e+03  1.85000000e+00 -2.94657058e-07  3.43469623e-01  5.31036638e-02  9.90067006e+01  4.20324982e+00  9.78260752e+04 -1.84863294e-01 
 5.70000000e-01  6.11300000e+03  1.85000000e+00 -4.66474913e-07  3.43469623e-01  5.31036638e-02  9.90067006e+01  4.20324982e+00  9.78260752e+04 -1.84863294e-01 
 5.80000000e-01  6.11300000e+03  1.85000000e+00 -7.23156318e-07  3.43469623e-01  5.31036638e-02  9.90067006e+01  4.20324982e+00  9.78260752e+04 -1.84863294e-01 
 5.90000000e-01  6.11300000e+03  1.85000000e+00 -1.10021781e-06  3.43469623e-01  5.31036638e-02  9.90067006e+01  4.20324982e+00  9.78260752e+04 -1.84863294e-01 
 6.00000000e-01  6.11300000e+03  1.85000000e+00 -1.64362796e-06  3.43469623e-01  5.31036638e-02  9.90067006e+01  4.20324982e+00  9.78260752e+04 -1.84863294e-01 
 6.10000000e-01  6.11300000e+03  1.85000000e+00 -2.40843605e-06  3.43469623e-01  5.31036638e-02  9.90067006e+01  4.20324982e+00  9.78260752e+04 -1.84863294e-01 
 6.20000000e-01  6.11300000e+03  1.85000000e+00 -3.45421307e-06  3.43469623e-01  5.31036638e-02  9.90067006e+01  4.20324982e+00  9.78260752e+04 -1.84863294e-01 
 6.30000000e-01  6.11300000e+03  1.85000000e+00 -4.83788794e-06  3.43469623e-01  5.31036638e-02  9.90067006e+01  4.20324982e+00  9.78260752e+04 -1.84863294e-01 
 6.40000000e-01  6.11300000e+03  1.85000000e+00 -6.60619393e-06  3.43469623e-01  5.31036638e-02  9.90067006e+01  4.20324982e+00  9.78260752e+04 -1.84863294e-01 
 6.50000000e-01  6.11300000e+03  1.85000000e+00 -8.79040349e-06  3.43469623e-01  5.31036638e-02  9.90067006e+01  4.20324982e+00  9.78260752e+04 -1.84863294e-01 
 6.60000000e-01  6.11300000e+03  1.85000000e+00 -1.14048323e-05  3.43469623e-01  5.31036638e-02  9.90067006e+01  4.20324982e+00  9.78260752e+04 -1.84863294e-01 
 6.70000000e-01  6.11300000e+03  1.85000000e+00 -1.44487453e-05  3.43469623e-01  5.31036638e-02  9.90067006e+01  4.20324982e+00  9.78260752e+04 -1.84863294e-01 
 6.80000000e-01  6.11300000e+03  1.85000000e+00 -1.79101446e-05  3.43469623e-01  5.31036638e-02  9.90067006e+01  4.20324982e+00  9.78260752e+04 -1.84863294e-01 
 6.90000000e-01  6.11300000e+03  1.85000000e+00 -2.17698731e-05  3.43469623e-01  5.31036638e-02  9.90067006e+01  4.20324982e+00  9.78260752e+04 -1.84863294e-01 
 7.00000000e-01  6.11300000e+03  1.85000000e+00 -2.60050611e-05  3.43469623e-01  5.31036638e-02  9.90067006e+01  4.20324982e+00  9.78260752e+04 -1.84863294e-01 
 7.10000000e-01  6.11300000e+03  1.85000000e+00 -3.05915814e-05  3.43469623e-01  5.31036638e-02  9.90067006e+01  4.20324982e+00  9.78260752e+04 -1.84863294e-01 
 7.20000000e-01  6.11300000e+03  1.85000000e+00 -3.55055811e-05  3.43469623e-01  5.31036638e-02  9.90067006e+01  4.20324982e+00  9.78260752e+04 -1.84863294e-01 
 7.30000000e-01  6.11300000e+03  1.85000000e+00 -4.07243171e-05  3.43469623e-01  5.31036638e-02  9.90067006e+01  4.20324982e+00  9.78260752e+04 -1.84863294e-01 
 7.40000000e-01  6.11300000e+03  1.85000000e+00 -4.62265311e-05  3.43469623e-01  5.31036638e-02  9.90067006e+01  4.20324982e+00  9.78260752e+04 -1.84863294e-01 
 7.50000000e-01  6.11300000e+03  1.85000000e+00 -5.19925525e-05  3.43469623e-01  5.31036638e-02  9.90067006e+01  4.20324982e+00  9.78260752e+04 -1.84863294e-01 
 7.60000000e-01  6.11300000e+03  1.85000000e+00 -5.80042567e-05  3.43469623e-01  5.31036638e-02  9.90067006e+01  4.20324982e+00  9.78260752e+04 -1.84863294e-01 
 7.70000000e-01  6.11300000e+03  1.85000000e+00 -6.42449575e-05  3.43469623e-01  5.31036638e-02  9.90067006e+01  4.20324982e+00  9.78260752e+04 -1.84863294e-01 
 7.80000000e-01  6.11300000e+03  1.85000000e+00 -7.06992774e-05  3.43469623e-01  5.31036638e-02  9.90067006e+01  4.20324982e+00  9.78260752e+04 -1.84863294e-01 
 7.90000000e-01  6.11300000e+03  1.85000000e+00 -7.73530189e-05  3.43469623e-01  5.31036638e-02  9.90067006e+01  4.20324982e+00  9.78260752e+04 -1.84863294e-01 
 8.00000000e-01  6.11300000e+03  1.85000000e+00 -8.41930468e-05  3.43469623e-01  5.31036638e-02  9.90067006e+01  4.20324982e+00  9.78260752e+04 -1.84863294e-01 
 8.10000000e-01  6.11300000e+03  1.85000000e+00 -9.12071846e-05  3.43469623e-01  5.31036638e-02  9.90067006e+01  4.20324982e+00  9.78260752e+04 -1.84863294e-01 
 8.20000000e-01  6.11300000e+03  1.85000000e+00 -9.83841245e-05  3.43469623e-01  5.31036638e-02  9.90067006e+01  4.20324982e+00  9.78260752e+04 -1.84863294e-01 
 8.30000000e-01  6.11300000e+03  1.85000000e+00 -1.05713350e-04  3.43469623e-01  5.31036638e-02  9.90067006e+01  4.20324982e+00  9.78260752e+04 -1.84863294e-01 
 8.40000000e-01  6.11300000e+03  1.85000000e+00 -1.13185069e-04  3.43469623e-01  5.31036638e-02  9.90067006e+01  4.20324982e+00  9.78260752e+04 -1.84863294e-01 
 8.50000000e-01  6.11300000e+03  1.85000000e+00 -1.20790154e-04  3.43469623e-01  5.31036638e-02  9.90067006e+01  4.20324982e+00  9.78260752e+04 -1.84863294e-01 
 8.60000000e-01  6.11300000e+03  1.85000000e+00 -1.28520092e-04  3.43469623e-01  5.31036638e-02  9.90067006e+01  4.20324982e+00  9.78260752e+04 -1.84863294e-01 
 8.70000000e-01  6.11300000e+03  1.85000000e+00 -1.36366938e-04  3.43469623e-01  5.31036638e-02  9.90067006e+01  4.20324982e+00  9.78260752e+04 -1.84863294e-01 
 8.80000000e-01  6.11300000e+03  1.85000000e+00 -1.44323271e-04  3.43469623e-01  5.31036638e-02  9.90067006e+01  4.20324982e+00  9.78260752e+04 -1.84863294e-01 
 8.90000000e-01  6.11300000e+03  1.85000000e+00 -1.52382158e-04  3.43469623e-01  5.31036638e-02  9.90067006e+01  4.20324982e+00  9.78260752e+04 -1.84863294e-01 
 9.00000000e-01  6.11300000e+03  1.85000000e+00 -1.60537118e-04  3.43469623e-01  5.31036638e-02  9.90067006e+01  4.20324982e+00  9.78260752e+04 -1.84863294e-01 
 9.10000000e-01  6.11300000e+03  1.85000000e+00 -1.68782091e-04  3.43469623e-01  5.31036638e-02  9.90067006e+01  4.20324982e+00  9.78260752e+04 -1.84863294e-01 
 9.20000000e-01  6.11300000e+03  1.85000000e+00 -1.77111408e-04  3.43469623e-01  5.31036638e-02  9.90067006e+01  4.20324982e+00  9.78260752e+04 -1.84863294e-01 
 9.30000000e-01  6.11300000e+03  1.85000000e+00 -1.85519765e-04  3.43469623e-01  5.31036638e-02  9.90067006e+01  4.20324982e+00  9.78260752e+04 -1.84863294e-01 
 9.40000000e-01  6.11300000e+03  1.85000000e+00 -1.94002192e-04  3.43469623e-01  5.31036638e-02  9.90067006e+01  4.20324982e+00  9.78260752e+04 -1.84863294e-01 
 9.50000000e-01  6.11300000e+03  1.85000000e+00 -2.02554036e-04  3.43469623e-01  5.31036638e-02  9.90067006e+01  4.20324982e+00  9.78260752e+04 -1.84863294e-01 
 9.60000000e-01  6.11300000e+03  1.85000000e+00 -2.11170937e-04  3.43469623e-01  5.31036638e-02  9.90067006e+01  4.20324982e+00  9.78260752e+04 -1.84863294e-01 
 9.70000000e-01  6.11300000e+03  1.85000000e+00 -2.19848802e-04  3.43469623e-01  5.31036638e-02  9.90067006e+01  4.20324982e+00  9.78260752e+04 -1.84863294e-01 
 9.80000000e-01  6.11300000e+03  1.85000000e+00 -2.28583796e-04  3.43469623e-01  5.31036638e-02  9.90067006e+01  4.20324982e+00  9.78260752e+04 -1.84863294e-01 
 9.90000000e-01  6.11300000e+03  1.85000000e+00 -2.37372317e-04  3.43469623e-01  5.31036638e-02  9.90067006e+01  4.20324982e+00  9.78260752e+04 -1.84863294e-01 
 1.00000000e+00  6.11300000e+03  1.85000000e+00 -2.46210984e-04  3.43469623e-01  5.31036638e-02  9.90067006e+01  4.20324982e+00  9.78260752e+04 -1.84863294e-01 
 1.01000000e+00  6.11300000e+03  1.85000000e+00 -2.55096622e-04  3.43469623e-01  5.31036638e-02  9.90067006e+01  4.20324982e+00  9.78260752e+04 -1.84863294e-01 
 1.02000000e+00  6.11300000e+03  1.85000000e+00 -2.64026243e-04  3.43469623e-01  5.31036638e-02  9.90067006e+01  4.20324982e+00  9.78260752e+04 -1.84863294e-01 
 1.03000000e+00  6.11300000e+03  1.85000000e+00 -2.72997039e-04  3.43469623e-01  5.31036638e-02  9.90067006e+01  4.20324982e+00  9.78260752e+04 -1.84863294e-01 
 1.04000000e+00  6.11300000e+03  1.85000000e+00 -2.82006365e-04  3.43469623e-01  5.31036638e-02  9.90067006e+01  4.20324982e+00  9.78260752e+04 -1.84863294e-01 
 1.05000000e+00  6.11300000e+03  1.85000000e+00 -2.91051733e-04  3.43469623e-01  5.31036638e-02  9.90067006e+01  4.20324982e+00  9.78260752e+04 -1.84863294e-01 
 1.06000000e+00  6.11300000e+03  1.85000000e+00 -3.00130795e-04  3.43469623e-01  5.31036638e-02  9.90067006e+01  4.20324982e+00  9.78260752e+04 -1.84863294e-01 
 1.07000000e+00  6.11300000e+03  1.85000000e+00 -3.09241342e-04  3.43469623e-01  5.31036638e-02  9.90067006e+01  4.20324982e+00  9.78260752e+04 -1.84863294e-01 
 1.08000000e+00  6.11300000e+03  1.85000000e+00 -3.18381287e-04  3.43469623e-01  5.31036638e-02  9.90067006e+01  4.20324982e+00  9.78260752e+04 -1.84863294e-01 
 1.09000000e+00  6.11300000e+03  1.85000000e+00 -3.27548662e-04  3.43469623e-01  5.31036638e-02  9.90067006e+01  4.20324982e+00  9.78260752e+04 -1.84863294e-01 
 1.10000000e+00  6.11300000e+03  1.85000000e+00 -3.36741607e-04  3.43469623e-01  5.31036638e-02  9.90067006e+01  4.20324982e+00  9.78260752e+04 -1.84863294e-01 
 1.11000000e+00  6.11300000e+03  1.85000000e+00 -3.45958366e-04  3.43469623e-01  5.31036638e-02  9.90067006e+01  4.20324982e+00  9.78260752e+04 -1.84863294e-01 
 1.12000000e+00  6.11300000e+03  1.85000000e+00 -3.55197280e-04  3.43469623e-01  5.31036638e-02  9.90067006e+01  4.20324982e+00  9.78260752e+04 -1.84863294e-01 
 1.13000000e+00  6.11300000e+03  1.85000000e+00 -3.64456777e-04  3.43469623e-01  5.31036638e-02  9.90067006e+01  4.20324982e+00  9.78260752e+04 -1.84863294e-01 
 1.14000000e+00  6.11300000e+03  1.85000000e+00 -3.73735372e-04  3.43469623e-01  5.31036638e-02  9.90067006e+01  4.20324982e+00  9.78260752e+04 -1.84863294e-01 
 1.15000000e+00  6.11300000e+03  1.85000000e+00 -3.83031659e-04  3.43469623e-01  5.31036638e-02  9.90067006e+01  4.20324982e+00  9.78260752e+04 -1.84863294e-01 
 1.16000000e+00  6.11300000e+03  1.85000000e+00 -3.92344304e-04  3.43469623e-01  5.31036638e-02  9.90067006e+01  4.20324982e+00  9.78260752e+04 -1.84863294e-01 
 1.17000000e+00  6.11300000e+03  1.85000000e+00 -4.01672046e-04  3.43469623e-01  5.31036638e-02  9.90067006e+01  4.20324982e+00  9.78260752e+04 -1.84863294e-01 
 1.18000000e+00  6.11300000e+03  1.85000000e+00 -4.11013686e-04  3.43469623e-01  5.31036638e-02  9.90067006e+01  4.20324982e+00  9.78260752e+04 -1.84863294e-01 
 1.19000000e+00  6.11300000e+03  1.85000000e+00 -4.20368090e-04  3.43469623e-01  5.31036638e-02  9.90067006e+01  4.20324982e+00  9.78260752e+04 -1.84863294e-01 
 1.20000000e+00  6.11300000e+03  1.85000000e+00 -4.29734181e-04  3.43469623e-01  5.31036638e-02  9.90067006e+01  4.20324982e+00  9.78260752e+04 -1.84863294e-01 
 1.21000000e+00  6.11300000e+03  1.85000000e+00 -4.39110934e-04  3.43469623e-01  5.31036638e-02  9.90067006e+01  4.20324982e+00  9.78260752e+04 -1.84863294e-01 
 1.22000000e+00  6.11300000e+03  1.85000000e+00 -4.48497378e-04  3.43469623e-01  5.31036638e-02  9.90067006e+01  4.20324982e+00  9.78260752e+04 -1.84863294e-01 
 1.23000000e+00  6.11300000e+03  1.85000000e+00 -4.57892591e-04  3.43469623e-01  5.31036638e-02  9.90067006e+01  4.20324982e+00  9.78260752e+04 -1.84863294e-01 
 1.24000000e+00  6.11300000e+03  1.85000000e+00 -4.67295695e-04  3.43469623e-01  5.31036638e-02  9.90067006e+01  4.20324982e+00  9.78260752e+04 -1.84863294e-01 
 1.25000000e+00  6.11300000e+03  1.85000000e+00 -4.76705856e-04  3.43469623e-01  5.31036638e-02  9.90067006e+01  4.20324982e+00  9.78260752e+04 -1.84863294e-01 
 1.26000000e+00  6.11300000e+03  1.85000000e+00 -4.86122280e-04  3.43469623e-01  5.31036638e-02  9.90067006e+01  4.20324982e+00  9.78260752e+04 -1.84863294e-01 
 1.27000000e+00  6.11300000e+03  1.85000000e+00 -4.95544211e-04  3.43469623e-01  5.31036638e-02  9.90067006e+01  4.20324982e+00  9.78260752e+04 -1.84863294e-01 
 1.28000000e+00  6.11300000e+03  1.85000000e+00 -5.04970932e-04  3.43469623e-01  5.31036638e-02  9.90067006e+01  4.20324982e+00  9.78260752e+04 -1.84863294e-01 
 1.29000000e+00  6.11300000e+03  1.85000000e+00 -5.14401758e-04  3.43469623e-01  5.31036638e-02  9.90067006e+01  4.20324982e+00  9.78260752e+04 -1.84863294e-01 
 1.30000000e+00  6.11300000e+03  1.85000000e+00 -5.23836036e-04  3.43469623e-01  5.31036638e-02  9.90067006e+01  4.20324982e+00  9.78260752e+04 -1.84863294e-01 
 1.31000000e+00  6.11300000e+03  1.85000000e+00 -5.33273146e-04  3.43469623e-01  5.31036638e-02  9.90067006e+01  4.20324982e+00  9.78260752e+04 -1.84863294e-01 
 1.32000000e+00  6.11300000e+03  1.85000000e+00 -5.42712496e-04  3.43469623e-01  5.31036638e-02  9.90067006e+01  4.20324982e+00  9.78260752e+04 -1.84863294e-01 
 1.33000000e+00  6.11300000e+03  1.85000000e+00 -5.52153521e-04  3.43469623e-01  5.31036638e-02  9.90067006e+01  4.20324982e+00  9.78260752e+04 -1.84863294e-01 
 1.34000000e+00  6.11300000e+03  1.85000000e+00 -5.61595684e-04  3.43469623e-01  5.31036638e-02  9.90067006e+01  4.20324982e+00  9.78260752e+04 -1.84863294e-01 
 1.35000000e+00  6.11300000e+03  1.85000000e+00 -5.71038470e-04  3.43469623e-01  5.31036638e-02  9.90067006e+01  4.20324982e+00  9.78260752e+04 -1.84863294e-01 
 1.36000000e+00  6.11300000e+03  1.85000000e+00 -5.80481390e-04  3.43469623e-01  5.31036638e-02  9.90067006e+01  4.20324982e+00  9.78260752e+04 -1.84863294e-01 
 1.37000000e+00  6.11300000e+03  1.85000000e+00 -5.89923976e-04  3.43469623e-01  5.31036638e-02  9.90067006e+01  4.20324982e+00  9.78260752e+04 -1.84863294e-01 
 1.38000000e+00  6.11300000e+03  1.85000000e+00 -5.99365783e-04  3.43469623e-01  5.31036638e-02  9.90067006e+01  4.20324982e+00  9.78260752e+04 -1.84863294e-01 
 1.39000000e+00  6.11300000e+03  1.85000000e+00 -6.08806385e-04  3.43469623e-01  5.31036638e-02  9.90067006e+01  4.20324982e+00  9.78260752e+04 -1.84863294e-01 
 1.40000000e+00  6.11300000e+03  1.85000000e+00 -6.18245373e-04  3.43469623e-01  5.31036638e-02  9.90067006e+01  4.20324982e+00  9.78260752e+04 -1.84863294e-01 
 1.41000000e+00  6.11300000e+03  1.85000000e+00 -6.27682361e-04  3.43469623e-01  5.31036638e-02  9.90067006e+01  4.20324982e+00  9.78260752e+04 -1.84863294e-01 
 1.42000000e+00  6.11300000e+03  1.85000000e+00 -6.37116976e-04  3.43469623e-01  5.31036638e-02  9.90067006e+01  4.20324982e+00  9.78260752e+04 -1.84863294e-01 
 1.43000000e+00  6.11300000e+03  1.85000000e+00 -6.46548863e-04  3.43469623e-01  5.31036638e-02  9.90067006e+01  4.20324982e+00  9.78260752e+04 -1.84863294e-01 
 1.44000000e+00  6.11300000e+03  1.85000000e+00 -6.55977685e-04  3.43469623e-01  5.31036638e-02  9.90067006e+01  4.20324982e+00  9.78260752e+04 -1.84863294e-01 
 1.45000000e+00  6.11300000e+03  1.85000000e+00 -6.65403115e-04  3.43469623e-01  5.31036638e-02  9.90067006e+01  4.20324982e+00  9.78260752e+04 -1.84863294e-01 
 1.46000000e+00  6.11300000e+03  1.85000000e+00 -6.74824846e-04  3.43469623e-01  5.31036638e-02  9.90067006e+01  4.20324982e+00  9.78260752e+04 -1.84863294e-01 
 1.47000000e+00  6.11300000e+03  1.85000000e+00 -6.84242579e-04  3.43469623e-01  5.31036638e-02  9.90067006e+01  4.20324982e+00  9.78260752e+04 -1.84863294e-01 
 1.48000000e+00  6.11300000e+03  1.85000000e+00 -6.93656031e-04  3.43469623e-01  5.31036638e-02  9.90067006e+01  4.20324982e+00  9.78260752e+04 -1.84863294e-01 
 1.49000000e+00  6.11300000e+03  1.85000000e+00 -7.03064933e-04  3.43469623e-01  5.31036638e-02  9.90067006e+01  4.20324982e+00  9.78260752e+04 -1.84863294e-01 
 1.50000000e+00  6.11300000e+03  1.85000000e+00 -7.12469023e-04  3.43469623e-01  5.31036638e-02  9.90067006e+01  4.20324982e+00  9.78260752e+04 -1.84863294e-01 
 1.51000000e+00  6.11300000e+03  1.85000000e+00 -7.21868053e-04  3.43469623e-01  5.31036638e-02  9.90067006e+01  4.20324982e+00  9.78260752e+04 -1.84863294e-01 
 1.52000000e+00  6.11300000e+03  1.85000000e+00 -7.31261787e-04  3.43469623e-01  5.31036638e-02  9.90067006e+01  4.20324982e+00  9.78260752e+04 -1.84863294e-01 
 1.53000000e+00  6.11300000e+03  1.85000000e+00 -7.40649997e-04  3.43469623e-01  5.31036638e-02  9.90067006e+01  4.20324982e+00  9.78260752e+04 -1.84863294e-01 
 1.54000000e+00  6.11300000e+03  1.85000000e+00 -7.50032465e-04  3.43469623e-01  5.31036638e-02  9.90067006e+01  4.20324982e+00  9.78260752e+04 -1.84863294e-01 
 1.55000000e+00  6.11300000e+03  1.85000000e+00 -7.59408982e-04  3.43469623e-01  5.31036638e-02  9.90067006e+01  4.20324982e+00  9.78260752e+04 -1.84863294e-01 
 1.56000000e+00  6.11300000e+03  1.85000000e+00 -7.68779349e-04  3.43469623e-01  5.31036638e-02  9.90067006e+01  4.20324982e+00  9.78260752e+04 -1.84863294e-01 
 1.57000000e+00  6.11300000e+03  1.85000000e+00 -7.78143376e-04  3.43469623e-01  5.31036638e-02  9.90067006e+01  4.20324982e+00  9.78260752e+04 -1.84863294e-01 
 1.58000000e+00  6.11300000e+03  1.85000000e+00 -7.87500878e-04  3.43469623e-01  5.31036638e-02  9.90067006e+01  4.20324982e+00  9.78260752e+04 -1.84863294e-01 
 1.59000000e+00  6.11300000e+03  1.85000000e+00 -7.96851680e-04  3.43469623e-01  5.31036638e-02  9.90067006e+01  4.20324982e+00  9.78260752e+04 -1.84863294e-01 
 1.60000000e+00  6.11300000e+03  1.85000000e+00 -8.06195615e-04  3.43469623e-01  5.31036638e-02  9.90067006e+01  4.20324982e+00  9.78260752e+04 -1.84863294e-01 
 1.61000000e+00  6.11300000e+03  1.85000000e+00 -8.15532522e-04  3.43469623e-01  5.31036638e-02  9.90067006e+01  4.20324982e+00  9.78260752e+04 -1.84863294e-01 
 1.62000000e+00  6.11300000e+03  1.85000000e+00 -8.24862246e-04  3.43469623e-01  5.31036638e-02  9.90067006e+01  4.20324982e+00  9.78260752e+04 -1.84863294e-01 
 1.63000000e+00  6.11300000e+03  1.85000000e+00 -8.34184639e-04  3.43469623e-01  5.31036638e-02  9.90067006e+01  4.20324982e+00  9.78260752e+04 -1.84863294e-01 
 1.64000000e+00  6.11300000e+03  1.85000000e+00 -8.43499560e-04  3.43469623e-01  5.31036638e-02  9.90067006e+01  4.20324982e+00  9.78260752e+04 -1.84863294e-01 
 1.65000000e+00  6.11300000e+03  1.85000000e+00 -8.52806872e-04  3.43469623e-01  5.31036638e-02  9.90067006e+01  4.20324982e+00  9.78260752e+04 -1.84863294e-01 
 1.66000000e+00  6.11300000e+03  1.85000000e+00 -8.62106447e-04  3.43469623e-01  5.31036638e-02  9.90067006e+01  4.20324982e+00  9.78260752e+04 -1.84863294e-01 
 1.67000000e+00  6.11300000e+03  1.85000000e+00 -8.71398157e-04  3.43469623e-01  5.31036638e-02  9.90067006e+01  4.20324982e+00  9.78260752e+04 -1.84863294e-01 
 1.68000000e+00  6.11300000e+03  1.85000000e+00 -8.80681885e-04  3.43469623e-01  5.31036638e-02  9.90067006e+01  4.20324982e+00  9.78260752e+04 -1.84863294e-01 
 1.69000000e+00  6.11300000e+03  1.85000000e+00 -8.89957514e-04  3.43469623e-01  5.31036638e-02  9.90067006e+01  4.20324982e+00  9.78260752e+04 -1.84863294e-01 
 1.70000000e+00  6.11300000e+03  1.85000000e+00 -8.99224934e-04  3.43469623e-01  5.31036638e-02  9.90067006e+01  4.20324982e+00  9.78260752e+04 -1.84863294e-01 
 1.71000000e+00  6.11300000e+03  1.85000000e+00 -9.08484040e-04  3.43469623e-01  5.31036638e-02  9.90067006e+01  4.20324982e+00  9.78260752e+04 -1.84863294e-01 
 1.72000000e+00  6.11300000e+03  1.85000000e+00 -9.17734731e-04  3.43469623e-01  5.31036638e-02  9.90067006e+01  4.20324982e+00  9.78260752e+04 -1.84863294e-01 
 1.73000000e+00  6.11300000e+03  1.85000000e+00 -9.26976907e-04  3.43469623e-01  5.31036638e-02  9.90067006e+01  4.20324982e+00  9.78260752e+04 -1.84863294e-01 
 1.74000000e+00  6.11300000e+03  1.85000000e+00 -9.36210477e-04  3.43469623e-01  5.31036638e-02  9.90067006e+01  4.20324982e+00  9.78260752e+04 -1.84863294e-01 
 1.75000000e+00  6.11300000e+03  1.85000000e+00 -9.45435350e-04  3.43469623e-01  5.31036638e-02  9.90067006e+01  4.20324982e+00  9.78260752e+04 -1.84863294e-01 
 1.76000000e+00  6.11300000e+03  1.85000000e+00 -9.54651439e-04  3.43469623e-01  5.31036638e-02  9.90067006e+01  4.20324982e+00  9.78260752e+04 -1.84863294e-01 
 1.77000000e+00  6.11300000e+03  1.85000000e+00 -9.63858662e-04  3.43469623e-01  5.31036638e-02  9.90067006e+01  4.20324982e+00  9.78260752e+04 -1.84863294e-01 
 1.78000000e+00  6.11300000e+03  1.85000000e+00 -9.73056940e-04  3.43469623e-01  5.31036638e-02  9.90067006e+01  4.20324982e+00  9.78260752e+04 -1.84863294e-01 
 1.79000000e+00  6.11300000e+03  1.85000000e+00 -9.82246195e-04  3.43469623e-01  5.31036638e-02  9.90067006e+01  4.20324982e+00  9.78260752e+04 -1.84863294e-01 
 1.80000000e+00  6.11300000e+03  1.85000000e+00 -9.91426353e-04  3.43469623e-01  5.31036638e-02  9.90067006e+01  4.20324982e+00  9.78260752e+04 -1.84863294e-01 
 1.81000000e+00  6.11300000e+03  1.85000000e+00 -1.00059735e-03  3.43469623e-01  5.31036638e-02  9.90067006e+01  4.20324982e+00  9.78260752e+04 -1.84863294e-01 
 1.82000000e+00  6.11300000e+03  1.85000000e+00 -1.00975910e-03  3.43469623e-01  5.31036638e-02  9.90067006e+01  4.20324982e+00  9.78260752e+04 -1.84863294e-01 
 1.83000000e+00  6.11300000e+03  1.85000000e+00 -1.01891156e-03  3.43469623e-01  5.31036638e-02  9.90067006e+01  4.20324982e+00  9.78260752e+04 -1.84863294e-01 
 1.84000000e+00  6.11300000e+03  1.85000000e+00 -1.02805465e-03  3.43469623e-01  5.31036638e-02  9.90067006e+01  4.20324982e+00  9.78260752e+04 -1.84863294e-01 
 1.85000000e+00  6.11300000e+03  1.85000000e+00 -1.03718832e-03  3.43469623e-01  5.31036638e-02  9.90067006e+01  4.20324982e+00  9.78260752e+04 -1.84863294e-01 
