 v-sweep         run_num         v(drain)        i(vds)          out_vth0        out_u0          out_rdsw        out_nfactor     out_vsat        out_eta0       
 0.00000000e+00  7.75300000e+03  1.85000000e+00 -1.85137520e-12  3.72722280e-01  6.06544878e-02  1.02021329e+02  6.40118190e+00  1.12180448e+05 -1.91633124e-01 
 1.00000000e-02  7.75300000e+03  1.85000000e+00 -1.85137520e-12  3.72722280e-01  6.06544878e-02  1.02021329e+02  6.40118190e+00  1.12180448e+05 -1.91633124e-01 
 2.00000000e-02  7.75300000e+03  1.85000000e+00 -1.85137520e-12  3.72722280e-01  6.06544878e-02  1.02021329e+02  6.40118190e+00  1.12180448e+05 -1.91633124e-01 
 3.00000000e-02  7.75300000e+03  1.85000000e+00 -1.85137520e-12  3.72722280e-01  6.06544878e-02  1.02021329e+02  6.40118190e+00  1.12180448e+05 -1.91633124e-01 
 4.00000000e-02  7.75300000e+03  1.85000000e+00 -1.85137520e-12  3.72722280e-01  6.06544878e-02  1.02021329e+02  6.40118190e+00  1.12180448e+05 -1.91633124e-01 
 5.00000000e-02  7.75300000e+03  1.85000000e+00 -1.85137520e-12  3.72722280e-01  6.06544878e-02  1.02021329e+02  6.40118190e+00  1.12180448e+05 -1.91633124e-01 
 6.00000000e-02  7.75300000e+03  1.85000000e+00 -1.85137520e-12  3.72722280e-01  6.06544878e-02  1.02021329e+02  6.40118190e+00  1.12180448e+05 -1.91633124e-01 
 7.00000000e-02  7.75300000e+03  1.85000000e+00 -1.85137520e-12  3.72722280e-01  6.06544878e-02  1.02021329e+02  6.40118190e+00  1.12180448e+05 -1.91633124e-01 
 8.00000000e-02  7.75300000e+03  1.85000000e+00 -1.85137521e-12  3.72722280e-01  6.06544878e-02  1.02021329e+02  6.40118190e+00  1.12180448e+05 -1.91633124e-01 
 9.00000000e-02  7.75300000e+03  1.85000000e+00 -1.85137521e-12  3.72722280e-01  6.06544878e-02  1.02021329e+02  6.40118190e+00  1.12180448e+05 -1.91633124e-01 
 1.00000000e-01  7.75300000e+03  1.85000000e+00 -1.85137522e-12  3.72722280e-01  6.06544878e-02  1.02021329e+02  6.40118190e+00  1.12180448e+05 -1.91633124e-01 
 1.10000000e-01  7.75300000e+03  1.85000000e+00 -1.85137525e-12  3.72722280e-01  6.06544878e-02  1.02021329e+02  6.40118190e+00  1.12180448e+05 -1.91633124e-01 
 1.20000000e-01  7.75300000e+03  1.85000000e+00 -1.85137529e-12  3.72722280e-01  6.06544878e-02  1.02021329e+02  6.40118190e+00  1.12180448e+05 -1.91633124e-01 
 1.30000000e-01  7.75300000e+03  1.85000000e+00 -1.85137536e-12  3.72722280e-01  6.06544878e-02  1.02021329e+02  6.40118190e+00  1.12180448e+05 -1.91633124e-01 
 1.40000000e-01  7.75300000e+03  1.85000000e+00 -1.85137550e-12  3.72722280e-01  6.06544878e-02  1.02021329e+02  6.40118190e+00  1.12180448e+05 -1.91633124e-01 
 1.50000000e-01  7.75300000e+03  1.85000000e+00 -1.85137577e-12  3.72722280e-01  6.06544878e-02  1.02021329e+02  6.40118190e+00  1.12180448e+05 -1.91633124e-01 
 1.60000000e-01  7.75300000e+03  1.85000000e+00 -1.85137626e-12  3.72722280e-01  6.06544878e-02  1.02021329e+02  6.40118190e+00  1.12180448e+05 -1.91633124e-01 
 1.70000000e-01  7.75300000e+03  1.85000000e+00 -1.85137719e-12  3.72722280e-01  6.06544878e-02  1.02021329e+02  6.40118190e+00  1.12180448e+05 -1.91633124e-01 
 1.80000000e-01  7.75300000e+03  1.85000000e+00 -1.85137892e-12  3.72722280e-01  6.06544878e-02  1.02021329e+02  6.40118190e+00  1.12180448e+05 -1.91633124e-01 
 1.90000000e-01  7.75300000e+03  1.85000000e+00 -1.85138215e-12  3.72722280e-01  6.06544878e-02  1.02021329e+02  6.40118190e+00  1.12180448e+05 -1.91633124e-01 
 2.00000000e-01  7.75300000e+03  1.85000000e+00 -1.85138820e-12  3.72722280e-01  6.06544878e-02  1.02021329e+02  6.40118190e+00  1.12180448e+05 -1.91633124e-01 
 2.10000000e-01  7.75300000e+03  1.85000000e+00 -1.85139952e-12  3.72722280e-01  6.06544878e-02  1.02021329e+02  6.40118190e+00  1.12180448e+05 -1.91633124e-01 
 2.20000000e-01  7.75300000e+03  1.85000000e+00 -1.85142068e-12  3.72722280e-01  6.06544878e-02  1.02021329e+02  6.40118190e+00  1.12180448e+05 -1.91633124e-01 
 2.30000000e-01  7.75300000e+03  1.85000000e+00 -1.85146024e-12  3.72722280e-01  6.06544878e-02  1.02021329e+02  6.40118190e+00  1.12180448e+05 -1.91633124e-01 
 2.40000000e-01  7.75300000e+03  1.85000000e+00 -1.85153423e-12  3.72722280e-01  6.06544878e-02  1.02021329e+02  6.40118190e+00  1.12180448e+05 -1.91633124e-01 
 2.50000000e-01  7.75300000e+03  1.85000000e+00 -1.85167260e-12  3.72722280e-01  6.06544878e-02  1.02021329e+02  6.40118190e+00  1.12180448e+05 -1.91633124e-01 
 2.60000000e-01  7.75300000e+03  1.85000000e+00 -1.85193136e-12  3.72722280e-01  6.06544878e-02  1.02021329e+02  6.40118190e+00  1.12180448e+05 -1.91633124e-01 
 2.70000000e-01  7.75300000e+03  1.85000000e+00 -1.85241526e-12  3.72722280e-01  6.06544878e-02  1.02021329e+02  6.40118190e+00  1.12180448e+05 -1.91633124e-01 
 2.80000000e-01  7.75300000e+03  1.85000000e+00 -1.85332016e-12  3.72722280e-01  6.06544878e-02  1.02021329e+02  6.40118190e+00  1.12180448e+05 -1.91633124e-01 
 2.90000000e-01  7.75300000e+03  1.85000000e+00 -1.85501235e-12  3.72722280e-01  6.06544878e-02  1.02021329e+02  6.40118190e+00  1.12180448e+05 -1.91633124e-01 
 3.00000000e-01  7.75300000e+03  1.85000000e+00 -1.85817674e-12  3.72722280e-01  6.06544878e-02  1.02021329e+02  6.40118190e+00  1.12180448e+05 -1.91633124e-01 
 3.10000000e-01  7.75300000e+03  1.85000000e+00 -1.86409410e-12  3.72722280e-01  6.06544878e-02  1.02021329e+02  6.40118190e+00  1.12180448e+05 -1.91633124e-01 
 3.20000000e-01  7.75300000e+03  1.85000000e+00 -1.87515920e-12  3.72722280e-01  6.06544878e-02  1.02021329e+02  6.40118190e+00  1.12180448e+05 -1.91633124e-01 
 3.30000000e-01  7.75300000e+03  1.85000000e+00 -1.89584976e-12  3.72722280e-01  6.06544878e-02  1.02021329e+02  6.40118190e+00  1.12180448e+05 -1.91633124e-01 
 3.40000000e-01  7.75300000e+03  1.85000000e+00 -1.93453748e-12  3.72722280e-01  6.06544878e-02  1.02021329e+02  6.40118190e+00  1.12180448e+05 -1.91633124e-01 
 3.50000000e-01  7.75300000e+03  1.85000000e+00 -2.00687312e-12  3.72722280e-01  6.06544878e-02  1.02021329e+02  6.40118190e+00  1.12180448e+05 -1.91633124e-01 
 3.60000000e-01  7.75300000e+03  1.85000000e+00 -2.14211219e-12  3.72722280e-01  6.06544878e-02  1.02021329e+02  6.40118190e+00  1.12180448e+05 -1.91633124e-01 
 3.70000000e-01  7.75300000e+03  1.85000000e+00 -2.39493239e-12  3.72722280e-01  6.06544878e-02  1.02021329e+02  6.40118190e+00  1.12180448e+05 -1.91633124e-01 
 3.80000000e-01  7.75300000e+03  1.85000000e+00 -2.86750258e-12  3.72722280e-01  6.06544878e-02  1.02021329e+02  6.40118190e+00  1.12180448e+05 -1.91633124e-01 
 3.90000000e-01  7.75300000e+03  1.85000000e+00 -3.75067545e-12  3.72722280e-01  6.06544878e-02  1.02021329e+02  6.40118190e+00  1.12180448e+05 -1.91633124e-01 
 4.00000000e-01  7.75300000e+03  1.85000000e+00 -5.40082175e-12  3.72722280e-01  6.06544878e-02  1.02021329e+02  6.40118190e+00  1.12180448e+05 -1.91633124e-01 
 4.10000000e-01  7.75300000e+03  1.85000000e+00 -8.48300904e-12  3.72722280e-01  6.06544878e-02  1.02021329e+02  6.40118190e+00  1.12180448e+05 -1.91633124e-01 
 4.20000000e-01  7.75300000e+03  1.85000000e+00 -1.42374664e-11  3.72722280e-01  6.06544878e-02  1.02021329e+02  6.40118190e+00  1.12180448e+05 -1.91633124e-01 
 4.30000000e-01  7.75300000e+03  1.85000000e+00 -2.49746164e-11  3.72722280e-01  6.06544878e-02  1.02021329e+02  6.40118190e+00  1.12180448e+05 -1.91633124e-01 
 4.40000000e-01  7.75300000e+03  1.85000000e+00 -4.49925228e-11  3.72722280e-01  6.06544878e-02  1.02021329e+02  6.40118190e+00  1.12180448e+05 -1.91633124e-01 
 4.50000000e-01  7.75300000e+03  1.85000000e+00 -8.22716349e-11  3.72722280e-01  6.06544878e-02  1.02021329e+02  6.40118190e+00  1.12180448e+05 -1.91633124e-01 
 4.60000000e-01  7.75300000e+03  1.85000000e+00 -1.51591456e-10  3.72722280e-01  6.06544878e-02  1.02021329e+02  6.40118190e+00  1.12180448e+05 -1.91633124e-01 
 4.70000000e-01  7.75300000e+03  1.85000000e+00 -2.80227576e-10  3.72722280e-01  6.06544878e-02  1.02021329e+02  6.40118190e+00  1.12180448e+05 -1.91633124e-01 
 4.80000000e-01  7.75300000e+03  1.85000000e+00 -5.18280504e-10  3.72722280e-01  6.06544878e-02  1.02021329e+02  6.40118190e+00  1.12180448e+05 -1.91633124e-01 
 4.90000000e-01  7.75300000e+03  1.85000000e+00 -9.57196608e-10  3.72722280e-01  6.06544878e-02  1.02021329e+02  6.40118190e+00  1.12180448e+05 -1.91633124e-01 
 5.00000000e-01  7.75300000e+03  1.85000000e+00 -1.76249133e-09  3.72722280e-01  6.06544878e-02  1.02021329e+02  6.40118190e+00  1.12180448e+05 -1.91633124e-01 
 5.10000000e-01  7.75300000e+03  1.85000000e+00 -3.23044071e-09  3.72722280e-01  6.06544878e-02  1.02021329e+02  6.40118190e+00  1.12180448e+05 -1.91633124e-01 
 5.20000000e-01  7.75300000e+03  1.85000000e+00 -5.88379489e-09  3.72722280e-01  6.06544878e-02  1.02021329e+02  6.40118190e+00  1.12180448e+05 -1.91633124e-01 
 5.30000000e-01  7.75300000e+03  1.85000000e+00 -1.06280778e-08  3.72722280e-01  6.06544878e-02  1.02021329e+02  6.40118190e+00  1.12180448e+05 -1.91633124e-01 
 5.40000000e-01  7.75300000e+03  1.85000000e+00 -1.89963490e-08  3.72722280e-01  6.06544878e-02  1.02021329e+02  6.40118190e+00  1.12180448e+05 -1.91633124e-01 
 5.50000000e-01  7.75300000e+03  1.85000000e+00 -3.35136153e-08  3.72722280e-01  6.06544878e-02  1.02021329e+02  6.40118190e+00  1.12180448e+05 -1.91633124e-01 
 5.60000000e-01  7.75300000e+03  1.85000000e+00 -5.82095182e-08  3.72722280e-01  6.06544878e-02  1.02021329e+02  6.40118190e+00  1.12180448e+05 -1.91633124e-01 
 5.70000000e-01  7.75300000e+03  1.85000000e+00 -9.93007390e-08  3.72722280e-01  6.06544878e-02  1.02021329e+02  6.40118190e+00  1.12180448e+05 -1.91633124e-01 
 5.80000000e-01  7.75300000e+03  1.85000000e+00 -1.66062965e-07  3.72722280e-01  6.06544878e-02  1.02021329e+02  6.40118190e+00  1.12180448e+05 -1.91633124e-01 
 5.90000000e-01  7.75300000e+03  1.85000000e+00 -2.71930458e-07  3.72722280e-01  6.06544878e-02  1.02021329e+02  6.40118190e+00  1.12180448e+05 -1.91633124e-01 
 6.00000000e-01  7.75300000e+03  1.85000000e+00 -4.35890600e-07  3.72722280e-01  6.06544878e-02  1.02021329e+02  6.40118190e+00  1.12180448e+05 -1.91633124e-01 
 6.10000000e-01  7.75300000e+03  1.85000000e+00 -6.84215385e-07  3.72722280e-01  6.06544878e-02  1.02021329e+02  6.40118190e+00  1.12180448e+05 -1.91633124e-01 
 6.20000000e-01  7.75300000e+03  1.85000000e+00 -1.05238318e-06  3.72722280e-01  6.06544878e-02  1.02021329e+02  6.40118190e+00  1.12180448e+05 -1.91633124e-01 
 6.30000000e-01  7.75300000e+03  1.85000000e+00 -1.58664751e-06  3.72722280e-01  6.06544878e-02  1.02021329e+02  6.40118190e+00  1.12180448e+05 -1.91633124e-01 
 6.40000000e-01  7.75300000e+03  1.85000000e+00 -2.34425955e-06  3.72722280e-01  6.06544878e-02  1.02021329e+02  6.40118190e+00  1.12180448e+05 -1.91633124e-01 
 6.50000000e-01  7.75300000e+03  1.85000000e+00 -3.39122064e-06  3.72722280e-01  6.06544878e-02  1.02021329e+02  6.40118190e+00  1.12180448e+05 -1.91633124e-01 
 6.60000000e-01  7.75300000e+03  1.85000000e+00 -4.79700949e-06  3.72722280e-01  6.06544878e-02  1.02021329e+02  6.40118190e+00  1.12180448e+05 -1.91633124e-01 
 6.70000000e-01  7.75300000e+03  1.85000000e+00 -6.62698152e-06  3.72722280e-01  6.06544878e-02  1.02021329e+02  6.40118190e+00  1.12180448e+05 -1.91633124e-01 
 6.80000000e-01  7.75300000e+03  1.85000000e+00 -8.93442608e-06  3.72722280e-01  6.06544878e-02  1.02021329e+02  6.40118190e+00  1.12180448e+05 -1.91633124e-01 
 6.90000000e-01  7.75300000e+03  1.85000000e+00 -1.17546754e-05  3.72722280e-01  6.06544878e-02  1.02021329e+02  6.40118190e+00  1.12180448e+05 -1.91633124e-01 
 7.00000000e-01  7.75300000e+03  1.85000000e+00 -1.51028263e-05  3.72722280e-01  6.06544878e-02  1.02021329e+02  6.40118190e+00  1.12180448e+05 -1.91633124e-01 
 7.10000000e-01  7.75300000e+03  1.85000000e+00 -1.89751321e-05  3.72722280e-01  6.06544878e-02  1.02021329e+02  6.40118190e+00  1.12180448e+05 -1.91633124e-01 
 7.20000000e-01  7.75300000e+03  1.85000000e+00 -2.33529051e-05  3.72722280e-01  6.06544878e-02  1.02021329e+02  6.40118190e+00  1.12180448e+05 -1.91633124e-01 
 7.30000000e-01  7.75300000e+03  1.85000000e+00 -2.82073721e-05  3.72722280e-01  6.06544878e-02  1.02021329e+02  6.40118190e+00  1.12180448e+05 -1.91633124e-01 
 7.40000000e-01  7.75300000e+03  1.85000000e+00 -3.35042341e-05  3.72722280e-01  6.06544878e-02  1.02021329e+02  6.40118190e+00  1.12180448e+05 -1.91633124e-01 
 7.50000000e-01  7.75300000e+03  1.85000000e+00 -3.92072573e-05  3.72722280e-01  6.06544878e-02  1.02021329e+02  6.40118190e+00  1.12180448e+05 -1.91633124e-01 
 7.60000000e-01  7.75300000e+03  1.85000000e+00 -4.52807342e-05  3.72722280e-01  6.06544878e-02  1.02021329e+02  6.40118190e+00  1.12180448e+05 -1.91633124e-01 
 7.70000000e-01  7.75300000e+03  1.85000000e+00 -5.16909506e-05  3.72722280e-01  6.06544878e-02  1.02021329e+02  6.40118190e+00  1.12180448e+05 -1.91633124e-01 
 7.80000000e-01  7.75300000e+03  1.85000000e+00 -5.84069103e-05  3.72722280e-01  6.06544878e-02  1.02021329e+02  6.40118190e+00  1.12180448e+05 -1.91633124e-01 
 7.90000000e-01  7.75300000e+03  1.85000000e+00 -6.54005689e-05  3.72722280e-01  6.06544878e-02  1.02021329e+02  6.40118190e+00  1.12180448e+05 -1.91633124e-01 
 8.00000000e-01  7.75300000e+03  1.85000000e+00 -7.26467747e-05  3.72722280e-01  6.06544878e-02  1.02021329e+02  6.40118190e+00  1.12180448e+05 -1.91633124e-01 
 8.10000000e-01  7.75300000e+03  1.85000000e+00 -8.01230592e-05  3.72722280e-01  6.06544878e-02  1.02021329e+02  6.40118190e+00  1.12180448e+05 -1.91633124e-01 
 8.20000000e-01  7.75300000e+03  1.85000000e+00 -8.78093647e-05  3.72722280e-01  6.06544878e-02  1.02021329e+02  6.40118190e+00  1.12180448e+05 -1.91633124e-01 
 8.30000000e-01  7.75300000e+03  1.85000000e+00 -9.56877613e-05  3.72722280e-01  6.06544878e-02  1.02021329e+02  6.40118190e+00  1.12180448e+05 -1.91633124e-01 
 8.40000000e-01  7.75300000e+03  1.85000000e+00 -1.03742180e-04  3.72722280e-01  6.06544878e-02  1.02021329e+02  6.40118190e+00  1.12180448e+05 -1.91633124e-01 
 8.50000000e-01  7.75300000e+03  1.85000000e+00 -1.11958175e-04  3.72722280e-01  6.06544878e-02  1.02021329e+02  6.40118190e+00  1.12180448e+05 -1.91633124e-01 
 8.60000000e-01  7.75300000e+03  1.85000000e+00 -1.20322715e-04  3.72722280e-01  6.06544878e-02  1.02021329e+02  6.40118190e+00  1.12180448e+05 -1.91633124e-01 
 8.70000000e-01  7.75300000e+03  1.85000000e+00 -1.28824008e-04  3.72722280e-01  6.06544878e-02  1.02021329e+02  6.40118190e+00  1.12180448e+05 -1.91633124e-01 
 8.80000000e-01  7.75300000e+03  1.85000000e+00 -1.37451348e-04  3.72722280e-01  6.06544878e-02  1.02021329e+02  6.40118190e+00  1.12180448e+05 -1.91633124e-01 
 8.90000000e-01  7.75300000e+03  1.85000000e+00 -1.46194990e-04  3.72722280e-01  6.06544878e-02  1.02021329e+02  6.40118190e+00  1.12180448e+05 -1.91633124e-01 
 9.00000000e-01  7.75300000e+03  1.85000000e+00 -1.55046038e-04  3.72722280e-01  6.06544878e-02  1.02021329e+02  6.40118190e+00  1.12180448e+05 -1.91633124e-01 
 9.10000000e-01  7.75300000e+03  1.85000000e+00 -1.63996357e-04  3.72722280e-01  6.06544878e-02  1.02021329e+02  6.40118190e+00  1.12180448e+05 -1.91633124e-01 
 9.20000000e-01  7.75300000e+03  1.85000000e+00 -1.73038488e-04  3.72722280e-01  6.06544878e-02  1.02021329e+02  6.40118190e+00  1.12180448e+05 -1.91633124e-01 
 9.30000000e-01  7.75300000e+03  1.85000000e+00 -1.82165583e-04  3.72722280e-01  6.06544878e-02  1.02021329e+02  6.40118190e+00  1.12180448e+05 -1.91633124e-01 
 9.40000000e-01  7.75300000e+03  1.85000000e+00 -1.91371345e-04  3.72722280e-01  6.06544878e-02  1.02021329e+02  6.40118190e+00  1.12180448e+05 -1.91633124e-01 
 9.50000000e-01  7.75300000e+03  1.85000000e+00 -2.00649972e-04  3.72722280e-01  6.06544878e-02  1.02021329e+02  6.40118190e+00  1.12180448e+05 -1.91633124e-01 
 9.60000000e-01  7.75300000e+03  1.85000000e+00 -2.09996113e-04  3.72722280e-01  6.06544878e-02  1.02021329e+02  6.40118190e+00  1.12180448e+05 -1.91633124e-01 
 9.70000000e-01  7.75300000e+03  1.85000000e+00 -2.19404824e-04  3.72722280e-01  6.06544878e-02  1.02021329e+02  6.40118190e+00  1.12180448e+05 -1.91633124e-01 
 9.80000000e-01  7.75300000e+03  1.85000000e+00 -2.28871535e-04  3.72722280e-01  6.06544878e-02  1.02021329e+02  6.40118190e+00  1.12180448e+05 -1.91633124e-01 
 9.90000000e-01  7.75300000e+03  1.85000000e+00 -2.38392017e-04  3.72722280e-01  6.06544878e-02  1.02021329e+02  6.40118190e+00  1.12180448e+05 -1.91633124e-01 
 1.00000000e+00  7.75300000e+03  1.85000000e+00 -2.47962351e-04  3.72722280e-01  6.06544878e-02  1.02021329e+02  6.40118190e+00  1.12180448e+05 -1.91633124e-01 
 1.01000000e+00  7.75300000e+03  1.85000000e+00 -2.57578901e-04  3.72722280e-01  6.06544878e-02  1.02021329e+02  6.40118190e+00  1.12180448e+05 -1.91633124e-01 
 1.02000000e+00  7.75300000e+03  1.85000000e+00 -2.67238294e-04  3.72722280e-01  6.06544878e-02  1.02021329e+02  6.40118190e+00  1.12180448e+05 -1.91633124e-01 
 1.03000000e+00  7.75300000e+03  1.85000000e+00 -2.76937392e-04  3.72722280e-01  6.06544878e-02  1.02021329e+02  6.40118190e+00  1.12180448e+05 -1.91633124e-01 
 1.04000000e+00  7.75300000e+03  1.85000000e+00 -2.86673277e-04  3.72722280e-01  6.06544878e-02  1.02021329e+02  6.40118190e+00  1.12180448e+05 -1.91633124e-01 
 1.05000000e+00  7.75300000e+03  1.85000000e+00 -2.96443232e-04  3.72722280e-01  6.06544878e-02  1.02021329e+02  6.40118190e+00  1.12180448e+05 -1.91633124e-01 
 1.06000000e+00  7.75300000e+03  1.85000000e+00 -3.06244725e-04  3.72722280e-01  6.06544878e-02  1.02021329e+02  6.40118190e+00  1.12180448e+05 -1.91633124e-01 
 1.07000000e+00  7.75300000e+03  1.85000000e+00 -3.16075393e-04  3.72722280e-01  6.06544878e-02  1.02021329e+02  6.40118190e+00  1.12180448e+05 -1.91633124e-01 
 1.08000000e+00  7.75300000e+03  1.85000000e+00 -3.25933032e-04  3.72722280e-01  6.06544878e-02  1.02021329e+02  6.40118190e+00  1.12180448e+05 -1.91633124e-01 
 1.09000000e+00  7.75300000e+03  1.85000000e+00 -3.35815580e-04  3.72722280e-01  6.06544878e-02  1.02021329e+02  6.40118190e+00  1.12180448e+05 -1.91633124e-01 
 1.10000000e+00  7.75300000e+03  1.85000000e+00 -3.45721113e-04  3.72722280e-01  6.06544878e-02  1.02021329e+02  6.40118190e+00  1.12180448e+05 -1.91633124e-01 
 1.11000000e+00  7.75300000e+03  1.85000000e+00 -3.55647826e-04  3.72722280e-01  6.06544878e-02  1.02021329e+02  6.40118190e+00  1.12180448e+05 -1.91633124e-01 
 1.12000000e+00  7.75300000e+03  1.85000000e+00 -3.65594030e-04  3.72722280e-01  6.06544878e-02  1.02021329e+02  6.40118190e+00  1.12180448e+05 -1.91633124e-01 
 1.13000000e+00  7.75300000e+03  1.85000000e+00 -3.75558144e-04  3.72722280e-01  6.06544878e-02  1.02021329e+02  6.40118190e+00  1.12180448e+05 -1.91633124e-01 
 1.14000000e+00  7.75300000e+03  1.85000000e+00 -3.85538684e-04  3.72722280e-01  6.06544878e-02  1.02021329e+02  6.40118190e+00  1.12180448e+05 -1.91633124e-01 
 1.15000000e+00  7.75300000e+03  1.85000000e+00 -3.95534255e-04  3.72722280e-01  6.06544878e-02  1.02021329e+02  6.40118190e+00  1.12180448e+05 -1.91633124e-01 
 1.16000000e+00  7.75300000e+03  1.85000000e+00 -4.05543549e-04  3.72722280e-01  6.06544878e-02  1.02021329e+02  6.40118190e+00  1.12180448e+05 -1.91633124e-01 
 1.17000000e+00  7.75300000e+03  1.85000000e+00 -4.15565338e-04  3.72722280e-01  6.06544878e-02  1.02021329e+02  6.40118190e+00  1.12180448e+05 -1.91633124e-01 
 1.18000000e+00  7.75300000e+03  1.85000000e+00 -4.25598464e-04  3.72722280e-01  6.06544878e-02  1.02021329e+02  6.40118190e+00  1.12180448e+05 -1.91633124e-01 
 1.19000000e+00  7.75300000e+03  1.85000000e+00 -4.35641839e-04  3.72722280e-01  6.06544878e-02  1.02021329e+02  6.40118190e+00  1.12180448e+05 -1.91633124e-01 
 1.20000000e+00  7.75300000e+03  1.85000000e+00 -4.45694440e-04  3.72722280e-01  6.06544878e-02  1.02021329e+02  6.40118190e+00  1.12180448e+05 -1.91633124e-01 
 1.21000000e+00  7.75300000e+03  1.85000000e+00 -4.55755300e-04  3.72722280e-01  6.06544878e-02  1.02021329e+02  6.40118190e+00  1.12180448e+05 -1.91633124e-01 
 1.22000000e+00  7.75300000e+03  1.85000000e+00 -4.65823512e-04  3.72722280e-01  6.06544878e-02  1.02021329e+02  6.40118190e+00  1.12180448e+05 -1.91633124e-01 
 1.23000000e+00  7.75300000e+03  1.85000000e+00 -4.75898215e-04  3.72722280e-01  6.06544878e-02  1.02021329e+02  6.40118190e+00  1.12180448e+05 -1.91633124e-01 
 1.24000000e+00  7.75300000e+03  1.85000000e+00 -4.85978603e-04  3.72722280e-01  6.06544878e-02  1.02021329e+02  6.40118190e+00  1.12180448e+05 -1.91633124e-01 
 1.25000000e+00  7.75300000e+03  1.85000000e+00 -4.96063910e-04  3.72722280e-01  6.06544878e-02  1.02021329e+02  6.40118190e+00  1.12180448e+05 -1.91633124e-01 
 1.26000000e+00  7.75300000e+03  1.85000000e+00 -5.06153415e-04  3.72722280e-01  6.06544878e-02  1.02021329e+02  6.40118190e+00  1.12180448e+05 -1.91633124e-01 
 1.27000000e+00  7.75300000e+03  1.85000000e+00 -5.16246437e-04  3.72722280e-01  6.06544878e-02  1.02021329e+02  6.40118190e+00  1.12180448e+05 -1.91633124e-01 
 1.28000000e+00  7.75300000e+03  1.85000000e+00 -5.26342332e-04  3.72722280e-01  6.06544878e-02  1.02021329e+02  6.40118190e+00  1.12180448e+05 -1.91633124e-01 
 1.29000000e+00  7.75300000e+03  1.85000000e+00 -5.36440490e-04  3.72722280e-01  6.06544878e-02  1.02021329e+02  6.40118190e+00  1.12180448e+05 -1.91633124e-01 
 1.30000000e+00  7.75300000e+03  1.85000000e+00 -5.46540336e-04  3.72722280e-01  6.06544878e-02  1.02021329e+02  6.40118190e+00  1.12180448e+05 -1.91633124e-01 
 1.31000000e+00  7.75300000e+03  1.85000000e+00 -5.56641325e-04  3.72722280e-01  6.06544878e-02  1.02021329e+02  6.40118190e+00  1.12180448e+05 -1.91633124e-01 
 1.32000000e+00  7.75300000e+03  1.85000000e+00 -5.66742939e-04  3.72722280e-01  6.06544878e-02  1.02021329e+02  6.40118190e+00  1.12180448e+05 -1.91633124e-01 
 1.33000000e+00  7.75300000e+03  1.85000000e+00 -5.76844692e-04  3.72722280e-01  6.06544878e-02  1.02021329e+02  6.40118190e+00  1.12180448e+05 -1.91633124e-01 
 1.34000000e+00  7.75300000e+03  1.85000000e+00 -5.86946121e-04  3.72722280e-01  6.06544878e-02  1.02021329e+02  6.40118190e+00  1.12180448e+05 -1.91633124e-01 
 1.35000000e+00  7.75300000e+03  1.85000000e+00 -5.97046786e-04  3.72722280e-01  6.06544878e-02  1.02021329e+02  6.40118190e+00  1.12180448e+05 -1.91633124e-01 
 1.36000000e+00  7.75300000e+03  1.85000000e+00 -6.07146273e-04  3.72722280e-01  6.06544878e-02  1.02021329e+02  6.40118190e+00  1.12180448e+05 -1.91633124e-01 
 1.37000000e+00  7.75300000e+03  1.85000000e+00 -6.17244188e-04  3.72722280e-01  6.06544878e-02  1.02021329e+02  6.40118190e+00  1.12180448e+05 -1.91633124e-01 
 1.38000000e+00  7.75300000e+03  1.85000000e+00 -6.27340158e-04  3.72722280e-01  6.06544878e-02  1.02021329e+02  6.40118190e+00  1.12180448e+05 -1.91633124e-01 
 1.39000000e+00  7.75300000e+03  1.85000000e+00 -6.37433829e-04  3.72722280e-01  6.06544878e-02  1.02021329e+02  6.40118190e+00  1.12180448e+05 -1.91633124e-01 
 1.40000000e+00  7.75300000e+03  1.85000000e+00 -6.47524865e-04  3.72722280e-01  6.06544878e-02  1.02021329e+02  6.40118190e+00  1.12180448e+05 -1.91633124e-01 
 1.41000000e+00  7.75300000e+03  1.85000000e+00 -6.57612947e-04  3.72722280e-01  6.06544878e-02  1.02021329e+02  6.40118190e+00  1.12180448e+05 -1.91633124e-01 
 1.42000000e+00  7.75300000e+03  1.85000000e+00 -6.67697774e-04  3.72722280e-01  6.06544878e-02  1.02021329e+02  6.40118190e+00  1.12180448e+05 -1.91633124e-01 
 1.43000000e+00  7.75300000e+03  1.85000000e+00 -6.77779058e-04  3.72722280e-01  6.06544878e-02  1.02021329e+02  6.40118190e+00  1.12180448e+05 -1.91633124e-01 
 1.44000000e+00  7.75300000e+03  1.85000000e+00 -6.87856527e-04  3.72722280e-01  6.06544878e-02  1.02021329e+02  6.40118190e+00  1.12180448e+05 -1.91633124e-01 
 1.45000000e+00  7.75300000e+03  1.85000000e+00 -6.97929922e-04  3.72722280e-01  6.06544878e-02  1.02021329e+02  6.40118190e+00  1.12180448e+05 -1.91633124e-01 
 1.46000000e+00  7.75300000e+03  1.85000000e+00 -7.07998999e-04  3.72722280e-01  6.06544878e-02  1.02021329e+02  6.40118190e+00  1.12180448e+05 -1.91633124e-01 
 1.47000000e+00  7.75300000e+03  1.85000000e+00 -7.18063525e-04  3.72722280e-01  6.06544878e-02  1.02021329e+02  6.40118190e+00  1.12180448e+05 -1.91633124e-01 
 1.48000000e+00  7.75300000e+03  1.85000000e+00 -7.28123277e-04  3.72722280e-01  6.06544878e-02  1.02021329e+02  6.40118190e+00  1.12180448e+05 -1.91633124e-01 
 1.49000000e+00  7.75300000e+03  1.85000000e+00 -7.38178045e-04  3.72722280e-01  6.06544878e-02  1.02021329e+02  6.40118190e+00  1.12180448e+05 -1.91633124e-01 
 1.50000000e+00  7.75300000e+03  1.85000000e+00 -7.48227631e-04  3.72722280e-01  6.06544878e-02  1.02021329e+02  6.40118190e+00  1.12180448e+05 -1.91633124e-01 
 1.51000000e+00  7.75300000e+03  1.85000000e+00 -7.58271844e-04  3.72722280e-01  6.06544878e-02  1.02021329e+02  6.40118190e+00  1.12180448e+05 -1.91633124e-01 
 1.52000000e+00  7.75300000e+03  1.85000000e+00 -7.68310504e-04  3.72722280e-01  6.06544878e-02  1.02021329e+02  6.40118190e+00  1.12180448e+05 -1.91633124e-01 
 1.53000000e+00  7.75300000e+03  1.85000000e+00 -7.78343439e-04  3.72722280e-01  6.06544878e-02  1.02021329e+02  6.40118190e+00  1.12180448e+05 -1.91633124e-01 
 1.54000000e+00  7.75300000e+03  1.85000000e+00 -7.88370488e-04  3.72722280e-01  6.06544878e-02  1.02021329e+02  6.40118190e+00  1.12180448e+05 -1.91633124e-01 
 1.55000000e+00  7.75300000e+03  1.85000000e+00 -7.98391495e-04  3.72722280e-01  6.06544878e-02  1.02021329e+02  6.40118190e+00  1.12180448e+05 -1.91633124e-01 
 1.56000000e+00  7.75300000e+03  1.85000000e+00 -8.08406313e-04  3.72722280e-01  6.06544878e-02  1.02021329e+02  6.40118190e+00  1.12180448e+05 -1.91633124e-01 
 1.57000000e+00  7.75300000e+03  1.85000000e+00 -8.18414803e-04  3.72722280e-01  6.06544878e-02  1.02021329e+02  6.40118190e+00  1.12180448e+05 -1.91633124e-01 
 1.58000000e+00  7.75300000e+03  1.85000000e+00 -8.28416832e-04  3.72722280e-01  6.06544878e-02  1.02021329e+02  6.40118190e+00  1.12180448e+05 -1.91633124e-01 
 1.59000000e+00  7.75300000e+03  1.85000000e+00 -8.38412273e-04  3.72722280e-01  6.06544878e-02  1.02021329e+02  6.40118190e+00  1.12180448e+05 -1.91633124e-01 
 1.60000000e+00  7.75300000e+03  1.85000000e+00 -8.48401007e-04  3.72722280e-01  6.06544878e-02  1.02021329e+02  6.40118190e+00  1.12180448e+05 -1.91633124e-01 
 1.61000000e+00  7.75300000e+03  1.85000000e+00 -8.58382919e-04  3.72722280e-01  6.06544878e-02  1.02021329e+02  6.40118190e+00  1.12180448e+05 -1.91633124e-01 
 1.62000000e+00  7.75300000e+03  1.85000000e+00 -8.68357901e-04  3.72722280e-01  6.06544878e-02  1.02021329e+02  6.40118190e+00  1.12180448e+05 -1.91633124e-01 
 1.63000000e+00  7.75300000e+03  1.85000000e+00 -8.78325850e-04  3.72722280e-01  6.06544878e-02  1.02021329e+02  6.40118190e+00  1.12180448e+05 -1.91633124e-01 
 1.64000000e+00  7.75300000e+03  1.85000000e+00 -8.88286667e-04  3.72722280e-01  6.06544878e-02  1.02021329e+02  6.40118190e+00  1.12180448e+05 -1.91633124e-01 
 1.65000000e+00  7.75300000e+03  1.85000000e+00 -8.98240261e-04  3.72722280e-01  6.06544878e-02  1.02021329e+02  6.40118190e+00  1.12180448e+05 -1.91633124e-01 
 1.66000000e+00  7.75300000e+03  1.85000000e+00 -9.08186540e-04  3.72722280e-01  6.06544878e-02  1.02021329e+02  6.40118190e+00  1.12180448e+05 -1.91633124e-01 
 1.67000000e+00  7.75300000e+03  1.85000000e+00 -9.18125422e-04  3.72722280e-01  6.06544878e-02  1.02021329e+02  6.40118190e+00  1.12180448e+05 -1.91633124e-01 
 1.68000000e+00  7.75300000e+03  1.85000000e+00 -9.28056826e-04  3.72722280e-01  6.06544878e-02  1.02021329e+02  6.40118190e+00  1.12180448e+05 -1.91633124e-01 
 1.69000000e+00  7.75300000e+03  1.85000000e+00 -9.37980676e-04  3.72722280e-01  6.06544878e-02  1.02021329e+02  6.40118190e+00  1.12180448e+05 -1.91633124e-01 
 1.70000000e+00  7.75300000e+03  1.85000000e+00 -9.47896898e-04  3.72722280e-01  6.06544878e-02  1.02021329e+02  6.40118190e+00  1.12180448e+05 -1.91633124e-01 
 1.71000000e+00  7.75300000e+03  1.85000000e+00 -9.57805425e-04  3.72722280e-01  6.06544878e-02  1.02021329e+02  6.40118190e+00  1.12180448e+05 -1.91633124e-01 
 1.72000000e+00  7.75300000e+03  1.85000000e+00 -9.67706189e-04  3.72722280e-01  6.06544878e-02  1.02021329e+02  6.40118190e+00  1.12180448e+05 -1.91633124e-01 
 1.73000000e+00  7.75300000e+03  1.85000000e+00 -9.77599128e-04  3.72722280e-01  6.06544878e-02  1.02021329e+02  6.40118190e+00  1.12180448e+05 -1.91633124e-01 
 1.74000000e+00  7.75300000e+03  1.85000000e+00 -9.87484183e-04  3.72722280e-01  6.06544878e-02  1.02021329e+02  6.40118190e+00  1.12180448e+05 -1.91633124e-01 
 1.75000000e+00  7.75300000e+03  1.85000000e+00 -9.97361296e-04  3.72722280e-01  6.06544878e-02  1.02021329e+02  6.40118190e+00  1.12180448e+05 -1.91633124e-01 
 1.76000000e+00  7.75300000e+03  1.85000000e+00 -1.00723041e-03  3.72722280e-01  6.06544878e-02  1.02021329e+02  6.40118190e+00  1.12180448e+05 -1.91633124e-01 
 1.77000000e+00  7.75300000e+03  1.85000000e+00 -1.01709149e-03  3.72722280e-01  6.06544878e-02  1.02021329e+02  6.40118190e+00  1.12180448e+05 -1.91633124e-01 
 1.78000000e+00  7.75300000e+03  1.85000000e+00 -1.02694446e-03  3.72722280e-01  6.06544878e-02  1.02021329e+02  6.40118190e+00  1.12180448e+05 -1.91633124e-01 
 1.79000000e+00  7.75300000e+03  1.85000000e+00 -1.03678929e-03  3.72722280e-01  6.06544878e-02  1.02021329e+02  6.40118190e+00  1.12180448e+05 -1.91633124e-01 
 1.80000000e+00  7.75300000e+03  1.85000000e+00 -1.04662594e-03  3.72722280e-01  6.06544878e-02  1.02021329e+02  6.40118190e+00  1.12180448e+05 -1.91633124e-01 
 1.81000000e+00  7.75300000e+03  1.85000000e+00 -1.05645435e-03  3.72722280e-01  6.06544878e-02  1.02021329e+02  6.40118190e+00  1.12180448e+05 -1.91633124e-01 
 1.82000000e+00  7.75300000e+03  1.85000000e+00 -1.06627449e-03  3.72722280e-01  6.06544878e-02  1.02021329e+02  6.40118190e+00  1.12180448e+05 -1.91633124e-01 
 1.83000000e+00  7.75300000e+03  1.85000000e+00 -1.07608632e-03  3.72722280e-01  6.06544878e-02  1.02021329e+02  6.40118190e+00  1.12180448e+05 -1.91633124e-01 
 1.84000000e+00  7.75300000e+03  1.85000000e+00 -1.08588981e-03  3.72722280e-01  6.06544878e-02  1.02021329e+02  6.40118190e+00  1.12180448e+05 -1.91633124e-01 
 1.85000000e+00  7.75300000e+03  1.85000000e+00 -1.09568491e-03  3.72722280e-01  6.06544878e-02  1.02021329e+02  6.40118190e+00  1.12180448e+05 -1.91633124e-01 
