 v-sweep         run_num         v(drain)        i(vds)          out_vth0        out_u0          out_rdsw        out_nfactor     out_vsat        out_eta0       
 0.00000000e+00  3.82900000e+03  1.85000000e+00 -1.85137520e-12  3.86761734e-01  6.42784132e-02  1.03468163e+02  7.45605246e+00  1.19069653e+05 -1.94882221e-01 
 1.00000000e-02  3.82900000e+03  1.85000000e+00 -1.85137520e-12  3.86761734e-01  6.42784132e-02  1.03468163e+02  7.45605246e+00  1.19069653e+05 -1.94882221e-01 
 2.00000000e-02  3.82900000e+03  1.85000000e+00 -1.85137520e-12  3.86761734e-01  6.42784132e-02  1.03468163e+02  7.45605246e+00  1.19069653e+05 -1.94882221e-01 
 3.00000000e-02  3.82900000e+03  1.85000000e+00 -1.85137520e-12  3.86761734e-01  6.42784132e-02  1.03468163e+02  7.45605246e+00  1.19069653e+05 -1.94882221e-01 
 4.00000000e-02  3.82900000e+03  1.85000000e+00 -1.85137520e-12  3.86761734e-01  6.42784132e-02  1.03468163e+02  7.45605246e+00  1.19069653e+05 -1.94882221e-01 
 5.00000000e-02  3.82900000e+03  1.85000000e+00 -1.85137520e-12  3.86761734e-01  6.42784132e-02  1.03468163e+02  7.45605246e+00  1.19069653e+05 -1.94882221e-01 
 6.00000000e-02  3.82900000e+03  1.85000000e+00 -1.85137520e-12  3.86761734e-01  6.42784132e-02  1.03468163e+02  7.45605246e+00  1.19069653e+05 -1.94882221e-01 
 7.00000000e-02  3.82900000e+03  1.85000000e+00 -1.85137521e-12  3.86761734e-01  6.42784132e-02  1.03468163e+02  7.45605246e+00  1.19069653e+05 -1.94882221e-01 
 8.00000000e-02  3.82900000e+03  1.85000000e+00 -1.85137522e-12  3.86761734e-01  6.42784132e-02  1.03468163e+02  7.45605246e+00  1.19069653e+05 -1.94882221e-01 
 9.00000000e-02  3.82900000e+03  1.85000000e+00 -1.85137523e-12  3.86761734e-01  6.42784132e-02  1.03468163e+02  7.45605246e+00  1.19069653e+05 -1.94882221e-01 
 1.00000000e-01  3.82900000e+03  1.85000000e+00 -1.85137525e-12  3.86761734e-01  6.42784132e-02  1.03468163e+02  7.45605246e+00  1.19069653e+05 -1.94882221e-01 
 1.10000000e-01  3.82900000e+03  1.85000000e+00 -1.85137529e-12  3.86761734e-01  6.42784132e-02  1.03468163e+02  7.45605246e+00  1.19069653e+05 -1.94882221e-01 
 1.20000000e-01  3.82900000e+03  1.85000000e+00 -1.85137537e-12  3.86761734e-01  6.42784132e-02  1.03468163e+02  7.45605246e+00  1.19069653e+05 -1.94882221e-01 
 1.30000000e-01  3.82900000e+03  1.85000000e+00 -1.85137550e-12  3.86761734e-01  6.42784132e-02  1.03468163e+02  7.45605246e+00  1.19069653e+05 -1.94882221e-01 
 1.40000000e-01  3.82900000e+03  1.85000000e+00 -1.85137574e-12  3.86761734e-01  6.42784132e-02  1.03468163e+02  7.45605246e+00  1.19069653e+05 -1.94882221e-01 
 1.50000000e-01  3.82900000e+03  1.85000000e+00 -1.85137618e-12  3.86761734e-01  6.42784132e-02  1.03468163e+02  7.45605246e+00  1.19069653e+05 -1.94882221e-01 
 1.60000000e-01  3.82900000e+03  1.85000000e+00 -1.85137696e-12  3.86761734e-01  6.42784132e-02  1.03468163e+02  7.45605246e+00  1.19069653e+05 -1.94882221e-01 
 1.70000000e-01  3.82900000e+03  1.85000000e+00 -1.85137837e-12  3.86761734e-01  6.42784132e-02  1.03468163e+02  7.45605246e+00  1.19069653e+05 -1.94882221e-01 
 1.80000000e-01  3.82900000e+03  1.85000000e+00 -1.85138091e-12  3.86761734e-01  6.42784132e-02  1.03468163e+02  7.45605246e+00  1.19069653e+05 -1.94882221e-01 
 1.90000000e-01  3.82900000e+03  1.85000000e+00 -1.85138548e-12  3.86761734e-01  6.42784132e-02  1.03468163e+02  7.45605246e+00  1.19069653e+05 -1.94882221e-01 
 2.00000000e-01  3.82900000e+03  1.85000000e+00 -1.85139372e-12  3.86761734e-01  6.42784132e-02  1.03468163e+02  7.45605246e+00  1.19069653e+05 -1.94882221e-01 
 2.10000000e-01  3.82900000e+03  1.85000000e+00 -1.85140856e-12  3.86761734e-01  6.42784132e-02  1.03468163e+02  7.45605246e+00  1.19069653e+05 -1.94882221e-01 
 2.20000000e-01  3.82900000e+03  1.85000000e+00 -1.85143528e-12  3.86761734e-01  6.42784132e-02  1.03468163e+02  7.45605246e+00  1.19069653e+05 -1.94882221e-01 
 2.30000000e-01  3.82900000e+03  1.85000000e+00 -1.85148341e-12  3.86761734e-01  6.42784132e-02  1.03468163e+02  7.45605246e+00  1.19069653e+05 -1.94882221e-01 
 2.40000000e-01  3.82900000e+03  1.85000000e+00 -1.85157010e-12  3.86761734e-01  6.42784132e-02  1.03468163e+02  7.45605246e+00  1.19069653e+05 -1.94882221e-01 
 2.50000000e-01  3.82900000e+03  1.85000000e+00 -1.85172622e-12  3.86761734e-01  6.42784132e-02  1.03468163e+02  7.45605246e+00  1.19069653e+05 -1.94882221e-01 
 2.60000000e-01  3.82900000e+03  1.85000000e+00 -1.85200740e-12  3.86761734e-01  6.42784132e-02  1.03468163e+02  7.45605246e+00  1.19069653e+05 -1.94882221e-01 
 2.70000000e-01  3.82900000e+03  1.85000000e+00 -1.85251382e-12  3.86761734e-01  6.42784132e-02  1.03468163e+02  7.45605246e+00  1.19069653e+05 -1.94882221e-01 
 2.80000000e-01  3.82900000e+03  1.85000000e+00 -1.85342590e-12  3.86761734e-01  6.42784132e-02  1.03468163e+02  7.45605246e+00  1.19069653e+05 -1.94882221e-01 
 2.90000000e-01  3.82900000e+03  1.85000000e+00 -1.85506857e-12  3.86761734e-01  6.42784132e-02  1.03468163e+02  7.45605246e+00  1.19069653e+05 -1.94882221e-01 
 3.00000000e-01  3.82900000e+03  1.85000000e+00 -1.85802704e-12  3.86761734e-01  6.42784132e-02  1.03468163e+02  7.45605246e+00  1.19069653e+05 -1.94882221e-01 
 3.10000000e-01  3.82900000e+03  1.85000000e+00 -1.86335524e-12  3.86761734e-01  6.42784132e-02  1.03468163e+02  7.45605246e+00  1.19069653e+05 -1.94882221e-01 
 3.20000000e-01  3.82900000e+03  1.85000000e+00 -1.87295115e-12  3.86761734e-01  6.42784132e-02  1.03468163e+02  7.45605246e+00  1.19069653e+05 -1.94882221e-01 
 3.30000000e-01  3.82900000e+03  1.85000000e+00 -1.89023278e-12  3.86761734e-01  6.42784132e-02  1.03468163e+02  7.45605246e+00  1.19069653e+05 -1.94882221e-01 
 3.40000000e-01  3.82900000e+03  1.85000000e+00 -1.92135520e-12  3.86761734e-01  6.42784132e-02  1.03468163e+02  7.45605246e+00  1.19069653e+05 -1.94882221e-01 
 3.50000000e-01  3.82900000e+03  1.85000000e+00 -1.97740163e-12  3.86761734e-01  6.42784132e-02  1.03468163e+02  7.45605246e+00  1.19069653e+05 -1.94882221e-01 
 3.60000000e-01  3.82900000e+03  1.85000000e+00 -2.07832792e-12  3.86761734e-01  6.42784132e-02  1.03468163e+02  7.45605246e+00  1.19069653e+05 -1.94882221e-01 
 3.70000000e-01  3.82900000e+03  1.85000000e+00 -2.26006179e-12  3.86761734e-01  6.42784132e-02  1.03468163e+02  7.45605246e+00  1.19069653e+05 -1.94882221e-01 
 3.80000000e-01  3.82900000e+03  1.85000000e+00 -2.58727761e-12  3.86761734e-01  6.42784132e-02  1.03468163e+02  7.45605246e+00  1.19069653e+05 -1.94882221e-01 
 3.90000000e-01  3.82900000e+03  1.85000000e+00 -3.17637654e-12  3.86761734e-01  6.42784132e-02  1.03468163e+02  7.45605246e+00  1.19069653e+05 -1.94882221e-01 
 4.00000000e-01  3.82900000e+03  1.85000000e+00 -4.23680782e-12  3.86761734e-01  6.42784132e-02  1.03468163e+02  7.45605246e+00  1.19069653e+05 -1.94882221e-01 
 4.10000000e-01  3.82900000e+03  1.85000000e+00 -6.14532856e-12  3.86761734e-01  6.42784132e-02  1.03468163e+02  7.45605246e+00  1.19069653e+05 -1.94882221e-01 
 4.20000000e-01  3.82900000e+03  1.85000000e+00 -9.57935876e-12  3.86761734e-01  6.42784132e-02  1.03468163e+02  7.45605246e+00  1.19069653e+05 -1.94882221e-01 
 4.30000000e-01  3.82900000e+03  1.85000000e+00 -1.57562200e-11  3.86761734e-01  6.42784132e-02  1.03468163e+02  7.45605246e+00  1.19069653e+05 -1.94882221e-01 
 4.40000000e-01  3.82900000e+03  1.85000000e+00 -2.68617554e-11  3.86761734e-01  6.42784132e-02  1.03468163e+02  7.45605246e+00  1.19069653e+05 -1.94882221e-01 
 4.50000000e-01  3.82900000e+03  1.85000000e+00 -4.68168728e-11  3.86761734e-01  6.42784132e-02  1.03468163e+02  7.45605246e+00  1.19069653e+05 -1.94882221e-01 
 4.60000000e-01  3.82900000e+03  1.85000000e+00 -8.26451503e-11  3.86761734e-01  6.42784132e-02  1.03468163e+02  7.45605246e+00  1.19069653e+05 -1.94882221e-01 
 4.70000000e-01  3.82900000e+03  1.85000000e+00 -1.46905027e-10  3.86761734e-01  6.42784132e-02  1.03468163e+02  7.45605246e+00  1.19069653e+05 -1.94882221e-01 
 4.80000000e-01  3.82900000e+03  1.85000000e+00 -2.61996896e-10  3.86761734e-01  6.42784132e-02  1.03468163e+02  7.45605246e+00  1.19069653e+05 -1.94882221e-01 
 4.90000000e-01  3.82900000e+03  1.85000000e+00 -4.67747323e-10  3.86761734e-01  6.42784132e-02  1.03468163e+02  7.45605246e+00  1.19069653e+05 -1.94882221e-01 
 5.00000000e-01  3.82900000e+03  1.85000000e+00 -8.34663918e-10  3.86761734e-01  6.42784132e-02  1.03468163e+02  7.45605246e+00  1.19069653e+05 -1.94882221e-01 
 5.10000000e-01  3.82900000e+03  1.85000000e+00 -1.48687227e-09  3.86761734e-01  6.42784132e-02  1.03468163e+02  7.45605246e+00  1.19069653e+05 -1.94882221e-01 
 5.20000000e-01  3.82900000e+03  1.85000000e+00 -2.64129442e-09  3.86761734e-01  6.42784132e-02  1.03468163e+02  7.45605246e+00  1.19069653e+05 -1.94882221e-01 
 5.30000000e-01  3.82900000e+03  1.85000000e+00 -4.67344709e-09  3.86761734e-01  6.42784132e-02  1.03468163e+02  7.45605246e+00  1.19069653e+05 -1.94882221e-01 
 5.40000000e-01  3.82900000e+03  1.85000000e+00 -8.22557071e-09  3.86761734e-01  6.42784132e-02  1.03468163e+02  7.45605246e+00  1.19069653e+05 -1.94882221e-01 
 5.50000000e-01  3.82900000e+03  1.85000000e+00 -1.43795155e-08  3.86761734e-01  6.42784132e-02  1.03468163e+02  7.45605246e+00  1.19069653e+05 -1.94882221e-01 
 5.60000000e-01  3.82900000e+03  1.85000000e+00 -2.49240094e-08  3.86761734e-01  6.42784132e-02  1.03468163e+02  7.45605246e+00  1.19069653e+05 -1.94882221e-01 
 5.70000000e-01  3.82900000e+03  1.85000000e+00 -4.27517592e-08  3.86761734e-01  6.42784132e-02  1.03468163e+02  7.45605246e+00  1.19069653e+05 -1.94882221e-01 
 5.80000000e-01  3.82900000e+03  1.85000000e+00 -7.24242362e-08  3.86761734e-01  6.42784132e-02  1.03468163e+02  7.45605246e+00  1.19069653e+05 -1.94882221e-01 
 5.90000000e-01  3.82900000e+03  1.85000000e+00 -1.20941151e-07  3.86761734e-01  6.42784132e-02  1.03468163e+02  7.45605246e+00  1.19069653e+05 -1.94882221e-01 
 6.00000000e-01  3.82900000e+03  1.85000000e+00 -1.98752529e-07  3.86761734e-01  6.42784132e-02  1.03468163e+02  7.45605246e+00  1.19069653e+05 -1.94882221e-01 
 6.10000000e-01  3.82900000e+03  1.85000000e+00 -3.21059615e-07  3.86761734e-01  6.42784132e-02  1.03468163e+02  7.45605246e+00  1.19069653e+05 -1.94882221e-01 
 6.20000000e-01  3.82900000e+03  1.85000000e+00 -5.09453166e-07  3.86761734e-01  6.42784132e-02  1.03468163e+02  7.45605246e+00  1.19069653e+05 -1.94882221e-01 
 6.30000000e-01  3.82900000e+03  1.85000000e+00 -7.93874046e-07  3.86761734e-01  6.42784132e-02  1.03468163e+02  7.45605246e+00  1.19069653e+05 -1.94882221e-01 
 6.40000000e-01  3.82900000e+03  1.85000000e+00 -1.21465717e-06  3.86761734e-01  6.42784132e-02  1.03468163e+02  7.45605246e+00  1.19069653e+05 -1.94882221e-01 
 6.50000000e-01  3.82900000e+03  1.85000000e+00 -1.82400785e-06  3.86761734e-01  6.42784132e-02  1.03468163e+02  7.45605246e+00  1.19069653e+05 -1.94882221e-01 
 6.60000000e-01  3.82900000e+03  1.85000000e+00 -2.68584025e-06  3.86761734e-01  6.42784132e-02  1.03468163e+02  7.45605246e+00  1.19069653e+05 -1.94882221e-01 
 6.70000000e-01  3.82900000e+03  1.85000000e+00 -3.87287419e-06  3.86761734e-01  6.42784132e-02  1.03468163e+02  7.45605246e+00  1.19069653e+05 -1.94882221e-01 
 6.80000000e-01  3.82900000e+03  1.85000000e+00 -5.46058002e-06  3.86761734e-01  6.42784132e-02  1.03468163e+02  7.45605246e+00  1.19069653e+05 -1.94882221e-01 
 6.90000000e-01  3.82900000e+03  1.85000000e+00 -7.51886699e-06  3.86761734e-01  6.42784132e-02  1.03468163e+02  7.45605246e+00  1.19069653e+05 -1.94882221e-01 
 7.00000000e-01  3.82900000e+03  1.85000000e+00 -1.01036370e-05  3.86761734e-01  6.42784132e-02  1.03468163e+02  7.45605246e+00  1.19069653e+05 -1.94882221e-01 
 7.10000000e-01  3.82900000e+03  1.85000000e+00 -1.32506332e-05  3.86761734e-01  6.42784132e-02  1.03468163e+02  7.45605246e+00  1.19069653e+05 -1.94882221e-01 
 7.20000000e-01  3.82900000e+03  1.85000000e+00 -1.69731401e-05  3.86761734e-01  6.42784132e-02  1.03468163e+02  7.45605246e+00  1.19069653e+05 -1.94882221e-01 
 7.30000000e-01  3.82900000e+03  1.85000000e+00 -2.12635895e-05  3.86761734e-01  6.42784132e-02  1.03468163e+02  7.45605246e+00  1.19069653e+05 -1.94882221e-01 
 7.40000000e-01  3.82900000e+03  1.85000000e+00 -2.60978971e-05  3.86761734e-01  6.42784132e-02  1.03468163e+02  7.45605246e+00  1.19069653e+05 -1.94882221e-01 
 7.50000000e-01  3.82900000e+03  1.85000000e+00 -3.14408979e-05  3.86761734e-01  6.42784132e-02  1.03468163e+02  7.45605246e+00  1.19069653e+05 -1.94882221e-01 
 7.60000000e-01  3.82900000e+03  1.85000000e+00 -3.72515196e-05  3.86761734e-01  6.42784132e-02  1.03468163e+02  7.45605246e+00  1.19069653e+05 -1.94882221e-01 
 7.70000000e-01  3.82900000e+03  1.85000000e+00 -4.34869106e-05  3.86761734e-01  6.42784132e-02  1.03468163e+02  7.45605246e+00  1.19069653e+05 -1.94882221e-01 
 7.80000000e-01  3.82900000e+03  1.85000000e+00 -5.01052928e-05  3.86761734e-01  6.42784132e-02  1.03468163e+02  7.45605246e+00  1.19069653e+05 -1.94882221e-01 
 7.90000000e-01  3.82900000e+03  1.85000000e+00 -5.70676619e-05  3.86761734e-01  6.42784132e-02  1.03468163e+02  7.45605246e+00  1.19069653e+05 -1.94882221e-01 
 8.00000000e-01  3.82900000e+03  1.85000000e+00 -6.43386043e-05  3.86761734e-01  6.42784132e-02  1.03468163e+02  7.45605246e+00  1.19069653e+05 -1.94882221e-01 
 8.10000000e-01  3.82900000e+03  1.85000000e+00 -7.18865209e-05  3.86761734e-01  6.42784132e-02  1.03468163e+02  7.45605246e+00  1.19069653e+05 -1.94882221e-01 
 8.20000000e-01  3.82900000e+03  1.85000000e+00 -7.96834954e-05  3.86761734e-01  6.42784132e-02  1.03468163e+02  7.45605246e+00  1.19069653e+05 -1.94882221e-01 
 8.30000000e-01  3.82900000e+03  1.85000000e+00 -8.77049792e-05  3.86761734e-01  6.42784132e-02  1.03468163e+02  7.45605246e+00  1.19069653e+05 -1.94882221e-01 
 8.40000000e-01  3.82900000e+03  1.85000000e+00 -9.59294050e-05  3.86761734e-01  6.42784132e-02  1.03468163e+02  7.45605246e+00  1.19069653e+05 -1.94882221e-01 
 8.50000000e-01  3.82900000e+03  1.85000000e+00 -1.04337794e-04  3.86761734e-01  6.42784132e-02  1.03468163e+02  7.45605246e+00  1.19069653e+05 -1.94882221e-01 
 8.60000000e-01  3.82900000e+03  1.85000000e+00 -1.12913392e-04  3.86761734e-01  6.42784132e-02  1.03468163e+02  7.45605246e+00  1.19069653e+05 -1.94882221e-01 
 8.70000000e-01  3.82900000e+03  1.85000000e+00 -1.21641346e-04  3.86761734e-01  6.42784132e-02  1.03468163e+02  7.45605246e+00  1.19069653e+05 -1.94882221e-01 
 8.80000000e-01  3.82900000e+03  1.85000000e+00 -1.30508434e-04  3.86761734e-01  6.42784132e-02  1.03468163e+02  7.45605246e+00  1.19069653e+05 -1.94882221e-01 
 8.90000000e-01  3.82900000e+03  1.85000000e+00 -1.39502825e-04  3.86761734e-01  6.42784132e-02  1.03468163e+02  7.45605246e+00  1.19069653e+05 -1.94882221e-01 
 9.00000000e-01  3.82900000e+03  1.85000000e+00 -1.48613893e-04  3.86761734e-01  6.42784132e-02  1.03468163e+02  7.45605246e+00  1.19069653e+05 -1.94882221e-01 
 9.10000000e-01  3.82900000e+03  1.85000000e+00 -1.57832053e-04  3.86761734e-01  6.42784132e-02  1.03468163e+02  7.45605246e+00  1.19069653e+05 -1.94882221e-01 
 9.20000000e-01  3.82900000e+03  1.85000000e+00 -1.67148629e-04  3.86761734e-01  6.42784132e-02  1.03468163e+02  7.45605246e+00  1.19069653e+05 -1.94882221e-01 
 9.30000000e-01  3.82900000e+03  1.85000000e+00 -1.76555740e-04  3.86761734e-01  6.42784132e-02  1.03468163e+02  7.45605246e+00  1.19069653e+05 -1.94882221e-01 
 9.40000000e-01  3.82900000e+03  1.85000000e+00 -1.86046209e-04  3.86761734e-01  6.42784132e-02  1.03468163e+02  7.45605246e+00  1.19069653e+05 -1.94882221e-01 
 9.50000000e-01  3.82900000e+03  1.85000000e+00 -1.95613483e-04  3.86761734e-01  6.42784132e-02  1.03468163e+02  7.45605246e+00  1.19069653e+05 -1.94882221e-01 
 9.60000000e-01  3.82900000e+03  1.85000000e+00 -2.05251565e-04  3.86761734e-01  6.42784132e-02  1.03468163e+02  7.45605246e+00  1.19069653e+05 -1.94882221e-01 
 9.70000000e-01  3.82900000e+03  1.85000000e+00 -2.14954954e-04  3.86761734e-01  6.42784132e-02  1.03468163e+02  7.45605246e+00  1.19069653e+05 -1.94882221e-01 
 9.80000000e-01  3.82900000e+03  1.85000000e+00 -2.24718597e-04  3.86761734e-01  6.42784132e-02  1.03468163e+02  7.45605246e+00  1.19069653e+05 -1.94882221e-01 
 9.90000000e-01  3.82900000e+03  1.85000000e+00 -2.34537850e-04  3.86761734e-01  6.42784132e-02  1.03468163e+02  7.45605246e+00  1.19069653e+05 -1.94882221e-01 
 1.00000000e+00  3.82900000e+03  1.85000000e+00 -2.44408430e-04  3.86761734e-01  6.42784132e-02  1.03468163e+02  7.45605246e+00  1.19069653e+05 -1.94882221e-01 
 1.01000000e+00  3.82900000e+03  1.85000000e+00 -2.54326388e-04  3.86761734e-01  6.42784132e-02  1.03468163e+02  7.45605246e+00  1.19069653e+05 -1.94882221e-01 
 1.02000000e+00  3.82900000e+03  1.85000000e+00 -2.64288077e-04  3.86761734e-01  6.42784132e-02  1.03468163e+02  7.45605246e+00  1.19069653e+05 -1.94882221e-01 
 1.03000000e+00  3.82900000e+03  1.85000000e+00 -2.74290123e-04  3.86761734e-01  6.42784132e-02  1.03468163e+02  7.45605246e+00  1.19069653e+05 -1.94882221e-01 
 1.04000000e+00  3.82900000e+03  1.85000000e+00 -2.84329403e-04  3.86761734e-01  6.42784132e-02  1.03468163e+02  7.45605246e+00  1.19069653e+05 -1.94882221e-01 
 1.05000000e+00  3.82900000e+03  1.85000000e+00 -2.94403023e-04  3.86761734e-01  6.42784132e-02  1.03468163e+02  7.45605246e+00  1.19069653e+05 -1.94882221e-01 
 1.06000000e+00  3.82900000e+03  1.85000000e+00 -3.04508297e-04  3.86761734e-01  6.42784132e-02  1.03468163e+02  7.45605246e+00  1.19069653e+05 -1.94882221e-01 
 1.07000000e+00  3.82900000e+03  1.85000000e+00 -3.14642731e-04  3.86761734e-01  6.42784132e-02  1.03468163e+02  7.45605246e+00  1.19069653e+05 -1.94882221e-01 
 1.08000000e+00  3.82900000e+03  1.85000000e+00 -3.24804009e-04  3.86761734e-01  6.42784132e-02  1.03468163e+02  7.45605246e+00  1.19069653e+05 -1.94882221e-01 
 1.09000000e+00  3.82900000e+03  1.85000000e+00 -3.34989973e-04  3.86761734e-01  6.42784132e-02  1.03468163e+02  7.45605246e+00  1.19069653e+05 -1.94882221e-01 
 1.10000000e+00  3.82900000e+03  1.85000000e+00 -3.45198616e-04  3.86761734e-01  6.42784132e-02  1.03468163e+02  7.45605246e+00  1.19069653e+05 -1.94882221e-01 
 1.11000000e+00  3.82900000e+03  1.85000000e+00 -3.55428067e-04  3.86761734e-01  6.42784132e-02  1.03468163e+02  7.45605246e+00  1.19069653e+05 -1.94882221e-01 
 1.12000000e+00  3.82900000e+03  1.85000000e+00 -3.65676579e-04  3.86761734e-01  6.42784132e-02  1.03468163e+02  7.45605246e+00  1.19069653e+05 -1.94882221e-01 
 1.13000000e+00  3.82900000e+03  1.85000000e+00 -3.75942524e-04  3.86761734e-01  6.42784132e-02  1.03468163e+02  7.45605246e+00  1.19069653e+05 -1.94882221e-01 
 1.14000000e+00  3.82900000e+03  1.85000000e+00 -3.86224379e-04  3.86761734e-01  6.42784132e-02  1.03468163e+02  7.45605246e+00  1.19069653e+05 -1.94882221e-01 
 1.15000000e+00  3.82900000e+03  1.85000000e+00 -3.96520721e-04  3.86761734e-01  6.42784132e-02  1.03468163e+02  7.45605246e+00  1.19069653e+05 -1.94882221e-01 
 1.16000000e+00  3.82900000e+03  1.85000000e+00 -4.06830218e-04  3.86761734e-01  6.42784132e-02  1.03468163e+02  7.45605246e+00  1.19069653e+05 -1.94882221e-01 
 1.17000000e+00  3.82900000e+03  1.85000000e+00 -4.17151624e-04  3.86761734e-01  6.42784132e-02  1.03468163e+02  7.45605246e+00  1.19069653e+05 -1.94882221e-01 
 1.18000000e+00  3.82900000e+03  1.85000000e+00 -4.27483770e-04  3.86761734e-01  6.42784132e-02  1.03468163e+02  7.45605246e+00  1.19069653e+05 -1.94882221e-01 
 1.19000000e+00  3.82900000e+03  1.85000000e+00 -4.37825561e-04  3.86761734e-01  6.42784132e-02  1.03468163e+02  7.45605246e+00  1.19069653e+05 -1.94882221e-01 
 1.20000000e+00  3.82900000e+03  1.85000000e+00 -4.48175969e-04  3.86761734e-01  6.42784132e-02  1.03468163e+02  7.45605246e+00  1.19069653e+05 -1.94882221e-01 
 1.21000000e+00  3.82900000e+03  1.85000000e+00 -4.58534031e-04  3.86761734e-01  6.42784132e-02  1.03468163e+02  7.45605246e+00  1.19069653e+05 -1.94882221e-01 
 1.22000000e+00  3.82900000e+03  1.85000000e+00 -4.68898840e-04  3.86761734e-01  6.42784132e-02  1.03468163e+02  7.45605246e+00  1.19069653e+05 -1.94882221e-01 
 1.23000000e+00  3.82900000e+03  1.85000000e+00 -4.79269545e-04  3.86761734e-01  6.42784132e-02  1.03468163e+02  7.45605246e+00  1.19069653e+05 -1.94882221e-01 
 1.24000000e+00  3.82900000e+03  1.85000000e+00 -4.89645345e-04  3.86761734e-01  6.42784132e-02  1.03468163e+02  7.45605246e+00  1.19069653e+05 -1.94882221e-01 
 1.25000000e+00  3.82900000e+03  1.85000000e+00 -5.00025488e-04  3.86761734e-01  6.42784132e-02  1.03468163e+02  7.45605246e+00  1.19069653e+05 -1.94882221e-01 
 1.26000000e+00  3.82900000e+03  1.85000000e+00 -5.10409265e-04  3.86761734e-01  6.42784132e-02  1.03468163e+02  7.45605246e+00  1.19069653e+05 -1.94882221e-01 
 1.27000000e+00  3.82900000e+03  1.85000000e+00 -5.20796008e-04  3.86761734e-01  6.42784132e-02  1.03468163e+02  7.45605246e+00  1.19069653e+05 -1.94882221e-01 
 1.28000000e+00  3.82900000e+03  1.85000000e+00 -5.31185089e-04  3.86761734e-01  6.42784132e-02  1.03468163e+02  7.45605246e+00  1.19069653e+05 -1.94882221e-01 
 1.29000000e+00  3.82900000e+03  1.85000000e+00 -5.41575915e-04  3.86761734e-01  6.42784132e-02  1.03468163e+02  7.45605246e+00  1.19069653e+05 -1.94882221e-01 
 1.30000000e+00  3.82900000e+03  1.85000000e+00 -5.51967928e-04  3.86761734e-01  6.42784132e-02  1.03468163e+02  7.45605246e+00  1.19069653e+05 -1.94882221e-01 
 1.31000000e+00  3.82900000e+03  1.85000000e+00 -5.62360601e-04  3.86761734e-01  6.42784132e-02  1.03468163e+02  7.45605246e+00  1.19069653e+05 -1.94882221e-01 
 1.32000000e+00  3.82900000e+03  1.85000000e+00 -5.72753437e-04  3.86761734e-01  6.42784132e-02  1.03468163e+02  7.45605246e+00  1.19069653e+05 -1.94882221e-01 
 1.33000000e+00  3.82900000e+03  1.85000000e+00 -5.83145967e-04  3.86761734e-01  6.42784132e-02  1.03468163e+02  7.45605246e+00  1.19069653e+05 -1.94882221e-01 
 1.34000000e+00  3.82900000e+03  1.85000000e+00 -5.93537749e-04  3.86761734e-01  6.42784132e-02  1.03468163e+02  7.45605246e+00  1.19069653e+05 -1.94882221e-01 
 1.35000000e+00  3.82900000e+03  1.85000000e+00 -6.03928363e-04  3.86761734e-01  6.42784132e-02  1.03468163e+02  7.45605246e+00  1.19069653e+05 -1.94882221e-01 
 1.36000000e+00  3.82900000e+03  1.85000000e+00 -6.14317416e-04  3.86761734e-01  6.42784132e-02  1.03468163e+02  7.45605246e+00  1.19069653e+05 -1.94882221e-01 
 1.37000000e+00  3.82900000e+03  1.85000000e+00 -6.24704534e-04  3.86761734e-01  6.42784132e-02  1.03468163e+02  7.45605246e+00  1.19069653e+05 -1.94882221e-01 
 1.38000000e+00  3.82900000e+03  1.85000000e+00 -6.35089364e-04  3.86761734e-01  6.42784132e-02  1.03468163e+02  7.45605246e+00  1.19069653e+05 -1.94882221e-01 
 1.39000000e+00  3.82900000e+03  1.85000000e+00 -6.45471573e-04  3.86761734e-01  6.42784132e-02  1.03468163e+02  7.45605246e+00  1.19069653e+05 -1.94882221e-01 
 1.40000000e+00  3.82900000e+03  1.85000000e+00 -6.55850847e-04  3.86761734e-01  6.42784132e-02  1.03468163e+02  7.45605246e+00  1.19069653e+05 -1.94882221e-01 
 1.41000000e+00  3.82900000e+03  1.85000000e+00 -6.66226887e-04  3.86761734e-01  6.42784132e-02  1.03468163e+02  7.45605246e+00  1.19069653e+05 -1.94882221e-01 
 1.42000000e+00  3.82900000e+03  1.85000000e+00 -6.76599411e-04  3.86761734e-01  6.42784132e-02  1.03468163e+02  7.45605246e+00  1.19069653e+05 -1.94882221e-01 
 1.43000000e+00  3.82900000e+03  1.85000000e+00 -6.86968153e-04  3.86761734e-01  6.42784132e-02  1.03468163e+02  7.45605246e+00  1.19069653e+05 -1.94882221e-01 
 1.44000000e+00  3.82900000e+03  1.85000000e+00 -6.97332862e-04  3.86761734e-01  6.42784132e-02  1.03468163e+02  7.45605246e+00  1.19069653e+05 -1.94882221e-01 
 1.45000000e+00  3.82900000e+03  1.85000000e+00 -7.07693297e-04  3.86761734e-01  6.42784132e-02  1.03468163e+02  7.45605246e+00  1.19069653e+05 -1.94882221e-01 
 1.46000000e+00  3.82900000e+03  1.85000000e+00 -7.18049235e-04  3.86761734e-01  6.42784132e-02  1.03468163e+02  7.45605246e+00  1.19069653e+05 -1.94882221e-01 
 1.47000000e+00  3.82900000e+03  1.85000000e+00 -7.28400461e-04  3.86761734e-01  6.42784132e-02  1.03468163e+02  7.45605246e+00  1.19069653e+05 -1.94882221e-01 
 1.48000000e+00  3.82900000e+03  1.85000000e+00 -7.38746773e-04  3.86761734e-01  6.42784132e-02  1.03468163e+02  7.45605246e+00  1.19069653e+05 -1.94882221e-01 
 1.49000000e+00  3.82900000e+03  1.85000000e+00 -7.49087980e-04  3.86761734e-01  6.42784132e-02  1.03468163e+02  7.45605246e+00  1.19069653e+05 -1.94882221e-01 
 1.50000000e+00  3.82900000e+03  1.85000000e+00 -7.59423902e-04  3.86761734e-01  6.42784132e-02  1.03468163e+02  7.45605246e+00  1.19069653e+05 -1.94882221e-01 
 1.51000000e+00  3.82900000e+03  1.85000000e+00 -7.69754366e-04  3.86761734e-01  6.42784132e-02  1.03468163e+02  7.45605246e+00  1.19069653e+05 -1.94882221e-01 
 1.52000000e+00  3.82900000e+03  1.85000000e+00 -7.80079211e-04  3.86761734e-01  6.42784132e-02  1.03468163e+02  7.45605246e+00  1.19069653e+05 -1.94882221e-01 
 1.53000000e+00  3.82900000e+03  1.85000000e+00 -7.90398283e-04  3.86761734e-01  6.42784132e-02  1.03468163e+02  7.45605246e+00  1.19069653e+05 -1.94882221e-01 
 1.54000000e+00  3.82900000e+03  1.85000000e+00 -8.00711437e-04  3.86761734e-01  6.42784132e-02  1.03468163e+02  7.45605246e+00  1.19069653e+05 -1.94882221e-01 
 1.55000000e+00  3.82900000e+03  1.85000000e+00 -8.11018536e-04  3.86761734e-01  6.42784132e-02  1.03468163e+02  7.45605246e+00  1.19069653e+05 -1.94882221e-01 
 1.56000000e+00  3.82900000e+03  1.85000000e+00 -8.21319449e-04  3.86761734e-01  6.42784132e-02  1.03468163e+02  7.45605246e+00  1.19069653e+05 -1.94882221e-01 
 1.57000000e+00  3.82900000e+03  1.85000000e+00 -8.31614053e-04  3.86761734e-01  6.42784132e-02  1.03468163e+02  7.45605246e+00  1.19069653e+05 -1.94882221e-01 
 1.58000000e+00  3.82900000e+03  1.85000000e+00 -8.41902232e-04  3.86761734e-01  6.42784132e-02  1.03468163e+02  7.45605246e+00  1.19069653e+05 -1.94882221e-01 
 1.59000000e+00  3.82900000e+03  1.85000000e+00 -8.52183875e-04  3.86761734e-01  6.42784132e-02  1.03468163e+02  7.45605246e+00  1.19069653e+05 -1.94882221e-01 
 1.60000000e+00  3.82900000e+03  1.85000000e+00 -8.62458877e-04  3.86761734e-01  6.42784132e-02  1.03468163e+02  7.45605246e+00  1.19069653e+05 -1.94882221e-01 
 1.61000000e+00  3.82900000e+03  1.85000000e+00 -8.72727141e-04  3.86761734e-01  6.42784132e-02  1.03468163e+02  7.45605246e+00  1.19069653e+05 -1.94882221e-01 
 1.62000000e+00  3.82900000e+03  1.85000000e+00 -8.82988572e-04  3.86761734e-01  6.42784132e-02  1.03468163e+02  7.45605246e+00  1.19069653e+05 -1.94882221e-01 
 1.63000000e+00  3.82900000e+03  1.85000000e+00 -8.93243081e-04  3.86761734e-01  6.42784132e-02  1.03468163e+02  7.45605246e+00  1.19069653e+05 -1.94882221e-01 
 1.64000000e+00  3.82900000e+03  1.85000000e+00 -9.03490585e-04  3.86761734e-01  6.42784132e-02  1.03468163e+02  7.45605246e+00  1.19069653e+05 -1.94882221e-01 
 1.65000000e+00  3.82900000e+03  1.85000000e+00 -9.13731004e-04  3.86761734e-01  6.42784132e-02  1.03468163e+02  7.45605246e+00  1.19069653e+05 -1.94882221e-01 
 1.66000000e+00  3.82900000e+03  1.85000000e+00 -9.23964264e-04  3.86761734e-01  6.42784132e-02  1.03468163e+02  7.45605246e+00  1.19069653e+05 -1.94882221e-01 
 1.67000000e+00  3.82900000e+03  1.85000000e+00 -9.34190293e-04  3.86761734e-01  6.42784132e-02  1.03468163e+02  7.45605246e+00  1.19069653e+05 -1.94882221e-01 
 1.68000000e+00  3.82900000e+03  1.85000000e+00 -9.44409023e-04  3.86761734e-01  6.42784132e-02  1.03468163e+02  7.45605246e+00  1.19069653e+05 -1.94882221e-01 
 1.69000000e+00  3.82900000e+03  1.85000000e+00 -9.54620392e-04  3.86761734e-01  6.42784132e-02  1.03468163e+02  7.45605246e+00  1.19069653e+05 -1.94882221e-01 
 1.70000000e+00  3.82900000e+03  1.85000000e+00 -9.64824338e-04  3.86761734e-01  6.42784132e-02  1.03468163e+02  7.45605246e+00  1.19069653e+05 -1.94882221e-01 
 1.71000000e+00  3.82900000e+03  1.85000000e+00 -9.75020805e-04  3.86761734e-01  6.42784132e-02  1.03468163e+02  7.45605246e+00  1.19069653e+05 -1.94882221e-01 
 1.72000000e+00  3.82900000e+03  1.85000000e+00 -9.85209738e-04  3.86761734e-01  6.42784132e-02  1.03468163e+02  7.45605246e+00  1.19069653e+05 -1.94882221e-01 
 1.73000000e+00  3.82900000e+03  1.85000000e+00 -9.95391086e-04  3.86761734e-01  6.42784132e-02  1.03468163e+02  7.45605246e+00  1.19069653e+05 -1.94882221e-01 
 1.74000000e+00  3.82900000e+03  1.85000000e+00 -1.00556480e-03  3.86761734e-01  6.42784132e-02  1.03468163e+02  7.45605246e+00  1.19069653e+05 -1.94882221e-01 
 1.75000000e+00  3.82900000e+03  1.85000000e+00 -1.01573084e-03  3.86761734e-01  6.42784132e-02  1.03468163e+02  7.45605246e+00  1.19069653e+05 -1.94882221e-01 
 1.76000000e+00  3.82900000e+03  1.85000000e+00 -1.02588915e-03  3.86761734e-01  6.42784132e-02  1.03468163e+02  7.45605246e+00  1.19069653e+05 -1.94882221e-01 
 1.77000000e+00  3.82900000e+03  1.85000000e+00 -1.03603970e-03  3.86761734e-01  6.42784132e-02  1.03468163e+02  7.45605246e+00  1.19069653e+05 -1.94882221e-01 
 1.78000000e+00  3.82900000e+03  1.85000000e+00 -1.04618245e-03  3.86761734e-01  6.42784132e-02  1.03468163e+02  7.45605246e+00  1.19069653e+05 -1.94882221e-01 
 1.79000000e+00  3.82900000e+03  1.85000000e+00 -1.05631735e-03  3.86761734e-01  6.42784132e-02  1.03468163e+02  7.45605246e+00  1.19069653e+05 -1.94882221e-01 
 1.80000000e+00  3.82900000e+03  1.85000000e+00 -1.06644439e-03  3.86761734e-01  6.42784132e-02  1.03468163e+02  7.45605246e+00  1.19069653e+05 -1.94882221e-01 
 1.81000000e+00  3.82900000e+03  1.85000000e+00 -1.07656351e-03  3.86761734e-01  6.42784132e-02  1.03468163e+02  7.45605246e+00  1.19069653e+05 -1.94882221e-01 
 1.82000000e+00  3.82900000e+03  1.85000000e+00 -1.08667469e-03  3.86761734e-01  6.42784132e-02  1.03468163e+02  7.45605246e+00  1.19069653e+05 -1.94882221e-01 
 1.83000000e+00  3.82900000e+03  1.85000000e+00 -1.09677790e-03  3.86761734e-01  6.42784132e-02  1.03468163e+02  7.45605246e+00  1.19069653e+05 -1.94882221e-01 
 1.84000000e+00  3.82900000e+03  1.85000000e+00 -1.10687312e-03  3.86761734e-01  6.42784132e-02  1.03468163e+02  7.45605246e+00  1.19069653e+05 -1.94882221e-01 
 1.85000000e+00  3.82900000e+03  1.85000000e+00 -1.11696031e-03  3.86761734e-01  6.42784132e-02  1.03468163e+02  7.45605246e+00  1.19069653e+05 -1.94882221e-01 
