 0.00000000e+00  0.00000000e+00  1.48000000e+00  2.73530708e-19  1.28522148e+00  1.81794124e+00  1.01495682e+00  1.65613430e+00  3.41516437e+01  1.39788275e+00  5.76846721e+00 
 1.00000000e-02  1.00000000e-02  1.48000000e+00  4.58185001e-05  1.28522148e+00  1.81794124e+00  1.01495682e+00  1.65613430e+00  3.41516437e+01  1.39788275e+00  5.76846721e+00 
 2.00000000e-02  2.00000000e-02  1.48000000e+00  9.11521016e-05  1.28522148e+00  1.81794124e+00  1.01495682e+00  1.65613430e+00  3.41516437e+01  1.39788275e+00  5.76846721e+00 
 3.00000000e-02  3.00000000e-02  1.48000000e+00  1.35998507e-04  1.28522148e+00  1.81794124e+00  1.01495682e+00  1.65613430e+00  3.41516437e+01  1.39788275e+00  5.76846721e+00 
 4.00000000e-02  4.00000000e-02  1.48000000e+00  1.80355407e-04  1.28522148e+00  1.81794124e+00  1.01495682e+00  1.65613430e+00  3.41516437e+01  1.39788275e+00  5.76846721e+00 
 5.00000000e-02  5.00000000e-02  1.48000000e+00  2.24220482e-04  1.28522148e+00  1.81794124e+00  1.01495682e+00  1.65613430e+00  3.41516437e+01  1.39788275e+00  5.76846721e+00 
 6.00000000e-02  6.00000000e-02  1.48000000e+00  2.67591401e-04  1.28522148e+00  1.81794124e+00  1.01495682e+00  1.65613430e+00  3.41516437e+01  1.39788275e+00  5.76846721e+00 
 7.00000000e-02  7.00000000e-02  1.48000000e+00  3.10465825e-04  1.28522148e+00  1.81794124e+00  1.01495682e+00  1.65613430e+00  3.41516437e+01  1.39788275e+00  5.76846721e+00 
 8.00000000e-02  8.00000000e-02  1.48000000e+00  3.52841404e-04  1.28522148e+00  1.81794124e+00  1.01495682e+00  1.65613430e+00  3.41516437e+01  1.39788275e+00  5.76846721e+00 
 9.00000000e-02  9.00000000e-02  1.48000000e+00  3.94715783e-04  1.28522148e+00  1.81794124e+00  1.01495682e+00  1.65613430e+00  3.41516437e+01  1.39788275e+00  5.76846721e+00 
 1.00000000e-01  1.00000000e-01  1.48000000e+00  4.36086599e-04  1.28522148e+00  1.81794124e+00  1.01495682e+00  1.65613430e+00  3.41516437e+01  1.39788275e+00  5.76846721e+00 
 1.10000000e-01  1.10000000e-01  1.48000000e+00  4.76951484e-04  1.28522148e+00  1.81794124e+00  1.01495682e+00  1.65613430e+00  3.41516437e+01  1.39788275e+00  5.76846721e+00 
 1.20000000e-01  1.20000000e-01  1.48000000e+00  5.17308069e-04  1.28522148e+00  1.81794124e+00  1.01495682e+00  1.65613430e+00  3.41516437e+01  1.39788275e+00  5.76846721e+00 
 1.30000000e-01  1.30000000e-01  1.48000000e+00  5.57153981e-04  1.28522148e+00  1.81794124e+00  1.01495682e+00  1.65613430e+00  3.41516437e+01  1.39788275e+00  5.76846721e+00 
 1.40000000e-01  1.40000000e-01  1.48000000e+00  5.96486852e-04  1.28522148e+00  1.81794124e+00  1.01495682e+00  1.65613430e+00  3.41516437e+01  1.39788275e+00  5.76846721e+00 
 1.50000000e-01  1.50000000e-01  1.48000000e+00  6.35304315e-04  1.28522148e+00  1.81794124e+00  1.01495682e+00  1.65613430e+00  3.41516437e+01  1.39788275e+00  5.76846721e+00 
 1.60000000e-01  1.60000000e-01  1.48000000e+00  6.73604014e-04  1.28522148e+00  1.81794124e+00  1.01495682e+00  1.65613430e+00  3.41516437e+01  1.39788275e+00  5.76846721e+00 
 1.70000000e-01  1.70000000e-01  1.48000000e+00  7.11383599e-04  1.28522148e+00  1.81794124e+00  1.01495682e+00  1.65613430e+00  3.41516437e+01  1.39788275e+00  5.76846721e+00 
 1.80000000e-01  1.80000000e-01  1.48000000e+00  7.48640739e-04  1.28522148e+00  1.81794124e+00  1.01495682e+00  1.65613430e+00  3.41516437e+01  1.39788275e+00  5.76846721e+00 
 1.90000000e-01  1.90000000e-01  1.48000000e+00  7.85373122e-04  1.28522148e+00  1.81794124e+00  1.01495682e+00  1.65613430e+00  3.41516437e+01  1.39788275e+00  5.76846721e+00 
 2.00000000e-01  2.00000000e-01  1.48000000e+00  8.21578458e-04  1.28522148e+00  1.81794124e+00  1.01495682e+00  1.65613430e+00  3.41516437e+01  1.39788275e+00  5.76846721e+00 
 2.10000000e-01  2.10000000e-01  1.48000000e+00  8.57254489e-04  1.28522148e+00  1.81794124e+00  1.01495682e+00  1.65613430e+00  3.41516437e+01  1.39788275e+00  5.76846721e+00 
 2.20000000e-01  2.20000000e-01  1.48000000e+00  8.92398995e-04  1.28522148e+00  1.81794124e+00  1.01495682e+00  1.65613430e+00  3.41516437e+01  1.39788275e+00  5.76846721e+00 
 2.30000000e-01  2.30000000e-01  1.48000000e+00  9.27009798e-04  1.28522148e+00  1.81794124e+00  1.01495682e+00  1.65613430e+00  3.41516437e+01  1.39788275e+00  5.76846721e+00 
 2.40000000e-01  2.40000000e-01  1.48000000e+00  9.61084774e-04  1.28522148e+00  1.81794124e+00  1.01495682e+00  1.65613430e+00  3.41516437e+01  1.39788275e+00  5.76846721e+00 
 2.50000000e-01  2.50000000e-01  1.48000000e+00  9.94621859e-04  1.28522148e+00  1.81794124e+00  1.01495682e+00  1.65613430e+00  3.41516437e+01  1.39788275e+00  5.76846721e+00 
 2.60000000e-01  2.60000000e-01  1.48000000e+00  1.02761906e-03  1.28522148e+00  1.81794124e+00  1.01495682e+00  1.65613430e+00  3.41516437e+01  1.39788275e+00  5.76846721e+00 
 2.70000000e-01  2.70000000e-01  1.48000000e+00  1.06007446e-03  1.28522148e+00  1.81794124e+00  1.01495682e+00  1.65613430e+00  3.41516437e+01  1.39788275e+00  5.76846721e+00 
 2.80000000e-01  2.80000000e-01  1.48000000e+00  1.09198626e-03  1.28522148e+00  1.81794124e+00  1.01495682e+00  1.65613430e+00  3.41516437e+01  1.39788275e+00  5.76846721e+00 
 2.90000000e-01  2.90000000e-01  1.48000000e+00  1.12335273e-03  1.28522148e+00  1.81794124e+00  1.01495682e+00  1.65613430e+00  3.41516437e+01  1.39788275e+00  5.76846721e+00 
 3.00000000e-01  3.00000000e-01  1.48000000e+00  1.15417228e-03  1.28522148e+00  1.81794124e+00  1.01495682e+00  1.65613430e+00  3.41516437e+01  1.39788275e+00  5.76846721e+00 
 3.10000000e-01  3.10000000e-01  1.48000000e+00  1.18444347e-03  1.28522148e+00  1.81794124e+00  1.01495682e+00  1.65613430e+00  3.41516437e+01  1.39788275e+00  5.76846721e+00 
 3.20000000e-01  3.20000000e-01  1.48000000e+00  1.21416500e-03  1.28522148e+00  1.81794124e+00  1.01495682e+00  1.65613430e+00  3.41516437e+01  1.39788275e+00  5.76846721e+00 
 3.30000000e-01  3.30000000e-01  1.48000000e+00  1.24333573e-03  1.28522148e+00  1.81794124e+00  1.01495682e+00  1.65613430e+00  3.41516437e+01  1.39788275e+00  5.76846721e+00 
 3.40000000e-01  3.40000000e-01  1.48000000e+00  1.27195473e-03  1.28522148e+00  1.81794124e+00  1.01495682e+00  1.65613430e+00  3.41516437e+01  1.39788275e+00  5.76846721e+00 
 3.50000000e-01  3.50000000e-01  1.48000000e+00  1.30002127e-03  1.28522148e+00  1.81794124e+00  1.01495682e+00  1.65613430e+00  3.41516437e+01  1.39788275e+00  5.76846721e+00 
 3.60000000e-01  3.60000000e-01  1.48000000e+00  1.32753485e-03  1.28522148e+00  1.81794124e+00  1.01495682e+00  1.65613430e+00  3.41516437e+01  1.39788275e+00  5.76846721e+00 
 3.70000000e-01  3.70000000e-01  1.48000000e+00  1.35449524e-03  1.28522148e+00  1.81794124e+00  1.01495682e+00  1.65613430e+00  3.41516437e+01  1.39788275e+00  5.76846721e+00 
 3.80000000e-01  3.80000000e-01  1.48000000e+00  1.38090246e-03  1.28522148e+00  1.81794124e+00  1.01495682e+00  1.65613430e+00  3.41516437e+01  1.39788275e+00  5.76846721e+00 
 3.90000000e-01  3.90000000e-01  1.48000000e+00  1.40675686e-03  1.28522148e+00  1.81794124e+00  1.01495682e+00  1.65613430e+00  3.41516437e+01  1.39788275e+00  5.76846721e+00 
 4.00000000e-01  4.00000000e-01  1.48000000e+00  1.43205910e-03  1.28522148e+00  1.81794124e+00  1.01495682e+00  1.65613430e+00  3.41516437e+01  1.39788275e+00  5.76846721e+00 
 4.10000000e-01  4.10000000e-01  1.48000000e+00  1.45681019e-03  1.28522148e+00  1.81794124e+00  1.01495682e+00  1.65613430e+00  3.41516437e+01  1.39788275e+00  5.76846721e+00 
 4.20000000e-01  4.20000000e-01  1.48000000e+00  1.48101153e-03  1.28522148e+00  1.81794124e+00  1.01495682e+00  1.65613430e+00  3.41516437e+01  1.39788275e+00  5.76846721e+00 
 4.30000000e-01  4.30000000e-01  1.48000000e+00  1.50466489e-03  1.28522148e+00  1.81794124e+00  1.01495682e+00  1.65613430e+00  3.41516437e+01  1.39788275e+00  5.76846721e+00 
 4.40000000e-01  4.40000000e-01  1.48000000e+00  1.52777251e-03  1.28522148e+00  1.81794124e+00  1.01495682e+00  1.65613430e+00  3.41516437e+01  1.39788275e+00  5.76846721e+00 
 4.50000000e-01  4.50000000e-01  1.48000000e+00  1.55033702e-03  1.28522148e+00  1.81794124e+00  1.01495682e+00  1.65613430e+00  3.41516437e+01  1.39788275e+00  5.76846721e+00 
 4.60000000e-01  4.60000000e-01  1.48000000e+00  1.57236157e-03  1.28522148e+00  1.81794124e+00  1.01495682e+00  1.65613430e+00  3.41516437e+01  1.39788275e+00  5.76846721e+00 
 4.70000000e-01  4.70000000e-01  1.48000000e+00  1.59384975e-03  1.28522148e+00  1.81794124e+00  1.01495682e+00  1.65613430e+00  3.41516437e+01  1.39788275e+00  5.76846721e+00 
 4.80000000e-01  4.80000000e-01  1.48000000e+00  1.61480568e-03  1.28522148e+00  1.81794124e+00  1.01495682e+00  1.65613430e+00  3.41516437e+01  1.39788275e+00  5.76846721e+00 
 4.90000000e-01  4.90000000e-01  1.48000000e+00  1.63523398e-03  1.28522148e+00  1.81794124e+00  1.01495682e+00  1.65613430e+00  3.41516437e+01  1.39788275e+00  5.76846721e+00 
 5.00000000e-01  5.00000000e-01  1.48000000e+00  1.65513980e-03  1.28522148e+00  1.81794124e+00  1.01495682e+00  1.65613430e+00  3.41516437e+01  1.39788275e+00  5.76846721e+00 
 5.10000000e-01  5.10000000e-01  1.48000000e+00  1.67452880e-03  1.28522148e+00  1.81794124e+00  1.01495682e+00  1.65613430e+00  3.41516437e+01  1.39788275e+00  5.76846721e+00 
 5.20000000e-01  5.20000000e-01  1.48000000e+00  1.69340720e-03  1.28522148e+00  1.81794124e+00  1.01495682e+00  1.65613430e+00  3.41516437e+01  1.39788275e+00  5.76846721e+00 
 5.30000000e-01  5.30000000e-01  1.48000000e+00  1.71178171e-03  1.28522148e+00  1.81794124e+00  1.01495682e+00  1.65613430e+00  3.41516437e+01  1.39788275e+00  5.76846721e+00 
 5.40000000e-01  5.40000000e-01  1.48000000e+00  1.72965959e-03  1.28522148e+00  1.81794124e+00  1.01495682e+00  1.65613430e+00  3.41516437e+01  1.39788275e+00  5.76846721e+00 
 5.50000000e-01  5.50000000e-01  1.48000000e+00  1.74704859e-03  1.28522148e+00  1.81794124e+00  1.01495682e+00  1.65613430e+00  3.41516437e+01  1.39788275e+00  5.76846721e+00 
 5.60000000e-01  5.60000000e-01  1.48000000e+00  1.76395694e-03  1.28522148e+00  1.81794124e+00  1.01495682e+00  1.65613430e+00  3.41516437e+01  1.39788275e+00  5.76846721e+00 
 5.70000000e-01  5.70000000e-01  1.48000000e+00  1.78039334e-03  1.28522148e+00  1.81794124e+00  1.01495682e+00  1.65613430e+00  3.41516437e+01  1.39788275e+00  5.76846721e+00 
 5.80000000e-01  5.80000000e-01  1.48000000e+00  1.79636694e-03  1.28522148e+00  1.81794124e+00  1.01495682e+00  1.65613430e+00  3.41516437e+01  1.39788275e+00  5.76846721e+00 
 5.90000000e-01  5.90000000e-01  1.48000000e+00  1.81188727e-03  1.28522148e+00  1.81794124e+00  1.01495682e+00  1.65613430e+00  3.41516437e+01  1.39788275e+00  5.76846721e+00 
 6.00000000e-01  6.00000000e-01  1.48000000e+00  1.82696427e-03  1.28522148e+00  1.81794124e+00  1.01495682e+00  1.65613430e+00  3.41516437e+01  1.39788275e+00  5.76846721e+00 
 6.10000000e-01  6.10000000e-01  1.48000000e+00  1.84160817e-03  1.28522148e+00  1.81794124e+00  1.01495682e+00  1.65613430e+00  3.41516437e+01  1.39788275e+00  5.76846721e+00 
 6.20000000e-01  6.20000000e-01  1.48000000e+00  1.85582952e-03  1.28522148e+00  1.81794124e+00  1.01495682e+00  1.65613430e+00  3.41516437e+01  1.39788275e+00  5.76846721e+00 
 6.30000000e-01  6.30000000e-01  1.48000000e+00  1.86963912e-03  1.28522148e+00  1.81794124e+00  1.01495682e+00  1.65613430e+00  3.41516437e+01  1.39788275e+00  5.76846721e+00 
 6.40000000e-01  6.40000000e-01  1.48000000e+00  1.88304796e-03  1.28522148e+00  1.81794124e+00  1.01495682e+00  1.65613430e+00  3.41516437e+01  1.39788275e+00  5.76846721e+00 
 6.50000000e-01  6.50000000e-01  1.48000000e+00  1.89606720e-03  1.28522148e+00  1.81794124e+00  1.01495682e+00  1.65613430e+00  3.41516437e+01  1.39788275e+00  5.76846721e+00 
 6.60000000e-01  6.60000000e-01  1.48000000e+00  1.90870813e-03  1.28522148e+00  1.81794124e+00  1.01495682e+00  1.65613430e+00  3.41516437e+01  1.39788275e+00  5.76846721e+00 
 6.70000000e-01  6.70000000e-01  1.48000000e+00  1.92098208e-03  1.28522148e+00  1.81794124e+00  1.01495682e+00  1.65613430e+00  3.41516437e+01  1.39788275e+00  5.76846721e+00 
 6.80000000e-01  6.80000000e-01  1.48000000e+00  1.93290045e-03  1.28522148e+00  1.81794124e+00  1.01495682e+00  1.65613430e+00  3.41516437e+01  1.39788275e+00  5.76846721e+00 
 6.90000000e-01  6.90000000e-01  1.48000000e+00  1.94447459e-03  1.28522148e+00  1.81794124e+00  1.01495682e+00  1.65613430e+00  3.41516437e+01  1.39788275e+00  5.76846721e+00 
 7.00000000e-01  7.00000000e-01  1.48000000e+00  1.95571581e-03  1.28522148e+00  1.81794124e+00  1.01495682e+00  1.65613430e+00  3.41516437e+01  1.39788275e+00  5.76846721e+00 
 7.10000000e-01  7.10000000e-01  1.48000000e+00  1.96663536e-03  1.28522148e+00  1.81794124e+00  1.01495682e+00  1.65613430e+00  3.41516437e+01  1.39788275e+00  5.76846721e+00 
 7.20000000e-01  7.20000000e-01  1.48000000e+00  1.97724431e-03  1.28522148e+00  1.81794124e+00  1.01495682e+00  1.65613430e+00  3.41516437e+01  1.39788275e+00  5.76846721e+00 
 7.30000000e-01  7.30000000e-01  1.48000000e+00  1.98755364e-03  1.28522148e+00  1.81794124e+00  1.01495682e+00  1.65613430e+00  3.41516437e+01  1.39788275e+00  5.76846721e+00 
 7.40000000e-01  7.40000000e-01  1.48000000e+00  1.99757410e-03  1.28522148e+00  1.81794124e+00  1.01495682e+00  1.65613430e+00  3.41516437e+01  1.39788275e+00  5.76846721e+00 
 7.50000000e-01  7.50000000e-01  1.48000000e+00  2.00731626e-03  1.28522148e+00  1.81794124e+00  1.01495682e+00  1.65613430e+00  3.41516437e+01  1.39788275e+00  5.76846721e+00 
 7.60000000e-01  7.60000000e-01  1.48000000e+00  2.01679046e-03  1.28522148e+00  1.81794124e+00  1.01495682e+00  1.65613430e+00  3.41516437e+01  1.39788275e+00  5.76846721e+00 
 7.70000000e-01  7.70000000e-01  1.48000000e+00  2.02600678e-03  1.28522148e+00  1.81794124e+00  1.01495682e+00  1.65613430e+00  3.41516437e+01  1.39788275e+00  5.76846721e+00 
 7.80000000e-01  7.80000000e-01  1.48000000e+00  2.03497505e-03  1.28522148e+00  1.81794124e+00  1.01495682e+00  1.65613430e+00  3.41516437e+01  1.39788275e+00  5.76846721e+00 
 7.90000000e-01  7.90000000e-01  1.48000000e+00  2.04370482e-03  1.28522148e+00  1.81794124e+00  1.01495682e+00  1.65613430e+00  3.41516437e+01  1.39788275e+00  5.76846721e+00 
 8.00000000e-01  8.00000000e-01  1.48000000e+00  2.05220538e-03  1.28522148e+00  1.81794124e+00  1.01495682e+00  1.65613430e+00  3.41516437e+01  1.39788275e+00  5.76846721e+00 
 8.10000000e-01  8.10000000e-01  1.48000000e+00  2.06048569e-03  1.28522148e+00  1.81794124e+00  1.01495682e+00  1.65613430e+00  3.41516437e+01  1.39788275e+00  5.76846721e+00 
 8.20000000e-01  8.20000000e-01  1.48000000e+00  2.06855445e-03  1.28522148e+00  1.81794124e+00  1.01495682e+00  1.65613430e+00  3.41516437e+01  1.39788275e+00  5.76846721e+00 
 8.30000000e-01  8.30000000e-01  1.48000000e+00  2.07642005e-03  1.28522148e+00  1.81794124e+00  1.01495682e+00  1.65613430e+00  3.41516437e+01  1.39788275e+00  5.76846721e+00 
 8.40000000e-01  8.40000000e-01  1.48000000e+00  2.08409057e-03  1.28522148e+00  1.81794124e+00  1.01495682e+00  1.65613430e+00  3.41516437e+01  1.39788275e+00  5.76846721e+00 
 8.50000000e-01  8.50000000e-01  1.48000000e+00  2.09157382e-03  1.28522148e+00  1.81794124e+00  1.01495682e+00  1.65613430e+00  3.41516437e+01  1.39788275e+00  5.76846721e+00 
 8.60000000e-01  8.60000000e-01  1.48000000e+00  2.09887729e-03  1.28522148e+00  1.81794124e+00  1.01495682e+00  1.65613430e+00  3.41516437e+01  1.39788275e+00  5.76846721e+00 
 8.70000000e-01  8.70000000e-01  1.48000000e+00  2.10600820e-03  1.28522148e+00  1.81794124e+00  1.01495682e+00  1.65613430e+00  3.41516437e+01  1.39788275e+00  5.76846721e+00 
 8.80000000e-01  8.80000000e-01  1.48000000e+00  2.11297346e-03  1.28522148e+00  1.81794124e+00  1.01495682e+00  1.65613430e+00  3.41516437e+01  1.39788275e+00  5.76846721e+00 
 8.90000000e-01  8.90000000e-01  1.48000000e+00  2.11977973e-03  1.28522148e+00  1.81794124e+00  1.01495682e+00  1.65613430e+00  3.41516437e+01  1.39788275e+00  5.76846721e+00 
 9.00000000e-01  9.00000000e-01  1.48000000e+00  2.12643337e-03  1.28522148e+00  1.81794124e+00  1.01495682e+00  1.65613430e+00  3.41516437e+01  1.39788275e+00  5.76846721e+00 
 9.10000000e-01  9.10000000e-01  1.48000000e+00  2.13294049e-03  1.28522148e+00  1.81794124e+00  1.01495682e+00  1.65613430e+00  3.41516437e+01  1.39788275e+00  5.76846721e+00 
 9.20000000e-01  9.20000000e-01  1.48000000e+00  2.13930694e-03  1.28522148e+00  1.81794124e+00  1.01495682e+00  1.65613430e+00  3.41516437e+01  1.39788275e+00  5.76846721e+00 
 9.30000000e-01  9.30000000e-01  1.48000000e+00  2.14553832e-03  1.28522148e+00  1.81794124e+00  1.01495682e+00  1.65613430e+00  3.41516437e+01  1.39788275e+00  5.76846721e+00 
 9.40000000e-01  9.40000000e-01  1.48000000e+00  2.15163998e-03  1.28522148e+00  1.81794124e+00  1.01495682e+00  1.65613430e+00  3.41516437e+01  1.39788275e+00  5.76846721e+00 
 9.50000000e-01  9.50000000e-01  1.48000000e+00  2.15761704e-03  1.28522148e+00  1.81794124e+00  1.01495682e+00  1.65613430e+00  3.41516437e+01  1.39788275e+00  5.76846721e+00 
 9.60000000e-01  9.60000000e-01  1.48000000e+00  2.16347441e-03  1.28522148e+00  1.81794124e+00  1.01495682e+00  1.65613430e+00  3.41516437e+01  1.39788275e+00  5.76846721e+00 
 9.70000000e-01  9.70000000e-01  1.48000000e+00  2.16921677e-03  1.28522148e+00  1.81794124e+00  1.01495682e+00  1.65613430e+00  3.41516437e+01  1.39788275e+00  5.76846721e+00 
 9.80000000e-01  9.80000000e-01  1.48000000e+00  2.17484859e-03  1.28522148e+00  1.81794124e+00  1.01495682e+00  1.65613430e+00  3.41516437e+01  1.39788275e+00  5.76846721e+00 
 9.90000000e-01  9.90000000e-01  1.48000000e+00  2.18037415e-03  1.28522148e+00  1.81794124e+00  1.01495682e+00  1.65613430e+00  3.41516437e+01  1.39788275e+00  5.76846721e+00 
 1.00000000e+00  1.00000000e+00  1.48000000e+00  2.18579754e-03  1.28522148e+00  1.81794124e+00  1.01495682e+00  1.65613430e+00  3.41516437e+01  1.39788275e+00  5.76846721e+00 
 1.01000000e+00  1.01000000e+00  1.48000000e+00  2.19112266e-03  1.28522148e+00  1.81794124e+00  1.01495682e+00  1.65613430e+00  3.41516437e+01  1.39788275e+00  5.76846721e+00 
 1.02000000e+00  1.02000000e+00  1.48000000e+00  2.19635324e-03  1.28522148e+00  1.81794124e+00  1.01495682e+00  1.65613430e+00  3.41516437e+01  1.39788275e+00  5.76846721e+00 
 1.03000000e+00  1.03000000e+00  1.48000000e+00  2.20149284e-03  1.28522148e+00  1.81794124e+00  1.01495682e+00  1.65613430e+00  3.41516437e+01  1.39788275e+00  5.76846721e+00 
 1.04000000e+00  1.04000000e+00  1.48000000e+00  2.20654487e-03  1.28522148e+00  1.81794124e+00  1.01495682e+00  1.65613430e+00  3.41516437e+01  1.39788275e+00  5.76846721e+00 
 1.05000000e+00  1.05000000e+00  1.48000000e+00  2.21151259e-03  1.28522148e+00  1.81794124e+00  1.01495682e+00  1.65613430e+00  3.41516437e+01  1.39788275e+00  5.76846721e+00 
 1.06000000e+00  1.06000000e+00  1.48000000e+00  2.21639909e-03  1.28522148e+00  1.81794124e+00  1.01495682e+00  1.65613430e+00  3.41516437e+01  1.39788275e+00  5.76846721e+00 
 1.07000000e+00  1.07000000e+00  1.48000000e+00  2.22120735e-03  1.28522148e+00  1.81794124e+00  1.01495682e+00  1.65613430e+00  3.41516437e+01  1.39788275e+00  5.76846721e+00 
 1.08000000e+00  1.08000000e+00  1.48000000e+00  2.22594020e-03  1.28522148e+00  1.81794124e+00  1.01495682e+00  1.65613430e+00  3.41516437e+01  1.39788275e+00  5.76846721e+00 
 1.09000000e+00  1.09000000e+00  1.48000000e+00  2.23060037e-03  1.28522148e+00  1.81794124e+00  1.01495682e+00  1.65613430e+00  3.41516437e+01  1.39788275e+00  5.76846721e+00 
 1.10000000e+00  1.10000000e+00  1.48000000e+00  2.23519043e-03  1.28522148e+00  1.81794124e+00  1.01495682e+00  1.65613430e+00  3.41516437e+01  1.39788275e+00  5.76846721e+00 
 1.11000000e+00  1.11000000e+00  1.48000000e+00  2.23971288e-03  1.28522148e+00  1.81794124e+00  1.01495682e+00  1.65613430e+00  3.41516437e+01  1.39788275e+00  5.76846721e+00 
 1.12000000e+00  1.12000000e+00  1.48000000e+00  2.24417009e-03  1.28522148e+00  1.81794124e+00  1.01495682e+00  1.65613430e+00  3.41516437e+01  1.39788275e+00  5.76846721e+00 
 1.13000000e+00  1.13000000e+00  1.48000000e+00  2.24856431e-03  1.28522148e+00  1.81794124e+00  1.01495682e+00  1.65613430e+00  3.41516437e+01  1.39788275e+00  5.76846721e+00 
 1.14000000e+00  1.14000000e+00  1.48000000e+00  2.25289773e-03  1.28522148e+00  1.81794124e+00  1.01495682e+00  1.65613430e+00  3.41516437e+01  1.39788275e+00  5.76846721e+00 
 1.15000000e+00  1.15000000e+00  1.48000000e+00  2.25717242e-03  1.28522148e+00  1.81794124e+00  1.01495682e+00  1.65613430e+00  3.41516437e+01  1.39788275e+00  5.76846721e+00 
 1.16000000e+00  1.16000000e+00  1.48000000e+00  2.26139037e-03  1.28522148e+00  1.81794124e+00  1.01495682e+00  1.65613430e+00  3.41516437e+01  1.39788275e+00  5.76846721e+00 
 1.17000000e+00  1.17000000e+00  1.48000000e+00  2.26555348e-03  1.28522148e+00  1.81794124e+00  1.01495682e+00  1.65613430e+00  3.41516437e+01  1.39788275e+00  5.76846721e+00 
 1.18000000e+00  1.18000000e+00  1.48000000e+00  2.26966357e-03  1.28522148e+00  1.81794124e+00  1.01495682e+00  1.65613430e+00  3.41516437e+01  1.39788275e+00  5.76846721e+00 
 1.19000000e+00  1.19000000e+00  1.48000000e+00  2.27372240e-03  1.28522148e+00  1.81794124e+00  1.01495682e+00  1.65613430e+00  3.41516437e+01  1.39788275e+00  5.76846721e+00 
 1.20000000e+00  1.20000000e+00  1.48000000e+00  2.27773163e-03  1.28522148e+00  1.81794124e+00  1.01495682e+00  1.65613430e+00  3.41516437e+01  1.39788275e+00  5.76846721e+00 
 1.21000000e+00  1.21000000e+00  1.48000000e+00  2.28169288e-03  1.28522148e+00  1.81794124e+00  1.01495682e+00  1.65613430e+00  3.41516437e+01  1.39788275e+00  5.76846721e+00 
 1.22000000e+00  1.22000000e+00  1.48000000e+00  2.28560767e-03  1.28522148e+00  1.81794124e+00  1.01495682e+00  1.65613430e+00  3.41516437e+01  1.39788275e+00  5.76846721e+00 
 1.23000000e+00  1.23000000e+00  1.48000000e+00  2.28947748e-03  1.28522148e+00  1.81794124e+00  1.01495682e+00  1.65613430e+00  3.41516437e+01  1.39788275e+00  5.76846721e+00 
 1.24000000e+00  1.24000000e+00  1.48000000e+00  2.29330373e-03  1.28522148e+00  1.81794124e+00  1.01495682e+00  1.65613430e+00  3.41516437e+01  1.39788275e+00  5.76846721e+00 
 1.25000000e+00  1.25000000e+00  1.48000000e+00  2.29708777e-03  1.28522148e+00  1.81794124e+00  1.01495682e+00  1.65613430e+00  3.41516437e+01  1.39788275e+00  5.76846721e+00 
 1.26000000e+00  1.26000000e+00  1.48000000e+00  2.30083091e-03  1.28522148e+00  1.81794124e+00  1.01495682e+00  1.65613430e+00  3.41516437e+01  1.39788275e+00  5.76846721e+00 
 1.27000000e+00  1.27000000e+00  1.48000000e+00  2.30453441e-03  1.28522148e+00  1.81794124e+00  1.01495682e+00  1.65613430e+00  3.41516437e+01  1.39788275e+00  5.76846721e+00 
 1.28000000e+00  1.28000000e+00  1.48000000e+00  2.30819945e-03  1.28522148e+00  1.81794124e+00  1.01495682e+00  1.65613430e+00  3.41516437e+01  1.39788275e+00  5.76846721e+00 
 1.29000000e+00  1.29000000e+00  1.48000000e+00  2.31182720e-03  1.28522148e+00  1.81794124e+00  1.01495682e+00  1.65613430e+00  3.41516437e+01  1.39788275e+00  5.76846721e+00 
 1.30000000e+00  1.30000000e+00  1.48000000e+00  2.31541876e-03  1.28522148e+00  1.81794124e+00  1.01495682e+00  1.65613430e+00  3.41516437e+01  1.39788275e+00  5.76846721e+00 
 1.31000000e+00  1.31000000e+00  1.48000000e+00  2.31897521e-03  1.28522148e+00  1.81794124e+00  1.01495682e+00  1.65613430e+00  3.41516437e+01  1.39788275e+00  5.76846721e+00 
 1.32000000e+00  1.32000000e+00  1.48000000e+00  2.32249757e-03  1.28522148e+00  1.81794124e+00  1.01495682e+00  1.65613430e+00  3.41516437e+01  1.39788275e+00  5.76846721e+00 
 1.33000000e+00  1.33000000e+00  1.48000000e+00  2.32598682e-03  1.28522148e+00  1.81794124e+00  1.01495682e+00  1.65613430e+00  3.41516437e+01  1.39788275e+00  5.76846721e+00 
 1.34000000e+00  1.34000000e+00  1.48000000e+00  2.32944391e-03  1.28522148e+00  1.81794124e+00  1.01495682e+00  1.65613430e+00  3.41516437e+01  1.39788275e+00  5.76846721e+00 
 1.35000000e+00  1.35000000e+00  1.48000000e+00  2.33286976e-03  1.28522148e+00  1.81794124e+00  1.01495682e+00  1.65613430e+00  3.41516437e+01  1.39788275e+00  5.76846721e+00 
 1.36000000e+00  1.36000000e+00  1.48000000e+00  2.33626525e-03  1.28522148e+00  1.81794124e+00  1.01495682e+00  1.65613430e+00  3.41516437e+01  1.39788275e+00  5.76846721e+00 
 1.37000000e+00  1.37000000e+00  1.48000000e+00  2.33963123e-03  1.28522148e+00  1.81794124e+00  1.01495682e+00  1.65613430e+00  3.41516437e+01  1.39788275e+00  5.76846721e+00 
 1.38000000e+00  1.38000000e+00  1.48000000e+00  2.34296850e-03  1.28522148e+00  1.81794124e+00  1.01495682e+00  1.65613430e+00  3.41516437e+01  1.39788275e+00  5.76846721e+00 
 1.39000000e+00  1.39000000e+00  1.48000000e+00  2.34627786e-03  1.28522148e+00  1.81794124e+00  1.01495682e+00  1.65613430e+00  3.41516437e+01  1.39788275e+00  5.76846721e+00 
 1.40000000e+00  1.40000000e+00  1.48000000e+00  2.34956007e-03  1.28522148e+00  1.81794124e+00  1.01495682e+00  1.65613430e+00  3.41516437e+01  1.39788275e+00  5.76846721e+00 
 1.41000000e+00  1.41000000e+00  1.48000000e+00  2.35281585e-03  1.28522148e+00  1.81794124e+00  1.01495682e+00  1.65613430e+00  3.41516437e+01  1.39788275e+00  5.76846721e+00 
 1.42000000e+00  1.42000000e+00  1.48000000e+00  2.35604591e-03  1.28522148e+00  1.81794124e+00  1.01495682e+00  1.65613430e+00  3.41516437e+01  1.39788275e+00  5.76846721e+00 
 1.43000000e+00  1.43000000e+00  1.48000000e+00  2.35925093e-03  1.28522148e+00  1.81794124e+00  1.01495682e+00  1.65613430e+00  3.41516437e+01  1.39788275e+00  5.76846721e+00 
 1.44000000e+00  1.44000000e+00  1.48000000e+00  2.36243156e-03  1.28522148e+00  1.81794124e+00  1.01495682e+00  1.65613430e+00  3.41516437e+01  1.39788275e+00  5.76846721e+00 
 1.45000000e+00  1.45000000e+00  1.48000000e+00  2.36558845e-03  1.28522148e+00  1.81794124e+00  1.01495682e+00  1.65613430e+00  3.41516437e+01  1.39788275e+00  5.76846721e+00 
 1.46000000e+00  1.46000000e+00  1.48000000e+00  2.36872220e-03  1.28522148e+00  1.81794124e+00  1.01495682e+00  1.65613430e+00  3.41516437e+01  1.39788275e+00  5.76846721e+00 
 1.47000000e+00  1.47000000e+00  1.48000000e+00  2.37183339e-03  1.28522148e+00  1.81794124e+00  1.01495682e+00  1.65613430e+00  3.41516437e+01  1.39788275e+00  5.76846721e+00 
 1.48000000e+00  1.48000000e+00  1.48000000e+00  2.37492261e-03  1.28522148e+00  1.81794124e+00  1.01495682e+00  1.65613430e+00  3.41516437e+01  1.39788275e+00  5.76846721e+00 
 1.49000000e+00  1.49000000e+00  1.48000000e+00  2.37799040e-03  1.28522148e+00  1.81794124e+00  1.01495682e+00  1.65613430e+00  3.41516437e+01  1.39788275e+00  5.76846721e+00 
 1.50000000e+00  1.50000000e+00  1.48000000e+00  2.38103730e-03  1.28522148e+00  1.81794124e+00  1.01495682e+00  1.65613430e+00  3.41516437e+01  1.39788275e+00  5.76846721e+00 
 1.51000000e+00  1.51000000e+00  1.48000000e+00  2.38406382e-03  1.28522148e+00  1.81794124e+00  1.01495682e+00  1.65613430e+00  3.41516437e+01  1.39788275e+00  5.76846721e+00 
 1.52000000e+00  1.52000000e+00  1.48000000e+00  2.38707045e-03  1.28522148e+00  1.81794124e+00  1.01495682e+00  1.65613430e+00  3.41516437e+01  1.39788275e+00  5.76846721e+00 
 1.53000000e+00  1.53000000e+00  1.48000000e+00  2.39005769e-03  1.28522148e+00  1.81794124e+00  1.01495682e+00  1.65613430e+00  3.41516437e+01  1.39788275e+00  5.76846721e+00 
 1.54000000e+00  1.54000000e+00  1.48000000e+00  2.39302599e-03  1.28522148e+00  1.81794124e+00  1.01495682e+00  1.65613430e+00  3.41516437e+01  1.39788275e+00  5.76846721e+00 
 1.55000000e+00  1.55000000e+00  1.48000000e+00  2.39597582e-03  1.28522148e+00  1.81794124e+00  1.01495682e+00  1.65613430e+00  3.41516437e+01  1.39788275e+00  5.76846721e+00 
 1.56000000e+00  1.56000000e+00  1.48000000e+00  2.39890759e-03  1.28522148e+00  1.81794124e+00  1.01495682e+00  1.65613430e+00  3.41516437e+01  1.39788275e+00  5.76846721e+00 
 1.57000000e+00  1.57000000e+00  1.48000000e+00  2.40182175e-03  1.28522148e+00  1.81794124e+00  1.01495682e+00  1.65613430e+00  3.41516437e+01  1.39788275e+00  5.76846721e+00 
 1.58000000e+00  1.58000000e+00  1.48000000e+00  2.40471869e-03  1.28522148e+00  1.81794124e+00  1.01495682e+00  1.65613430e+00  3.41516437e+01  1.39788275e+00  5.76846721e+00 
 1.59000000e+00  1.59000000e+00  1.48000000e+00  2.40759882e-03  1.28522148e+00  1.81794124e+00  1.01495682e+00  1.65613430e+00  3.41516437e+01  1.39788275e+00  5.76846721e+00 
 1.60000000e+00  1.60000000e+00  1.48000000e+00  2.41046252e-03  1.28522148e+00  1.81794124e+00  1.01495682e+00  1.65613430e+00  3.41516437e+01  1.39788275e+00  5.76846721e+00 
 1.61000000e+00  1.61000000e+00  1.48000000e+00  2.41331016e-03  1.28522148e+00  1.81794124e+00  1.01495682e+00  1.65613430e+00  3.41516437e+01  1.39788275e+00  5.76846721e+00 
 1.62000000e+00  1.62000000e+00  1.48000000e+00  2.41614211e-03  1.28522148e+00  1.81794124e+00  1.01495682e+00  1.65613430e+00  3.41516437e+01  1.39788275e+00  5.76846721e+00 
 1.63000000e+00  1.63000000e+00  1.48000000e+00  2.41895871e-03  1.28522148e+00  1.81794124e+00  1.01495682e+00  1.65613430e+00  3.41516437e+01  1.39788275e+00  5.76846721e+00 
 1.64000000e+00  1.64000000e+00  1.48000000e+00  2.42176031e-03  1.28522148e+00  1.81794124e+00  1.01495682e+00  1.65613430e+00  3.41516437e+01  1.39788275e+00  5.76846721e+00 
 1.65000000e+00  1.65000000e+00  1.48000000e+00  2.42454723e-03  1.28522148e+00  1.81794124e+00  1.01495682e+00  1.65613430e+00  3.41516437e+01  1.39788275e+00  5.76846721e+00 
 1.66000000e+00  1.66000000e+00  1.48000000e+00  2.42731980e-03  1.28522148e+00  1.81794124e+00  1.01495682e+00  1.65613430e+00  3.41516437e+01  1.39788275e+00  5.76846721e+00 
 1.67000000e+00  1.67000000e+00  1.48000000e+00  2.43007832e-03  1.28522148e+00  1.81794124e+00  1.01495682e+00  1.65613430e+00  3.41516437e+01  1.39788275e+00  5.76846721e+00 
 1.68000000e+00  1.68000000e+00  1.48000000e+00  2.43282311e-03  1.28522148e+00  1.81794124e+00  1.01495682e+00  1.65613430e+00  3.41516437e+01  1.39788275e+00  5.76846721e+00 
 1.69000000e+00  1.69000000e+00  1.48000000e+00  2.43555444e-03  1.28522148e+00  1.81794124e+00  1.01495682e+00  1.65613430e+00  3.41516437e+01  1.39788275e+00  5.76846721e+00 
 1.70000000e+00  1.70000000e+00  1.48000000e+00  2.43827261e-03  1.28522148e+00  1.81794124e+00  1.01495682e+00  1.65613430e+00  3.41516437e+01  1.39788275e+00  5.76846721e+00 
 1.71000000e+00  1.71000000e+00  1.48000000e+00  2.44097790e-03  1.28522148e+00  1.81794124e+00  1.01495682e+00  1.65613430e+00  3.41516437e+01  1.39788275e+00  5.76846721e+00 
 1.72000000e+00  1.72000000e+00  1.48000000e+00  2.44367057e-03  1.28522148e+00  1.81794124e+00  1.01495682e+00  1.65613430e+00  3.41516437e+01  1.39788275e+00  5.76846721e+00 
 1.73000000e+00  1.73000000e+00  1.48000000e+00  2.44635088e-03  1.28522148e+00  1.81794124e+00  1.01495682e+00  1.65613430e+00  3.41516437e+01  1.39788275e+00  5.76846721e+00 
 1.74000000e+00  1.74000000e+00  1.48000000e+00  2.44901909e-03  1.28522148e+00  1.81794124e+00  1.01495682e+00  1.65613430e+00  3.41516437e+01  1.39788275e+00  5.76846721e+00 
 1.75000000e+00  1.75000000e+00  1.48000000e+00  2.45167545e-03  1.28522148e+00  1.81794124e+00  1.01495682e+00  1.65613430e+00  3.41516437e+01  1.39788275e+00  5.76846721e+00 
 1.76000000e+00  1.76000000e+00  1.48000000e+00  2.45432020e-03  1.28522148e+00  1.81794124e+00  1.01495682e+00  1.65613430e+00  3.41516437e+01  1.39788275e+00  5.76846721e+00 
 1.77000000e+00  1.77000000e+00  1.48000000e+00  2.45695357e-03  1.28522148e+00  1.81794124e+00  1.01495682e+00  1.65613430e+00  3.41516437e+01  1.39788275e+00  5.76846721e+00 
 1.78000000e+00  1.78000000e+00  1.48000000e+00  2.45957579e-03  1.28522148e+00  1.81794124e+00  1.01495682e+00  1.65613430e+00  3.41516437e+01  1.39788275e+00  5.76846721e+00 
 1.79000000e+00  1.79000000e+00  1.48000000e+00  2.46218709e-03  1.28522148e+00  1.81794124e+00  1.01495682e+00  1.65613430e+00  3.41516437e+01  1.39788275e+00  5.76846721e+00 
 1.80000000e+00  1.80000000e+00  1.48000000e+00  2.46478768e-03  1.28522148e+00  1.81794124e+00  1.01495682e+00  1.65613430e+00  3.41516437e+01  1.39788275e+00  5.76846721e+00 
 1.81000000e+00  1.81000000e+00  1.48000000e+00  2.46737778e-03  1.28522148e+00  1.81794124e+00  1.01495682e+00  1.65613430e+00  3.41516437e+01  1.39788275e+00  5.76846721e+00 
 1.82000000e+00  1.82000000e+00  1.48000000e+00  2.46995758e-03  1.28522148e+00  1.81794124e+00  1.01495682e+00  1.65613430e+00  3.41516437e+01  1.39788275e+00  5.76846721e+00 
 1.83000000e+00  1.83000000e+00  1.48000000e+00  2.47252730e-03  1.28522148e+00  1.81794124e+00  1.01495682e+00  1.65613430e+00  3.41516437e+01  1.39788275e+00  5.76846721e+00 
 1.84000000e+00  1.84000000e+00  1.48000000e+00  2.47508714e-03  1.28522148e+00  1.81794124e+00  1.01495682e+00  1.65613430e+00  3.41516437e+01  1.39788275e+00  5.76846721e+00 
 1.85000000e+00  1.85000000e+00  1.48000000e+00  2.47763728e-03  1.28522148e+00  1.81794124e+00  1.01495682e+00  1.65613430e+00  3.41516437e+01  1.39788275e+00  5.76846721e+00 
