 0.00000000e+00  1.48000000e+00  0.00000000e+00  1.48148160e-12  1.23703804e+00  1.63263508e+00  8.89488167e-01  1.57447346e+00  3.16296107e+01  1.31998661e+00  5.71245151e+00 
 1.00000000e-02  1.48000000e+00  1.00000000e-02  1.48148160e-12  1.23703804e+00  1.63263508e+00  8.89488167e-01  1.57447346e+00  3.16296107e+01  1.31998661e+00  5.71245151e+00 
 2.00000000e-02  1.48000000e+00  2.00000000e-02  1.48148160e-12  1.23703804e+00  1.63263508e+00  8.89488167e-01  1.57447346e+00  3.16296107e+01  1.31998661e+00  5.71245151e+00 
 3.00000000e-02  1.48000000e+00  3.00000000e-02  1.48148160e-12  1.23703804e+00  1.63263508e+00  8.89488167e-01  1.57447346e+00  3.16296107e+01  1.31998661e+00  5.71245151e+00 
 4.00000000e-02  1.48000000e+00  4.00000000e-02  1.48148160e-12  1.23703804e+00  1.63263508e+00  8.89488167e-01  1.57447346e+00  3.16296107e+01  1.31998661e+00  5.71245151e+00 
 5.00000000e-02  1.48000000e+00  5.00000000e-02  1.48148160e-12  1.23703804e+00  1.63263508e+00  8.89488167e-01  1.57447346e+00  3.16296107e+01  1.31998661e+00  5.71245151e+00 
 6.00000000e-02  1.48000000e+00  6.00000000e-02  1.48148160e-12  1.23703804e+00  1.63263508e+00  8.89488167e-01  1.57447346e+00  3.16296107e+01  1.31998661e+00  5.71245151e+00 
 7.00000000e-02  1.48000000e+00  7.00000000e-02  1.48148160e-12  1.23703804e+00  1.63263508e+00  8.89488167e-01  1.57447346e+00  3.16296107e+01  1.31998661e+00  5.71245151e+00 
 8.00000000e-02  1.48000000e+00  8.00000000e-02  1.48148160e-12  1.23703804e+00  1.63263508e+00  8.89488167e-01  1.57447346e+00  3.16296107e+01  1.31998661e+00  5.71245151e+00 
 9.00000000e-02  1.48000000e+00  9.00000000e-02  1.48148160e-12  1.23703804e+00  1.63263508e+00  8.89488167e-01  1.57447346e+00  3.16296107e+01  1.31998661e+00  5.71245151e+00 
 1.00000000e-01  1.48000000e+00  1.00000000e-01  1.48148160e-12  1.23703804e+00  1.63263508e+00  8.89488167e-01  1.57447346e+00  3.16296107e+01  1.31998661e+00  5.71245151e+00 
 1.10000000e-01  1.48000000e+00  1.10000000e-01  1.48148160e-12  1.23703804e+00  1.63263508e+00  8.89488167e-01  1.57447346e+00  3.16296107e+01  1.31998661e+00  5.71245151e+00 
 1.20000000e-01  1.48000000e+00  1.20000000e-01  1.48148160e-12  1.23703804e+00  1.63263508e+00  8.89488167e-01  1.57447346e+00  3.16296107e+01  1.31998661e+00  5.71245151e+00 
 1.30000000e-01  1.48000000e+00  1.30000000e-01  1.48148160e-12  1.23703804e+00  1.63263508e+00  8.89488167e-01  1.57447346e+00  3.16296107e+01  1.31998661e+00  5.71245151e+00 
 1.40000000e-01  1.48000000e+00  1.40000000e-01  1.48148160e-12  1.23703804e+00  1.63263508e+00  8.89488167e-01  1.57447346e+00  3.16296107e+01  1.31998661e+00  5.71245151e+00 
 1.50000000e-01  1.48000000e+00  1.50000000e-01  1.48148160e-12  1.23703804e+00  1.63263508e+00  8.89488167e-01  1.57447346e+00  3.16296107e+01  1.31998661e+00  5.71245151e+00 
 1.60000000e-01  1.48000000e+00  1.60000000e-01  1.48148160e-12  1.23703804e+00  1.63263508e+00  8.89488167e-01  1.57447346e+00  3.16296107e+01  1.31998661e+00  5.71245151e+00 
 1.70000000e-01  1.48000000e+00  1.70000000e-01  1.48148160e-12  1.23703804e+00  1.63263508e+00  8.89488167e-01  1.57447346e+00  3.16296107e+01  1.31998661e+00  5.71245151e+00 
 1.80000000e-01  1.48000000e+00  1.80000000e-01  1.48148160e-12  1.23703804e+00  1.63263508e+00  8.89488167e-01  1.57447346e+00  3.16296107e+01  1.31998661e+00  5.71245151e+00 
 1.90000000e-01  1.48000000e+00  1.90000000e-01  1.48148160e-12  1.23703804e+00  1.63263508e+00  8.89488167e-01  1.57447346e+00  3.16296107e+01  1.31998661e+00  5.71245151e+00 
 2.00000000e-01  1.48000000e+00  2.00000000e-01  1.48148160e-12  1.23703804e+00  1.63263508e+00  8.89488167e-01  1.57447346e+00  3.16296107e+01  1.31998661e+00  5.71245151e+00 
 2.10000000e-01  1.48000000e+00  2.10000000e-01  1.48148160e-12  1.23703804e+00  1.63263508e+00  8.89488167e-01  1.57447346e+00  3.16296107e+01  1.31998661e+00  5.71245151e+00 
 2.20000000e-01  1.48000000e+00  2.20000000e-01  1.48148160e-12  1.23703804e+00  1.63263508e+00  8.89488167e-01  1.57447346e+00  3.16296107e+01  1.31998661e+00  5.71245151e+00 
 2.30000000e-01  1.48000000e+00  2.30000000e-01  1.48148160e-12  1.23703804e+00  1.63263508e+00  8.89488167e-01  1.57447346e+00  3.16296107e+01  1.31998661e+00  5.71245151e+00 
 2.40000000e-01  1.48000000e+00  2.40000000e-01  1.48148160e-12  1.23703804e+00  1.63263508e+00  8.89488167e-01  1.57447346e+00  3.16296107e+01  1.31998661e+00  5.71245151e+00 
 2.50000000e-01  1.48000000e+00  2.50000000e-01  1.48148160e-12  1.23703804e+00  1.63263508e+00  8.89488167e-01  1.57447346e+00  3.16296107e+01  1.31998661e+00  5.71245151e+00 
 2.60000000e-01  1.48000000e+00  2.60000000e-01  1.48148160e-12  1.23703804e+00  1.63263508e+00  8.89488167e-01  1.57447346e+00  3.16296107e+01  1.31998661e+00  5.71245151e+00 
 2.70000000e-01  1.48000000e+00  2.70000000e-01  1.48148160e-12  1.23703804e+00  1.63263508e+00  8.89488167e-01  1.57447346e+00  3.16296107e+01  1.31998661e+00  5.71245151e+00 
 2.80000000e-01  1.48000000e+00  2.80000000e-01  1.48148160e-12  1.23703804e+00  1.63263508e+00  8.89488167e-01  1.57447346e+00  3.16296107e+01  1.31998661e+00  5.71245151e+00 
 2.90000000e-01  1.48000000e+00  2.90000000e-01  1.48148160e-12  1.23703804e+00  1.63263508e+00  8.89488167e-01  1.57447346e+00  3.16296107e+01  1.31998661e+00  5.71245151e+00 
 3.00000000e-01  1.48000000e+00  3.00000000e-01  1.48148160e-12  1.23703804e+00  1.63263508e+00  8.89488167e-01  1.57447346e+00  3.16296107e+01  1.31998661e+00  5.71245151e+00 
 3.10000000e-01  1.48000000e+00  3.10000000e-01  1.48148160e-12  1.23703804e+00  1.63263508e+00  8.89488167e-01  1.57447346e+00  3.16296107e+01  1.31998661e+00  5.71245151e+00 
 3.20000000e-01  1.48000000e+00  3.20000000e-01  1.48148160e-12  1.23703804e+00  1.63263508e+00  8.89488167e-01  1.57447346e+00  3.16296107e+01  1.31998661e+00  5.71245151e+00 
 3.30000000e-01  1.48000000e+00  3.30000000e-01  1.48148160e-12  1.23703804e+00  1.63263508e+00  8.89488167e-01  1.57447346e+00  3.16296107e+01  1.31998661e+00  5.71245151e+00 
 3.40000000e-01  1.48000000e+00  3.40000000e-01  1.48148160e-12  1.23703804e+00  1.63263508e+00  8.89488167e-01  1.57447346e+00  3.16296107e+01  1.31998661e+00  5.71245151e+00 
 3.50000000e-01  1.48000000e+00  3.50000000e-01  1.48148160e-12  1.23703804e+00  1.63263508e+00  8.89488167e-01  1.57447346e+00  3.16296107e+01  1.31998661e+00  5.71245151e+00 
 3.60000000e-01  1.48000000e+00  3.60000000e-01  1.48148160e-12  1.23703804e+00  1.63263508e+00  8.89488167e-01  1.57447346e+00  3.16296107e+01  1.31998661e+00  5.71245151e+00 
 3.70000000e-01  1.48000000e+00  3.70000000e-01  1.48325796e-12  1.23703804e+00  1.63263508e+00  8.89488167e-01  1.57447346e+00  3.16296107e+01  1.31998661e+00  5.71245151e+00 
 3.80000000e-01  1.48000000e+00  3.80000000e-01  1.48148160e-12  1.23703804e+00  1.63263508e+00  8.89488167e-01  1.57447346e+00  3.16296107e+01  1.31998661e+00  5.71245151e+00 
 3.90000000e-01  1.48000000e+00  3.90000000e-01  1.48503432e-12  1.23703804e+00  1.63263508e+00  8.89488167e-01  1.57447346e+00  3.16296107e+01  1.31998661e+00  5.71245151e+00 
 4.00000000e-01  1.48000000e+00  4.00000000e-01  1.48503432e-12  1.23703804e+00  1.63263508e+00  8.89488167e-01  1.57447346e+00  3.16296107e+01  1.31998661e+00  5.71245151e+00 
 4.10000000e-01  1.48000000e+00  4.10000000e-01  1.49036339e-12  1.23703804e+00  1.63263508e+00  8.89488167e-01  1.57447346e+00  3.16296107e+01  1.31998661e+00  5.71245151e+00 
 4.20000000e-01  1.48000000e+00  4.20000000e-01  1.50279789e-12  1.23703804e+00  1.63263508e+00  8.89488167e-01  1.57447346e+00  3.16296107e+01  1.31998661e+00  5.71245151e+00 
 4.30000000e-01  1.48000000e+00  4.30000000e-01  1.53654867e-12  1.23703804e+00  1.63263508e+00  8.89488167e-01  1.57447346e+00  3.16296107e+01  1.31998661e+00  5.71245151e+00 
 4.40000000e-01  1.48000000e+00  4.40000000e-01  1.63247194e-12  1.23703804e+00  1.63263508e+00  8.89488167e-01  1.57447346e+00  3.16296107e+01  1.31998661e+00  5.71245151e+00 
 4.50000000e-01  1.48000000e+00  4.50000000e-01  1.87228011e-12  1.23703804e+00  1.63263508e+00  8.89488167e-01  1.57447346e+00  3.16296107e+01  1.31998661e+00  5.71245151e+00 
 4.60000000e-01  1.48000000e+00  4.60000000e-01  2.50821586e-12  1.23703804e+00  1.63263508e+00  8.89488167e-01  1.57447346e+00  3.16296107e+01  1.31998661e+00  5.71245151e+00 
 4.70000000e-01  1.48000000e+00  4.70000000e-01  4.17799129e-12  1.23703804e+00  1.63263508e+00  8.89488167e-01  1.57447346e+00  3.16296107e+01  1.31998661e+00  5.71245151e+00 
 4.80000000e-01  1.48000000e+00  4.80000000e-01  8.54072368e-12  1.23703804e+00  1.63263508e+00  8.89488167e-01  1.57447346e+00  3.16296107e+01  1.31998661e+00  5.71245151e+00 
 4.90000000e-01  1.48000000e+00  4.90000000e-01  1.98649985e-11  1.23703804e+00  1.63263508e+00  8.89488167e-01  1.57447346e+00  3.16296107e+01  1.31998661e+00  5.71245151e+00 
 5.00000000e-01  1.48000000e+00  5.00000000e-01  4.90079088e-11  1.23703804e+00  1.63263508e+00  8.89488167e-01  1.57447346e+00  3.16296107e+01  1.31998661e+00  5.71245151e+00 
 5.10000000e-01  1.48000000e+00  5.10000000e-01  1.22909682e-10  1.23703804e+00  1.63263508e+00  8.89488167e-01  1.57447346e+00  3.16296107e+01  1.31998661e+00  5.71245151e+00 
 5.20000000e-01  1.48000000e+00  5.20000000e-01  3.06242143e-10  1.23703804e+00  1.63263508e+00  8.89488167e-01  1.57447346e+00  3.16296107e+01  1.31998661e+00  5.71245151e+00 
 5.30000000e-01  1.48000000e+00  5.30000000e-01  7.46636530e-10  1.23703804e+00  1.63263508e+00  8.89488167e-01  1.57447346e+00  3.16296107e+01  1.31998661e+00  5.71245151e+00 
 5.40000000e-01  1.48000000e+00  5.40000000e-01  1.75852755e-09  1.23703804e+00  1.63263508e+00  8.89488167e-01  1.57447346e+00  3.16296107e+01  1.31998661e+00  5.71245151e+00 
 5.50000000e-01  1.48000000e+00  5.50000000e-01  3.95520772e-09  1.23703804e+00  1.63263508e+00  8.89488167e-01  1.57447346e+00  3.16296107e+01  1.31998661e+00  5.71245151e+00 
 5.60000000e-01  1.48000000e+00  5.60000000e-01  8.42236858e-09  1.23703804e+00  1.63263508e+00  8.89488167e-01  1.57447346e+00  3.16296107e+01  1.31998661e+00  5.71245151e+00 
 5.70000000e-01  1.48000000e+00  5.70000000e-01  1.69267746e-08  1.23703804e+00  1.63263508e+00  8.89488167e-01  1.57447346e+00  3.16296107e+01  1.31998661e+00  5.71245151e+00 
 5.80000000e-01  1.48000000e+00  5.80000000e-01  3.22157412e-08  1.23703804e+00  1.63263508e+00  8.89488167e-01  1.57447346e+00  3.16296107e+01  1.31998661e+00  5.71245151e+00 
 5.90000000e-01  1.48000000e+00  5.90000000e-01  5.85660711e-08  1.23703804e+00  1.63263508e+00  8.89488167e-01  1.57447346e+00  3.16296107e+01  1.31998661e+00  5.71245151e+00 
 6.00000000e-01  1.48000000e+00  6.00000000e-01  1.02807352e-07  1.23703804e+00  1.63263508e+00  8.89488167e-01  1.57447346e+00  3.16296107e+01  1.31998661e+00  5.71245151e+00 
 6.10000000e-01  1.48000000e+00  6.10000000e-01  1.76091355e-07  1.23703804e+00  1.63263508e+00  8.89488167e-01  1.57447346e+00  3.16296107e+01  1.31998661e+00  5.71245151e+00 
 6.20000000e-01  1.48000000e+00  6.20000000e-01  2.96803771e-07  1.23703804e+00  1.63263508e+00  8.89488167e-01  1.57447346e+00  3.16296107e+01  1.31998661e+00  5.71245151e+00 
 6.30000000e-01  1.48000000e+00  6.30000000e-01  4.95181283e-07  1.23703804e+00  1.63263508e+00  8.89488167e-01  1.57447346e+00  3.16296107e+01  1.31998661e+00  5.71245151e+00 
 6.40000000e-01  1.48000000e+00  6.40000000e-01  8.20082192e-07  1.23703804e+00  1.63263508e+00  8.89488167e-01  1.57447346e+00  3.16296107e+01  1.31998661e+00  5.71245151e+00 
 6.50000000e-01  1.48000000e+00  6.50000000e-01  1.34722534e-06  1.23703804e+00  1.63263508e+00  8.89488167e-01  1.57447346e+00  3.16296107e+01  1.31998661e+00  5.71245151e+00 
 6.60000000e-01  1.48000000e+00  6.60000000e-01  2.18529742e-06  1.23703804e+00  1.63263508e+00  8.89488167e-01  1.57447346e+00  3.16296107e+01  1.31998661e+00  5.71245151e+00 
 6.70000000e-01  1.48000000e+00  6.70000000e-01  3.47297030e-06  1.23703804e+00  1.63263508e+00  8.89488167e-01  1.57447346e+00  3.16296107e+01  1.31998661e+00  5.71245151e+00 
 6.80000000e-01  1.48000000e+00  6.80000000e-01  5.36151520e-06  1.23703804e+00  1.63263508e+00  8.89488167e-01  1.57447346e+00  3.16296107e+01  1.31998661e+00  5.71245151e+00 
 6.90000000e-01  1.48000000e+00  6.90000000e-01  7.98787134e-06  1.23703804e+00  1.63263508e+00  8.89488167e-01  1.57447346e+00  3.16296107e+01  1.31998661e+00  5.71245151e+00 
 7.00000000e-01  1.48000000e+00  7.00000000e-01  1.14526065e-05  1.23703804e+00  1.63263508e+00  8.89488167e-01  1.57447346e+00  3.16296107e+01  1.31998661e+00  5.71245151e+00 
 7.10000000e-01  1.48000000e+00  7.10000000e-01  1.58134925e-05  1.23703804e+00  1.63263508e+00  8.89488167e-01  1.57447346e+00  3.16296107e+01  1.31998661e+00  5.71245151e+00 
 7.20000000e-01  1.48000000e+00  7.20000000e-01  2.10929863e-05  1.23703804e+00  1.63263508e+00  8.89488167e-01  1.57447346e+00  3.16296107e+01  1.31998661e+00  5.71245151e+00 
 7.30000000e-01  1.48000000e+00  7.30000000e-01  2.72909870e-05  1.23703804e+00  1.63263508e+00  8.89488167e-01  1.57447346e+00  3.16296107e+01  1.31998661e+00  5.71245151e+00 
 7.40000000e-01  1.48000000e+00  7.40000000e-01  3.43960444e-05  1.23703804e+00  1.63263508e+00  8.89488167e-01  1.57447346e+00  3.16296107e+01  1.31998661e+00  5.71245151e+00 
 7.50000000e-01  1.48000000e+00  7.50000000e-01  4.23926647e-05  1.23703804e+00  1.63263508e+00  8.89488167e-01  1.57447346e+00  3.16296107e+01  1.31998661e+00  5.71245151e+00 
 7.60000000e-01  1.48000000e+00  7.60000000e-01  5.12651346e-05  1.23703804e+00  1.63263508e+00  8.89488167e-01  1.57447346e+00  3.16296107e+01  1.31998661e+00  5.71245151e+00 
 7.70000000e-01  1.48000000e+00  7.70000000e-01  6.09990865e-05  1.23703804e+00  1.63263508e+00  8.89488167e-01  1.57447346e+00  3.16296107e+01  1.31998661e+00  5.71245151e+00 
 7.80000000e-01  1.48000000e+00  7.80000000e-01  7.15818508e-05  1.23703804e+00  1.63263508e+00  8.89488167e-01  1.57447346e+00  3.16296107e+01  1.31998661e+00  5.71245151e+00 
 7.90000000e-01  1.48000000e+00  7.90000000e-01  8.30022686e-05  1.23703804e+00  1.63263508e+00  8.89488167e-01  1.57447346e+00  3.16296107e+01  1.31998661e+00  5.71245151e+00 
 8.00000000e-01  1.48000000e+00  8.00000000e-01  9.52503248e-05  1.23703804e+00  1.63263508e+00  8.89488167e-01  1.57447346e+00  3.16296107e+01  1.31998661e+00  5.71245151e+00 
 8.10000000e-01  1.48000000e+00  8.10000000e-01  1.08316773e-04  1.23703804e+00  1.63263508e+00  8.89488167e-01  1.57447346e+00  3.16296107e+01  1.31998661e+00  5.71245151e+00 
 8.20000000e-01  1.48000000e+00  8.20000000e-01  1.22192817e-04  1.23703804e+00  1.63263508e+00  8.89488167e-01  1.57447346e+00  3.16296107e+01  1.31998661e+00  5.71245151e+00 
 8.30000000e-01  1.48000000e+00  8.30000000e-01  1.36869864e-04  1.23703804e+00  1.63263508e+00  8.89488167e-01  1.57447346e+00  3.16296107e+01  1.31998661e+00  5.71245151e+00 
 8.40000000e-01  1.48000000e+00  8.40000000e-01  1.52339347e-04  1.23703804e+00  1.63263508e+00  8.89488167e-01  1.57447346e+00  3.16296107e+01  1.31998661e+00  5.71245151e+00 
 8.50000000e-01  1.48000000e+00  8.50000000e-01  1.68592605e-04  1.23703804e+00  1.63263508e+00  8.89488167e-01  1.57447346e+00  3.16296107e+01  1.31998661e+00  5.71245151e+00 
 8.60000000e-01  1.48000000e+00  8.60000000e-01  1.85620793e-04  1.23703804e+00  1.63263508e+00  8.89488167e-01  1.57447346e+00  3.16296107e+01  1.31998661e+00  5.71245151e+00 
 8.70000000e-01  1.48000000e+00  8.70000000e-01  2.03414841e-04  1.23703804e+00  1.63263508e+00  8.89488167e-01  1.57447346e+00  3.16296107e+01  1.31998661e+00  5.71245151e+00 
 8.80000000e-01  1.48000000e+00  8.80000000e-01  2.21965419e-04  1.23703804e+00  1.63263508e+00  8.89488167e-01  1.57447346e+00  3.16296107e+01  1.31998661e+00  5.71245151e+00 
 8.90000000e-01  1.48000000e+00  8.90000000e-01  2.41262927e-04  1.23703804e+00  1.63263508e+00  8.89488167e-01  1.57447346e+00  3.16296107e+01  1.31998661e+00  5.71245151e+00 
 9.00000000e-01  1.48000000e+00  9.00000000e-01  2.61297487e-04  1.23703804e+00  1.63263508e+00  8.89488167e-01  1.57447346e+00  3.16296107e+01  1.31998661e+00  5.71245151e+00 
 9.10000000e-01  1.48000000e+00  9.10000000e-01  2.82058952e-04  1.23703804e+00  1.63263508e+00  8.89488167e-01  1.57447346e+00  3.16296107e+01  1.31998661e+00  5.71245151e+00 
 9.20000000e-01  1.48000000e+00  9.20000000e-01  3.03536909e-04  1.23703804e+00  1.63263508e+00  8.89488167e-01  1.57447346e+00  3.16296107e+01  1.31998661e+00  5.71245151e+00 
 9.30000000e-01  1.48000000e+00  9.30000000e-01  3.25720696e-04  1.23703804e+00  1.63263508e+00  8.89488167e-01  1.57447346e+00  3.16296107e+01  1.31998661e+00  5.71245151e+00 
 9.40000000e-01  1.48000000e+00  9.40000000e-01  3.48599409e-04  1.23703804e+00  1.63263508e+00  8.89488167e-01  1.57447346e+00  3.16296107e+01  1.31998661e+00  5.71245151e+00 
 9.50000000e-01  1.48000000e+00  9.50000000e-01  3.72161918e-04  1.23703804e+00  1.63263508e+00  8.89488167e-01  1.57447346e+00  3.16296107e+01  1.31998661e+00  5.71245151e+00 
 9.60000000e-01  1.48000000e+00  9.60000000e-01  3.96396884e-04  1.23703804e+00  1.63263508e+00  8.89488167e-01  1.57447346e+00  3.16296107e+01  1.31998661e+00  5.71245151e+00 
 9.70000000e-01  1.48000000e+00  9.70000000e-01  4.21292767e-04  1.23703804e+00  1.63263508e+00  8.89488167e-01  1.57447346e+00  3.16296107e+01  1.31998661e+00  5.71245151e+00 
 9.80000000e-01  1.48000000e+00  9.80000000e-01  4.46837847e-04  1.23703804e+00  1.63263508e+00  8.89488167e-01  1.57447346e+00  3.16296107e+01  1.31998661e+00  5.71245151e+00 
 9.90000000e-01  1.48000000e+00  9.90000000e-01  4.73020247e-04  1.23703804e+00  1.63263508e+00  8.89488167e-01  1.57447346e+00  3.16296107e+01  1.31998661e+00  5.71245151e+00 
 1.00000000e+00  1.48000000e+00  1.00000000e+00  4.99827935e-04  1.23703804e+00  1.63263508e+00  8.89488167e-01  1.57447346e+00  3.16296107e+01  1.31998661e+00  5.71245151e+00 
 1.01000000e+00  1.48000000e+00  1.01000000e+00  5.27248748e-04  1.23703804e+00  1.63263508e+00  8.89488167e-01  1.57447346e+00  3.16296107e+01  1.31998661e+00  5.71245151e+00 
 1.02000000e+00  1.48000000e+00  1.02000000e+00  5.55270401e-04  1.23703804e+00  1.63263508e+00  8.89488167e-01  1.57447346e+00  3.16296107e+01  1.31998661e+00  5.71245151e+00 
 1.03000000e+00  1.48000000e+00  1.03000000e+00  5.83880505e-04  1.23703804e+00  1.63263508e+00  8.89488167e-01  1.57447346e+00  3.16296107e+01  1.31998661e+00  5.71245151e+00 
 1.04000000e+00  1.48000000e+00  1.04000000e+00  6.13066575e-04  1.23703804e+00  1.63263508e+00  8.89488167e-01  1.57447346e+00  3.16296107e+01  1.31998661e+00  5.71245151e+00 
 1.05000000e+00  1.48000000e+00  1.05000000e+00  6.42816053e-04  1.23703804e+00  1.63263508e+00  8.89488167e-01  1.57447346e+00  3.16296107e+01  1.31998661e+00  5.71245151e+00 
 1.06000000e+00  1.48000000e+00  1.06000000e+00  6.73116310e-04  1.23703804e+00  1.63263508e+00  8.89488167e-01  1.57447346e+00  3.16296107e+01  1.31998661e+00  5.71245151e+00 
 1.07000000e+00  1.48000000e+00  1.07000000e+00  7.03954670e-04  1.23703804e+00  1.63263508e+00  8.89488167e-01  1.57447346e+00  3.16296107e+01  1.31998661e+00  5.71245151e+00 
 1.08000000e+00  1.48000000e+00  1.08000000e+00  7.35318414e-04  1.23703804e+00  1.63263508e+00  8.89488167e-01  1.57447346e+00  3.16296107e+01  1.31998661e+00  5.71245151e+00 
 1.09000000e+00  1.48000000e+00  1.09000000e+00  7.67194794e-04  1.23703804e+00  1.63263508e+00  8.89488167e-01  1.57447346e+00  3.16296107e+01  1.31998661e+00  5.71245151e+00 
 1.10000000e+00  1.48000000e+00  1.10000000e+00  7.99571049e-04  1.23703804e+00  1.63263508e+00  8.89488167e-01  1.57447346e+00  3.16296107e+01  1.31998661e+00  5.71245151e+00 
 1.11000000e+00  1.48000000e+00  1.11000000e+00  8.32434410e-04  1.23703804e+00  1.63263508e+00  8.89488167e-01  1.57447346e+00  3.16296107e+01  1.31998661e+00  5.71245151e+00 
 1.12000000e+00  1.48000000e+00  1.12000000e+00  8.65772115e-04  1.23703804e+00  1.63263508e+00  8.89488167e-01  1.57447346e+00  3.16296107e+01  1.31998661e+00  5.71245151e+00 
 1.13000000e+00  1.48000000e+00  1.13000000e+00  8.99571416e-04  1.23703804e+00  1.63263508e+00  8.89488167e-01  1.57447346e+00  3.16296107e+01  1.31998661e+00  5.71245151e+00 
 1.14000000e+00  1.48000000e+00  1.14000000e+00  9.33819593e-04  1.23703804e+00  1.63263508e+00  8.89488167e-01  1.57447346e+00  3.16296107e+01  1.31998661e+00  5.71245151e+00 
 1.15000000e+00  1.48000000e+00  1.15000000e+00  9.68503960e-04  1.23703804e+00  1.63263508e+00  8.89488167e-01  1.57447346e+00  3.16296107e+01  1.31998661e+00  5.71245151e+00 
 1.16000000e+00  1.48000000e+00  1.16000000e+00  1.00361187e-03  1.23703804e+00  1.63263508e+00  8.89488167e-01  1.57447346e+00  3.16296107e+01  1.31998661e+00  5.71245151e+00 
 1.17000000e+00  1.48000000e+00  1.17000000e+00  1.03913075e-03  1.23703804e+00  1.63263508e+00  8.89488167e-01  1.57447346e+00  3.16296107e+01  1.31998661e+00  5.71245151e+00 
 1.18000000e+00  1.48000000e+00  1.18000000e+00  1.07504805e-03  1.23703804e+00  1.63263508e+00  8.89488167e-01  1.57447346e+00  3.16296107e+01  1.31998661e+00  5.71245151e+00 
 1.19000000e+00  1.48000000e+00  1.19000000e+00  1.11135132e-03  1.23703804e+00  1.63263508e+00  8.89488167e-01  1.57447346e+00  3.16296107e+01  1.31998661e+00  5.71245151e+00 
 1.20000000e+00  1.48000000e+00  1.20000000e+00  1.14802817e-03  1.23703804e+00  1.63263508e+00  8.89488167e-01  1.57447346e+00  3.16296107e+01  1.31998661e+00  5.71245151e+00 
 1.21000000e+00  1.48000000e+00  1.21000000e+00  1.18506632e-03  1.23703804e+00  1.63263508e+00  8.89488167e-01  1.57447346e+00  3.16296107e+01  1.31998661e+00  5.71245151e+00 
 1.22000000e+00  1.48000000e+00  1.22000000e+00  1.22245353e-03  1.23703804e+00  1.63263508e+00  8.89488167e-01  1.57447346e+00  3.16296107e+01  1.31998661e+00  5.71245151e+00 
 1.23000000e+00  1.48000000e+00  1.23000000e+00  1.26017770e-03  1.23703804e+00  1.63263508e+00  8.89488167e-01  1.57447346e+00  3.16296107e+01  1.31998661e+00  5.71245151e+00 
 1.24000000e+00  1.48000000e+00  1.24000000e+00  1.29822681e-03  1.23703804e+00  1.63263508e+00  8.89488167e-01  1.57447346e+00  3.16296107e+01  1.31998661e+00  5.71245151e+00 
 1.25000000e+00  1.48000000e+00  1.25000000e+00  1.33658895e-03  1.23703804e+00  1.63263508e+00  8.89488167e-01  1.57447346e+00  3.16296107e+01  1.31998661e+00  5.71245151e+00 
 1.26000000e+00  1.48000000e+00  1.26000000e+00  1.37525233e-03  1.23703804e+00  1.63263508e+00  8.89488167e-01  1.57447346e+00  3.16296107e+01  1.31998661e+00  5.71245151e+00 
 1.27000000e+00  1.48000000e+00  1.27000000e+00  1.41420526e-03  1.23703804e+00  1.63263508e+00  8.89488167e-01  1.57447346e+00  3.16296107e+01  1.31998661e+00  5.71245151e+00 
 1.28000000e+00  1.48000000e+00  1.28000000e+00  1.45343618e-03  1.23703804e+00  1.63263508e+00  8.89488167e-01  1.57447346e+00  3.16296107e+01  1.31998661e+00  5.71245151e+00 
 1.29000000e+00  1.48000000e+00  1.29000000e+00  1.49293366e-03  1.23703804e+00  1.63263508e+00  8.89488167e-01  1.57447346e+00  3.16296107e+01  1.31998661e+00  5.71245151e+00 
 1.30000000e+00  1.48000000e+00  1.30000000e+00  1.53268639e-03  1.23703804e+00  1.63263508e+00  8.89488167e-01  1.57447346e+00  3.16296107e+01  1.31998661e+00  5.71245151e+00 
 1.31000000e+00  1.48000000e+00  1.31000000e+00  1.57268318e-03  1.23703804e+00  1.63263508e+00  8.89488167e-01  1.57447346e+00  3.16296107e+01  1.31998661e+00  5.71245151e+00 
 1.32000000e+00  1.48000000e+00  1.32000000e+00  1.61291300e-03  1.23703804e+00  1.63263508e+00  8.89488167e-01  1.57447346e+00  3.16296107e+01  1.31998661e+00  5.71245151e+00 
 1.33000000e+00  1.48000000e+00  1.33000000e+00  1.65336494e-03  1.23703804e+00  1.63263508e+00  8.89488167e-01  1.57447346e+00  3.16296107e+01  1.31998661e+00  5.71245151e+00 
 1.34000000e+00  1.48000000e+00  1.34000000e+00  1.69402823e-03  1.23703804e+00  1.63263508e+00  8.89488167e-01  1.57447346e+00  3.16296107e+01  1.31998661e+00  5.71245151e+00 
 1.35000000e+00  1.48000000e+00  1.35000000e+00  1.73489225e-03  1.23703804e+00  1.63263508e+00  8.89488167e-01  1.57447346e+00  3.16296107e+01  1.31998661e+00  5.71245151e+00 
 1.36000000e+00  1.48000000e+00  1.36000000e+00  1.77594650e-03  1.23703804e+00  1.63263508e+00  8.89488167e-01  1.57447346e+00  3.16296107e+01  1.31998661e+00  5.71245151e+00 
 1.37000000e+00  1.48000000e+00  1.37000000e+00  1.81718066e-03  1.23703804e+00  1.63263508e+00  8.89488167e-01  1.57447346e+00  3.16296107e+01  1.31998661e+00  5.71245151e+00 
 1.38000000e+00  1.48000000e+00  1.38000000e+00  1.85858453e-03  1.23703804e+00  1.63263508e+00  8.89488167e-01  1.57447346e+00  3.16296107e+01  1.31998661e+00  5.71245151e+00 
 1.39000000e+00  1.48000000e+00  1.39000000e+00  1.90014805e-03  1.23703804e+00  1.63263508e+00  8.89488167e-01  1.57447346e+00  3.16296107e+01  1.31998661e+00  5.71245151e+00 
 1.40000000e+00  1.48000000e+00  1.40000000e+00  1.94186135e-03  1.23703804e+00  1.63263508e+00  8.89488167e-01  1.57447346e+00  3.16296107e+01  1.31998661e+00  5.71245151e+00 
 1.41000000e+00  1.48000000e+00  1.41000000e+00  1.98371465e-03  1.23703804e+00  1.63263508e+00  8.89488167e-01  1.57447346e+00  3.16296107e+01  1.31998661e+00  5.71245151e+00 
 1.42000000e+00  1.48000000e+00  1.42000000e+00  2.02569837e-03  1.23703804e+00  1.63263508e+00  8.89488167e-01  1.57447346e+00  3.16296107e+01  1.31998661e+00  5.71245151e+00 
 1.43000000e+00  1.48000000e+00  1.43000000e+00  2.06780305e-03  1.23703804e+00  1.63263508e+00  8.89488167e-01  1.57447346e+00  3.16296107e+01  1.31998661e+00  5.71245151e+00 
 1.44000000e+00  1.48000000e+00  1.44000000e+00  2.11001938e-03  1.23703804e+00  1.63263508e+00  8.89488167e-01  1.57447346e+00  3.16296107e+01  1.31998661e+00  5.71245151e+00 
 1.45000000e+00  1.48000000e+00  1.45000000e+00  2.15233822e-03  1.23703804e+00  1.63263508e+00  8.89488167e-01  1.57447346e+00  3.16296107e+01  1.31998661e+00  5.71245151e+00 
 1.46000000e+00  1.48000000e+00  1.46000000e+00  2.19475056e-03  1.23703804e+00  1.63263508e+00  8.89488167e-01  1.57447346e+00  3.16296107e+01  1.31998661e+00  5.71245151e+00 
 1.47000000e+00  1.48000000e+00  1.47000000e+00  2.23724754e-03  1.23703804e+00  1.63263508e+00  8.89488167e-01  1.57447346e+00  3.16296107e+01  1.31998661e+00  5.71245151e+00 
 1.48000000e+00  1.48000000e+00  1.48000000e+00  2.27982045e-03  1.23703804e+00  1.63263508e+00  8.89488167e-01  1.57447346e+00  3.16296107e+01  1.31998661e+00  5.71245151e+00 
 1.49000000e+00  1.48000000e+00  1.49000000e+00  2.32246074e-03  1.23703804e+00  1.63263508e+00  8.89488167e-01  1.57447346e+00  3.16296107e+01  1.31998661e+00  5.71245151e+00 
 1.50000000e+00  1.48000000e+00  1.50000000e+00  2.36515997e-03  1.23703804e+00  1.63263508e+00  8.89488167e-01  1.57447346e+00  3.16296107e+01  1.31998661e+00  5.71245151e+00 
 1.51000000e+00  1.48000000e+00  1.51000000e+00  2.40790989e-03  1.23703804e+00  1.63263508e+00  8.89488167e-01  1.57447346e+00  3.16296107e+01  1.31998661e+00  5.71245151e+00 
 1.52000000e+00  1.48000000e+00  1.52000000e+00  2.45070236e-03  1.23703804e+00  1.63263508e+00  8.89488167e-01  1.57447346e+00  3.16296107e+01  1.31998661e+00  5.71245151e+00 
 1.53000000e+00  1.48000000e+00  1.53000000e+00  2.49352941e-03  1.23703804e+00  1.63263508e+00  8.89488167e-01  1.57447346e+00  3.16296107e+01  1.31998661e+00  5.71245151e+00 
 1.54000000e+00  1.48000000e+00  1.54000000e+00  2.53638318e-03  1.23703804e+00  1.63263508e+00  8.89488167e-01  1.57447346e+00  3.16296107e+01  1.31998661e+00  5.71245151e+00 
 1.55000000e+00  1.48000000e+00  1.55000000e+00  2.57925598e-03  1.23703804e+00  1.63263508e+00  8.89488167e-01  1.57447346e+00  3.16296107e+01  1.31998661e+00  5.71245151e+00 
 1.56000000e+00  1.48000000e+00  1.56000000e+00  2.62214024e-03  1.23703804e+00  1.63263508e+00  8.89488167e-01  1.57447346e+00  3.16296107e+01  1.31998661e+00  5.71245151e+00 
 1.57000000e+00  1.48000000e+00  1.57000000e+00  2.66502853e-03  1.23703804e+00  1.63263508e+00  8.89488167e-01  1.57447346e+00  3.16296107e+01  1.31998661e+00  5.71245151e+00 
 1.58000000e+00  1.48000000e+00  1.58000000e+00  2.70791356e-03  1.23703804e+00  1.63263508e+00  8.89488167e-01  1.57447346e+00  3.16296107e+01  1.31998661e+00  5.71245151e+00 
 1.59000000e+00  1.48000000e+00  1.59000000e+00  2.75078818e-03  1.23703804e+00  1.63263508e+00  8.89488167e-01  1.57447346e+00  3.16296107e+01  1.31998661e+00  5.71245151e+00 
 1.60000000e+00  1.48000000e+00  1.60000000e+00  2.79364535e-03  1.23703804e+00  1.63263508e+00  8.89488167e-01  1.57447346e+00  3.16296107e+01  1.31998661e+00  5.71245151e+00 
 1.61000000e+00  1.48000000e+00  1.61000000e+00  2.83647818e-03  1.23703804e+00  1.63263508e+00  8.89488167e-01  1.57447346e+00  3.16296107e+01  1.31998661e+00  5.71245151e+00 
 1.62000000e+00  1.48000000e+00  1.62000000e+00  2.87927990e-03  1.23703804e+00  1.63263508e+00  8.89488167e-01  1.57447346e+00  3.16296107e+01  1.31998661e+00  5.71245151e+00 
 1.63000000e+00  1.48000000e+00  1.63000000e+00  2.92204387e-03  1.23703804e+00  1.63263508e+00  8.89488167e-01  1.57447346e+00  3.16296107e+01  1.31998661e+00  5.71245151e+00 
 1.64000000e+00  1.48000000e+00  1.64000000e+00  2.96476357e-03  1.23703804e+00  1.63263508e+00  8.89488167e-01  1.57447346e+00  3.16296107e+01  1.31998661e+00  5.71245151e+00 
 1.65000000e+00  1.48000000e+00  1.65000000e+00  3.00743260e-03  1.23703804e+00  1.63263508e+00  8.89488167e-01  1.57447346e+00  3.16296107e+01  1.31998661e+00  5.71245151e+00 
 1.66000000e+00  1.48000000e+00  1.66000000e+00  3.05004468e-03  1.23703804e+00  1.63263508e+00  8.89488167e-01  1.57447346e+00  3.16296107e+01  1.31998661e+00  5.71245151e+00 
 1.67000000e+00  1.48000000e+00  1.67000000e+00  3.09259367e-03  1.23703804e+00  1.63263508e+00  8.89488167e-01  1.57447346e+00  3.16296107e+01  1.31998661e+00  5.71245151e+00 
 1.68000000e+00  1.48000000e+00  1.68000000e+00  3.13507351e-03  1.23703804e+00  1.63263508e+00  8.89488167e-01  1.57447346e+00  3.16296107e+01  1.31998661e+00  5.71245151e+00 
 1.69000000e+00  1.48000000e+00  1.69000000e+00  3.17747828e-03  1.23703804e+00  1.63263508e+00  8.89488167e-01  1.57447346e+00  3.16296107e+01  1.31998661e+00  5.71245151e+00 
 1.70000000e+00  1.48000000e+00  1.70000000e+00  3.21980216e-03  1.23703804e+00  1.63263508e+00  8.89488167e-01  1.57447346e+00  3.16296107e+01  1.31998661e+00  5.71245151e+00 
 1.71000000e+00  1.48000000e+00  1.71000000e+00  3.26203944e-03  1.23703804e+00  1.63263508e+00  8.89488167e-01  1.57447346e+00  3.16296107e+01  1.31998661e+00  5.71245151e+00 
 1.72000000e+00  1.48000000e+00  1.72000000e+00  3.30418453e-03  1.23703804e+00  1.63263508e+00  8.89488167e-01  1.57447346e+00  3.16296107e+01  1.31998661e+00  5.71245151e+00 
 1.73000000e+00  1.48000000e+00  1.73000000e+00  3.34623193e-03  1.23703804e+00  1.63263508e+00  8.89488167e-01  1.57447346e+00  3.16296107e+01  1.31998661e+00  5.71245151e+00 
 1.74000000e+00  1.48000000e+00  1.74000000e+00  3.38817625e-03  1.23703804e+00  1.63263508e+00  8.89488167e-01  1.57447346e+00  3.16296107e+01  1.31998661e+00  5.71245151e+00 
 1.75000000e+00  1.48000000e+00  1.75000000e+00  3.43001219e-03  1.23703804e+00  1.63263508e+00  8.89488167e-01  1.57447346e+00  3.16296107e+01  1.31998661e+00  5.71245151e+00 
 1.76000000e+00  1.48000000e+00  1.76000000e+00  3.47173457e-03  1.23703804e+00  1.63263508e+00  8.89488167e-01  1.57447346e+00  3.16296107e+01  1.31998661e+00  5.71245151e+00 
 1.77000000e+00  1.48000000e+00  1.77000000e+00  3.51333829e-03  1.23703804e+00  1.63263508e+00  8.89488167e-01  1.57447346e+00  3.16296107e+01  1.31998661e+00  5.71245151e+00 
 1.78000000e+00  1.48000000e+00  1.78000000e+00  3.55481834e-03  1.23703804e+00  1.63263508e+00  8.89488167e-01  1.57447346e+00  3.16296107e+01  1.31998661e+00  5.71245151e+00 
 1.79000000e+00  1.48000000e+00  1.79000000e+00  3.59616983e-03  1.23703804e+00  1.63263508e+00  8.89488167e-01  1.57447346e+00  3.16296107e+01  1.31998661e+00  5.71245151e+00 
 1.80000000e+00  1.48000000e+00  1.80000000e+00  3.63738794e-03  1.23703804e+00  1.63263508e+00  8.89488167e-01  1.57447346e+00  3.16296107e+01  1.31998661e+00  5.71245151e+00 
 1.81000000e+00  1.48000000e+00  1.81000000e+00  3.67846793e-03  1.23703804e+00  1.63263508e+00  8.89488167e-01  1.57447346e+00  3.16296107e+01  1.31998661e+00  5.71245151e+00 
 1.82000000e+00  1.48000000e+00  1.82000000e+00  3.71940515e-03  1.23703804e+00  1.63263508e+00  8.89488167e-01  1.57447346e+00  3.16296107e+01  1.31998661e+00  5.71245151e+00 
 1.83000000e+00  1.48000000e+00  1.83000000e+00  3.76019506e-03  1.23703804e+00  1.63263508e+00  8.89488167e-01  1.57447346e+00  3.16296107e+01  1.31998661e+00  5.71245151e+00 
 1.84000000e+00  1.48000000e+00  1.84000000e+00  3.80083317e-03  1.23703804e+00  1.63263508e+00  8.89488167e-01  1.57447346e+00  3.16296107e+01  1.31998661e+00  5.71245151e+00 
 1.85000000e+00  1.48000000e+00  1.85000000e+00  3.84131508e-03  1.23703804e+00  1.63263508e+00  8.89488167e-01  1.57447346e+00  3.16296107e+01  1.31998661e+00  5.71245151e+00 
