 0.00000000e+00  1.48000000e+00  0.00000000e+00  1.48148160e-12  1.36320511e+00  1.75609257e+00  1.03033401e+00  1.74819696e+00  2.95729445e+01  1.41455884e+00  5.12739566e+00 
 1.00000000e-02  1.48000000e+00  1.00000000e-02  1.48148160e-12  1.36320511e+00  1.75609257e+00  1.03033401e+00  1.74819696e+00  2.95729445e+01  1.41455884e+00  5.12739566e+00 
 2.00000000e-02  1.48000000e+00  2.00000000e-02  1.48148160e-12  1.36320511e+00  1.75609257e+00  1.03033401e+00  1.74819696e+00  2.95729445e+01  1.41455884e+00  5.12739566e+00 
 3.00000000e-02  1.48000000e+00  3.00000000e-02  1.48148160e-12  1.36320511e+00  1.75609257e+00  1.03033401e+00  1.74819696e+00  2.95729445e+01  1.41455884e+00  5.12739566e+00 
 4.00000000e-02  1.48000000e+00  4.00000000e-02  1.48148160e-12  1.36320511e+00  1.75609257e+00  1.03033401e+00  1.74819696e+00  2.95729445e+01  1.41455884e+00  5.12739566e+00 
 5.00000000e-02  1.48000000e+00  5.00000000e-02  1.48148160e-12  1.36320511e+00  1.75609257e+00  1.03033401e+00  1.74819696e+00  2.95729445e+01  1.41455884e+00  5.12739566e+00 
 6.00000000e-02  1.48000000e+00  6.00000000e-02  1.48148160e-12  1.36320511e+00  1.75609257e+00  1.03033401e+00  1.74819696e+00  2.95729445e+01  1.41455884e+00  5.12739566e+00 
 7.00000000e-02  1.48000000e+00  7.00000000e-02  1.48148160e-12  1.36320511e+00  1.75609257e+00  1.03033401e+00  1.74819696e+00  2.95729445e+01  1.41455884e+00  5.12739566e+00 
 8.00000000e-02  1.48000000e+00  8.00000000e-02  1.48148160e-12  1.36320511e+00  1.75609257e+00  1.03033401e+00  1.74819696e+00  2.95729445e+01  1.41455884e+00  5.12739566e+00 
 9.00000000e-02  1.48000000e+00  9.00000000e-02  1.48148160e-12  1.36320511e+00  1.75609257e+00  1.03033401e+00  1.74819696e+00  2.95729445e+01  1.41455884e+00  5.12739566e+00 
 1.00000000e-01  1.48000000e+00  1.00000000e-01  1.48148160e-12  1.36320511e+00  1.75609257e+00  1.03033401e+00  1.74819696e+00  2.95729445e+01  1.41455884e+00  5.12739566e+00 
 1.10000000e-01  1.48000000e+00  1.10000000e-01  1.48148160e-12  1.36320511e+00  1.75609257e+00  1.03033401e+00  1.74819696e+00  2.95729445e+01  1.41455884e+00  5.12739566e+00 
 1.20000000e-01  1.48000000e+00  1.20000000e-01  1.48148160e-12  1.36320511e+00  1.75609257e+00  1.03033401e+00  1.74819696e+00  2.95729445e+01  1.41455884e+00  5.12739566e+00 
 1.30000000e-01  1.48000000e+00  1.30000000e-01  1.48148160e-12  1.36320511e+00  1.75609257e+00  1.03033401e+00  1.74819696e+00  2.95729445e+01  1.41455884e+00  5.12739566e+00 
 1.40000000e-01  1.48000000e+00  1.40000000e-01  1.48148160e-12  1.36320511e+00  1.75609257e+00  1.03033401e+00  1.74819696e+00  2.95729445e+01  1.41455884e+00  5.12739566e+00 
 1.50000000e-01  1.48000000e+00  1.50000000e-01  1.48148160e-12  1.36320511e+00  1.75609257e+00  1.03033401e+00  1.74819696e+00  2.95729445e+01  1.41455884e+00  5.12739566e+00 
 1.60000000e-01  1.48000000e+00  1.60000000e-01  1.48148160e-12  1.36320511e+00  1.75609257e+00  1.03033401e+00  1.74819696e+00  2.95729445e+01  1.41455884e+00  5.12739566e+00 
 1.70000000e-01  1.48000000e+00  1.70000000e-01  1.48148160e-12  1.36320511e+00  1.75609257e+00  1.03033401e+00  1.74819696e+00  2.95729445e+01  1.41455884e+00  5.12739566e+00 
 1.80000000e-01  1.48000000e+00  1.80000000e-01  1.48148160e-12  1.36320511e+00  1.75609257e+00  1.03033401e+00  1.74819696e+00  2.95729445e+01  1.41455884e+00  5.12739566e+00 
 1.90000000e-01  1.48000000e+00  1.90000000e-01  1.48148160e-12  1.36320511e+00  1.75609257e+00  1.03033401e+00  1.74819696e+00  2.95729445e+01  1.41455884e+00  5.12739566e+00 
 2.00000000e-01  1.48000000e+00  2.00000000e-01  1.48148160e-12  1.36320511e+00  1.75609257e+00  1.03033401e+00  1.74819696e+00  2.95729445e+01  1.41455884e+00  5.12739566e+00 
 2.10000000e-01  1.48000000e+00  2.10000000e-01  1.48148160e-12  1.36320511e+00  1.75609257e+00  1.03033401e+00  1.74819696e+00  2.95729445e+01  1.41455884e+00  5.12739566e+00 
 2.20000000e-01  1.48000000e+00  2.20000000e-01  1.48148160e-12  1.36320511e+00  1.75609257e+00  1.03033401e+00  1.74819696e+00  2.95729445e+01  1.41455884e+00  5.12739566e+00 
 2.30000000e-01  1.48000000e+00  2.30000000e-01  1.48148160e-12  1.36320511e+00  1.75609257e+00  1.03033401e+00  1.74819696e+00  2.95729445e+01  1.41455884e+00  5.12739566e+00 
 2.40000000e-01  1.48000000e+00  2.40000000e-01  1.48148160e-12  1.36320511e+00  1.75609257e+00  1.03033401e+00  1.74819696e+00  2.95729445e+01  1.41455884e+00  5.12739566e+00 
 2.50000000e-01  1.48000000e+00  2.50000000e-01  1.48148160e-12  1.36320511e+00  1.75609257e+00  1.03033401e+00  1.74819696e+00  2.95729445e+01  1.41455884e+00  5.12739566e+00 
 2.60000000e-01  1.48000000e+00  2.60000000e-01  1.48148160e-12  1.36320511e+00  1.75609257e+00  1.03033401e+00  1.74819696e+00  2.95729445e+01  1.41455884e+00  5.12739566e+00 
 2.70000000e-01  1.48000000e+00  2.70000000e-01  1.48148160e-12  1.36320511e+00  1.75609257e+00  1.03033401e+00  1.74819696e+00  2.95729445e+01  1.41455884e+00  5.12739566e+00 
 2.80000000e-01  1.48000000e+00  2.80000000e-01  1.48148160e-12  1.36320511e+00  1.75609257e+00  1.03033401e+00  1.74819696e+00  2.95729445e+01  1.41455884e+00  5.12739566e+00 
 2.90000000e-01  1.48000000e+00  2.90000000e-01  1.48148160e-12  1.36320511e+00  1.75609257e+00  1.03033401e+00  1.74819696e+00  2.95729445e+01  1.41455884e+00  5.12739566e+00 
 3.00000000e-01  1.48000000e+00  3.00000000e-01  1.48148160e-12  1.36320511e+00  1.75609257e+00  1.03033401e+00  1.74819696e+00  2.95729445e+01  1.41455884e+00  5.12739566e+00 
 3.10000000e-01  1.48000000e+00  3.10000000e-01  1.48148160e-12  1.36320511e+00  1.75609257e+00  1.03033401e+00  1.74819696e+00  2.95729445e+01  1.41455884e+00  5.12739566e+00 
 3.20000000e-01  1.48000000e+00  3.20000000e-01  1.48148160e-12  1.36320511e+00  1.75609257e+00  1.03033401e+00  1.74819696e+00  2.95729445e+01  1.41455884e+00  5.12739566e+00 
 3.30000000e-01  1.48000000e+00  3.30000000e-01  1.48148160e-12  1.36320511e+00  1.75609257e+00  1.03033401e+00  1.74819696e+00  2.95729445e+01  1.41455884e+00  5.12739566e+00 
 3.40000000e-01  1.48000000e+00  3.40000000e-01  1.48148160e-12  1.36320511e+00  1.75609257e+00  1.03033401e+00  1.74819696e+00  2.95729445e+01  1.41455884e+00  5.12739566e+00 
 3.50000000e-01  1.48000000e+00  3.50000000e-01  1.48148160e-12  1.36320511e+00  1.75609257e+00  1.03033401e+00  1.74819696e+00  2.95729445e+01  1.41455884e+00  5.12739566e+00 
 3.60000000e-01  1.48000000e+00  3.60000000e-01  1.48148160e-12  1.36320511e+00  1.75609257e+00  1.03033401e+00  1.74819696e+00  2.95729445e+01  1.41455884e+00  5.12739566e+00 
 3.70000000e-01  1.48000000e+00  3.70000000e-01  1.48148160e-12  1.36320511e+00  1.75609257e+00  1.03033401e+00  1.74819696e+00  2.95729445e+01  1.41455884e+00  5.12739566e+00 
 3.80000000e-01  1.48000000e+00  3.80000000e-01  1.48148160e-12  1.36320511e+00  1.75609257e+00  1.03033401e+00  1.74819696e+00  2.95729445e+01  1.41455884e+00  5.12739566e+00 
 3.90000000e-01  1.48000000e+00  3.90000000e-01  1.48148160e-12  1.36320511e+00  1.75609257e+00  1.03033401e+00  1.74819696e+00  2.95729445e+01  1.41455884e+00  5.12739566e+00 
 4.00000000e-01  1.48000000e+00  4.00000000e-01  1.48148160e-12  1.36320511e+00  1.75609257e+00  1.03033401e+00  1.74819696e+00  2.95729445e+01  1.41455884e+00  5.12739566e+00 
 4.10000000e-01  1.48000000e+00  4.10000000e-01  1.48148160e-12  1.36320511e+00  1.75609257e+00  1.03033401e+00  1.74819696e+00  2.95729445e+01  1.41455884e+00  5.12739566e+00 
 4.20000000e-01  1.48000000e+00  4.20000000e-01  1.48148160e-12  1.36320511e+00  1.75609257e+00  1.03033401e+00  1.74819696e+00  2.95729445e+01  1.41455884e+00  5.12739566e+00 
 4.30000000e-01  1.48000000e+00  4.30000000e-01  1.48325796e-12  1.36320511e+00  1.75609257e+00  1.03033401e+00  1.74819696e+00  2.95729445e+01  1.41455884e+00  5.12739566e+00 
 4.40000000e-01  1.48000000e+00  4.40000000e-01  1.48148160e-12  1.36320511e+00  1.75609257e+00  1.03033401e+00  1.74819696e+00  2.95729445e+01  1.41455884e+00  5.12739566e+00 
 4.50000000e-01  1.48000000e+00  4.50000000e-01  1.48503432e-12  1.36320511e+00  1.75609257e+00  1.03033401e+00  1.74819696e+00  2.95729445e+01  1.41455884e+00  5.12739566e+00 
 4.60000000e-01  1.48000000e+00  4.60000000e-01  1.48858703e-12  1.36320511e+00  1.75609257e+00  1.03033401e+00  1.74819696e+00  2.95729445e+01  1.41455884e+00  5.12739566e+00 
 4.70000000e-01  1.48000000e+00  4.70000000e-01  1.49746882e-12  1.36320511e+00  1.75609257e+00  1.03033401e+00  1.74819696e+00  2.95729445e+01  1.41455884e+00  5.12739566e+00 
 4.80000000e-01  1.48000000e+00  4.80000000e-01  1.51700874e-12  1.36320511e+00  1.75609257e+00  1.03033401e+00  1.74819696e+00  2.95729445e+01  1.41455884e+00  5.12739566e+00 
 4.90000000e-01  1.48000000e+00  4.90000000e-01  1.57207580e-12  1.36320511e+00  1.75609257e+00  1.03033401e+00  1.74819696e+00  2.95729445e+01  1.41455884e+00  5.12739566e+00 
 5.00000000e-01  1.48000000e+00  5.00000000e-01  1.71951342e-12  1.36320511e+00  1.75609257e+00  1.03033401e+00  1.74819696e+00  2.95729445e+01  1.41455884e+00  5.12739566e+00 
 5.10000000e-01  1.48000000e+00  5.10000000e-01  2.10143014e-12  1.36320511e+00  1.75609257e+00  1.03033401e+00  1.74819696e+00  2.95729445e+01  1.41455884e+00  5.12739566e+00 
 5.20000000e-01  1.48000000e+00  5.20000000e-01  3.10507176e-12  1.36320511e+00  1.75609257e+00  1.03033401e+00  1.74819696e+00  2.95729445e+01  1.41455884e+00  5.12739566e+00 
 5.30000000e-01  1.48000000e+00  5.30000000e-01  5.71809267e-12  1.36320511e+00  1.75609257e+00  1.03033401e+00  1.74819696e+00  2.95729445e+01  1.41455884e+00  5.12739566e+00 
 5.40000000e-01  1.48000000e+00  5.40000000e-01  1.24948940e-11  1.36320511e+00  1.75609257e+00  1.03033401e+00  1.74819696e+00  2.95729445e+01  1.41455884e+00  5.12739566e+00 
 5.50000000e-01  1.48000000e+00  5.50000000e-01  2.99742453e-11  1.36320511e+00  1.75609257e+00  1.03033401e+00  1.74819696e+00  2.95729445e+01  1.41455884e+00  5.12739566e+00 
 5.60000000e-01  1.48000000e+00  5.60000000e-01  7.45874473e-11  1.36320511e+00  1.75609257e+00  1.03033401e+00  1.74819696e+00  2.95729445e+01  1.41455884e+00  5.12739566e+00 
 5.70000000e-01  1.48000000e+00  5.70000000e-01  1.86693327e-10  1.36320511e+00  1.75609257e+00  1.03033401e+00  1.74819696e+00  2.95729445e+01  1.41455884e+00  5.12739566e+00 
 5.80000000e-01  1.48000000e+00  5.80000000e-01  4.61794158e-10  1.36320511e+00  1.75609257e+00  1.03033401e+00  1.74819696e+00  2.95729445e+01  1.41455884e+00  5.12739566e+00 
 5.90000000e-01  1.48000000e+00  5.90000000e-01  1.11421805e-09  1.36320511e+00  1.75609257e+00  1.03033401e+00  1.74819696e+00  2.95729445e+01  1.41455884e+00  5.12739566e+00 
 6.00000000e-01  1.48000000e+00  6.00000000e-01  2.59126764e-09  1.36320511e+00  1.75609257e+00  1.03033401e+00  1.74819696e+00  2.95729445e+01  1.41455884e+00  5.12739566e+00 
 6.10000000e-01  1.48000000e+00  6.10000000e-01  5.74620351e-09  1.36320511e+00  1.75609257e+00  1.03033401e+00  1.74819696e+00  2.95729445e+01  1.41455884e+00  5.12739566e+00 
 6.20000000e-01  1.48000000e+00  6.20000000e-01  1.20585053e-08  1.36320511e+00  1.75609257e+00  1.03033401e+00  1.74819696e+00  2.95729445e+01  1.41455884e+00  5.12739566e+00 
 6.30000000e-01  1.48000000e+00  6.30000000e-01  2.39011637e-08  1.36320511e+00  1.75609257e+00  1.03033401e+00  1.74819696e+00  2.95729445e+01  1.41455884e+00  5.12739566e+00 
 6.40000000e-01  1.48000000e+00  6.40000000e-01  4.49447626e-08  1.36320511e+00  1.75609257e+00  1.03033401e+00  1.74819696e+00  2.95729445e+01  1.41455884e+00  5.12739566e+00 
 6.50000000e-01  1.48000000e+00  6.50000000e-01  8.09106631e-08  1.36320511e+00  1.75609257e+00  1.03033401e+00  1.74819696e+00  2.95729445e+01  1.41455884e+00  5.12739566e+00 
 6.60000000e-01  1.48000000e+00  6.60000000e-01  1.40954194e-07  1.36320511e+00  1.75609257e+00  1.03033401e+00  1.74819696e+00  2.95729445e+01  1.41455884e+00  5.12739566e+00 
 6.70000000e-01  1.48000000e+00  6.70000000e-01  2.40022088e-07  1.36320511e+00  1.75609257e+00  1.03033401e+00  1.74819696e+00  2.95729445e+01  1.41455884e+00  5.12739566e+00 
 6.80000000e-01  1.48000000e+00  6.80000000e-01  4.02689187e-07  1.36320511e+00  1.75609257e+00  1.03033401e+00  1.74819696e+00  2.95729445e+01  1.41455884e+00  5.12739566e+00 
 6.90000000e-01  1.48000000e+00  6.90000000e-01  6.69132922e-07  1.36320511e+00  1.75609257e+00  1.03033401e+00  1.74819696e+00  2.95729445e+01  1.41455884e+00  5.12739566e+00 
 7.00000000e-01  1.48000000e+00  7.00000000e-01  1.10356339e-06  1.36320511e+00  1.75609257e+00  1.03033401e+00  1.74819696e+00  2.95729445e+01  1.41455884e+00  5.12739566e+00 
 7.10000000e-01  1.48000000e+00  7.10000000e-01  1.80364163e-06  1.36320511e+00  1.75609257e+00  1.03033401e+00  1.74819696e+00  2.95729445e+01  1.41455884e+00  5.12739566e+00 
 7.20000000e-01  1.48000000e+00  7.20000000e-01  2.90561398e-06  1.36320511e+00  1.75609257e+00  1.03033401e+00  1.74819696e+00  2.95729445e+01  1.41455884e+00  5.12739566e+00 
 7.30000000e-01  1.48000000e+00  7.30000000e-01  4.57675249e-06  1.36320511e+00  1.75609257e+00  1.03033401e+00  1.74819696e+00  2.95729445e+01  1.41455884e+00  5.12739566e+00 
 7.40000000e-01  1.48000000e+00  7.40000000e-01  6.99107723e-06  1.36320511e+00  1.75609257e+00  1.03033401e+00  1.74819696e+00  2.95729445e+01  1.41455884e+00  5.12739566e+00 
 7.50000000e-01  1.48000000e+00  7.50000000e-01  1.02974967e-05  1.36320511e+00  1.75609257e+00  1.03033401e+00  1.74819696e+00  2.95729445e+01  1.41455884e+00  5.12739566e+00 
 7.60000000e-01  1.48000000e+00  7.60000000e-01  1.45977644e-05  1.36320511e+00  1.75609257e+00  1.03033401e+00  1.74819696e+00  2.95729445e+01  1.41455884e+00  5.12739566e+00 
 7.70000000e-01  1.48000000e+00  7.70000000e-01  1.99435867e-05  1.36320511e+00  1.75609257e+00  1.03033401e+00  1.74819696e+00  2.95729445e+01  1.41455884e+00  5.12739566e+00 
 7.80000000e-01  1.48000000e+00  7.80000000e-01  2.63479833e-05  1.36320511e+00  1.75609257e+00  1.03033401e+00  1.74819696e+00  2.95729445e+01  1.41455884e+00  5.12739566e+00 
 7.90000000e-01  1.48000000e+00  7.90000000e-01  3.38005563e-05  1.36320511e+00  1.75609257e+00  1.03033401e+00  1.74819696e+00  2.95729445e+01  1.41455884e+00  5.12739566e+00 
 8.00000000e-01  1.48000000e+00  8.00000000e-01  4.22798476e-05  1.36320511e+00  1.75609257e+00  1.03033401e+00  1.74819696e+00  2.95729445e+01  1.41455884e+00  5.12739566e+00 
 8.10000000e-01  1.48000000e+00  8.10000000e-01  5.17609928e-05  1.36320511e+00  1.75609257e+00  1.03033401e+00  1.74819696e+00  2.95729445e+01  1.41455884e+00  5.12739566e+00 
 8.20000000e-01  1.48000000e+00  8.20000000e-01  6.22195485e-05  1.36320511e+00  1.75609257e+00  1.03033401e+00  1.74819696e+00  2.95729445e+01  1.41455884e+00  5.12739566e+00 
 8.30000000e-01  1.48000000e+00  8.30000000e-01  7.36329491e-05  1.36320511e+00  1.75609257e+00  1.03033401e+00  1.74819696e+00  2.95729445e+01  1.41455884e+00  5.12739566e+00 
 8.40000000e-01  1.48000000e+00  8.40000000e-01  8.59807404e-05  1.36320511e+00  1.75609257e+00  1.03033401e+00  1.74819696e+00  2.95729445e+01  1.41455884e+00  5.12739566e+00 
 8.50000000e-01  1.48000000e+00  8.50000000e-01  9.92442926e-05  1.36320511e+00  1.75609257e+00  1.03033401e+00  1.74819696e+00  2.95729445e+01  1.41455884e+00  5.12739566e+00 
 8.60000000e-01  1.48000000e+00  8.60000000e-01  1.13406362e-04  1.36320511e+00  1.75609257e+00  1.03033401e+00  1.74819696e+00  2.95729445e+01  1.41455884e+00  5.12739566e+00 
 8.70000000e-01  1.48000000e+00  8.70000000e-01  1.28450667e-04  1.36320511e+00  1.75609257e+00  1.03033401e+00  1.74819696e+00  2.95729445e+01  1.41455884e+00  5.12739566e+00 
 8.80000000e-01  1.48000000e+00  8.80000000e-01  1.44361537e-04  1.36320511e+00  1.75609257e+00  1.03033401e+00  1.74819696e+00  2.95729445e+01  1.41455884e+00  5.12739566e+00 
 8.90000000e-01  1.48000000e+00  8.90000000e-01  1.61123652e-04  1.36320511e+00  1.75609257e+00  1.03033401e+00  1.74819696e+00  2.95729445e+01  1.41455884e+00  5.12739566e+00 
 9.00000000e-01  1.48000000e+00  9.00000000e-01  1.78721858e-04  1.36320511e+00  1.75609257e+00  1.03033401e+00  1.74819696e+00  2.95729445e+01  1.41455884e+00  5.12739566e+00 
 9.10000000e-01  1.48000000e+00  9.10000000e-01  1.97141037e-04  1.36320511e+00  1.75609257e+00  1.03033401e+00  1.74819696e+00  2.95729445e+01  1.41455884e+00  5.12739566e+00 
 9.20000000e-01  1.48000000e+00  9.20000000e-01  2.16366034e-04  1.36320511e+00  1.75609257e+00  1.03033401e+00  1.74819696e+00  2.95729445e+01  1.41455884e+00  5.12739566e+00 
 9.30000000e-01  1.48000000e+00  9.30000000e-01  2.36381605e-04  1.36320511e+00  1.75609257e+00  1.03033401e+00  1.74819696e+00  2.95729445e+01  1.41455884e+00  5.12739566e+00 
 9.40000000e-01  1.48000000e+00  9.40000000e-01  2.57172403e-04  1.36320511e+00  1.75609257e+00  1.03033401e+00  1.74819696e+00  2.95729445e+01  1.41455884e+00  5.12739566e+00 
 9.50000000e-01  1.48000000e+00  9.50000000e-01  2.78722962e-04  1.36320511e+00  1.75609257e+00  1.03033401e+00  1.74819696e+00  2.95729445e+01  1.41455884e+00  5.12739566e+00 
 9.60000000e-01  1.48000000e+00  9.60000000e-01  3.01017705e-04  1.36320511e+00  1.75609257e+00  1.03033401e+00  1.74819696e+00  2.95729445e+01  1.41455884e+00  5.12739566e+00 
 9.70000000e-01  1.48000000e+00  9.70000000e-01  3.24040950e-04  1.36320511e+00  1.75609257e+00  1.03033401e+00  1.74819696e+00  2.95729445e+01  1.41455884e+00  5.12739566e+00 
 9.80000000e-01  1.48000000e+00  9.80000000e-01  3.47776929e-04  1.36320511e+00  1.75609257e+00  1.03033401e+00  1.74819696e+00  2.95729445e+01  1.41455884e+00  5.12739566e+00 
 9.90000000e-01  1.48000000e+00  9.90000000e-01  3.72209807e-04  1.36320511e+00  1.75609257e+00  1.03033401e+00  1.74819696e+00  2.95729445e+01  1.41455884e+00  5.12739566e+00 
 1.00000000e+00  1.48000000e+00  1.00000000e+00  3.97323695e-04  1.36320511e+00  1.75609257e+00  1.03033401e+00  1.74819696e+00  2.95729445e+01  1.41455884e+00  5.12739566e+00 
 1.01000000e+00  1.48000000e+00  1.01000000e+00  4.23102673e-04  1.36320511e+00  1.75609257e+00  1.03033401e+00  1.74819696e+00  2.95729445e+01  1.41455884e+00  5.12739566e+00 
 1.02000000e+00  1.48000000e+00  1.02000000e+00  4.49530803e-04  1.36320511e+00  1.75609257e+00  1.03033401e+00  1.74819696e+00  2.95729445e+01  1.41455884e+00  5.12739566e+00 
 1.03000000e+00  1.48000000e+00  1.03000000e+00  4.76592150e-04  1.36320511e+00  1.75609257e+00  1.03033401e+00  1.74819696e+00  2.95729445e+01  1.41455884e+00  5.12739566e+00 
 1.04000000e+00  1.48000000e+00  1.04000000e+00  5.04270800e-04  1.36320511e+00  1.75609257e+00  1.03033401e+00  1.74819696e+00  2.95729445e+01  1.41455884e+00  5.12739566e+00 
 1.05000000e+00  1.48000000e+00  1.05000000e+00  5.32550874e-04  1.36320511e+00  1.75609257e+00  1.03033401e+00  1.74819696e+00  2.95729445e+01  1.41455884e+00  5.12739566e+00 
 1.06000000e+00  1.48000000e+00  1.06000000e+00  5.61416545e-04  1.36320511e+00  1.75609257e+00  1.03033401e+00  1.74819696e+00  2.95729445e+01  1.41455884e+00  5.12739566e+00 
 1.07000000e+00  1.48000000e+00  1.07000000e+00  5.90852057e-04  1.36320511e+00  1.75609257e+00  1.03033401e+00  1.74819696e+00  2.95729445e+01  1.41455884e+00  5.12739566e+00 
 1.08000000e+00  1.48000000e+00  1.08000000e+00  6.20841731e-04  1.36320511e+00  1.75609257e+00  1.03033401e+00  1.74819696e+00  2.95729445e+01  1.41455884e+00  5.12739566e+00 
 1.09000000e+00  1.48000000e+00  1.09000000e+00  6.51369987e-04  1.36320511e+00  1.75609257e+00  1.03033401e+00  1.74819696e+00  2.95729445e+01  1.41455884e+00  5.12739566e+00 
 1.10000000e+00  1.48000000e+00  1.10000000e+00  6.82421351e-04  1.36320511e+00  1.75609257e+00  1.03033401e+00  1.74819696e+00  2.95729445e+01  1.41455884e+00  5.12739566e+00 
 1.11000000e+00  1.48000000e+00  1.11000000e+00  7.13980467e-04  1.36320511e+00  1.75609257e+00  1.03033401e+00  1.74819696e+00  2.95729445e+01  1.41455884e+00  5.12739566e+00 
 1.12000000e+00  1.48000000e+00  1.12000000e+00  7.46032111e-04  1.36320511e+00  1.75609257e+00  1.03033401e+00  1.74819696e+00  2.95729445e+01  1.41455884e+00  5.12739566e+00 
 1.13000000e+00  1.48000000e+00  1.13000000e+00  7.78561199e-04  1.36320511e+00  1.75609257e+00  1.03033401e+00  1.74819696e+00  2.95729445e+01  1.41455884e+00  5.12739566e+00 
 1.14000000e+00  1.48000000e+00  1.14000000e+00  8.11552796e-04  1.36320511e+00  1.75609257e+00  1.03033401e+00  1.74819696e+00  2.95729445e+01  1.41455884e+00  5.12739566e+00 
 1.15000000e+00  1.48000000e+00  1.15000000e+00  8.44992124e-04  1.36320511e+00  1.75609257e+00  1.03033401e+00  1.74819696e+00  2.95729445e+01  1.41455884e+00  5.12739566e+00 
 1.16000000e+00  1.48000000e+00  1.16000000e+00  8.78864573e-04  1.36320511e+00  1.75609257e+00  1.03033401e+00  1.74819696e+00  2.95729445e+01  1.41455884e+00  5.12739566e+00 
 1.17000000e+00  1.48000000e+00  1.17000000e+00  9.13155703e-04  1.36320511e+00  1.75609257e+00  1.03033401e+00  1.74819696e+00  2.95729445e+01  1.41455884e+00  5.12739566e+00 
 1.18000000e+00  1.48000000e+00  1.18000000e+00  9.47851254e-04  1.36320511e+00  1.75609257e+00  1.03033401e+00  1.74819696e+00  2.95729445e+01  1.41455884e+00  5.12739566e+00 
 1.19000000e+00  1.48000000e+00  1.19000000e+00  9.82937153e-04  1.36320511e+00  1.75609257e+00  1.03033401e+00  1.74819696e+00  2.95729445e+01  1.41455884e+00  5.12739566e+00 
 1.20000000e+00  1.48000000e+00  1.20000000e+00  1.01839951e-03  1.36320511e+00  1.75609257e+00  1.03033401e+00  1.74819696e+00  2.95729445e+01  1.41455884e+00  5.12739566e+00 
 1.21000000e+00  1.48000000e+00  1.21000000e+00  1.05422465e-03  1.36320511e+00  1.75609257e+00  1.03033401e+00  1.74819696e+00  2.95729445e+01  1.41455884e+00  5.12739566e+00 
 1.22000000e+00  1.48000000e+00  1.22000000e+00  1.09039906e-03  1.36320511e+00  1.75609257e+00  1.03033401e+00  1.74819696e+00  2.95729445e+01  1.41455884e+00  5.12739566e+00 
 1.23000000e+00  1.48000000e+00  1.23000000e+00  1.12690947e-03  1.36320511e+00  1.75609257e+00  1.03033401e+00  1.74819696e+00  2.95729445e+01  1.41455884e+00  5.12739566e+00 
 1.24000000e+00  1.48000000e+00  1.24000000e+00  1.16374279e-03  1.36320511e+00  1.75609257e+00  1.03033401e+00  1.74819696e+00  2.95729445e+01  1.41455884e+00  5.12739566e+00 
 1.25000000e+00  1.48000000e+00  1.25000000e+00  1.20088613e-03  1.36320511e+00  1.75609257e+00  1.03033401e+00  1.74819696e+00  2.95729445e+01  1.41455884e+00  5.12739566e+00 
 1.26000000e+00  1.48000000e+00  1.26000000e+00  1.23832684e-03  1.36320511e+00  1.75609257e+00  1.03033401e+00  1.74819696e+00  2.95729445e+01  1.41455884e+00  5.12739566e+00 
 1.27000000e+00  1.48000000e+00  1.27000000e+00  1.27605245e-03  1.36320511e+00  1.75609257e+00  1.03033401e+00  1.74819696e+00  2.95729445e+01  1.41455884e+00  5.12739566e+00 
 1.28000000e+00  1.48000000e+00  1.28000000e+00  1.31405072e-03  1.36320511e+00  1.75609257e+00  1.03033401e+00  1.74819696e+00  2.95729445e+01  1.41455884e+00  5.12739566e+00 
 1.29000000e+00  1.48000000e+00  1.29000000e+00  1.35230962e-03  1.36320511e+00  1.75609257e+00  1.03033401e+00  1.74819696e+00  2.95729445e+01  1.41455884e+00  5.12739566e+00 
 1.30000000e+00  1.48000000e+00  1.30000000e+00  1.39081733e-03  1.36320511e+00  1.75609257e+00  1.03033401e+00  1.74819696e+00  2.95729445e+01  1.41455884e+00  5.12739566e+00 
 1.31000000e+00  1.48000000e+00  1.31000000e+00  1.42956225e-03  1.36320511e+00  1.75609257e+00  1.03033401e+00  1.74819696e+00  2.95729445e+01  1.41455884e+00  5.12739566e+00 
 1.32000000e+00  1.48000000e+00  1.32000000e+00  1.46853297e-03  1.36320511e+00  1.75609257e+00  1.03033401e+00  1.74819696e+00  2.95729445e+01  1.41455884e+00  5.12739566e+00 
 1.33000000e+00  1.48000000e+00  1.33000000e+00  1.50771833e-03  1.36320511e+00  1.75609257e+00  1.03033401e+00  1.74819696e+00  2.95729445e+01  1.41455884e+00  5.12739566e+00 
 1.34000000e+00  1.48000000e+00  1.34000000e+00  1.54710735e-03  1.36320511e+00  1.75609257e+00  1.03033401e+00  1.74819696e+00  2.95729445e+01  1.41455884e+00  5.12739566e+00 
 1.35000000e+00  1.48000000e+00  1.35000000e+00  1.58668928e-03  1.36320511e+00  1.75609257e+00  1.03033401e+00  1.74819696e+00  2.95729445e+01  1.41455884e+00  5.12739566e+00 
 1.36000000e+00  1.48000000e+00  1.36000000e+00  1.62645356e-03  1.36320511e+00  1.75609257e+00  1.03033401e+00  1.74819696e+00  2.95729445e+01  1.41455884e+00  5.12739566e+00 
 1.37000000e+00  1.48000000e+00  1.37000000e+00  1.66638986e-03  1.36320511e+00  1.75609257e+00  1.03033401e+00  1.74819696e+00  2.95729445e+01  1.41455884e+00  5.12739566e+00 
 1.38000000e+00  1.48000000e+00  1.38000000e+00  1.70648804e-03  1.36320511e+00  1.75609257e+00  1.03033401e+00  1.74819696e+00  2.95729445e+01  1.41455884e+00  5.12739566e+00 
 1.39000000e+00  1.48000000e+00  1.39000000e+00  1.74673817e-03  1.36320511e+00  1.75609257e+00  1.03033401e+00  1.74819696e+00  2.95729445e+01  1.41455884e+00  5.12739566e+00 
 1.40000000e+00  1.48000000e+00  1.40000000e+00  1.78713052e-03  1.36320511e+00  1.75609257e+00  1.03033401e+00  1.74819696e+00  2.95729445e+01  1.41455884e+00  5.12739566e+00 
 1.41000000e+00  1.48000000e+00  1.41000000e+00  1.82765557e-03  1.36320511e+00  1.75609257e+00  1.03033401e+00  1.74819696e+00  2.95729445e+01  1.41455884e+00  5.12739566e+00 
 1.42000000e+00  1.48000000e+00  1.42000000e+00  1.86830398e-03  1.36320511e+00  1.75609257e+00  1.03033401e+00  1.74819696e+00  2.95729445e+01  1.41455884e+00  5.12739566e+00 
 1.43000000e+00  1.48000000e+00  1.43000000e+00  1.90906661e-03  1.36320511e+00  1.75609257e+00  1.03033401e+00  1.74819696e+00  2.95729445e+01  1.41455884e+00  5.12739566e+00 
 1.44000000e+00  1.48000000e+00  1.44000000e+00  1.94993452e-03  1.36320511e+00  1.75609257e+00  1.03033401e+00  1.74819696e+00  2.95729445e+01  1.41455884e+00  5.12739566e+00 
 1.45000000e+00  1.48000000e+00  1.45000000e+00  1.99089895e-03  1.36320511e+00  1.75609257e+00  1.03033401e+00  1.74819696e+00  2.95729445e+01  1.41455884e+00  5.12739566e+00 
 1.46000000e+00  1.48000000e+00  1.46000000e+00  2.03195135e-03  1.36320511e+00  1.75609257e+00  1.03033401e+00  1.74819696e+00  2.95729445e+01  1.41455884e+00  5.12739566e+00 
 1.47000000e+00  1.48000000e+00  1.47000000e+00  2.07308331e-03  1.36320511e+00  1.75609257e+00  1.03033401e+00  1.74819696e+00  2.95729445e+01  1.41455884e+00  5.12739566e+00 
 1.48000000e+00  1.48000000e+00  1.48000000e+00  2.11428664e-03  1.36320511e+00  1.75609257e+00  1.03033401e+00  1.74819696e+00  2.95729445e+01  1.41455884e+00  5.12739566e+00 
 1.49000000e+00  1.48000000e+00  1.49000000e+00  2.15555331e-03  1.36320511e+00  1.75609257e+00  1.03033401e+00  1.74819696e+00  2.95729445e+01  1.41455884e+00  5.12739566e+00 
 1.50000000e+00  1.48000000e+00  1.50000000e+00  2.19687548e-03  1.36320511e+00  1.75609257e+00  1.03033401e+00  1.74819696e+00  2.95729445e+01  1.41455884e+00  5.12739566e+00 
 1.51000000e+00  1.48000000e+00  1.51000000e+00  2.23824545e-03  1.36320511e+00  1.75609257e+00  1.03033401e+00  1.74819696e+00  2.95729445e+01  1.41455884e+00  5.12739566e+00 
 1.52000000e+00  1.48000000e+00  1.52000000e+00  2.27965572e-03  1.36320511e+00  1.75609257e+00  1.03033401e+00  1.74819696e+00  2.95729445e+01  1.41455884e+00  5.12739566e+00 
 1.53000000e+00  1.48000000e+00  1.53000000e+00  2.32109894e-03  1.36320511e+00  1.75609257e+00  1.03033401e+00  1.74819696e+00  2.95729445e+01  1.41455884e+00  5.12739566e+00 
 1.54000000e+00  1.48000000e+00  1.54000000e+00  2.36256793e-03  1.36320511e+00  1.75609257e+00  1.03033401e+00  1.74819696e+00  2.95729445e+01  1.41455884e+00  5.12739566e+00 
 1.55000000e+00  1.48000000e+00  1.55000000e+00  2.40405566e-03  1.36320511e+00  1.75609257e+00  1.03033401e+00  1.74819696e+00  2.95729445e+01  1.41455884e+00  5.12739566e+00 
 1.56000000e+00  1.48000000e+00  1.56000000e+00  2.44555526e-03  1.36320511e+00  1.75609257e+00  1.03033401e+00  1.74819696e+00  2.95729445e+01  1.41455884e+00  5.12739566e+00 
 1.57000000e+00  1.48000000e+00  1.57000000e+00  2.48706001e-03  1.36320511e+00  1.75609257e+00  1.03033401e+00  1.74819696e+00  2.95729445e+01  1.41455884e+00  5.12739566e+00 
 1.58000000e+00  1.48000000e+00  1.58000000e+00  2.52856333e-03  1.36320511e+00  1.75609257e+00  1.03033401e+00  1.74819696e+00  2.95729445e+01  1.41455884e+00  5.12739566e+00 
 1.59000000e+00  1.48000000e+00  1.59000000e+00  2.57005882e-03  1.36320511e+00  1.75609257e+00  1.03033401e+00  1.74819696e+00  2.95729445e+01  1.41455884e+00  5.12739566e+00 
 1.60000000e+00  1.48000000e+00  1.60000000e+00  2.61154018e-03  1.36320511e+00  1.75609257e+00  1.03033401e+00  1.74819696e+00  2.95729445e+01  1.41455884e+00  5.12739566e+00 
 1.61000000e+00  1.48000000e+00  1.61000000e+00  2.65300126e-03  1.36320511e+00  1.75609257e+00  1.03033401e+00  1.74819696e+00  2.95729445e+01  1.41455884e+00  5.12739566e+00 
 1.62000000e+00  1.48000000e+00  1.62000000e+00  2.69443607e-03  1.36320511e+00  1.75609257e+00  1.03033401e+00  1.74819696e+00  2.95729445e+01  1.41455884e+00  5.12739566e+00 
 1.63000000e+00  1.48000000e+00  1.63000000e+00  2.73583873e-03  1.36320511e+00  1.75609257e+00  1.03033401e+00  1.74819696e+00  2.95729445e+01  1.41455884e+00  5.12739566e+00 
 1.64000000e+00  1.48000000e+00  1.64000000e+00  2.77720348e-03  1.36320511e+00  1.75609257e+00  1.03033401e+00  1.74819696e+00  2.95729445e+01  1.41455884e+00  5.12739566e+00 
 1.65000000e+00  1.48000000e+00  1.65000000e+00  2.81852472e-03  1.36320511e+00  1.75609257e+00  1.03033401e+00  1.74819696e+00  2.95729445e+01  1.41455884e+00  5.12739566e+00 
 1.66000000e+00  1.48000000e+00  1.66000000e+00  2.85979694e-03  1.36320511e+00  1.75609257e+00  1.03033401e+00  1.74819696e+00  2.95729445e+01  1.41455884e+00  5.12739566e+00 
 1.67000000e+00  1.48000000e+00  1.67000000e+00  2.90101477e-03  1.36320511e+00  1.75609257e+00  1.03033401e+00  1.74819696e+00  2.95729445e+01  1.41455884e+00  5.12739566e+00 
 1.68000000e+00  1.48000000e+00  1.68000000e+00  2.94217295e-03  1.36320511e+00  1.75609257e+00  1.03033401e+00  1.74819696e+00  2.95729445e+01  1.41455884e+00  5.12739566e+00 
 1.69000000e+00  1.48000000e+00  1.69000000e+00  2.98326633e-03  1.36320511e+00  1.75609257e+00  1.03033401e+00  1.74819696e+00  2.95729445e+01  1.41455884e+00  5.12739566e+00 
 1.70000000e+00  1.48000000e+00  1.70000000e+00  3.02428987e-03  1.36320511e+00  1.75609257e+00  1.03033401e+00  1.74819696e+00  2.95729445e+01  1.41455884e+00  5.12739566e+00 
 1.71000000e+00  1.48000000e+00  1.71000000e+00  3.06523864e-03  1.36320511e+00  1.75609257e+00  1.03033401e+00  1.74819696e+00  2.95729445e+01  1.41455884e+00  5.12739566e+00 
 1.72000000e+00  1.48000000e+00  1.72000000e+00  3.10610784e-03  1.36320511e+00  1.75609257e+00  1.03033401e+00  1.74819696e+00  2.95729445e+01  1.41455884e+00  5.12739566e+00 
 1.73000000e+00  1.48000000e+00  1.73000000e+00  3.14689272e-03  1.36320511e+00  1.75609257e+00  1.03033401e+00  1.74819696e+00  2.95729445e+01  1.41455884e+00  5.12739566e+00 
 1.74000000e+00  1.48000000e+00  1.74000000e+00  3.18758867e-03  1.36320511e+00  1.75609257e+00  1.03033401e+00  1.74819696e+00  2.95729445e+01  1.41455884e+00  5.12739566e+00 
 1.75000000e+00  1.48000000e+00  1.75000000e+00  3.22819116e-03  1.36320511e+00  1.75609257e+00  1.03033401e+00  1.74819696e+00  2.95729445e+01  1.41455884e+00  5.12739566e+00 
 1.76000000e+00  1.48000000e+00  1.76000000e+00  3.26869576e-03  1.36320511e+00  1.75609257e+00  1.03033401e+00  1.74819696e+00  2.95729445e+01  1.41455884e+00  5.12739566e+00 
 1.77000000e+00  1.48000000e+00  1.77000000e+00  3.30909812e-03  1.36320511e+00  1.75609257e+00  1.03033401e+00  1.74819696e+00  2.95729445e+01  1.41455884e+00  5.12739566e+00 
 1.78000000e+00  1.48000000e+00  1.78000000e+00  3.34939399e-03  1.36320511e+00  1.75609257e+00  1.03033401e+00  1.74819696e+00  2.95729445e+01  1.41455884e+00  5.12739566e+00 
 1.79000000e+00  1.48000000e+00  1.79000000e+00  3.38957920e-03  1.36320511e+00  1.75609257e+00  1.03033401e+00  1.74819696e+00  2.95729445e+01  1.41455884e+00  5.12739566e+00 
 1.80000000e+00  1.48000000e+00  1.80000000e+00  3.42964966e-03  1.36320511e+00  1.75609257e+00  1.03033401e+00  1.74819696e+00  2.95729445e+01  1.41455884e+00  5.12739566e+00 
 1.81000000e+00  1.48000000e+00  1.81000000e+00  3.46960136e-03  1.36320511e+00  1.75609257e+00  1.03033401e+00  1.74819696e+00  2.95729445e+01  1.41455884e+00  5.12739566e+00 
 1.82000000e+00  1.48000000e+00  1.82000000e+00  3.50943038e-03  1.36320511e+00  1.75609257e+00  1.03033401e+00  1.74819696e+00  2.95729445e+01  1.41455884e+00  5.12739566e+00 
 1.83000000e+00  1.48000000e+00  1.83000000e+00  3.54913285e-03  1.36320511e+00  1.75609257e+00  1.03033401e+00  1.74819696e+00  2.95729445e+01  1.41455884e+00  5.12739566e+00 
 1.84000000e+00  1.48000000e+00  1.84000000e+00  3.58870499e-03  1.36320511e+00  1.75609257e+00  1.03033401e+00  1.74819696e+00  2.95729445e+01  1.41455884e+00  5.12739566e+00 
 1.85000000e+00  1.48000000e+00  1.85000000e+00  3.62814310e-03  1.36320511e+00  1.75609257e+00  1.03033401e+00  1.74819696e+00  2.95729445e+01  1.41455884e+00  5.12739566e+00 
