 0.00000000e+00  1.48000000e+00  0.00000000e+00  1.48148160e-12  1.31542022e+00  1.66042329e+00  9.30738773e-01  1.67858158e+00  3.11740468e+01  1.33025047e+00  5.22899190e+00 
 1.00000000e-02  1.48000000e+00  1.00000000e-02  1.48148160e-12  1.31542022e+00  1.66042329e+00  9.30738773e-01  1.67858158e+00  3.11740468e+01  1.33025047e+00  5.22899190e+00 
 2.00000000e-02  1.48000000e+00  2.00000000e-02  1.48148160e-12  1.31542022e+00  1.66042329e+00  9.30738773e-01  1.67858158e+00  3.11740468e+01  1.33025047e+00  5.22899190e+00 
 3.00000000e-02  1.48000000e+00  3.00000000e-02  1.48148160e-12  1.31542022e+00  1.66042329e+00  9.30738773e-01  1.67858158e+00  3.11740468e+01  1.33025047e+00  5.22899190e+00 
 4.00000000e-02  1.48000000e+00  4.00000000e-02  1.48148160e-12  1.31542022e+00  1.66042329e+00  9.30738773e-01  1.67858158e+00  3.11740468e+01  1.33025047e+00  5.22899190e+00 
 5.00000000e-02  1.48000000e+00  5.00000000e-02  1.48148160e-12  1.31542022e+00  1.66042329e+00  9.30738773e-01  1.67858158e+00  3.11740468e+01  1.33025047e+00  5.22899190e+00 
 6.00000000e-02  1.48000000e+00  6.00000000e-02  1.48148160e-12  1.31542022e+00  1.66042329e+00  9.30738773e-01  1.67858158e+00  3.11740468e+01  1.33025047e+00  5.22899190e+00 
 7.00000000e-02  1.48000000e+00  7.00000000e-02  1.48148160e-12  1.31542022e+00  1.66042329e+00  9.30738773e-01  1.67858158e+00  3.11740468e+01  1.33025047e+00  5.22899190e+00 
 8.00000000e-02  1.48000000e+00  8.00000000e-02  1.48148160e-12  1.31542022e+00  1.66042329e+00  9.30738773e-01  1.67858158e+00  3.11740468e+01  1.33025047e+00  5.22899190e+00 
 9.00000000e-02  1.48000000e+00  9.00000000e-02  1.48148160e-12  1.31542022e+00  1.66042329e+00  9.30738773e-01  1.67858158e+00  3.11740468e+01  1.33025047e+00  5.22899190e+00 
 1.00000000e-01  1.48000000e+00  1.00000000e-01  1.48148160e-12  1.31542022e+00  1.66042329e+00  9.30738773e-01  1.67858158e+00  3.11740468e+01  1.33025047e+00  5.22899190e+00 
 1.10000000e-01  1.48000000e+00  1.10000000e-01  1.48148160e-12  1.31542022e+00  1.66042329e+00  9.30738773e-01  1.67858158e+00  3.11740468e+01  1.33025047e+00  5.22899190e+00 
 1.20000000e-01  1.48000000e+00  1.20000000e-01  1.48148160e-12  1.31542022e+00  1.66042329e+00  9.30738773e-01  1.67858158e+00  3.11740468e+01  1.33025047e+00  5.22899190e+00 
 1.30000000e-01  1.48000000e+00  1.30000000e-01  1.48148160e-12  1.31542022e+00  1.66042329e+00  9.30738773e-01  1.67858158e+00  3.11740468e+01  1.33025047e+00  5.22899190e+00 
 1.40000000e-01  1.48000000e+00  1.40000000e-01  1.48148160e-12  1.31542022e+00  1.66042329e+00  9.30738773e-01  1.67858158e+00  3.11740468e+01  1.33025047e+00  5.22899190e+00 
 1.50000000e-01  1.48000000e+00  1.50000000e-01  1.48148160e-12  1.31542022e+00  1.66042329e+00  9.30738773e-01  1.67858158e+00  3.11740468e+01  1.33025047e+00  5.22899190e+00 
 1.60000000e-01  1.48000000e+00  1.60000000e-01  1.48148160e-12  1.31542022e+00  1.66042329e+00  9.30738773e-01  1.67858158e+00  3.11740468e+01  1.33025047e+00  5.22899190e+00 
 1.70000000e-01  1.48000000e+00  1.70000000e-01  1.48148160e-12  1.31542022e+00  1.66042329e+00  9.30738773e-01  1.67858158e+00  3.11740468e+01  1.33025047e+00  5.22899190e+00 
 1.80000000e-01  1.48000000e+00  1.80000000e-01  1.48148160e-12  1.31542022e+00  1.66042329e+00  9.30738773e-01  1.67858158e+00  3.11740468e+01  1.33025047e+00  5.22899190e+00 
 1.90000000e-01  1.48000000e+00  1.90000000e-01  1.48148160e-12  1.31542022e+00  1.66042329e+00  9.30738773e-01  1.67858158e+00  3.11740468e+01  1.33025047e+00  5.22899190e+00 
 2.00000000e-01  1.48000000e+00  2.00000000e-01  1.48148160e-12  1.31542022e+00  1.66042329e+00  9.30738773e-01  1.67858158e+00  3.11740468e+01  1.33025047e+00  5.22899190e+00 
 2.10000000e-01  1.48000000e+00  2.10000000e-01  1.48148160e-12  1.31542022e+00  1.66042329e+00  9.30738773e-01  1.67858158e+00  3.11740468e+01  1.33025047e+00  5.22899190e+00 
 2.20000000e-01  1.48000000e+00  2.20000000e-01  1.48148160e-12  1.31542022e+00  1.66042329e+00  9.30738773e-01  1.67858158e+00  3.11740468e+01  1.33025047e+00  5.22899190e+00 
 2.30000000e-01  1.48000000e+00  2.30000000e-01  1.48148160e-12  1.31542022e+00  1.66042329e+00  9.30738773e-01  1.67858158e+00  3.11740468e+01  1.33025047e+00  5.22899190e+00 
 2.40000000e-01  1.48000000e+00  2.40000000e-01  1.48148160e-12  1.31542022e+00  1.66042329e+00  9.30738773e-01  1.67858158e+00  3.11740468e+01  1.33025047e+00  5.22899190e+00 
 2.50000000e-01  1.48000000e+00  2.50000000e-01  1.48148160e-12  1.31542022e+00  1.66042329e+00  9.30738773e-01  1.67858158e+00  3.11740468e+01  1.33025047e+00  5.22899190e+00 
 2.60000000e-01  1.48000000e+00  2.60000000e-01  1.48148160e-12  1.31542022e+00  1.66042329e+00  9.30738773e-01  1.67858158e+00  3.11740468e+01  1.33025047e+00  5.22899190e+00 
 2.70000000e-01  1.48000000e+00  2.70000000e-01  1.48148160e-12  1.31542022e+00  1.66042329e+00  9.30738773e-01  1.67858158e+00  3.11740468e+01  1.33025047e+00  5.22899190e+00 
 2.80000000e-01  1.48000000e+00  2.80000000e-01  1.48148160e-12  1.31542022e+00  1.66042329e+00  9.30738773e-01  1.67858158e+00  3.11740468e+01  1.33025047e+00  5.22899190e+00 
 2.90000000e-01  1.48000000e+00  2.90000000e-01  1.48148160e-12  1.31542022e+00  1.66042329e+00  9.30738773e-01  1.67858158e+00  3.11740468e+01  1.33025047e+00  5.22899190e+00 
 3.00000000e-01  1.48000000e+00  3.00000000e-01  1.48148160e-12  1.31542022e+00  1.66042329e+00  9.30738773e-01  1.67858158e+00  3.11740468e+01  1.33025047e+00  5.22899190e+00 
 3.10000000e-01  1.48000000e+00  3.10000000e-01  1.48148160e-12  1.31542022e+00  1.66042329e+00  9.30738773e-01  1.67858158e+00  3.11740468e+01  1.33025047e+00  5.22899190e+00 
 3.20000000e-01  1.48000000e+00  3.20000000e-01  1.48148160e-12  1.31542022e+00  1.66042329e+00  9.30738773e-01  1.67858158e+00  3.11740468e+01  1.33025047e+00  5.22899190e+00 
 3.30000000e-01  1.48000000e+00  3.30000000e-01  1.48148160e-12  1.31542022e+00  1.66042329e+00  9.30738773e-01  1.67858158e+00  3.11740468e+01  1.33025047e+00  5.22899190e+00 
 3.40000000e-01  1.48000000e+00  3.40000000e-01  1.48148160e-12  1.31542022e+00  1.66042329e+00  9.30738773e-01  1.67858158e+00  3.11740468e+01  1.33025047e+00  5.22899190e+00 
 3.50000000e-01  1.48000000e+00  3.50000000e-01  1.48148160e-12  1.31542022e+00  1.66042329e+00  9.30738773e-01  1.67858158e+00  3.11740468e+01  1.33025047e+00  5.22899190e+00 
 3.60000000e-01  1.48000000e+00  3.60000000e-01  1.48148160e-12  1.31542022e+00  1.66042329e+00  9.30738773e-01  1.67858158e+00  3.11740468e+01  1.33025047e+00  5.22899190e+00 
 3.70000000e-01  1.48000000e+00  3.70000000e-01  1.48148160e-12  1.31542022e+00  1.66042329e+00  9.30738773e-01  1.67858158e+00  3.11740468e+01  1.33025047e+00  5.22899190e+00 
 3.80000000e-01  1.48000000e+00  3.80000000e-01  1.48148160e-12  1.31542022e+00  1.66042329e+00  9.30738773e-01  1.67858158e+00  3.11740468e+01  1.33025047e+00  5.22899190e+00 
 3.90000000e-01  1.48000000e+00  3.90000000e-01  1.48148160e-12  1.31542022e+00  1.66042329e+00  9.30738773e-01  1.67858158e+00  3.11740468e+01  1.33025047e+00  5.22899190e+00 
 4.00000000e-01  1.48000000e+00  4.00000000e-01  1.48325796e-12  1.31542022e+00  1.66042329e+00  9.30738773e-01  1.67858158e+00  3.11740468e+01  1.33025047e+00  5.22899190e+00 
 4.10000000e-01  1.48000000e+00  4.10000000e-01  1.48148160e-12  1.31542022e+00  1.66042329e+00  9.30738773e-01  1.67858158e+00  3.11740468e+01  1.33025047e+00  5.22899190e+00 
 4.20000000e-01  1.48000000e+00  4.20000000e-01  1.48503432e-12  1.31542022e+00  1.66042329e+00  9.30738773e-01  1.67858158e+00  3.11740468e+01  1.33025047e+00  5.22899190e+00 
 4.30000000e-01  1.48000000e+00  4.30000000e-01  1.48681067e-12  1.31542022e+00  1.66042329e+00  9.30738773e-01  1.67858158e+00  3.11740468e+01  1.33025047e+00  5.22899190e+00 
 4.40000000e-01  1.48000000e+00  4.40000000e-01  1.49391610e-12  1.31542022e+00  1.66042329e+00  9.30738773e-01  1.67858158e+00  3.11740468e+01  1.33025047e+00  5.22899190e+00 
 4.50000000e-01  1.48000000e+00  4.50000000e-01  1.51345603e-12  1.31542022e+00  1.66042329e+00  9.30738773e-01  1.67858158e+00  3.11740468e+01  1.33025047e+00  5.22899190e+00 
 4.60000000e-01  1.48000000e+00  4.60000000e-01  1.56674673e-12  1.31542022e+00  1.66042329e+00  9.30738773e-01  1.67858158e+00  3.11740468e+01  1.33025047e+00  5.22899190e+00 
 4.70000000e-01  1.48000000e+00  4.70000000e-01  1.70174985e-12  1.31542022e+00  1.66042329e+00  9.30738773e-01  1.67858158e+00  3.11740468e+01  1.33025047e+00  5.22899190e+00 
 4.80000000e-01  1.48000000e+00  4.80000000e-01  2.05879758e-12  1.31542022e+00  1.66042329e+00  9.30738773e-01  1.67858158e+00  3.11740468e+01  1.33025047e+00  5.22899190e+00 
 4.90000000e-01  1.48000000e+00  4.90000000e-01  2.98960856e-12  1.31542022e+00  1.66042329e+00  9.30738773e-01  1.67858158e+00  3.11740468e+01  1.33025047e+00  5.22899190e+00 
 5.00000000e-01  1.48000000e+00  5.00000000e-01  5.42499379e-12  1.31542022e+00  1.66042329e+00  9.30738773e-01  1.67858158e+00  3.11740468e+01  1.33025047e+00  5.22899190e+00 
 5.10000000e-01  1.48000000e+00  5.10000000e-01  1.17488241e-11  1.31542022e+00  1.66042329e+00  9.30738773e-01  1.67858158e+00  3.11740468e+01  1.33025047e+00  5.22899190e+00 
 5.20000000e-01  1.48000000e+00  5.20000000e-01  2.80913071e-11  1.31542022e+00  1.66042329e+00  9.30738773e-01  1.67858158e+00  3.11740468e+01  1.33025047e+00  5.22899190e+00 
 5.30000000e-01  1.48000000e+00  5.30000000e-01  6.98463509e-11  1.31542022e+00  1.66042329e+00  9.30738773e-01  1.67858158e+00  3.11740468e+01  1.33025047e+00  5.22899190e+00 
 5.40000000e-01  1.48000000e+00  5.40000000e-01  1.74814829e-10  1.31542022e+00  1.66042329e+00  9.30738773e-01  1.67858158e+00  3.11740468e+01  1.33025047e+00  5.22899190e+00 
 5.50000000e-01  1.48000000e+00  5.50000000e-01  4.32295977e-10  1.31542022e+00  1.66042329e+00  9.30738773e-01  1.67858158e+00  3.11740468e+01  1.33025047e+00  5.22899190e+00 
 5.60000000e-01  1.48000000e+00  5.60000000e-01  1.04195053e-09  1.31542022e+00  1.66042329e+00  9.30738773e-01  1.67858158e+00  3.11740468e+01  1.33025047e+00  5.22899190e+00 
 5.70000000e-01  1.48000000e+00  5.70000000e-01  2.41812259e-09  1.31542022e+00  1.66042329e+00  9.30738773e-01  1.67858158e+00  3.11740468e+01  1.33025047e+00  5.22899190e+00 
 5.80000000e-01  1.48000000e+00  5.80000000e-01  5.34551070e-09  1.31542022e+00  1.66042329e+00  9.30738773e-01  1.67858158e+00  3.11740468e+01  1.33025047e+00  5.22899190e+00 
 5.90000000e-01  1.48000000e+00  5.90000000e-01  1.11750218e-08  1.31542022e+00  1.66042329e+00  9.30738773e-01  1.67858158e+00  3.11740468e+01  1.33025047e+00  5.22899190e+00 
 6.00000000e-01  1.48000000e+00  6.00000000e-01  2.20638636e-08  1.31542022e+00  1.66042329e+00  9.30738773e-01  1.67858158e+00  3.11740468e+01  1.33025047e+00  5.22899190e+00 
 6.10000000e-01  1.48000000e+00  6.10000000e-01  4.13489776e-08  1.31542022e+00  1.66042329e+00  9.30738773e-01  1.67858158e+00  3.11740468e+01  1.33025047e+00  5.22899190e+00 
 6.20000000e-01  1.48000000e+00  6.20000000e-01  7.42487138e-08  1.31542022e+00  1.66042329e+00  9.30738773e-01  1.67858158e+00  3.11740468e+01  1.33025047e+00  5.22899190e+00 
 6.30000000e-01  1.48000000e+00  6.30000000e-01  1.29143672e-07  1.31542022e+00  1.66042329e+00  9.30738773e-01  1.67858158e+00  3.11740468e+01  1.33025047e+00  5.22899190e+00 
 6.40000000e-01  1.48000000e+00  6.40000000e-01  2.19750437e-07  1.31542022e+00  1.66042329e+00  9.30738773e-01  1.67858158e+00  3.11740468e+01  1.33025047e+00  5.22899190e+00 
 6.50000000e-01  1.48000000e+00  6.50000000e-01  3.68656210e-07  1.31542022e+00  1.66042329e+00  9.30738773e-01  1.67858158e+00  3.11740468e+01  1.33025047e+00  5.22899190e+00 
 6.60000000e-01  1.48000000e+00  6.60000000e-01  6.12813951e-07  1.31542022e+00  1.66042329e+00  9.30738773e-01  1.67858158e+00  3.11740468e+01  1.33025047e+00  5.22899190e+00 
 6.70000000e-01  1.48000000e+00  6.70000000e-01  1.01124423e-06  1.31542022e+00  1.66042329e+00  9.30738773e-01  1.67858158e+00  3.11740468e+01  1.33025047e+00  5.22899190e+00 
 6.80000000e-01  1.48000000e+00  6.80000000e-01  1.65347767e-06  1.31542022e+00  1.66042329e+00  9.30738773e-01  1.67858158e+00  3.11740468e+01  1.33025047e+00  5.22899190e+00 
 6.90000000e-01  1.48000000e+00  6.90000000e-01  2.66376839e-06  1.31542022e+00  1.66042329e+00  9.30738773e-01  1.67858158e+00  3.11740468e+01  1.33025047e+00  5.22899190e+00 
 7.00000000e-01  1.48000000e+00  7.00000000e-01  4.19351191e-06  1.31542022e+00  1.66042329e+00  9.30738773e-01  1.67858158e+00  3.11740468e+01  1.33025047e+00  5.22899190e+00 
 7.10000000e-01  1.48000000e+00  7.10000000e-01  6.39883619e-06  1.31542022e+00  1.66042329e+00  9.30738773e-01  1.67858158e+00  3.11740468e+01  1.33025047e+00  5.22899190e+00 
 7.20000000e-01  1.48000000e+00  7.20000000e-01  9.41232653e-06  1.31542022e+00  1.66042329e+00  9.30738773e-01  1.67858158e+00  3.11740468e+01  1.33025047e+00  5.22899190e+00 
 7.30000000e-01  1.48000000e+00  7.30000000e-01  1.33243876e-05  1.31542022e+00  1.66042329e+00  9.30738773e-01  1.67858158e+00  3.11740468e+01  1.33025047e+00  5.22899190e+00 
 7.40000000e-01  1.48000000e+00  7.40000000e-01  1.81816842e-05  1.31542022e+00  1.66042329e+00  9.30738773e-01  1.67858158e+00  3.11740468e+01  1.33025047e+00  5.22899190e+00 
 7.50000000e-01  1.48000000e+00  7.50000000e-01  2.39976398e-05  1.31542022e+00  1.66042329e+00  9.30738773e-01  1.67858158e+00  3.11740468e+01  1.33025047e+00  5.22899190e+00 
 7.60000000e-01  1.48000000e+00  7.60000000e-01  3.07658480e-05  1.31542022e+00  1.66042329e+00  9.30738773e-01  1.67858158e+00  3.11740468e+01  1.33025047e+00  5.22899190e+00 
 7.70000000e-01  1.48000000e+00  7.70000000e-01  3.84706878e-05  1.31542022e+00  1.66042329e+00  9.30738773e-01  1.67858158e+00  3.11740468e+01  1.33025047e+00  5.22899190e+00 
 7.80000000e-01  1.48000000e+00  7.80000000e-01  4.70937963e-05  1.31542022e+00  1.66042329e+00  9.30738773e-01  1.67858158e+00  3.11740468e+01  1.33025047e+00  5.22899190e+00 
 7.90000000e-01  1.48000000e+00  7.90000000e-01  5.66172574e-05  1.31542022e+00  1.66042329e+00  9.30738773e-01  1.67858158e+00  3.11740468e+01  1.33025047e+00  5.22899190e+00 
 8.00000000e-01  1.48000000e+00  8.00000000e-01  6.70247813e-05  1.31542022e+00  1.66042329e+00  9.30738773e-01  1.67858158e+00  3.11740468e+01  1.33025047e+00  5.22899190e+00 
 8.10000000e-01  1.48000000e+00  8.10000000e-01  7.83018594e-05  1.31542022e+00  1.66042329e+00  9.30738773e-01  1.67858158e+00  3.11740468e+01  1.33025047e+00  5.22899190e+00 
 8.20000000e-01  1.48000000e+00  8.20000000e-01  9.04354905e-05  1.31542022e+00  1.66042329e+00  9.30738773e-01  1.67858158e+00  3.11740468e+01  1.33025047e+00  5.22899190e+00 
 8.30000000e-01  1.48000000e+00  8.30000000e-01  1.03413785e-04  1.31542022e+00  1.66042329e+00  9.30738773e-01  1.67858158e+00  3.11740468e+01  1.33025047e+00  5.22899190e+00 
 8.40000000e-01  1.48000000e+00  8.40000000e-01  1.17225590e-04  1.31542022e+00  1.66042329e+00  9.30738773e-01  1.67858158e+00  3.11740468e+01  1.33025047e+00  5.22899190e+00 
 8.50000000e-01  1.48000000e+00  8.50000000e-01  1.31860175e-04  1.31542022e+00  1.66042329e+00  9.30738773e-01  1.67858158e+00  3.11740468e+01  1.33025047e+00  5.22899190e+00 
 8.60000000e-01  1.48000000e+00  8.60000000e-01  1.47307005e-04  1.31542022e+00  1.66042329e+00  9.30738773e-01  1.67858158e+00  3.11740468e+01  1.33025047e+00  5.22899190e+00 
 8.70000000e-01  1.48000000e+00  8.70000000e-01  1.63555571e-04  1.31542022e+00  1.66042329e+00  9.30738773e-01  1.67858158e+00  3.11740468e+01  1.33025047e+00  5.22899190e+00 
 8.80000000e-01  1.48000000e+00  8.80000000e-01  1.80595276e-04  1.31542022e+00  1.66042329e+00  9.30738773e-01  1.67858158e+00  3.11740468e+01  1.33025047e+00  5.22899190e+00 
 8.90000000e-01  1.48000000e+00  8.90000000e-01  1.98415365e-04  1.31542022e+00  1.66042329e+00  9.30738773e-01  1.67858158e+00  3.11740468e+01  1.33025047e+00  5.22899190e+00 
 9.00000000e-01  1.48000000e+00  9.00000000e-01  2.17004882e-04  1.31542022e+00  1.66042329e+00  9.30738773e-01  1.67858158e+00  3.11740468e+01  1.33025047e+00  5.22899190e+00 
 9.10000000e-01  1.48000000e+00  9.10000000e-01  2.36352643e-04  1.31542022e+00  1.66042329e+00  9.30738773e-01  1.67858158e+00  3.11740468e+01  1.33025047e+00  5.22899190e+00 
 9.20000000e-01  1.48000000e+00  9.20000000e-01  2.56447234e-04  1.31542022e+00  1.66042329e+00  9.30738773e-01  1.67858158e+00  3.11740468e+01  1.33025047e+00  5.22899190e+00 
 9.30000000e-01  1.48000000e+00  9.30000000e-01  2.77277004e-04  1.31542022e+00  1.66042329e+00  9.30738773e-01  1.67858158e+00  3.11740468e+01  1.33025047e+00  5.22899190e+00 
 9.40000000e-01  1.48000000e+00  9.40000000e-01  2.98830078e-04  1.31542022e+00  1.66042329e+00  9.30738773e-01  1.67858158e+00  3.11740468e+01  1.33025047e+00  5.22899190e+00 
 9.50000000e-01  1.48000000e+00  9.50000000e-01  3.21094365e-04  1.31542022e+00  1.66042329e+00  9.30738773e-01  1.67858158e+00  3.11740468e+01  1.33025047e+00  5.22899190e+00 
 9.60000000e-01  1.48000000e+00  9.60000000e-01  3.44057572e-04  1.31542022e+00  1.66042329e+00  9.30738773e-01  1.67858158e+00  3.11740468e+01  1.33025047e+00  5.22899190e+00 
 9.70000000e-01  1.48000000e+00  9.70000000e-01  3.67707212e-04  1.31542022e+00  1.66042329e+00  9.30738773e-01  1.67858158e+00  3.11740468e+01  1.33025047e+00  5.22899190e+00 
 9.80000000e-01  1.48000000e+00  9.80000000e-01  3.92030634e-04  1.31542022e+00  1.66042329e+00  9.30738773e-01  1.67858158e+00  3.11740468e+01  1.33025047e+00  5.22899190e+00 
 9.90000000e-01  1.48000000e+00  9.90000000e-01  4.17015033e-04  1.31542022e+00  1.66042329e+00  9.30738773e-01  1.67858158e+00  3.11740468e+01  1.33025047e+00  5.22899190e+00 
 1.00000000e+00  1.48000000e+00  1.00000000e+00  4.42647467e-04  1.31542022e+00  1.66042329e+00  9.30738773e-01  1.67858158e+00  3.11740468e+01  1.33025047e+00  5.22899190e+00 
 1.01000000e+00  1.48000000e+00  1.01000000e+00  4.68914873e-04  1.31542022e+00  1.66042329e+00  9.30738773e-01  1.67858158e+00  3.11740468e+01  1.33025047e+00  5.22899190e+00 
 1.02000000e+00  1.48000000e+00  1.02000000e+00  4.95804083e-04  1.31542022e+00  1.66042329e+00  9.30738773e-01  1.67858158e+00  3.11740468e+01  1.33025047e+00  5.22899190e+00 
 1.03000000e+00  1.48000000e+00  1.03000000e+00  5.23301839e-04  1.31542022e+00  1.66042329e+00  9.30738773e-01  1.67858158e+00  3.11740468e+01  1.33025047e+00  5.22899190e+00 
 1.04000000e+00  1.48000000e+00  1.04000000e+00  5.51394809e-04  1.31542022e+00  1.66042329e+00  9.30738773e-01  1.67858158e+00  3.11740468e+01  1.33025047e+00  5.22899190e+00 
 1.05000000e+00  1.48000000e+00  1.05000000e+00  5.80069603e-04  1.31542022e+00  1.66042329e+00  9.30738773e-01  1.67858158e+00  3.11740468e+01  1.33025047e+00  5.22899190e+00 
 1.06000000e+00  1.48000000e+00  1.06000000e+00  6.09312786e-04  1.31542022e+00  1.66042329e+00  9.30738773e-01  1.67858158e+00  3.11740468e+01  1.33025047e+00  5.22899190e+00 
 1.07000000e+00  1.48000000e+00  1.07000000e+00  6.39110891e-04  1.31542022e+00  1.66042329e+00  9.30738773e-01  1.67858158e+00  3.11740468e+01  1.33025047e+00  5.22899190e+00 
 1.08000000e+00  1.48000000e+00  1.08000000e+00  6.69450434e-04  1.31542022e+00  1.66042329e+00  9.30738773e-01  1.67858158e+00  3.11740468e+01  1.33025047e+00  5.22899190e+00 
 1.09000000e+00  1.48000000e+00  1.09000000e+00  7.00317928e-04  1.31542022e+00  1.66042329e+00  9.30738773e-01  1.67858158e+00  3.11740468e+01  1.33025047e+00  5.22899190e+00 
 1.10000000e+00  1.48000000e+00  1.10000000e+00  7.31699891e-04  1.31542022e+00  1.66042329e+00  9.30738773e-01  1.67858158e+00  3.11740468e+01  1.33025047e+00  5.22899190e+00 
 1.11000000e+00  1.48000000e+00  1.11000000e+00  7.63582863e-04  1.31542022e+00  1.66042329e+00  9.30738773e-01  1.67858158e+00  3.11740468e+01  1.33025047e+00  5.22899190e+00 
 1.12000000e+00  1.48000000e+00  1.12000000e+00  7.95953413e-04  1.31542022e+00  1.66042329e+00  9.30738773e-01  1.67858158e+00  3.11740468e+01  1.33025047e+00  5.22899190e+00 
 1.13000000e+00  1.48000000e+00  1.13000000e+00  8.28798152e-04  1.31542022e+00  1.66042329e+00  9.30738773e-01  1.67858158e+00  3.11740468e+01  1.33025047e+00  5.22899190e+00 
 1.14000000e+00  1.48000000e+00  1.14000000e+00  8.62103744e-04  1.31542022e+00  1.66042329e+00  9.30738773e-01  1.67858158e+00  3.11740468e+01  1.33025047e+00  5.22899190e+00 
 1.15000000e+00  1.48000000e+00  1.15000000e+00  8.95856912e-04  1.31542022e+00  1.66042329e+00  9.30738773e-01  1.67858158e+00  3.11740468e+01  1.33025047e+00  5.22899190e+00 
 1.16000000e+00  1.48000000e+00  1.16000000e+00  9.30044452e-04  1.31542022e+00  1.66042329e+00  9.30738773e-01  1.67858158e+00  3.11740468e+01  1.33025047e+00  5.22899190e+00 
 1.17000000e+00  1.48000000e+00  1.17000000e+00  9.64653237e-04  1.31542022e+00  1.66042329e+00  9.30738773e-01  1.67858158e+00  3.11740468e+01  1.33025047e+00  5.22899190e+00 
 1.18000000e+00  1.48000000e+00  1.18000000e+00  9.99670227e-04  1.31542022e+00  1.66042329e+00  9.30738773e-01  1.67858158e+00  3.11740468e+01  1.33025047e+00  5.22899190e+00 
 1.19000000e+00  1.48000000e+00  1.19000000e+00  1.03508248e-03  1.31542022e+00  1.66042329e+00  9.30738773e-01  1.67858158e+00  3.11740468e+01  1.33025047e+00  5.22899190e+00 
 1.20000000e+00  1.48000000e+00  1.20000000e+00  1.07087715e-03  1.31542022e+00  1.66042329e+00  9.30738773e-01  1.67858158e+00  3.11740468e+01  1.33025047e+00  5.22899190e+00 
 1.21000000e+00  1.48000000e+00  1.21000000e+00  1.10704152e-03  1.31542022e+00  1.66042329e+00  9.30738773e-01  1.67858158e+00  3.11740468e+01  1.33025047e+00  5.22899190e+00 
 1.22000000e+00  1.48000000e+00  1.22000000e+00  1.14356295e-03  1.31542022e+00  1.66042329e+00  9.30738773e-01  1.67858158e+00  3.11740468e+01  1.33025047e+00  5.22899190e+00 
 1.23000000e+00  1.48000000e+00  1.23000000e+00  1.18042895e-03  1.31542022e+00  1.66042329e+00  9.30738773e-01  1.67858158e+00  3.11740468e+01  1.33025047e+00  5.22899190e+00 
 1.24000000e+00  1.48000000e+00  1.24000000e+00  1.21762716e-03  1.31542022e+00  1.66042329e+00  9.30738773e-01  1.67858158e+00  3.11740468e+01  1.33025047e+00  5.22899190e+00 
 1.25000000e+00  1.48000000e+00  1.25000000e+00  1.25514533e-03  1.31542022e+00  1.66042329e+00  9.30738773e-01  1.67858158e+00  3.11740468e+01  1.33025047e+00  5.22899190e+00 
 1.26000000e+00  1.48000000e+00  1.26000000e+00  1.29297136e-03  1.31542022e+00  1.66042329e+00  9.30738773e-01  1.67858158e+00  3.11740468e+01  1.33025047e+00  5.22899190e+00 
 1.27000000e+00  1.48000000e+00  1.27000000e+00  1.33109328e-03  1.31542022e+00  1.66042329e+00  9.30738773e-01  1.67858158e+00  3.11740468e+01  1.33025047e+00  5.22899190e+00 
 1.28000000e+00  1.48000000e+00  1.28000000e+00  1.36949928e-03  1.31542022e+00  1.66042329e+00  9.30738773e-01  1.67858158e+00  3.11740468e+01  1.33025047e+00  5.22899190e+00 
 1.29000000e+00  1.48000000e+00  1.29000000e+00  1.40817767e-03  1.31542022e+00  1.66042329e+00  9.30738773e-01  1.67858158e+00  3.11740468e+01  1.33025047e+00  5.22899190e+00 
 1.30000000e+00  1.48000000e+00  1.30000000e+00  1.44711695e-03  1.31542022e+00  1.66042329e+00  9.30738773e-01  1.67858158e+00  3.11740468e+01  1.33025047e+00  5.22899190e+00 
 1.31000000e+00  1.48000000e+00  1.31000000e+00  1.48630572e-03  1.31542022e+00  1.66042329e+00  9.30738773e-01  1.67858158e+00  3.11740468e+01  1.33025047e+00  5.22899190e+00 
 1.32000000e+00  1.48000000e+00  1.32000000e+00  1.52573279e-03  1.31542022e+00  1.66042329e+00  9.30738773e-01  1.67858158e+00  3.11740468e+01  1.33025047e+00  5.22899190e+00 
 1.33000000e+00  1.48000000e+00  1.33000000e+00  1.56538709e-03  1.31542022e+00  1.66042329e+00  9.30738773e-01  1.67858158e+00  3.11740468e+01  1.33025047e+00  5.22899190e+00 
 1.34000000e+00  1.48000000e+00  1.34000000e+00  1.60525771e-03  1.31542022e+00  1.66042329e+00  9.30738773e-01  1.67858158e+00  3.11740468e+01  1.33025047e+00  5.22899190e+00 
 1.35000000e+00  1.48000000e+00  1.35000000e+00  1.64533392e-03  1.31542022e+00  1.66042329e+00  9.30738773e-01  1.67858158e+00  3.11740468e+01  1.33025047e+00  5.22899190e+00 
 1.36000000e+00  1.48000000e+00  1.36000000e+00  1.68560514e-03  1.31542022e+00  1.66042329e+00  9.30738773e-01  1.67858158e+00  3.11740468e+01  1.33025047e+00  5.22899190e+00 
 1.37000000e+00  1.48000000e+00  1.37000000e+00  1.72606096e-03  1.31542022e+00  1.66042329e+00  9.30738773e-01  1.67858158e+00  3.11740468e+01  1.33025047e+00  5.22899190e+00 
 1.38000000e+00  1.48000000e+00  1.38000000e+00  1.76669111e-03  1.31542022e+00  1.66042329e+00  9.30738773e-01  1.67858158e+00  3.11740468e+01  1.33025047e+00  5.22899190e+00 
 1.39000000e+00  1.48000000e+00  1.39000000e+00  1.80748550e-03  1.31542022e+00  1.66042329e+00  9.30738773e-01  1.67858158e+00  3.11740468e+01  1.33025047e+00  5.22899190e+00 
 1.40000000e+00  1.48000000e+00  1.40000000e+00  1.84843422e-03  1.31542022e+00  1.66042329e+00  9.30738773e-01  1.67858158e+00  3.11740468e+01  1.33025047e+00  5.22899190e+00 
 1.41000000e+00  1.48000000e+00  1.41000000e+00  1.88952748e-03  1.31542022e+00  1.66042329e+00  9.30738773e-01  1.67858158e+00  3.11740468e+01  1.33025047e+00  5.22899190e+00 
 1.42000000e+00  1.48000000e+00  1.42000000e+00  1.93075571e-03  1.31542022e+00  1.66042329e+00  9.30738773e-01  1.67858158e+00  3.11740468e+01  1.33025047e+00  5.22899190e+00 
 1.43000000e+00  1.48000000e+00  1.43000000e+00  1.97210944e-03  1.31542022e+00  1.66042329e+00  9.30738773e-01  1.67858158e+00  3.11740468e+01  1.33025047e+00  5.22899190e+00 
 1.44000000e+00  1.48000000e+00  1.44000000e+00  2.01357942e-03  1.31542022e+00  1.66042329e+00  9.30738773e-01  1.67858158e+00  3.11740468e+01  1.33025047e+00  5.22899190e+00 
 1.45000000e+00  1.48000000e+00  1.45000000e+00  2.05515652e-03  1.31542022e+00  1.66042329e+00  9.30738773e-01  1.67858158e+00  3.11740468e+01  1.33025047e+00  5.22899190e+00 
 1.46000000e+00  1.48000000e+00  1.46000000e+00  2.09683179e-03  1.31542022e+00  1.66042329e+00  9.30738773e-01  1.67858158e+00  3.11740468e+01  1.33025047e+00  5.22899190e+00 
 1.47000000e+00  1.48000000e+00  1.47000000e+00  2.13859644e-03  1.31542022e+00  1.66042329e+00  9.30738773e-01  1.67858158e+00  3.11740468e+01  1.33025047e+00  5.22899190e+00 
 1.48000000e+00  1.48000000e+00  1.48000000e+00  2.18044182e-03  1.31542022e+00  1.66042329e+00  9.30738773e-01  1.67858158e+00  3.11740468e+01  1.33025047e+00  5.22899190e+00 
 1.49000000e+00  1.48000000e+00  1.49000000e+00  2.22235947e-03  1.31542022e+00  1.66042329e+00  9.30738773e-01  1.67858158e+00  3.11740468e+01  1.33025047e+00  5.22899190e+00 
 1.50000000e+00  1.48000000e+00  1.50000000e+00  2.26434105e-03  1.31542022e+00  1.66042329e+00  9.30738773e-01  1.67858158e+00  3.11740468e+01  1.33025047e+00  5.22899190e+00 
 1.51000000e+00  1.48000000e+00  1.51000000e+00  2.30637840e-03  1.31542022e+00  1.66042329e+00  9.30738773e-01  1.67858158e+00  3.11740468e+01  1.33025047e+00  5.22899190e+00 
 1.52000000e+00  1.48000000e+00  1.52000000e+00  2.34846350e-03  1.31542022e+00  1.66042329e+00  9.30738773e-01  1.67858158e+00  3.11740468e+01  1.33025047e+00  5.22899190e+00 
 1.53000000e+00  1.48000000e+00  1.53000000e+00  2.39058848e-03  1.31542022e+00  1.66042329e+00  9.30738773e-01  1.67858158e+00  3.11740468e+01  1.33025047e+00  5.22899190e+00 
 1.54000000e+00  1.48000000e+00  1.54000000e+00  2.43274563e-03  1.31542022e+00  1.66042329e+00  9.30738773e-01  1.67858158e+00  3.11740468e+01  1.33025047e+00  5.22899190e+00 
 1.55000000e+00  1.48000000e+00  1.55000000e+00  2.47492736e-03  1.31542022e+00  1.66042329e+00  9.30738773e-01  1.67858158e+00  3.11740468e+01  1.33025047e+00  5.22899190e+00 
 1.56000000e+00  1.48000000e+00  1.56000000e+00  2.51712627e-03  1.31542022e+00  1.66042329e+00  9.30738773e-01  1.67858158e+00  3.11740468e+01  1.33025047e+00  5.22899190e+00 
 1.57000000e+00  1.48000000e+00  1.57000000e+00  2.55933505e-03  1.31542022e+00  1.66042329e+00  9.30738773e-01  1.67858158e+00  3.11740468e+01  1.33025047e+00  5.22899190e+00 
 1.58000000e+00  1.48000000e+00  1.58000000e+00  2.60154657e-03  1.31542022e+00  1.66042329e+00  9.30738773e-01  1.67858158e+00  3.11740468e+01  1.33025047e+00  5.22899190e+00 
 1.59000000e+00  1.48000000e+00  1.59000000e+00  2.64375383e-03  1.31542022e+00  1.66042329e+00  9.30738773e-01  1.67858158e+00  3.11740468e+01  1.33025047e+00  5.22899190e+00 
 1.60000000e+00  1.48000000e+00  1.60000000e+00  2.68594996e-03  1.31542022e+00  1.66042329e+00  9.30738773e-01  1.67858158e+00  3.11740468e+01  1.33025047e+00  5.22899190e+00 
 1.61000000e+00  1.48000000e+00  1.61000000e+00  2.72812821e-03  1.31542022e+00  1.66042329e+00  9.30738773e-01  1.67858158e+00  3.11740468e+01  1.33025047e+00  5.22899190e+00 
 1.62000000e+00  1.48000000e+00  1.62000000e+00  2.77028200e-03  1.31542022e+00  1.66042329e+00  9.30738773e-01  1.67858158e+00  3.11740468e+01  1.33025047e+00  5.22899190e+00 
 1.63000000e+00  1.48000000e+00  1.63000000e+00  2.81240484e-03  1.31542022e+00  1.66042329e+00  9.30738773e-01  1.67858158e+00  3.11740468e+01  1.33025047e+00  5.22899190e+00 
 1.64000000e+00  1.48000000e+00  1.64000000e+00  2.85449039e-03  1.31542022e+00  1.66042329e+00  9.30738773e-01  1.67858158e+00  3.11740468e+01  1.33025047e+00  5.22899190e+00 
 1.65000000e+00  1.48000000e+00  1.65000000e+00  2.89653243e-03  1.31542022e+00  1.66042329e+00  9.30738773e-01  1.67858158e+00  3.11740468e+01  1.33025047e+00  5.22899190e+00 
 1.66000000e+00  1.48000000e+00  1.66000000e+00  2.93852486e-03  1.31542022e+00  1.66042329e+00  9.30738773e-01  1.67858158e+00  3.11740468e+01  1.33025047e+00  5.22899190e+00 
 1.67000000e+00  1.48000000e+00  1.67000000e+00  2.98046170e-03  1.31542022e+00  1.66042329e+00  9.30738773e-01  1.67858158e+00  3.11740468e+01  1.33025047e+00  5.22899190e+00 
 1.68000000e+00  1.48000000e+00  1.68000000e+00  3.02233709e-03  1.31542022e+00  1.66042329e+00  9.30738773e-01  1.67858158e+00  3.11740468e+01  1.33025047e+00  5.22899190e+00 
 1.69000000e+00  1.48000000e+00  1.69000000e+00  3.06414528e-03  1.31542022e+00  1.66042329e+00  9.30738773e-01  1.67858158e+00  3.11740468e+01  1.33025047e+00  5.22899190e+00 
 1.70000000e+00  1.48000000e+00  1.70000000e+00  3.10588064e-03  1.31542022e+00  1.66042329e+00  9.30738773e-01  1.67858158e+00  3.11740468e+01  1.33025047e+00  5.22899190e+00 
 1.71000000e+00  1.48000000e+00  1.71000000e+00  3.14753764e-03  1.31542022e+00  1.66042329e+00  9.30738773e-01  1.67858158e+00  3.11740468e+01  1.33025047e+00  5.22899190e+00 
 1.72000000e+00  1.48000000e+00  1.72000000e+00  3.18911086e-03  1.31542022e+00  1.66042329e+00  9.30738773e-01  1.67858158e+00  3.11740468e+01  1.33025047e+00  5.22899190e+00 
 1.73000000e+00  1.48000000e+00  1.73000000e+00  3.23059500e-03  1.31542022e+00  1.66042329e+00  9.30738773e-01  1.67858158e+00  3.11740468e+01  1.33025047e+00  5.22899190e+00 
 1.74000000e+00  1.48000000e+00  1.74000000e+00  3.27198485e-03  1.31542022e+00  1.66042329e+00  9.30738773e-01  1.67858158e+00  3.11740468e+01  1.33025047e+00  5.22899190e+00 
 1.75000000e+00  1.48000000e+00  1.75000000e+00  3.31327530e-03  1.31542022e+00  1.66042329e+00  9.30738773e-01  1.67858158e+00  3.11740468e+01  1.33025047e+00  5.22899190e+00 
 1.76000000e+00  1.48000000e+00  1.76000000e+00  3.35446134e-03  1.31542022e+00  1.66042329e+00  9.30738773e-01  1.67858158e+00  3.11740468e+01  1.33025047e+00  5.22899190e+00 
 1.77000000e+00  1.48000000e+00  1.77000000e+00  3.39553805e-03  1.31542022e+00  1.66042329e+00  9.30738773e-01  1.67858158e+00  3.11740468e+01  1.33025047e+00  5.22899190e+00 
 1.78000000e+00  1.48000000e+00  1.78000000e+00  3.43650062e-03  1.31542022e+00  1.66042329e+00  9.30738773e-01  1.67858158e+00  3.11740468e+01  1.33025047e+00  5.22899190e+00 
 1.79000000e+00  1.48000000e+00  1.79000000e+00  3.47734431e-03  1.31542022e+00  1.66042329e+00  9.30738773e-01  1.67858158e+00  3.11740468e+01  1.33025047e+00  5.22899190e+00 
 1.80000000e+00  1.48000000e+00  1.80000000e+00  3.51806448e-03  1.31542022e+00  1.66042329e+00  9.30738773e-01  1.67858158e+00  3.11740468e+01  1.33025047e+00  5.22899190e+00 
 1.81000000e+00  1.48000000e+00  1.81000000e+00  3.55865659e-03  1.31542022e+00  1.66042329e+00  9.30738773e-01  1.67858158e+00  3.11740468e+01  1.33025047e+00  5.22899190e+00 
 1.82000000e+00  1.48000000e+00  1.82000000e+00  3.59911615e-03  1.31542022e+00  1.66042329e+00  9.30738773e-01  1.67858158e+00  3.11740468e+01  1.33025047e+00  5.22899190e+00 
 1.83000000e+00  1.48000000e+00  1.83000000e+00  3.63943877e-03  1.31542022e+00  1.66042329e+00  9.30738773e-01  1.67858158e+00  3.11740468e+01  1.33025047e+00  5.22899190e+00 
 1.84000000e+00  1.48000000e+00  1.84000000e+00  3.67962016e-03  1.31542022e+00  1.66042329e+00  9.30738773e-01  1.67858158e+00  3.11740468e+01  1.33025047e+00  5.22899190e+00 
 1.85000000e+00  1.48000000e+00  1.85000000e+00  3.71965607e-03  1.31542022e+00  1.66042329e+00  9.30738773e-01  1.67858158e+00  3.11740468e+01  1.33025047e+00  5.22899190e+00 
