 0.00000000e+00  0.00000000e+00  1.48000000e+00 -1.47572537e-19  1.21867229e+00  1.75641501e+00  8.97837669e-01  1.80964423e+00  3.42654591e+01  1.31473417e+00  5.67443552e+00 
 1.00000000e-02  1.00000000e-02  1.48000000e+00  4.71116387e-05  1.21867229e+00  1.75641501e+00  8.97837669e-01  1.80964423e+00  3.42654591e+01  1.31473417e+00  5.67443552e+00 
 2.00000000e-02  2.00000000e-02  1.48000000e+00  9.37292460e-05  1.21867229e+00  1.75641501e+00  8.97837669e-01  1.80964423e+00  3.42654591e+01  1.31473417e+00  5.67443552e+00 
 3.00000000e-02  3.00000000e-02  1.48000000e+00  1.39851060e-04  1.21867229e+00  1.75641501e+00  8.97837669e-01  1.80964423e+00  3.42654591e+01  1.31473417e+00  5.67443552e+00 
 4.00000000e-02  4.00000000e-02  1.48000000e+00  1.85475309e-04  1.21867229e+00  1.75641501e+00  8.97837669e-01  1.80964423e+00  3.42654591e+01  1.31473417e+00  5.67443552e+00 
 5.00000000e-02  5.00000000e-02  1.48000000e+00  2.30600218e-04  1.21867229e+00  1.75641501e+00  8.97837669e-01  1.80964423e+00  3.42654591e+01  1.31473417e+00  5.67443552e+00 
 6.00000000e-02  6.00000000e-02  1.48000000e+00  2.75224001e-04  1.21867229e+00  1.75641501e+00  8.97837669e-01  1.80964423e+00  3.42654591e+01  1.31473417e+00  5.67443552e+00 
 7.00000000e-02  7.00000000e-02  1.48000000e+00  3.19344869e-04  1.21867229e+00  1.75641501e+00  8.97837669e-01  1.80964423e+00  3.42654591e+01  1.31473417e+00  5.67443552e+00 
 8.00000000e-02  8.00000000e-02  1.48000000e+00  3.62961026e-04  1.21867229e+00  1.75641501e+00  8.97837669e-01  1.80964423e+00  3.42654591e+01  1.31473417e+00  5.67443552e+00 
 9.00000000e-02  9.00000000e-02  1.48000000e+00  4.06070673e-04  1.21867229e+00  1.75641501e+00  8.97837669e-01  1.80964423e+00  3.42654591e+01  1.31473417e+00  5.67443552e+00 
 1.00000000e-01  1.00000000e-01  1.48000000e+00  4.48672004e-04  1.21867229e+00  1.75641501e+00  8.97837669e-01  1.80964423e+00  3.42654591e+01  1.31473417e+00  5.67443552e+00 
 1.10000000e-01  1.10000000e-01  1.48000000e+00  4.90763216e-04  1.21867229e+00  1.75641501e+00  8.97837669e-01  1.80964423e+00  3.42654591e+01  1.31473417e+00  5.67443552e+00 
 1.20000000e-01  1.20000000e-01  1.48000000e+00  5.32342501e-04  1.21867229e+00  1.75641501e+00  8.97837669e-01  1.80964423e+00  3.42654591e+01  1.31473417e+00  5.67443552e+00 
 1.30000000e-01  1.30000000e-01  1.48000000e+00  5.73408053e-04  1.21867229e+00  1.75641501e+00  8.97837669e-01  1.80964423e+00  3.42654591e+01  1.31473417e+00  5.67443552e+00 
 1.40000000e-01  1.40000000e-01  1.48000000e+00  6.13958069e-04  1.21867229e+00  1.75641501e+00  8.97837669e-01  1.80964423e+00  3.42654591e+01  1.31473417e+00  5.67443552e+00 
 1.50000000e-01  1.50000000e-01  1.48000000e+00  6.53990749e-04  1.21867229e+00  1.75641501e+00  8.97837669e-01  1.80964423e+00  3.42654591e+01  1.31473417e+00  5.67443552e+00 
 1.60000000e-01  1.60000000e-01  1.48000000e+00  6.93504303e-04  1.21867229e+00  1.75641501e+00  8.97837669e-01  1.80964423e+00  3.42654591e+01  1.31473417e+00  5.67443552e+00 
 1.70000000e-01  1.70000000e-01  1.48000000e+00  7.32496947e-04  1.21867229e+00  1.75641501e+00  8.97837669e-01  1.80964423e+00  3.42654591e+01  1.31473417e+00  5.67443552e+00 
 1.80000000e-01  1.80000000e-01  1.48000000e+00  7.70966913e-04  1.21867229e+00  1.75641501e+00  8.97837669e-01  1.80964423e+00  3.42654591e+01  1.31473417e+00  5.67443552e+00 
 1.90000000e-01  1.90000000e-01  1.48000000e+00  8.08912446e-04  1.21867229e+00  1.75641501e+00  8.97837669e-01  1.80964423e+00  3.42654591e+01  1.31473417e+00  5.67443552e+00 
 2.00000000e-01  2.00000000e-01  1.48000000e+00  8.46331815e-04  1.21867229e+00  1.75641501e+00  8.97837669e-01  1.80964423e+00  3.42654591e+01  1.31473417e+00  5.67443552e+00 
 2.10000000e-01  2.10000000e-01  1.48000000e+00  8.83223311e-04  1.21867229e+00  1.75641501e+00  8.97837669e-01  1.80964423e+00  3.42654591e+01  1.31473417e+00  5.67443552e+00 
 2.20000000e-01  2.20000000e-01  1.48000000e+00  9.19585255e-04  1.21867229e+00  1.75641501e+00  8.97837669e-01  1.80964423e+00  3.42654591e+01  1.31473417e+00  5.67443552e+00 
 2.30000000e-01  2.30000000e-01  1.48000000e+00  9.55416004e-04  1.21867229e+00  1.75641501e+00  8.97837669e-01  1.80964423e+00  3.42654591e+01  1.31473417e+00  5.67443552e+00 
 2.40000000e-01  2.40000000e-01  1.48000000e+00  9.90713954e-04  1.21867229e+00  1.75641501e+00  8.97837669e-01  1.80964423e+00  3.42654591e+01  1.31473417e+00  5.67443552e+00 
 2.50000000e-01  2.50000000e-01  1.48000000e+00  1.02547755e-03  1.21867229e+00  1.75641501e+00  8.97837669e-01  1.80964423e+00  3.42654591e+01  1.31473417e+00  5.67443552e+00 
 2.60000000e-01  2.60000000e-01  1.48000000e+00  1.05970530e-03  1.21867229e+00  1.75641501e+00  8.97837669e-01  1.80964423e+00  3.42654591e+01  1.31473417e+00  5.67443552e+00 
 2.70000000e-01  2.70000000e-01  1.48000000e+00  1.09339577e-03  1.21867229e+00  1.75641501e+00  8.97837669e-01  1.80964423e+00  3.42654591e+01  1.31473417e+00  5.67443552e+00 
 2.80000000e-01  2.80000000e-01  1.48000000e+00  1.12654758e-03  1.21867229e+00  1.75641501e+00  8.97837669e-01  1.80964423e+00  3.42654591e+01  1.31473417e+00  5.67443552e+00 
 2.90000000e-01  2.90000000e-01  1.48000000e+00  1.15915948e-03  1.21867229e+00  1.75641501e+00  8.97837669e-01  1.80964423e+00  3.42654591e+01  1.31473417e+00  5.67443552e+00 
 3.00000000e-01  3.00000000e-01  1.48000000e+00  1.19123027e-03  1.21867229e+00  1.75641501e+00  8.97837669e-01  1.80964423e+00  3.42654591e+01  1.31473417e+00  5.67443552e+00 
 3.10000000e-01  3.10000000e-01  1.48000000e+00  1.22275888e-03  1.21867229e+00  1.75641501e+00  8.97837669e-01  1.80964423e+00  3.42654591e+01  1.31473417e+00  5.67443552e+00 
 3.20000000e-01  3.20000000e-01  1.48000000e+00  1.25374435e-03  1.21867229e+00  1.75641501e+00  8.97837669e-01  1.80964423e+00  3.42654591e+01  1.31473417e+00  5.67443552e+00 
 3.30000000e-01  3.30000000e-01  1.48000000e+00  1.28418586e-03  1.21867229e+00  1.75641501e+00  8.97837669e-01  1.80964423e+00  3.42654591e+01  1.31473417e+00  5.67443552e+00 
 3.40000000e-01  3.40000000e-01  1.48000000e+00  1.31408275e-03  1.21867229e+00  1.75641501e+00  8.97837669e-01  1.80964423e+00  3.42654591e+01  1.31473417e+00  5.67443552e+00 
 3.50000000e-01  3.50000000e-01  1.48000000e+00  1.34343449e-03  1.21867229e+00  1.75641501e+00  8.97837669e-01  1.80964423e+00  3.42654591e+01  1.31473417e+00  5.67443552e+00 
 3.60000000e-01  3.60000000e-01  1.48000000e+00  1.37224077e-03  1.21867229e+00  1.75641501e+00  8.97837669e-01  1.80964423e+00  3.42654591e+01  1.31473417e+00  5.67443552e+00 
 3.70000000e-01  3.70000000e-01  1.48000000e+00  1.40050147e-03  1.21867229e+00  1.75641501e+00  8.97837669e-01  1.80964423e+00  3.42654591e+01  1.31473417e+00  5.67443552e+00 
 3.80000000e-01  3.80000000e-01  1.48000000e+00  1.42821669e-03  1.21867229e+00  1.75641501e+00  8.97837669e-01  1.80964423e+00  3.42654591e+01  1.31473417e+00  5.67443552e+00 
 3.90000000e-01  3.90000000e-01  1.48000000e+00  1.45538675e-03  1.21867229e+00  1.75641501e+00  8.97837669e-01  1.80964423e+00  3.42654591e+01  1.31473417e+00  5.67443552e+00 
 4.00000000e-01  4.00000000e-01  1.48000000e+00  1.48201228e-03  1.21867229e+00  1.75641501e+00  8.97837669e-01  1.80964423e+00  3.42654591e+01  1.31473417e+00  5.67443552e+00 
 4.10000000e-01  4.10000000e-01  1.48000000e+00  1.50809415e-03  1.21867229e+00  1.75641501e+00  8.97837669e-01  1.80964423e+00  3.42654591e+01  1.31473417e+00  5.67443552e+00 
 4.20000000e-01  4.20000000e-01  1.48000000e+00  1.53363355e-03  1.21867229e+00  1.75641501e+00  8.97837669e-01  1.80964423e+00  3.42654591e+01  1.31473417e+00  5.67443552e+00 
 4.30000000e-01  4.30000000e-01  1.48000000e+00  1.55863199e-03  1.21867229e+00  1.75641501e+00  8.97837669e-01  1.80964423e+00  3.42654591e+01  1.31473417e+00  5.67443552e+00 
 4.40000000e-01  4.40000000e-01  1.48000000e+00  1.58309136e-03  1.21867229e+00  1.75641501e+00  8.97837669e-01  1.80964423e+00  3.42654591e+01  1.31473417e+00  5.67443552e+00 
 4.50000000e-01  4.50000000e-01  1.48000000e+00  1.60701387e-03  1.21867229e+00  1.75641501e+00  8.97837669e-01  1.80964423e+00  3.42654591e+01  1.31473417e+00  5.67443552e+00 
 4.60000000e-01  4.60000000e-01  1.48000000e+00  1.63040217e-03  1.21867229e+00  1.75641501e+00  8.97837669e-01  1.80964423e+00  3.42654591e+01  1.31473417e+00  5.67443552e+00 
 4.70000000e-01  4.70000000e-01  1.48000000e+00  1.65325928e-03  1.21867229e+00  1.75641501e+00  8.97837669e-01  1.80964423e+00  3.42654591e+01  1.31473417e+00  5.67443552e+00 
 4.80000000e-01  4.80000000e-01  1.48000000e+00  1.67558868e-03  1.21867229e+00  1.75641501e+00  8.97837669e-01  1.80964423e+00  3.42654591e+01  1.31473417e+00  5.67443552e+00 
 4.90000000e-01  4.90000000e-01  1.48000000e+00  1.69739426e-03  1.21867229e+00  1.75641501e+00  8.97837669e-01  1.80964423e+00  3.42654591e+01  1.31473417e+00  5.67443552e+00 
 5.00000000e-01  5.00000000e-01  1.48000000e+00  1.71868041e-03  1.21867229e+00  1.75641501e+00  8.97837669e-01  1.80964423e+00  3.42654591e+01  1.31473417e+00  5.67443552e+00 
 5.10000000e-01  5.10000000e-01  1.48000000e+00  1.73945195e-03  1.21867229e+00  1.75641501e+00  8.97837669e-01  1.80964423e+00  3.42654591e+01  1.31473417e+00  5.67443552e+00 
 5.20000000e-01  5.20000000e-01  1.48000000e+00  1.75971419e-03  1.21867229e+00  1.75641501e+00  8.97837669e-01  1.80964423e+00  3.42654591e+01  1.31473417e+00  5.67443552e+00 
 5.30000000e-01  5.30000000e-01  1.48000000e+00  1.77947292e-03  1.21867229e+00  1.75641501e+00  8.97837669e-01  1.80964423e+00  3.42654591e+01  1.31473417e+00  5.67443552e+00 
 5.40000000e-01  5.40000000e-01  1.48000000e+00  1.79873442e-03  1.21867229e+00  1.75641501e+00  8.97837669e-01  1.80964423e+00  3.42654591e+01  1.31473417e+00  5.67443552e+00 
 5.50000000e-01  5.50000000e-01  1.48000000e+00  1.81750543e-03  1.21867229e+00  1.75641501e+00  8.97837669e-01  1.80964423e+00  3.42654591e+01  1.31473417e+00  5.67443552e+00 
 5.60000000e-01  5.60000000e-01  1.48000000e+00  1.83579316e-03  1.21867229e+00  1.75641501e+00  8.97837669e-01  1.80964423e+00  3.42654591e+01  1.31473417e+00  5.67443552e+00 
 5.70000000e-01  5.70000000e-01  1.48000000e+00  1.85360529e-03  1.21867229e+00  1.75641501e+00  8.97837669e-01  1.80964423e+00  3.42654591e+01  1.31473417e+00  5.67443552e+00 
 5.80000000e-01  5.80000000e-01  1.48000000e+00  1.87094991e-03  1.21867229e+00  1.75641501e+00  8.97837669e-01  1.80964423e+00  3.42654591e+01  1.31473417e+00  5.67443552e+00 
 5.90000000e-01  5.90000000e-01  1.48000000e+00  1.88783557e-03  1.21867229e+00  1.75641501e+00  8.97837669e-01  1.80964423e+00  3.42654591e+01  1.31473417e+00  5.67443552e+00 
 6.00000000e-01  6.00000000e-01  1.48000000e+00  1.90427117e-03  1.21867229e+00  1.75641501e+00  8.97837669e-01  1.80964423e+00  3.42654591e+01  1.31473417e+00  5.67443552e+00 
 6.10000000e-01  6.10000000e-01  1.48000000e+00  1.92026602e-03  1.21867229e+00  1.75641501e+00  8.97837669e-01  1.80964423e+00  3.42654591e+01  1.31473417e+00  5.67443552e+00 
 6.20000000e-01  6.20000000e-01  1.48000000e+00  1.93582972e-03  1.21867229e+00  1.75641501e+00  8.97837669e-01  1.80964423e+00  3.42654591e+01  1.31473417e+00  5.67443552e+00 
 6.30000000e-01  6.30000000e-01  1.48000000e+00  1.95097220e-03  1.21867229e+00  1.75641501e+00  8.97837669e-01  1.80964423e+00  3.42654591e+01  1.31473417e+00  5.67443552e+00 
 6.40000000e-01  6.40000000e-01  1.48000000e+00  1.96570364e-03  1.21867229e+00  1.75641501e+00  8.97837669e-01  1.80964423e+00  3.42654591e+01  1.31473417e+00  5.67443552e+00 
 6.50000000e-01  6.50000000e-01  1.48000000e+00  1.98003444e-03  1.21867229e+00  1.75641501e+00  8.97837669e-01  1.80964423e+00  3.42654591e+01  1.31473417e+00  5.67443552e+00 
 6.60000000e-01  6.60000000e-01  1.48000000e+00  1.99397519e-03  1.21867229e+00  1.75641501e+00  8.97837669e-01  1.80964423e+00  3.42654591e+01  1.31473417e+00  5.67443552e+00 
 6.70000000e-01  6.70000000e-01  1.48000000e+00  2.00753663e-03  1.21867229e+00  1.75641501e+00  8.97837669e-01  1.80964423e+00  3.42654591e+01  1.31473417e+00  5.67443552e+00 
 6.80000000e-01  6.80000000e-01  1.48000000e+00  2.02072959e-03  1.21867229e+00  1.75641501e+00  8.97837669e-01  1.80964423e+00  3.42654591e+01  1.31473417e+00  5.67443552e+00 
 6.90000000e-01  6.90000000e-01  1.48000000e+00  2.03356497e-03  1.21867229e+00  1.75641501e+00  8.97837669e-01  1.80964423e+00  3.42654591e+01  1.31473417e+00  5.67443552e+00 
 7.00000000e-01  7.00000000e-01  1.48000000e+00  2.04605368e-03  1.21867229e+00  1.75641501e+00  8.97837669e-01  1.80964423e+00  3.42654591e+01  1.31473417e+00  5.67443552e+00 
 7.10000000e-01  7.10000000e-01  1.48000000e+00  2.05820664e-03  1.21867229e+00  1.75641501e+00  8.97837669e-01  1.80964423e+00  3.42654591e+01  1.31473417e+00  5.67443552e+00 
 7.20000000e-01  7.20000000e-01  1.48000000e+00  2.07003470e-03  1.21867229e+00  1.75641501e+00  8.97837669e-01  1.80964423e+00  3.42654591e+01  1.31473417e+00  5.67443552e+00 
 7.30000000e-01  7.30000000e-01  1.48000000e+00  2.08154862e-03  1.21867229e+00  1.75641501e+00  8.97837669e-01  1.80964423e+00  3.42654591e+01  1.31473417e+00  5.67443552e+00 
 7.40000000e-01  7.40000000e-01  1.48000000e+00  2.09275907e-03  1.21867229e+00  1.75641501e+00  8.97837669e-01  1.80964423e+00  3.42654591e+01  1.31473417e+00  5.67443552e+00 
 7.50000000e-01  7.50000000e-01  1.48000000e+00  2.10367656e-03  1.21867229e+00  1.75641501e+00  8.97837669e-01  1.80964423e+00  3.42654591e+01  1.31473417e+00  5.67443552e+00 
 7.60000000e-01  7.60000000e-01  1.48000000e+00  2.11431142e-03  1.21867229e+00  1.75641501e+00  8.97837669e-01  1.80964423e+00  3.42654591e+01  1.31473417e+00  5.67443552e+00 
 7.70000000e-01  7.70000000e-01  1.48000000e+00  2.12467381e-03  1.21867229e+00  1.75641501e+00  8.97837669e-01  1.80964423e+00  3.42654591e+01  1.31473417e+00  5.67443552e+00 
 7.80000000e-01  7.80000000e-01  1.48000000e+00  2.13477366e-03  1.21867229e+00  1.75641501e+00  8.97837669e-01  1.80964423e+00  3.42654591e+01  1.31473417e+00  5.67443552e+00 
 7.90000000e-01  7.90000000e-01  1.48000000e+00  2.14462068e-03  1.21867229e+00  1.75641501e+00  8.97837669e-01  1.80964423e+00  3.42654591e+01  1.31473417e+00  5.67443552e+00 
 8.00000000e-01  8.00000000e-01  1.48000000e+00  2.15422434e-03  1.21867229e+00  1.75641501e+00  8.97837669e-01  1.80964423e+00  3.42654591e+01  1.31473417e+00  5.67443552e+00 
 8.10000000e-01  8.10000000e-01  1.48000000e+00  2.16359383e-03  1.21867229e+00  1.75641501e+00  8.97837669e-01  1.80964423e+00  3.42654591e+01  1.31473417e+00  5.67443552e+00 
 8.20000000e-01  8.20000000e-01  1.48000000e+00  2.17273811e-03  1.21867229e+00  1.75641501e+00  8.97837669e-01  1.80964423e+00  3.42654591e+01  1.31473417e+00  5.67443552e+00 
 8.30000000e-01  8.30000000e-01  1.48000000e+00  2.18166583e-03  1.21867229e+00  1.75641501e+00  8.97837669e-01  1.80964423e+00  3.42654591e+01  1.31473417e+00  5.67443552e+00 
 8.40000000e-01  8.40000000e-01  1.48000000e+00  2.19038539e-03  1.21867229e+00  1.75641501e+00  8.97837669e-01  1.80964423e+00  3.42654591e+01  1.31473417e+00  5.67443552e+00 
 8.50000000e-01  8.50000000e-01  1.48000000e+00  2.19890490e-03  1.21867229e+00  1.75641501e+00  8.97837669e-01  1.80964423e+00  3.42654591e+01  1.31473417e+00  5.67443552e+00 
 8.60000000e-01  8.60000000e-01  1.48000000e+00  2.20723219e-03  1.21867229e+00  1.75641501e+00  8.97837669e-01  1.80964423e+00  3.42654591e+01  1.31473417e+00  5.67443552e+00 
 8.70000000e-01  8.70000000e-01  1.48000000e+00  2.21537481e-03  1.21867229e+00  1.75641501e+00  8.97837669e-01  1.80964423e+00  3.42654591e+01  1.31473417e+00  5.67443552e+00 
 8.80000000e-01  8.80000000e-01  1.48000000e+00  2.22334004e-03  1.21867229e+00  1.75641501e+00  8.97837669e-01  1.80964423e+00  3.42654591e+01  1.31473417e+00  5.67443552e+00 
 8.90000000e-01  8.90000000e-01  1.48000000e+00  2.23113487e-03  1.21867229e+00  1.75641501e+00  8.97837669e-01  1.80964423e+00  3.42654591e+01  1.31473417e+00  5.67443552e+00 
 9.00000000e-01  9.00000000e-01  1.48000000e+00  2.23876603e-03  1.21867229e+00  1.75641501e+00  8.97837669e-01  1.80964423e+00  3.42654591e+01  1.31473417e+00  5.67443552e+00 
 9.10000000e-01  9.10000000e-01  1.48000000e+00  2.24623998e-03  1.21867229e+00  1.75641501e+00  8.97837669e-01  1.80964423e+00  3.42654591e+01  1.31473417e+00  5.67443552e+00 
 9.20000000e-01  9.20000000e-01  1.48000000e+00  2.25356292e-03  1.21867229e+00  1.75641501e+00  8.97837669e-01  1.80964423e+00  3.42654591e+01  1.31473417e+00  5.67443552e+00 
 9.30000000e-01  9.30000000e-01  1.48000000e+00  2.26074080e-03  1.21867229e+00  1.75641501e+00  8.97837669e-01  1.80964423e+00  3.42654591e+01  1.31473417e+00  5.67443552e+00 
 9.40000000e-01  9.40000000e-01  1.48000000e+00  2.26777933e-03  1.21867229e+00  1.75641501e+00  8.97837669e-01  1.80964423e+00  3.42654591e+01  1.31473417e+00  5.67443552e+00 
 9.50000000e-01  9.50000000e-01  1.48000000e+00  2.27468396e-03  1.21867229e+00  1.75641501e+00  8.97837669e-01  1.80964423e+00  3.42654591e+01  1.31473417e+00  5.67443552e+00 
 9.60000000e-01  9.60000000e-01  1.48000000e+00  2.28145993e-03  1.21867229e+00  1.75641501e+00  8.97837669e-01  1.80964423e+00  3.42654591e+01  1.31473417e+00  5.67443552e+00 
 9.70000000e-01  9.70000000e-01  1.48000000e+00  2.28811224e-03  1.21867229e+00  1.75641501e+00  8.97837669e-01  1.80964423e+00  3.42654591e+01  1.31473417e+00  5.67443552e+00 
 9.80000000e-01  9.80000000e-01  1.48000000e+00  2.29464571e-03  1.21867229e+00  1.75641501e+00  8.97837669e-01  1.80964423e+00  3.42654591e+01  1.31473417e+00  5.67443552e+00 
 9.90000000e-01  9.90000000e-01  1.48000000e+00  2.30106490e-03  1.21867229e+00  1.75641501e+00  8.97837669e-01  1.80964423e+00  3.42654591e+01  1.31473417e+00  5.67443552e+00 
 1.00000000e+00  1.00000000e+00  1.48000000e+00  2.30737421e-03  1.21867229e+00  1.75641501e+00  8.97837669e-01  1.80964423e+00  3.42654591e+01  1.31473417e+00  5.67443552e+00 
 1.01000000e+00  1.01000000e+00  1.48000000e+00  2.31357784e-03  1.21867229e+00  1.75641501e+00  8.97837669e-01  1.80964423e+00  3.42654591e+01  1.31473417e+00  5.67443552e+00 
 1.02000000e+00  1.02000000e+00  1.48000000e+00  2.31967979e-03  1.21867229e+00  1.75641501e+00  8.97837669e-01  1.80964423e+00  3.42654591e+01  1.31473417e+00  5.67443552e+00 
 1.03000000e+00  1.03000000e+00  1.48000000e+00  2.32568392e-03  1.21867229e+00  1.75641501e+00  8.97837669e-01  1.80964423e+00  3.42654591e+01  1.31473417e+00  5.67443552e+00 
 1.04000000e+00  1.04000000e+00  1.48000000e+00  2.33159388e-03  1.21867229e+00  1.75641501e+00  8.97837669e-01  1.80964423e+00  3.42654591e+01  1.31473417e+00  5.67443552e+00 
 1.05000000e+00  1.05000000e+00  1.48000000e+00  2.33741318e-03  1.21867229e+00  1.75641501e+00  8.97837669e-01  1.80964423e+00  3.42654591e+01  1.31473417e+00  5.67443552e+00 
 1.06000000e+00  1.06000000e+00  1.48000000e+00  2.34314517e-03  1.21867229e+00  1.75641501e+00  8.97837669e-01  1.80964423e+00  3.42654591e+01  1.31473417e+00  5.67443552e+00 
 1.07000000e+00  1.07000000e+00  1.48000000e+00  2.34879308e-03  1.21867229e+00  1.75641501e+00  8.97837669e-01  1.80964423e+00  3.42654591e+01  1.31473417e+00  5.67443552e+00 
 1.08000000e+00  1.08000000e+00  1.48000000e+00  2.35435995e-03  1.21867229e+00  1.75641501e+00  8.97837669e-01  1.80964423e+00  3.42654591e+01  1.31473417e+00  5.67443552e+00 
 1.09000000e+00  1.09000000e+00  1.48000000e+00  2.35984872e-03  1.21867229e+00  1.75641501e+00  8.97837669e-01  1.80964423e+00  3.42654591e+01  1.31473417e+00  5.67443552e+00 
 1.10000000e+00  1.10000000e+00  1.48000000e+00  2.36526221e-03  1.21867229e+00  1.75641501e+00  8.97837669e-01  1.80964423e+00  3.42654591e+01  1.31473417e+00  5.67443552e+00 
 1.11000000e+00  1.11000000e+00  1.48000000e+00  2.37060308e-03  1.21867229e+00  1.75641501e+00  8.97837669e-01  1.80964423e+00  3.42654591e+01  1.31473417e+00  5.67443552e+00 
 1.12000000e+00  1.12000000e+00  1.48000000e+00  2.37587390e-03  1.21867229e+00  1.75641501e+00  8.97837669e-01  1.80964423e+00  3.42654591e+01  1.31473417e+00  5.67443552e+00 
 1.13000000e+00  1.13000000e+00  1.48000000e+00  2.38107714e-03  1.21867229e+00  1.75641501e+00  8.97837669e-01  1.80964423e+00  3.42654591e+01  1.31473417e+00  5.67443552e+00 
 1.14000000e+00  1.14000000e+00  1.48000000e+00  2.38621513e-03  1.21867229e+00  1.75641501e+00  8.97837669e-01  1.80964423e+00  3.42654591e+01  1.31473417e+00  5.67443552e+00 
 1.15000000e+00  1.15000000e+00  1.48000000e+00  2.39129014e-03  1.21867229e+00  1.75641501e+00  8.97837669e-01  1.80964423e+00  3.42654591e+01  1.31473417e+00  5.67443552e+00 
 1.16000000e+00  1.16000000e+00  1.48000000e+00  2.39630431e-03  1.21867229e+00  1.75641501e+00  8.97837669e-01  1.80964423e+00  3.42654591e+01  1.31473417e+00  5.67443552e+00 
 1.17000000e+00  1.17000000e+00  1.48000000e+00  2.40125970e-03  1.21867229e+00  1.75641501e+00  8.97837669e-01  1.80964423e+00  3.42654591e+01  1.31473417e+00  5.67443552e+00 
 1.18000000e+00  1.18000000e+00  1.48000000e+00  2.40615828e-03  1.21867229e+00  1.75641501e+00  8.97837669e-01  1.80964423e+00  3.42654591e+01  1.31473417e+00  5.67443552e+00 
 1.19000000e+00  1.19000000e+00  1.48000000e+00  2.41100196e-03  1.21867229e+00  1.75641501e+00  8.97837669e-01  1.80964423e+00  3.42654591e+01  1.31473417e+00  5.67443552e+00 
 1.20000000e+00  1.20000000e+00  1.48000000e+00  2.41579254e-03  1.21867229e+00  1.75641501e+00  8.97837669e-01  1.80964423e+00  3.42654591e+01  1.31473417e+00  5.67443552e+00 
 1.21000000e+00  1.21000000e+00  1.48000000e+00  2.42053176e-03  1.21867229e+00  1.75641501e+00  8.97837669e-01  1.80964423e+00  3.42654591e+01  1.31473417e+00  5.67443552e+00 
 1.22000000e+00  1.22000000e+00  1.48000000e+00  2.42522129e-03  1.21867229e+00  1.75641501e+00  8.97837669e-01  1.80964423e+00  3.42654591e+01  1.31473417e+00  5.67443552e+00 
 1.23000000e+00  1.23000000e+00  1.48000000e+00  2.42986272e-03  1.21867229e+00  1.75641501e+00  8.97837669e-01  1.80964423e+00  3.42654591e+01  1.31473417e+00  5.67443552e+00 
 1.24000000e+00  1.24000000e+00  1.48000000e+00  2.43445758e-03  1.21867229e+00  1.75641501e+00  8.97837669e-01  1.80964423e+00  3.42654591e+01  1.31473417e+00  5.67443552e+00 
 1.25000000e+00  1.25000000e+00  1.48000000e+00  2.43900735e-03  1.21867229e+00  1.75641501e+00  8.97837669e-01  1.80964423e+00  3.42654591e+01  1.31473417e+00  5.67443552e+00 
 1.26000000e+00  1.26000000e+00  1.48000000e+00  2.44351343e-03  1.21867229e+00  1.75641501e+00  8.97837669e-01  1.80964423e+00  3.42654591e+01  1.31473417e+00  5.67443552e+00 
 1.27000000e+00  1.27000000e+00  1.48000000e+00  2.44797719e-03  1.21867229e+00  1.75641501e+00  8.97837669e-01  1.80964423e+00  3.42654591e+01  1.31473417e+00  5.67443552e+00 
 1.28000000e+00  1.28000000e+00  1.48000000e+00  2.45239992e-03  1.21867229e+00  1.75641501e+00  8.97837669e-01  1.80964423e+00  3.42654591e+01  1.31473417e+00  5.67443552e+00 
 1.29000000e+00  1.29000000e+00  1.48000000e+00  2.45678287e-03  1.21867229e+00  1.75641501e+00  8.97837669e-01  1.80964423e+00  3.42654591e+01  1.31473417e+00  5.67443552e+00 
 1.30000000e+00  1.30000000e+00  1.48000000e+00  2.46112724e-03  1.21867229e+00  1.75641501e+00  8.97837669e-01  1.80964423e+00  3.42654591e+01  1.31473417e+00  5.67443552e+00 
 1.31000000e+00  1.31000000e+00  1.48000000e+00  2.46543419e-03  1.21867229e+00  1.75641501e+00  8.97837669e-01  1.80964423e+00  3.42654591e+01  1.31473417e+00  5.67443552e+00 
 1.32000000e+00  1.32000000e+00  1.48000000e+00  2.46970482e-03  1.21867229e+00  1.75641501e+00  8.97837669e-01  1.80964423e+00  3.42654591e+01  1.31473417e+00  5.67443552e+00 
 1.33000000e+00  1.33000000e+00  1.48000000e+00  2.47394021e-03  1.21867229e+00  1.75641501e+00  8.97837669e-01  1.80964423e+00  3.42654591e+01  1.31473417e+00  5.67443552e+00 
 1.34000000e+00  1.34000000e+00  1.48000000e+00  2.47814138e-03  1.21867229e+00  1.75641501e+00  8.97837669e-01  1.80964423e+00  3.42654591e+01  1.31473417e+00  5.67443552e+00 
 1.35000000e+00  1.35000000e+00  1.48000000e+00  2.48230932e-03  1.21867229e+00  1.75641501e+00  8.97837669e-01  1.80964423e+00  3.42654591e+01  1.31473417e+00  5.67443552e+00 
 1.36000000e+00  1.36000000e+00  1.48000000e+00  2.48644497e-03  1.21867229e+00  1.75641501e+00  8.97837669e-01  1.80964423e+00  3.42654591e+01  1.31473417e+00  5.67443552e+00 
 1.37000000e+00  1.37000000e+00  1.48000000e+00  2.49054926e-03  1.21867229e+00  1.75641501e+00  8.97837669e-01  1.80964423e+00  3.42654591e+01  1.31473417e+00  5.67443552e+00 
 1.38000000e+00  1.38000000e+00  1.48000000e+00  2.49462306e-03  1.21867229e+00  1.75641501e+00  8.97837669e-01  1.80964423e+00  3.42654591e+01  1.31473417e+00  5.67443552e+00 
 1.39000000e+00  1.39000000e+00  1.48000000e+00  2.49866722e-03  1.21867229e+00  1.75641501e+00  8.97837669e-01  1.80964423e+00  3.42654591e+01  1.31473417e+00  5.67443552e+00 
 1.40000000e+00  1.40000000e+00  1.48000000e+00  2.50268257e-03  1.21867229e+00  1.75641501e+00  8.97837669e-01  1.80964423e+00  3.42654591e+01  1.31473417e+00  5.67443552e+00 
 1.41000000e+00  1.41000000e+00  1.48000000e+00  2.50666989e-03  1.21867229e+00  1.75641501e+00  8.97837669e-01  1.80964423e+00  3.42654591e+01  1.31473417e+00  5.67443552e+00 
 1.42000000e+00  1.42000000e+00  1.48000000e+00  2.51062995e-03  1.21867229e+00  1.75641501e+00  8.97837669e-01  1.80964423e+00  3.42654591e+01  1.31473417e+00  5.67443552e+00 
 1.43000000e+00  1.43000000e+00  1.48000000e+00  2.51456347e-03  1.21867229e+00  1.75641501e+00  8.97837669e-01  1.80964423e+00  3.42654591e+01  1.31473417e+00  5.67443552e+00 
 1.44000000e+00  1.44000000e+00  1.48000000e+00  2.51847116e-03  1.21867229e+00  1.75641501e+00  8.97837669e-01  1.80964423e+00  3.42654591e+01  1.31473417e+00  5.67443552e+00 
 1.45000000e+00  1.45000000e+00  1.48000000e+00  2.52235371e-03  1.21867229e+00  1.75641501e+00  8.97837669e-01  1.80964423e+00  3.42654591e+01  1.31473417e+00  5.67443552e+00 
 1.46000000e+00  1.46000000e+00  1.48000000e+00  2.52621177e-03  1.21867229e+00  1.75641501e+00  8.97837669e-01  1.80964423e+00  3.42654591e+01  1.31473417e+00  5.67443552e+00 
 1.47000000e+00  1.47000000e+00  1.48000000e+00  2.53004599e-03  1.21867229e+00  1.75641501e+00  8.97837669e-01  1.80964423e+00  3.42654591e+01  1.31473417e+00  5.67443552e+00 
 1.48000000e+00  1.48000000e+00  1.48000000e+00  2.53385698e-03  1.21867229e+00  1.75641501e+00  8.97837669e-01  1.80964423e+00  3.42654591e+01  1.31473417e+00  5.67443552e+00 
 1.49000000e+00  1.49000000e+00  1.48000000e+00  2.53764532e-03  1.21867229e+00  1.75641501e+00  8.97837669e-01  1.80964423e+00  3.42654591e+01  1.31473417e+00  5.67443552e+00 
 1.50000000e+00  1.50000000e+00  1.48000000e+00  2.54141160e-03  1.21867229e+00  1.75641501e+00  8.97837669e-01  1.80964423e+00  3.42654591e+01  1.31473417e+00  5.67443552e+00 
 1.51000000e+00  1.51000000e+00  1.48000000e+00  2.54515637e-03  1.21867229e+00  1.75641501e+00  8.97837669e-01  1.80964423e+00  3.42654591e+01  1.31473417e+00  5.67443552e+00 
 1.52000000e+00  1.52000000e+00  1.48000000e+00  2.54888017e-03  1.21867229e+00  1.75641501e+00  8.97837669e-01  1.80964423e+00  3.42654591e+01  1.31473417e+00  5.67443552e+00 
 1.53000000e+00  1.53000000e+00  1.48000000e+00  2.55258351e-03  1.21867229e+00  1.75641501e+00  8.97837669e-01  1.80964423e+00  3.42654591e+01  1.31473417e+00  5.67443552e+00 
 1.54000000e+00  1.54000000e+00  1.48000000e+00  2.55626690e-03  1.21867229e+00  1.75641501e+00  8.97837669e-01  1.80964423e+00  3.42654591e+01  1.31473417e+00  5.67443552e+00 
 1.55000000e+00  1.55000000e+00  1.48000000e+00  2.55993082e-03  1.21867229e+00  1.75641501e+00  8.97837669e-01  1.80964423e+00  3.42654591e+01  1.31473417e+00  5.67443552e+00 
 1.56000000e+00  1.56000000e+00  1.48000000e+00  2.56357574e-03  1.21867229e+00  1.75641501e+00  8.97837669e-01  1.80964423e+00  3.42654591e+01  1.31473417e+00  5.67443552e+00 
 1.57000000e+00  1.57000000e+00  1.48000000e+00  2.56720212e-03  1.21867229e+00  1.75641501e+00  8.97837669e-01  1.80964423e+00  3.42654591e+01  1.31473417e+00  5.67443552e+00 
 1.58000000e+00  1.58000000e+00  1.48000000e+00  2.57081039e-03  1.21867229e+00  1.75641501e+00  8.97837669e-01  1.80964423e+00  3.42654591e+01  1.31473417e+00  5.67443552e+00 
 1.59000000e+00  1.59000000e+00  1.48000000e+00  2.57440099e-03  1.21867229e+00  1.75641501e+00  8.97837669e-01  1.80964423e+00  3.42654591e+01  1.31473417e+00  5.67443552e+00 
 1.60000000e+00  1.60000000e+00  1.48000000e+00  2.57797432e-03  1.21867229e+00  1.75641501e+00  8.97837669e-01  1.80964423e+00  3.42654591e+01  1.31473417e+00  5.67443552e+00 
 1.61000000e+00  1.61000000e+00  1.48000000e+00  2.58153079e-03  1.21867229e+00  1.75641501e+00  8.97837669e-01  1.80964423e+00  3.42654591e+01  1.31473417e+00  5.67443552e+00 
 1.62000000e+00  1.62000000e+00  1.48000000e+00  2.58507079e-03  1.21867229e+00  1.75641501e+00  8.97837669e-01  1.80964423e+00  3.42654591e+01  1.31473417e+00  5.67443552e+00 
 1.63000000e+00  1.63000000e+00  1.48000000e+00  2.58859469e-03  1.21867229e+00  1.75641501e+00  8.97837669e-01  1.80964423e+00  3.42654591e+01  1.31473417e+00  5.67443552e+00 
 1.64000000e+00  1.64000000e+00  1.48000000e+00  2.59210285e-03  1.21867229e+00  1.75641501e+00  8.97837669e-01  1.80964423e+00  3.42654591e+01  1.31473417e+00  5.67443552e+00 
 1.65000000e+00  1.65000000e+00  1.48000000e+00  2.59559563e-03  1.21867229e+00  1.75641501e+00  8.97837669e-01  1.80964423e+00  3.42654591e+01  1.31473417e+00  5.67443552e+00 
 1.66000000e+00  1.66000000e+00  1.48000000e+00  2.59907338e-03  1.21867229e+00  1.75641501e+00  8.97837669e-01  1.80964423e+00  3.42654591e+01  1.31473417e+00  5.67443552e+00 
 1.67000000e+00  1.67000000e+00  1.48000000e+00  2.60253643e-03  1.21867229e+00  1.75641501e+00  8.97837669e-01  1.80964423e+00  3.42654591e+01  1.31473417e+00  5.67443552e+00 
 1.68000000e+00  1.68000000e+00  1.48000000e+00  2.60598510e-03  1.21867229e+00  1.75641501e+00  8.97837669e-01  1.80964423e+00  3.42654591e+01  1.31473417e+00  5.67443552e+00 
 1.69000000e+00  1.69000000e+00  1.48000000e+00  2.60941970e-03  1.21867229e+00  1.75641501e+00  8.97837669e-01  1.80964423e+00  3.42654591e+01  1.31473417e+00  5.67443552e+00 
 1.70000000e+00  1.70000000e+00  1.48000000e+00  2.61284054e-03  1.21867229e+00  1.75641501e+00  8.97837669e-01  1.80964423e+00  3.42654591e+01  1.31473417e+00  5.67443552e+00 
 1.71000000e+00  1.71000000e+00  1.48000000e+00  2.61624792e-03  1.21867229e+00  1.75641501e+00  8.97837669e-01  1.80964423e+00  3.42654591e+01  1.31473417e+00  5.67443552e+00 
 1.72000000e+00  1.72000000e+00  1.48000000e+00  2.61964212e-03  1.21867229e+00  1.75641501e+00  8.97837669e-01  1.80964423e+00  3.42654591e+01  1.31473417e+00  5.67443552e+00 
 1.73000000e+00  1.73000000e+00  1.48000000e+00  2.62302343e-03  1.21867229e+00  1.75641501e+00  8.97837669e-01  1.80964423e+00  3.42654591e+01  1.31473417e+00  5.67443552e+00 
 1.74000000e+00  1.74000000e+00  1.48000000e+00  2.62639211e-03  1.21867229e+00  1.75641501e+00  8.97837669e-01  1.80964423e+00  3.42654591e+01  1.31473417e+00  5.67443552e+00 
 1.75000000e+00  1.75000000e+00  1.48000000e+00  2.62974843e-03  1.21867229e+00  1.75641501e+00  8.97837669e-01  1.80964423e+00  3.42654591e+01  1.31473417e+00  5.67443552e+00 
 1.76000000e+00  1.76000000e+00  1.48000000e+00  2.63309265e-03  1.21867229e+00  1.75641501e+00  8.97837669e-01  1.80964423e+00  3.42654591e+01  1.31473417e+00  5.67443552e+00 
 1.77000000e+00  1.77000000e+00  1.48000000e+00  2.63642502e-03  1.21867229e+00  1.75641501e+00  8.97837669e-01  1.80964423e+00  3.42654591e+01  1.31473417e+00  5.67443552e+00 
 1.78000000e+00  1.78000000e+00  1.48000000e+00  2.63974579e-03  1.21867229e+00  1.75641501e+00  8.97837669e-01  1.80964423e+00  3.42654591e+01  1.31473417e+00  5.67443552e+00 
 1.79000000e+00  1.79000000e+00  1.48000000e+00  2.64305518e-03  1.21867229e+00  1.75641501e+00  8.97837669e-01  1.80964423e+00  3.42654591e+01  1.31473417e+00  5.67443552e+00 
 1.80000000e+00  1.80000000e+00  1.48000000e+00  2.64635344e-03  1.21867229e+00  1.75641501e+00  8.97837669e-01  1.80964423e+00  3.42654591e+01  1.31473417e+00  5.67443552e+00 
 1.81000000e+00  1.81000000e+00  1.48000000e+00  2.64964078e-03  1.21867229e+00  1.75641501e+00  8.97837669e-01  1.80964423e+00  3.42654591e+01  1.31473417e+00  5.67443552e+00 
 1.82000000e+00  1.82000000e+00  1.48000000e+00  2.65291744e-03  1.21867229e+00  1.75641501e+00  8.97837669e-01  1.80964423e+00  3.42654591e+01  1.31473417e+00  5.67443552e+00 
 1.83000000e+00  1.83000000e+00  1.48000000e+00  2.65618361e-03  1.21867229e+00  1.75641501e+00  8.97837669e-01  1.80964423e+00  3.42654591e+01  1.31473417e+00  5.67443552e+00 
 1.84000000e+00  1.84000000e+00  1.48000000e+00  2.65943952e-03  1.21867229e+00  1.75641501e+00  8.97837669e-01  1.80964423e+00  3.42654591e+01  1.31473417e+00  5.67443552e+00 
 1.85000000e+00  1.85000000e+00  1.48000000e+00  2.66268536e-03  1.21867229e+00  1.75641501e+00  8.97837669e-01  1.80964423e+00  3.42654591e+01  1.31473417e+00  5.67443552e+00 
