 0.00000000e+00  0.00000000e+00  1.48000000e+00 -3.33022013e-19  1.19640057e+00  1.80841255e+00  1.06016342e+00  1.81024904e+00  3.12363390e+01  1.33852786e+00  5.50611837e+00 
 1.00000000e-02  1.00000000e-02  1.48000000e+00  4.63894726e-05  1.19640057e+00  1.80841255e+00  1.06016342e+00  1.81024904e+00  3.12363390e+01  1.33852786e+00  5.50611837e+00 
 2.00000000e-02  2.00000000e-02  1.48000000e+00  9.23156822e-05  1.19640057e+00  1.80841255e+00  1.06016342e+00  1.81024904e+00  3.12363390e+01  1.33852786e+00  5.50611837e+00 
 3.00000000e-02  3.00000000e-02  1.48000000e+00  1.37776385e-04  1.19640057e+00  1.80841255e+00  1.06016342e+00  1.81024904e+00  3.12363390e+01  1.33852786e+00  5.50611837e+00 
 4.00000000e-02  4.00000000e-02  1.48000000e+00  1.82769320e-04  1.19640057e+00  1.80841255e+00  1.06016342e+00  1.81024904e+00  3.12363390e+01  1.33852786e+00  5.50611837e+00 
 5.00000000e-02  5.00000000e-02  1.48000000e+00  2.27292209e-04  1.19640057e+00  1.80841255e+00  1.06016342e+00  1.81024904e+00  3.12363390e+01  1.33852786e+00  5.50611837e+00 
 6.00000000e-02  6.00000000e-02  1.48000000e+00  2.71342755e-04  1.19640057e+00  1.80841255e+00  1.06016342e+00  1.81024904e+00  3.12363390e+01  1.33852786e+00  5.50611837e+00 
 7.00000000e-02  7.00000000e-02  1.48000000e+00  3.14918646e-04  1.19640057e+00  1.80841255e+00  1.06016342e+00  1.81024904e+00  3.12363390e+01  1.33852786e+00  5.50611837e+00 
 8.00000000e-02  8.00000000e-02  1.48000000e+00  3.58017550e-04  1.19640057e+00  1.80841255e+00  1.06016342e+00  1.81024904e+00  3.12363390e+01  1.33852786e+00  5.50611837e+00 
 9.00000000e-02  9.00000000e-02  1.48000000e+00  4.00637121e-04  1.19640057e+00  1.80841255e+00  1.06016342e+00  1.81024904e+00  3.12363390e+01  1.33852786e+00  5.50611837e+00 
 1.00000000e-01  1.00000000e-01  1.48000000e+00  4.42774995e-04  1.19640057e+00  1.80841255e+00  1.06016342e+00  1.81024904e+00  3.12363390e+01  1.33852786e+00  5.50611837e+00 
 1.10000000e-01  1.10000000e-01  1.48000000e+00  4.84428792e-04  1.19640057e+00  1.80841255e+00  1.06016342e+00  1.81024904e+00  3.12363390e+01  1.33852786e+00  5.50611837e+00 
 1.20000000e-01  1.20000000e-01  1.48000000e+00  5.25596119e-04  1.19640057e+00  1.80841255e+00  1.06016342e+00  1.81024904e+00  3.12363390e+01  1.33852786e+00  5.50611837e+00 
 1.30000000e-01  1.30000000e-01  1.48000000e+00  5.66274568e-04  1.19640057e+00  1.80841255e+00  1.06016342e+00  1.81024904e+00  3.12363390e+01  1.33852786e+00  5.50611837e+00 
 1.40000000e-01  1.40000000e-01  1.48000000e+00  6.06461718e-04  1.19640057e+00  1.80841255e+00  1.06016342e+00  1.81024904e+00  3.12363390e+01  1.33852786e+00  5.50611837e+00 
 1.50000000e-01  1.50000000e-01  1.48000000e+00  6.46155138e-04  1.19640057e+00  1.80841255e+00  1.06016342e+00  1.81024904e+00  3.12363390e+01  1.33852786e+00  5.50611837e+00 
 1.60000000e-01  1.60000000e-01  1.48000000e+00  6.85352387e-04  1.19640057e+00  1.80841255e+00  1.06016342e+00  1.81024904e+00  3.12363390e+01  1.33852786e+00  5.50611837e+00 
 1.70000000e-01  1.70000000e-01  1.48000000e+00  7.24051019e-04  1.19640057e+00  1.80841255e+00  1.06016342e+00  1.81024904e+00  3.12363390e+01  1.33852786e+00  5.50611837e+00 
 1.80000000e-01  1.80000000e-01  1.48000000e+00  7.62248580e-04  1.19640057e+00  1.80841255e+00  1.06016342e+00  1.81024904e+00  3.12363390e+01  1.33852786e+00  5.50611837e+00 
 1.90000000e-01  1.90000000e-01  1.48000000e+00  7.99942618e-04  1.19640057e+00  1.80841255e+00  1.06016342e+00  1.81024904e+00  3.12363390e+01  1.33852786e+00  5.50611837e+00 
 2.00000000e-01  2.00000000e-01  1.48000000e+00  8.37130680e-04  1.19640057e+00  1.80841255e+00  1.06016342e+00  1.81024904e+00  3.12363390e+01  1.33852786e+00  5.50611837e+00 
 2.10000000e-01  2.10000000e-01  1.48000000e+00  8.73810323e-04  1.19640057e+00  1.80841255e+00  1.06016342e+00  1.81024904e+00  3.12363390e+01  1.33852786e+00  5.50611837e+00 
 2.20000000e-01  2.20000000e-01  1.48000000e+00  9.09979111e-04  1.19640057e+00  1.80841255e+00  1.06016342e+00  1.81024904e+00  3.12363390e+01  1.33852786e+00  5.50611837e+00 
 2.30000000e-01  2.30000000e-01  1.48000000e+00  9.45634626e-04  1.19640057e+00  1.80841255e+00  1.06016342e+00  1.81024904e+00  3.12363390e+01  1.33852786e+00  5.50611837e+00 
 2.40000000e-01  2.40000000e-01  1.48000000e+00  9.80774471e-04  1.19640057e+00  1.80841255e+00  1.06016342e+00  1.81024904e+00  3.12363390e+01  1.33852786e+00  5.50611837e+00 
 2.50000000e-01  2.50000000e-01  1.48000000e+00  1.01539628e-03  1.19640057e+00  1.80841255e+00  1.06016342e+00  1.81024904e+00  3.12363390e+01  1.33852786e+00  5.50611837e+00 
 2.60000000e-01  2.60000000e-01  1.48000000e+00  1.04949772e-03  1.19640057e+00  1.80841255e+00  1.06016342e+00  1.81024904e+00  3.12363390e+01  1.33852786e+00  5.50611837e+00 
 2.70000000e-01  2.70000000e-01  1.48000000e+00  1.08307650e-03  1.19640057e+00  1.80841255e+00  1.06016342e+00  1.81024904e+00  3.12363390e+01  1.33852786e+00  5.50611837e+00 
 2.80000000e-01  2.80000000e-01  1.48000000e+00  1.11613040e-03  1.19640057e+00  1.80841255e+00  1.06016342e+00  1.81024904e+00  3.12363390e+01  1.33852786e+00  5.50611837e+00 
 2.90000000e-01  2.90000000e-01  1.48000000e+00  1.14865724e-03  1.19640057e+00  1.80841255e+00  1.06016342e+00  1.81024904e+00  3.12363390e+01  1.33852786e+00  5.50611837e+00 
 3.00000000e-01  3.00000000e-01  1.48000000e+00  1.18065494e-03  1.19640057e+00  1.80841255e+00  1.06016342e+00  1.81024904e+00  3.12363390e+01  1.33852786e+00  5.50611837e+00 
 3.10000000e-01  3.10000000e-01  1.48000000e+00  1.21212150e-03  1.19640057e+00  1.80841255e+00  1.06016342e+00  1.81024904e+00  3.12363390e+01  1.33852786e+00  5.50611837e+00 
 3.20000000e-01  3.20000000e-01  1.48000000e+00  1.24305502e-03  1.19640057e+00  1.80841255e+00  1.06016342e+00  1.81024904e+00  3.12363390e+01  1.33852786e+00  5.50611837e+00 
 3.30000000e-01  3.30000000e-01  1.48000000e+00  1.27345373e-03  1.19640057e+00  1.80841255e+00  1.06016342e+00  1.81024904e+00  3.12363390e+01  1.33852786e+00  5.50611837e+00 
 3.40000000e-01  3.40000000e-01  1.48000000e+00  1.30331600e-03  1.19640057e+00  1.80841255e+00  1.06016342e+00  1.81024904e+00  3.12363390e+01  1.33852786e+00  5.50611837e+00 
 3.50000000e-01  3.50000000e-01  1.48000000e+00  1.33264035e-03  1.19640057e+00  1.80841255e+00  1.06016342e+00  1.81024904e+00  3.12363390e+01  1.33852786e+00  5.50611837e+00 
 3.60000000e-01  3.60000000e-01  1.48000000e+00  1.36142546e-03  1.19640057e+00  1.80841255e+00  1.06016342e+00  1.81024904e+00  3.12363390e+01  1.33852786e+00  5.50611837e+00 
 3.70000000e-01  3.70000000e-01  1.48000000e+00  1.38967025e-03  1.19640057e+00  1.80841255e+00  1.06016342e+00  1.81024904e+00  3.12363390e+01  1.33852786e+00  5.50611837e+00 
 3.80000000e-01  3.80000000e-01  1.48000000e+00  1.41737381e-03  1.19640057e+00  1.80841255e+00  1.06016342e+00  1.81024904e+00  3.12363390e+01  1.33852786e+00  5.50611837e+00 
 3.90000000e-01  3.90000000e-01  1.48000000e+00  1.44453551e-03  1.19640057e+00  1.80841255e+00  1.06016342e+00  1.81024904e+00  3.12363390e+01  1.33852786e+00  5.50611837e+00 
 4.00000000e-01  4.00000000e-01  1.48000000e+00  1.47115497e-03  1.19640057e+00  1.80841255e+00  1.06016342e+00  1.81024904e+00  3.12363390e+01  1.33852786e+00  5.50611837e+00 
 4.10000000e-01  4.10000000e-01  1.48000000e+00  1.49723211e-03  1.19640057e+00  1.80841255e+00  1.06016342e+00  1.81024904e+00  3.12363390e+01  1.33852786e+00  5.50611837e+00 
 4.20000000e-01  4.20000000e-01  1.48000000e+00  1.52276717e-03  1.19640057e+00  1.80841255e+00  1.06016342e+00  1.81024904e+00  3.12363390e+01  1.33852786e+00  5.50611837e+00 
 4.30000000e-01  4.30000000e-01  1.48000000e+00  1.54776074e-03  1.19640057e+00  1.80841255e+00  1.06016342e+00  1.81024904e+00  3.12363390e+01  1.33852786e+00  5.50611837e+00 
 4.40000000e-01  4.40000000e-01  1.48000000e+00  1.57221378e-03  1.19640057e+00  1.80841255e+00  1.06016342e+00  1.81024904e+00  3.12363390e+01  1.33852786e+00  5.50611837e+00 
 4.50000000e-01  4.50000000e-01  1.48000000e+00  1.59612765e-03  1.19640057e+00  1.80841255e+00  1.06016342e+00  1.81024904e+00  3.12363390e+01  1.33852786e+00  5.50611837e+00 
 4.60000000e-01  4.60000000e-01  1.48000000e+00  1.61950414e-03  1.19640057e+00  1.80841255e+00  1.06016342e+00  1.81024904e+00  3.12363390e+01  1.33852786e+00  5.50611837e+00 
 4.70000000e-01  4.70000000e-01  1.48000000e+00  1.64234549e-03  1.19640057e+00  1.80841255e+00  1.06016342e+00  1.81024904e+00  3.12363390e+01  1.33852786e+00  5.50611837e+00 
 4.80000000e-01  4.80000000e-01  1.48000000e+00  1.66465441e-03  1.19640057e+00  1.80841255e+00  1.06016342e+00  1.81024904e+00  3.12363390e+01  1.33852786e+00  5.50611837e+00 
 4.90000000e-01  4.90000000e-01  1.48000000e+00  1.68643410e-03  1.19640057e+00  1.80841255e+00  1.06016342e+00  1.81024904e+00  3.12363390e+01  1.33852786e+00  5.50611837e+00 
 5.00000000e-01  5.00000000e-01  1.48000000e+00  1.70768829e-03  1.19640057e+00  1.80841255e+00  1.06016342e+00  1.81024904e+00  3.12363390e+01  1.33852786e+00  5.50611837e+00 
 5.10000000e-01  5.10000000e-01  1.48000000e+00  1.72842122e-03  1.19640057e+00  1.80841255e+00  1.06016342e+00  1.81024904e+00  3.12363390e+01  1.33852786e+00  5.50611837e+00 
 5.20000000e-01  5.20000000e-01  1.48000000e+00  1.74863767e-03  1.19640057e+00  1.80841255e+00  1.06016342e+00  1.81024904e+00  3.12363390e+01  1.33852786e+00  5.50611837e+00 
 5.30000000e-01  5.30000000e-01  1.48000000e+00  1.76834297e-03  1.19640057e+00  1.80841255e+00  1.06016342e+00  1.81024904e+00  3.12363390e+01  1.33852786e+00  5.50611837e+00 
 5.40000000e-01  5.40000000e-01  1.48000000e+00  1.78754299e-03  1.19640057e+00  1.80841255e+00  1.06016342e+00  1.81024904e+00  3.12363390e+01  1.33852786e+00  5.50611837e+00 
 5.50000000e-01  5.50000000e-01  1.48000000e+00  1.80624416e-03  1.19640057e+00  1.80841255e+00  1.06016342e+00  1.81024904e+00  3.12363390e+01  1.33852786e+00  5.50611837e+00 
 5.60000000e-01  5.60000000e-01  1.48000000e+00  1.82445342e-03  1.19640057e+00  1.80841255e+00  1.06016342e+00  1.81024904e+00  3.12363390e+01  1.33852786e+00  5.50611837e+00 
 5.70000000e-01  5.70000000e-01  1.48000000e+00  1.84217826e-03  1.19640057e+00  1.80841255e+00  1.06016342e+00  1.81024904e+00  3.12363390e+01  1.33852786e+00  5.50611837e+00 
 5.80000000e-01  5.80000000e-01  1.48000000e+00  1.85942666e-03  1.19640057e+00  1.80841255e+00  1.06016342e+00  1.81024904e+00  3.12363390e+01  1.33852786e+00  5.50611837e+00 
 5.90000000e-01  5.90000000e-01  1.48000000e+00  1.87620708e-03  1.19640057e+00  1.80841255e+00  1.06016342e+00  1.81024904e+00  3.12363390e+01  1.33852786e+00  5.50611837e+00 
 6.00000000e-01  6.00000000e-01  1.48000000e+00  1.89252844e-03  1.19640057e+00  1.80841255e+00  1.06016342e+00  1.81024904e+00  3.12363390e+01  1.33852786e+00  5.50611837e+00 
 6.10000000e-01  6.10000000e-01  1.48000000e+00  1.90840010e-03  1.19640057e+00  1.80841255e+00  1.06016342e+00  1.81024904e+00  3.12363390e+01  1.33852786e+00  5.50611837e+00 
 6.20000000e-01  6.20000000e-01  1.48000000e+00  1.92383177e-03  1.19640057e+00  1.80841255e+00  1.06016342e+00  1.81024904e+00  3.12363390e+01  1.33852786e+00  5.50611837e+00 
 6.30000000e-01  6.30000000e-01  1.48000000e+00  1.93883354e-03  1.19640057e+00  1.80841255e+00  1.06016342e+00  1.81024904e+00  3.12363390e+01  1.33852786e+00  5.50611837e+00 
 6.40000000e-01  6.40000000e-01  1.48000000e+00  1.95341579e-03  1.19640057e+00  1.80841255e+00  1.06016342e+00  1.81024904e+00  3.12363390e+01  1.33852786e+00  5.50611837e+00 
 6.50000000e-01  6.50000000e-01  1.48000000e+00  1.96758917e-03  1.19640057e+00  1.80841255e+00  1.06016342e+00  1.81024904e+00  3.12363390e+01  1.33852786e+00  5.50611837e+00 
 6.60000000e-01  6.60000000e-01  1.48000000e+00  1.98136453e-03  1.19640057e+00  1.80841255e+00  1.06016342e+00  1.81024904e+00  3.12363390e+01  1.33852786e+00  5.50611837e+00 
 6.70000000e-01  6.70000000e-01  1.48000000e+00  1.99475291e-03  1.19640057e+00  1.80841255e+00  1.06016342e+00  1.81024904e+00  3.12363390e+01  1.33852786e+00  5.50611837e+00 
 6.80000000e-01  6.80000000e-01  1.48000000e+00  2.00776546e-03  1.19640057e+00  1.80841255e+00  1.06016342e+00  1.81024904e+00  3.12363390e+01  1.33852786e+00  5.50611837e+00 
 6.90000000e-01  6.90000000e-01  1.48000000e+00  2.02041342e-03  1.19640057e+00  1.80841255e+00  1.06016342e+00  1.81024904e+00  3.12363390e+01  1.33852786e+00  5.50611837e+00 
 7.00000000e-01  7.00000000e-01  1.48000000e+00  2.03270804e-03  1.19640057e+00  1.80841255e+00  1.06016342e+00  1.81024904e+00  3.12363390e+01  1.33852786e+00  5.50611837e+00 
 7.10000000e-01  7.10000000e-01  1.48000000e+00  2.04466058e-03  1.19640057e+00  1.80841255e+00  1.06016342e+00  1.81024904e+00  3.12363390e+01  1.33852786e+00  5.50611837e+00 
 7.20000000e-01  7.20000000e-01  1.48000000e+00  2.05628227e-03  1.19640057e+00  1.80841255e+00  1.06016342e+00  1.81024904e+00  3.12363390e+01  1.33852786e+00  5.50611837e+00 
 7.30000000e-01  7.30000000e-01  1.48000000e+00  2.06758421e-03  1.19640057e+00  1.80841255e+00  1.06016342e+00  1.81024904e+00  3.12363390e+01  1.33852786e+00  5.50611837e+00 
 7.40000000e-01  7.40000000e-01  1.48000000e+00  2.07857741e-03  1.19640057e+00  1.80841255e+00  1.06016342e+00  1.81024904e+00  3.12363390e+01  1.33852786e+00  5.50611837e+00 
 7.50000000e-01  7.50000000e-01  1.48000000e+00  2.08927273e-03  1.19640057e+00  1.80841255e+00  1.06016342e+00  1.81024904e+00  3.12363390e+01  1.33852786e+00  5.50611837e+00 
 7.60000000e-01  7.60000000e-01  1.48000000e+00  2.09968083e-03  1.19640057e+00  1.80841255e+00  1.06016342e+00  1.81024904e+00  3.12363390e+01  1.33852786e+00  5.50611837e+00 
 7.70000000e-01  7.70000000e-01  1.48000000e+00  2.10981219e-03  1.19640057e+00  1.80841255e+00  1.06016342e+00  1.81024904e+00  3.12363390e+01  1.33852786e+00  5.50611837e+00 
 7.80000000e-01  7.80000000e-01  1.48000000e+00  2.11967706e-03  1.19640057e+00  1.80841255e+00  1.06016342e+00  1.81024904e+00  3.12363390e+01  1.33852786e+00  5.50611837e+00 
 7.90000000e-01  7.90000000e-01  1.48000000e+00  2.12928542e-03  1.19640057e+00  1.80841255e+00  1.06016342e+00  1.81024904e+00  3.12363390e+01  1.33852786e+00  5.50611837e+00 
 8.00000000e-01  8.00000000e-01  1.48000000e+00  2.13864701e-03  1.19640057e+00  1.80841255e+00  1.06016342e+00  1.81024904e+00  3.12363390e+01  1.33852786e+00  5.50611837e+00 
 8.10000000e-01  8.10000000e-01  1.48000000e+00  2.14777131e-03  1.19640057e+00  1.80841255e+00  1.06016342e+00  1.81024904e+00  3.12363390e+01  1.33852786e+00  5.50611837e+00 
 8.20000000e-01  8.20000000e-01  1.48000000e+00  2.15666751e-03  1.19640057e+00  1.80841255e+00  1.06016342e+00  1.81024904e+00  3.12363390e+01  1.33852786e+00  5.50611837e+00 
 8.30000000e-01  8.30000000e-01  1.48000000e+00  2.16534449e-03  1.19640057e+00  1.80841255e+00  1.06016342e+00  1.81024904e+00  3.12363390e+01  1.33852786e+00  5.50611837e+00 
 8.40000000e-01  8.40000000e-01  1.48000000e+00  2.17381087e-03  1.19640057e+00  1.80841255e+00  1.06016342e+00  1.81024904e+00  3.12363390e+01  1.33852786e+00  5.50611837e+00 
 8.50000000e-01  8.50000000e-01  1.48000000e+00  2.18207496e-03  1.19640057e+00  1.80841255e+00  1.06016342e+00  1.81024904e+00  3.12363390e+01  1.33852786e+00  5.50611837e+00 
 8.60000000e-01  8.60000000e-01  1.48000000e+00  2.19014478e-03  1.19640057e+00  1.80841255e+00  1.06016342e+00  1.81024904e+00  3.12363390e+01  1.33852786e+00  5.50611837e+00 
 8.70000000e-01  8.70000000e-01  1.48000000e+00  2.19802804e-03  1.19640057e+00  1.80841255e+00  1.06016342e+00  1.81024904e+00  3.12363390e+01  1.33852786e+00  5.50611837e+00 
 8.80000000e-01  8.80000000e-01  1.48000000e+00  2.20573219e-03  1.19640057e+00  1.80841255e+00  1.06016342e+00  1.81024904e+00  3.12363390e+01  1.33852786e+00  5.50611837e+00 
 8.90000000e-01  8.90000000e-01  1.48000000e+00  2.21326436e-03  1.19640057e+00  1.80841255e+00  1.06016342e+00  1.81024904e+00  3.12363390e+01  1.33852786e+00  5.50611837e+00 
 9.00000000e-01  9.00000000e-01  1.48000000e+00  2.22063141e-03  1.19640057e+00  1.80841255e+00  1.06016342e+00  1.81024904e+00  3.12363390e+01  1.33852786e+00  5.50611837e+00 
 9.10000000e-01  9.10000000e-01  1.48000000e+00  2.22783992e-03  1.19640057e+00  1.80841255e+00  1.06016342e+00  1.81024904e+00  3.12363390e+01  1.33852786e+00  5.50611837e+00 
 9.20000000e-01  9.20000000e-01  1.48000000e+00  2.23489622e-03  1.19640057e+00  1.80841255e+00  1.06016342e+00  1.81024904e+00  3.12363390e+01  1.33852786e+00  5.50611837e+00 
 9.30000000e-01  9.30000000e-01  1.48000000e+00  2.24180636e-03  1.19640057e+00  1.80841255e+00  1.06016342e+00  1.81024904e+00  3.12363390e+01  1.33852786e+00  5.50611837e+00 
 9.40000000e-01  9.40000000e-01  1.48000000e+00  2.24857612e-03  1.19640057e+00  1.80841255e+00  1.06016342e+00  1.81024904e+00  3.12363390e+01  1.33852786e+00  5.50611837e+00 
 9.50000000e-01  9.50000000e-01  1.48000000e+00  2.25521106e-03  1.19640057e+00  1.80841255e+00  1.06016342e+00  1.81024904e+00  3.12363390e+01  1.33852786e+00  5.50611837e+00 
 9.60000000e-01  9.60000000e-01  1.48000000e+00  2.26171649e-03  1.19640057e+00  1.80841255e+00  1.06016342e+00  1.81024904e+00  3.12363390e+01  1.33852786e+00  5.50611837e+00 
 9.70000000e-01  9.70000000e-01  1.48000000e+00  2.26809749e-03  1.19640057e+00  1.80841255e+00  1.06016342e+00  1.81024904e+00  3.12363390e+01  1.33852786e+00  5.50611837e+00 
 9.80000000e-01  9.80000000e-01  1.48000000e+00  2.27435893e-03  1.19640057e+00  1.80841255e+00  1.06016342e+00  1.81024904e+00  3.12363390e+01  1.33852786e+00  5.50611837e+00 
 9.90000000e-01  9.90000000e-01  1.48000000e+00  2.28050543e-03  1.19640057e+00  1.80841255e+00  1.06016342e+00  1.81024904e+00  3.12363390e+01  1.33852786e+00  5.50611837e+00 
 1.00000000e+00  1.00000000e+00  1.48000000e+00  2.28654146e-03  1.19640057e+00  1.80841255e+00  1.06016342e+00  1.81024904e+00  3.12363390e+01  1.33852786e+00  5.50611837e+00 
 1.01000000e+00  1.01000000e+00  1.48000000e+00  2.29247124e-03  1.19640057e+00  1.80841255e+00  1.06016342e+00  1.81024904e+00  3.12363390e+01  1.33852786e+00  5.50611837e+00 
 1.02000000e+00  1.02000000e+00  1.48000000e+00  2.29829884e-03  1.19640057e+00  1.80841255e+00  1.06016342e+00  1.81024904e+00  3.12363390e+01  1.33852786e+00  5.50611837e+00 
 1.03000000e+00  1.03000000e+00  1.48000000e+00  2.30402814e-03  1.19640057e+00  1.80841255e+00  1.06016342e+00  1.81024904e+00  3.12363390e+01  1.33852786e+00  5.50611837e+00 
 1.04000000e+00  1.04000000e+00  1.48000000e+00  2.30966284e-03  1.19640057e+00  1.80841255e+00  1.06016342e+00  1.81024904e+00  3.12363390e+01  1.33852786e+00  5.50611837e+00 
 1.05000000e+00  1.05000000e+00  1.48000000e+00  2.31520648e-03  1.19640057e+00  1.80841255e+00  1.06016342e+00  1.81024904e+00  3.12363390e+01  1.33852786e+00  5.50611837e+00 
 1.06000000e+00  1.06000000e+00  1.48000000e+00  2.32066244e-03  1.19640057e+00  1.80841255e+00  1.06016342e+00  1.81024904e+00  3.12363390e+01  1.33852786e+00  5.50611837e+00 
 1.07000000e+00  1.07000000e+00  1.48000000e+00  2.32603395e-03  1.19640057e+00  1.80841255e+00  1.06016342e+00  1.81024904e+00  3.12363390e+01  1.33852786e+00  5.50611837e+00 
 1.08000000e+00  1.08000000e+00  1.48000000e+00  2.33132411e-03  1.19640057e+00  1.80841255e+00  1.06016342e+00  1.81024904e+00  3.12363390e+01  1.33852786e+00  5.50611837e+00 
 1.09000000e+00  1.09000000e+00  1.48000000e+00  2.33653587e-03  1.19640057e+00  1.80841255e+00  1.06016342e+00  1.81024904e+00  3.12363390e+01  1.33852786e+00  5.50611837e+00 
 1.10000000e+00  1.10000000e+00  1.48000000e+00  2.34167206e-03  1.19640057e+00  1.80841255e+00  1.06016342e+00  1.81024904e+00  3.12363390e+01  1.33852786e+00  5.50611837e+00 
 1.11000000e+00  1.11000000e+00  1.48000000e+00  2.34673537e-03  1.19640057e+00  1.80841255e+00  1.06016342e+00  1.81024904e+00  3.12363390e+01  1.33852786e+00  5.50611837e+00 
 1.12000000e+00  1.12000000e+00  1.48000000e+00  2.35172838e-03  1.19640057e+00  1.80841255e+00  1.06016342e+00  1.81024904e+00  3.12363390e+01  1.33852786e+00  5.50611837e+00 
 1.13000000e+00  1.13000000e+00  1.48000000e+00  2.35665357e-03  1.19640057e+00  1.80841255e+00  1.06016342e+00  1.81024904e+00  3.12363390e+01  1.33852786e+00  5.50611837e+00 
 1.14000000e+00  1.14000000e+00  1.48000000e+00  2.36151330e-03  1.19640057e+00  1.80841255e+00  1.06016342e+00  1.81024904e+00  3.12363390e+01  1.33852786e+00  5.50611837e+00 
 1.15000000e+00  1.15000000e+00  1.48000000e+00  2.36630982e-03  1.19640057e+00  1.80841255e+00  1.06016342e+00  1.81024904e+00  3.12363390e+01  1.33852786e+00  5.50611837e+00 
 1.16000000e+00  1.16000000e+00  1.48000000e+00  2.37104530e-03  1.19640057e+00  1.80841255e+00  1.06016342e+00  1.81024904e+00  3.12363390e+01  1.33852786e+00  5.50611837e+00 
 1.17000000e+00  1.17000000e+00  1.48000000e+00  2.37572182e-03  1.19640057e+00  1.80841255e+00  1.06016342e+00  1.81024904e+00  3.12363390e+01  1.33852786e+00  5.50611837e+00 
 1.18000000e+00  1.18000000e+00  1.48000000e+00  2.38034136e-03  1.19640057e+00  1.80841255e+00  1.06016342e+00  1.81024904e+00  3.12363390e+01  1.33852786e+00  5.50611837e+00 
 1.19000000e+00  1.19000000e+00  1.48000000e+00  2.38490580e-03  1.19640057e+00  1.80841255e+00  1.06016342e+00  1.81024904e+00  3.12363390e+01  1.33852786e+00  5.50611837e+00 
 1.20000000e+00  1.20000000e+00  1.48000000e+00  2.38941699e-03  1.19640057e+00  1.80841255e+00  1.06016342e+00  1.81024904e+00  3.12363390e+01  1.33852786e+00  5.50611837e+00 
 1.21000000e+00  1.21000000e+00  1.48000000e+00  2.39387665e-03  1.19640057e+00  1.80841255e+00  1.06016342e+00  1.81024904e+00  3.12363390e+01  1.33852786e+00  5.50611837e+00 
 1.22000000e+00  1.22000000e+00  1.48000000e+00  2.39828646e-03  1.19640057e+00  1.80841255e+00  1.06016342e+00  1.81024904e+00  3.12363390e+01  1.33852786e+00  5.50611837e+00 
 1.23000000e+00  1.23000000e+00  1.48000000e+00  2.40264802e-03  1.19640057e+00  1.80841255e+00  1.06016342e+00  1.81024904e+00  3.12363390e+01  1.33852786e+00  5.50611837e+00 
 1.24000000e+00  1.24000000e+00  1.48000000e+00  2.40696287e-03  1.19640057e+00  1.80841255e+00  1.06016342e+00  1.81024904e+00  3.12363390e+01  1.33852786e+00  5.50611837e+00 
 1.25000000e+00  1.25000000e+00  1.48000000e+00  2.41123248e-03  1.19640057e+00  1.80841255e+00  1.06016342e+00  1.81024904e+00  3.12363390e+01  1.33852786e+00  5.50611837e+00 
 1.26000000e+00  1.26000000e+00  1.48000000e+00  2.41545827e-03  1.19640057e+00  1.80841255e+00  1.06016342e+00  1.81024904e+00  3.12363390e+01  1.33852786e+00  5.50611837e+00 
 1.27000000e+00  1.27000000e+00  1.48000000e+00  2.41964160e-03  1.19640057e+00  1.80841255e+00  1.06016342e+00  1.81024904e+00  3.12363390e+01  1.33852786e+00  5.50611837e+00 
 1.28000000e+00  1.28000000e+00  1.48000000e+00  2.42378377e-03  1.19640057e+00  1.80841255e+00  1.06016342e+00  1.81024904e+00  3.12363390e+01  1.33852786e+00  5.50611837e+00 
 1.29000000e+00  1.29000000e+00  1.48000000e+00  2.42788603e-03  1.19640057e+00  1.80841255e+00  1.06016342e+00  1.81024904e+00  3.12363390e+01  1.33852786e+00  5.50611837e+00 
 1.30000000e+00  1.30000000e+00  1.48000000e+00  2.43194958e-03  1.19640057e+00  1.80841255e+00  1.06016342e+00  1.81024904e+00  3.12363390e+01  1.33852786e+00  5.50611837e+00 
 1.31000000e+00  1.31000000e+00  1.48000000e+00  2.43597558e-03  1.19640057e+00  1.80841255e+00  1.06016342e+00  1.81024904e+00  3.12363390e+01  1.33852786e+00  5.50611837e+00 
 1.32000000e+00  1.32000000e+00  1.48000000e+00  2.43996515e-03  1.19640057e+00  1.80841255e+00  1.06016342e+00  1.81024904e+00  3.12363390e+01  1.33852786e+00  5.50611837e+00 
 1.33000000e+00  1.33000000e+00  1.48000000e+00  2.44391935e-03  1.19640057e+00  1.80841255e+00  1.06016342e+00  1.81024904e+00  3.12363390e+01  1.33852786e+00  5.50611837e+00 
 1.34000000e+00  1.34000000e+00  1.48000000e+00  2.44783921e-03  1.19640057e+00  1.80841255e+00  1.06016342e+00  1.81024904e+00  3.12363390e+01  1.33852786e+00  5.50611837e+00 
 1.35000000e+00  1.35000000e+00  1.48000000e+00  2.45172571e-03  1.19640057e+00  1.80841255e+00  1.06016342e+00  1.81024904e+00  3.12363390e+01  1.33852786e+00  5.50611837e+00 
 1.36000000e+00  1.36000000e+00  1.48000000e+00  2.45557982e-03  1.19640057e+00  1.80841255e+00  1.06016342e+00  1.81024904e+00  3.12363390e+01  1.33852786e+00  5.50611837e+00 
 1.37000000e+00  1.37000000e+00  1.48000000e+00  2.45940245e-03  1.19640057e+00  1.80841255e+00  1.06016342e+00  1.81024904e+00  3.12363390e+01  1.33852786e+00  5.50611837e+00 
 1.38000000e+00  1.38000000e+00  1.48000000e+00  2.46319447e-03  1.19640057e+00  1.80841255e+00  1.06016342e+00  1.81024904e+00  3.12363390e+01  1.33852786e+00  5.50611837e+00 
 1.39000000e+00  1.39000000e+00  1.48000000e+00  2.46695675e-03  1.19640057e+00  1.80841255e+00  1.06016342e+00  1.81024904e+00  3.12363390e+01  1.33852786e+00  5.50611837e+00 
 1.40000000e+00  1.40000000e+00  1.48000000e+00  2.47069009e-03  1.19640057e+00  1.80841255e+00  1.06016342e+00  1.81024904e+00  3.12363390e+01  1.33852786e+00  5.50611837e+00 
 1.41000000e+00  1.41000000e+00  1.48000000e+00  2.47439529e-03  1.19640057e+00  1.80841255e+00  1.06016342e+00  1.81024904e+00  3.12363390e+01  1.33852786e+00  5.50611837e+00 
 1.42000000e+00  1.42000000e+00  1.48000000e+00  2.47807311e-03  1.19640057e+00  1.80841255e+00  1.06016342e+00  1.81024904e+00  3.12363390e+01  1.33852786e+00  5.50611837e+00 
 1.43000000e+00  1.43000000e+00  1.48000000e+00  2.48172429e-03  1.19640057e+00  1.80841255e+00  1.06016342e+00  1.81024904e+00  3.12363390e+01  1.33852786e+00  5.50611837e+00 
 1.44000000e+00  1.44000000e+00  1.48000000e+00  2.48534952e-03  1.19640057e+00  1.80841255e+00  1.06016342e+00  1.81024904e+00  3.12363390e+01  1.33852786e+00  5.50611837e+00 
 1.45000000e+00  1.45000000e+00  1.48000000e+00  2.48894950e-03  1.19640057e+00  1.80841255e+00  1.06016342e+00  1.81024904e+00  3.12363390e+01  1.33852786e+00  5.50611837e+00 
 1.46000000e+00  1.46000000e+00  1.48000000e+00  2.49252489e-03  1.19640057e+00  1.80841255e+00  1.06016342e+00  1.81024904e+00  3.12363390e+01  1.33852786e+00  5.50611837e+00 
 1.47000000e+00  1.47000000e+00  1.48000000e+00  2.49607632e-03  1.19640057e+00  1.80841255e+00  1.06016342e+00  1.81024904e+00  3.12363390e+01  1.33852786e+00  5.50611837e+00 
 1.48000000e+00  1.48000000e+00  1.48000000e+00  2.49960440e-03  1.19640057e+00  1.80841255e+00  1.06016342e+00  1.81024904e+00  3.12363390e+01  1.33852786e+00  5.50611837e+00 
 1.49000000e+00  1.49000000e+00  1.48000000e+00  2.50310974e-03  1.19640057e+00  1.80841255e+00  1.06016342e+00  1.81024904e+00  3.12363390e+01  1.33852786e+00  5.50611837e+00 
 1.50000000e+00  1.50000000e+00  1.48000000e+00  2.50659290e-03  1.19640057e+00  1.80841255e+00  1.06016342e+00  1.81024904e+00  3.12363390e+01  1.33852786e+00  5.50611837e+00 
 1.51000000e+00  1.51000000e+00  1.48000000e+00  2.51005444e-03  1.19640057e+00  1.80841255e+00  1.06016342e+00  1.81024904e+00  3.12363390e+01  1.33852786e+00  5.50611837e+00 
 1.52000000e+00  1.52000000e+00  1.48000000e+00  2.51349490e-03  1.19640057e+00  1.80841255e+00  1.06016342e+00  1.81024904e+00  3.12363390e+01  1.33852786e+00  5.50611837e+00 
 1.53000000e+00  1.53000000e+00  1.48000000e+00  2.51691479e-03  1.19640057e+00  1.80841255e+00  1.06016342e+00  1.81024904e+00  3.12363390e+01  1.33852786e+00  5.50611837e+00 
 1.54000000e+00  1.54000000e+00  1.48000000e+00  2.52031461e-03  1.19640057e+00  1.80841255e+00  1.06016342e+00  1.81024904e+00  3.12363390e+01  1.33852786e+00  5.50611837e+00 
 1.55000000e+00  1.55000000e+00  1.48000000e+00  2.52369486e-03  1.19640057e+00  1.80841255e+00  1.06016342e+00  1.81024904e+00  3.12363390e+01  1.33852786e+00  5.50611837e+00 
 1.56000000e+00  1.56000000e+00  1.48000000e+00  2.52705600e-03  1.19640057e+00  1.80841255e+00  1.06016342e+00  1.81024904e+00  3.12363390e+01  1.33852786e+00  5.50611837e+00 
 1.57000000e+00  1.57000000e+00  1.48000000e+00  2.53039849e-03  1.19640057e+00  1.80841255e+00  1.06016342e+00  1.81024904e+00  3.12363390e+01  1.33852786e+00  5.50611837e+00 
 1.58000000e+00  1.58000000e+00  1.48000000e+00  2.53372276e-03  1.19640057e+00  1.80841255e+00  1.06016342e+00  1.81024904e+00  3.12363390e+01  1.33852786e+00  5.50611837e+00 
 1.59000000e+00  1.59000000e+00  1.48000000e+00  2.53702925e-03  1.19640057e+00  1.80841255e+00  1.06016342e+00  1.81024904e+00  3.12363390e+01  1.33852786e+00  5.50611837e+00 
 1.60000000e+00  1.60000000e+00  1.48000000e+00  2.54031836e-03  1.19640057e+00  1.80841255e+00  1.06016342e+00  1.81024904e+00  3.12363390e+01  1.33852786e+00  5.50611837e+00 
 1.61000000e+00  1.61000000e+00  1.48000000e+00  2.54359050e-03  1.19640057e+00  1.80841255e+00  1.06016342e+00  1.81024904e+00  3.12363390e+01  1.33852786e+00  5.50611837e+00 
 1.62000000e+00  1.62000000e+00  1.48000000e+00  2.54684606e-03  1.19640057e+00  1.80841255e+00  1.06016342e+00  1.81024904e+00  3.12363390e+01  1.33852786e+00  5.50611837e+00 
 1.63000000e+00  1.63000000e+00  1.48000000e+00  2.55008541e-03  1.19640057e+00  1.80841255e+00  1.06016342e+00  1.81024904e+00  3.12363390e+01  1.33852786e+00  5.50611837e+00 
 1.64000000e+00  1.64000000e+00  1.48000000e+00  2.55330891e-03  1.19640057e+00  1.80841255e+00  1.06016342e+00  1.81024904e+00  3.12363390e+01  1.33852786e+00  5.50611837e+00 
 1.65000000e+00  1.65000000e+00  1.48000000e+00  2.55651692e-03  1.19640057e+00  1.80841255e+00  1.06016342e+00  1.81024904e+00  3.12363390e+01  1.33852786e+00  5.50611837e+00 
 1.66000000e+00  1.66000000e+00  1.48000000e+00  2.55970979e-03  1.19640057e+00  1.80841255e+00  1.06016342e+00  1.81024904e+00  3.12363390e+01  1.33852786e+00  5.50611837e+00 
 1.67000000e+00  1.67000000e+00  1.48000000e+00  2.56288784e-03  1.19640057e+00  1.80841255e+00  1.06016342e+00  1.81024904e+00  3.12363390e+01  1.33852786e+00  5.50611837e+00 
 1.68000000e+00  1.68000000e+00  1.48000000e+00  2.56605140e-03  1.19640057e+00  1.80841255e+00  1.06016342e+00  1.81024904e+00  3.12363390e+01  1.33852786e+00  5.50611837e+00 
 1.69000000e+00  1.69000000e+00  1.48000000e+00  2.56920079e-03  1.19640057e+00  1.80841255e+00  1.06016342e+00  1.81024904e+00  3.12363390e+01  1.33852786e+00  5.50611837e+00 
 1.70000000e+00  1.70000000e+00  1.48000000e+00  2.57233631e-03  1.19640057e+00  1.80841255e+00  1.06016342e+00  1.81024904e+00  3.12363390e+01  1.33852786e+00  5.50611837e+00 
 1.71000000e+00  1.71000000e+00  1.48000000e+00  2.57545825e-03  1.19640057e+00  1.80841255e+00  1.06016342e+00  1.81024904e+00  3.12363390e+01  1.33852786e+00  5.50611837e+00 
 1.72000000e+00  1.72000000e+00  1.48000000e+00  2.57856691e-03  1.19640057e+00  1.80841255e+00  1.06016342e+00  1.81024904e+00  3.12363390e+01  1.33852786e+00  5.50611837e+00 
 1.73000000e+00  1.73000000e+00  1.48000000e+00  2.58166255e-03  1.19640057e+00  1.80841255e+00  1.06016342e+00  1.81024904e+00  3.12363390e+01  1.33852786e+00  5.50611837e+00 
 1.74000000e+00  1.74000000e+00  1.48000000e+00  2.58474547e-03  1.19640057e+00  1.80841255e+00  1.06016342e+00  1.81024904e+00  3.12363390e+01  1.33852786e+00  5.50611837e+00 
 1.75000000e+00  1.75000000e+00  1.48000000e+00  2.58781591e-03  1.19640057e+00  1.80841255e+00  1.06016342e+00  1.81024904e+00  3.12363390e+01  1.33852786e+00  5.50611837e+00 
 1.76000000e+00  1.76000000e+00  1.48000000e+00  2.59087414e-03  1.19640057e+00  1.80841255e+00  1.06016342e+00  1.81024904e+00  3.12363390e+01  1.33852786e+00  5.50611837e+00 
 1.77000000e+00  1.77000000e+00  1.48000000e+00  2.59392041e-03  1.19640057e+00  1.80841255e+00  1.06016342e+00  1.81024904e+00  3.12363390e+01  1.33852786e+00  5.50611837e+00 
 1.78000000e+00  1.78000000e+00  1.48000000e+00  2.59695497e-03  1.19640057e+00  1.80841255e+00  1.06016342e+00  1.81024904e+00  3.12363390e+01  1.33852786e+00  5.50611837e+00 
 1.79000000e+00  1.79000000e+00  1.48000000e+00  2.59997804e-03  1.19640057e+00  1.80841255e+00  1.06016342e+00  1.81024904e+00  3.12363390e+01  1.33852786e+00  5.50611837e+00 
 1.80000000e+00  1.80000000e+00  1.48000000e+00  2.60298986e-03  1.19640057e+00  1.80841255e+00  1.06016342e+00  1.81024904e+00  3.12363390e+01  1.33852786e+00  5.50611837e+00 
 1.81000000e+00  1.81000000e+00  1.48000000e+00  2.60599066e-03  1.19640057e+00  1.80841255e+00  1.06016342e+00  1.81024904e+00  3.12363390e+01  1.33852786e+00  5.50611837e+00 
 1.82000000e+00  1.82000000e+00  1.48000000e+00  2.60898066e-03  1.19640057e+00  1.80841255e+00  1.06016342e+00  1.81024904e+00  3.12363390e+01  1.33852786e+00  5.50611837e+00 
 1.83000000e+00  1.83000000e+00  1.48000000e+00  2.61196007e-03  1.19640057e+00  1.80841255e+00  1.06016342e+00  1.81024904e+00  3.12363390e+01  1.33852786e+00  5.50611837e+00 
 1.84000000e+00  1.84000000e+00  1.48000000e+00  2.61492910e-03  1.19640057e+00  1.80841255e+00  1.06016342e+00  1.81024904e+00  3.12363390e+01  1.33852786e+00  5.50611837e+00 
 1.85000000e+00  1.85000000e+00  1.48000000e+00  2.61788796e-03  1.19640057e+00  1.80841255e+00  1.06016342e+00  1.81024904e+00  3.12363390e+01  1.33852786e+00  5.50611837e+00 
