 0.00000000e+00  1.48000000e+00  0.00000000e+00  1.48148160e-12  1.33451683e+00  1.66368865e+00  1.03994412e+00  1.71967165e+00  2.92978497e+01  1.46789312e+00  4.88440555e+00 
 1.00000000e-02  1.48000000e+00  1.00000000e-02  1.48148160e-12  1.33451683e+00  1.66368865e+00  1.03994412e+00  1.71967165e+00  2.92978497e+01  1.46789312e+00  4.88440555e+00 
 2.00000000e-02  1.48000000e+00  2.00000000e-02  1.48148160e-12  1.33451683e+00  1.66368865e+00  1.03994412e+00  1.71967165e+00  2.92978497e+01  1.46789312e+00  4.88440555e+00 
 3.00000000e-02  1.48000000e+00  3.00000000e-02  1.48148160e-12  1.33451683e+00  1.66368865e+00  1.03994412e+00  1.71967165e+00  2.92978497e+01  1.46789312e+00  4.88440555e+00 
 4.00000000e-02  1.48000000e+00  4.00000000e-02  1.48148160e-12  1.33451683e+00  1.66368865e+00  1.03994412e+00  1.71967165e+00  2.92978497e+01  1.46789312e+00  4.88440555e+00 
 5.00000000e-02  1.48000000e+00  5.00000000e-02  1.48148160e-12  1.33451683e+00  1.66368865e+00  1.03994412e+00  1.71967165e+00  2.92978497e+01  1.46789312e+00  4.88440555e+00 
 6.00000000e-02  1.48000000e+00  6.00000000e-02  1.48148160e-12  1.33451683e+00  1.66368865e+00  1.03994412e+00  1.71967165e+00  2.92978497e+01  1.46789312e+00  4.88440555e+00 
 7.00000000e-02  1.48000000e+00  7.00000000e-02  1.48148160e-12  1.33451683e+00  1.66368865e+00  1.03994412e+00  1.71967165e+00  2.92978497e+01  1.46789312e+00  4.88440555e+00 
 8.00000000e-02  1.48000000e+00  8.00000000e-02  1.48148160e-12  1.33451683e+00  1.66368865e+00  1.03994412e+00  1.71967165e+00  2.92978497e+01  1.46789312e+00  4.88440555e+00 
 9.00000000e-02  1.48000000e+00  9.00000000e-02  1.48148160e-12  1.33451683e+00  1.66368865e+00  1.03994412e+00  1.71967165e+00  2.92978497e+01  1.46789312e+00  4.88440555e+00 
 1.00000000e-01  1.48000000e+00  1.00000000e-01  1.48148160e-12  1.33451683e+00  1.66368865e+00  1.03994412e+00  1.71967165e+00  2.92978497e+01  1.46789312e+00  4.88440555e+00 
 1.10000000e-01  1.48000000e+00  1.10000000e-01  1.48148160e-12  1.33451683e+00  1.66368865e+00  1.03994412e+00  1.71967165e+00  2.92978497e+01  1.46789312e+00  4.88440555e+00 
 1.20000000e-01  1.48000000e+00  1.20000000e-01  1.48148160e-12  1.33451683e+00  1.66368865e+00  1.03994412e+00  1.71967165e+00  2.92978497e+01  1.46789312e+00  4.88440555e+00 
 1.30000000e-01  1.48000000e+00  1.30000000e-01  1.48148160e-12  1.33451683e+00  1.66368865e+00  1.03994412e+00  1.71967165e+00  2.92978497e+01  1.46789312e+00  4.88440555e+00 
 1.40000000e-01  1.48000000e+00  1.40000000e-01  1.48148160e-12  1.33451683e+00  1.66368865e+00  1.03994412e+00  1.71967165e+00  2.92978497e+01  1.46789312e+00  4.88440555e+00 
 1.50000000e-01  1.48000000e+00  1.50000000e-01  1.48148160e-12  1.33451683e+00  1.66368865e+00  1.03994412e+00  1.71967165e+00  2.92978497e+01  1.46789312e+00  4.88440555e+00 
 1.60000000e-01  1.48000000e+00  1.60000000e-01  1.48148160e-12  1.33451683e+00  1.66368865e+00  1.03994412e+00  1.71967165e+00  2.92978497e+01  1.46789312e+00  4.88440555e+00 
 1.70000000e-01  1.48000000e+00  1.70000000e-01  1.48148160e-12  1.33451683e+00  1.66368865e+00  1.03994412e+00  1.71967165e+00  2.92978497e+01  1.46789312e+00  4.88440555e+00 
 1.80000000e-01  1.48000000e+00  1.80000000e-01  1.48148160e-12  1.33451683e+00  1.66368865e+00  1.03994412e+00  1.71967165e+00  2.92978497e+01  1.46789312e+00  4.88440555e+00 
 1.90000000e-01  1.48000000e+00  1.90000000e-01  1.48148160e-12  1.33451683e+00  1.66368865e+00  1.03994412e+00  1.71967165e+00  2.92978497e+01  1.46789312e+00  4.88440555e+00 
 2.00000000e-01  1.48000000e+00  2.00000000e-01  1.48148160e-12  1.33451683e+00  1.66368865e+00  1.03994412e+00  1.71967165e+00  2.92978497e+01  1.46789312e+00  4.88440555e+00 
 2.10000000e-01  1.48000000e+00  2.10000000e-01  1.48148160e-12  1.33451683e+00  1.66368865e+00  1.03994412e+00  1.71967165e+00  2.92978497e+01  1.46789312e+00  4.88440555e+00 
 2.20000000e-01  1.48000000e+00  2.20000000e-01  1.48148160e-12  1.33451683e+00  1.66368865e+00  1.03994412e+00  1.71967165e+00  2.92978497e+01  1.46789312e+00  4.88440555e+00 
 2.30000000e-01  1.48000000e+00  2.30000000e-01  1.48148160e-12  1.33451683e+00  1.66368865e+00  1.03994412e+00  1.71967165e+00  2.92978497e+01  1.46789312e+00  4.88440555e+00 
 2.40000000e-01  1.48000000e+00  2.40000000e-01  1.48148160e-12  1.33451683e+00  1.66368865e+00  1.03994412e+00  1.71967165e+00  2.92978497e+01  1.46789312e+00  4.88440555e+00 
 2.50000000e-01  1.48000000e+00  2.50000000e-01  1.48148160e-12  1.33451683e+00  1.66368865e+00  1.03994412e+00  1.71967165e+00  2.92978497e+01  1.46789312e+00  4.88440555e+00 
 2.60000000e-01  1.48000000e+00  2.60000000e-01  1.48148160e-12  1.33451683e+00  1.66368865e+00  1.03994412e+00  1.71967165e+00  2.92978497e+01  1.46789312e+00  4.88440555e+00 
 2.70000000e-01  1.48000000e+00  2.70000000e-01  1.48148160e-12  1.33451683e+00  1.66368865e+00  1.03994412e+00  1.71967165e+00  2.92978497e+01  1.46789312e+00  4.88440555e+00 
 2.80000000e-01  1.48000000e+00  2.80000000e-01  1.48148160e-12  1.33451683e+00  1.66368865e+00  1.03994412e+00  1.71967165e+00  2.92978497e+01  1.46789312e+00  4.88440555e+00 
 2.90000000e-01  1.48000000e+00  2.90000000e-01  1.48148160e-12  1.33451683e+00  1.66368865e+00  1.03994412e+00  1.71967165e+00  2.92978497e+01  1.46789312e+00  4.88440555e+00 
 3.00000000e-01  1.48000000e+00  3.00000000e-01  1.48148160e-12  1.33451683e+00  1.66368865e+00  1.03994412e+00  1.71967165e+00  2.92978497e+01  1.46789312e+00  4.88440555e+00 
 3.10000000e-01  1.48000000e+00  3.10000000e-01  1.48148160e-12  1.33451683e+00  1.66368865e+00  1.03994412e+00  1.71967165e+00  2.92978497e+01  1.46789312e+00  4.88440555e+00 
 3.20000000e-01  1.48000000e+00  3.20000000e-01  1.48148160e-12  1.33451683e+00  1.66368865e+00  1.03994412e+00  1.71967165e+00  2.92978497e+01  1.46789312e+00  4.88440555e+00 
 3.30000000e-01  1.48000000e+00  3.30000000e-01  1.48148160e-12  1.33451683e+00  1.66368865e+00  1.03994412e+00  1.71967165e+00  2.92978497e+01  1.46789312e+00  4.88440555e+00 
 3.40000000e-01  1.48000000e+00  3.40000000e-01  1.48148160e-12  1.33451683e+00  1.66368865e+00  1.03994412e+00  1.71967165e+00  2.92978497e+01  1.46789312e+00  4.88440555e+00 
 3.50000000e-01  1.48000000e+00  3.50000000e-01  1.48148160e-12  1.33451683e+00  1.66368865e+00  1.03994412e+00  1.71967165e+00  2.92978497e+01  1.46789312e+00  4.88440555e+00 
 3.60000000e-01  1.48000000e+00  3.60000000e-01  1.48148160e-12  1.33451683e+00  1.66368865e+00  1.03994412e+00  1.71967165e+00  2.92978497e+01  1.46789312e+00  4.88440555e+00 
 3.70000000e-01  1.48000000e+00  3.70000000e-01  1.48148160e-12  1.33451683e+00  1.66368865e+00  1.03994412e+00  1.71967165e+00  2.92978497e+01  1.46789312e+00  4.88440555e+00 
 3.80000000e-01  1.48000000e+00  3.80000000e-01  1.48148160e-12  1.33451683e+00  1.66368865e+00  1.03994412e+00  1.71967165e+00  2.92978497e+01  1.46789312e+00  4.88440555e+00 
 3.90000000e-01  1.48000000e+00  3.90000000e-01  1.48148160e-12  1.33451683e+00  1.66368865e+00  1.03994412e+00  1.71967165e+00  2.92978497e+01  1.46789312e+00  4.88440555e+00 
 4.00000000e-01  1.48000000e+00  4.00000000e-01  1.48148160e-12  1.33451683e+00  1.66368865e+00  1.03994412e+00  1.71967165e+00  2.92978497e+01  1.46789312e+00  4.88440555e+00 
 4.10000000e-01  1.48000000e+00  4.10000000e-01  1.48148160e-12  1.33451683e+00  1.66368865e+00  1.03994412e+00  1.71967165e+00  2.92978497e+01  1.46789312e+00  4.88440555e+00 
 4.20000000e-01  1.48000000e+00  4.20000000e-01  1.48148160e-12  1.33451683e+00  1.66368865e+00  1.03994412e+00  1.71967165e+00  2.92978497e+01  1.46789312e+00  4.88440555e+00 
 4.30000000e-01  1.48000000e+00  4.30000000e-01  1.48148160e-12  1.33451683e+00  1.66368865e+00  1.03994412e+00  1.71967165e+00  2.92978497e+01  1.46789312e+00  4.88440555e+00 
 4.40000000e-01  1.48000000e+00  4.40000000e-01  1.48325796e-12  1.33451683e+00  1.66368865e+00  1.03994412e+00  1.71967165e+00  2.92978497e+01  1.46789312e+00  4.88440555e+00 
 4.50000000e-01  1.48000000e+00  4.50000000e-01  1.48325796e-12  1.33451683e+00  1.66368865e+00  1.03994412e+00  1.71967165e+00  2.92978497e+01  1.46789312e+00  4.88440555e+00 
 4.60000000e-01  1.48000000e+00  4.60000000e-01  1.48681067e-12  1.33451683e+00  1.66368865e+00  1.03994412e+00  1.71967165e+00  2.92978497e+01  1.46789312e+00  4.88440555e+00 
 4.70000000e-01  1.48000000e+00  4.70000000e-01  1.49391610e-12  1.33451683e+00  1.66368865e+00  1.03994412e+00  1.71967165e+00  2.92978497e+01  1.46789312e+00  4.88440555e+00 
 4.80000000e-01  1.48000000e+00  4.80000000e-01  1.51345603e-12  1.33451683e+00  1.66368865e+00  1.03994412e+00  1.71967165e+00  2.92978497e+01  1.46789312e+00  4.88440555e+00 
 4.90000000e-01  1.48000000e+00  4.90000000e-01  1.55964130e-12  1.33451683e+00  1.66368865e+00  1.03994412e+00  1.71967165e+00  2.92978497e+01  1.46789312e+00  4.88440555e+00 
 5.00000000e-01  1.48000000e+00  5.00000000e-01  1.68398628e-12  1.33451683e+00  1.66368865e+00  1.03994412e+00  1.71967165e+00  2.92978497e+01  1.46789312e+00  4.88440555e+00 
 5.10000000e-01  1.48000000e+00  5.10000000e-01  2.00728323e-12  1.33451683e+00  1.66368865e+00  1.03994412e+00  1.71967165e+00  2.92978497e+01  1.46789312e+00  4.88440555e+00 
 5.20000000e-01  1.48000000e+00  5.20000000e-01  2.85993451e-12  1.33451683e+00  1.66368865e+00  1.03994412e+00  1.71967165e+00  2.92978497e+01  1.46789312e+00  4.88440555e+00 
 5.30000000e-01  1.48000000e+00  5.30000000e-01  5.08215692e-12  1.33451683e+00  1.66368865e+00  1.03994412e+00  1.71967165e+00  2.92978497e+01  1.46789312e+00  4.88440555e+00 
 5.40000000e-01  1.48000000e+00  5.40000000e-01  1.08535403e-11  1.33451683e+00  1.66368865e+00  1.03994412e+00  1.71967165e+00  2.92978497e+01  1.46789312e+00  4.88440555e+00 
 5.50000000e-01  1.48000000e+00  5.50000000e-01  2.57625032e-11  1.33451683e+00  1.66368865e+00  1.03994412e+00  1.71967165e+00  2.92978497e+01  1.46789312e+00  4.88440555e+00 
 5.60000000e-01  1.48000000e+00  5.60000000e-01  6.38706865e-11  1.33451683e+00  1.66368865e+00  1.03994412e+00  1.71967165e+00  2.92978497e+01  1.46789312e+00  4.88440555e+00 
 5.70000000e-01  1.48000000e+00  5.70000000e-01  1.59822378e-10  1.33451683e+00  1.66368865e+00  1.03994412e+00  1.71967165e+00  2.92978497e+01  1.46789312e+00  4.88440555e+00 
 5.80000000e-01  1.48000000e+00  5.80000000e-01  3.95866451e-10  1.33451683e+00  1.66368865e+00  1.03994412e+00  1.71967165e+00  2.92978497e+01  1.46789312e+00  4.88440555e+00 
 5.90000000e-01  1.48000000e+00  5.90000000e-01  9.57388835e-10  1.33451683e+00  1.66368865e+00  1.03994412e+00  1.71967165e+00  2.92978497e+01  1.46789312e+00  4.88440555e+00 
 6.00000000e-01  1.48000000e+00  6.00000000e-01  2.23336194e-09  1.33451683e+00  1.66368865e+00  1.03994412e+00  1.71967165e+00  2.92978497e+01  1.46789312e+00  4.88440555e+00 
 6.10000000e-01  1.48000000e+00  6.10000000e-01  4.97019492e-09  1.33451683e+00  1.66368865e+00  1.03994412e+00  1.71967165e+00  2.92978497e+01  1.46789312e+00  4.88440555e+00 
 6.20000000e-01  1.48000000e+00  6.20000000e-01  1.04693285e-08  1.33451683e+00  1.66368865e+00  1.03994412e+00  1.71967165e+00  2.92978497e+01  1.46789312e+00  4.88440555e+00 
 6.30000000e-01  1.48000000e+00  6.30000000e-01  2.08260449e-08  1.33451683e+00  1.66368865e+00  1.03994412e+00  1.71967165e+00  2.92978497e+01  1.46789312e+00  4.88440555e+00 
 6.40000000e-01  1.48000000e+00  6.40000000e-01  3.92849184e-08  1.33451683e+00  1.66368865e+00  1.03994412e+00  1.71967165e+00  2.92978497e+01  1.46789312e+00  4.88440555e+00 
 6.50000000e-01  1.48000000e+00  6.50000000e-01  7.08994818e-08  1.33451683e+00  1.66368865e+00  1.03994412e+00  1.71967165e+00  2.92978497e+01  1.46789312e+00  4.88440555e+00 
 6.60000000e-01  1.48000000e+00  6.60000000e-01  1.23748903e-07  1.33451683e+00  1.66368865e+00  1.03994412e+00  1.71967165e+00  2.92978497e+01  1.46789312e+00  4.88440555e+00 
 6.70000000e-01  1.48000000e+00  6.70000000e-01  2.11019834e-07  1.33451683e+00  1.66368865e+00  1.03994412e+00  1.71967165e+00  2.92978497e+01  1.46789312e+00  4.88440555e+00 
 6.80000000e-01  1.48000000e+00  6.80000000e-01  3.54404349e-07  1.33451683e+00  1.66368865e+00  1.03994412e+00  1.71967165e+00  2.92978497e+01  1.46789312e+00  4.88440555e+00 
 6.90000000e-01  1.48000000e+00  6.90000000e-01  5.89416700e-07  1.33451683e+00  1.66368865e+00  1.03994412e+00  1.71967165e+00  2.92978497e+01  1.46789312e+00  4.88440555e+00 
 7.00000000e-01  1.48000000e+00  7.00000000e-01  9.72974989e-07  1.33451683e+00  1.66368865e+00  1.03994412e+00  1.71967165e+00  2.92978497e+01  1.46789312e+00  4.88440555e+00 
 7.10000000e-01  1.48000000e+00  7.10000000e-01  1.59207895e-06  1.33451683e+00  1.66368865e+00  1.03994412e+00  1.71967165e+00  2.92978497e+01  1.46789312e+00  4.88440555e+00 
 7.20000000e-01  1.48000000e+00  7.20000000e-01  2.56902775e-06  1.33451683e+00  1.66368865e+00  1.03994412e+00  1.71967165e+00  2.92978497e+01  1.46789312e+00  4.88440555e+00 
 7.30000000e-01  1.48000000e+00  7.30000000e-01  4.05553179e-06  1.33451683e+00  1.66368865e+00  1.03994412e+00  1.71967165e+00  2.92978497e+01  1.46789312e+00  4.88440555e+00 
 7.40000000e-01  1.48000000e+00  7.40000000e-01  6.21146147e-06  1.33451683e+00  1.66368865e+00  1.03994412e+00  1.71967165e+00  2.92978497e+01  1.46789312e+00  4.88440555e+00 
 7.50000000e-01  1.48000000e+00  7.50000000e-01  9.17574575e-06  1.33451683e+00  1.66368865e+00  1.03994412e+00  1.71967165e+00  2.92978497e+01  1.46789312e+00  4.88440555e+00 
 7.60000000e-01  1.48000000e+00  7.60000000e-01  1.30452608e-05  1.33451683e+00  1.66368865e+00  1.03994412e+00  1.71967165e+00  2.92978497e+01  1.46789312e+00  4.88440555e+00 
 7.70000000e-01  1.48000000e+00  7.70000000e-01  1.78710592e-05  1.33451683e+00  1.66368865e+00  1.03994412e+00  1.71967165e+00  2.92978497e+01  1.46789312e+00  4.88440555e+00 
 7.80000000e-01  1.48000000e+00  7.80000000e-01  2.36681441e-05  1.33451683e+00  1.66368865e+00  1.03994412e+00  1.71967165e+00  2.92978497e+01  1.46789312e+00  4.88440555e+00 
 7.90000000e-01  1.48000000e+00  7.90000000e-01  3.04293654e-05  1.33451683e+00  1.66368865e+00  1.03994412e+00  1.71967165e+00  2.92978497e+01  1.46789312e+00  4.88440555e+00 
 8.00000000e-01  1.48000000e+00  8.00000000e-01  3.81369128e-05  1.33451683e+00  1.66368865e+00  1.03994412e+00  1.71967165e+00  2.92978497e+01  1.46789312e+00  4.88440555e+00 
 8.10000000e-01  1.48000000e+00  8.10000000e-01  4.67695350e-05  1.33451683e+00  1.66368865e+00  1.03994412e+00  1.71967165e+00  2.92978497e+01  1.46789312e+00  4.88440555e+00 
 8.20000000e-01  1.48000000e+00  8.20000000e-01  5.63061995e-05  1.33451683e+00  1.66368865e+00  1.03994412e+00  1.71967165e+00  2.92978497e+01  1.46789312e+00  4.88440555e+00 
 8.30000000e-01  1.48000000e+00  8.30000000e-01  6.67275161e-05  1.33451683e+00  1.66368865e+00  1.03994412e+00  1.71967165e+00  2.92978497e+01  1.46789312e+00  4.88440555e+00 
 8.40000000e-01  1.48000000e+00  8.40000000e-01  7.80159954e-05  1.33451683e+00  1.66368865e+00  1.03994412e+00  1.71967165e+00  2.92978497e+01  1.46789312e+00  4.88440555e+00 
 8.50000000e-01  1.48000000e+00  8.50000000e-01  9.01558033e-05  1.33451683e+00  1.66368865e+00  1.03994412e+00  1.71967165e+00  2.92978497e+01  1.46789312e+00  4.88440555e+00 
 8.60000000e-01  1.48000000e+00  8.60000000e-01  1.03132362e-04  1.33451683e+00  1.66368865e+00  1.03994412e+00  1.71967165e+00  2.92978497e+01  1.46789312e+00  4.88440555e+00 
 8.70000000e-01  1.48000000e+00  8.70000000e-01  1.16931958e-04  1.33451683e+00  1.66368865e+00  1.03994412e+00  1.71967165e+00  2.92978497e+01  1.46789312e+00  4.88440555e+00 
 8.80000000e-01  1.48000000e+00  8.80000000e-01  1.31541420e-04  1.33451683e+00  1.66368865e+00  1.03994412e+00  1.71967165e+00  2.92978497e+01  1.46789312e+00  4.88440555e+00 
 8.90000000e-01  1.48000000e+00  8.90000000e-01  1.46947866e-04  1.33451683e+00  1.66368865e+00  1.03994412e+00  1.71967165e+00  2.92978497e+01  1.46789312e+00  4.88440555e+00 
 9.00000000e-01  1.48000000e+00  9.00000000e-01  1.63138535e-04  1.33451683e+00  1.66368865e+00  1.03994412e+00  1.71967165e+00  2.92978497e+01  1.46789312e+00  4.88440555e+00 
 9.10000000e-01  1.48000000e+00  9.10000000e-01  1.80100665e-04  1.33451683e+00  1.66368865e+00  1.03994412e+00  1.71967165e+00  2.92978497e+01  1.46789312e+00  4.88440555e+00 
 9.20000000e-01  1.48000000e+00  9.20000000e-01  1.97821415e-04  1.33451683e+00  1.66368865e+00  1.03994412e+00  1.71967165e+00  2.92978497e+01  1.46789312e+00  4.88440555e+00 
 9.30000000e-01  1.48000000e+00  9.30000000e-01  2.16287823e-04  1.33451683e+00  1.66368865e+00  1.03994412e+00  1.71967165e+00  2.92978497e+01  1.46789312e+00  4.88440555e+00 
 9.40000000e-01  1.48000000e+00  9.40000000e-01  2.35486784e-04  1.33451683e+00  1.66368865e+00  1.03994412e+00  1.71967165e+00  2.92978497e+01  1.46789312e+00  4.88440555e+00 
 9.50000000e-01  1.48000000e+00  9.50000000e-01  2.55405035e-04  1.33451683e+00  1.66368865e+00  1.03994412e+00  1.71967165e+00  2.92978497e+01  1.46789312e+00  4.88440555e+00 
 9.60000000e-01  1.48000000e+00  9.60000000e-01  2.76029163e-04  1.33451683e+00  1.66368865e+00  1.03994412e+00  1.71967165e+00  2.92978497e+01  1.46789312e+00  4.88440555e+00 
 9.70000000e-01  1.48000000e+00  9.70000000e-01  2.97345606e-04  1.33451683e+00  1.66368865e+00  1.03994412e+00  1.71967165e+00  2.92978497e+01  1.46789312e+00  4.88440555e+00 
 9.80000000e-01  1.48000000e+00  9.80000000e-01  3.19340672e-04  1.33451683e+00  1.66368865e+00  1.03994412e+00  1.71967165e+00  2.92978497e+01  1.46789312e+00  4.88440555e+00 
 9.90000000e-01  1.48000000e+00  9.90000000e-01  3.42000554e-04  1.33451683e+00  1.66368865e+00  1.03994412e+00  1.71967165e+00  2.92978497e+01  1.46789312e+00  4.88440555e+00 
 1.00000000e+00  1.48000000e+00  1.00000000e+00  3.65311343e-04  1.33451683e+00  1.66368865e+00  1.03994412e+00  1.71967165e+00  2.92978497e+01  1.46789312e+00  4.88440555e+00 
 1.01000000e+00  1.48000000e+00  1.01000000e+00  3.89259047e-04  1.33451683e+00  1.66368865e+00  1.03994412e+00  1.71967165e+00  2.92978497e+01  1.46789312e+00  4.88440555e+00 
 1.02000000e+00  1.48000000e+00  1.02000000e+00  4.13829605e-04  1.33451683e+00  1.66368865e+00  1.03994412e+00  1.71967165e+00  2.92978497e+01  1.46789312e+00  4.88440555e+00 
 1.03000000e+00  1.48000000e+00  1.03000000e+00  4.39008906e-04  1.33451683e+00  1.66368865e+00  1.03994412e+00  1.71967165e+00  2.92978497e+01  1.46789312e+00  4.88440555e+00 
 1.04000000e+00  1.48000000e+00  1.04000000e+00  4.64782804e-04  1.33451683e+00  1.66368865e+00  1.03994412e+00  1.71967165e+00  2.92978497e+01  1.46789312e+00  4.88440555e+00 
 1.05000000e+00  1.48000000e+00  1.05000000e+00  4.91137132e-04  1.33451683e+00  1.66368865e+00  1.03994412e+00  1.71967165e+00  2.92978497e+01  1.46789312e+00  4.88440555e+00 
 1.06000000e+00  1.48000000e+00  1.06000000e+00  5.18057722e-04  1.33451683e+00  1.66368865e+00  1.03994412e+00  1.71967165e+00  2.92978497e+01  1.46789312e+00  4.88440555e+00 
 1.07000000e+00  1.48000000e+00  1.07000000e+00  5.45530416e-04  1.33451683e+00  1.66368865e+00  1.03994412e+00  1.71967165e+00  2.92978497e+01  1.46789312e+00  4.88440555e+00 
 1.08000000e+00  1.48000000e+00  1.08000000e+00  5.73541081e-04  1.33451683e+00  1.66368865e+00  1.03994412e+00  1.71967165e+00  2.92978497e+01  1.46789312e+00  4.88440555e+00 
 1.09000000e+00  1.48000000e+00  1.09000000e+00  6.02075620e-04  1.33451683e+00  1.66368865e+00  1.03994412e+00  1.71967165e+00  2.92978497e+01  1.46789312e+00  4.88440555e+00 
 1.10000000e+00  1.48000000e+00  1.10000000e+00  6.31119991e-04  1.33451683e+00  1.66368865e+00  1.03994412e+00  1.71967165e+00  2.92978497e+01  1.46789312e+00  4.88440555e+00 
 1.11000000e+00  1.48000000e+00  1.11000000e+00  6.60660210e-04  1.33451683e+00  1.66368865e+00  1.03994412e+00  1.71967165e+00  2.92978497e+01  1.46789312e+00  4.88440555e+00 
 1.12000000e+00  1.48000000e+00  1.12000000e+00  6.90682371e-04  1.33451683e+00  1.66368865e+00  1.03994412e+00  1.71967165e+00  2.92978497e+01  1.46789312e+00  4.88440555e+00 
 1.13000000e+00  1.48000000e+00  1.13000000e+00  7.21172648e-04  1.33451683e+00  1.66368865e+00  1.03994412e+00  1.71967165e+00  2.92978497e+01  1.46789312e+00  4.88440555e+00 
 1.14000000e+00  1.48000000e+00  1.14000000e+00  7.52117313e-04  1.33451683e+00  1.66368865e+00  1.03994412e+00  1.71967165e+00  2.92978497e+01  1.46789312e+00  4.88440555e+00 
 1.15000000e+00  1.48000000e+00  1.15000000e+00  7.83502741e-04  1.33451683e+00  1.66368865e+00  1.03994412e+00  1.71967165e+00  2.92978497e+01  1.46789312e+00  4.88440555e+00 
 1.16000000e+00  1.48000000e+00  1.16000000e+00  8.15315416e-04  1.33451683e+00  1.66368865e+00  1.03994412e+00  1.71967165e+00  2.92978497e+01  1.46789312e+00  4.88440555e+00 
 1.17000000e+00  1.48000000e+00  1.17000000e+00  8.47541947e-04  1.33451683e+00  1.66368865e+00  1.03994412e+00  1.71967165e+00  2.92978497e+01  1.46789312e+00  4.88440555e+00 
 1.18000000e+00  1.48000000e+00  1.18000000e+00  8.80169067e-04  1.33451683e+00  1.66368865e+00  1.03994412e+00  1.71967165e+00  2.92978497e+01  1.46789312e+00  4.88440555e+00 
 1.19000000e+00  1.48000000e+00  1.19000000e+00  9.13183645e-04  1.33451683e+00  1.66368865e+00  1.03994412e+00  1.71967165e+00  2.92978497e+01  1.46789312e+00  4.88440555e+00 
 1.20000000e+00  1.48000000e+00  1.20000000e+00  9.46572690e-04  1.33451683e+00  1.66368865e+00  1.03994412e+00  1.71967165e+00  2.92978497e+01  1.46789312e+00  4.88440555e+00 
 1.21000000e+00  1.48000000e+00  1.21000000e+00  9.80323359e-04  1.33451683e+00  1.66368865e+00  1.03994412e+00  1.71967165e+00  2.92978497e+01  1.46789312e+00  4.88440555e+00 
 1.22000000e+00  1.48000000e+00  1.22000000e+00  1.01442296e-03  1.33451683e+00  1.66368865e+00  1.03994412e+00  1.71967165e+00  2.92978497e+01  1.46789312e+00  4.88440555e+00 
 1.23000000e+00  1.48000000e+00  1.23000000e+00  1.04885896e-03  1.33451683e+00  1.66368865e+00  1.03994412e+00  1.71967165e+00  2.92978497e+01  1.46789312e+00  4.88440555e+00 
 1.24000000e+00  1.48000000e+00  1.24000000e+00  1.08361897e-03  1.33451683e+00  1.66368865e+00  1.03994412e+00  1.71967165e+00  2.92978497e+01  1.46789312e+00  4.88440555e+00 
 1.25000000e+00  1.48000000e+00  1.25000000e+00  1.11869080e-03  1.33451683e+00  1.66368865e+00  1.03994412e+00  1.71967165e+00  2.92978497e+01  1.46789312e+00  4.88440555e+00 
 1.26000000e+00  1.48000000e+00  1.26000000e+00  1.15406240e-03  1.33451683e+00  1.66368865e+00  1.03994412e+00  1.71967165e+00  2.92978497e+01  1.46789312e+00  4.88440555e+00 
 1.27000000e+00  1.48000000e+00  1.27000000e+00  1.18972190e-03  1.33451683e+00  1.66368865e+00  1.03994412e+00  1.71967165e+00  2.92978497e+01  1.46789312e+00  4.88440555e+00 
 1.28000000e+00  1.48000000e+00  1.28000000e+00  1.22565759e-03  1.33451683e+00  1.66368865e+00  1.03994412e+00  1.71967165e+00  2.92978497e+01  1.46789312e+00  4.88440555e+00 
 1.29000000e+00  1.48000000e+00  1.29000000e+00  1.26185797e-03  1.33451683e+00  1.66368865e+00  1.03994412e+00  1.71967165e+00  2.92978497e+01  1.46789312e+00  4.88440555e+00 
 1.30000000e+00  1.48000000e+00  1.30000000e+00  1.29831168e-03  1.33451683e+00  1.66368865e+00  1.03994412e+00  1.71967165e+00  2.92978497e+01  1.46789312e+00  4.88440555e+00 
 1.31000000e+00  1.48000000e+00  1.31000000e+00  1.33500755e-03  1.33451683e+00  1.66368865e+00  1.03994412e+00  1.71967165e+00  2.92978497e+01  1.46789312e+00  4.88440555e+00 
 1.32000000e+00  1.48000000e+00  1.32000000e+00  1.37193461e-03  1.33451683e+00  1.66368865e+00  1.03994412e+00  1.71967165e+00  2.92978497e+01  1.46789312e+00  4.88440555e+00 
 1.33000000e+00  1.48000000e+00  1.33000000e+00  1.40908204e-03  1.33451683e+00  1.66368865e+00  1.03994412e+00  1.71967165e+00  2.92978497e+01  1.46789312e+00  4.88440555e+00 
 1.34000000e+00  1.48000000e+00  1.34000000e+00  1.44643923e-03  1.33451683e+00  1.66368865e+00  1.03994412e+00  1.71967165e+00  2.92978497e+01  1.46789312e+00  4.88440555e+00 
 1.35000000e+00  1.48000000e+00  1.35000000e+00  1.48399573e-03  1.33451683e+00  1.66368865e+00  1.03994412e+00  1.71967165e+00  2.92978497e+01  1.46789312e+00  4.88440555e+00 
 1.36000000e+00  1.48000000e+00  1.36000000e+00  1.52174128e-03  1.33451683e+00  1.66368865e+00  1.03994412e+00  1.71967165e+00  2.92978497e+01  1.46789312e+00  4.88440555e+00 
 1.37000000e+00  1.48000000e+00  1.37000000e+00  1.55966580e-03  1.33451683e+00  1.66368865e+00  1.03994412e+00  1.71967165e+00  2.92978497e+01  1.46789312e+00  4.88440555e+00 
 1.38000000e+00  1.48000000e+00  1.38000000e+00  1.59775939e-03  1.33451683e+00  1.66368865e+00  1.03994412e+00  1.71967165e+00  2.92978497e+01  1.46789312e+00  4.88440555e+00 
 1.39000000e+00  1.48000000e+00  1.39000000e+00  1.63601233e-03  1.33451683e+00  1.66368865e+00  1.03994412e+00  1.71967165e+00  2.92978497e+01  1.46789312e+00  4.88440555e+00 
 1.40000000e+00  1.48000000e+00  1.40000000e+00  1.67441509e-03  1.33451683e+00  1.66368865e+00  1.03994412e+00  1.71967165e+00  2.92978497e+01  1.46789312e+00  4.88440555e+00 
 1.41000000e+00  1.48000000e+00  1.41000000e+00  1.71295830e-03  1.33451683e+00  1.66368865e+00  1.03994412e+00  1.71967165e+00  2.92978497e+01  1.46789312e+00  4.88440555e+00 
 1.42000000e+00  1.48000000e+00  1.42000000e+00  1.75163278e-03  1.33451683e+00  1.66368865e+00  1.03994412e+00  1.71967165e+00  2.92978497e+01  1.46789312e+00  4.88440555e+00 
 1.43000000e+00  1.48000000e+00  1.43000000e+00  1.79042952e-03  1.33451683e+00  1.66368865e+00  1.03994412e+00  1.71967165e+00  2.92978497e+01  1.46789312e+00  4.88440555e+00 
 1.44000000e+00  1.48000000e+00  1.44000000e+00  1.82933968e-03  1.33451683e+00  1.66368865e+00  1.03994412e+00  1.71967165e+00  2.92978497e+01  1.46789312e+00  4.88440555e+00 
 1.45000000e+00  1.48000000e+00  1.45000000e+00  1.86835460e-03  1.33451683e+00  1.66368865e+00  1.03994412e+00  1.71967165e+00  2.92978497e+01  1.46789312e+00  4.88440555e+00 
 1.46000000e+00  1.48000000e+00  1.46000000e+00  1.90746579e-03  1.33451683e+00  1.66368865e+00  1.03994412e+00  1.71967165e+00  2.92978497e+01  1.46789312e+00  4.88440555e+00 
 1.47000000e+00  1.48000000e+00  1.47000000e+00  1.94666492e-03  1.33451683e+00  1.66368865e+00  1.03994412e+00  1.71967165e+00  2.92978497e+01  1.46789312e+00  4.88440555e+00 
 1.48000000e+00  1.48000000e+00  1.48000000e+00  1.98594384e-03  1.33451683e+00  1.66368865e+00  1.03994412e+00  1.71967165e+00  2.92978497e+01  1.46789312e+00  4.88440555e+00 
 1.49000000e+00  1.48000000e+00  1.49000000e+00  2.02529454e-03  1.33451683e+00  1.66368865e+00  1.03994412e+00  1.71967165e+00  2.92978497e+01  1.46789312e+00  4.88440555e+00 
 1.50000000e+00  1.48000000e+00  1.50000000e+00  2.06470921e-03  1.33451683e+00  1.66368865e+00  1.03994412e+00  1.71967165e+00  2.92978497e+01  1.46789312e+00  4.88440555e+00 
 1.51000000e+00  1.48000000e+00  1.51000000e+00  2.10418015e-03  1.33451683e+00  1.66368865e+00  1.03994412e+00  1.71967165e+00  2.92978497e+01  1.46789312e+00  4.88440555e+00 
 1.52000000e+00  1.48000000e+00  1.52000000e+00  2.14369986e-03  1.33451683e+00  1.66368865e+00  1.03994412e+00  1.71967165e+00  2.92978497e+01  1.46789312e+00  4.88440555e+00 
 1.53000000e+00  1.48000000e+00  1.53000000e+00  2.18326098e-03  1.33451683e+00  1.66368865e+00  1.03994412e+00  1.71967165e+00  2.92978497e+01  1.46789312e+00  4.88440555e+00 
 1.54000000e+00  1.48000000e+00  1.54000000e+00  2.22285630e-03  1.33451683e+00  1.66368865e+00  1.03994412e+00  1.71967165e+00  2.92978497e+01  1.46789312e+00  4.88440555e+00 
 1.55000000e+00  1.48000000e+00  1.55000000e+00  2.26247875e-03  1.33451683e+00  1.66368865e+00  1.03994412e+00  1.71967165e+00  2.92978497e+01  1.46789312e+00  4.88440555e+00 
 1.56000000e+00  1.48000000e+00  1.56000000e+00  2.30212142e-03  1.33451683e+00  1.66368865e+00  1.03994412e+00  1.71967165e+00  2.92978497e+01  1.46789312e+00  4.88440555e+00 
 1.57000000e+00  1.48000000e+00  1.57000000e+00  2.34177756e-03  1.33451683e+00  1.66368865e+00  1.03994412e+00  1.71967165e+00  2.92978497e+01  1.46789312e+00  4.88440555e+00 
 1.58000000e+00  1.48000000e+00  1.58000000e+00  2.38144052e-03  1.33451683e+00  1.66368865e+00  1.03994412e+00  1.71967165e+00  2.92978497e+01  1.46789312e+00  4.88440555e+00 
 1.59000000e+00  1.48000000e+00  1.59000000e+00  2.42110382e-03  1.33451683e+00  1.66368865e+00  1.03994412e+00  1.71967165e+00  2.92978497e+01  1.46789312e+00  4.88440555e+00 
 1.60000000e+00  1.48000000e+00  1.60000000e+00  2.46076111e-03  1.33451683e+00  1.66368865e+00  1.03994412e+00  1.71967165e+00  2.92978497e+01  1.46789312e+00  4.88440555e+00 
 1.61000000e+00  1.48000000e+00  1.61000000e+00  2.50040617e-03  1.33451683e+00  1.66368865e+00  1.03994412e+00  1.71967165e+00  2.92978497e+01  1.46789312e+00  4.88440555e+00 
 1.62000000e+00  1.48000000e+00  1.62000000e+00  2.54003292e-03  1.33451683e+00  1.66368865e+00  1.03994412e+00  1.71967165e+00  2.92978497e+01  1.46789312e+00  4.88440555e+00 
 1.63000000e+00  1.48000000e+00  1.63000000e+00  2.57963539e-03  1.33451683e+00  1.66368865e+00  1.03994412e+00  1.71967165e+00  2.92978497e+01  1.46789312e+00  4.88440555e+00 
 1.64000000e+00  1.48000000e+00  1.64000000e+00  2.61920775e-03  1.33451683e+00  1.66368865e+00  1.03994412e+00  1.71967165e+00  2.92978497e+01  1.46789312e+00  4.88440555e+00 
 1.65000000e+00  1.48000000e+00  1.65000000e+00  2.65874429e-03  1.33451683e+00  1.66368865e+00  1.03994412e+00  1.71967165e+00  2.92978497e+01  1.46789312e+00  4.88440555e+00 
 1.66000000e+00  1.48000000e+00  1.66000000e+00  2.69823941e-03  1.33451683e+00  1.66368865e+00  1.03994412e+00  1.71967165e+00  2.92978497e+01  1.46789312e+00  4.88440555e+00 
 1.67000000e+00  1.48000000e+00  1.67000000e+00  2.73768765e-03  1.33451683e+00  1.66368865e+00  1.03994412e+00  1.71967165e+00  2.92978497e+01  1.46789312e+00  4.88440555e+00 
 1.68000000e+00  1.48000000e+00  1.68000000e+00  2.77708364e-03  1.33451683e+00  1.66368865e+00  1.03994412e+00  1.71967165e+00  2.92978497e+01  1.46789312e+00  4.88440555e+00 
 1.69000000e+00  1.48000000e+00  1.69000000e+00  2.81642213e-03  1.33451683e+00  1.66368865e+00  1.03994412e+00  1.71967165e+00  2.92978497e+01  1.46789312e+00  4.88440555e+00 
 1.70000000e+00  1.48000000e+00  1.70000000e+00  2.85569798e-03  1.33451683e+00  1.66368865e+00  1.03994412e+00  1.71967165e+00  2.92978497e+01  1.46789312e+00  4.88440555e+00 
 1.71000000e+00  1.48000000e+00  1.71000000e+00  2.89490615e-03  1.33451683e+00  1.66368865e+00  1.03994412e+00  1.71967165e+00  2.92978497e+01  1.46789312e+00  4.88440555e+00 
 1.72000000e+00  1.48000000e+00  1.72000000e+00  2.93404173e-03  1.33451683e+00  1.66368865e+00  1.03994412e+00  1.71967165e+00  2.92978497e+01  1.46789312e+00  4.88440555e+00 
 1.73000000e+00  1.48000000e+00  1.73000000e+00  2.97309986e-03  1.33451683e+00  1.66368865e+00  1.03994412e+00  1.71967165e+00  2.92978497e+01  1.46789312e+00  4.88440555e+00 
 1.74000000e+00  1.48000000e+00  1.74000000e+00  3.01207584e-03  1.33451683e+00  1.66368865e+00  1.03994412e+00  1.71967165e+00  2.92978497e+01  1.46789312e+00  4.88440555e+00 
 1.75000000e+00  1.48000000e+00  1.75000000e+00  3.05096500e-03  1.33451683e+00  1.66368865e+00  1.03994412e+00  1.71967165e+00  2.92978497e+01  1.46789312e+00  4.88440555e+00 
 1.76000000e+00  1.48000000e+00  1.76000000e+00  3.08976283e-03  1.33451683e+00  1.66368865e+00  1.03994412e+00  1.71967165e+00  2.92978497e+01  1.46789312e+00  4.88440555e+00 
 1.77000000e+00  1.48000000e+00  1.77000000e+00  3.12846485e-03  1.33451683e+00  1.66368865e+00  1.03994412e+00  1.71967165e+00  2.92978497e+01  1.46789312e+00  4.88440555e+00 
 1.78000000e+00  1.48000000e+00  1.78000000e+00  3.16706670e-03  1.33451683e+00  1.66368865e+00  1.03994412e+00  1.71967165e+00  2.92978497e+01  1.46789312e+00  4.88440555e+00 
 1.79000000e+00  1.48000000e+00  1.79000000e+00  3.20556411e-03  1.33451683e+00  1.66368865e+00  1.03994412e+00  1.71967165e+00  2.92978497e+01  1.46789312e+00  4.88440555e+00 
 1.80000000e+00  1.48000000e+00  1.80000000e+00  3.24395287e-03  1.33451683e+00  1.66368865e+00  1.03994412e+00  1.71967165e+00  2.92978497e+01  1.46789312e+00  4.88440555e+00 
 1.81000000e+00  1.48000000e+00  1.81000000e+00  3.28222888e-03  1.33451683e+00  1.66368865e+00  1.03994412e+00  1.71967165e+00  2.92978497e+01  1.46789312e+00  4.88440555e+00 
 1.82000000e+00  1.48000000e+00  1.82000000e+00  3.32038808e-03  1.33451683e+00  1.66368865e+00  1.03994412e+00  1.71967165e+00  2.92978497e+01  1.46789312e+00  4.88440555e+00 
 1.83000000e+00  1.48000000e+00  1.83000000e+00  3.35842652e-03  1.33451683e+00  1.66368865e+00  1.03994412e+00  1.71967165e+00  2.92978497e+01  1.46789312e+00  4.88440555e+00 
 1.84000000e+00  1.48000000e+00  1.84000000e+00  3.39634031e-03  1.33451683e+00  1.66368865e+00  1.03994412e+00  1.71967165e+00  2.92978497e+01  1.46789312e+00  4.88440555e+00 
 1.85000000e+00  1.48000000e+00  1.85000000e+00  3.43412563e-03  1.33451683e+00  1.66368865e+00  1.03994412e+00  1.71967165e+00  2.92978497e+01  1.46789312e+00  4.88440555e+00 
